212.993
121.517
785.543
422.279
617.853
70.5012
979.631
273.73
44.4967
486.511
230.228
902.917
988.76
270.315
399.144
768.447
280.703
190.838
501.473
549.702
113.032
518.534
202.527
206.971
368.162
940.37
423.973
18.2816
316.345
606.506
457.563
529.338
728.023
243.106
951.617
345.877
313.607
931.248
619.607
358.104
417.759
849.834
261.021
406.52
120.149
660.165
174.967
400.852
851.003
676.44
950.554
964.036
194.974
153.081
171.007
563.136
93.4505
594.98
581.418
409.796
201.486
38.9808
939.134
929.51
282.087
890.751
275.386
595.694
821.999
894.993
953.799
239.759
744.827
214.82
646.278
864.977
874.985
821.246
265.829
725.988
497.686
216.383
690.024
692.66
369.464
861.031
255.796
462.914
456.011
837.214
872.71
657.497
876.195
811.844
587.006
158.282
702.595
862.393
753.976
524.594
757.386
707.775
764.353
502.213
922.594
410.632
367.19
797.579
231.877
633.019
523.568
729.563
849.402
213.592
422.223
218.866
74.6223
678.019
681.78
530.633
515.233
554.49
188.13
391.427
366.333
775.136
549.709
68.9284
637.529
303.685
593.523
394.914
11.4599
357.876
897.127
934.054
768.508
264.317
731.633
0.384738
897.336
255.201
729.948
746.737
468.793
152.17
965.603
543.415
830.189
647.383
74.0477
345.421
201.873
262.177
736.849
568.206
37.3134
286.558
637.134
674.842
590.243
230.657
69.7566
601.703
588.533
966.884
535.757
357.041
231.201
267.39
357.426
128.537
522.591
87.3732
875.274
991.384
239.543
840.877
534.799
69.7324
488.26
608.846
415.154
690.133
871.024
152.003
258.339
908.337
438.56
895.473
583.179
28.8033
126.131
652.936
630.506
714.664
619.82
166.263
71.7049
851.021
433.654
429.131
979.558
956.245
516.504
854.833
947.629
756.047
695.71
482.428
825.78
183.97
91.2739
240.933
874.103
962.298
392.936
132.442
870.635
831.496
27.9156
453.814
860.3
154.046
106.75
490.806
868.71
726.57
657.069
940.415
577.591
90.7228
369.546
557.149
46.9678
886.05
411.981
994.597
642.097
107.691
477.024
467.877
291.662
568.298
708.81
165.765
530.596
101.746
298.207
401.231
933.242
326.122
855.045
793.542
480.169
961.794
284.348
348.879
688.364
941.417
289.295
265.955
32.1394
658.84
823.104
79.1072
544.89
235.085
73.704
186.987
342.776
550.728
654.864
634.438
119.027
363.674
800.203
649.623
465.42
98.4096
50.8534
398.662
424.532
905.898
192.204
904.701
867.692
476.551
253.58
556.056
417.968
542.874
822.011
450.107
201.715
645.114
529.215
746.605
880.199
602.919
933.592
222.976
153.647
588.456
857.413
272.674
952.129
657.616
922.297
417.549
756.026
973.15
816.211
180.558
879.048
8.41493
85.2585
746.74
484.966
338.838
302.796
902.935
881.713
124.807
353.042
83.4278
769.922
882.257
830.033
650.121
485.175
763.625
873.097
638.822
352.08
730.51
911.496
304.21
388.126
833.793
721.759
144.152
806.943
537.97
324.71
685.991
546.385
409.968
432.731
31.351
748.806
735.528
934.286
630.519
860.335
287.328
713.947
630.257
169.584
543.98
280.378
654.76
307.605
153.474
293.582
659.685
883.984
205.078
963.895
272.11
38.8714
685.653
416.262
845.814
223.623
740.972
531.805
770.007
150.94
964.537
801.358
899.746
700.065
735.644
530.265
560.399
22.9715
244.213
190.656
192.556
788.193
471.034
847.315
95.7974
624.508
140.897
755.482
508.492
345.976
719.377
780.602
384.847
405.03
196.864
230.661
628.653
937.836
762.467
398.661
88.7751
727.004
200.019
988.521
427.068
935.663
518.787
987.468
958.635
762.999
178.124
151.19
551.192
649.157
998.505
646.989
273.665
139.403
402.472
782.157
485.378
121.849
562.759
870.225
526.879
759.623
100.887
155.532
697.459
863.354
554.193
786.234
590.357
754.212
774.755
17.4255
689.875
293.541
4.89327
648.509
56.5404
183.017
799.7
607.732
832.175
798.205
254.722
105.84
937.608
657.193
887.997
422.986
779.042
450.756
293.211
305.921
210.379
394.098
461.453
907.837
257.451
15.6461
694.071
847.809
769.858
468.826
865.234
459.733
762.367
870.127
108.242
818.907
53.1445
907.942
426.639
885.319
706.147
681.361
991.159
643.755
338.554
879.155
66.7404
117.596
329.911
359.951
423.517
540.29
754.049
884.97
448.127
