71.9959
316.982
745.559
946.371
590.967
539
999.008
766.986
677.596
148.301
803.937
776.688
465.236
424.218
384.933
802.699
854.25
308.78
786.635
917.605
524.268
577.435
570.036
341.825
876.092
673.943
715.176
947.566
956.129
244.702
539.232
28.1246
561.684
284.792
974.496
152.651
823.792
973.504
919.637
501.388
121.805
723.574
278.076
587.041
147.792
663.01
389.741
2.0425
971.789
176.375
919.647
496.058
753.81
489.683
837.882
629.902
163.626
553.058
577.468
119.755
797.761
116.7
147.88
359.445
401.492
122.376
512.096
225.284
95.8794
431.733
726.671
217.684
155.307
4.74768
804.725
303.099
667.757
194.466
305.142
639.547
370.841
224.789
135.604
124.652
714.472
973.487
754.554
878.099
526.545
332.022
997.853
324.306
448.722
145.733
683.75
850.214
268.109
195.846
75.4974
363.988
