579.76
64.2343
301.33
631.023
491.46
422.42
267.936
448.709
436.387
16.6219
654.265
595.053
488.718
468.091
211.164
549.168
169.267
558
347.368
739.599
310.721
150.359
450.709
269.621
256.715
402.859
655.802
826.688
85.5602
643.729
579.855
665.32
707.963
881.185
296.343
199.424
303.605
564.279
648.133
739.992
580.9
302.398
335.045
69.6185
770.489
546.208
618.787
939.756
104.209
966.155
679.355
414.93
116.514
130.064
684.55
373.228
532.923
340.353
199.916
618.483
984.082
779.772
283.803
692.045
660.957
580.146
891.469
964.562
144.424
539.603
704.554
725.325
842
39.5989
794.943
612.49
585.807
413.73
552.246
690.016
379.885
231.601
104.946
496.398
361.665
789.496
869.627
894.588
129.849
69.5432
513.071
113.931
849.315
796.874
805.976
510.271
377.02
697.446
474.833
521.445
237.048
179.387
246.769
79.0486
218.986
41.7126
691.538
804.793
455.443
243.784
494.809
835.328
475.385
599.755
331.726
837.05
389.252
201.353
731.639
519.101
270.896
244.71
633.032
120.211
41.5843
439.008
630.482
418.605
136.454
105.316
940.049
373.502
284.703
186.819
452.551
503.689
228.531
144.089
308.483
683.974
387.873
803.292
519.301
863.258
403.047
851.027
700.309
792.299
52.3804
431.947
311.4
323.277
676.657
944.431
443.487
718.242
383.439
73.9698
136.846
519.893
179.285
76.8954
893.395
463.988
263.714
345.946
967.678
492.245
490.035
276.16
176.219
877.908
79.4527
695.52
741.166
482.5
546.548
441.475
274.799
598.928
873.422
586.199
922.205
550.08
530.63
365.692
268.321
914.069
439.662
405.167
433.962
618.948
482.063
327.357
82.9359
745.777
673.303
50.6136
238.022
163.338
326.774
414.241
41.2454
406.227
109.762
782.412
888.727
656.31
223.887
163.526
255.238
97.3089
749.725
177.443
647.389
280.355
543.135
915.71
194.424
982.797
320.877
628.387
601.745
802.94
955.744
684.681
548.717
629.047
735.294
786.739
792.385
62.0685
200.98
833.63
468.295
310.742
616.042
357.022
967.051
839.928
520.549
222.289
937.237
270.274
399.732
584.626
550.629
942.867
500.336
745.053
925.664
821.213
373.44
527.409
624.153
329.184
212.09
172.87
958.231
947.384
959.609
750.616
9.45246
160.589
584.246
477.748
471.33
200.288
834.77
438.382
40.2167
355.319
660.671
977.454
625.593
60.4025
562.08
176.222
3.26938
62.4156
921.275
928.934
883.629
294.715
456.342
507.782
623.9
668.432
680.651
582.131
615.816
640.26
332.747
625.269
800.849
916.993
103.016
272.179
117.282
937.787
710.561
157.498
293.106
371.231
134.952
918.698
431.634
697.032
94.9204
434.903
759.448
16.1958
363.837
643.076
310.911
820.179
150.858
934.811
488.611
831.509
516.942
104.427
471.77
849.689
729.696
272.618
766.682
832.712
544.798
883.964
770.499
255.358
41.4625
63.6044
626.59
176.415
982.303
58.2236
873.447
77.2233
493.127
632.895
93.4192
856.964
275.972
404.33
677.143
426.83
339.141
165.754
258.339
856.083
270.182
730.109
705.772
999.878
2.72692
472.454
832.59
547.524
356.419
603.089
802.883
397.881
666.693
429.472
574.296
648.996
487.696
447.743
726.219
980.823
80.6382
819.639
837.786
356.61
223.969
514.929
783.439
563.111
680.684
41.7784
419.194
950.865
771.887
124.966
950.743
774.614
597.42
783.333
322.138
953.839
386.421
125.021
351.72
53.1146
554.493
926.016
702.111
42.1894
373.759
428.33
23.0123
454.397
247.969
860.799
811.007
471.938
375.728
594.446
35.0486
56.4115
636.225
454.242
7.27667
408.112
579.208
958.019
182.726
176.629
741.352
504.864
130.468
127.773
629.885
482.188
180.888
184.379
408.204
882.999
226.568
781.963
311.329
249.58
236.36
559.298
110.379
47.3673
31.2359
486.107
641.814
66.2844
542.519
278.039
520.527
549.795
686.151
99.7352
507.815
868.876
276.364
249.167
373.74
406.832
376.94
3.62569
889.019
557.828
188.004
297.223
440.827
414.573
79.1859
752.156
664.153
315.546
311.454
774.532
362.913
342.69
260.639
4.7272
408.974
803.158
282.766
929.501
352.953
968.916
29.2364
860.768
837.793
305.6
109.935
211.533
712.432
486.875
215.159
601.451
44.7031
403.163
898.674
485.53
817.736
977.86
237.686
481.889
293.406
549.141
256.421
656.32
891.831
517.06
661.047
300.805
320.218
943.813
230.306
673.171
912.729
259.543
533.938
750.522
565.143
643.873
962.055
277.575
130.748
177.214
879.026
175.451
580.377
777.7
660.981
398.113
755.56
898.668
880.001
48.9665
447.808
136.422
705.286
339.639
653.482
366.333
640.444
973.699
310.146
870.75
646.87
222.875
130.292
180.809
973.397
695.435
824.682
935.452
973.01
955.429
112.665
852.036
130.88
693.042
629.736
791.861
91.1548
385.296
690.529
971.156
434.263
138.337
107.578
139.549
477.976
761.06
505.882
118.419
734.759
816.028
989.169
381.63
38.9031
119.461
562.438
12.2999
814.897
387.12
947.752
787.907
342.549
60.4168
639.943
473.429
753.459
269.679
265.291
844.614
654.975
955.82
815.77
89.2377
94.1565
923.348
228.787
572.132
684.408
734.669
690.551
419.167
550.697
679.721
800.797
589.6
799.182
363.235
601.9
614.079
750.355
549.652
401.985
92.9044
610.068
41.9281
566.334
363.527
311.607
831.624
208.141
966.582
787.444
23.9112
55.8194
881.6
947.259
284.606
453.733
631.667
19.275
144.284
50.8346
569.972
824.005
851.632
159.572
623.187
214.867
761.472
237.265
965.222
311.124
639.251
58.1267
921.193
681.179
624.46
284.72
992.786
456.085
492.861
959.367
243.529
516.773
15.1867
125.129
464.032
299.793
578.862
95.6989
319.068
723.146
146.534
889.04
547.151
998.165
48.6123
170.337
213.032
810.085
407.603
178.255
121.209
46.8533
236.381
42.4015
728.032
860.842
327.122
720.818
316.927
819.983
680.185
560.455
336.755
695.372
685.585
800.787
995.165
264.447
896.486
314.233
987.592
43.0195
203.273
534.743
41.1847
251.885
705.08
254.217
61.9697
112.683
432.472
183.179
159.536
668.853
225.58
887.568
529.695
552.702
608.386
846.622
372.685
288.571
407.077
709.44
983.943
92.6619
510.227
979.108
357.108
406.713
293.341
344.701
449.733
496.613
879.444
490.917
748.498
584.524
745.135
810.468
697.207
177.606
993.647
856.743
846.46
219.227
744.311
376.155
771.929
352.697
222.776
144.613
641.269
629.854
854.053
625.212
722.516
364.281
604.321
79.6239
770.994
897.661
424.325
220.726
394.275
303.769
711.644
142.773
888.293
456.778
953.241
585.5
634.385
946.888
442.242
480.844
166.115
186.554
856.999
938.043
539.251
79.7755
82.6566
180.52
709.629
936.71
805.732
432.145
300.99
410.053
511.769
71.9841
307.714
936.093
292.71
701.989
239.862
4.35425
844.762
128.155
461.133
798.003
713.654
95.5173
744.891
155.897
576.362
911.006
342.45
433.361
849.049
881.701
513.136
931.706
62.2213
222.765
868.416
867.954
654.91
169.406
278.006
166.679
241.39
585.721
102.772
534.101
287.71
342.634
538.455
132.472
470.788
999.588
930.475
184.443
95.105
675.366
340.339
671.467
586.372
682.789
104.827
435.421
564.491
617.963
367.127
626.712
840.729
235.543
494.666
495.639
404.949
772.672
662.317
646.34
358.393
765.089
180.441
646.102
107.723
718.896
778.574
578.512
718.484
709.048
762.954
813.589
384.414
103.293
485.055
970.786
786.083
589.883
406.208
350.573
207.846
773.335
977.285
48.5745
8.87789
471.951
544.213
413.827
244.623
206.53
60.1672
603.015
971.62
240.608
249.117
79.3429
959.504
27.6911
657.855
677.988
736.74
420.809
491.577
121.154
524.102
976.632
91.9403
310.185
566.514
498.148
660.758
774.36
271.483
638.043
822.935
280.361
109.994
367.148
694.188
354.616
573.678
754.355
957.632
545.298
994.963
206.749
624.641
954.467
234.44
282.495
632.455
971.18
703.304
124.031
92.3338
227.406
100.663
184.274
537.591
667.178
682.422
198.349
441.538
953.905
836.392
264.473
234.266
946.386
631.621
928.453
301.002
205.299
682.809
258.634
750.597
677.772
465.383
375.238
632.239
699.824
657.733
264.694
671.003
361.037
388.725
763.337
588.444
489.388
947.611
126.035
156.566
630.033
324.384
598.104
583.938
160.776
862.576
818.204
107.162
494.197
746.657
408.164
699.496
429.466
666.799
450.092
107.238
132.182
825.33
739.476
832.005
483.063
4.17005
503.009
844.101
392.895
266.346
432.544
882.283
213.958
558.579
38.8489
843.991
882.963
636.953
427.929
43.739
499.529
246.133
150.901
993.726
992.791
559.065
693.221
422.257
225.864
143.314
529.494
358.046
968.644
268.971
190.051
451.707
273.141
693.06
295.808
666.036
959.406
728.353
548.319
173.364
286.932
587.168
17.3548
169.895
224.12
445.284
213.634
723.649
691.417
364.535
717.375
684.208
923.6
410.596
106.465
149.464
553.91
635.959
507.509
522.554
904.929
697.561
974.262
178.07
390.621
270.07
844.106
350.027
998.423
392.425
523.39
285.354
979.592
540.745
455.249
203.713
986.029
668.883
927.362
677.447
33.4181
644.737
361.655
957.018
55.3328
468.119
106.482
609.243
104.078
613.991
131.797
9.00773
311.552
106.059
187.078
702.172
376.129
31.1836
52.1992
374.552
423.608
575.59
659.906
403.2
116.335
115.156
606.913
102.364
784.039
534.275
779.811
817.457
179.011
141.466
774.475
234.344
609.585
880.957
843.587
713.663
494.949
975.385
722.671
806.501
81.4438
909.749
508.673
457.573
940.933
560.873
832.125
364.541
136.462
492.031
767.741
252.797
607.187
374.654
355.161
391.226
908.929
134.972
208.683
87.9403
276.437
983.158
322.284
886.023
864.116
165.871
599.686
359.065
141.256
322.357
165.566
222.7
232.106
674.239
680.273
173.039
235.111
512.398
537.58
371.574
4.42923
305.321
624.37
611.616
679.976
979.531
2.8422
588.905
114.503
211.525
676.845
390.94
194.684
999.129
276.963
58.7997
165.001
876.649
417.864
306.257
199.006
583.43
528.957
431.113
257.669
209.23
604.152
492.78
721.628
141.732
864.354
726.057
447.053
488.724
337.673
127.029
468.256
340.515
715.934
582.759
552.041
392.779
973.699
746.724
391.908
250.662
805.524
556.909
127.311
223.388
863.166
326.318
806.819
392.123
757.431
64.4875
601.352
361.582
557.268
322.98
503.314
421.622
49.0368
950.368
910.346
386.71
77.3966
378.602
727.225
793.33
961.361
279.265
186.109
935.06
25.9897
578.018
185.722
831.514
134.927
313.033
54.9022
998.093
639.351
861.721
390.216
396.781
926.208
991.569
758.364
483.476
314.549
261.678
905.098
363.586
212.046
815.445
750.295
289.442
194.047
477.52
82.7728
155.407
756.786
268.882
90.4669
782.775
846.9
276.189
614.289
981.827
589.221
669.191
979.921
228.572
530.912
370.137
625.353
457.12
361.706
383.717
940.596
676.254
645.395
845.695
39.8399
857.441
661.139
790.135
146.883
855.186
267.655
229.656
10.5931
24.441
498.538
101.06
807.216
345.438
377.249
421.505
327.266
966.47
90.6968
307.186
195.042
621.609
677.323
820.396
78.7288
39.0291
204.113
19.3252
715.284
849.508
865.02
755.123
706.949
526.159
545.259
853.832
381.345
812.914
83.4878
391.938
837.355
582.026
492.998
644.572
927.464
870.247
66.077
254.73
836.717
156.774
561.916
31.7589
778.382
239.24
852.154
857.111
278.269
56.267
876.437
993.552
905.775
741.456
748.676
612.723
267.615
293.935
466.555
648.96
106.849
550.043
40.8986
944.204
132.069
533.897
588.775
59.5335
404.143
654.852
314.263
240.86
811.626
876.18
272.619
590.009
115.42
124.773
447.12
393.689
181.04
323.556
387.241
86.8153
65.0128
135.917
699.539
332.628
429.852
166.094
981.589
536.7
716.137
22.4873
480.904
848.206
556.384
69.6796
907.74
960.527
724.532
222.003
201.388
536.158
98.1832
474.007
126.167
213.603
598.78
573.286
607.292
779.821
896.843
994.533
866.636
961.856
130.45
566.175
294.484
560.302
732.269
276.072
97.0023
448.406
298.56
577.907
296.612
854.944
647.586
204.352
815.471
372.118
426.355
16.8587
908.276
524.539
490.865
34.4428
738.142
89.6453
607.729
345.433
869.466
504.572
339.966
736.102
466.428
470.416
302.276
760.912
30.7181
34.545
36.9841
127.72
482.951
335.544
705.627
779.563
190.488
353.213
983.915
5.95868
725.331
410.27
22.8174
633.608
934.809
513.683
668.05
672.951
603.328
275.78
18.3839
472.794
780.352
358.35
208.895
246.78
828.766
511.172
7.69112
859.485
545.717
44.6752
987.205
28.6675
380.219
692.832
808.231
570.707
46.0454
792.146
576.665
771.377
202.416
599.483
404.985
137.225
113.165
73.0351
810.176
716.493
348.815
828.56
189.287
129.167
186.91
398.182
375.946
15.6763
909.354
383.637
875.161
455.07
428.313
862.366
483.738
808.531
555.198
291.969
379.238
601.243
84.1143
955.903
372.62
286.53
555.386
777.605
423.756
668.551
850.64
233.932
385.044
199.455
62.4914
574.331
328.622
249.401
972.513
704.568
265.078
881.867
88.2051
140.238
336.938
516.518
2.60437
820.675
325.049
557.802
112.644
704.287
159.046
196.758
660.19
531.666
483.289
215.576
309.271
907.045
884.127
159.911
140.976
269.171
359.366
203.467
843.502
687.988
452.869
816.015
392.555
717.946
697.882
480.76
858.185
34.8196
997.278
860.789
855.495
322.327
418.592
968.139
26.6143
577.637
164.897
686.805
109.303
648.186
902.381
418.575
555.231
786.508
578.486
696.207
55.6786
937.852
899.674
899.181
625.839
352.543
715.196
18.3944
70.4894
413.078
499.155
928.674
447.897
496.433
789.463
303.392
818.76
208.055
271.532
845.374
785.692
436.429
532.179
894.996
84.6153
434.56
313.57
639.846
221.067
892.056
336.053
276.746
829.908
235.727
175.926
455.747
588.27
891.122
474.141
658.76
304.199
973.296
587.434
752.097
469.729
376.897
55.4893
288.489
584.952
327.021
133.863
370.645
763.45
666.042
265.641
848.065
100.602
579.211
487.911
321.669
471.267
823.964
598.415
301.175
59.6913
774.341
756.922
647.962
665.463
231.063
306.721
969.662
204.359
894.155
721.759
674.088
271.052
777.248
962.577
856.005
104.269
96.4409
226.649
867.719
762.483
492.29
715.785
863.085
71.5011
203.696
184.754
542.768
27.6601
783.169
843.943
87.3514
557.51
600.865
735.313
222.973
831.928
42.0342
192.635
36.2869
936.189
914.394
710.375
207.242
691.642
672.952
63.2464
795.912
769.393
289.896
663.631
531.877
782.186
379.416
394.962
853.687
583.112
579.716
396.455
610.772
362.885
240.398
698.123
920.395
841.263
433.436
143.368
673.191
475.47
336.003
709.478
411.66
250.397
419.853
618.901
942.039
92.8053
682.148
737.951
862.199
972.043
401.582
394.075
754.229
780.997
789.037
607.917
364.109
368.753
4.37181
974.881
731.639
244.77
673.004
652.034
86.0332
106.44
795.401
759.224
581.91
131.404
468.702
993.57
381.801
888.554
612.471
323.84
981.36
294.619
61.7901
843.558
266.662
463.372
237.634
20.8916
244.369
26.6708
628.808
608.478
395.424
633.18
583.359
127.063
877.95
256.363
779.096
963.983
362.803
574.498
723.207
944.713
705.902
191.909
938.283
87.7023
80.4633
550.754
411.542
61.823
845.373
473.332
905.381
112.035
936.704
143.015
132.927
181.073
169.686
761.735
789.551
565.11
394.915
372.909
692.172
272.865
629.272
471.269
236.848
992.074
45.7663
960.055
936.787
751.668
151.964
875.07
839.37
232.428
425.825
250.912
294.251
271.198
724.244
199.632
383.233
660.948
342.647
516.16
842.02
512.332
277.894
631.571
77.4422
672.809
4.47982
769.615
945.674
633.751
240.883
182.522
625.826
286.649
142.578
562.613
38.3173
294.542
437.683
877.688
526.97
863.508
128.6
821.22
134.705
852.843
20.8523
517.938
513.791
363.499
34.0978
355.811
875.832
311.992
987.382
953.274
984.801
991.862
722.888
930.475
625.613
963.771
112.997
251.439
250.421
255.575
814.052
288.738
550.117
251.735
166.426
77.0867
115.243
295.025
898.307
249.949
147.869
919.159
767.887
661.66
282.658
801.985
17.4709
158.49
113.977
4.85283
111.764
98.778
996.715
834.652
29.2533
622.328
798.423
142.251
873.767
48.8441
397.826
687.819
337.582
947.943
939.554
504.008
25.0295
54.7967
799.033
923.337
304.745
946.901
842.496
72.632
608.561
125.154
874.617
626.032
283.644
988.593
630.885
395.408
87.3712
627.599
230.06
116.625
249.927
28.4834
258.875
123.694
77.3275
656.701
811.512
414.91
604.644
751.066
918.917
629.674
805.863
717.95
553.01
110.608
664.852
395.506
183.24
273.413
520.66
57.8566
899.445
804.305
46.4499
530.329
199.713
133.821
157.929
429.773
250.446
407.856
458.256
509.321
531.55
535.584
166.022
343.062
950.493
770.666
94.1283
869.411
400.34
899.991
587.361
953.35
10.5992
252.213
348.856
193.839
525.625
869.517
251.696
425.07
673.821
298.146
955.399
873.534
431.967
113.328
303.307
682.413
521.184
761.563
191.734
52.734
297.147
357.756
395.796
247.64
128.422
489.925
117.051
528.762
389.916
704.412
482.112
400.515
956.624
830.969
594.354
482.25
700.485
846.05
907.32
374.306
144.196
862.719
247.841
576.163
976.047
551.148
258.575
497.231
312.711
450.309
549.965
609.858
808.065
945.762
857.498
936.487
435.686
974.549
465.249
825.602
678.961
947.361
226.117
635.585
778.33
820.471
117.835
478.815
666.521
25.1547
853.121
810.717
887.874
100.962
386.88
863.921
652.109
645.455
361.152
964.82
95.7644
911.118
574.678
903.829
856.879
432.176
840.316
292.565
406.725
305.565
118.167
85.6861
252.926
344.284
721.271
31.2558
164.756
839.107
510.071
831.277
864.261
363.192
641.994
752.135
464.154
28.8743
616.056
116.263
674.33
977.208
81.0834
770.094
888.326
655.761
673.923
745.205
87.9376
514.239
37.7702
494.663
819.804
155.938
580.349
72.73
500.222
301.62
103.986
664.978
140.727
614.056
496.254
4.9881
977.248
138.249
757.123
441.402
167.123
373.179
557.665
841.453
350.387
638.749
611.547
238.712
294.51
285.47
983.917
382.448
799.709
21.6873
877.111
619.513
177.625
457.459
692.243
677.847
759.08
796.229
342.825
899.807
410.285
839.079
904.795
387.534
977.328
661.918
828.936
144.451
35.0965
386.601
985.903
385.483
25.3502
597.45
624.196
319.86
882.92
608.113
702.308
682.63
629.8
579.419
302.143
807.425
36.8783
994.386
485.272
795.958
790.615
828.097
695.765
200.901
667.176
600.559
588.434
644.504
262.477
417.37
788.954
297.574
803.972
774.858
683.057
829.322
372.308
307.253
149.182
255.228
915.365
851.491
937.858
545.165
430.91
240.001
352.59
467.788
234.387
837.862
263.746
25.0021
665.958
959.511
225.903
333.134
560.07
814.337
977.638
822.547
231.708
766.592
120.121
35.6794
541.45
803.178
865.001
913.758
110.431
14.1837
168.986
25.7956
865.674
106.844
570.961
296.584
346.845
923.551
764.372
581.232
761.412
28.1177
606.234
427.371
987.628
832.137
760.505
547.698
646.474
738.143
370.246
878.182
504.735
490.367
913.861
46.185
293.545
778.862
959.943
403.975
793.046
128.929
429.771
658.721
235.773
0.731488
955.304
582.618
924.282
719.676
163.851
685.695
747.794
770.085
113.065
735.422
602.222
873.571
283.121
248.696
611.714
653.366
126.878
116.449
143.733
40.739
162.634
437.278
819.601
122.577
841.253
612.648
251.506
271.024
271.368
487.279
271.755
226.673
69.8971
196.037
946.349
233.748
881.732
694.143
3.83263
994.797
429.565
606.055
868.368
712.685
854.751
480.082
366.052
981.628
596.53
509.785
22.3675
759.164
947.062
841.969
881.741
788.315
454.616
133.246
59.3388
725.985
620.525
331.094
952.657
690.422
527.131
899.006
924.17
408.863
593.149
928.003
403.66
22.7134
534.057
272.028
735.399
388.808
752.109
101.451
370.436
348.64
611.235
392.804
107.804
558.298
234.773
989.545
346.613
689.389
122.791
405.952
415.374
743.316
737.046
368.031
433.738
264.177
267.037
357.908
673.039
860.185
285.911
76.6994
882.899
819.968
348.727
618.298
208.776
100.837
719.748
579.212
449.476
330.984
972.016
557.28
889.281
206.788
546.825
235.894
896.177
669.616
641.846
311.551
412.932
378.892
679.582
846.67
643.068
946.619
204.579
316.108
806.804
490.49
392.807
689.703
310.457
741.534
308.001
519.233
842.371
27.7493
98.4452
291.847
358.733
70.4609
849.128
248.015
277.249
395.953
483.909
173.427
65.5688
125.755
484.978
478.501
504.647
164.56
325.171
147.715
111.179
529.75
463.823
917.983
20.2396
856.63
607.686
330.697
598.165
915.687
849.93
440.536
943.436
948.376
732.383
302.169
18.8365
581.511
550.184
296.086
977.464
34.0929
469.512
43.0325
159.848
954.49
521.533
664.495
119.05
846.705
812.21
230.229
376.455
276.033
148.212
396.695
132.663
755.898
727.392
730.827
671.585
577.322
171.363
615.021
525.697
903.746
917.191
544.534
485.257
467.375
840.62
462.721
501.467
310.132
505.753
661.315
264.622
27.2866
325.81
383.672
873.991
138.02
613.901
250.446
414.052
762.113
647.141
546.715
518.01
374.533
277.542
189.595
951.854
448.905
804.616
477.552
352.651
721.807
22.0858
837.908
189.182
862.705
300.629
690.649
172.838
806.382
351.964
437.46
833.668
677.774
821.132
707.66
815.794
435.033
958.106
229.846
197.146
605.247
776.561
715.157
979.78
54.1035
904.752
931.634
503.009
709.368
409.186
855.66
431.175
431.272
693.568
620.357
293.977
994.196
311.006
466.815
800.578
662.97
904.275
634.246
340.744
725.407
341.906
156.538
160.441
300.012
386.384
357.587
905.26
162.946
72.7434
885.039
217.049
977.495
816.674
720.058
686.863
225.86
575.717
118.039
657.132
269.285
738.395
951.109
263.481
49.4009
417.924
64.0593
712.371
322.199
698.306
53.115
47.6065
40.2117
209.653
208.047
340.224
596.038
565.634
245.484
758.983
638.377
130.523
976.033
615.873
947.197
696.09
302.736
173.056
271.808
420.775
830.188
541.093
159.17
781.297
804.574
208.571
199.221
868.633
920.942
521.42
566.939
974.057
569.027
607.151
183.71
777.074
947.375
779.748
342.708
192.859
538.731
981.086
323.382
514.764
596.958
270.578
210.854
899.694
443.634
482.662
320.469
273.822
23.7548
479.639
55.1192
828.329
688.21
254.34
696.962
609.151
775.761
263.901
583.208
344.788
871.052
766.918
121.862
818.427
546.666
464.57
11.2858
85.3966
445.655
334.667
600.16
42.6135
605.246
811.014
942.308
48.88
293.676
262.777
322.702
317.431
742.415
377.821
145.76
430.625
632.162
842.723
39.7764
407.923
106.624
622.984
752.71
977.676
389.902
874.572
796.104
936.568
339.141
807.389
21.9645
784.797
142.057
622.125
827.41
747.302
433.139
769.718
796.182
726.815
32.4944
118.885
44.2465
774.91
496.706
190.007
205.535
128.868
32.7291
245.311
536.79
139.353
868.296
289.501
117.03
258.198
164.072
913.133
194.766
503.214
720.522
216.731
288.01
862.579
838.855
115.421
609.882
271.994
885.138
406.064
998.81
917.633
524.949
43.0563
692.543
21.6547
233.063
898.078
150.523
265.792
143.389
687.313
405.145
11.6843
976.813
522.175
269.882
140.886
435.308
464.648
644.099
155.83
681.379
932.11
18.4093
520.234
47.5302
628.291
792.229
932.669
34.3549
791.038
850.302
559.303
834.095
542.844
580.958
67.1575
440.922
731.481
332.949
584.311
418.794
738.095
595.995
395.607
260.269
865.877
536.493
695.577
330.525
180.592
851.407
11.9042
112.702
869.817
532.138
160.232
498.108
324.367
92.9007
532.462
115.405
943.202
91.7658
949.5
486.047
672.724
16.6572
926.968
404.205
349.607
511.279
822.998
87.7014
107.274
218.605
347.971
973.151
755.098
43.5479
303.676
935.69
894.955
315.58
48.3919
764.772
847.719
208.624
262.879
172.085
301.525
795.342
287.49
244.727
887.108
236.99
730.774
559.831
253.647
657.742
964.036
603.254
169.021
787.034
690.955
276.295
5.63937
38.9262
249.446
760.737
82.474
553.122
696.428
977.429
868.702
744.819
742.201
716.421
953.443
5.08044
888.506
254.968
800.422
175.997
499.695
687.53
412.987
230.469
247.361
666.634
888.211
211.397
269.888
57.2317
998.431
960.844
333.526
4.07077
999.77
582.972
764.808
82.2437
136.094
461.236
59.673
4.79596
206.055
801.874
721.217
159.498
806.954
609.723
414.466
607.377
785.719
914.161
294.906
198.706
144.63
542.268
865.34
32.8408
753.665
135.228
90.0726
752.096
96.0719
423.599
756.167
95.8416
6.57108
520.975
178.085
142.665
982.211
237.758
147.461
188.266
39.6323
868.678
347.764
846.587
478.4
762.231
453.963
264.12
676.392
748.87
462.826
821.022
291.138
328.166
853.863
44.8026
463.394
943.936
796.899
559.466
367.535
553.066
655.308
374.106
74.0414
833.393
516.771
56.2523
71.1513
664.232
244.518
110.784
532.909
592.283
957.37
11.3097
354.514
411.334
275.429
30.9059
160.204
738.255
851.928
451.341
66.4212
705.792
496.144
529.816
649.728
293.043
89.2817
17.2625
846.109
744.589
391.369
920.151
577.983
908.139
976.403
649.134
572.371
220.921
759.917
105.28
813.204
717.288
116.59
167.717
128.622
392.02
198.623
288.826
130.275
50.5517
740.167
196.696
756.343
236.311
726.511
406.071
529.354
815.793
423.334
375.463
560.383
814.702
295.614
138.365
722.842
272.017
787.499
295.213
492.938
547.416
400.493
306.142
264.704
517.083
473.859
393.326
909.103
672.483
682.152
39.3775
723.034
422.319
236.073
479.378
658.63
962.585
885.449
187.984
778.378
308.782
563.448
338.761
123.485
859.062
477.126
846.326
131.079
264.625
141.539
624.017
812.041
542.032
930.159
76.7454
59.1152
404.018
470.071
968.218
76.5007
152.223
7.59557
799.535
574.542
243.669
278.913
233.172
206.254
164.362
421.156
984.632
473.144
984.604
323.392
596.629
843.666
800.518
442.955
974.744
65.1429
584.494
598.761
877.184
126.526
528.92
953.929
185.641
932.938
424.001
153.859
9.43829
576.224
161.454
808.973
150.766
405.123
87.8863
383.937
611.377
252.248
805.093
596.009
725.392
789.697
919.401
322.021
633.363
719.92
764.976
608.107
785.063
349.47
206.868
662.247
475.995
735.788
616.176
661.636
668.726
40.1768
815.495
678.164
616.401
976.949
487.137
767.166
382.073
575.024
151.104
993.45
827.272
956.197
589.459
552.664
745.894
508.86
874.686
379.258
228.78
639.662
987.365
13.8428
989.132
194.233
676.089
465.127
930.021
292.265
126.763
598.747
332.442
942.258
276.911
948.843
919.207
764.049
716.009
301.28
339.073
867.113
294.73
166.344
823.31
884.189
719.009
569.204
393.05
593.695
948.462
621.83
233.356
935.827
635.673
222.488
130.06
311.762
687.615
60.0815
604.027
814.378
658.829
936.47
756.636
935.74
885.312
675.843
699.789
601.321
977.124
38.8614
468.434
271.854
205.206
291.744
156.043
924.215
860.948
549.092
517.909
809.41
170.922
751.266
745.236
806.595
973.754
875.296
118.357
661.369
935.378
722.384
475.747
594.207
658.854
232.383
529.947
544.166
908.226
229.735
145.487
885.35
268.597
613.921
157.203
473.803
905.665
313.246
398.017
766.613
862.339
915.927
576.023
33.2609
667.192
321.259
839.856
640.946
196.556
958.212
302.314
131.933
680.596
778.061
726.14
339.45
10.4435
256.086
883.616
918.67
485.822
29.1029
804.019
754.419
643.024
961.223
228.221
548.69
274.469
626.239
315.303
136.808
542.166
891.326
170.069
209.358
212.585
9.92418
850.304
409.14
968.136
152.618
541.074
648.732
930.679
267.214
988.182
941.122
523.3
871.798
859.792
9.12197
900.901
663.811
763.541
543.925
625.034
991.762
92.6144
899.503
618.001
407.917
36.311
160.166
299.243
206.38
369.524
511.828
216.304
219.828
920.968
184.44
372.446
462.042
833.173
303.125
729.256
821.355
244.247
252.556
693.152
104.039
261.678
594.053
767.85
25.2184
137.978
392.885
16.9805
230.592
292.388
634.981
638.509
328.699
795.148
937.752
535.078
164.672
449.58
751.382
384.5
370.548
935.822
756.946
832.59
768.995
60.0708
561.846
590.349
304.318
814.401
283.501
408.357
76.0793
877.554
176.208
101.298
15.5318
569.092
118.278
246.124
861.48
753.26
884.633
190.179
548.407
822.385
725.257
713.08
271.965
476.639
97.5796
642.513
412.461
854.526
475.103
181.456
914.596
36.9484
771.805
218.914
851.35
55.3069
627.272
927.429
932.861
803.479
28.7269
948.393
372.572
147.005
194.517
234.052
900.265
79.1497
424.23
448.672
901.535
149.487
161.752
173.5
626.126
259.331
816.012
38.5877
113.857
291.115
220.044
28.4534
328.063
991.849
247.368
179.413
47.1561
874.639
106.842
980.017
678.119
135.569
928.41
50.6901
282.574
122.927
284.742
182.839
202.076
708.972
631.512
103.611
858.459
793.263
277.111
484.585
52.5949
93.1229
523.173
166.452
384.238
743.217
194.905
712.301
735.066
442.273
891.714
782.222
316.912
998.557
762.239
995.031
134.126
690.649
45.7211
416.701
813.576
330.463
599.54
15.6522
39.4345
231.051
119.263
897.894
24.3148
396.374
382.479
76.9097
489.497
905.652
243.362
873.735
648.869
438.267
586.036
383.935
880.54
477.75
166.157
197.452
476.307
928.396
192.483
610.433
619.045
238.204
27.134
432.621
568.667
626.674
448.274
608.102
857.725
567.537
505.995
882.04
963.911
888.474
958.95
453.408
794.126
202.311
327.142
442.995
640.578
913.178
826.929
521.118
390.929
993.086
718.571
867.236
921.482
911.054
477.669
540.528
149.258
504.803
973.149
717.926
131.477
421.423
326.027
989.202
988.96
832.022
871.242
952.87
720.496
830.192
406.278
514.622
32.5037
733.42
957.617
673.082
646.598
784.547
194.2
37.527
777.633
912.771
904.763
699.115
823.825
382.432
239.643
973.084
887.235
212.792
691.009
18.7121
634.215
17.0363
7.9144
623.175
849.059
879.157
576.045
569.555
709.349
982.323
84.1775
741.853
715.743
41.7946
414.935
362.342
826.341
609.135
399.869
603.974
521.907
304.631
303.09
345.732
687.063
542.733
318.815
574.298
755.525
9.82456
593.01
389.74
26.8609
600.925
12.9151
875.92
480.082
588.96
445.475
189.431
571.283
529.652
931.284
287.026
571.447
346.219
649.368
397.788
955.354
49.2367
1.76222
477.261
353.868
304.852
822.992
40.9313
847.585
141.808
615.23
603.11
151.632
208.24
992.85
178.493
809.165
5.7655
54.4127
289.247
594.726
499.887
478.677
166.009
29.5396
409.961
453.035
600.986
756.179
102.403
998.774
711.533
151.64
0.53671
188.794
505.508
305.389
11.7862
546.439
152.973
153.594
161.669
756.083
305.226
369.909
748.933
483.719
179.074
754.699
538.132
468.32
349.425
38.0193
946.998
515.433
67.5589
356.959
968.469
668.545
113.138
70.8717
667.32
824.672
222.512
667.856
13.4655
728.019
973.245
25.2517
274.459
126.218
178.846
436.128
882.301
484.072
806.037
631.235
967.791
985.11
385.934
505.923
453.431
735.358
543.942
400.428
250.792
611.501
757.387
219.26
280.046
870.525
290.132
947.366
695.197
512.644
615.223
708.662
240.663
588.468
733.914
515.122
714.686
912.759
951.249
596.987
396.831
757.286
228.222
364.622
742.396
614.155
870.545
195.827
349.514
414.487
596.255
600.305
25.9876
353.642
819.566
306.034
224.168
109.698
253.4
919.364
622.341
868.622
628.026
863.004
457.09
361.94
378.126
171.776
274.699
329.376
768.763
671.53
86.6615
996.984
36.1519
829.058
611.14
906.697
24.8848
960.653
321.183
621.14
560.959
347.171
974.783
380.524
653.205
198.95
490.222
906.604
118.314
112.563
775.227
746.34
975.568
232.317
108.28
353.694
404.092
382.98
683.07
172.855
54.5096
769.731
169.839
90.6615
598.789
780.978
997.358
623.674
741.632
318.541
244.814
302.59
665.712
219.597
683.114
318.917
418.547
173.336
225.521
536.861
285.9
0.747704
283.202
261.468
233.064
391.482
615.162
637.157
774.461
298.231
810.011
828.971
67.9625
979.85
919.633
666.751
760.829
916.991
290.425
502.46
235.532
535.239
805.051
901.244
754.836
488.165
220.16
173.383
661.501
445.681
710.244
947.401
446.429
993.445
208.869
679.493
384.927
824.031
316.65
159.389
122.262
126.661
988.36
190.224
106.512
907.992
856.976
867.34
824.983
147.401
369.801
60.5145
682.64
174.851
961.758
437.476
663.016
181.918
610.859
324.518
627.6
321.102
271.919
74.0284
314.548
480.788
753.522
699.475
304.819
70.1715
858.863
427.081
196.833
847.223
617.305
303.344
755.215
474.281
170.685
580.198
621.682
540.486
640.712
304.322
715.337
602.47
741.798
378.353
784.389
352.657
702.871
411.988
673.759
974.79
486.017
988.307
455.578
239.538
687.782
760.397
309.71
546.645
187.478
506.543
393.868
804.783
809.887
149.083
279.064
980.572
729.281
900.746
521.058
369.993
205.068
236.395
972.463
946.867
614.748
756.852
299.524
317.619
168.84
973.283
292.409
654.857
961.59
747.988
894.396
649.372
508.385
204.106
196.017
695.863
710.649
589.885
500.646
520.536
738.968
779.71
501.108
468.249
680.456
22.1659
838.241
885.524
258.561
810.705
832.391
873.308
567.557
131.915
190.927
736.397
105.198
483.337
391.254
66.7881
231.324
285.65
716.16
739.709
489.756
912.177
435.571
200.405
502.062
936.217
720.941
241.03
715.927
222.049
709.278
396.383
244.215
547.52
281.907
502.776
358.224
114.298
376.084
925.781
246.213
567.011
662.178
351.411
50.3479
53.4326
418.199
281.672
339.083
134.359
21.3809
828.839
46.536
456.952
29.2438
548.598
393.169
750.185
789.627
109.096
972.234
498.905
505.479
216.449
46.4249
787.385
719.224
404.649
901.684
95.3083
330.43
147.897
662.32
992.608
499.308
712.668
46.0406
917.507
994.34
385.123
51.8662
15.7205
213.962
98.4022
472.673
243.206
647
865.842
993.391
436.627
974.938
965.625
935.533
480.416
182.073
981.957
267.802
901.298
386.606
169.485
996.606
717.036
317.382
658.926
709.644
816.69
371.593
755.685
734.197
365.933
140.808
786.063
381.653
354.771
884.465
854.326
597.977
531.465
720.168
591.368
968.092
695.106
556.993
903.625
175.522
739.066
885.582
443.324
640.364
272.189
612.81
636.97
989.225
930.192
295.896
698.87
746.882
667.489
454.555
481.079
33.4223
595.363
267.142
415.076
950.134
151.607
269.402
548.111
683.072
989.57
139.479
651.165
684.676
696.471
554.79
860.199
435.537
440.372
303.523
75.9013
712.561
916.333
712.871
701.787
846.524
8.76707
400.657
593.406
676.256
855.212
74.4845
709.679
450.575
341.626
124.754
400.709
493.233
394.156
948.82
176.306
383.726
88.2989
827.471
68.4024
784.77
382.261
928.601
220.308
822.633
232.124
296.209
535.195
148.456
9.08028
236.982
994.981
17.8474
637.638
588.386
694.104
492.85
662.871
403.782
943.425
4.49729
528.536
344.134
497.731
922.693
292.954
674.037
306.419
381.252
501.507
374.821
166.023
883.768
303.422
386.33
706.401
535.546
682.539
241.596
684.002
691.62
478.578
678.983
709.467
116.216
267.369
403.571
609.066
930.24
807.353
552.49
934.738
335.889
896.624
432.468
258.582
189.577
106.505
565.001
570.83
608.012
939.823
736.852
491.78
243.245
123.183
198.182
778.791
805.722
439.778
462.793
497.342
918.355
141.776
206.809
34.571
409.146
610.38
643.636
339.386
417.732
196.127
274.124
753.622
92.7503
706.592
12.204
282.328
813.097
577.205
853.157
421.109
517.028
590.009
912.889
760.273
713.192
111.071
539.064
518.914
550.849
1.85691
16.2559
469.204
143.633
223.065
503.775
552.779
833.444
147.411
892.165
251.177
343.538
166.288
4.79857
436.288
872.88
17.0026
718.616
685.977
594.208
571.773
107.086
111.235
161.782
19.9757
871.508
874.974
131.047
410.572
393.889
681.896
412.428
410.144
151.1
556.062
633.209
654.875
108.84
466.653
802.286
1.00485
717.83
145.824
167.293
722.629
582.113
40.1732
739.631
300.729
726.15
333.839
872.502
833.237
445.074
34.2842
853.212
316.582
909.259
984.259
727.154
303.147
666.155
139.582
713.292
817.254
695.644
346.501
472.129
804.484
813.154
274.415
805.489
530.984
420.239
972.782
253.613
2.35182
12.9554
993.244
303.08
739.106
327.083
175.582
572.342
772.157
209.866
425.554
88.7396
119.125
409.813
815.893
422.272
75.9681
955.476
135.564
893.222
651.12
482.065
365.351
455.604
295.219
639.766
261.093
826.203
60.0055
233.875
79.8162
62.3573
246.831
73.0603
365.438
985.937
400.143
541.02
558.279
172.3
750.886
983.833
261.04
870.011
393.647
76.9335
292.284
469.615
32.4094
427.848
362.837
683.529
909.913
728.188
139.133
205.132
367.955
400.227
31.3352
427.96
634.102
111.151
490.317
880.933
184.212
855.755
866.869
584.355
396.775
425.148
756.655
147.661
408.981
17.6955
17.6726
802.628
94.629
309.956
272.243
127.038
737.804
635.08
810.568
647.717
363.268
949.701
852.849
731.223
349.928
884.184
159.183
984.029
995.336
649.5
864.962
179.547
505.255
731.831
763.902
902.03
156.979
520.558
49.6911
565.961
538.253
67.3638
368.588
632.882
377.32
640.831
759.921
115.124
275.911
570.488
762.842
639.179
520.189
615.69
370.401
870.117
499.875
529.584
854.146
495.21
179.084
719.108
674.757
684.339
450.94
438.66
586.369
607.919
959.217
636.06
173.879
497.47
703.424
542.468
130.353
80.7438
183.299
890.273
195.868
459.21
460.761
958.71
98.3885
980.95
574.4
468.79
851.067
74.2748
998.374
705.213
569.485
177.458
424.322
244.242
861.797
875.261
682.902
448.165
483.18
642.119
84.2252
657.059
139.59
787.649
199.527
269.942
868.393
382.826
160.215
64.2609
842.036
620.977
22.9707
940.425
601.927
597.371
409.214
452.994
671.646
407.588
158.207
241.131
585.046
582.529
485.373
446.842
457.79
168.275
895.008
940.97
810.394
979.233
598.03
949.984
766.882
797.557
219.926
635.274
180.383
380.142
699.535
22.4195
1.11821
722.506
962.844
603.045
319.877
372.058
56.0395
991.522
779.647
214.247
232.653
364.692
796.776
718.026
811.535
254.566
886.301
706.542
195.536
696.696
685.775
793.566
646.68
452.657
591.123
866.606
87.931
771.507
246.748
787.466
793.926
247.866
509.972
756.77
850.911
829.849
128.829
906.951
821.371
908.475
121.198
54.024
273.168
917.974
772.05
84.7022
172.54
658.351
791.245
368.076
355.047
477.02
161.642
1.72675
929.676
752.765
868.333
17.6073
524.272
115.08
805.073
318.198
362.946
315.045
74.9682
213.857
144.894
203.797
120.808
966.265
112.272
242.006
20.289
385.439
159.979
792.339
470.142
332.519
450.69
261.386
700.595
805.738
738.406
862.237
807.464
668.082
615.003
675.797
685.689
139.275
790.878
490.763
457.473
153.824
805.808
532.441
367.681
950.702
736.237
488.489
916.967
848.509
730.495
937.256
233.949
890.474
729.595
704.091
222.994
180.286
965.477
923.589
986.023
703.882
785.826
793.487
371.965
400.829
469.284
57.654
540.103
260.162
548.417
997.576
413.986
354.225
530.017
781.667
304.927
266.254
270.157
221.894
114.764
0.651722
159.15
348.712
891.126
888.745
52.8029
114.12
69.0311
18.2796
37.7084
55.0542
722.162
823.534
848.542
94.1267
224.363
317.826
151.781
764.467
577.988
700.198
762.043
991.974
54.4227
292.059
773.641
359.35
558.313
43.7978
581.244
673.077
44.4495
740.394
21.7893
935.576
629.14
74.5922
49.6953
698.171
92.8718
87.4036
753.225
815.034
910.938
601.767
909.161
135.301
919.593
60.9412
899.768
497.581
761.139
661.811
489.555
815.561
953.87
263.196
174.911
512.183
306.994
756.155
185.26
351.443
496.55
207.049
287.019
125.69
281.642
336.714
823.861
374.513
424.118
577.086
189.547
335.056
178.852
98.7079
470.357
98.4452
159.649
370.125
596.026
920.788
31.9357
85.5811
736.349
985.805
348.777
911.261
497.989
655.771
667.416
683.249
7.21417
163.966
890.298
294.233
289.655
171.94
630.947
113.516
546.453
55.0649
690.602
736
390.121
869.454
834.708
860.478
967.899
994.357
230.603
563.926
915.145
262.539
649.507
651.495
248.344
998.284
562.755
746.333
654.055
230.171
429.581
661.269
394.137
319.879
955.502
683.793
491.819
586.449
797.309
38.2721
641.514
487.91
774.273
31.6347
357.364
608.981
892.113
325.264
603.338
122.716
889.189
518.483
385.254
538.696
169.978
633.598
536.98
732.733
379.931
191.034
962.905
809.512
852.303
357.042
129.392
807.805
40.8344
621.211
394.254
838.143
659.483
35.7676
326.053
433.755
67.4023
683.418
42.7361
959.515
8.68156
646.074
82.2304
897.871
164.558
467.485
436.567
334.536
101.083
973.546
67.2693
481.014
164.58
30.1739
290.526
16.8832
387.216
419.918
824.688
428.05
41.1285
218.942
266.193
700.611
254.709
592.247
134.366
322.111
275.664
177.103
281.626
284.346
823.177
363.857
182.217
987.735
831.341
618.783
322.271
932.424
592.33
389.54
413.438
756.91
419.714
703.965
773.793
806.929
123.882
598.481
234.98
165.011
817.423
501.173
865.622
72.1318
93.4194
999.989
394.243
369.084
177.091
675.87
653.43
0.267995
39.7262
835.647
988.003
871.067
454.43
310.273
803.492
46.7596
699.813
216.93
803.67
119.527
920.894
577.463
926.456
44.7769
175.944
161.436
209.788
993.366
662.609
75.4099
65.4981
756.028
75.3984
459.741
125.112
252.49
135.611
778.542
252.758
175.337
614.188
240.76
46.4046
68.6184
551.034
849.896
115.378
250.847
66.8262
919.048
370.374
987.721
496.51
296.83
32.4975
672.454
458.266
242.285
665.82
120.875
317.695
731.318
876.903
393.094
191.06
2.01514
645.583
326.671
780.557
898.341
502.008
394.745
139.101
548.412
463.364
690.135
398.309
578.742
940.981
465.135
497.789
311.355
452.856
994.3
608.185
485.353
666.753
66.4514
727.638
332.574
187.326
45.3336
63.8917
64.2295
438.427
254.951
66.2447
84.0104
581.622
846.802
982.351
83.6296
241.547
121.452
632.042
704.911
811.587
30.3506
283.652
752.568
495.486
781.442
63.923
948.341
775.741
672.108
433.694
442.495
738.56
161.333
775.068
925.886
206.666
838.96
990.115
645.094
93.9113
56.3601
729.104
675.533
903.162
711.455
759.163
144.709
832.907
391.205
849.619
644.494
421.555
133.272
397.062
917.041
914.713
460.985
865.382
690.455
133.093
299.076
132.949
871.652
460.409
908.018
797.538
667.075
746.978
787.654
312.169
840.889
844.014
41.273
516.422
747.176
752.728
275.585
891.884
585.635
666.79
741.503
230.129
88.3452
874.775
627.191
5.38624
789.488
88.1758
870.768
479.943
221.269
169.845
612.892
92.9212
630.254
520.91
890.46
297.329
267.888
678.113
609.498
108.776
522.127
650.771
625.199
269.303
403.5
900.784
161.187
989.135
567.573
902.691
219.264
655.919
777.466
846.455
661.305
566.954
934.631
532.073
46.897
155.9
701.918
659.789
248.821
332.172
180.699
139.281
629.501
448.587
817.394
238.999
557.363
339.522
889.771
182.562
608.825
293.27
83.3455
770.012
282.405
650.919
