****************** GA TEST *******************

total test#:			 10
hexa min width:			 3
hexa max width:			 5
hexa count:			 19
number count:			 54
population size:		 60
generation size:		 6

tournament winner p:		 1
xover uniform p:		 0.697
do mutation1 p:			 0.1
mutation1 p:			 0.05
do optimize p:			 1
local optimize count:		 6000
do deep better optimize p:	 1
do deep worse optimize p:	 0
do spin p:			 0
spin count:			 1000
do spin apply p:		 1
do mutation2 p:			 0.12
mutation2 p:			 0.08
force mutation2:		 0
replace bad p:			 0.195

converge rate p:		 0.99
converge count:			 1

**********************************************


===================[TEST 1]===================

##### START ##### Tue May 13 11:34:53 2003



##### CONVERGE ##### Tue May 13 11:35:51 2003

Elapsed time: 58 seconds
Total loop: 752 generations

Result : 187.64

13 2 34 54 46 41 12 1 50 40 15 49 33 3 6 29 53 14 39 36 30 24 44 35 5 8 10 47 43 21 20 38 27 17 48 42 9 11 4 23 52 32 26 31 51 25 7 28 18 37 19 45 22 16 

 13 2 34 54 46 41	 => 190
 12 41 46 1 50 40	 => 190
 15 40 50 49 33 3	 => 190
 34 6 29 53 14 54	 => 190
 46 54 14 39 36 1	 => 190
 50 1 36 30 24 49	 => 190
 33 49 24 44 35 5	 => 190
 29 8 10 47 43 53	 => 190
 14 53 43 21 20 39	 => 190
 36 39 20 38 27 30	 => 190
 24 30 27 17 48 44	 => 190
 35 44 48 42 9 11	 => 189
 43 47 4 23 52 21	 => 190
 20 21 52 32 26 38	 => 189
 27 38 26 31 51 17	 => 190
 48 17 51 25 7 42	 => 190
 52 23 28 18 37 32	 => 190
 26 32 37 19 45 31	 => 190
 51 31 45 22 16 25	 => 190


===================[TEST 2]===================

##### START ##### Tue May 13 11:35:51 2003



##### CONVERGE ##### Tue May 13 11:36:10 2003

Elapsed time: 19 seconds
Total loop: 269 generations

Result : 186.027

6 3 43 45 39 54 12 10 53 21 24 46 36 9 2 28 40 32 29 34 35 11 50 41 5 13 17 47 44 15 30 25 37 14 42 26 7 23 1 31 52 51 16 48 49 38 20 4 18 33 22 19 8 27 

 6 3 43 45 39 54	 => 190
 12 54 39 10 53 21	 => 189
 24 21 53 46 36 9	 => 189
 43 2 28 40 32 45	 => 190
 39 45 32 29 34 10	 => 189
 53 10 34 35 11 46	 => 189
 36 46 11 50 41 5	 => 189
 28 13 17 47 44 40	 => 189
 32 40 44 15 30 29	 => 190
 34 29 30 25 37 35	 => 190
 11 35 37 14 42 50	 => 189
 41 50 42 26 7 23	 => 189
 44 47 1 31 52 15	 => 190
 30 15 52 51 16 25	 => 189
 37 25 16 48 49 14	 => 189
 42 14 49 38 20 26	 => 189
 52 31 4 18 33 51	 => 189
 16 51 33 22 19 48	 => 189
 49 48 19 8 27 38	 => 189


===================[TEST 3]===================

##### START ##### Tue May 13 11:36:10 2003



##### CONVERGE ##### Tue May 13 11:36:51 2003

Elapsed time: 41 seconds
Total loop: 573 generations

Result : 187.163

17 2 28 54 50 39 1 18 36 45 14 52 27 16 11 43 46 7 41 20 31 33 42 32 4 9 10 34 48 23 25 38 35 12 37 47 13 19 6 26 53 30 21 44 40 49 5 8 22 51 15 29 3 24 

 17 2 28 54 50 39	 => 190
 1 39 50 18 36 45	 => 189
 14 45 36 52 27 16	 => 190
 28 11 43 46 7 54	 => 189
 50 54 7 41 20 18	 => 190
 36 18 20 31 33 52	 => 190
 27 52 33 42 32 4	 => 190
 43 9 10 34 48 46	 => 190
 7 46 48 23 25 41	 => 190
 20 41 25 38 35 31	 => 190
 33 31 35 12 37 42	 => 190
 32 42 37 47 13 19	 => 190
 48 34 6 26 53 23	 => 190
 25 23 53 30 21 38	 => 190
 35 38 21 44 40 12	 => 190
 37 12 40 49 5 47	 => 190
 53 26 8 22 51 30	 => 190
 21 30 51 15 29 44	 => 190
 40 44 29 3 24 49	 => 189


===================[TEST 4]===================

##### START ##### Tue May 13 11:36:51 2003



##### CONVERGE ##### Tue May 13 11:37:33 2003

Elapsed time: 42 seconds
Total loop: 603 generations

Result : 185.571

18 16 34 48 27 46 10 22 54 30 13 47 38 7 3 32 43 29 39 24 26 17 50 36 1 2 25 51 37 21 20 49 31 19 45 41 6 11 12 15 53 33 14 42 35 40 9 28 8 52 4 44 23 5 

 18 16 34 48 27 46	 => 189
 10 46 27 22 54 30	 => 189
 13 30 54 47 38 7	 => 189
 34 3 32 43 29 48	 => 189
 27 48 29 39 24 22	 => 189
 54 22 24 26 17 47	 => 190
 38 47 17 50 36 1	 => 189
 32 2 25 51 37 43	 => 190
 29 43 37 21 20 39	 => 189
 24 39 20 49 31 26	 => 189
 17 26 31 19 45 50	 => 188
 36 50 45 41 6 11	 => 189
 37 51 12 15 53 21	 => 189
 20 21 53 33 14 49	 => 190
 31 49 14 42 35 19	 => 190
 45 19 35 40 9 41	 => 189
 53 15 28 8 52 33	 => 189
 14 33 52 4 44 42	 => 189
 35 42 44 23 5 40	 => 189


===================[TEST 5]===================

##### START ##### Tue May 13 11:37:33 2003



##### CONVERGE ##### Tue May 13 11:38:19 2003

Elapsed time: 46 seconds
Total loop: 541 generations

Result : 187.501

13 3 29 51 47 48 2 22 37 34 4 44 46 25 12 36 45 18 27 26 42 20 49 31 1 5 19 33 53 16 32 40 24 15 41 43 6 21 11 38 39 54 10 52 50 28 14 7 17 35 9 30 8 23 

 13 3 29 51 47 48	 => 191
 2 48 47 22 37 34	 => 190
 4 34 37 44 46 25	 => 190
 29 12 36 45 18 51	 => 191
 47 51 18 27 26 22	 => 191
 37 22 26 42 20 44	 => 191
 46 44 20 49 31 1	 => 191
 36 5 19 33 53 45	 => 191
 18 45 53 16 32 27	 => 191
 26 27 32 40 24 42	 => 191
 20 42 24 15 41 49	 => 191
 31 49 41 43 6 21	 => 191
 53 33 11 38 39 16	 => 190
 32 16 39 54 10 40	 => 191
 24 40 10 52 50 15	 => 191
 41 15 50 28 14 43	 => 191
 39 38 7 17 35 54	 => 190
 10 54 35 9 30 52	 => 190
 50 52 30 8 23 28	 => 191


===================[TEST 6]===================

##### START ##### Tue May 13 11:38:19 2003



##### CONVERGE ##### Tue May 13 11:39:03 2003

Elapsed time: 44 seconds
Total loop: 624 generations

Result : 186.794

4 12 40 37 51 45 10 6 54 24 15 46 35 16 3 41 52 17 36 43 27 14 53 31 11 19 7 29 42 23 20 33 30 22 44 26 34 2 8 38 50 39 25 48 32 47 18 5 9 49 1 28 13 21 

 4 12 40 37 51 45	 => 189
 10 45 51 6 54 24	 => 190
 15 24 54 46 35 16	 => 190
 40 3 41 52 17 37	 => 190
 51 37 17 36 43 6	 => 190
 54 6 43 27 14 46	 => 190
 35 46 14 53 31 11	 => 190
 41 19 7 29 42 52	 => 190
 17 52 42 23 20 36	 => 190
 43 36 20 33 30 27	 => 189
 14 27 30 22 44 53	 => 190
 31 53 44 26 34 2	 => 190
 42 29 8 38 50 23	 => 190
 20 23 50 39 25 33	 => 190
 30 33 25 48 32 22	 => 190
 44 22 32 47 18 26	 => 189
 50 38 5 9 49 39	 => 190
 25 39 49 1 28 48	 => 190
 32 48 28 13 21 47	 => 189


===================[TEST 7]===================

##### START ##### Tue May 13 11:39:03 2003



##### CONVERGE ##### Tue May 13 11:39:32 2003

Elapsed time: 29 seconds
Total loop: 402 generations

Result : 185.794

35 1 46 24 52 31 7 32 30 37 20 54 33 15 9 53 39 18 38 25 42 6 47 44 5 4 19 23 51 22 21 26 36 8 49 29 2 17 3 40 50 41 28 43 48 45 10 11 13 34 16 27 14 12 

 35 1 46 24 52 31	 => 189
 7 31 52 32 30 37	 => 189
 20 37 30 54 33 15	 => 189
 46 9 53 39 18 24	 => 189
 52 24 18 38 25 32	 => 189
 30 32 25 42 6 54	 => 189
 33 54 6 47 44 5	 => 189
 53 4 19 23 51 39	 => 189
 18 39 51 22 21 38	 => 189
 25 38 21 26 36 42	 => 188
 6 42 36 8 49 47	 => 188
 44 47 49 29 2 17	 => 188
 51 23 3 40 50 22	 => 189
 21 22 50 41 28 26	 => 188
 36 26 28 43 48 8	 => 189
 49 8 48 45 10 29	 => 189
 50 40 11 13 34 41	 => 189
 28 41 34 16 27 43	 => 189
 48 43 27 14 12 45	 => 189


===================[TEST 8]===================

##### START ##### Tue May 13 11:39:32 2003



##### CONVERGE ##### Tue May 13 11:40:39 2003

Elapsed time: 67 seconds
Total loop: 933 generations

Result : 186.501

13 23 35 38 42 39 2 29 47 30 32 40 24 17 18 34 51 14 36 31 21 22 49 50 5 15 1 37 52 10 27 46 28 16 54 25 4 8 19 26 45 53 9 43 48 44 3 12 20 33 11 41 7 6 

 13 23 35 38 42 39	 => 190
 2 39 42 29 47 30	 => 189
 32 30 47 40 24 17	 => 190
 35 18 34 51 14 38	 => 190
 42 38 14 36 31 29	 => 190
 47 29 31 21 22 40	 => 190
 24 40 22 49 50 5	 => 190
 34 15 1 37 52 51	 => 190
 14 51 52 10 27 36	 => 190
 31 36 27 46 28 21	 => 189
 22 21 28 16 54 49	 => 190
 50 49 54 25 4 8	 => 190
 52 37 19 26 45 10	 => 189
 27 10 45 53 9 46	 => 190
 28 46 9 43 48 16	 => 190
 54 16 48 44 3 25	 => 190
 45 26 12 20 33 53	 => 189
 9 53 33 11 41 43	 => 190
 48 43 41 7 6 44	 => 189


===================[TEST 9]===================

##### START ##### Tue May 13 11:40:39 2003



##### CONVERGE ##### Tue May 13 11:41:16 2003

Elapsed time: 37 seconds
Total loop: 520 generations

Result : 188.306

19 14 29 47 39 42 3 22 40 44 10 45 31 20 4 41 48 21 33 28 46 9 51 37 17 5 13 49 34 11 43 24 16 18 50 27 2 23 12 32 52 35 25 54 53 36 6 26 15 30 7 38 8 1 

 19 14 29 47 39 42	 => 190
 3 42 39 22 40 44	 => 190
 10 44 40 45 31 20	 => 190
 29 4 41 48 21 47	 => 190
 39 47 21 33 28 22	 => 190
 40 22 28 46 9 45	 => 190
 31 45 9 51 37 17	 => 190
 41 5 13 49 34 48	 => 190
 21 48 34 11 43 33	 => 190
 28 33 43 24 16 46	 => 190
 9 46 16 18 50 51	 => 190
 37 51 50 27 2 23	 => 190
 34 49 12 32 52 11	 => 190
 43 11 52 35 25 24	 => 190
 16 24 25 54 53 18	 => 190
 50 18 53 36 6 27	 => 190
 52 32 26 15 30 35	 => 190
 25 35 30 7 38 54	 => 189
 53 54 38 8 1 36	 => 190


===================[TEST 10]===================

##### START ##### Tue May 13 11:41:16 2003



##### CONVERGE ##### Tue May 13 11:42:21 2003

Elapsed time: 65 seconds
Total loop: 929 generations

Result : 187.087

12 11 38 49 51 29 14 7 53 37 21 41 36 3 8 32 50 13 30 40 24 26 47 31 9 15 17 25 52 19 27 42 28 22 44 39 10 20 6 34 54 33 16 48 35 45 5 1 23 46 4 43 2 18 

 12 11 38 49 51 29	 => 190
 14 29 51 7 53 37	 => 191
 21 37 53 41 36 3	 => 191
 38 8 32 50 13 49	 => 190
 51 49 13 30 40 7	 => 190
 53 7 40 24 26 41	 => 191
 36 41 26 47 31 9	 => 190
 32 15 17 25 52 50	 => 191
 13 50 52 19 27 30	 => 191
 40 30 27 42 28 24	 => 191
 26 24 28 22 44 47	 => 191
 31 47 44 39 10 20	 => 191
 52 25 6 34 54 19	 => 190
 27 19 54 33 16 42	 => 191
 28 42 16 48 35 22	 => 191
 44 22 35 45 5 39	 => 190
 54 34 1 23 46 33	 => 191
 16 33 46 4 43 48	 => 190
 35 48 43 2 18 45	 => 191



test#	fitness		sum		time
---------------------------------------------------
1	187.64			58
2	186.027			19
3	187.163			41
4	185.571			42
5	187.501			46
6	186.794			44
7	185.794			29
8	186.501			67
9	188.306			37
10	187.087			65


---------------------------------------------------
Best fitness      : 188.306( test# 9)
Shortest time     : 19( test# 2)

Average fitness   : 186.838
Average time      : 44.8
