****************** GA TEST *******************

total test#:			 10
hexa min width:			 3
hexa max width:			 5
hexa count:			 19
number count:			 54
population size:		 80
generation size:		 6

tournament winner p:		 1
xover uniform p:		 0.697
do mutation1 p:			 0.1
mutation1 p:			 0.05
do optimize p:			 1
local optimize count:		 6000
do deep better optimize p:	 1
do deep worse optimize p:	 0
do spin p:			 0
spin count:			 1000
do spin apply p:		 1
do mutation2 p:			 0.12
mutation2 p:			 0.08
force mutation2:		 0
replace bad p:			 0.195

converge rate p:		 0.99
converge count:			 1

**********************************************


===================[TEST 1]===================

##### START ##### Tue May 13 11:54:21 2003



##### CONVERGE ##### Tue May 13 11:55:57 2003

Elapsed time: 96 seconds
Total loop: 1386 generations

Result : 186.85

17 1 39 51 41 40 4 30 46 28 8 50 45 12 9 23 54 13 25 29 19 15 49 27 3 14 20 31 47 26 24 44 48 5 53 36 2 22 6 37 42 32 21 38 34 43 18 16 10 52 11 35 7 33 

 17 1 39 51 41 40	 => 189
 4 40 41 30 46 28	 => 189
 8 28 46 50 45 12	 => 189
 39 9 23 54 13 51	 => 189
 41 51 13 25 29 30	 => 189
 46 30 29 19 15 50	 => 189
 45 50 15 49 27 3	 => 189
 23 14 20 31 47 54	 => 189
 13 54 47 26 24 25	 => 189
 29 25 24 44 48 19	 => 189
 15 19 48 5 53 49	 => 189
 27 49 53 36 2 22	 => 189
 47 31 6 37 42 26	 => 189
 24 26 42 32 21 44	 => 189
 48 44 21 38 34 5	 => 190
 53 5 34 43 18 36	 => 189
 42 37 16 10 52 32	 => 189
 21 32 52 11 35 38	 => 189
 34 38 35 7 33 43	 => 190


===================[TEST 2]===================

##### START ##### Tue May 13 11:55:57 2003



##### CONVERGE ##### Tue May 13 11:57:46 2003

Elapsed time: 109 seconds
Total loop: 1596 generations

Result : 187.85

8 30 26 44 50 32 1 18 51 38 5 39 45 12 11 37 53 19 24 35 40 7 54 43 2 14 10 27 49 13 33 23 36 22 31 42 4 16 3 46 52 48 21 41 47 28 20 6 9 29 17 34 15 25 

 8 30 26 44 50 32	 => 190
 1 32 50 18 51 38	 => 190
 5 38 51 39 45 12	 => 190
 26 11 37 53 19 44	 => 190
 50 44 19 24 35 18	 => 190
 51 18 35 40 7 39	 => 190
 45 39 7 54 43 2	 => 190
 37 14 10 27 49 53	 => 190
 19 53 49 13 33 24	 => 191
 35 24 33 23 36 40	 => 191
 7 40 36 22 31 54	 => 190
 43 54 31 42 4 16	 => 190
 49 27 3 46 52 13	 => 190
 33 13 52 48 21 23	 => 190
 36 23 21 41 47 22	 => 190
 31 22 47 28 20 42	 => 190
 52 46 6 9 29 48	 => 190
 21 48 29 17 34 41	 => 190
 47 41 34 15 25 28	 => 190


===================[TEST 3]===================

##### START ##### Tue May 13 11:57:46 2003



##### CONVERGE ##### Tue May 13 11:59:20 2003

Elapsed time: 94 seconds
Total loop: 1373 generations

Result : 187.501

14 7 35 53 48 34 3 21 47 37 10 45 28 23 17 39 41 5 33 31 27 20 46 43 9 11 6 42 52 16 44 32 24 25 49 29 15 8 1 50 30 51 18 54 38 36 13 12 22 26 2 40 19 4 

 14 7 35 53 48 34	 => 191
 3 34 48 21 47 37	 => 190
 10 37 47 45 28 23	 => 190
 35 17 39 41 5 53	 => 190
 48 53 5 33 31 21	 => 191
 47 21 31 27 20 45	 => 191
 28 45 20 46 43 9	 => 191
 39 11 6 42 52 41	 => 191
 5 41 52 16 44 33	 => 191
 31 33 44 32 24 27	 => 191
 20 27 24 25 49 46	 => 191
 43 46 49 29 15 8	 => 190
 52 42 1 50 30 16	 => 191
 44 16 30 51 18 32	 => 191
 24 32 18 54 38 25	 => 191
 49 25 38 36 13 29	 => 190
 30 50 12 22 26 51	 => 191
 18 51 26 2 40 54	 => 191
 38 54 40 19 4 36	 => 191


===================[TEST 4]===================

##### START ##### Tue May 13 11:59:20 2003



##### CONVERGE ##### Tue May 13 11:59:59 2003

Elapsed time: 39 seconds
Total loop: 564 generations

Result : 186.255

11 2 47 48 40 42 8 17 51 31 7 52 26 23 1 43 38 13 50 22 29 19 44 45 4 14 18 37 39 15 35 34 20 24 54 32 9 6 12 33 53 28 25 46 41 36 3 5 21 49 16 27 30 10 

 11 2 47 48 40 42	 => 190
 8 42 40 17 51 31	 => 189
 7 31 51 52 26 23	 => 190
 47 1 43 38 13 48	 => 190
 40 48 13 50 22 17	 => 190
 51 17 22 29 19 52	 => 190
 26 52 19 44 45 4	 => 190
 43 14 18 37 39 38	 => 189
 13 38 39 15 35 50	 => 190
 22 50 35 34 20 29	 => 190
 19 29 20 24 54 44	 => 190
 45 44 54 32 9 6	 => 190
 39 37 12 33 53 15	 => 189
 35 15 53 28 25 34	 => 190
 20 34 25 46 41 24	 => 190
 54 24 41 36 3 32	 => 190
 53 33 5 21 49 28	 => 189
 25 28 49 16 27 46	 => 191
 41 46 27 30 10 36	 => 190


===================[TEST 5]===================

##### START ##### Tue May 13 11:59:59 2003



##### CONVERGE ##### Tue May 13 12:00:44 2003

Elapsed time: 45 seconds
Total loop: 660 generations

Result : 186.85

7 2 49 44 53 34 22 8 40 33 23 48 31 14 5 25 54 12 29 43 35 15 50 41 4 21 24 26 39 19 36 20 27 30 32 47 10 9 16 38 51 45 18 52 42 37 1 6 3 46 11 17 28 13 

 7 2 49 44 53 34	 => 189
 22 34 53 8 40 33	 => 190
 23 33 40 48 31 14	 => 189
 49 5 25 54 12 44	 => 189
 53 44 12 29 43 8	 => 189
 40 8 43 35 15 48	 => 189
 31 48 15 50 41 4	 => 189
 25 21 24 26 39 54	 => 189
 12 54 39 19 36 29	 => 189
 43 29 36 20 27 35	 => 190
 15 35 27 30 32 50	 => 189
 41 50 32 47 10 9	 => 189
 39 26 16 38 51 19	 => 189
 36 19 51 45 18 20	 => 189
 27 20 18 52 42 30	 => 189
 32 30 42 37 1 47	 => 189
 51 38 6 3 46 45	 => 189
 18 45 46 11 17 52	 => 189
 42 52 17 28 13 37	 => 189


===================[TEST 6]===================

##### START ##### Tue May 13 12:00:44 2003



##### CONVERGE ##### Tue May 13 12:03:52 2003

Elapsed time: 188 seconds
Total loop: 2746 generations

Result : 187.794

18 2 33 46 41 51 5 19 39 36 1 50 48 16 6 43 42 21 35 29 32 22 40 28 3 20 8 25 52 11 30 34 31 12 54 45 10 14 7 47 49 44 23 53 38 37 4 9 15 27 17 26 24 13 

 18 2 33 46 41 51	 => 191
 5 51 41 19 39 36	 => 191
 1 36 39 50 48 16	 => 190
 33 6 43 42 21 46	 => 191
 41 46 21 35 29 19	 => 191
 39 19 29 32 22 50	 => 191
 48 50 22 40 28 3	 => 191
 43 20 8 25 52 42	 => 190
 21 42 52 11 30 35	 => 191
 29 35 30 34 31 32	 => 191
 22 32 31 12 54 40	 => 191
 28 40 54 45 10 14	 => 191
 52 25 7 47 49 11	 => 191
 30 11 49 44 23 34	 => 191
 31 34 23 53 38 12	 => 191
 54 12 38 37 4 45	 => 190
 49 47 9 15 27 44	 => 191
 23 44 27 17 26 53	 => 190
 38 53 26 24 13 37	 => 191


===================[TEST 7]===================

##### START ##### Tue May 13 12:03:52 2003



##### CONVERGE ##### Tue May 13 12:07:08 2003

Elapsed time: 196 seconds
Total loop: 2880 generations

Result (Solution) : 190

7 1 50 36 49 47 2 8 53 31 5 51 44 6 3 34 35 32 26 39 29 10 43 28 14 18 9 42 52 12 33 22 41 19 48 30 20 21 13 25 46 54 23 45 40 38 15 11 17 37 4 27 16 24 

 7 1 50 36 49 47	 => 190
 2 47 49 8 53 31	 => 190
 5 31 53 51 44 6	 => 190
 50 3 34 35 32 36	 => 190
 49 36 32 26 39 8	 => 190
 53 8 39 29 10 51	 => 190
 44 51 10 43 28 14	 => 190
 34 18 9 42 52 35	 => 190
 32 35 52 12 33 26	 => 190
 39 26 33 22 41 29	 => 190
 10 29 41 19 48 43	 => 190
 28 43 48 30 20 21	 => 190
 52 42 13 25 46 12	 => 190
 33 12 46 54 23 22	 => 190
 41 22 23 45 40 19	 => 190
 48 19 40 38 15 30	 => 190
 46 25 11 17 37 54	 => 190
 23 54 37 4 27 45	 => 190
 40 45 27 16 24 38	 => 190


===================[TEST 8]===================

##### START ##### Tue May 13 12:07:08 2003



##### CONVERGE ##### Tue May 13 12:08:59 2003

Elapsed time: 111 seconds
Total loop: 1620 generations

Result : 187.64

5 24 27 49 47 38 12 14 45 34 20 48 33 10 25 32 51 6 44 30 42 11 52 37 8 4 18 39 46 22 21 35 17 15 53 29 16 3 7 40 36 50 26 54 43 41 9 23 13 28 1 31 2 19 

 5 24 27 49 47 38	 => 190
 12 38 47 14 45 34	 => 190
 20 34 45 48 33 10	 => 190
 27 25 32 51 6 49	 => 190
 47 49 6 44 30 14	 => 190
 45 14 30 42 11 48	 => 190
 33 48 11 52 37 8	 => 189
 32 4 18 39 46 51	 => 190
 6 51 46 22 21 44	 => 190
 30 44 21 35 17 42	 => 189
 11 42 17 15 53 52	 => 190
 37 52 53 29 16 3	 => 190
 46 39 7 40 36 22	 => 190
 21 22 36 50 26 35	 => 190
 17 35 26 54 43 15	 => 190
 53 15 43 41 9 29	 => 190
 36 40 23 13 28 50	 => 190
 26 50 28 1 31 54	 => 190
 43 54 31 2 19 41	 => 190


===================[TEST 9]===================

##### START ##### Tue May 13 12:08:59 2003



##### CONVERGE ##### Tue May 13 12:10:38 2003

Elapsed time: 99 seconds
Total loop: 1440 generations

Result : 187.85

16 8 33 42 54 37 7 13 50 29 2 51 40 18 15 41 48 11 43 27 39 10 45 38 6 14 12 28 47 17 25 36 20 30 46 35 5 21 22 32 44 49 19 34 52 26 1 3 9 53 4 31 24 23 

 16 8 33 42 54 37	 => 190
 7 37 54 13 50 29	 => 190
 2 29 50 51 40 18	 => 190
 33 15 41 48 11 42	 => 190
 54 42 11 43 27 13	 => 190
 50 13 27 39 10 51	 => 190
 40 51 10 45 38 6	 => 190
 41 14 12 28 47 48	 => 190
 11 48 47 17 25 43	 => 191
 27 43 25 36 20 39	 => 190
 10 39 20 30 46 45	 => 190
 38 45 46 35 5 21	 => 190
 47 28 22 32 44 17	 => 190
 25 17 44 49 19 36	 => 190
 20 36 19 34 52 30	 => 191
 46 30 52 26 1 35	 => 190
 44 32 3 9 53 49	 => 190
 19 49 53 4 31 34	 => 190
 52 34 31 24 23 26	 => 190


===================[TEST 10]===================

##### START ##### Tue May 13 12:10:38 2003



##### CONVERGE ##### Tue May 13 12:11:36 2003

Elapsed time: 58 seconds
Total loop: 843 generations

Result : 186.268

13 19 46 35 47 29 2 15 49 48 12 36 37 8 1 34 53 21 32 40 27 23 51 38 4 18 3 39 43 10 30 50 11 24 54 28 5 14 25 31 42 41 16 45 44 33 7 6 17 52 9 26 20 22 

 13 19 46 35 47 29	 => 189
 2 29 47 15 49 48	 => 190
 12 48 49 36 37 8	 => 190
 46 1 34 53 21 35	 => 190
 47 35 21 32 40 15	 => 190
 49 15 40 27 23 36	 => 190
 37 36 23 51 38 4	 => 189
 34 18 3 39 43 53	 => 190
 21 53 43 10 30 32	 => 189
 40 32 30 50 11 27	 => 190
 23 27 11 24 54 51	 => 190
 38 51 54 28 5 14	 => 190
 43 39 25 31 42 10	 => 190
 30 10 42 41 16 50	 => 189
 11 50 16 45 44 24	 => 190
 54 24 44 33 7 28	 => 190
 42 31 6 17 52 41	 => 189
 16 41 52 9 26 45	 => 189
 44 45 26 20 22 33	 => 190



test#	fitness		sum		time
---------------------------------------------------
1	186.85			96
2	187.85			109
3	187.501			94
4	186.255			39
5	186.85			45
6	187.794			188
7	190	190		196
8	187.64			111
9	187.85			99
10	186.268			58


---------------------------------------------------
Best fitness      : 190( test# 7)
Best solution sum : 190( test# 7)
Shortest time     : 39( test# 4)

Average fitness   : 187.486
Average sol. sum  : 190
Average time      : 103.5
