****************** GA TEST *******************

total test#:			 10
hexa min width:			 3
hexa max width:			 5
hexa count:			 19
number count:			 54
population size:		 100
generation size:		 6

tournament winner p:		 1
xover uniform p:		 0.697
do mutation1 p:			 0.1
mutation1 p:			 0.05
do optimize p:			 1
local optimize count:		 6000
do deep better optimize p:	 1
do deep worse optimize p:	 0
do spin p:			 0
spin count:			 1000
do spin apply p:		 1
do mutation2 p:			 0.12
mutation2 p:			 0.08
force mutation2:		 0
replace bad p:			 0.195

converge rate p:		 0.99
converge count:			 1

**********************************************


===================[TEST 1]===================

##### START ##### Tue May 13 12:25:14 2003



##### CONVERGE ##### Tue May 13 12:26:35 2003

Elapsed time: 81 seconds
Total loop: 1181 generations

Result : 187.616

8 2 42 52 47 39 18 7 50 29 16 51 25 19 1 46 36 13 43 28 32 22 49 40 3 5 26 41 37 27 34 23 30 24 33 35 11 21 12 20 53 38 15 54 44 45 9 14 17 48 4 31 10 6 

 8 2 42 52 47 39	 => 190
 18 39 47 7 50 29	 => 190
 16 29 50 51 25 19	 => 190
 42 1 46 36 13 52	 => 190
 47 52 13 43 28 7	 => 190
 50 7 28 32 22 51	 => 190
 25 51 22 49 40 3	 => 190
 46 5 26 41 37 36	 => 191
 13 36 37 27 34 43	 => 190
 28 43 34 23 30 32	 => 190
 22 32 30 24 33 49	 => 190
 40 49 33 35 11 21	 => 189
 37 41 12 20 53 27	 => 190
 34 27 53 38 15 23	 => 190
 30 23 15 54 44 24	 => 190
 33 24 44 45 9 35	 => 190
 53 20 14 17 48 38	 => 190
 15 38 48 4 31 54	 => 190
 44 54 31 10 6 45	 => 190


===================[TEST 2]===================

##### START ##### Tue May 13 12:26:35 2003



##### CONVERGE ##### Tue May 13 12:27:34 2003

Elapsed time: 59 seconds
Total loop: 859 generations

Result : 188.412

18 2 41 49 43 37 4 16 54 36 12 39 40 9 8 22 51 19 25 38 33 10 45 42 14 11 24 30 52 17 27 44 23 26 53 32 15 3 7 50 34 48 20 46 31 35 13 5 6 47 1 28 21 29 

 18 2 41 49 43 37	 => 190
 4 37 43 16 54 36	 => 190
 12 36 54 39 40 9	 => 190
 41 8 22 51 19 49	 => 190
 43 49 19 25 38 16	 => 190
 54 16 38 33 10 39	 => 190
 40 39 10 45 42 14	 => 190
 22 11 24 30 52 51	 => 190
 19 51 52 17 27 25	 => 191
 38 25 27 44 23 33	 => 190
 10 33 23 26 53 45	 => 190
 42 45 53 32 15 3	 => 190
 52 30 7 50 34 17	 => 190
 27 17 34 48 20 44	 => 190
 23 44 20 46 31 26	 => 190
 53 26 31 35 13 32	 => 190
 34 50 5 6 47 48	 => 190
 20 48 47 1 28 46	 => 190
 31 46 28 21 29 35	 => 190


===================[TEST 3]===================

##### START ##### Tue May 13 12:27:34 2003



##### CONVERGE ##### Tue May 13 12:28:44 2003

Elapsed time: 70 seconds
Total loop: 1010 generations

Result : 187.163

7 3 48 49 50 32 6 18 44 40 5 53 37 11 2 45 41 4 35 34 25 16 46 26 12 13 10 30 51 23 36 31 29 20 54 42 8 14 1 47 38 33 28 39 43 22 9 24 27 21 17 52 19 15 

 7 3 48 49 50 32	 => 189
 6 32 50 18 44 40	 => 190
 5 40 44 53 37 11	 => 190
 48 2 45 41 4 49	 => 189
 50 49 4 35 34 18	 => 190
 44 18 34 25 16 53	 => 190
 37 53 16 46 26 12	 => 190
 45 13 10 30 51 41	 => 190
 4 41 51 23 36 35	 => 190
 34 35 36 31 29 25	 => 190
 16 25 29 20 54 46	 => 190
 26 46 54 42 8 14	 => 190
 51 30 1 47 38 23	 => 190
 36 23 38 33 28 31	 => 189
 29 31 28 39 43 20	 => 190
 54 20 43 22 9 42	 => 190
 38 47 24 27 21 33	 => 190
 28 33 21 17 52 39	 => 190
 43 39 52 19 15 22	 => 190


===================[TEST 4]===================

##### START ##### Tue May 13 12:28:44 2003



##### CONVERGE ##### Tue May 13 12:30:44 2003

Elapsed time: 120 seconds
Total loop: 1747 generations

Result : 186.501

3 16 34 47 41 49 1 18 44 36 6 51 32 20 2 53 42 11 40 33 23 21 54 27 4 7 10 28 50 17 30 45 19 29 43 39 12 15 5 52 38 35 25 48 24 46 9 26 8 31 14 37 13 22 

 3 16 34 47 41 49	 => 190
 1 49 41 18 44 36	 => 189
 6 36 44 51 32 20	 => 189
 34 2 53 42 11 47	 => 189
 41 47 11 40 33 18	 => 190
 44 18 33 23 21 51	 => 190
 32 51 21 54 27 4	 => 189
 53 7 10 28 50 42	 => 190
 11 42 50 17 30 40	 => 190
 33 40 30 45 19 23	 => 190
 21 23 19 29 43 54	 => 189
 27 54 43 39 12 15	 => 190
 50 28 5 52 38 17	 => 190
 30 17 38 35 25 45	 => 190
 19 45 25 48 24 29	 => 190
 43 29 24 46 9 39	 => 190
 38 52 26 8 31 35	 => 190
 25 35 31 14 37 48	 => 190
 24 48 37 13 22 46	 => 190


===================[TEST 5]===================

##### START ##### Tue May 13 12:30:44 2003



##### CONVERGE ##### Tue May 13 12:32:34 2003

Elapsed time: 110 seconds
Total loop: 1602 generations

Result : 186.163

5 17 28 40 47 52 4 9 49 27 1 48 44 20 8 36 54 23 26 43 24 16 53 25 3 14 7 37 41 13 32 34 30 21 45 22 2 42 15 33 50 31 29 35 39 51 11 18 19 38 10 46 6 12 

 5 17 28 40 47 52	 => 189
 4 52 47 9 49 27	 => 188
 1 27 49 48 44 20	 => 189
 28 8 36 54 23 40	 => 189
 47 40 23 26 43 9	 => 188
 49 9 43 24 16 48	 => 189
 44 48 16 53 25 3	 => 189
 36 14 7 37 41 54	 => 189
 23 54 41 13 32 26	 => 189
 43 26 32 34 30 24	 => 189
 16 24 30 21 45 53	 => 189
 25 53 45 22 2 42	 => 189
 41 37 15 33 50 13	 => 189
 32 13 50 31 29 34	 => 189
 30 34 29 35 39 21	 => 188
 45 21 39 51 11 22	 => 189
 50 33 18 19 38 31	 => 189
 29 31 38 10 46 35	 => 189
 39 35 46 6 12 51	 => 189


===================[TEST 6]===================

##### START ##### Tue May 13 12:32:34 2003



##### CONVERGE ##### Tue May 13 12:34:25 2003

Elapsed time: 111 seconds
Total loop: 1616 generations

Result : 187.268

10 9 46 32 52 41 4 20 31 43 16 51 38 11 3 45 47 18 33 36 26 27 39 29 7 12 5 28 54 2 37 34 24 22 53 25 21 23 17 40 49 50 19 44 48 42 1 15 6 30 13 35 8 14 

 10 9 46 32 52 41	 => 190
 4 41 52 20 31 43	 => 191
 16 43 31 51 38 11	 => 190
 46 3 45 47 18 32	 => 191
 52 32 18 33 36 20	 => 191
 31 20 36 26 27 51	 => 191
 38 51 27 39 29 7	 => 191
 45 12 5 28 54 47	 => 191
 18 47 54 2 37 33	 => 191
 36 33 37 34 24 26	 => 190
 27 26 24 22 53 39	 => 191
 29 39 53 25 21 23	 => 190
 54 28 17 40 49 2	 => 190
 37 2 49 50 19 34	 => 191
 24 34 19 44 48 22	 => 191
 53 22 48 42 1 25	 => 191
 49 40 15 6 30 50	 => 190
 19 50 30 13 35 44	 => 191
 48 44 35 8 14 42	 => 191


===================[TEST 7]===================

##### START ##### Tue May 13 12:34:25 2003



##### CONVERGE ##### Tue May 13 12:36:20 2003

Elapsed time: 115 seconds
Total loop: 1674 generations

Result : 188.306

5 23 15 53 42 51 2 17 48 30 18 54 31 9 13 44 43 22 29 27 28 16 52 34 3 1 7 45 50 10 36 37 33 14 47 25 21 11 6 40 39 49 19 41 46 32 26 20 4 38 8 35 12 24 

 5 23 15 53 42 51	 => 189
 2 51 42 17 48 30	 => 190
 18 30 48 54 31 9	 => 190
 15 13 44 43 22 53	 => 190
 42 53 22 29 27 17	 => 190
 48 17 27 28 16 54	 => 190
 31 54 16 52 34 3	 => 190
 44 1 7 45 50 43	 => 190
 22 43 50 10 36 29	 => 190
 27 29 36 37 33 28	 => 190
 16 28 33 14 47 52	 => 190
 34 52 47 25 21 11	 => 190
 50 45 6 40 39 10	 => 190
 36 10 39 49 19 37	 => 190
 33 37 19 41 46 14	 => 190
 47 14 46 32 26 25	 => 190
 39 40 20 4 38 49	 => 190
 19 49 38 8 35 41	 => 190
 46 41 35 12 24 32	 => 190


===================[TEST 8]===================

##### START ##### Tue May 13 12:36:20 2003



##### CONVERGE ##### Tue May 13 12:39:08 2003

Elapsed time: 168 seconds
Total loop: 2445 generations

Result : 187.616

19 10 28 52 40 41 1 23 51 34 17 32 42 14 8 50 43 9 30 36 22 26 49 39 2 11 5 35 46 24 38 44 21 18 53 31 3 15 13 27 45 33 6 54 47 37 4 12 25 48 20 29 16 7 

 19 10 28 52 40 41	 => 190
 1 41 40 23 51 34	 => 190
 17 34 51 32 42 14	 => 190
 28 8 50 43 9 52	 => 190
 40 52 9 30 36 23	 => 190
 51 23 36 22 26 32	 => 190
 42 32 26 49 39 2	 => 190
 50 11 5 35 46 43	 => 190
 9 43 46 24 38 30	 => 190
 36 30 38 44 21 22	 => 191
 26 22 21 18 53 49	 => 189
 39 49 53 31 3 15	 => 190
 46 35 13 27 45 24	 => 190
 38 24 45 33 6 44	 => 190
 21 44 6 54 47 18	 => 190
 53 18 47 37 4 31	 => 190
 45 27 12 25 48 33	 => 190
 6 33 48 20 29 54	 => 190
 47 54 29 16 7 37	 => 190


===================[TEST 9]===================

##### START ##### Tue May 13 12:39:08 2003



##### CONVERGE ##### Tue May 13 12:40:09 2003

Elapsed time: 61 seconds
Total loop: 899 generations

Result : 186.306

6 20 28 52 34 48 8 32 43 23 24 29 51 18 17 30 54 7 16 47 36 1 53 50 4 10 13 35 46 26 39 9 40 27 31 41 2 11 15 22 44 45 25 38 49 37 3 14 21 42 5 33 19 12 

 6 20 28 52 34 48	 => 188
 8 48 34 32 43 23	 => 188
 24 23 43 29 51 18	 => 188
 28 17 30 54 7 52	 => 188
 34 52 7 16 47 32	 => 188
 43 32 47 36 1 29	 => 188
 51 29 1 53 50 4	 => 188
 30 10 13 35 46 54	 => 188
 7 54 46 26 39 16	 => 188
 47 16 39 9 40 36	 => 187
 1 36 40 27 31 53	 => 188
 50 53 31 41 2 11	 => 188
 46 35 15 22 44 26	 => 188
 39 26 44 45 25 9	 => 188
 40 9 25 38 49 27	 => 188
 31 27 49 37 3 41	 => 188
 44 22 14 21 42 45	 => 188
 25 45 42 5 33 38	 => 188
 49 38 33 19 12 37	 => 188


===================[TEST 10]===================

##### START ##### Tue May 13 12:40:09 2003



##### CONVERGE ##### Tue May 13 12:41:42 2003

Elapsed time: 93 seconds
Total loop: 1346 generations

Result : 187.794

15 6 27 53 51 39 2 12 52 35 16 43 36 8 3 47 42 19 25 31 30 23 37 50 1 10 20 26 46 21 38 32 34 13 54 28 17 5 9 40 49 29 22 48 41 44 11 24 4 45 14 33 18 7 

 15 6 27 53 51 39	 => 191
 2 39 51 12 52 35	 => 191
 16 35 52 43 36 8	 => 190
 27 3 47 42 19 53	 => 191
 51 53 19 25 31 12	 => 191
 52 12 31 30 23 43	 => 191
 36 43 23 37 50 1	 => 190
 47 10 20 26 46 42	 => 191
 19 42 46 21 38 25	 => 191
 31 25 38 32 34 30	 => 190
 23 30 34 13 54 37	 => 191
 50 37 54 28 17 5	 => 191
 46 26 9 40 49 21	 => 191
 38 21 49 29 22 32	 => 191
 34 32 22 48 41 13	 => 190
 54 13 41 44 11 28	 => 191
 49 40 24 4 45 29	 => 191
 22 29 45 14 33 48	 => 191
 41 48 33 18 7 44	 => 191



test#	fitness		sum		time
---------------------------------------------------
1	187.616			81
2	188.412			59
3	187.163			70
4	186.501			120
5	186.163			110
6	187.268			111
7	188.306			115
8	187.616			168
9	186.306			61
10	187.794			93


---------------------------------------------------
Best fitness      : 188.412( test# 2)
Shortest time     : 59( test# 2)

Average fitness   : 187.314
Average time      : 98.8
