****************** GA TEST *******************

total test#:			 10
hexa min width:			 3
hexa max width:			 5
hexa count:			 19
number count:			 54
population size:		 30
generation size:		 6

tournament winner p:		 1
xover uniform p:		 0.697
do mutation1 p:			 0.1
mutation1 p:			 0.05
do optimize p:			 1
local optimize count:		 6000
do deep better optimize p:	 1
do deep worse optimize p:	 0
do spin p:			 0
spin count:			 1000
do spin apply p:		 1
do mutation2 p:			 0.12
mutation2 p:			 0.08
force mutation2:		 0
replace bad p:			 0.195

converge rate p:		 0.99
converge count:			 1

**********************************************


===================[TEST 1]===================

##### START ##### Tue May 13 11:22:02 2003



##### CONVERGE ##### Tue May 13 11:22:26 2003

Elapsed time: 24 seconds
Total loop: 350 generations

Result : 187.64

14 8 40 48 52 28 4 11 50 45 17 53 22 2 5 29 37 31 23 25 27 24 43 33 15 18 16 36 54 10 35 34 46 3 47 51 7 9 19 30 41 49 21 42 44 32 13 20 12 38 1 39 6 26 

 14 8 40 48 52 28	 => 190
 4 28 52 11 50 45	 => 190
 17 45 50 53 22 2	 => 189
 40 5 29 37 31 48	 => 190
 52 48 31 23 25 11	 => 190
 50 11 25 27 24 53	 => 190
 22 53 24 43 33 15	 => 190
 29 18 16 36 54 37	 => 190
 31 37 54 10 35 23	 => 190
 25 23 35 34 46 27	 => 190
 24 27 46 3 47 43	 => 190
 33 43 47 51 7 9	 => 190
 54 36 19 30 41 10	 => 190
 35 10 41 49 21 34	 => 190
 46 34 21 42 44 3	 => 190
 47 3 44 32 13 51	 => 190
 41 30 20 12 38 49	 => 190
 21 49 38 1 39 42	 => 190
 44 42 39 6 26 32	 => 189


===================[TEST 2]===================

##### START ##### Tue May 13 11:22:26 2003



##### CONVERGE ##### Tue May 13 11:22:42 2003

Elapsed time: 16 seconds
Total loop: 232 generations

Result : 186.049

14 8 25 54 44 45 7 16 47 32 21 53 28 9 10 35 51 15 30 31 20 23 43 40 4 12 17 39 36 26 33 24 52 3 49 50 2 6 13 37 38 46 22 42 48 29 11 27 1 41 5 34 18 19 

 14 8 25 54 44 45	 => 190
 7 45 44 16 47 32	 => 191
 21 32 47 53 28 9	 => 190
 25 10 35 51 15 54	 => 190
 44 54 15 30 31 16	 => 190
 47 16 31 20 23 53	 => 190
 28 53 23 43 40 4	 => 191
 35 12 17 39 36 51	 => 190
 15 51 36 26 33 30	 => 191
 31 30 33 24 52 20	 => 190
 23 20 52 3 49 43	 => 190
 40 43 49 50 2 6	 => 190
 36 39 13 37 38 26	 => 189
 33 26 38 46 22 24	 => 189
 52 24 22 42 48 3	 => 191
 49 3 48 29 11 50	 => 190
 38 37 27 1 41 46	 => 190
 22 46 41 5 34 42	 => 190
 48 42 34 18 19 29	 => 190


===================[TEST 3]===================

##### START ##### Tue May 13 11:22:42 2003



##### CONVERGE ##### Tue May 13 11:22:53 2003

Elapsed time: 11 seconds
Total loop: 144 generations

Result : 185.215

4 7 46 47 32 52 3 23 28 50 22 54 33 1 5 35 49 6 44 36 34 13 51 29 8 9 18 24 53 16 21 43 11 39 41 30 12 25 2 45 48 40 20 38 37 26 15 10 14 31 17 42 19 27 

 4 7 46 47 32 52	 => 188
 3 52 32 23 28 50	 => 188
 22 50 28 54 33 1	 => 188
 46 5 35 49 6 47	 => 188
 32 47 6 44 36 23	 => 188
 28 23 36 34 13 54	 => 188
 33 54 13 51 29 8	 => 188
 35 9 18 24 53 49	 => 188
 6 49 53 16 21 44	 => 189
 36 44 21 43 11 34	 => 189
 13 34 11 39 41 51	 => 189
 29 51 41 30 12 25	 => 188
 53 24 2 45 48 16	 => 188
 21 16 48 40 20 43	 => 188
 11 43 20 38 37 39	 => 188
 41 39 37 26 15 30	 => 188
 48 45 10 14 31 40	 => 188
 20 40 31 17 42 38	 => 188
 37 38 42 19 27 26	 => 189


===================[TEST 4]===================

##### START ##### Tue May 13 11:22:53 2003



##### CONVERGE ##### Tue May 13 11:23:16 2003

Elapsed time: 23 seconds
Total loop: 326 generations

Result : 186.087

14 12 32 54 49 28 4 13 45 50 1 47 42 5 8 25 44 27 29 18 52 15 34 48 3 30 7 40 43 24 23 37 31 17 41 46 10 11 21 26 36 53 16 38 51 33 2 20 19 35 9 39 22 6 

 14 12 32 54 49 28	 => 189
 4 28 49 13 45 50	 => 189
 1 50 45 47 42 5	 => 190
 32 8 25 44 27 54	 => 190
 49 54 27 29 18 13	 => 190
 45 13 18 52 15 47	 => 190
 42 47 15 34 48 3	 => 189
 25 30 7 40 43 44	 => 189
 27 44 43 24 23 29	 => 190
 18 29 23 37 31 52	 => 190
 15 52 31 17 41 34	 => 190
 48 34 41 46 10 11	 => 190
 43 40 21 26 36 24	 => 190
 23 24 36 53 16 37	 => 189
 31 37 16 38 51 17	 => 190
 41 17 51 33 2 46	 => 190
 36 26 20 19 35 53	 => 189
 16 53 35 9 39 38	 => 190
 51 38 39 22 6 33	 => 189


===================[TEST 5]===================

##### START ##### Tue May 13 11:23:16 2003



##### CONVERGE ##### Tue May 13 11:23:44 2003

Elapsed time: 28 seconds
Total loop: 401 generations

Result : 187.85

1 25 28 51 33 52 5 14 48 38 12 43 35 15 7 46 47 11 44 37 27 21 53 20 18 2 23 31 41 17 30 29 24 16 49 36 19 13 8 39 54 34 26 50 45 40 4 9 22 32 6 42 10 3 

 1 25 28 51 33 52	 => 190
 5 52 33 14 48 38	 => 190
 12 38 48 43 35 15	 => 191
 28 7 46 47 11 51	 => 190
 33 51 11 44 37 14	 => 190
 48 14 37 27 21 43	 => 190
 35 43 21 53 20 18	 => 190
 46 2 23 31 41 47	 => 190
 11 47 41 17 30 44	 => 190
 37 44 30 29 24 27	 => 191
 21 27 24 16 49 53	 => 190
 20 53 49 36 19 13	 => 190
 41 31 8 39 54 17	 => 190
 30 17 54 34 26 29	 => 190
 24 29 26 50 45 16	 => 190
 49 16 45 40 4 36	 => 190
 54 39 9 22 32 34	 => 190
 26 34 32 6 42 50	 => 190
 45 50 42 10 3 40	 => 190


===================[TEST 6]===================

##### START ##### Tue May 13 11:23:44 2003



##### CONVERGE ##### Tue May 13 11:24:03 2003

Elapsed time: 19 seconds
Total loop: 254 generations

Result : 186.215

12 15 40 36 45 41 1 7 43 52 11 35 31 18 10 30 53 20 34 47 25 33 48 37 5 2 8 50 46 14 22 44 17 27 39 42 21 3 9 38 32 54 23 29 49 26 6 13 24 28 4 51 16 19 

 12 15 40 36 45 41	 => 189
 1 41 45 7 43 52	 => 189
 11 52 43 35 31 18	 => 190
 40 10 30 53 20 36	 => 189
 45 36 20 34 47 7	 => 189
 43 7 47 25 33 35	 => 190
 31 35 33 48 37 5	 => 189
 30 2 8 50 46 53	 => 189
 20 53 46 14 22 34	 => 189
 47 34 22 44 17 25	 => 189
 33 25 17 27 39 48	 => 189
 37 48 39 42 21 3	 => 190
 46 50 9 38 32 14	 => 189
 22 14 32 54 23 44	 => 189
 17 44 23 29 49 27	 => 189
 39 27 49 26 6 42	 => 189
 32 38 13 24 28 54	 => 189
 23 54 28 4 51 29	 => 189
 49 29 51 16 19 26	 => 190


===================[TEST 7]===================

##### START ##### Tue May 13 11:24:03 2003



##### CONVERGE ##### Tue May 13 11:24:13 2003

Elapsed time: 10 seconds
Total loop: 151 generations

Result : 186.163

27 1 20 52 35 54 2 9 51 38 12 50 32 6 16 37 28 36 34 23 26 30 44 25 8 19 15 43 47 11 33 42 31 17 41 48 10 21 3 39 45 53 4 49 46 24 13 18 5 29 14 40 22 7 

 27 1 20 52 35 54	 => 189
 2 54 35 9 51 38	 => 189
 12 38 51 50 32 6	 => 189
 20 16 37 28 36 52	 => 189
 35 52 36 34 23 9	 => 189
 51 9 23 26 30 50	 => 189
 32 50 30 44 25 8	 => 189
 37 19 15 43 47 28	 => 189
 36 28 47 11 33 34	 => 189
 23 34 33 42 31 26	 => 189
 30 26 31 17 41 44	 => 189
 25 44 41 48 10 21	 => 189
 47 43 3 39 45 11	 => 188
 33 11 45 53 4 42	 => 188
 31 42 4 49 46 17	 => 189
 41 17 46 24 13 48	 => 189
 45 39 18 5 29 53	 => 189
 4 53 29 14 40 49	 => 189
 46 49 40 22 7 24	 => 188


===================[TEST 8]===================

##### START ##### Tue May 13 11:24:13 2003



##### CONVERGE ##### Tue May 13 11:24:25 2003

Elapsed time: 12 seconds
Total loop: 175 generations

Result : 186.794

22 15 32 39 38 44 3 20 54 31 16 36 41 11 8 50 40 21 45 27 30 23 49 24 17 1 2 43 53 12 18 33 37 9 42 51 14 10 5 25 52 46 29 48 34 47 7 6 26 35 4 28 13 19 

 22 15 32 39 38 44	 => 190
 3 44 38 20 54 31	 => 190
 16 31 54 36 41 11	 => 189
 32 8 50 40 21 39	 => 190
 38 39 21 45 27 20	 => 190
 54 20 27 30 23 36	 => 190
 41 36 23 49 24 17	 => 190
 50 1 2 43 53 40	 => 189
 21 40 53 12 18 45	 => 189
 27 45 18 33 37 30	 => 190
 23 30 37 9 42 49	 => 190
 24 49 42 51 14 10	 => 190
 53 43 5 25 52 12	 => 190
 18 12 52 46 29 33	 => 190
 37 33 29 48 34 9	 => 190
 42 9 34 47 7 51	 => 190
 52 25 6 26 35 46	 => 190
 29 46 35 4 28 48	 => 190
 34 48 28 13 19 47	 => 189


===================[TEST 9]===================

##### START ##### Tue May 13 11:24:25 2003



##### CONVERGE ##### Tue May 13 11:24:42 2003

Elapsed time: 17 seconds
Total loop: 226 generations

Result : 185.823

31 2 39 44 45 28 3 26 46 41 21 42 38 1 12 30 48 17 37 20 29 25 34 36 14 24 15 22 50 10 27 33 43 6 53 54 5 7 9 51 47 49 23 52 32 40 4 16 8 18 13 35 11 19 

 31 2 39 44 45 28	 => 189
 3 28 45 26 46 41	 => 189
 21 41 46 42 38 1	 => 189
 39 12 30 48 17 44	 => 190
 45 44 17 37 20 26	 => 189
 46 26 20 29 25 42	 => 188
 38 42 25 34 36 14	 => 189
 30 24 15 22 50 48	 => 189
 17 48 50 10 27 37	 => 189
 20 37 27 33 43 29	 => 189
 25 29 43 6 53 34	 => 190
 36 34 53 54 5 7	 => 189
 50 22 9 51 47 10	 => 189
 27 10 47 49 23 33	 => 189
 43 33 23 52 32 6	 => 189
 53 6 32 40 4 54	 => 189
 47 51 16 8 18 49	 => 189
 23 49 18 13 35 52	 => 190
 32 52 35 11 19 40	 => 189


===================[TEST 10]===================

##### START ##### Tue May 13 11:24:42 2003



##### CONVERGE ##### Tue May 13 11:24:52 2003

Elapsed time: 10 seconds
Total loop: 139 generations

Result : 184.516

1 18 53 39 54 24 6 23 46 36 5 50 28 25 13 38 45 2 42 29 27 15 41 48 7 21 12 26 47 17 37 14 40 22 43 33 4 20 3 44 52 35 34 30 51 32 9 16 11 31 10 49 19 8 

 1 18 53 39 54 24	 => 189
 6 24 54 23 46 36	 => 189
 5 36 46 50 28 25	 => 190
 53 13 38 45 2 39	 => 190
 54 39 2 42 29 23	 => 189
 46 23 29 27 15 50	 => 190
 28 50 15 41 48 7	 => 189
 38 21 12 26 47 45	 => 189
 2 45 47 17 37 42	 => 190
 29 42 37 14 40 27	 => 189
 15 27 40 22 43 41	 => 188
 48 41 43 33 4 20	 => 189
 47 26 3 44 52 17	 => 189
 37 17 52 35 34 14	 => 189
 40 14 34 30 51 22	 => 191
 43 22 51 32 9 33	 => 190
 52 44 16 11 31 35	 => 189
 34 35 31 10 49 30	 => 189
 51 30 49 19 8 32	 => 189



test#	fitness		sum		time
---------------------------------------------------
1	187.64			24
2	186.049			16
3	185.215			11
4	186.087			23
5	187.85			28
6	186.215			19
7	186.163			10
8	186.794			12
9	185.823			17
10	184.516			10


---------------------------------------------------
Best fitness      : 187.85( test# 5)
Shortest time     : 10( test# 7)

Average fitness   : 186.235
Average time      : 17
