****************** GA TEST *******************

total test#:			 10
hexa min width:			 3
hexa max width:			 5
hexa count:			 19
number count:			 54
population size:		 40
generation size:		 12

tournament winner p:		 1
xover uniform p:		 0.697
do mutation1 p:			 0.1
mutation1 p:			 0.05
do optimize p:			 1
local optimize count:		 6000
do deep better optimize p:	 1
do deep worse optimize p:	 0
do spin p:			 0
spin count:			 1000
do spin apply p:		 1
do mutation2 p:			 0.12
mutation2 p:			 0.08
force mutation2:		 0
replace bad p:			 0.195

converge rate p:		 0.99
converge count:			 1

**********************************************


===================[TEST 1]===================

##### START ##### Tue May 13 12:45:21 2003



##### CONVERGE ##### Tue May 13 12:45:42 2003

Elapsed time: 21 seconds
Total loop: 150 generations

Result : 186.412

1 21 30 50 44 42 18 17 36 32 12 48 45 15 4 51 29 24 26 27 37 23 43 16 13 9 6 40 53 25 31 34 33 11 41 47 38 3 8 10 52 39 7 54 49 35 5 22 19 46 14 28 2 20 

 1 21 30 50 44 42	 => 188
 18 42 44 17 36 32	 => 189
 12 32 36 48 45 15	 => 188
 30 4 51 29 24 50	 => 188
 44 50 24 26 27 17	 => 188
 36 17 27 37 23 48	 => 188
 45 48 23 43 16 13	 => 188
 51 9 6 40 53 29	 => 188
 24 29 53 25 31 26	 => 188
 27 26 31 34 33 37	 => 188
 23 37 33 11 41 43	 => 188
 16 43 41 47 38 3	 => 188
 53 40 8 10 52 25	 => 188
 31 25 52 39 7 34	 => 188
 33 34 7 54 49 11	 => 188
 41 11 49 35 5 47	 => 188
 52 10 22 19 46 39	 => 188
 7 39 46 14 28 54	 => 188
 49 54 28 2 20 35	 => 188


===================[TEST 2]===================

##### START ##### Tue May 13 12:45:42 2003



##### CONVERGE ##### Tue May 13 12:46:13 2003

Elapsed time: 31 seconds
Total loop: 229 generations

Result : 186.097

23 11 25 50 42 39 1 27 54 28 7 38 47 16 6 43 49 18 32 21 31 19 33 51 3 2 13 44 40 17 35 29 41 22 45 34 12 15 10 26 53 36 20 48 30 52 8 24 5 46 4 37 9 14 

 23 11 25 50 42 39	 => 190
 1 39 42 27 54 28	 => 191
 7 28 54 38 47 16	 => 190
 25 6 43 49 18 50	 => 191
 42 50 18 32 21 27	 => 190
 54 27 21 31 19 38	 => 190
 47 38 19 33 51 3	 => 191
 43 2 13 44 40 49	 => 191
 18 49 40 17 35 32	 => 191
 21 32 35 29 41 31	 => 189
 19 31 41 22 45 33	 => 191
 51 33 45 34 12 15	 => 190
 40 44 10 26 53 17	 => 190
 35 17 53 36 20 29	 => 190
 41 29 20 48 30 22	 => 190
 45 22 30 52 8 34	 => 191
 53 26 24 5 46 36	 => 190
 20 36 46 4 37 48	 => 191
 30 48 37 9 14 52	 => 190


===================[TEST 3]===================

##### START ##### Tue May 13 12:46:13 2003



##### CONVERGE ##### Tue May 13 12:46:35 2003

Elapsed time: 22 seconds
Total loop: 158 generations

Result : 186.268

26 13 24 49 45 32 2 25 52 33 12 28 54 11 6 41 48 22 19 30 38 17 37 53 1 3 21 29 47 31 23 34 46 8 44 36 16 4 5 27 51 42 9 50 43 40 18 20 10 39 15 35 7 14 

 26 13 24 49 45 32	 => 189
 2 32 45 25 52 33	 => 189
 12 33 52 28 54 11	 => 190
 24 6 41 48 22 49	 => 190
 45 49 22 19 30 25	 => 190
 52 25 30 38 17 28	 => 190
 54 28 17 37 53 1	 => 190
 41 3 21 29 47 48	 => 189
 22 48 47 31 23 19	 => 190
 30 19 23 34 46 38	 => 190
 17 38 46 8 44 37	 => 190
 53 37 44 36 16 4	 => 190
 47 29 5 27 51 31	 => 190
 23 31 51 42 9 34	 => 190
 46 34 9 50 43 8	 => 190
 44 8 43 40 18 36	 => 189
 51 27 20 10 39 42	 => 189
 9 42 39 15 35 50	 => 190
 43 50 35 7 14 40	 => 189


===================[TEST 4]===================

##### START ##### Tue May 13 12:46:35 2003



##### CONVERGE ##### Tue May 13 12:46:56 2003

Elapsed time: 21 seconds
Total loop: 155 generations

Result : 186.478

16 25 32 39 47 31 3 18 40 50 10 52 24 13 7 49 51 12 43 30 28 21 53 22 17 14 8 41 27 36 20 35 33 6 48 42 9 15 1 46 38 34 26 44 45 37 11 19 23 29 2 54 4 5 

 16 25 32 39 47 31	 => 190
 3 31 47 18 40 50	 => 189
 10 50 40 52 24 13	 => 189
 32 7 49 51 12 39	 => 190
 47 39 12 43 30 18	 => 189
 40 18 30 28 21 52	 => 189
 24 52 21 53 22 17	 => 189
 49 14 8 41 27 51	 => 190
 12 51 27 36 20 43	 => 189
 30 43 20 35 33 28	 => 189
 21 28 33 6 48 53	 => 189
 22 53 48 42 9 15	 => 189
 27 41 1 46 38 36	 => 189
 20 36 38 34 26 35	 => 189
 33 35 26 44 45 6	 => 189
 48 6 45 37 11 42	 => 189
 38 46 19 23 29 34	 => 189
 26 34 29 2 54 44	 => 189
 45 44 54 4 5 37	 => 189


===================[TEST 5]===================

##### START ##### Tue May 13 12:46:56 2003



##### CONVERGE ##### Tue May 13 12:47:25 2003

Elapsed time: 29 seconds
Total loop: 211 generations

Result : 185.871

26 17 31 33 49 34 11 12 54 30 8 41 35 21 16 32 50 28 23 44 22 18 42 51 3 5 10 46 47 4 38 27 36 20 52 25 6 14 1 40 53 48 19 43 45 39 9 7 13 29 15 37 24 2 

 26 17 31 33 49 34	 => 190
 11 34 49 12 54 30	 => 190
 8 30 54 41 35 21	 => 189
 31 16 32 50 28 33	 => 190
 49 33 28 23 44 12	 => 189
 54 12 44 22 18 41	 => 191
 35 41 18 42 51 3	 => 190
 32 5 10 46 47 50	 => 190
 28 50 47 4 38 23	 => 190
 44 23 38 27 36 22	 => 190
 18 22 36 20 52 42	 => 190
 51 42 52 25 6 14	 => 190
 47 46 1 40 53 4	 => 191
 38 4 53 48 19 27	 => 189
 36 27 19 43 45 20	 => 190
 52 20 45 39 9 25	 => 190
 53 40 7 13 29 48	 => 190
 19 48 29 15 37 43	 => 191
 45 43 37 24 2 39	 => 190


===================[TEST 6]===================

##### START ##### Tue May 13 12:47:25 2003



##### CONVERGE ##### Tue May 13 12:47:58 2003

Elapsed time: 33 seconds
Total loop: 241 generations

Result : 187.616

15 3 29 53 46 44 5 8 50 37 1 49 39 14 4 28 51 25 16 42 35 6 54 24 18 26 7 27 52 13 33 32 31 21 43 36 23 10 12 38 48 45 19 40 47 41 2 20 9 30 22 34 11 17 

 15 3 29 53 46 44	 => 190
 5 44 46 8 50 37	 => 190
 1 37 50 49 39 14	 => 190
 29 4 28 51 25 53	 => 190
 46 53 25 16 42 8	 => 190
 50 8 42 35 6 49	 => 190
 39 49 6 54 24 18	 => 190
 28 26 7 27 52 51	 => 191
 25 51 52 13 33 16	 => 190
 42 16 33 32 31 35	 => 189
 6 35 31 21 43 54	 => 190
 24 54 43 36 23 10	 => 190
 52 27 12 38 48 13	 => 190
 33 13 48 45 19 32	 => 190
 31 32 19 40 47 21	 => 190
 43 21 47 41 2 36	 => 190
 48 38 20 9 30 45	 => 190
 19 45 30 22 34 40	 => 190
 47 40 34 11 17 41	 => 190


===================[TEST 7]===================

##### START ##### Tue May 13 12:47:58 2003



##### CONVERGE ##### Tue May 13 12:48:27 2003

Elapsed time: 29 seconds
Total loop: 211 generations

Result : 185.857

7 5 44 46 48 40 3 22 51 25 14 49 42 9 17 34 37 12 38 24 15 28 36 26 8 19 11 45 43 21 39 32 41 16 54 50 1 23 6 27 47 33 18 52 30 35 4 10 20 53 2 31 13 29 

 7 5 44 46 48 40	 => 190
 3 40 48 22 51 25	 => 189
 14 25 51 49 42 9	 => 190
 44 17 34 37 12 46	 => 190
 48 46 12 38 24 22	 => 190
 51 22 24 15 28 49	 => 189
 42 49 28 36 26 8	 => 189
 34 19 11 45 43 37	 => 189
 12 37 43 21 39 38	 => 190
 24 38 39 32 41 15	 => 189
 28 15 41 16 54 36	 => 190
 26 36 54 50 1 23	 => 190
 43 45 6 27 47 21	 => 189
 39 21 47 33 18 32	 => 190
 41 32 18 52 30 16	 => 189
 54 16 30 35 4 50	 => 189
 47 27 10 20 53 33	 => 190
 18 33 53 2 31 52	 => 189
 30 52 31 13 29 35	 => 190


===================[TEST 8]===================

##### START ##### Tue May 13 12:48:27 2003



##### CONVERGE ##### Tue May 13 12:48:47 2003

Elapsed time: 20 seconds
Total loop: 148 generations

Result : 186.478

6 16 54 51 35 27 18 32 47 30 9 52 34 17 1 25 48 10 40 22 13 23 42 31 7 26 8 53 29 21 41 28 45 20 46 33 14 24 11 38 37 50 12 36 49 39 2 5 15 44 4 43 19 3 

 6 16 54 51 35 27	 => 189
 18 27 35 32 47 30	 => 189
 9 30 47 52 34 17	 => 189
 54 1 25 48 10 51	 => 189
 35 51 10 40 22 32	 => 190
 47 32 22 13 23 52	 => 189
 34 52 23 42 31 7	 => 189
 25 26 8 53 29 48	 => 189
 10 48 29 21 41 40	 => 189
 22 40 41 28 45 13	 => 189
 23 13 45 20 46 42	 => 189
 31 42 46 33 14 24	 => 190
 29 53 11 38 37 21	 => 189
 41 21 37 50 12 28	 => 189
 45 28 12 36 49 20	 => 190
 46 20 49 39 2 33	 => 189
 37 38 5 15 44 50	 => 189
 12 50 44 4 43 36	 => 189
 49 36 43 19 3 39	 => 189


===================[TEST 9]===================

##### START ##### Tue May 13 12:48:47 2003



##### CONVERGE ##### Tue May 13 12:49:04 2003

Elapsed time: 17 seconds
Total loop: 124 generations

Result : 186.158

9 5 39 38 52 46 1 23 32 36 29 54 25 12 4 53 42 13 30 33 21 26 35 31 18 7 14 22 51 19 34 28 43 15 49 37 27 10 6 41 50 47 11 44 48 16 24 3 8 40 2 45 20 17 

 9 5 39 38 52 46	 => 189
 1 46 52 23 32 36	 => 190
 29 36 32 54 25 12	 => 188
 39 4 53 42 13 38	 => 189
 52 38 13 30 33 23	 => 189
 32 23 33 21 26 54	 => 189
 25 54 26 35 31 18	 => 189
 53 7 14 22 51 42	 => 189
 13 42 51 19 34 30	 => 189
 33 30 34 28 43 21	 => 189
 26 21 43 15 49 35	 => 189
 31 35 49 37 27 10	 => 189
 51 22 6 41 50 19	 => 189
 34 19 50 47 11 28	 => 189
 43 28 11 44 48 15	 => 189
 49 15 48 16 24 37	 => 189
 50 41 3 8 40 47	 => 189
 11 47 40 2 45 44	 => 189
 48 44 45 20 17 16	 => 190


===================[TEST 10]===================

##### START ##### Tue May 13 12:49:04 2003



##### CONVERGE ##### Tue May 13 12:49:52 2003

Elapsed time: 48 seconds
Total loop: 350 generations

Result : 187.306

8 11 23 54 50 43 1 21 52 22 15 41 45 14 7 36 51 18 17 29 30 16 48 35 4 12 6 38 46 33 24 47 42 9 44 53 3 5 13 31 28 37 20 39 32 49 2 27 26 40 19 34 10 25 

 8 11 23 54 50 43	 => 189
 1 43 50 21 52 22	 => 189
 15 22 52 41 45 14	 => 189
 23 7 36 51 18 54	 => 189
 50 54 18 17 29 21	 => 189
 52 21 29 30 16 41	 => 189
 45 41 16 48 35 4	 => 189
 36 12 6 38 46 51	 => 189
 18 51 46 33 24 17	 => 189
 29 17 24 47 42 30	 => 189
 16 30 42 9 44 48	 => 189
 35 48 44 53 3 5	 => 188
 46 38 13 31 28 33	 => 189
 24 33 28 37 20 47	 => 189
 42 47 20 39 32 9	 => 189
 44 9 32 49 2 53	 => 189
 28 31 27 26 40 37	 => 189
 20 37 40 19 34 39	 => 189
 32 39 34 10 25 49	 => 189



test#	fitness		sum		time
---------------------------------------------------
1	186.412			21
2	186.097			31
3	186.268			22
4	186.478			21
5	185.871			29
6	187.616			33
7	185.857			29
8	186.478			20
9	186.158			17
10	187.306			48


---------------------------------------------------
Best fitness      : 187.616( test# 6)
Shortest time     : 17( test# 9)

Average fitness   : 186.454
Average time      : 27.1
