958.204
944.238
545.584
111.711
54.7695
194.369
486.632
721.011
47.6212
864.339
877.397
328.636
368.302
109.342
150.192
397.382
433.45
901.202
102.788
479.402
593.854
123.815
442.051
298.403
185.641
292.868
536.318
399.84
976.167
851.41
488.065
934.371
795.648
33.6486
46.0821
850.418
228.018
532.714
571.428
275.639
397.053
448.825
604.275
765.355
558.167
754.467
162.737
991.617
655.669
265.525
471.019
249.523
389.341
913.069
547.926
574.982
205.938
84.2442
974.822
182.105
935.655
462.887
116.475
731.303
496.536
162.557
581.721
724.554
695.271
153.149
0.192606
92.3244
601.974
604.467
857.68
160.141
358.934
20.4168
151.759
14.6034
285.942
622.777
264.127
675.283
535.847
812.053
250.265
741.784
896.297
225.088
923.889
831.952
687.975
40.3642
563.255
184.51
202.922
144.976
909.064
898.193
298.125
909.256
990.517
900.099
513.724
848.197
60.2404
872.658
868.614
211.999
887.261
154.556
834.776
151.388
829.839
370.623
963.441
80.1039
112.407
859.738
305.191
36.296
691.69
993.166
76.6602
254.945
177.676
279.582
399.921
86.7401
177.775
698.045
995.996
168.292
598.144
509.72
16.4891
658.385
382.378
885.103
870.384
269.64
39.6586
705.16
421.028
869.497
75.7827
384.469
949.601
188.19
244.207
254.793
224.486
935.897
247.959
301.146
190.842
425.635
580.728
590.763
512.375
758.502
288.809
508.372
926.795
886.953
18.0918
943.284
545.338
400.47
828.387
415.722
670.11
868.045
120.882
91.1373
737.543
196.664
475.606
687.144
384.854
719.813
941.936
609.34
655.71
189.895
910.486
846.553
615.53
491.214
437.316
127.905
249.716
726.124
636.277
176.511
613.078
654.368
119.794
158.416
54.8385
948.181
574.137
724.948
816.226
695.019
816.085
553.768
891.684
291.691
240.912
276.538
11.5045
182.849
885.878
667.215
372.744
796.364
513.767
988.274
287.577
951.083
116.179
537.293
677.208
752.456
713.804
290.285
406.824
833.598
448.701
461.663
781.779
22.8383
186.611
598.005
717.858
2.6964
151.773
609.541
294.388
392.685
886.079
305.892
575.534
771.957
973.107
948.278
568.321
486.874
936.552
855.899
437.958
52.731
393.192
115.165
805.187
106.996
405.45
212.011
940.594
854.151
673.674
722.373
876.989
860.285
320.378
594.847
862.982
472.151
204.388
157.369
864.836
90.4677
463.262
440.37
862.425
436.369
388.648
430.746
923.243
325.2
286.645
361.201
377.931
679.837
476.366
183.118
786.833
881.816
395.129
727.427
735.967
68.8034
449.8
612.957
929.088
770.178
207.804
792.07
242.329
412.192
949.439
107.165
502.66
412.701
547.535
365.085
849.07
936.183
795.831
772.313
261.384
82.4763
133.514
639.315
762.313
609.88
822.433
549.146
491.696
217.562
276.573
227.664
286.365
726.373
840.621
215.454
496.551
48.4243
7.52361
738.88
460.616
956.963
846.045
963.276
369.664
393.58
328.361
218.734
329.763
124.192
991.047
591.147
206.668
124.561
230.461
968.982
734.441
52.8938
518.128
226.138
270.456
794.702
453.801
556.821
521.075
294.422
772.274
17.6261
342.846
779.798
756.506
803.463
736.761
602.55
766.739
106.425
996.13
95.0996
325.159
325.893
219.292
316.206
917.04
425.96
440.768
147.501
394.942
175.209
200.395
913.07
401.347
470.851
707.772
855.148
27.6714
228.847
149.57
799.946
246.473
492.416
579.744
2.9785
295.879
316.505
605.529
62.6172
422.93
601.659
157.717
748.089
927.552
377.009
64.2955
844.592
802.969
505.063
992.093
197.911
680.272
192.488
110.981
81.6189
663.338
818.752
936.767
691.01
47.5991
86.3369
490.956
294.072
578.753
70.6994
297.05
874.631
387.204
902.579
937.249
810.134
504.238
94.9654
558.223
431.79
471.974
622.519
276.381
274.943
127.582
268.474
472.853
807.854
460.962
583.834
889.473
124.3
402.587
826.24
815.31
450.186
912.577
306.266
744.257
491.33
376.965
41.3078
365.961
764.169
943.887
303.21
574.303
448.125
398.175
132.526
879.914
870.149
755.045
156.296
145.092
882.627
424.77
617.945
690.481
885.732
201.779
579.954
10.0323
604.366
406.194
825.342
54.5515
318.771
131.608
798.809
810.1
508.573
840.117
176.062
272.742
784.004
479.271
847.045
232.129
877.447
979.572
112.043
747.596
734.617
268.339
892.688
617.244
693.109
510.633
307.724
578.841
712.412
887.678
588.873
316.778
293.872
414.215
371.33
612.643
545.823
170.139
422.743
54.3961
10.2553
598.804
327.138
794.259
78.0758
174.183
26.3876
955.522
153.755
138.431
703.118
888.372
406.769
595.806
505.615
99.8779
106.439
813.34
678.719
818.851
701.018
267.591
135.629
994.89
681.807
506.958
607.532
227.63
677.097
30.2754
282.026
687.352
629.08
609.164
481.611
707.156
783.347
507.999
662.678
937.102
646.43
365.796
825.474
53.1988
961.602
331.09
153.077
68.0404
144.429
831.795
886.891
845.447
99.3866
22.5201
840.337
781.193
529.479
447.869
8.82293
206.575
478.145
290.849
893.928
107.225
900.013
375.539
814.38
683.36
883.538
477.059
620.462
529.968
842.855
445.936
583.166
804.457
777.026
736.243
872.497
921.455
568.038
759.388
766.902
667.425
781.908
607.239
448.618
311.387
55.1087
457.441
517.962
533.254
748.29
411.89
640.478
648.302
787.429
454.859
331.662
670.967
931.917
952.124
200.935
774.772
398.061
784.101
579.228
175.087
520.344
451.725
96.5418
88.3825
211.114
863.444
755.808
993.022
470.683
204.426
304.409
525.792
661.867
822.371
59.0454
410.157
234.261
699.524
58.459
21.6901
154.382
390.121
692.657
86.2995
342.246
893.592
861.071
740.307
677.693
440.3
915.393
198.037
892.025
11.935
286.42
103.139
875.379
42.2273
96.1607
346.062
246.653
400.569
871.854
908.52
222.94
930.9
318.676
457.201
630.423
377.135
478.891
784.806
767.257
171.549
871.105
109.502
65.1406
732.176
849.809
742.834
172.476
765.202
940.871
64.5013
777.137
227.291
167.64
652.516
269.518
263.801
998.578
516.171
664.37
870.432
424.691
887.31
801.332
743.367
344.512
431.755
120.502
823.403
216.561
887.759
994.952
87.6659
997.261
60.0927
819.842
847.07
802.926
992.318
612.272
743.797
56.8198
389.409
971.088
224.46
41.9252
240.606
488.261
40.5035
756.776
152.631
910.936
181.467
39.9411
712.268
924.834
384.453
144.023
45.3359
207.856
360.584
933.095
202.808
448.25
930.356
262.901
268.092
777.426
65.8274
260.411
389.698
809.625
317.231
779.107
780.712
541.691
821.032
21.3178
29.9511
861.536
778.094
182.582
772.472
959.561
222.523
484.74
884.395
606.976
628.763
929.73
814.832
989.347
862.825
17.6407
437.597
793.181
280.542
705.69
570.607
346.369
966.101
960.305
155.994
283.331
739.412
936.706
825.022
560.444
958.024
854.973
421.979
736.118
37.5548
194.451
695.679
260.078
679.191
580.073
867.054
307.954
509.804
681.886
297.301
372.629
699.527
734.898
165.81
980.068
440.588
736.417
326.438
406.689
696.721
482.431
690.02
436.133
419.137
515.042
996.577
377.161
370.015
418.556
113.279
407.57
613.007
808.958
667.647
292.198
389.031
534.701
600.152
898.835
216.587
897.453
271.464
916.114
632.351
437.273
896.182
72.9396
173.69
222.62
479.628
870.411
705.051
169.649
306.544
124.188
684.691
303.121
501.349
54.7056
721.677
614.628
462.275
334.684
423.586
129.923
626.883
812.617
664.624
227.035
711.452
881.211
124.488
982.915
797.324
756.839
420.189
693.506
829.779
593.879
916.126
309.407
464.29
621.177
479.056
770.834
745.365
163.746
73.9546
246.714
218.452
795.632
861.343
680.727
130.316
284.929
810.65
757.199
97.546
475.274
984.233
808.998
356.485
108.721
791.913
153.809
865.56
212.102
847.316
695.339
805.98
763.442
4.7462
270.27
384.618
483.802
41.104
129.984
647.548
115.059
376.698
866
910.69
238.041
546.727
41.0065
522.97
357.377
798.205
620.516
832.651
782.439
429.514
189.137
891.16
221.427
342.946
756.72
433.529
190.262
452.059
239.509
953.703
456.805
509.779
338.322
940.607
550.883
468.305
588.155
665.942
845.003
454.155
576.632
83.0444
0.882272
617.639
606.014
358.26
415.844
226.53
190.911
198.283
656.044
380.048
89.4424
877.471
722.994
846.163
310.999
913.255
298.222
550.509
866.959
755.027
60.2879
205.281
695.635
611.171
673.586
283.79
277.113
518.59
737.945
853.745
601.634
738.827
471.384
207.648
97.0868
887.228
434.179
287.998
85.5103
90.2224
668.045
174.953
967.693
391.039
21.1154
278.693
304.295
319.337
829.201
171.254
74.3644
889.489
376.535
769.999
500.66
