****************** GA TEST *******************

total test#:			 5
hexa min width:			 3
hexa max width:			 6
hexa count:			 30
number count:			 80
population size:		 80
generation size:		 10

tournament winner p:		 0.98
do xover p:			 1
xover:				 2points
do mutation1 p:			 0.1
mutation1 p:			 0.05
do optimize p:			 0.88
local optimize count:		 8000
do deep better optimize p:	 1
do deep worse optimize p:	 0
do spin p:			 0
spin count:			 900
do spin apply p:		 1
do mutation2 p:			 0.1
mutation2 p:			 0.07
force mutation2:		 0
replace bad p:			 0.195

converge rate p:		 0.99
converge count:			 1

**********************************************


===================[TEST 1]===================

##### START ##### Tue May 20 17:31:27 2003



##### CONVERGE ##### Tue May 20 17:32:45 2003

Elapsed time: 78 seconds
Total loop: 378 generations

Result : 268.117

20 37 41 66 60 48 1 50 49 64 10 72 73 4 11 61 70 24 30 42 12 47 43 32 6 8 33 71 29 62 58 56 75 57 38 63 80 16 27 26 39 77 25 9 69 18 45 21 79 15 78 19 17 13 44 74 28 67 51 22 46 59 36 5 7 68 52 40 35 65 53 55 23 34 2 76 3 54 31 14 

 20 37 41 66 60 48	 => 272
 1 48 60 50 49 64	 => 272
 10 64 49 72 73 4	 => 272
 41 11 61 70 24 66	 => 273
 60 66 24 30 42 50	 => 272
 49 50 42 12 47 72	 => 272
 73 72 47 43 32 6	 => 273
 61 8 33 71 29 70	 => 272
 24 70 29 62 58 30	 => 273
 42 30 58 56 75 12	 => 273
 47 12 75 57 38 43	 => 272
 32 43 38 63 80 16	 => 272
 33 27 26 39 77 71	 => 273
 29 71 77 25 9 62	 => 273
 58 62 9 69 18 56	 => 272
 75 56 18 45 21 57	 => 272
 38 57 21 79 15 63	 => 273
 80 63 15 78 19 17	 => 272
 77 39 13 44 74 25	 => 272
 9 25 74 28 67 69	 => 272
 18 69 67 51 22 45	 => 272
 21 45 22 46 59 79	 => 272
 15 79 59 36 5 78	 => 272
 74 44 7 68 52 28	 => 273
 67 28 52 40 35 51	 => 273
 22 51 35 65 53 46	 => 272
 59 46 53 55 23 36	 => 272
 52 68 34 2 76 40	 => 272
 35 40 76 3 54 65	 => 273
 53 65 54 31 14 55	 => 272


===================[TEST 2]===================

##### START ##### Tue May 20 17:32:45 2003



##### CONVERGE ##### Tue May 20 17:33:56 2003

Elapsed time: 71 seconds
Total loop: 352 generations

Result : 262.96

41 6 47 46 68 60 19 15 77 29 14 76 20 52 24 30 71 50 26 64 10 27 75 49 21 16 45 79 28 33 59 67 43 73 40 55 31 18 39 2 23 80 34 13 72 25 51 9 54 37 58 17 70 44 22 66 48 35 53 32 62 61 57 1 11 56 65 63 5 78 38 42 8 3 7 74 12 36 4 69 

 41 6 47 46 68 60	 => 268
 19 60 68 15 77 29	 => 268
 14 29 77 76 20 52	 => 268
 47 24 30 71 50 46	 => 268
 68 46 50 26 64 15	 => 269
 77 15 64 10 27 76	 => 269
 20 76 27 75 49 21	 => 268
 30 16 45 79 28 71	 => 269
 50 71 28 33 59 26	 => 267
 64 26 59 67 43 10	 => 269
 27 10 43 73 40 75	 => 268
 49 75 40 55 31 18	 => 268
 45 39 2 23 80 79	 => 268
 28 79 80 34 13 33	 => 267
 59 33 13 72 25 67	 => 269
 43 67 25 51 9 73	 => 268
 40 73 9 54 37 55	 => 268
 31 55 37 58 17 70	 => 268
 80 23 44 22 66 34	 => 269
 13 34 66 48 35 72	 => 268
 25 72 35 53 32 51	 => 268
 9 51 32 62 61 54	 => 269
 37 54 61 57 1 58	 => 268
 66 22 11 56 65 48	 => 268
 35 48 65 63 5 53	 => 269
 32 53 5 78 38 62	 => 268
 61 62 38 42 8 57	 => 268
 65 56 3 7 74 63	 => 268
 5 63 74 12 36 78	 => 268
 38 78 36 4 69 42	 => 267


===================[TEST 3]===================

##### START ##### Tue May 20 17:33:56 2003



##### CONVERGE ##### Tue May 20 17:35:07 2003

Elapsed time: 71 seconds
Total loop: 341 generations

Result : 271.595

9 1 64 67 78 57 5 50 59 28 32 73 62 22 11 44 55 35 33 13 42 40 65 30 6 4 41 72 61 15 77 48 63 29 36 51 76 19 37 25 27 74 47 8 58 71 45 21 79 60 54 18 17 10 39 80 49 34 46 23 70 38 43 2 3 31 75 56 16 69 52 66 7 20 26 68 14 53 24 12 

 9 1 64 67 78 57	 => 276
 5 57 78 50 59 28	 => 277
 32 28 59 73 62 22	 => 276
 64 11 44 55 35 67	 => 276
 78 67 35 33 13 50	 => 276
 59 50 13 42 40 73	 => 277
 62 73 40 65 30 6	 => 276
 44 4 41 72 61 55	 => 277
 35 55 61 15 77 33	 => 276
 13 33 77 48 63 42	 => 276
 40 42 63 29 36 65	 => 275
 30 65 36 51 76 19	 => 277
 41 37 25 27 74 72	 => 276
 61 72 74 47 8 15	 => 277
 77 15 8 58 71 48	 => 277
 63 48 71 45 21 29	 => 277
 36 29 21 79 60 51	 => 276
 76 51 60 54 18 17	 => 276
 74 27 10 39 80 47	 => 277
 8 47 80 49 34 58	 => 276
 71 58 34 46 23 45	 => 277
 21 45 23 70 38 79	 => 276
 60 79 38 43 2 54	 => 276
 80 39 3 31 75 49	 => 277
 34 49 75 56 16 46	 => 276
 23 46 16 69 52 70	 => 276
 38 70 52 66 7 43	 => 276
 75 31 20 26 68 56	 => 276
 16 56 68 14 53 69	 => 276
 52 69 53 24 12 66	 => 276


===================[TEST 4]===================

##### START ##### Tue May 20 17:35:07 2003



##### CONVERGE ##### Tue May 20 17:36:03 2003

Elapsed time: 56 seconds
Total loop: 275 generations

Result : 266.833

33 30 73 39 74 21 3 46 78 48 8 36 77 23 31 47 24 57 49 5 29 76 55 7 19 10 70 56 63 16 61 64 62 14 34 80 22 72 1 32 42 69 54 12 66 51 38 41 26 75 43 35 15 20 25 60 50 28 17 71 27 68 40 18 9 67 59 79 37 53 65 58 13 11 2 52 4 45 6 44 

 33 30 73 39 74 21	 => 270
 3 21 74 46 78 48	 => 270
 8 48 78 36 77 23	 => 270
 73 31 47 24 57 39	 => 271
 74 39 57 49 5 46	 => 270
 78 46 5 29 76 36	 => 270
 77 36 76 55 7 19	 => 270
 47 10 70 56 63 24	 => 270
 57 24 63 16 61 49	 => 270
 5 49 61 64 62 29	 => 270
 76 29 62 14 34 55	 => 270
 7 55 34 80 22 72	 => 270
 70 1 32 42 69 56	 => 270
 63 56 69 54 12 16	 => 270
 61 16 12 66 51 64	 => 270
 62 64 51 38 41 14	 => 270
 34 14 41 26 75 80	 => 270
 22 80 75 43 35 15	 => 270
 69 42 20 25 60 54	 => 270
 12 54 60 50 28 66	 => 270
 51 66 28 17 71 38	 => 271
 41 38 71 27 68 26	 => 271
 75 26 68 40 18 43	 => 270
 60 25 9 67 59 50	 => 270
 28 50 59 79 37 17	 => 270
 71 17 37 53 65 27	 => 270
 68 27 65 58 13 40	 => 271
 59 67 11 2 52 79	 => 270
 37 79 52 4 45 53	 => 270
 65 53 45 6 44 58	 => 271


===================[TEST 5]===================

##### START ##### Tue May 20 17:36:03 2003



##### CONVERGE ##### Tue May 20 17:36:36 2003

Elapsed time: 33 seconds
Total loop: 159 generations

Result : 264.5

36 4 51 69 66 43 8 50 80 22 14 62 74 18 10 53 73 13 46 26 32 19 71 42 1 2 70 55 17 64 56 29 79 48 20 68 40 28 3 24 58 59 63 11 33 77 25 12 65 57 61 34 9 38 21 31 78 52 6 76 47 44 35 7 15 75 49 39 45 54 41 72 30 23 16 67 27 37 5 60 

 36 4 51 69 66 43	 => 269
 8 43 66 50 80 22	 => 269
 14 22 80 62 74 18	 => 270
 51 10 53 73 13 69	 => 269
 66 69 13 46 26 50	 => 270
 80 50 26 32 19 62	 => 269
 74 62 19 71 42 1	 => 269
 53 2 70 55 17 73	 => 270
 13 73 17 64 56 46	 => 269
 26 46 56 29 79 32	 => 268
 19 32 79 48 20 71	 => 269
 42 71 20 68 40 28	 => 269
 70 3 24 58 59 55	 => 269
 17 55 59 63 11 64	 => 269
 56 64 11 33 77 29	 => 270
 79 29 77 25 12 48	 => 270
 20 48 12 65 57 68	 => 270
 40 68 57 61 34 9	 => 269
 59 58 38 21 31 63	 => 270
 11 63 31 78 52 33	 => 268
 77 33 52 6 76 25	 => 269
 12 25 76 47 44 65	 => 269
 57 65 44 35 7 61	 => 269
 31 21 15 75 49 78	 => 269
 52 78 49 39 45 6	 => 269
 76 6 45 54 41 47	 => 269
 44 47 41 72 30 35	 => 269
 49 75 23 16 67 39	 => 269
 45 39 67 27 37 54	 => 269
 41 54 37 5 60 72	 => 269



test#	fitness		sum		time
---------------------------------------------------
1	268.117				78
2	262.96				71
3	271.595				71
4	266.833				56
5	264.5				33


---------------------------------------------------
Best fitness      : 271.595 ( test# 3)
Shortest time     : 33 ( test# 5)

Average fitness   : 266.801
Average time      : 61.8
