****************** GA TEST *******************

total test#:			 5
hexa min width:			 3
hexa max width:			 6
hexa count:			 30
number count:			 80
population size:		 80
generation size:		 10

tournament winner p:		 0.98
do xover p:			 1
xover:				 2points
do mutation1 p:			 0.1
mutation1 p:			 0.05
do optimize p:			 0.98
local optimize count:		 9000
do deep better optimize p:	 1
do deep worse optimize p:	 0
do spin p:			 0
spin count:			 900
do spin apply p:		 1
do mutation2 p:			 0.1
mutation2 p:			 0.07
force mutation2:		 0
replace bad p:			 0.195

converge rate p:		 0.99
converge count:			 1

**********************************************


===================[TEST 1]===================

##### START ##### Tue May 20 17:36:37 2003



##### CONVERGE ##### Tue May 20 17:37:58 2003

Elapsed time: 81 seconds
Total loop: 316 generations

Result : 271.222

14 8 56 74 76 46 12 32 61 48 26 80 36 23 5 42 78 20 69 4 33 65 70 3 21 6 57 77 15 27 66 59 44 9 54 75 51 22 10 24 34 73 58 25 43 55 67 41 17 79 60 7 2 1 45 64 49 35 37 38 50 62 29 28 31 18 68 47 39 40 71 52 11 53 16 72 13 63 30 19 

 14 8 56 74 76 46	 => 274
 12 46 76 32 61 48	 => 275
 26 48 61 80 36 23	 => 274
 56 5 42 78 20 74	 => 275
 76 74 20 69 4 32	 => 275
 61 32 4 33 65 80	 => 275
 36 80 65 70 3 21	 => 275
 42 6 57 77 15 78	 => 275
 20 78 15 27 66 69	 => 275
 4 69 66 59 44 33	 => 275
 65 33 44 9 54 70	 => 275
 3 70 54 75 51 22	 => 275
 57 10 24 34 73 77	 => 275
 15 77 73 58 25 27	 => 275
 66 27 25 43 55 59	 => 275
 44 59 55 67 41 9	 => 275
 54 9 41 17 79 75	 => 275
 51 75 79 60 7 2	 => 274
 73 34 1 45 64 58	 => 275
 25 58 64 49 35 43	 => 274
 55 43 35 37 38 67	 => 275
 41 67 38 50 62 17	 => 275
 79 17 62 29 28 60	 => 275
 64 45 31 18 68 49	 => 275
 35 49 68 47 39 37	 => 275
 38 37 39 40 71 50	 => 275
 62 50 71 52 11 29	 => 275
 68 18 53 16 72 47	 => 274
 39 47 72 13 63 40	 => 274
 71 40 63 30 19 52	 => 275


===================[TEST 2]===================

##### START ##### Tue May 20 17:37:58 2003



##### CONVERGE ##### Tue May 20 17:38:56 2003

Elapsed time: 58 seconds
Total loop: 226 generations

Result : 265.601

11 2 60 42 79 76 6 7 64 38 53 25 72 17 3 27 75 63 24 55 45 74 61 21 16 18 50 78 22 26 59 52 34 19 37 66 77 8 14 9 71 47 67 30 23 80 36 49 56 43 51 1 32 5 39 41 35 73 13 44 70 15 57 48 31 65 58 62 29 46 68 40 20 4 12 69 10 54 33 28 

 11 2 60 42 79 76	 => 270
 6 76 79 7 64 38	 => 270
 53 38 64 25 72 17	 => 269
 60 3 27 75 63 42	 => 270
 79 42 63 24 55 7	 => 270
 64 7 55 45 74 25	 => 270
 72 25 74 61 21 16	 => 269
 27 18 50 78 22 75	 => 270
 63 75 22 26 59 24	 => 269
 55 24 59 52 34 45	 => 269
 74 45 34 19 37 61	 => 270
 21 61 37 66 77 8	 => 270
 50 14 9 71 47 78	 => 269
 22 78 47 67 30 26	 => 270
 59 26 30 23 80 52	 => 270
 34 52 80 36 49 19	 => 270
 37 19 49 56 43 66	 => 270
 77 66 43 51 1 32	 => 270
 47 71 5 39 41 67	 => 270
 30 67 41 35 73 23	 => 269
 80 23 73 13 44 36	 => 269
 49 36 44 70 15 56	 => 270
 43 56 15 57 48 51	 => 270
 41 39 31 65 58 35	 => 269
 73 35 58 62 29 13	 => 270
 44 13 29 46 68 70	 => 270
 15 70 68 40 20 57	 => 270
 58 65 4 12 69 62	 => 270
 29 62 69 10 54 46	 => 270
 68 46 54 33 28 40	 => 269


===================[TEST 3]===================

##### START ##### Tue May 20 17:38:56 2003



##### CONVERGE ##### Tue May 20 17:41:01 2003

Elapsed time: 125 seconds
Total loop: 489 generations

Result : 271.417

17 19 35 75 60 68 5 21 79 41 1 80 69 4 3 58 53 50 30 38 24 32 64 20 9 28 25 74 36 27 78 56 48 52 54 59 71 6 26 31 51 67 47 23 44 46 66 7 45 57 42 29 16 15 22 72 34 55 2 61 33 63 49 18 11 65 70 73 40 62 76 10 43 13 39 14 8 77 12 37 

 17 19 35 75 60 68	 => 274
 5 68 60 21 79 41	 => 274
 1 41 79 80 69 4	 => 274
 35 3 58 53 50 75	 => 274
 60 75 50 30 38 21	 => 274
 79 21 38 24 32 80	 => 274
 69 80 32 64 20 9	 => 274
 58 28 25 74 36 53	 => 274
 50 53 36 27 78 30	 => 274
 38 30 78 56 48 24	 => 274
 32 24 48 52 54 64	 => 274
 20 64 54 59 71 6	 => 274
 25 26 31 51 67 74	 => 274
 36 74 67 47 23 27	 => 274
 78 27 23 44 46 56	 => 274
 48 56 46 66 7 52	 => 275
 54 52 7 45 57 59	 => 274
 71 59 57 42 29 16	 => 274
 67 51 15 22 72 47	 => 274
 23 47 72 34 55 44	 => 275
 46 44 55 2 61 66	 => 274
 7 66 61 33 63 45	 => 275
 57 45 63 49 18 42	 => 274
 72 22 11 65 70 34	 => 274
 55 34 70 73 40 2	 => 274
 61 2 40 62 76 33	 => 274
 63 33 76 10 43 49	 => 274
 70 65 13 39 14 73	 => 274
 40 73 14 8 77 62	 => 274
 76 62 77 12 37 10	 => 274


===================[TEST 4]===================

##### START ##### Tue May 20 17:41:01 2003



##### CONVERGE ##### Tue May 20 17:42:28 2003

Elapsed time: 87 seconds
Total loop: 339 generations

Result : 271.826

11 8 76 57 65 58 17 20 78 37 2 54 68 36 7 14 70 51 19 63 22 38 72 34 9 6 67 79 39 16 80 35 56 40 47 61 48 13 18 26 32 53 66 21 50 73 44 27 25 75 45 15 31 24 29 71 55 12 52 43 62 74 46 10 1 42 77 49 30 60 28 59 5 33 4 69 3 64 41 23 

 11 8 76 57 65 58	 => 275
 17 58 65 20 78 37	 => 275
 2 37 78 54 68 36	 => 275
 76 7 14 70 51 57	 => 275
 65 57 51 19 63 20	 => 275
 78 20 63 22 38 54	 => 275
 68 54 38 72 34 9	 => 275
 14 6 67 79 39 70	 => 275
 51 70 39 16 80 19	 => 275
 63 19 80 35 56 22	 => 275
 38 22 56 40 47 72	 => 275
 34 72 47 61 48 13	 => 275
 67 18 26 32 53 79	 => 275
 39 79 53 66 21 16	 => 274
 80 16 21 50 73 35	 => 275
 56 35 73 44 27 40	 => 275
 47 40 27 25 75 61	 => 275
 48 61 75 45 15 31	 => 275
 53 32 24 29 71 66	 => 275
 21 66 71 55 12 50	 => 275
 73 50 12 52 43 44	 => 274
 27 44 43 62 74 25	 => 275
 75 25 74 46 10 45	 => 275
 71 29 1 42 77 55	 => 275
 12 55 77 49 30 52	 => 275
 43 52 30 60 28 62	 => 275
 74 62 28 59 5 46	 => 274
 77 42 33 4 69 49	 => 274
 30 49 69 3 64 60	 => 275
 28 60 64 41 23 59	 => 275


===================[TEST 5]===================

##### START ##### Tue May 20 17:42:28 2003



##### CONVERGE ##### Tue May 20 17:43:55 2003

Elapsed time: 87 seconds
Total loop: 340 generations

Result : 272.778

30 3 54 67 64 58 39 23 71 21 36 73 56 19 11 44 63 38 45 40 20 50 68 28 2 9 53 76 32 29 69 31 72 10 57 75 33 16 18 15 41 74 52 13 80 55 65 43 22 70 77 8 14 17 42 51 46 35 7 34 47 66 37 5 1 59 78 62 49 79 61 60 6 25 4 48 12 27 24 26 

 30 3 54 67 64 58	 => 276
 39 58 64 23 71 21	 => 276
 36 21 71 73 56 19	 => 276
 54 11 44 63 38 67	 => 277
 64 67 38 45 40 23	 => 277
 71 23 40 20 50 73	 => 277
 56 73 50 68 28 2	 => 277
 44 9 53 76 32 63	 => 277
 38 63 32 29 69 45	 => 276
 40 45 69 31 72 20	 => 277
 50 20 72 10 57 68	 => 277
 28 68 57 75 33 16	 => 277
 53 18 15 41 74 76	 => 277
 32 76 74 52 13 29	 => 276
 69 29 13 80 55 31	 => 277
 72 31 55 65 43 10	 => 276
 57 10 43 22 70 75	 => 277
 33 75 70 77 8 14	 => 277
 74 41 17 42 51 52	 => 277
 13 52 51 46 35 80	 => 277
 55 80 35 7 34 65	 => 276
 43 65 34 47 66 22	 => 277
 70 22 66 37 5 77	 => 277
 51 42 1 59 78 46	 => 277
 35 46 78 62 49 7	 => 277
 34 7 49 79 61 47	 => 277
 66 47 61 60 6 37	 => 277
 78 59 25 4 48 62	 => 276
 49 62 48 12 27 79	 => 277
 61 79 27 24 26 60	 => 277



test#	fitness		sum		time
---------------------------------------------------
1	271.222				81
2	265.601				58
3	271.417				125
4	271.826				87
5	272.778				87


---------------------------------------------------
Best fitness      : 272.778 ( test# 5)
Shortest time     : 58 ( test# 2)

Average fitness   : 270.569
Average time      : 87.6
