****************** GA TEST *******************

total test#:			 5
hexa min width:			 3
hexa max width:			 6
hexa count:			 30
number count:			 80
population size:		 80
generation size:		 10

tournament winner p:		 0.98
do xover p:			 1
xover:				 2points
do mutation1 p:			 0.1
mutation1 p:			 0.05
do optimize p:			 0.98
local optimize count:		 7000
do deep better optimize p:	 1
do deep worse optimize p:	 0
do spin p:			 0
spin count:			 900
do spin apply p:		 1
do mutation2 p:			 0.1
mutation2 p:			 0.07
force mutation2:		 0
replace bad p:			 0.195

converge rate p:		 0.99
converge count:			 1

**********************************************


===================[TEST 1]===================

##### START ##### Tue May 20 17:43:57 2003



##### CONVERGE ##### Tue May 20 17:44:45 2003

Elapsed time: 48 seconds
Total loop: 240 generations

Result : 271.778

6 4 46 77 80 63 5 3 70 55 24 72 43 12 9 71 33 40 44 32 29 69 49 30 13 1 74 52 45 57 56 42 73 19 36 79 60 21 18 14 53 65 37 20 39 62 54 26 48 68 50 8 11 22 31 67 66 47 15 59 38 51 34 25 23 27 61 76 10 75 78 58 17 7 41 64 16 35 28 2 

 6 4 46 77 80 63	 => 276
 5 63 80 3 70 55	 => 276
 24 55 70 72 43 12	 => 276
 46 9 71 33 40 77	 => 276
 80 77 40 44 32 3	 => 276
 70 3 32 29 69 72	 => 275
 43 72 69 49 30 13	 => 276
 71 1 74 52 45 33	 => 276
 40 33 45 57 56 44	 => 275
 32 44 56 42 73 29	 => 276
 69 29 73 19 36 49	 => 275
 30 49 36 79 60 21	 => 275
 74 18 14 53 65 52	 => 276
 45 52 65 37 20 57	 => 276
 56 57 20 39 62 42	 => 276
 73 42 62 54 26 19	 => 276
 36 19 26 48 68 79	 => 276
 60 79 68 50 8 11	 => 276
 65 53 22 31 67 37	 => 275
 20 37 67 66 47 39	 => 276
 62 39 47 15 59 54	 => 276
 26 54 59 38 51 48	 => 276
 68 48 51 34 25 50	 => 276
 67 31 23 27 61 66	 => 275
 47 66 61 76 10 15	 => 275
 59 15 10 75 78 38	 => 275
 51 38 78 58 17 34	 => 276
 61 27 7 41 64 76	 => 276
 10 76 64 16 35 75	 => 276
 78 75 35 28 2 58	 => 276


===================[TEST 2]===================

##### START ##### Tue May 20 17:44:45 2003



##### CONVERGE ##### Tue May 20 17:45:26 2003

Elapsed time: 41 seconds
Total loop: 202 generations

Result : 267.769

4 42 32 73 53 69 3 51 77 19 13 78 58 28 11 48 79 30 38 27 18 23 62 43 9 12 22 72 39 20 67 54 68 75 26 61 76 5 15 57 40 66 29 47 63 21 50 6 59 46 64 1 25 24 65 49 41 44 35 60 45 52 36 16 10 34 74 71 8 55 70 37 33 7 31 56 2 80 17 14 

 4 42 32 73 53 69	 => 273
 3 69 53 51 77 19	 => 272
 13 19 77 78 58 28	 => 273
 32 11 48 79 30 73	 => 273
 53 73 30 38 27 51	 => 272
 77 51 27 18 23 78	 => 274
 58 78 23 62 43 9	 => 273
 48 12 22 72 39 79	 => 272
 30 79 39 20 67 38	 => 273
 27 38 67 54 68 18	 => 272
 23 18 68 75 26 62	 => 272
 43 62 26 61 76 5	 => 273
 22 15 57 40 66 72	 => 272
 39 72 66 29 47 20	 => 273
 67 20 47 63 21 54	 => 272
 68 54 21 50 6 75	 => 274
 26 75 6 59 46 61	 => 273
 76 61 46 64 1 25	 => 273
 66 40 24 65 49 29	 => 273
 47 29 49 41 44 63	 => 273
 21 63 44 35 60 50	 => 273
 6 50 60 45 52 59	 => 272
 46 59 52 36 16 64	 => 273
 49 65 10 34 74 41	 => 273
 44 41 74 71 8 35	 => 273
 60 35 8 55 70 45	 => 273
 52 45 70 37 33 36	 => 273
 74 34 7 31 56 71	 => 273
 8 71 56 2 80 55	 => 272
 70 55 80 17 14 37	 => 273


===================[TEST 3]===================

##### START ##### Tue May 20 17:45:26 2003



##### CONVERGE ##### Tue May 20 17:46:34 2003

Elapsed time: 68 seconds
Total loop: 346 generations

Result : 268.984

3 32 58 69 76 34 1 27 60 75 15 80 19 24 4 48 51 42 28 31 29 46 50 64 14 11 21 70 72 6 73 55 57 35 56 17 66 20 30 26 77 49 40 36 59 44 43 39 47 79 38 18 54 10 45 52 33 53 13 61 5 78 23 8 7 65 71 41 62 63 68 74 25 12 16 67 2 37 9 22 

 3 32 58 69 76 34	 => 272
 1 34 76 27 60 75	 => 273
 15 75 60 80 19 24	 => 273
 58 4 48 51 42 69	 => 272
 76 69 42 28 31 27	 => 273
 60 27 31 29 46 80	 => 273
 19 80 46 50 64 14	 => 273
 48 11 21 70 72 51	 => 273
 42 51 72 6 73 28	 => 272
 31 28 73 55 57 29	 => 273
 46 29 57 35 56 50	 => 273
 64 50 56 17 66 20	 => 273
 21 30 26 77 49 70	 => 273
 72 70 49 40 36 6	 => 273
 73 6 36 59 44 55	 => 273
 57 55 44 43 39 35	 => 273
 56 35 39 47 79 17	 => 273
 66 17 79 38 18 54	 => 272
 49 77 10 45 52 40	 => 273
 36 40 52 33 53 59	 => 273
 44 59 53 13 61 43	 => 273
 39 43 61 5 78 47	 => 273
 79 47 78 23 8 38	 => 273
 52 45 7 65 71 33	 => 273
 53 33 71 41 62 13	 => 273
 61 13 62 63 68 5	 => 272
 78 5 68 74 25 23	 => 273
 71 65 12 16 67 41	 => 272
 62 41 67 2 37 63	 => 272
 68 63 37 9 22 74	 => 273


===================[TEST 4]===================

##### START ##### Tue May 20 17:46:34 2003



##### CONVERGE ##### Tue May 20 17:47:41 2003

Elapsed time: 67 seconds
Total loop: 331 generations

Result : 275.221

5 29 51 68 61 64 2 20 78 54 14 72 48 12 13 26 67 53 49 27 46 36 69 42 11 21 65 77 22 35 52 44 60 33 34 75 57 1 18 10 28 79 40 25 66 56 62 23 39 74 59 6 7 24 37 70 30 47 9 38 45 71 31 4 15 50 76 73 43 63 80 19 32 16 8 55 3 41 17 58 

 5 29 51 68 61 64	 => 278
 2 64 61 20 78 54	 => 279
 14 54 78 72 48 12	 => 278
 51 13 26 67 53 68	 => 278
 61 68 53 49 27 20	 => 278
 78 20 27 46 36 72	 => 279
 48 72 36 69 42 11	 => 278
 26 21 65 77 22 67	 => 278
 53 67 22 35 52 49	 => 278
 27 49 52 44 60 46	 => 278
 36 46 60 33 34 69	 => 278
 42 69 34 75 57 1	 => 278
 65 18 10 28 79 77	 => 277
 22 77 79 40 25 35	 => 278
 52 35 25 66 56 44	 => 278
 60 44 56 62 23 33	 => 278
 34 33 23 39 74 75	 => 278
 57 75 74 59 6 7	 => 278
 79 28 24 37 70 40	 => 278
 25 40 70 30 47 66	 => 278
 56 66 47 9 38 62	 => 278
 23 62 38 45 71 39	 => 278
 74 39 71 31 4 59	 => 278
 70 37 15 50 76 30	 => 278
 47 30 76 73 43 9	 => 278
 38 9 43 63 80 45	 => 278
 71 45 80 19 32 31	 => 278
 76 50 16 8 55 73	 => 278
 43 73 55 3 41 63	 => 278
 80 63 41 17 58 19	 => 278


===================[TEST 5]===================

##### START ##### Tue May 20 17:47:41 2003



##### CONVERGE ##### Tue May 20 17:48:55 2003

Elapsed time: 74 seconds
Total loop: 375 generations

Result : 269.222

18 23 78 79 61 14 4 46 71 77 25 33 35 31 12 19 75 10 66 11 47 65 67 43 30 1 55 49 74 9 39 60 50 29 15 69 59 20 22 13 63 70 17 54 73 38 42 53 27 80 51 7 6 3 76 44 48 37 26 57 36 58 41 16 5 28 72 56 34 52 68 62 8 40 32 45 21 64 2 24 

 18 23 78 79 61 14	 => 273
 4 14 61 46 71 77	 => 273
 25 77 71 33 35 31	 => 272
 78 12 19 75 10 79	 => 273
 61 79 10 66 11 46	 => 273
 71 46 11 47 65 33	 => 273
 35 33 65 67 43 30	 => 273
 19 1 55 49 74 75	 => 273
 10 75 74 9 39 66	 => 273
 11 66 39 60 50 47	 => 273
 65 47 50 29 15 67	 => 273
 43 67 15 69 59 20	 => 273
 55 22 13 63 70 49	 => 272
 74 49 70 17 54 9	 => 273
 39 9 54 73 38 60	 => 273
 50 60 38 42 53 29	 => 272
 15 29 53 27 80 69	 => 273
 59 69 80 51 7 6	 => 272
 70 63 3 76 44 17	 => 273
 54 17 44 48 37 73	 => 273
 38 73 37 26 57 42	 => 273
 53 42 57 36 58 27	 => 273
 80 27 58 41 16 51	 => 273
 44 76 5 28 72 48	 => 273
 37 48 72 56 34 26	 => 273
 57 26 34 52 68 36	 => 273
 58 36 68 62 8 41	 => 273
 72 28 40 32 45 56	 => 273
 34 56 45 21 64 52	 => 272
 68 52 64 2 24 62	 => 272



test#	fitness		sum		time
---------------------------------------------------
1	271.778				48
2	267.769				41
3	268.984				68
4	275.221				67
5	269.222				74


---------------------------------------------------
Best fitness      : 275.221 ( test# 4)
Shortest time     : 41 ( test# 2)

Average fitness   : 270.595
Average time      : 59.6
