****************** GA TEST *******************

total test#:			 5
hexa min width:			 3
hexa max width:			 6
hexa count:			 30
number count:			 80
population size:		 80
generation size:		 10

tournament winner p:		 0.98
do xover p:			 1
xover:				 2points
do mutation1 p:			 0.1
mutation1 p:			 0.05
do optimize p:			 0.98
local optimize count:		 8000
do deep better optimize p:	 1
do deep worse optimize p:	 0
do spin p:			 0
spin count:			 900
do spin apply p:		 1
do mutation2 p:			 0.1
mutation2 p:			 0.07
force mutation2:		 0
replace bad p:			 0.195

converge rate p:		 0.99
converge count:			 1

**********************************************


===================[TEST 1]===================

##### START ##### Tue May 20 17:48:57 2003



##### CONVERGE ##### Tue May 20 17:50:03 2003

Elapsed time: 66 seconds
Total loop: 285 generations

Result : 271.622

18 10 66 63 64 54 3 22 62 70 4 55 72 12 7 26 80 34 45 47 51 39 79 16 14 9 71 65 24 49 43 41 48 21 37 77 60 6 31 2 56 50 28 59 5 78 67 20 46 74 40 13 11 32 36 73 52 58 29 38 44 61 19 35 15 42 57 53 27 69 68 75 8 25 23 76 17 33 30 1 

 18 10 66 63 64 54	 => 275
 3 54 64 22 62 70	 => 275
 4 70 62 55 72 12	 => 275
 66 7 26 80 34 63	 => 276
 64 63 34 45 47 22	 => 275
 62 22 47 51 39 55	 => 276
 72 55 39 79 16 14	 => 275
 26 9 71 65 24 80	 => 275
 34 80 24 49 43 45	 => 275
 47 45 43 41 48 51	 => 275
 39 51 48 21 37 79	 => 275
 16 79 37 77 60 6	 => 275
 71 31 2 56 50 65	 => 275
 24 65 50 28 59 49	 => 275
 43 49 59 5 78 41	 => 275
 48 41 78 67 20 21	 => 275
 37 21 20 46 74 77	 => 275
 60 77 74 40 13 11	 => 275
 50 56 32 36 73 28	 => 275
 59 28 73 52 58 5	 => 275
 78 5 58 29 38 67	 => 275
 20 67 38 44 61 46	 => 276
 74 46 61 19 35 40	 => 275
 73 36 15 42 57 52	 => 275
 58 52 57 53 27 29	 => 276
 38 29 27 69 68 44	 => 275
 61 44 68 75 8 19	 => 275
 57 42 25 23 76 53	 => 276
 27 53 76 17 33 69	 => 275
 68 69 33 30 1 75	 => 276


===================[TEST 2]===================

##### START ##### Tue May 20 17:50:03 2003



##### CONVERGE ##### Tue May 20 17:50:57 2003

Elapsed time: 54 seconds
Total loop: 241 generations

Result : 271.217

7 37 26 80 71 53 1 52 68 29 27 69 79 2 12 33 77 46 14 11 70 4 66 51 5 6 43 75 40 35 62 67 50 74 10 76 41 30 22 3 58 73 31 20 65 25 42 16 34 64 44 32 17 8 48 56 47 54 39 49 60 72 38 21 9 55 59 57 18 45 63 28 13 19 23 61 15 78 36 24 

 7 37 26 80 71 53	 => 274
 1 53 71 52 68 29	 => 274
 27 29 68 69 79 2	 => 274
 26 12 33 77 46 80	 => 274
 71 80 46 14 11 52	 => 274
 68 52 11 70 4 69	 => 274
 79 69 4 66 51 5	 => 274
 33 6 43 75 40 77	 => 274
 46 77 40 35 62 14	 => 274
 11 14 62 67 50 70	 => 274
 4 70 50 74 10 66	 => 274
 51 66 10 76 41 30	 => 274
 43 22 3 58 73 75	 => 274
 40 75 73 31 20 35	 => 274
 62 35 20 65 25 67	 => 274
 50 67 25 42 16 74	 => 274
 10 74 16 34 64 76	 => 274
 41 76 64 44 32 17	 => 274
 73 58 8 48 56 31	 => 274
 20 31 56 47 54 65	 => 273
 25 65 54 39 49 42	 => 274
 16 42 49 60 72 34	 => 273
 64 34 72 38 21 44	 => 273
 56 48 9 55 59 47	 => 274
 54 47 59 57 18 39	 => 274
 49 39 18 45 63 60	 => 274
 72 60 63 28 13 38	 => 274
 59 55 19 23 61 57	 => 274
 18 57 61 15 78 45	 => 274
 63 45 78 36 24 28	 => 274


===================[TEST 3]===================

##### START ##### Tue May 20 17:50:57 2003



##### CONVERGE ##### Tue May 20 17:51:52 2003

Elapsed time: 55 seconds
Total loop: 240 generations

Result : 266.856

21 23 34 60 63 69 6 13 79 40 3 72 74 2 50 18 59 49 28 58 17 31 71 14 8 20 57 64 52 16 66 39 62 22 67 61 45 12 9 48 36 56 47 35 70 44 77 26 41 54 73 32 4 11 65 55 30 33 27 19 78 29 68 5 1 43 76 80 25 75 46 7 42 10 37 24 15 51 53 38 

 21 23 34 60 63 69	 => 270
 6 69 63 13 79 40	 => 270
 3 40 79 72 74 2	 => 270
 34 50 18 59 49 60	 => 270
 63 60 49 28 58 13	 => 271
 79 13 58 17 31 72	 => 270
 74 72 31 71 14 8	 => 270
 18 20 57 64 52 59	 => 270
 49 59 52 16 66 28	 => 270
 58 28 66 39 62 17	 => 270
 31 17 62 22 67 71	 => 270
 14 71 67 61 45 12	 => 270
 57 9 48 36 56 64	 => 270
 52 64 56 47 35 16	 => 270
 66 16 35 70 44 39	 => 270
 62 39 44 77 26 22	 => 270
 67 22 26 41 54 61	 => 271
 45 61 54 73 32 4	 => 269
 56 36 11 65 55 47	 => 270
 35 47 55 30 33 70	 => 270
 44 70 33 27 19 77	 => 270
 26 77 19 78 29 41	 => 270
 54 41 29 68 5 73	 => 270
 55 65 1 43 76 30	 => 270
 33 30 76 80 25 27	 => 271
 19 27 25 75 46 78	 => 270
 29 78 46 7 42 68	 => 270
 76 43 10 37 24 80	 => 270
 25 80 24 15 51 75	 => 270
 46 75 51 53 38 7	 => 270


===================[TEST 4]===================

##### START ##### Tue May 20 17:51:52 2003



##### CONVERGE ##### Tue May 20 17:53:05 2003

Elapsed time: 73 seconds
Total loop: 317 generations

Result : 270.093

7 25 79 49 68 45 18 19 80 43 38 63 48 1 11 29 47 59 65 13 27 71 69 20 2 24 56 77 40 34 28 73 67 22 17 72 44 51 9 3 50 78 21 23 62 54 26 31 57 74 36 14 33 16 32 76 37 55 10 66 52 41 30 35 6 58 64 61 46 39 60 75 15 12 8 70 4 53 5 42 

 7 25 79 49 68 45	 => 273
 18 45 68 19 80 43	 => 273
 38 43 80 63 48 1	 => 273
 79 11 29 47 59 49	 => 274
 68 49 59 65 13 19	 => 273
 80 19 13 27 71 63	 => 273
 48 63 71 69 20 2	 => 273
 29 24 56 77 40 47	 => 273
 59 47 40 34 28 65	 => 273
 13 65 28 73 67 27	 => 273
 71 27 67 22 17 69	 => 273
 20 69 17 72 44 51	 => 273
 56 9 3 50 78 77	 => 273
 40 77 78 21 23 34	 => 273
 28 34 23 62 54 73	 => 274
 67 73 54 26 31 22	 => 273
 17 22 31 57 74 72	 => 273
 44 72 74 36 14 33	 => 273
 78 50 16 32 76 21	 => 273
 23 21 76 37 55 62	 => 274
 54 62 55 10 66 26	 => 273
 31 26 66 52 41 57	 => 273
 74 57 41 30 35 36	 => 273
 76 32 6 58 64 37	 => 273
 55 37 64 61 46 10	 => 273
 66 10 46 39 60 52	 => 273
 41 52 60 75 15 30	 => 273
 64 58 12 8 70 61	 => 273
 46 61 70 4 53 39	 => 273
 60 39 53 5 42 75	 => 274


===================[TEST 5]===================

##### START ##### Tue May 20 17:53:05 2003



##### CONVERGE ##### Tue May 20 17:54:30 2003

Elapsed time: 85 seconds
Total loop: 375 generations

Result : 271.734

20 12 37 77 62 68 13 22 59 51 39 65 35 26 5 74 49 33 50 31 34 64 42 66 3 4 32 72 44 28 71 36 53 19 63 47 56 1 29 17 73 52 61 18 55 67 70 30 41 75 80 8 9 7 25 57 46 38 40 6 69 58 11 10 21 78 48 79 24 60 76 45 16 14 2 54 15 43 23 27 

 20 12 37 77 62 68	 => 276
 13 68 62 22 59 51	 => 275
 39 51 59 65 35 26	 => 275
 37 5 74 49 33 77	 => 275
 62 77 33 50 31 22	 => 275
 59 22 31 34 64 65	 => 275
 35 65 64 42 66 3	 => 275
 74 4 32 72 44 49	 => 275
 33 49 44 28 71 50	 => 275
 31 50 71 36 53 34	 => 275
 64 34 53 19 63 42	 => 275
 66 42 63 47 56 1	 => 275
 32 29 17 73 52 72	 => 275
 44 72 52 61 18 28	 => 275
 71 28 18 55 67 36	 => 275
 53 36 67 70 30 19	 => 275
 63 19 30 41 75 47	 => 275
 56 47 75 80 8 9	 => 275
 52 73 7 25 57 61	 => 275
 18 61 57 46 38 55	 => 275
 67 55 38 40 6 70	 => 276
 30 70 6 69 58 41	 => 274
 75 41 58 11 10 80	 => 275
 57 25 21 78 48 46	 => 275
 38 46 48 79 24 40	 => 275
 6 40 24 60 76 69	 => 275
 58 69 76 45 16 11	 => 275
 48 78 14 2 54 79	 => 275
 24 79 54 15 43 60	 => 275
 76 60 43 23 27 45	 => 274



test#	fitness		sum		time
---------------------------------------------------
1	271.622				66
2	271.217				54
3	266.856				55
4	270.093				73
5	271.734				85


---------------------------------------------------
Best fitness      : 271.734 ( test# 5)
Shortest time     : 54 ( test# 2)

Average fitness   : 270.304
Average time      : 66.6
