****************** GA TEST *******************

total test#:			 5
hexa min width:			 3
hexa max width:			 6
hexa count:			 30
number count:			 80
population size:		 80
generation size:		 10

tournament winner p:		 0.98
do xover p:			 1
xover:				 2points
do mutation1 p:			 0.1
mutation1 p:			 0.05
do optimize p:			 0.98
local optimize count:		 8000
do deep better optimize p:	 0.9
do deep worse optimize p:	 0
do spin p:			 0
spin count:			 900
do spin apply p:		 1
do mutation2 p:			 0.1
mutation2 p:			 0.07
force mutation2:		 0
replace bad p:			 0.195

converge rate p:		 0.99
converge count:			 1

**********************************************


===================[TEST 1]===================

##### START ##### Tue May 20 17:54:32 2003



##### CONVERGE ##### Tue May 20 17:55:27 2003

Elapsed time: 55 seconds
Total loop: 239 generations

Result : 266.856

3 27 41 47 79 73 14 5 76 23 44 78 18 31 1 52 53 77 55 7 70 34 42 74 24 10 69 57 29 11 45 32 60 26 39 65 30 20 17 2 50 75 36 62 40 80 51 21 56 63 43 54 15 12 49 48 16 68 22 9 72 61 28 19 35 64 59 67 38 58 71 25 13 6 8 66 4 37 46 33 

 3 27 41 47 79 73	 => 270
 14 73 79 5 76 23	 => 270
 44 23 76 78 18 31	 => 270
 41 1 52 53 77 47	 => 271
 79 47 77 55 7 5	 => 270
 76 5 7 70 34 78	 => 270
 18 78 34 42 74 24	 => 270
 52 10 69 57 29 53	 => 270
 77 53 29 11 45 55	 => 270
 7 55 45 32 60 70	 => 269
 34 70 60 26 39 42	 => 271
 74 42 39 65 30 20	 => 270
 69 17 2 50 75 57	 => 270
 29 57 75 36 62 11	 => 270
 45 11 62 40 80 32	 => 270
 60 32 80 51 21 26	 => 270
 39 26 21 56 63 65	 => 270
 30 65 63 43 54 15	 => 270
 75 50 12 49 48 36	 => 270
 62 36 48 16 68 40	 => 270
 80 40 68 22 9 51	 => 270
 21 51 9 72 61 56	 => 270
 63 56 61 28 19 43	 => 270
 48 49 35 64 59 16	 => 271
 68 16 59 67 38 22	 => 270
 9 22 38 58 71 72	 => 270
 61 72 71 25 13 28	 => 270
 59 64 6 8 66 67	 => 270
 38 67 66 4 37 58	 => 270
 71 58 37 46 33 25	 => 270


===================[TEST 2]===================

##### START ##### Tue May 20 17:55:27 2003



##### CONVERGE ##### Tue May 20 17:57:22 2003

Elapsed time: 115 seconds
Total loop: 507 generations

Result : 271.323

4 25 57 71 63 55 5 34 54 64 10 77 62 8 36 2 69 41 29 38 32 40 79 12 6 30 68 76 31 28 78 46 53 52 20 80 73 11 19 16 47 49 70 21 37 66 45 14 67 43 48 22 9 3 35 72 51 24 39 65 27 58 44 15 7 50 61 75 26 60 59 74 13 33 1 56 17 42 18 23 

 4 25 57 71 63 55	 => 275
 5 55 63 34 54 64	 => 275
 10 64 54 77 62 8	 => 275
 57 36 2 69 41 71	 => 276
 63 71 41 29 38 34	 => 276
 54 34 38 32 40 77	 => 275
 62 77 40 79 12 6	 => 276
 2 30 68 76 31 69	 => 276
 41 69 31 28 78 29	 => 276
 38 29 78 46 53 32	 => 276
 40 32 53 52 20 79	 => 276
 12 79 20 80 73 11	 => 275
 68 19 16 47 49 76	 => 275
 31 76 49 70 21 28	 => 275
 78 28 21 37 66 46	 => 276
 53 46 66 45 14 52	 => 276
 20 52 14 67 43 80	 => 276
 73 80 43 48 22 9	 => 275
 49 47 3 35 72 70	 => 276
 21 70 72 51 24 37	 => 275
 66 37 24 39 65 45	 => 276
 14 45 65 27 58 67	 => 276
 43 67 58 44 15 48	 => 275
 72 35 7 50 61 51	 => 276
 24 51 61 75 26 39	 => 276
 65 39 26 60 59 27	 => 276
 58 27 59 74 13 44	 => 275
 61 50 33 1 56 75	 => 276
 26 75 56 17 42 60	 => 276
 59 60 42 18 23 74	 => 276


===================[TEST 3]===================

##### START ##### Tue May 20 17:57:22 2003



##### CONVERGE ##### Tue May 20 17:58:59 2003

Elapsed time: 97 seconds
Total loop: 426 generations

Result : 269.201

17 14 62 67 65 49 5 20 78 56 3 73 55 8 11 23 34 76 27 18 19 66 48 29 2 7 75 74 61 4 72 69 68 21 52 64 79 1 31 9 35 50 60 24 57 47 53 16 51 70 44 10 6 12 80 36 58 38 41 37 45 71 22 15 28 46 26 77 33 54 63 59 13 42 43 39 30 40 32 25 

 17 14 62 67 65 49	 => 274
 5 49 65 20 78 56	 => 273
 3 56 78 73 55 8	 => 273
 62 11 23 34 76 67	 => 273
 65 67 76 27 18 20	 => 273
 78 20 18 19 66 73	 => 274
 55 73 66 48 29 2	 => 273
 23 7 75 74 61 34	 => 274
 76 34 61 4 72 27	 => 274
 18 27 72 69 68 19	 => 273
 66 19 68 21 52 48	 => 274
 29 48 52 64 79 1	 => 273
 75 31 9 35 50 74	 => 274
 61 74 50 60 24 4	 => 273
 72 4 24 57 47 69	 => 273
 68 69 47 53 16 21	 => 274
 52 21 16 51 70 64	 => 274
 79 64 70 44 10 6	 => 273
 50 35 12 80 36 60	 => 273
 24 60 36 58 38 57	 => 273
 47 57 38 41 37 53	 => 273
 16 53 37 45 71 51	 => 273
 70 51 71 22 15 44	 => 273
 36 80 28 46 26 58	 => 274
 38 58 26 77 33 41	 => 273
 37 41 33 54 63 45	 => 273
 71 45 63 59 13 22	 => 273
 26 46 42 43 39 77	 => 273
 33 77 39 30 40 54	 => 273
 63 54 40 32 25 59	 => 273


===================[TEST 4]===================

##### START ##### Tue May 20 17:58:59 2003



##### CONVERGE ##### Tue May 20 18:00:08 2003

Elapsed time: 69 seconds
Total loop: 301 generations

Result : 270.093

2 7 78 75 79 32 49 14 80 19 18 76 60 20 15 17 42 46 37 22 39 43 66 25 3 61 53 45 56 23 69 67 40 55 30 65 71 16 31 8 64 72 36 41 29 44 63 4 51 68 54 9 6 11 28 62 35 70 33 34 47 74 21 5 13 77 58 50 27 59 73 57 1 26 10 52 38 48 12 24 

 2 7 78 75 79 32	 => 273
 49 32 79 14 80 19	 => 273
 18 19 80 76 60 20	 => 273
 78 15 17 42 46 75	 => 273
 79 75 46 37 22 14	 => 273
 80 14 22 39 43 76	 => 274
 60 76 43 66 25 3	 => 273
 17 61 53 45 56 42	 => 274
 46 42 56 23 69 37	 => 273
 22 37 69 67 40 39	 => 274
 43 39 40 55 30 66	 => 273
 25 66 30 65 71 16	 => 273
 53 31 8 64 72 45	 => 273
 56 45 72 36 41 23	 => 273
 69 23 41 29 44 67	 => 273
 40 67 44 63 4 55	 => 273
 30 55 4 51 68 65	 => 273
 71 65 68 54 9 6	 => 273
 72 64 11 28 62 36	 => 273
 41 36 62 35 70 29	 => 273
 44 29 70 33 34 63	 => 273
 4 63 34 47 74 51	 => 273
 68 51 74 21 5 54	 => 273
 62 28 13 77 58 35	 => 273
 70 35 58 50 27 33	 => 273
 34 33 27 59 73 47	 => 273
 74 47 73 57 1 21	 => 273
 58 77 26 10 52 50	 => 273
 27 50 52 38 48 59	 => 274
 73 59 48 12 24 57	 => 273


===================[TEST 5]===================

##### START ##### Tue May 20 18:00:08 2003



##### CONVERGE ##### Tue May 20 18:01:11 2003

Elapsed time: 63 seconds
Total loop: 277 generations

Result : 266.622

3 32 65 72 78 20 11 39 45 77 1 73 63 12 28 19 70 16 40 25 59 29 76 24 5 22 31 79 49 47 48 18 80 9 17 74 69 10 8 35 71 46 26 23 67 68 21 75 44 51 66 6 4 41 33 54 43 57 15 42 61 27 52 30 14 64 62 56 37 55 60 58 13 2 36 50 34 38 7 53 

 3 32 65 72 78 20	 => 270
 11 20 78 39 45 77	 => 270
 1 77 45 73 63 12	 => 271
 65 28 19 70 16 72	 => 270
 78 72 16 40 25 39	 => 270
 45 39 25 59 29 73	 => 270
 63 73 29 76 24 5	 => 270
 19 22 31 79 49 70	 => 270
 16 70 49 47 48 40	 => 270
 25 40 48 18 80 59	 => 270
 29 59 80 9 17 76	 => 270
 24 76 17 74 69 10	 => 270
 31 8 35 71 46 79	 => 270
 49 79 46 26 23 47	 => 270
 48 47 23 67 68 18	 => 271
 80 18 68 21 75 9	 => 271
 17 9 75 44 51 74	 => 270
 69 74 51 66 6 4	 => 270
 46 71 41 33 54 26	 => 271
 23 26 54 43 57 67	 => 270
 68 67 57 15 42 21	 => 270
 75 21 42 61 27 44	 => 270
 51 44 27 52 30 66	 => 270
 54 33 14 64 62 43	 => 270
 57 43 62 56 37 15	 => 270
 42 15 37 55 60 61	 => 270
 27 61 60 58 13 52	 => 271
 62 64 2 36 50 56	 => 270
 37 56 50 34 38 55	 => 270
 60 55 38 7 53 58	 => 271



test#	fitness		sum		time
---------------------------------------------------
1	266.856				55
2	271.323				115
3	269.201				97
4	270.093				69
5	266.622				63


---------------------------------------------------
Best fitness      : 271.323 ( test# 2)
Shortest time     : 55 ( test# 1)

Average fitness   : 268.819
Average time      : 79.8
