****************** GA TEST *******************

total test#:			 5
hexa min width:			 3
hexa max width:			 6
hexa count:			 30
number count:			 80
population size:		 80
generation size:		 10

tournament winner p:		 0.98
do xover p:			 1
xover:				 2points
do mutation1 p:			 0.1
mutation1 p:			 0.05
do optimize p:			 0.98
local optimize count:		 8000
do deep better optimize p:	 1
do deep worse optimize p:	 0.1
do spin p:			 0
spin count:			 900
do spin apply p:		 1
do mutation2 p:			 0.1
mutation2 p:			 0.07
force mutation2:		 0
replace bad p:			 0.195

converge rate p:		 0.99
converge count:			 1

**********************************************


===================[TEST 1]===================

##### START ##### Tue May 20 18:01:12 2003



##### CONVERGE ##### Tue May 20 18:04:19 2003

Elapsed time: 187 seconds
Total loop: 825 generations

Result : 235.649

20 45 26 18 55 78 30 10 35 34 80 68 4 21 38 54 31 75 36 49 15 65 56 48 2 44 71 37 5 24 70 32 40 53 13 51 12 61 7 11 64 52 58 66 25 27 43 46 50 29 23 67 60 1 59 9 77 6 62 79 3 22 76 41 74 14 8 72 17 42 39 69 33 47 73 28 63 19 16 57 

 20 45 26 18 55 78	 => 242
 30 78 55 10 35 34	 => 242
 80 34 35 68 4 21	 => 242
 26 38 54 31 75 18	 => 242
 55 18 75 36 49 10	 => 243
 35 10 49 15 65 68	 => 242
 4 68 65 56 48 2	 => 243
 54 44 71 37 5 31	 => 242
 75 31 5 24 70 36	 => 241
 49 36 70 32 40 15	 => 242
 65 15 40 53 13 56	 => 242
 48 56 13 51 12 61	 => 241
 71 7 11 64 52 37	 => 242
 5 37 52 58 66 24	 => 242
 70 24 66 25 27 32	 => 244
 40 32 27 43 46 53	 => 241
 13 53 46 50 29 51	 => 242
 12 51 29 23 67 60	 => 242
 52 64 1 59 9 58	 => 243
 66 58 9 77 6 25	 => 241
 27 25 6 62 79 43	 => 242
 46 43 79 3 22 50	 => 243
 29 50 22 76 41 23	 => 241
 9 59 74 14 8 77	 => 241
 6 77 8 72 17 62	 => 242
 79 62 17 42 39 3	 => 242
 22 3 39 69 33 76	 => 242
 8 14 47 73 28 72	 => 242
 17 72 28 63 19 42	 => 241
 39 42 19 16 57 69	 => 242


===================[TEST 2]===================

##### START ##### Tue May 20 18:04:19 2003



##### CONVERGE ##### Tue May 20 18:06:28 2003

Elapsed time: 129 seconds
Total loop: 569 generations

Result : 246.874

10 54 43 20 80 46 9 39 45 35 27 72 62 12 59 37 63 31 34 49 41 8 28 78 5 24 29 48 51 71 2 61 65 53 58 36 42 11 52 3 64 57 4 22 79 18 40 15 66 25 67 7 76 50 55 23 56 68 17 30 70 33 60 1 44 6 69 16 26 77 32 38 21 75 13 74 47 14 73 19 

 10 54 43 20 80 46	 => 253
 9 46 80 39 45 35	 => 254
 27 35 45 72 62 12	 => 253
 43 59 37 63 31 20	 => 253
 80 20 31 34 49 39	 => 253
 45 39 49 41 8 72	 => 254
 62 72 8 28 78 5	 => 253
 37 24 29 48 51 63	 => 252
 31 63 51 71 2 34	 => 252
 49 34 2 61 65 41	 => 252
 8 41 65 53 58 28	 => 253
 78 28 58 36 42 11	 => 253
 29 52 3 64 57 48	 => 253
 51 48 57 4 22 71	 => 253
 2 71 22 79 18 61	 => 253
 65 61 18 40 15 53	 => 252
 58 53 15 66 25 36	 => 253
 42 36 25 67 7 76	 => 253
 57 64 50 55 23 4	 => 253
 22 4 23 56 68 79	 => 252
 18 79 68 17 30 40	 => 252
 15 40 30 70 33 66	 => 254
 25 66 33 60 1 67	 => 252
 23 55 44 6 69 56	 => 253
 68 56 69 16 26 17	 => 252
 30 17 26 77 32 70	 => 252
 33 70 32 38 21 60	 => 254
 69 6 75 13 74 16	 => 253
 26 16 74 47 14 77	 => 254
 32 77 14 73 19 38	 => 253


===================[TEST 3]===================

##### START ##### Tue May 20 18:06:28 2003



##### CONVERGE ##### Tue May 20 18:09:54 2003

Elapsed time: 206 seconds
Total loop: 912 generations

Result : 244.907

62 53 23 73 30 11 63 56 60 32 21 48 75 15 2 61 26 66 19 7 67 14 33 64 18 36 6 65 58 4 80 50 27 40 71 3 25 57 12 43 47 79 28 17 51 49 74 13 72 52 76 59 37 20 8 69 78 9 29 38 45 10 41 1 39 22 35 77 24 70 46 55 54 16 68 34 42 5 44 31 

 62 53 23 73 30 11	 => 252
 63 11 30 56 60 32	 => 252
 21 32 60 48 75 15	 => 251
 23 2 61 26 66 73	 => 251
 30 73 66 19 7 56	 => 251
 60 56 7 67 14 48	 => 252
 75 48 14 33 64 18	 => 252
 61 36 6 65 58 26	 => 252
 66 26 58 4 80 19	 => 253
 7 19 80 50 27 67	 => 250
 14 67 27 40 71 33	 => 252
 64 33 71 3 25 57	 => 253
 6 12 43 47 79 65	 => 252
 58 65 79 28 17 4	 => 251
 80 4 17 51 49 50	 => 251
 27 50 49 74 13 40	 => 253
 71 40 13 72 52 3	 => 251
 25 3 52 76 59 37	 => 252
 79 47 20 8 69 28	 => 251
 17 28 69 78 9 51	 => 252
 49 51 9 29 38 74	 => 250
 13 74 38 45 10 72	 => 252
 52 72 10 41 1 76	 => 252
 69 8 39 22 35 78	 => 251
 9 78 35 77 24 29	 => 252
 38 29 24 70 46 45	 => 252
 10 45 46 55 54 41	 => 251
 35 22 16 68 34 77	 => 252
 24 77 34 42 5 70	 => 252
 46 70 5 44 31 55	 => 251


===================[TEST 4]===================

##### START ##### Tue May 20 18:09:54 2003



##### CONVERGE ##### Tue May 20 18:12:42 2003

Elapsed time: 168 seconds
Total loop: 741 generations

Result : 233.989

60 38 67 34 26 16 36 68 75 20 80 31 7 28 13 43 32 53 57 4 22 44 10 77 72 62 35 52 18 11 71 49 37 56 73 45 14 23 19 63 8 65 17 78 1 33 58 9 12 46 54 3 79 25 51 76 2 69 39 42 47 74 15 40 6 64 41 24 66 27 21 55 29 48 61 5 70 50 30 59 

 60 38 67 34 26 16	 => 241
 36 16 26 68 75 20	 => 241
 80 20 75 31 7 28	 => 241
 67 13 43 32 53 34	 => 242
 26 34 53 57 4 68	 => 242
 75 68 4 22 44 31	 => 244
 7 31 44 10 77 72	 => 241
 43 62 35 52 18 32	 => 242
 53 32 18 11 71 57	 => 242
 4 57 71 49 37 22	 => 240
 44 22 37 56 73 10	 => 242
 77 10 73 45 14 23	 => 242
 35 19 63 8 65 52	 => 242
 18 52 65 17 78 11	 => 241
 71 11 78 1 33 49	 => 243
 37 49 33 58 9 56	 => 242
 73 56 9 12 46 45	 => 241
 14 45 46 54 3 79	 => 241
 65 8 25 51 76 17	 => 242
 78 17 76 2 69 1	 => 243
 33 1 69 39 42 58	 => 242
 9 58 42 47 74 12	 => 242
 46 12 74 15 40 54	 => 241
 76 51 6 64 41 2	 => 240
 69 2 41 24 66 39	 => 241
 42 39 66 27 21 47	 => 242
 74 47 21 55 29 15	 => 241
 41 64 48 61 5 24	 => 243
 66 24 5 70 50 27	 => 242
 21 27 50 30 59 55	 => 242


===================[TEST 5]===================

##### START ##### Tue May 20 18:12:42 2003



##### CONVERGE ##### Tue May 20 18:14:50 2003

Elapsed time: 128 seconds
Total loop: 566 generations

Result : 245.365

4 42 63 14 56 72 62 1 32 29 61 65 37 28 33 54 50 39 67 75 21 58 52 11 30 41 44 57 5 68 22 35 31 25 64 55 51 18 24 80 34 13 71 38 16 73 43 45 15 48 49 3 46 36 19 79 26 20 76 23 66 60 78 2 47 7 74 40 17 59 10 27 12 8 70 53 6 77 69 9 

 4 42 63 14 56 72	 => 251
 62 72 56 1 32 29	 => 252
 61 29 32 65 37 28	 => 252
 63 33 54 50 39 14	 => 253
 56 14 39 67 75 1	 => 252
 32 1 75 21 58 65	 => 252
 37 65 58 52 11 30	 => 253
 54 41 44 57 5 50	 => 251
 39 50 5 68 22 67	 => 251
 75 67 22 35 31 21	 => 251
 58 21 31 25 64 52	 => 251
 11 52 64 55 51 18	 => 251
 44 24 80 34 13 57	 => 252
 5 57 13 71 38 68	 => 252
 22 68 38 16 73 35	 => 252
 31 35 73 43 45 25	 => 252
 64 25 45 15 48 55	 => 252
 51 55 48 49 3 46	 => 252
 13 34 36 19 79 71	 => 252
 38 71 79 26 20 16	 => 250
 73 16 20 76 23 43	 => 251
 45 43 23 66 60 15	 => 252
 48 15 60 78 2 49	 => 252
 79 19 47 7 74 26	 => 252
 20 26 74 40 17 76	 => 253
 23 76 17 59 10 66	 => 251
 60 66 10 27 12 78	 => 253
 74 7 8 70 53 40	 => 252
 17 40 53 6 77 59	 => 252
 10 59 77 69 9 27	 => 251



test#	fitness		sum		time
---------------------------------------------------
1	235.649				187
2	246.874				129
3	244.907				206
4	233.989				168
5	245.365				128


---------------------------------------------------
Best fitness      : 246.874 ( test# 2)
Shortest time     : 128 ( test# 5)

Average fitness   : 241.357
Average time      : 163.6
