****************** GA TEST *******************

total test#:			 5
hexa min width:			 3
hexa max width:			 6
hexa count:			 30
number count:			 80
population size:		 80
generation size:		 10

tournament winner p:		 0.98
do xover p:			 1
xover:				 2points
do mutation1 p:			 0.1
mutation1 p:			 0.05
do optimize p:			 0.98
local optimize count:		 8000
do deep better optimize p:	 1
do deep worse optimize p:	 0
do spin p:			 0
spin count:			 900
do spin apply p:		 1
do mutation2 p:			 0.1
mutation2 p:			 0.07
force mutation2:		 0
replace bad p:			 0.195

converge rate p:		 0.99
converge count:			 1

**********************************************


===================[TEST 1]===================

##### START ##### Tue May 20 18:14:52 2003



##### CONVERGE ##### Tue May 20 18:15:47 2003

Elapsed time: 55 seconds
Total loop: 241 generations

Result : 266.45

10 2 57 63 71 67 9 28 20 75 24 64 47 40 23 32 42 53 25 30 58 70 48 36 5 1 60 80 56 41 54 65 38 45 11 66 78 31 21 22 73 15 62 16 17 77 27 19 61 69 14 39 4 13 33 74 43 59 44 46 49 68 55 3 6 35 79 37 8 72 52 34 12 50 18 51 26 76 29 7 

 10 2 57 63 71 67	 => 270
 9 67 71 28 20 75	 => 270
 24 75 20 64 47 40	 => 270
 57 23 32 42 53 63	 => 270
 71 63 53 25 30 28	 => 270
 20 28 30 58 70 64	 => 270
 47 64 70 48 36 5	 => 270
 32 1 60 80 56 42	 => 271
 53 42 56 41 54 25	 => 271
 30 25 54 65 38 58	 => 270
 70 58 38 45 11 48	 => 270
 36 48 11 66 78 31	 => 270
 60 21 22 73 15 80	 => 271
 56 80 15 62 16 41	 => 270
 54 41 16 17 77 65	 => 270
 38 65 77 27 19 45	 => 271
 11 45 19 61 69 66	 => 271
 78 66 69 14 39 4	 => 270
 15 73 13 33 74 62	 => 270
 16 62 74 43 59 17	 => 271
 77 17 59 44 46 27	 => 270
 19 27 46 49 68 61	 => 270
 69 61 68 55 3 14	 => 270
 74 33 6 35 79 43	 => 270
 59 43 79 37 8 44	 => 270
 46 44 8 72 52 49	 => 271
 68 49 52 34 12 55	 => 270
 79 35 50 18 51 37	 => 270
 8 37 51 26 76 72	 => 270
 52 72 76 29 7 34	 => 270


===================[TEST 2]===================

##### START ##### Tue May 20 18:15:47 2003



##### CONVERGE ##### Tue May 20 18:17:02 2003

Elapsed time: 75 seconds
Total loop: 329 generations

Result : 269.778

31 15 62 44 75 47 8 5 61 77 40 41 35 19 4 39 80 45 34 71 38 58 69 49 22 3 53 72 26 43 46 36 48 59 2 65 60 29 14 17 68 50 28 55 63 32 78 20 52 76 54 9 10 7 51 70 37 21 56 24 25 74 12 6 1 42 73 64 23 67 79 66 18 11 27 57 30 33 16 13 

 31 15 62 44 75 47	 => 274
 8 47 75 5 61 77	 => 273
 40 77 61 41 35 19	 => 273
 62 4 39 80 45 44	 => 274
 75 44 45 34 71 5	 => 274
 61 5 71 38 58 41	 => 274
 35 41 58 69 49 22	 => 274
 39 3 53 72 26 80	 => 273
 45 80 26 43 46 34	 => 274
 71 34 46 36 48 38	 => 273
 58 38 48 59 2 69	 => 274
 49 69 2 65 60 29	 => 274
 53 14 17 68 50 72	 => 274
 26 72 50 28 55 43	 => 274
 46 43 55 63 32 36	 => 275
 48 36 32 78 20 59	 => 273
 2 59 20 52 76 65	 => 274
 60 65 76 54 9 10	 => 274
 50 68 7 51 70 28	 => 274
 55 28 70 37 21 63	 => 274
 32 63 21 56 24 78	 => 274
 20 78 24 25 74 52	 => 273
 76 52 74 12 6 54	 => 274
 70 51 1 42 73 37	 => 274
 21 37 73 64 23 56	 => 274
 24 56 23 67 79 25	 => 274
 74 25 79 66 18 12	 => 274
 73 42 11 27 57 64	 => 274
 23 64 57 30 33 67	 => 274
 79 67 33 16 13 66	 => 274


===================[TEST 3]===================

##### START ##### Tue May 20 18:17:02 2003



##### CONVERGE ##### Tue May 20 18:18:28 2003

Elapsed time: 86 seconds
Total loop: 374 generations

Result : 268.995

27 10 52 69 72 43 34 42 75 7 11 65 79 36 5 13 76 58 8 25 49 18 77 19 16 6 66 74 38 44 50 80 62 17 51 68 47 12 3 1 71 59 28 31 37 32 54 30 55 53 39 26 41 21 35 60 48 70 24 56 14 64 61 2 23 63 45 46 40 67 73 57 4 20 22 78 9 33 29 15 

 27 10 52 69 72 43	 => 273
 34 43 72 42 75 7	 => 273
 11 7 75 65 79 36	 => 273
 52 5 13 76 58 69	 => 273
 72 69 58 8 25 42	 => 274
 75 42 25 49 18 65	 => 274
 79 65 18 77 19 16	 => 274
 13 6 66 74 38 76	 => 273
 58 76 38 44 50 8	 => 274
 25 8 50 80 62 49	 => 274
 18 49 62 17 51 77	 => 274
 19 77 51 68 47 12	 => 274
 66 3 1 71 59 74	 => 274
 38 74 59 28 31 44	 => 274
 50 44 31 37 32 80	 => 274
 62 80 32 54 30 17	 => 275
 51 17 30 55 53 68	 => 274
 47 68 53 39 26 41	 => 274
 59 71 21 35 60 28	 => 274
 31 28 60 48 70 37	 => 274
 32 37 70 24 56 54	 => 273
 30 54 56 14 64 55	 => 273
 53 55 64 61 2 39	 => 274
 60 35 23 63 45 48	 => 274
 70 48 45 46 40 24	 => 273
 56 24 40 67 73 14	 => 274
 64 14 73 57 4 61	 => 273
 45 63 20 22 78 46	 => 274
 40 46 78 9 33 67	 => 273
 73 67 33 29 15 57	 => 274


===================[TEST 4]===================

##### START ##### Tue May 20 18:18:28 2003



##### CONVERGE ##### Tue May 20 18:19:44 2003

Elapsed time: 76 seconds
Total loop: 337 generations

Result : 270.601

6 20 31 68 74 76 9 18 56 42 16 73 66 21 3 32 77 64 15 36 52 40 70 4 22 23 26 60 57 12 50 55 67 5 41 79 63 17 33 10 71 75 44 27 78 53 61 34 51 65 54 1 13 8 28 48 58 19 29 35 45 49 25 30 39 43 59 72 38 47 80 62 14 24 7 69 11 37 2 46 

 6 20 31 68 74 76	 => 275
 9 76 74 18 56 42	 => 275
 16 42 56 73 66 21	 => 274
 31 3 32 77 64 68	 => 275
 74 68 64 15 36 18	 => 275
 56 18 36 52 40 73	 => 275
 66 73 40 70 4 22	 => 275
 32 23 26 60 57 77	 => 275
 64 77 57 12 50 15	 => 275
 36 15 50 55 67 52	 => 275
 40 52 67 5 41 70	 => 275
 4 70 41 79 63 17	 => 274
 26 33 10 71 75 60	 => 275
 57 60 75 44 27 12	 => 275
 50 12 27 78 53 55	 => 275
 67 55 53 61 34 5	 => 275
 41 5 34 51 65 79	 => 275
 63 79 65 54 1 13	 => 275
 75 71 8 28 48 44	 => 274
 27 44 48 58 19 78	 => 274
 53 78 19 29 35 61	 => 275
 34 61 35 45 49 51	 => 275
 65 51 49 25 30 54	 => 274
 48 28 39 43 59 58	 => 275
 19 58 59 72 38 29	 => 275
 35 29 38 47 80 45	 => 274
 49 45 80 62 14 25	 => 275
 59 43 24 7 69 72	 => 274
 38 72 69 11 37 47	 => 274
 80 47 37 2 46 62	 => 274


===================[TEST 5]===================

##### START ##### Tue May 20 18:19:44 2003



##### CONVERGE ##### Tue May 20 18:20:59 2003

Elapsed time: 75 seconds
Total loop: 328 generations

Result : 269.734

7 9 56 78 64 59 3 24 71 52 2 80 57 10 14 30 69 26 50 31 42 25 76 19 16 15 67 70 22 32 74 1 75 20 35 66 72 5 11 12 77 36 65 48 45 73 51 54 38 60 40 17 18 13 53 29 41 44 33 27 43 61 46 28 8 79 63 37 55 47 68 34 21 6 39 49 23 62 58 4 

 7 9 56 78 64 59	 => 273
 3 59 64 24 71 52	 => 273
 2 52 71 80 57 10	 => 272
 56 14 30 69 26 78	 => 273
 64 78 26 50 31 24	 => 273
 71 24 31 42 25 80	 => 273
 57 80 25 76 19 16	 => 273
 30 15 67 70 22 69	 => 273
 26 69 22 32 74 50	 => 273
 31 50 74 1 75 42	 => 273
 25 42 75 20 35 76	 => 273
 19 76 35 66 72 5	 => 273
 67 11 12 77 36 70	 => 273
 22 70 36 65 48 32	 => 273
 74 32 48 45 73 1	 => 273
 75 1 73 51 54 20	 => 274
 35 20 54 38 60 66	 => 273
 72 66 60 40 17 18	 => 273
 36 77 13 53 29 65	 => 273
 48 65 29 41 44 45	 => 272
 73 45 44 33 27 51	 => 273
 54 51 27 43 61 38	 => 274
 60 38 61 46 28 40	 => 273
 29 53 8 79 63 41	 => 273
 44 41 63 37 55 33	 => 273
 27 33 55 47 68 43	 => 273
 61 43 68 34 21 46	 => 273
 63 79 6 39 49 37	 => 273
 55 37 49 23 62 47	 => 273
 68 47 62 58 4 34	 => 273



test#	fitness		sum		time
---------------------------------------------------
1	266.45				55
2	269.778				75
3	268.995				86
4	270.601				76
5	269.734				75


---------------------------------------------------
Best fitness      : 270.601 ( test# 4)
Shortest time     : 55 ( test# 1)

Average fitness   : 269.112
Average time      : 73.4
