****************** GA TEST *******************

total test#:			 5
hexa min width:			 3
hexa max width:			 6
hexa count:			 30
number count:			 80
population size:		 80
generation size:		 10

tournament winner p:		 0.98
do xover p:			 1
xover:				 2points
do mutation1 p:			 0.1
mutation1 p:			 0.05
do optimize p:			 0.98
local optimize count:		 8000
do deep better optimize p:	 1
do deep worse optimize p:	 0
do spin p:			 0.1
spin count:			 900
do spin apply p:		 1
do mutation2 p:			 0.1
mutation2 p:			 0.07
force mutation2:		 0
replace bad p:			 0.195

converge rate p:		 0.99
converge count:			 1

**********************************************


===================[TEST 1]===================

##### START ##### Tue May 20 18:21:02 2003



##### CONVERGE ##### Tue May 20 18:22:29 2003

Elapsed time: 87 seconds
Total loop: 359 generations

Result : 269.221

18 34 79 27 75 39 2 57 64 35 28 58 67 20 3 47 60 56 49 8 61 24 71 51 1 22 59 78 6 25 77 37 40 72 4 55 53 38 7 5 43 80 33 50 41 42 65 16 63 62 73 10 19 11 36 68 32 48 31 45 54 29 30 15 44 26 66 74 21 46 76 69 14 13 23 70 9 52 12 17 

 18 34 79 27 75 39	 => 272
 2 39 75 57 64 35	 => 272
 28 35 64 58 67 20	 => 272
 79 3 47 60 56 27	 => 272
 75 27 56 49 8 57	 => 272
 64 57 8 61 24 58	 => 272
 67 58 24 71 51 1	 => 272
 47 22 59 78 6 60	 => 272
 56 60 6 25 77 49	 => 273
 8 49 77 37 40 61	 => 272
 24 61 40 72 4 71	 => 272
 51 71 4 55 53 38	 => 272
 59 7 5 43 80 78	 => 272
 6 78 80 33 50 25	 => 272
 77 25 50 41 42 37	 => 272
 40 37 42 65 16 72	 => 272
 4 72 16 63 62 55	 => 272
 53 55 62 73 10 19	 => 272
 80 43 11 36 68 33	 => 271
 50 33 68 32 48 41	 => 272
 42 41 48 31 45 65	 => 272
 16 65 45 54 29 63	 => 272
 62 63 29 30 15 73	 => 272
 68 36 44 26 66 32	 => 272
 48 32 66 74 21 31	 => 272
 45 31 21 46 76 54	 => 273
 29 54 76 69 14 30	 => 272
 66 26 13 23 70 74	 => 272
 21 74 70 9 52 46	 => 272
 76 46 52 12 17 69	 => 272


===================[TEST 2]===================

##### START ##### Tue May 20 18:22:29 2003



##### CONVERGE ##### Tue May 20 18:24:18 2003

Elapsed time: 109 seconds
Total loop: 450 generations

Result : 270.315

12 9 29 77 75 72 11 3 78 35 52 76 23 10 2 36 60 70 22 28 39 51 67 49 8 6 48 79 45 27 50 73 61 13 43 59 55 1 4 5 71 68 31 24 42 58 32 37 53 69 47 26 18 14 25 66 54 57 20 65 46 41 34 30 33 40 56 80 7 62 74 63 16 19 15 64 44 17 38 21 

 12 9 29 77 75 72	 => 274
 11 72 75 3 78 35	 => 274
 52 35 78 76 23 10	 => 274
 29 2 36 60 70 77	 => 274
 75 77 70 22 28 3	 => 275
 78 3 28 39 51 76	 => 275
 23 76 51 67 49 8	 => 274
 36 6 48 79 45 60	 => 274
 70 60 45 27 50 22	 => 274
 28 22 50 73 61 39	 => 273
 51 39 61 13 43 67	 => 274
 49 67 43 59 55 1	 => 274
 48 4 5 71 68 79	 => 275
 45 79 68 31 24 27	 => 274
 50 27 24 42 58 73	 => 274
 61 73 58 32 37 13	 => 274
 43 13 37 53 69 59	 => 274
 55 59 69 47 26 18	 => 274
 68 71 14 25 66 31	 => 275
 24 31 66 54 57 42	 => 274
 58 42 57 20 65 32	 => 274
 37 32 65 46 41 53	 => 274
 69 53 41 34 30 47	 => 274
 66 25 33 40 56 54	 => 274
 57 54 56 80 7 20	 => 274
 65 20 7 62 74 46	 => 274
 41 46 74 63 16 34	 => 274
 56 40 19 15 64 80	 => 274
 7 80 64 44 17 62	 => 274
 74 62 17 38 21 63	 => 275


===================[TEST 3]===================

##### START ##### Tue May 20 18:24:18 2003



##### CONVERGE ##### Tue May 20 18:25:24 2003

Elapsed time: 66 seconds
Total loop: 273 generations

Result : 268.315

19 10 69 77 61 36 15 45 51 64 20 56 70 12 2 11 63 50 9 30 47 43 65 37 1 23 73 44 58 52 40 67 80 5 33 79 55 3 46 7 68 34 53 31 60 22 59 39 42 74 25 26 13 6 35 75 32 21 72 38 16 78 49 4 41 27 62 71 14 76 57 48 24 28 18 66 17 29 8 54 

 19 10 69 77 61 36	 => 272
 15 36 61 45 51 64	 => 272
 20 64 51 56 70 12	 => 273
 69 2 11 63 50 77	 => 272
 61 77 50 9 30 45	 => 272
 51 45 30 47 43 56	 => 272
 70 56 43 65 37 1	 => 272
 11 23 73 44 58 63	 => 272
 50 63 58 52 40 9	 => 272
 30 9 40 67 80 47	 => 273
 43 47 80 5 33 65	 => 273
 37 65 33 79 55 3	 => 272
 73 46 7 68 34 44	 => 272
 58 44 34 53 31 52	 => 272
 40 52 31 60 22 67	 => 272
 80 67 22 59 39 5	 => 272
 33 5 39 42 74 79	 => 272
 55 79 74 25 26 13	 => 272
 34 68 6 35 75 53	 => 271
 31 53 75 32 21 60	 => 272
 22 60 21 72 38 59	 => 272
 39 59 38 16 78 42	 => 272
 74 42 78 49 4 25	 => 272
 75 35 41 27 62 32	 => 272
 21 32 62 71 14 72	 => 272
 38 72 14 76 57 16	 => 273
 78 16 57 48 24 49	 => 272
 62 27 28 18 66 71	 => 272
 14 71 66 17 29 76	 => 273
 57 76 29 8 54 48	 => 272


===================[TEST 4]===================

##### START ##### Tue May 20 18:25:24 2003



##### CONVERGE ##### Tue May 20 18:26:48 2003

Elapsed time: 84 seconds
Total loop: 346 generations

Result : 269.722

13 7 60 72 59 62 1 17 54 80 2 73 27 37 31 12 75 23 70 33 34 61 67 40 5 9 65 76 36 22 47 64 25 56 30 53 79 4 3 14 41 74 44 21 77 42 38 48 20 66 51 18 6 24 58 32 71 28 45 43 55 69 57 10 19 29 63 50 16 78 35 49 8 11 52 68 15 46 26 39 

 13 7 60 72 59 62	 => 273
 1 62 59 17 54 80	 => 273
 2 80 54 73 27 37	 => 273
 60 31 12 75 23 72	 => 273
 59 72 23 70 33 17	 => 274
 54 17 33 34 61 73	 => 272
 27 73 61 67 40 5	 => 273
 12 9 65 76 36 75	 => 273
 23 75 36 22 47 70	 => 273
 33 70 47 64 25 34	 => 273
 61 34 25 56 30 67	 => 273
 40 67 30 53 79 4	 => 273
 65 3 14 41 74 76	 => 273
 36 76 74 44 21 22	 => 273
 47 22 21 77 42 64	 => 273
 25 64 42 38 48 56	 => 273
 30 56 48 20 66 53	 => 273
 79 53 66 51 18 6	 => 273
 74 41 24 58 32 44	 => 273
 21 44 32 71 28 77	 => 273
 42 77 28 45 43 38	 => 273
 48 38 43 55 69 20	 => 273
 66 20 69 57 10 51	 => 273
 32 58 19 29 63 71	 => 272
 28 71 63 50 16 45	 => 273
 43 45 16 78 35 55	 => 272
 69 55 35 49 8 57	 => 273
 63 29 11 52 68 50	 => 273
 16 50 68 15 46 78	 => 273
 35 78 46 26 39 49	 => 273


===================[TEST 5]===================

##### START ##### Tue May 20 18:26:48 2003



##### CONVERGE ##### Tue May 20 18:28:00 2003

Elapsed time: 72 seconds
Total loop: 295 generations

Result : 271.323

1 21 67 73 59 55 12 15 70 64 6 74 38 23 4 28 63 41 48 39 43 35 60 50 18 19 76 37 53 45 26 51 69 17 52 79 30 5 3 34 54 72 49 20 66 68 42 29 62 36 77 40 13 8 46 47 33 61 24 14 71 57 32 11 16 56 78 58 22 80 65 44 7 25 27 31 9 75 10 2 

 1 21 67 73 59 55	 => 276
 12 55 59 15 70 64	 => 275
 6 64 70 74 38 23	 => 275
 67 4 28 63 41 73	 => 276
 59 73 41 48 39 15	 => 275
 70 15 39 43 35 74	 => 276
 38 74 35 60 50 18	 => 275
 28 19 76 37 53 63	 => 276
 41 63 53 45 26 48	 => 276
 39 48 26 51 69 43	 => 276
 35 43 69 17 52 60	 => 276
 50 60 52 79 30 5	 => 276
 76 3 34 54 72 37	 => 276
 53 37 72 49 20 45	 => 276
 26 45 20 66 68 51	 => 276
 69 51 68 42 29 17	 => 276
 52 17 29 62 36 79	 => 275
 30 79 36 77 40 13	 => 275
 72 54 8 46 47 49	 => 276
 20 49 47 33 61 66	 => 276
 68 66 61 24 14 42	 => 275
 29 42 14 71 57 62	 => 275
 36 62 57 32 11 77	 => 275
 47 46 16 56 78 33	 => 276
 61 33 78 58 22 24	 => 276
 14 24 22 80 65 71	 => 276
 57 71 65 44 7 32	 => 276
 78 56 25 27 31 58	 => 275
 22 58 31 9 75 80	 => 275
 65 80 75 10 2 44	 => 276



test#	fitness		sum		time
---------------------------------------------------
1	269.221				87
2	270.315				109
3	268.315				66
4	269.722				84
5	271.323				72


---------------------------------------------------
Best fitness      : 271.323 ( test# 5)
Shortest time     : 66 ( test# 3)

Average fitness   : 269.779
Average time      : 83.6
