****************** GA TEST *******************

total test#:			 5
hexa min width:			 3
hexa max width:			 6
hexa count:			 30
number count:			 80
population size:		 80
generation size:		 10

tournament winner p:		 0.98
do xover p:			 1
xover:				 2points
do mutation1 p:			 0.1
mutation1 p:			 0.05
do optimize p:			 0.98
local optimize count:		 8000
do deep better optimize p:	 1
do deep worse optimize p:	 0
do spin p:			 0
spin count:			 900
do spin apply p:		 1
do mutation2 p:			 0.1
mutation2 p:			 0.07
force mutation2:		 0
replace bad p:			 0.195

converge rate p:		 0.99
converge count:			 1

**********************************************


===================[TEST 1]===================

##### START ##### Tue May 20 18:28:02 2003



##### CONVERGE ##### Tue May 20 18:28:48 2003

Elapsed time: 46 seconds
Total loop: 201 generations

Result : 264.687

22 38 43 80 26 60 7 63 59 54 1 66 79 10 5 31 65 45 37 18 35 28 73 11 12 4 74 76 20 49 53 70 57 8 68 39 77 2 25 15 19 61 58 6 55 36 71 27 75 51 47 41 14 9 50 72 46 32 42 33 23 40 44 13 48 24 30 67 52 64 56 78 29 17 69 62 3 21 34 16 

 22 38 43 80 26 60	 => 269
 7 60 26 63 59 54	 => 269
 1 54 59 66 79 10	 => 269
 43 5 31 65 45 80	 => 269
 26 80 45 37 18 63	 => 269
 59 63 18 35 28 66	 => 269
 79 66 28 73 11 12	 => 269
 31 4 74 76 20 65	 => 270
 45 65 20 49 53 37	 => 269
 18 37 53 70 57 35	 => 270
 28 35 57 8 68 73	 => 269
 11 73 68 39 77 2	 => 270
 74 25 15 19 61 76	 => 270
 20 76 61 58 6 49	 => 270
 53 49 6 55 36 70	 => 269
 57 70 36 71 27 8	 => 269
 68 8 27 75 51 39	 => 268
 77 39 51 47 41 14	 => 269
 61 19 9 50 72 58	 => 269
 6 58 72 46 32 55	 => 269
 36 55 32 42 33 71	 => 269
 27 71 33 23 40 75	 => 269
 51 75 40 44 13 47	 => 270
 72 50 48 24 30 46	 => 270
 32 46 30 67 52 42	 => 269
 33 42 52 64 56 23	 => 270
 40 23 56 78 29 44	 => 270
 30 24 17 69 62 67	 => 269
 52 67 62 3 21 64	 => 269
 56 64 21 34 16 78	 => 269


===================[TEST 2]===================

##### START ##### Tue May 20 18:28:48 2003



##### CONVERGE ##### Tue May 20 18:29:48 2003

Elapsed time: 60 seconds
Total loop: 264 generations

Result : 268.417

13 21 27 65 77 68 2 31 49 44 6 75 62 35 72 19 58 30 36 32 45 39 53 38 4 1 78 59 56 54 37 74 47 24 63 51 61 5 10 11 73 40 48 15 50 41 60 25 42 66 57 28 8 12 29 69 9 80 33 7 70 67 22 17 43 46 76 55 18 79 64 34 14 16 52 26 23 71 3 20 

 13 21 27 65 77 68	 => 271
 2 68 77 31 49 44	 => 271
 6 44 49 75 62 35	 => 271
 27 72 19 58 30 65	 => 271
 77 65 30 36 32 31	 => 271
 49 31 32 45 39 75	 => 271
 62 75 39 53 38 4	 => 271
 19 1 78 59 56 58	 => 271
 30 58 56 54 37 36	 => 271
 32 36 37 74 47 45	 => 271
 39 45 47 24 63 53	 => 271
 38 53 63 51 61 5	 => 271
 78 10 11 73 40 59	 => 271
 56 59 40 48 15 54	 => 272
 37 54 15 50 41 74	 => 271
 47 74 41 60 25 24	 => 271
 63 24 25 42 66 51	 => 271
 61 51 66 57 28 8	 => 271
 40 73 12 29 69 48	 => 271
 15 48 69 9 80 50	 => 271
 41 50 80 33 7 60	 => 271
 25 60 7 70 67 42	 => 271
 66 42 67 22 17 57	 => 271
 69 29 43 46 76 9	 => 272
 80 9 76 55 18 33	 => 271
 7 33 18 79 64 70	 => 271
 67 70 64 34 14 22	 => 271
 76 46 16 52 26 55	 => 271
 18 55 26 23 71 79	 => 272
 64 79 71 3 20 34	 => 271


===================[TEST 3]===================

##### START ##### Tue May 20 18:29:48 2003



##### CONVERGE ##### Tue May 20 18:31:01 2003

Elapsed time: 73 seconds
Total loop: 318 generations

Result : 269.093

18 29 63 67 70 25 24 57 74 22 27 60 76 13 2 26 68 46 21 11 66 4 80 37 15 35 51 78 14 62 61 42 72 34 16 65 69 5 33 3 32 75 36 8 54 45 59 20 64 73 9 12 44 10 40 79 39 56 28 30 49 50 71 6 7 52 55 53 41 77 47 38 17 23 31 58 1 43 48 19 

 18 29 63 67 70 25	 => 272
 24 25 70 57 74 22	 => 272
 27 22 74 60 76 13	 => 272
 63 2 26 68 46 67	 => 272
 70 67 46 21 11 57	 => 272
 74 57 11 66 4 60	 => 272
 76 60 4 80 37 15	 => 272
 26 35 51 78 14 68	 => 272
 46 68 14 62 61 21	 => 272
 11 21 61 42 72 66	 => 273
 4 66 72 34 16 80	 => 272
 37 80 16 65 69 5	 => 272
 51 33 3 32 75 78	 => 272
 14 78 75 36 8 62	 => 273
 61 62 8 54 45 42	 => 272
 72 42 45 59 20 34	 => 272
 16 34 20 64 73 65	 => 272
 69 65 73 9 12 44	 => 272
 75 32 10 40 79 36	 => 272
 8 36 79 39 56 54	 => 272
 45 54 56 28 30 59	 => 272
 20 59 30 49 50 64	 => 272
 73 64 50 71 6 9	 => 273
 79 40 7 52 55 39	 => 272
 56 39 55 53 41 28	 => 272
 30 28 41 77 47 49	 => 272
 50 49 47 38 17 71	 => 272
 55 52 23 31 58 53	 => 272
 41 53 58 1 43 77	 => 273
 47 77 43 48 19 38	 => 272


===================[TEST 4]===================

##### START ##### Tue May 20 18:31:01 2003



##### CONVERGE ##### Tue May 20 18:32:02 2003

Elapsed time: 61 seconds
Total loop: 265 generations

Result : 270.218

25 15 43 80 61 51 4 57 58 44 3 68 53 48 8 34 73 37 18 22 59 11 64 66 13 5 62 67 33 63 50 49 77 17 46 74 16 9 7 14 65 60 21 31 45 36 71 24 38 76 75 6 27 19 40 70 55 52 32 39 47 56 20 10 12 69 28 78 30 54 72 79 1 35 23 42 29 41 26 2 

 25 15 43 80 61 51	 => 275
 4 51 61 57 58 44	 => 275
 3 44 58 68 53 48	 => 274
 43 8 34 73 37 80	 => 275
 61 80 37 18 22 57	 => 275
 58 57 22 59 11 68	 => 275
 53 68 11 64 66 13	 => 275
 34 5 62 67 33 73	 => 274
 37 73 33 63 50 18	 => 274
 22 18 50 49 77 59	 => 275
 11 59 77 17 46 64	 => 274
 66 64 46 74 16 9	 => 275
 62 7 14 65 60 67	 => 275
 33 67 60 21 31 63	 => 275
 50 63 31 45 36 49	 => 274
 77 49 36 71 24 17	 => 274
 46 17 24 38 76 74	 => 275
 16 74 76 75 6 27	 => 274
 60 65 19 40 70 21	 => 275
 31 21 70 55 52 45	 => 274
 36 45 52 32 39 71	 => 275
 24 71 39 47 56 38	 => 275
 76 38 56 20 10 75	 => 275
 70 40 12 69 28 55	 => 274
 52 55 28 78 30 32	 => 275
 39 32 30 54 72 47	 => 274
 56 47 72 79 1 20	 => 275
 28 69 35 23 42 78	 => 275
 30 78 42 29 41 54	 => 274
 72 54 41 26 2 79	 => 274


===================[TEST 5]===================

##### START ##### Tue May 20 18:32:02 2003



##### CONVERGE ##### Tue May 20 18:33:15 2003

Elapsed time: 73 seconds
Total loop: 322 generations

Result : 271.622

9 3 64 69 74 56 1 30 73 42 43 76 17 25 5 53 65 19 61 22 36 39 79 29 35 15 27 71 44 46 41 66 49 38 34 72 54 7 14 24 77 62 40 12 59 51 55 16 37 78 63 2 6 21 23 52 45 68 10 32 75 60 26 11 18 70 67 57 28 80 50 33 31 20 13 48 4 58 47 8 

 9 3 64 69 74 56	 => 275
 1 56 74 30 73 42	 => 276
 43 42 73 76 17 25	 => 276
 64 5 53 65 19 69	 => 275
 74 69 19 61 22 30	 => 275
 73 30 22 36 39 76	 => 276
 17 76 39 79 29 35	 => 275
 53 15 27 71 44 65	 => 275
 19 65 44 46 41 61	 => 276
 22 61 41 66 49 36	 => 275
 39 36 49 38 34 79	 => 275
 29 79 34 72 54 7	 => 275
 27 14 24 77 62 71	 => 275
 44 71 62 40 12 46	 => 275
 41 46 12 59 51 66	 => 275
 49 66 51 55 16 38	 => 275
 34 38 16 37 78 72	 => 275
 54 72 78 63 2 6	 => 275
 62 77 21 23 52 40	 => 275
 12 40 52 45 68 59	 => 276
 51 59 68 10 32 55	 => 275
 16 55 32 75 60 37	 => 275
 78 37 60 26 11 63	 => 275
 52 23 18 70 67 45	 => 275
 68 45 67 57 28 10	 => 275
 32 10 28 80 50 75	 => 275
 60 75 50 33 31 26	 => 275
 67 70 20 13 48 57	 => 275
 28 57 48 4 58 80	 => 275
 50 80 58 47 8 33	 => 276



test#	fitness		sum		time
---------------------------------------------------
1	264.687				46
2	268.417				60
3	269.093				73
4	270.218				61
5	271.622				73


---------------------------------------------------
Best fitness      : 271.622 ( test# 5)
Shortest time     : 46 ( test# 1)

Average fitness   : 268.807
Average time      : 62.6
