****************** GA TEST *******************

total test#:			 5
hexa min width:			 3
hexa max width:			 6
hexa count:			 30
number count:			 80
population size:		 80
generation size:		 10

tournament winner p:		 0.98
do xover p:			 1
xover:				 2points
do mutation1 p:			 0.1
mutation1 p:			 0.05
do optimize p:			 0.98
local optimize count:		 8000
do deep better optimize p:	 1
do deep worse optimize p:	 0
do spin p:			 0
spin count:			 1000
do spin apply p:		 1
do mutation2 p:			 0.1
mutation2 p:			 0.07
force mutation2:		 0
replace bad p:			 0.195

converge rate p:		 0.99
converge count:			 1

**********************************************


===================[TEST 1]===================

##### START ##### Tue May 20 18:33:17 2003



##### CONVERGE ##### Tue May 20 18:34:17 2003

Elapsed time: 60 seconds
Total loop: 263 generations

Result : 268.217

32 5 51 74 64 45 7 37 77 40 6 69 56 23 3 73 44 26 68 2 50 36 79 4 27 8 29 55 62 18 53 76 22 38 46 47 78 17 52 16 54 65 31 39 57 28 58 49 11 80 33 24 9 19 41 61 12 71 15 42 43 67 60 20 10 72 75 63 35 66 70 30 1 14 13 34 48 25 21 59 

 32 5 51 74 64 45	 => 271
 7 45 64 37 77 40	 => 270
 6 40 77 69 56 23	 => 271
 51 3 73 44 26 74	 => 271
 64 74 26 68 2 37	 => 271
 77 37 2 50 36 69	 => 271
 56 69 36 79 4 27	 => 271
 73 8 29 55 62 44	 => 271
 26 44 62 18 53 68	 => 271
 2 68 53 76 22 50	 => 271
 36 50 22 38 46 79	 => 271
 4 79 46 47 78 17	 => 271
 29 52 16 54 65 55	 => 271
 62 55 65 31 39 18	 => 270
 53 18 39 57 28 76	 => 271
 22 76 28 58 49 38	 => 271
 46 38 49 11 80 47	 => 271
 78 47 80 33 24 9	 => 271
 65 54 19 41 61 31	 => 271
 39 31 61 12 71 57	 => 271
 28 57 71 15 42 58	 => 271
 49 58 42 43 67 11	 => 270
 80 11 67 60 20 33	 => 271
 61 41 10 72 75 12	 => 271
 71 12 75 63 35 15	 => 271
 42 15 35 66 70 43	 => 271
 67 43 70 30 1 60	 => 271
 75 72 14 13 34 63	 => 271
 35 63 34 48 25 66	 => 271
 70 66 25 21 59 30	 => 271


===================[TEST 2]===================

##### START ##### Tue May 20 18:34:17 2003



##### CONVERGE ##### Tue May 20 18:35:23 2003

Elapsed time: 66 seconds
Total loop: 288 generations

Result : 268.45

22 16 40 80 77 37 27 6 61 64 4 79 11 53 10 21 76 46 36 28 48 51 59 65 8 44 24 66 41 32 42 58 60 26 29 68 38 14 47 50 7 78 43 13 70 57 39 33 45 72 63 12 20 2 69 74 23 49 3 54 35 67 17 9 1 31 75 71 52 56 73 62 19 25 15 55 5 34 18 30 

 22 16 40 80 77 37	 => 272
 27 37 77 6 61 64	 => 272
 4 64 61 79 11 53	 => 272
 40 10 21 76 46 80	 => 273
 77 80 46 36 28 6	 => 273
 61 6 28 48 51 79	 => 273
 11 79 51 59 65 8	 => 273
 21 44 24 66 41 76	 => 272
 46 76 41 32 42 36	 => 273
 28 36 42 58 60 48	 => 272
 51 48 60 26 29 59	 => 273
 65 59 29 68 38 14	 => 273
 24 47 50 7 78 66	 => 272
 41 66 78 43 13 32	 => 273
 42 32 13 70 57 58	 => 272
 60 58 57 39 33 26	 => 273
 29 26 33 45 72 68	 => 273
 38 68 72 63 12 20	 => 273
 78 7 2 69 74 43	 => 273
 13 43 74 23 49 70	 => 272
 57 70 49 3 54 39	 => 272
 33 39 54 35 67 45	 => 273
 72 45 67 17 9 63	 => 273
 74 69 1 31 75 23	 => 273
 49 23 75 71 52 3	 => 273
 54 3 52 56 73 35	 => 273
 67 35 73 62 19 17	 => 273
 75 31 25 15 55 71	 => 272
 52 71 55 5 34 56	 => 273
 73 56 34 18 30 62	 => 273


===================[TEST 3]===================

##### START ##### Tue May 20 18:35:23 2003



##### CONVERGE ##### Tue May 20 18:36:31 2003

Elapsed time: 68 seconds
Total loop: 298 generations

Result : 267.221

71 6 18 49 61 65 11 36 69 28 14 80 53 26 8 72 48 75 22 27 41 17 67 50 3 7 51 77 15 32 78 40 62 25 58 21 64 10 12 38 13 79 66 1 63 56 31 57 34 76 52 37 20 35 23 54 42 44 16 60 29 59 47 2 9 74 68 55 45 46 73 43 19 39 4 30 24 70 5 33 

 71 6 18 49 61 65	 => 270
 11 65 61 36 69 28	 => 270
 14 28 69 80 53 26	 => 270
 18 8 72 48 75 49	 => 270
 61 49 75 22 27 36	 => 270
 69 36 27 41 17 80	 => 270
 53 80 17 67 50 3	 => 270
 72 7 51 77 15 48	 => 270
 75 48 15 32 78 22	 => 270
 27 22 78 40 62 41	 => 270
 17 41 62 25 58 67	 => 270
 50 67 58 21 64 10	 => 270
 51 12 38 13 79 77	 => 270
 15 77 79 66 1 32	 => 270
 78 32 1 63 56 40	 => 270
 62 40 56 31 57 25	 => 271
 58 25 57 34 76 21	 => 271
 64 21 76 52 37 20	 => 270
 79 13 35 23 54 66	 => 270
 1 66 54 42 44 63	 => 270
 56 63 44 16 60 31	 => 270
 57 31 60 29 59 34	 => 270
 76 34 59 47 2 52	 => 270
 54 23 9 74 68 42	 => 270
 44 42 68 55 45 16	 => 270
 60 16 45 46 73 29	 => 269
 59 29 73 43 19 47	 => 270
 68 74 39 4 30 55	 => 270
 45 55 30 24 70 46	 => 270
 73 46 70 5 33 43	 => 270


===================[TEST 4]===================

##### START ##### Tue May 20 18:36:31 2003



##### CONVERGE ##### Tue May 20 18:38:10 2003

Elapsed time: 99 seconds
Total loop: 438 generations

Result : 270.778

56 12 47 53 61 45 26 21 50 72 8 75 60 10 5 64 40 66 41 33 73 23 79 35 3 18 70 44 39 57 32 38 58 25 17 77 63 4 6 20 55 80 24 31 48 68 52 34 46 76 36 9 13 22 16 78 51 43 49 14 54 74 42 1 2 62 65 37 30 59 69 29 7 28 15 67 11 71 27 19 

 56 12 47 53 61 45	 => 274
 26 45 61 21 50 72	 => 275
 8 72 50 75 60 10	 => 275
 47 5 64 40 66 53	 => 275
 61 53 66 41 33 21	 => 275
 50 21 33 73 23 75	 => 275
 60 75 23 79 35 3	 => 275
 64 18 70 44 39 40	 => 275
 66 40 39 57 32 41	 => 275
 33 41 32 38 58 73	 => 275
 23 73 58 25 17 79	 => 275
 35 79 17 77 63 4	 => 275
 70 6 20 55 80 44	 => 275
 39 44 80 24 31 57	 => 275
 32 57 31 48 68 38	 => 274
 58 38 68 52 34 25	 => 275
 17 25 34 46 76 77	 => 275
 63 77 76 36 9 13	 => 274
 80 55 22 16 78 24	 => 275
 31 24 78 51 43 48	 => 275
 68 48 43 49 14 52	 => 274
 34 52 14 54 74 46	 => 274
 76 46 74 42 1 36	 => 275
 78 16 2 62 65 51	 => 274
 43 51 65 37 30 49	 => 275
 14 49 30 59 69 54	 => 275
 74 54 69 29 7 42	 => 275
 65 62 28 15 67 37	 => 274
 30 37 67 11 71 59	 => 275
 69 59 71 27 19 29	 => 274


===================[TEST 5]===================

##### START ##### Tue May 20 18:38:10 2003



##### CONVERGE ##### Tue May 20 18:39:06 2003

Elapsed time: 56 seconds
Total loop: 244 generations

Result : 266.778

6 31 77 42 80 34 2 44 52 58 5 76 64 15 12 60 25 55 33 16 48 35 54 28 14 4 72 40 69 43 46 79 49 11 74 41 67 7 13 23 78 45 50 24 47 32 62 38 70 37 57 65 3 9 21 68 19 63 56 10 30 61 26 20 39 73 51 53 29 75 71 66 17 27 8 59 18 36 22 1 

 6 31 77 42 80 34	 => 270
 2 34 80 44 52 58	 => 270
 5 58 52 76 64 15	 => 270
 77 12 60 25 55 42	 => 271
 80 42 55 33 16 44	 => 270
 52 44 16 48 35 76	 => 271
 64 76 35 54 28 14	 => 271
 60 4 72 40 69 25	 => 270
 55 25 69 43 46 33	 => 271
 16 33 46 79 49 48	 => 271
 35 48 49 11 74 54	 => 271
 28 54 74 41 67 7	 => 271
 72 13 23 78 45 40	 => 271
 69 40 45 50 24 43	 => 271
 46 43 24 47 32 79	 => 271
 49 79 32 62 38 11	 => 271
 74 11 38 70 37 41	 => 271
 67 41 37 57 65 3	 => 270
 45 78 9 21 68 50	 => 271
 24 50 68 19 63 47	 => 271
 32 47 63 56 10 62	 => 270
 38 62 10 30 61 70	 => 271
 37 70 61 26 20 57	 => 271
 68 21 39 73 51 19	 => 271
 63 19 51 53 29 56	 => 271
 10 56 29 75 71 30	 => 271
 61 30 71 66 17 26	 => 271
 51 73 27 8 59 53	 => 271
 29 53 59 18 36 75	 => 270
 71 75 36 22 1 66	 => 271



test#	fitness		sum		time
---------------------------------------------------
1	268.217				60
2	268.45				66
3	267.221				68
4	270.778				99
5	266.778				56


---------------------------------------------------
Best fitness      : 270.778 ( test# 4)
Shortest time     : 56 ( test# 5)

Average fitness   : 268.289
Average time      : 69.8
