****************** GA TEST *******************

total test#:			 5
hexa min width:			 3
hexa max width:			 6
hexa count:			 30
number count:			 80
population size:		 60
generation size:		 10

tournament winner p:		 0.98
do xover p:			 1
xover:				 2points
do mutation1 p:			 0.1
mutation1 p:			 0.05
do optimize p:			 0.98
local optimize count:		 8000
do deep better optimize p:	 1
do deep worse optimize p:	 0
do spin p:			 0
spin count:			 900
do spin apply p:		 1
do mutation2 p:			 0.1
mutation2 p:			 0.07
force mutation2:		 0
replace bad p:			 0.195

converge rate p:		 0.99
converge count:			 1

**********************************************


===================[TEST 1]===================

##### START ##### Tue May 20 16:43:37 2003



##### CONVERGE ##### Tue May 20 16:44:18 2003

Elapsed time: 41 seconds
Total loop: 179 generations

Result : 268.417

20 12 68 67 79 25 14 31 48 74 30 64 29 26 2 40 77 17 44 33 53 42 59 62 16 5 43 69 37 21 76 19 46 10 61 45 41 3 9 6 66 78 38 28 54 73 60 63 34 58 65 27 35 18 24 47 72 32 39 13 52 49 11 55 7 71 50 56 22 70 75 80 4 36 1 57 51 15 8 23 

 20 12 68 67 79 25	 => 271
 14 25 79 31 48 74	 => 271
 30 74 48 64 29 26	 => 271
 68 2 40 77 17 67	 => 271
 79 67 17 44 33 31	 => 271
 48 31 33 53 42 64	 => 271
 29 64 42 59 62 16	 => 272
 40 5 43 69 37 77	 => 271
 17 77 37 21 76 44	 => 272
 33 44 76 19 46 53	 => 271
 42 53 46 10 61 59	 => 271
 62 59 61 45 41 3	 => 271
 43 9 6 66 78 69	 => 271
 37 69 78 38 28 21	 => 271
 76 21 28 54 73 19	 => 271
 46 19 73 60 63 10	 => 271
 61 10 63 34 58 45	 => 271
 41 45 58 65 27 35	 => 271
 78 66 18 24 47 38	 => 271
 28 38 47 72 32 54	 => 271
 73 54 32 39 13 60	 => 271
 63 60 13 52 49 34	 => 271
 58 34 49 11 55 65	 => 272
 47 24 7 71 50 72	 => 271
 32 72 50 56 22 39	 => 271
 13 39 22 70 75 52	 => 271
 49 52 75 80 4 11	 => 271
 50 71 36 1 57 56	 => 271
 22 56 57 51 15 70	 => 271
 75 70 15 8 23 80	 => 271


===================[TEST 2]===================

##### START ##### Tue May 20 16:44:18 2003



##### CONVERGE ##### Tue May 20 16:45:23 2003

Elapsed time: 65 seconds
Total loop: 283 generations

Result : 269.222

8 6 50 79 55 75 3 24 77 38 9 64 27 57 13 39 56 36 61 18 28 62 67 51 2 10 52 74 42 12 66 40 60 41 15 63 34 43 4 25 48 69 31 45 80 30 73 29 59 65 72 23 16 14 53 58 33 26 47 17 46 49 7 20 37 22 70 78 19 76 68 71 32 44 5 54 11 35 1 21 

 8 6 50 79 55 75	 => 273
 3 75 55 24 77 38	 => 272
 9 38 77 64 27 57	 => 272
 50 13 39 56 36 79	 => 273
 55 79 36 61 18 24	 => 273
 77 24 18 28 62 64	 => 273
 27 64 62 67 51 2	 => 273
 39 10 52 74 42 56	 => 273
 36 56 42 12 66 61	 => 273
 18 61 66 40 60 28	 => 273
 62 28 60 41 15 67	 => 273
 51 67 15 63 34 43	 => 273
 52 4 25 48 69 74	 => 272
 42 74 69 31 45 12	 => 273
 66 12 45 80 30 40	 => 273
 60 40 30 73 29 41	 => 273
 15 41 29 59 65 63	 => 272
 34 63 65 72 23 16	 => 273
 69 48 14 53 58 31	 => 273
 45 31 58 33 26 80	 => 273
 30 80 26 47 17 73	 => 273
 29 73 17 46 49 59	 => 273
 65 59 49 7 20 72	 => 272
 58 53 37 22 70 33	 => 273
 26 33 70 78 19 47	 => 273
 17 47 19 76 68 46	 => 273
 49 46 68 71 32 7	 => 273
 70 22 44 5 54 78	 => 273
 19 78 54 11 35 76	 => 273
 68 76 35 1 21 71	 => 272


===================[TEST 3]===================

##### START ##### Tue May 20 16:45:23 2003



##### CONVERGE ##### Tue May 20 16:46:16 2003

Elapsed time: 53 seconds
Total loop: 234 generations

Result : 270.56

29 6 72 55 76 36 8 39 70 45 4 63 75 17 15 23 71 38 52 14 46 43 54 34 5 7 57 68 48 16 50 73 40 26 65 32 58 31 9 20 41 79 53 10 64 61 28 47 35 69 62 2 51 11 24 66 56 25 59 37 49 78 18 12 3 80 44 77 13 74 42 60 27 33 19 21 22 67 30 1 

 29 6 72 55 76 36	 => 274
 8 36 76 39 70 45	 => 274
 4 45 70 63 75 17	 => 274
 72 15 23 71 38 55	 => 274
 76 55 38 52 14 39	 => 274
 70 39 14 46 43 63	 => 275
 75 63 43 54 34 5	 => 274
 23 7 57 68 48 71	 => 274
 38 71 48 16 50 52	 => 275
 14 52 50 73 40 46	 => 275
 43 46 40 26 65 54	 => 274
 34 54 65 32 58 31	 => 274
 57 9 20 41 79 68	 => 274
 48 68 79 53 10 16	 => 274
 50 16 10 64 61 73	 => 274
 40 73 61 28 47 26	 => 275
 65 26 47 35 69 32	 => 274
 58 32 69 62 2 51	 => 274
 79 41 11 24 66 53	 => 274
 10 53 66 56 25 64	 => 274
 61 64 25 59 37 28	 => 274
 47 28 37 49 78 35	 => 274
 69 35 78 18 12 62	 => 274
 66 24 3 80 44 56	 => 273
 25 56 44 77 13 59	 => 274
 37 59 13 74 42 49	 => 274
 78 49 42 60 27 18	 => 274
 44 80 33 19 21 77	 => 274
 13 77 21 22 67 74	 => 274
 42 74 67 30 1 60	 => 274


===================[TEST 4]===================

##### START ##### Tue May 20 16:46:16 2003



##### CONVERGE ##### Tue May 20 16:47:17 2003

Elapsed time: 61 seconds
Total loop: 272 generations

Result : 267.984

66 11 16 75 47 56 23 17 52 77 5 59 63 15 19 38 51 72 25 36 80 28 50 70 2 18 55 53 57 6 61 10 60 21 33 62 48 9 26 24 35 78 37 40 79 76 41 64 43 49 69 30 14 22 46 54 32 29 34 12 39 73 31 7 8 65 67 68 42 74 71 45 13 1 44 27 3 58 4 20 

 66 11 16 75 47 56	 => 271
 23 56 47 17 52 77	 => 272
 5 77 52 59 63 15	 => 271
 16 19 38 51 72 75	 => 271
 47 75 72 25 36 17	 => 272
 52 17 36 80 28 59	 => 272
 63 59 28 50 70 2	 => 272
 38 18 55 53 57 51	 => 272
 72 51 57 6 61 25	 => 272
 36 25 61 10 60 80	 => 272
 28 80 60 21 33 50	 => 272
 70 50 33 62 48 9	 => 272
 55 26 24 35 78 53	 => 271
 57 53 78 37 40 6	 => 271
 61 6 40 79 76 10	 => 272
 60 10 76 41 64 21	 => 272
 33 21 64 43 49 62	 => 272
 48 62 49 69 30 14	 => 272
 78 35 22 46 54 37	 => 272
 40 37 54 32 29 79	 => 271
 76 79 29 34 12 41	 => 271
 64 41 12 39 73 43	 => 272
 49 43 73 31 7 69	 => 272
 54 46 8 65 67 32	 => 272
 29 32 67 68 42 34	 => 272
 12 34 42 74 71 39	 => 272
 73 39 71 45 13 31	 => 272
 67 65 1 44 27 68	 => 272
 42 68 27 3 58 74	 => 272
 71 74 58 4 20 45	 => 272


===================[TEST 5]===================

##### START ##### Tue May 20 16:47:17 2003



##### CONVERGE ##### Tue May 20 16:48:10 2003

Elapsed time: 53 seconds
Total loop: 234 generations

Result : 271.5

5 35 63 62 69 41 13 22 52 78 20 56 53 15 8 32 74 36 14 72 17 55 77 16 18 2 61 48 58 46 47 76 49 11 66 71 39 6 7 31 68 60 40 23 57 26 79 33 29 65 59 3 38 9 43 54 51 50 42 21 37 75 28 19 10 44 73 34 25 80 70 64 1 30 27 67 24 45 12 4 

 5 35 63 62 69 41	 => 275
 13 41 69 22 52 78	 => 275
 20 78 52 56 53 15	 => 274
 63 8 32 74 36 62	 => 275
 69 62 36 14 72 22	 => 275
 52 22 72 17 55 56	 => 274
 53 56 55 77 16 18	 => 275
 32 2 61 48 58 74	 => 275
 36 74 58 46 47 14	 => 275
 72 14 47 76 49 17	 => 275
 55 17 49 11 66 77	 => 275
 16 77 66 71 39 6	 => 275
 61 7 31 68 60 48	 => 275
 58 48 60 40 23 46	 => 275
 47 46 23 57 26 76	 => 275
 49 76 26 79 33 11	 => 274
 66 11 33 29 65 71	 => 275
 39 71 65 59 3 38	 => 275
 60 68 9 43 54 40	 => 274
 23 40 54 51 50 57	 => 275
 26 57 50 42 21 79	 => 275
 33 79 21 37 75 29	 => 274
 65 29 75 28 19 59	 => 275
 54 43 10 44 73 51	 => 275
 50 51 73 34 25 42	 => 275
 21 42 25 80 70 37	 => 275
 75 37 70 64 1 28	 => 275
 73 44 30 27 67 34	 => 275
 25 34 67 24 45 80	 => 275
 70 80 45 12 4 64	 => 275



test#	fitness		sum		time
---------------------------------------------------
1	268.417				41
2	269.222				65
3	270.56				53
4	267.984				61
5	271.5				53


---------------------------------------------------
Best fitness      : 271.5 ( test# 5)
Shortest time     : 41 ( test# 1)

Average fitness   : 269.536
Average time      : 54.6
