****************** GA TEST *******************

total test#:			 5
hexa min width:			 3
hexa max width:			 6
hexa count:			 30
number count:			 80
population size:		 80
generation size:		 10

tournament winner p:		 0.98
do xover p:			 1
xover:				 2points
do mutation1 p:			 0.1
mutation1 p:			 0.05
do optimize p:			 0.98
local optimize count:		 8000
do deep better optimize p:	 1
do deep worse optimize p:	 0
do spin p:			 0
spin count:			 800
do spin apply p:		 1
do mutation2 p:			 0.1
mutation2 p:			 0.07
force mutation2:		 0
replace bad p:			 0.195

converge rate p:		 0.99
converge count:			 1

**********************************************


===================[TEST 1]===================

##### START ##### Tue May 20 18:39:07 2003



##### CONVERGE ##### Tue May 20 18:40:08 2003

Elapsed time: 61 seconds
Total loop: 265 generations

Result : 269.984

1 7 58 73 68 66 5 31 63 41 36 67 57 9 16 55 44 28 47 27 56 30 71 43 6 2 51 74 48 52 54 76 13 70 33 72 38 17 25 4 75 45 34 21 42 29 62 24 22 53 59 39 12 32 10 78 64 35 46 60 26 80 23 37 3 69 50 65 14 79 49 77 19 11 18 61 15 40 20 8 

 1 7 58 73 68 66	 => 273
 5 66 68 31 63 41	 => 274
 36 41 63 67 57 9	 => 273
 58 16 55 44 28 73	 => 274
 68 73 28 47 27 31	 => 274
 63 31 27 56 30 67	 => 274
 57 67 30 71 43 6	 => 274
 55 2 51 74 48 44	 => 274
 28 44 48 52 54 47	 => 273
 27 47 54 76 13 56	 => 273
 30 56 13 70 33 71	 => 273
 43 71 33 72 38 17	 => 274
 51 25 4 75 45 74	 => 274
 48 74 45 34 21 52	 => 274
 54 52 21 42 29 76	 => 274
 13 76 29 62 24 70	 => 274
 33 70 24 22 53 72	 => 274
 38 72 53 59 39 12	 => 273
 45 75 32 10 78 34	 => 274
 21 34 78 64 35 42	 => 274
 29 42 35 46 60 62	 => 274
 24 62 60 26 80 22	 => 274
 53 22 80 23 37 59	 => 274
 78 10 3 69 50 64	 => 274
 35 64 50 65 14 46	 => 274
 60 46 14 79 49 26	 => 274
 80 26 49 77 19 23	 => 274
 50 69 11 18 61 65	 => 274
 14 65 61 15 40 79	 => 274
 49 79 40 20 8 77	 => 273


===================[TEST 2]===================

##### START ##### Tue May 20 18:40:08 2003



##### CONVERGE ##### Tue May 20 18:41:24 2003

Elapsed time: 76 seconds
Total loop: 337 generations

Result : 269.601

10 4 61 72 57 69 9 43 62 33 54 73 47 5 14 21 70 36 53 12 35 49 67 22 16 40 38 78 27 13 74 42 58 56 8 80 77 19 25 7 50 76 32 48 59 37 66 15 55 60 24 2 31 1 52 63 44 28 39 45 18 75 34 26 6 41 68 65 29 79 64 71 11 46 3 51 30 20 17 23 

 10 4 61 72 57 69	 => 273
 9 69 57 43 62 33	 => 273
 54 33 62 73 47 5	 => 274
 61 14 21 70 36 72	 => 274
 57 72 36 53 12 43	 => 273
 62 43 12 35 49 73	 => 274
 47 73 49 67 22 16	 => 274
 21 40 38 78 27 70	 => 274
 36 70 27 13 74 53	 => 273
 12 53 74 42 58 35	 => 274
 49 35 58 56 8 67	 => 273
 22 67 8 80 77 19	 => 273
 38 25 7 50 76 78	 => 274
 27 78 76 32 48 13	 => 274
 74 13 48 59 37 42	 => 273
 58 42 37 66 15 56	 => 274
 8 56 15 55 60 80	 => 274
 77 80 60 24 2 31	 => 274
 76 50 1 52 63 32	 => 274
 48 32 63 44 28 59	 => 274
 37 59 28 39 45 66	 => 274
 15 66 45 18 75 55	 => 274
 60 55 75 34 26 24	 => 274
 63 52 6 41 68 44	 => 274
 28 44 68 65 29 39	 => 273
 45 39 29 79 64 18	 => 274
 75 18 64 71 11 34	 => 273
 68 41 46 3 51 65	 => 274
 29 65 51 30 20 79	 => 274
 64 79 20 17 23 71	 => 274


===================[TEST 3]===================

##### START ##### Tue May 20 18:41:24 2003



##### CONVERGE ##### Tue May 20 18:42:35 2003

Elapsed time: 71 seconds
Total loop: 310 generations

Result : 271.856

38 8 48 76 79 26 14 22 61 73 3 70 39 29 6 51 77 17 36 45 34 43 80 10 33 7 67 49 24 64 57 62 42 54 23 75 60 27 16 15 59 69 56 13 58 21 78 18 37 68 35 4 32 1 41 50 52 46 44 28 40 74 31 30 11 55 66 47 20 71 72 53 5 25 19 63 9 65 2 12 

 38 8 48 76 79 26	 => 275
 14 26 79 22 61 73	 => 275
 3 73 61 70 39 29	 => 275
 48 6 51 77 17 76	 => 275
 79 76 17 36 45 22	 => 275
 61 22 45 34 43 70	 => 275
 39 70 43 80 10 33	 => 275
 51 7 67 49 24 77	 => 275
 17 77 24 64 57 36	 => 275
 45 36 57 62 42 34	 => 276
 43 34 42 54 23 80	 => 276
 10 80 23 75 60 27	 => 275
 67 16 15 59 69 49	 => 275
 24 49 69 56 13 64	 => 275
 57 64 13 58 21 62	 => 275
 42 62 21 78 18 54	 => 275
 23 54 18 37 68 75	 => 275
 60 75 68 35 4 32	 => 274
 69 59 1 41 50 56	 => 276
 13 56 50 52 46 58	 => 275
 21 58 46 44 28 78	 => 275
 18 78 28 40 74 37	 => 275
 68 37 74 31 30 35	 => 275
 50 41 11 55 66 52	 => 275
 46 52 66 47 20 44	 => 275
 28 44 20 71 72 40	 => 275
 74 40 72 53 5 31	 => 275
 66 55 25 19 63 47	 => 275
 20 47 63 9 65 71	 => 275
 72 71 65 2 12 53	 => 275


===================[TEST 4]===================

##### START ##### Tue May 20 18:42:35 2003



##### CONVERGE ##### Tue May 20 18:43:45 2003

Elapsed time: 70 seconds
Total loop: 309 generations

Result : 270.417

9 30 64 72 63 35 20 32 50 73 31 76 17 27 8 59 23 47 45 14 21 80 24 71 5 16 54 68 53 28 77 41 75 11 62 67 42 7 22 12 78 39 52 33 34 60 37 49 26 58 55 38 13 10 29 65 46 43 44 56 36 69 61 4 6 57 70 51 19 79 40 66 1 18 3 74 2 48 25 15 

 9 30 64 72 63 35	 => 273
 20 35 63 32 50 73	 => 273
 31 73 50 76 17 27	 => 274
 64 8 59 23 47 72	 => 273
 63 72 47 45 14 32	 => 273
 50 32 14 21 80 76	 => 273
 17 76 80 24 71 5	 => 273
 59 16 54 68 53 23	 => 273
 47 23 53 28 77 45	 => 273
 14 45 77 41 75 21	 => 273
 80 21 75 11 62 24	 => 273
 71 24 62 67 42 7	 => 273
 54 22 12 78 39 68	 => 273
 53 68 39 52 33 28	 => 273
 77 28 33 34 60 41	 => 273
 75 41 60 37 49 11	 => 273
 62 11 49 26 58 67	 => 273
 42 67 58 55 38 13	 => 273
 39 78 10 29 65 52	 => 273
 33 52 65 46 43 34	 => 273
 60 34 43 44 56 37	 => 274
 49 37 56 36 69 26	 => 273
 58 26 69 61 4 55	 => 273
 65 29 6 57 70 46	 => 273
 43 46 70 51 19 44	 => 273
 56 44 19 79 40 36	 => 274
 69 36 40 66 1 61	 => 273
 70 57 18 3 74 51	 => 273
 19 51 74 2 48 79	 => 273
 40 79 48 25 15 66	 => 273


===================[TEST 5]===================

##### START ##### Tue May 20 18:43:45 2003



##### CONVERGE ##### Tue May 20 18:44:30 2003

Elapsed time: 45 seconds
Total loop: 196 generations

Result : 265.311

4 22 67 57 52 68 9 40 73 27 7 74 45 43 21 26 39 59 46 15 55 13 64 53 20 35 62 42 65 17 44 49 60 6 71 31 48 2 25 24 37 79 8 58 32 69 23 63 51 47 56 12 75 1 78 66 29 76 36 33 30 70 34 11 5 41 50 61 18 80 72 54 10 38 3 77 14 19 28 16 

 4 22 67 57 52 68	 => 270
 9 68 52 40 73 27	 => 269
 7 27 73 74 45 43	 => 269
 67 21 26 39 59 57	 => 269
 52 57 59 46 15 40	 => 269
 73 40 15 55 13 74	 => 270
 45 74 13 64 53 20	 => 269
 26 35 62 42 65 39	 => 269
 59 39 65 17 44 46	 => 270
 15 46 44 49 60 55	 => 269
 13 55 60 6 71 64	 => 269
 53 64 71 31 48 2	 => 269
 62 25 24 37 79 42	 => 269
 65 42 79 8 58 17	 => 269
 44 17 58 32 69 49	 => 269
 60 49 69 23 63 6	 => 270
 71 6 63 51 47 31	 => 269
 48 31 47 56 12 75	 => 269
 79 37 1 78 66 8	 => 269
 58 8 66 29 76 32	 => 269
 69 32 76 36 33 23	 => 269
 63 23 33 30 70 51	 => 270
 47 51 70 34 11 56	 => 269
 66 78 5 41 50 29	 => 269
 76 29 50 61 18 36	 => 270
 33 36 18 80 72 30	 => 269
 70 30 72 54 10 34	 => 270
 50 41 38 3 77 61	 => 270
 18 61 77 14 19 80	 => 269
 72 80 19 28 16 54	 => 269



test#	fitness		sum		time
---------------------------------------------------
1	269.984				61
2	269.601				76
3	271.856				71
4	270.417				70
5	265.311				45


---------------------------------------------------
Best fitness      : 271.856 ( test# 3)
Shortest time     : 45 ( test# 5)

Average fitness   : 269.434
Average time      : 64.6
