****************** GA TEST *******************

total test#:			 5
hexa min width:			 3
hexa max width:			 6
hexa count:			 30
number count:			 80
population size:		 80
generation size:		 10

tournament winner p:		 0.98
do xover p:			 1
xover:				 2points
do mutation1 p:			 0.1
mutation1 p:			 0.05
do optimize p:			 0.98
local optimize count:		 8000
do deep better optimize p:	 1
do deep worse optimize p:	 0
do spin p:			 0
spin count:			 900
do spin apply p:		 1
do mutation2 p:			 0.1
mutation2 p:			 0.07
force mutation2:		 0
replace bad p:			 0.195

converge rate p:		 0.99
converge count:			 1

**********************************************


===================[TEST 1]===================

##### START ##### Tue May 20 18:44:32 2003



##### CONVERGE ##### Tue May 20 18:45:29 2003

Elapsed time: 57 seconds
Total loop: 245 generations

Result : 268.56

16 13 64 47 77 55 2 23 74 41 18 71 61 7 5 54 44 58 31 36 66 3 80 27 30 25 43 76 29 48 62 38 39 6 79 52 24 10 1 42 59 51 37 32 22 70 69 50 11 75 78 9 34 12 40 73 45 63 33 15 67 60 20 28 19 46 49 65 17 72 68 53 4 56 21 35 26 57 14 8 

 16 13 64 47 77 55	 => 272
 2 55 77 23 74 41	 => 272
 18 41 74 71 61 7	 => 272
 64 5 54 44 58 47	 => 272
 77 47 58 31 36 23	 => 272
 74 23 36 66 3 71	 => 273
 61 71 3 80 27 30	 => 272
 54 25 43 76 29 44	 => 271
 58 44 29 48 62 31	 => 272
 36 31 62 38 39 66	 => 272
 3 66 39 6 79 80	 => 273
 27 80 79 52 24 10	 => 272
 43 1 42 59 51 76	 => 272
 29 76 51 37 32 48	 => 273
 62 48 32 22 70 38	 => 272
 39 38 70 69 50 6	 => 272
 79 6 50 11 75 52	 => 273
 24 52 75 78 9 34	 => 272
 51 59 12 40 73 37	 => 272
 32 37 73 45 63 22	 => 272
 70 22 63 33 15 69	 => 272
 50 69 15 67 60 11	 => 272
 75 11 60 20 28 78	 => 272
 73 40 19 46 49 45	 => 272
 63 45 49 65 17 33	 => 272
 15 33 17 72 68 67	 => 272
 60 67 68 53 4 20	 => 272
 49 46 56 21 35 65	 => 272
 17 65 35 26 57 72	 => 272
 68 72 57 14 8 53	 => 272


===================[TEST 2]===================

##### START ##### Tue May 20 18:45:29 2003



##### CONVERGE ##### Tue May 20 18:46:50 2003

Elapsed time: 81 seconds
Total loop: 334 generations

Result : 270.722

38 4 51 58 80 43 5 13 72 61 29 60 50 2 9 54 56 45 68 10 49 70 52 30 12 8 62 57 37 32 36 63 48 14 41 76 67 7 39 18 24 74 59 15 75 53 65 31 46 66 47 17 1 21 23 73 27 25 22 34 20 78 11 26 3 71 77 44 79 55 64 69 33 40 6 35 19 42 16 28 

 38 4 51 58 80 43	 => 274
 5 43 80 13 72 61	 => 274
 29 61 72 60 50 2	 => 274
 51 9 54 56 45 58	 => 273
 80 58 45 68 10 13	 => 274
 72 13 10 49 70 60	 => 274
 50 60 70 52 30 12	 => 274
 54 8 62 57 37 56	 => 274
 45 56 37 32 36 68	 => 274
 10 68 36 63 48 49	 => 274
 70 49 48 14 41 52	 => 274
 30 52 41 76 67 7	 => 273
 62 39 18 24 74 57	 => 274
 37 57 74 59 15 32	 => 274
 36 32 15 75 53 63	 => 274
 48 63 53 65 31 14	 => 274
 41 14 31 46 66 76	 => 274
 67 76 66 47 17 1	 => 274
 74 24 21 23 73 59	 => 274
 15 59 73 27 25 75	 => 274
 53 75 25 22 34 65	 => 274
 31 65 34 20 78 46	 => 274
 66 46 78 11 26 47	 => 274
 73 23 3 71 77 27	 => 274
 25 27 77 44 79 22	 => 274
 34 22 79 55 64 20	 => 274
 78 20 64 69 33 11	 => 275
 77 71 40 6 35 44	 => 273
 79 44 35 19 42 55	 => 274
 64 55 42 16 28 69	 => 274


===================[TEST 3]===================

##### START ##### Tue May 20 18:46:50 2003



##### CONVERGE ##### Tue May 20 18:48:13 2003

Elapsed time: 83 seconds
Total loop: 346 generations

Result : 270.221

2 16 23 73 80 79 3 18 69 24 30 56 65 29 11 20 76 70 1 31 75 25 49 50 28 12 52 67 47 17 62 45 59 10 55 48 44 27 34 15 42 63 60 19 64 66 61 32 54 74 71 22 14 9 46 53 41 36 8 38 51 37 33 4 13 43 77 72 39 78 58 68 26 35 40 6 21 57 7 5 

 2 16 23 73 80 79	 => 273
 3 79 80 18 69 24	 => 273
 30 24 69 56 65 29	 => 273
 23 11 20 76 70 73	 => 273
 80 73 70 1 31 18	 => 273
 69 18 31 75 25 56	 => 274
 65 56 25 49 50 28	 => 273
 20 12 52 67 47 76	 => 274
 70 76 47 17 62 1	 => 273
 31 1 62 45 59 75	 => 273
 25 75 59 10 55 49	 => 273
 50 49 55 48 44 27	 => 273
 52 34 15 42 63 67	 => 273
 47 67 63 60 19 17	 => 273
 62 17 19 64 66 45	 => 273
 59 45 66 61 32 10	 => 273
 55 10 32 54 74 48	 => 273
 44 48 74 71 22 14	 => 273
 63 42 9 46 53 60	 => 273
 19 60 53 41 36 64	 => 273
 66 64 36 8 38 61	 => 273
 32 61 38 51 37 54	 => 273
 74 54 37 33 4 71	 => 273
 53 46 13 43 77 41	 => 273
 36 41 77 72 39 8	 => 273
 38 8 39 78 58 51	 => 272
 37 51 58 68 26 33	 => 273
 77 43 35 40 6 72	 => 273
 39 72 6 21 57 78	 => 273
 58 78 57 7 5 68	 => 273


===================[TEST 4]===================

##### START ##### Tue May 20 18:48:13 2003


