****************** GA TEST *******************

total test#:			 5
hexa min width:			 3
hexa max width:			 6
hexa count:			 30
number count:			 80
population size:		 80
generation size:		 30

tournament winner p:		 0.98
do xover p:			 1
xover:				 2points
do mutation1 p:			 0.1
mutation1 p:			 0.05
do optimize p:			 0.98
local optimize count:		 8000
do deep better optimize p:	 1
do deep worse optimize p:	 0
do spin p:			 0
spin count:			 900
do spin apply p:		 1
do mutation2 p:			 0.1
mutation2 p:			 0.07
force mutation2:		 0
replace bad p:			 0.195

converge rate p:		 0.99
converge count:			 1

**********************************************


===================[TEST 1]===================

##### START ##### Tue May 20 16:48:12 2003



##### CONVERGE ##### Tue May 20 16:48:43 2003

Elapsed time: 31 seconds
Total loop: 46 generations

Result : 262.778

6 33 80 61 40 47 30 65 72 13 12 39 62 69 26 44 19 37 48 15 9 66 58 41 1 14 64 50 76 10 77 38 79 2 53 68 35 11 28 20 31 73 16 42 78 22 67 59 21 63 70 7 24 17 54 75 5 51 45 3 60 57 29 27 34 43 56 74 36 52 71 32 18 23 25 46 4 55 8 49 

 6 33 80 61 40 47	 => 267
 30 47 40 65 72 13	 => 267
 12 13 72 39 62 69	 => 267
 80 26 44 19 37 61	 => 267
 40 61 37 48 15 65	 => 266
 72 65 15 9 66 39	 => 266
 62 39 66 58 41 1	 => 267
 44 14 64 50 76 19	 => 267
 37 19 76 10 77 48	 => 267
 15 48 77 38 79 9	 => 266
 66 9 79 2 53 58	 => 267
 41 58 53 68 35 11	 => 266
 64 28 20 31 73 50	 => 266
 76 50 73 16 42 10	 => 267
 77 10 42 78 22 38	 => 267
 79 38 22 67 59 2	 => 267
 53 2 59 21 63 68	 => 266
 35 68 63 70 7 24	 => 267
 73 31 17 54 75 16	 => 266
 42 16 75 5 51 78	 => 267
 22 78 51 45 3 67	 => 266
 59 67 3 60 57 21	 => 267
 63 21 57 29 27 70	 => 267
 75 54 34 43 56 5	 => 267
 51 5 56 74 36 45	 => 267
 3 45 36 52 71 60	 => 267
 57 60 71 32 18 29	 => 267
 56 43 23 25 46 74	 => 267
 36 74 46 4 55 52	 => 267
 71 52 55 8 49 32	 => 267


===================[TEST 2]===================

##### START ##### Tue May 20 16:48:43 2003



##### CONVERGE ##### Tue May 20 16:49:48 2003

Elapsed time: 65 seconds
Total loop: 95 generations

Result : 271.093

16 56 20 64 80 38 35 4 73 44 5 71 59 22 46 49 66 29 54 43 36 47 67 24 6 7 41 60 51 40 34 68 39 27 58 70 52 3 14 21 62 76 37 10 65 57 53 30 28 61 78 2 11 15 9 75 33 55 18 26 63 74 25 8 1 79 77 42 50 48 69 31 13 19 12 45 17 72 23 32 

 16 56 20 64 80 38	 => 274
 35 38 80 4 73 44	 => 274
 5 44 73 71 59 22	 => 274
 20 46 49 66 29 64	 => 274
 80 64 29 54 43 4	 => 274
 73 4 43 36 47 71	 => 274
 59 71 47 67 24 6	 => 274
 49 7 41 60 51 66	 => 274
 29 66 51 40 34 54	 => 274
 43 54 34 68 39 36	 => 274
 47 36 39 27 58 67	 => 274
 24 67 58 70 52 3	 => 274
 41 14 21 62 76 60	 => 274
 51 60 76 37 10 40	 => 274
 34 40 10 65 57 68	 => 274
 39 68 57 53 30 27	 => 274
 58 27 30 28 61 70	 => 274
 52 70 61 78 2 11	 => 274
 76 62 15 9 75 37	 => 274
 10 37 75 33 55 65	 => 275
 57 65 55 18 26 53	 => 274
 30 53 26 63 74 28	 => 274
 61 28 74 25 8 78	 => 274
 75 9 1 79 77 33	 => 274
 55 33 77 42 50 18	 => 275
 26 18 50 48 69 63	 => 274
 74 63 69 31 13 25	 => 275
 77 79 19 12 45 42	 => 274
 50 42 45 17 72 48	 => 274
 69 48 72 23 32 31	 => 275


===================[TEST 3]===================

##### START ##### Tue May 20 16:49:48 2003



##### CONVERGE ##### Tue May 20 16:51:33 2003

Elapsed time: 105 seconds
Total loop: 153 generations

Result : 271.222

11 29 45 65 72 53 2 10 77 61 14 78 38 7 5 46 39 75 40 13 54 43 47 60 8 15 56 76 42 6 73 25 70 28 33 41 67 27 3 18 59 62 58 31 71 69 63 20 74 79 52 19 16 12 36 48 35 32 22 17 64 37 24 9 26 50 80 57 49 55 68 51 30 1 21 66 4 44 34 23 

 11 29 45 65 72 53	 => 275
 2 53 72 10 77 61	 => 275
 14 61 77 78 38 7	 => 275
 45 5 46 39 75 65	 => 275
 72 65 75 40 13 10	 => 275
 77 10 13 54 43 78	 => 275
 38 78 43 47 60 8	 => 274
 46 15 56 76 42 39	 => 274
 75 39 42 6 73 40	 => 275
 13 40 73 25 70 54	 => 275
 43 54 70 28 33 47	 => 275
 60 47 33 41 67 27	 => 275
 56 3 18 59 62 76	 => 274
 42 76 62 58 31 6	 => 275
 73 6 31 71 69 25	 => 275
 70 25 69 63 20 28	 => 275
 33 28 20 74 79 41	 => 275
 67 41 79 52 19 16	 => 274
 62 59 12 36 48 58	 => 275
 31 58 48 35 32 71	 => 275
 69 71 32 22 17 63	 => 274
 20 63 17 64 37 74	 => 275
 79 74 37 24 9 52	 => 275
 48 36 26 50 80 35	 => 275
 32 35 80 57 49 22	 => 275
 17 22 49 55 68 64	 => 275
 37 64 68 51 30 24	 => 274
 80 50 1 21 66 57	 => 275
 49 57 66 4 44 55	 => 275
 68 55 44 34 23 51	 => 275


===================[TEST 4]===================

##### START ##### Tue May 20 16:51:33 2003



##### CONVERGE ##### Tue May 20 16:52:35 2003

Elapsed time: 62 seconds
Total loop: 91 generations

Result : 267.833

23 5 73 71 80 19 4 41 62 65 37 76 21 10 17 51 56 3 68 8 14 70 53 38 13 35 44 60 25 40 79 45 57 29 48 78 30 24 52 32 47 36 61 50 31 26 72 42 11 63 58 20 22 2 59 66 9 54 43 46 34 67 39 33 15 49 74 75 16 77 55 64 12 18 28 27 7 69 6 1 

 23 5 73 71 80 19	 => 271
 4 19 80 41 62 65	 => 271
 37 65 62 76 21 10	 => 271
 73 17 51 56 3 71	 => 271
 80 71 3 68 8 41	 => 271
 62 41 8 14 70 76	 => 271
 21 76 70 53 38 13	 => 271
 51 35 44 60 25 56	 => 271
 3 56 25 40 79 68	 => 271
 8 68 79 45 57 14	 => 271
 70 14 57 29 48 53	 => 271
 38 53 48 78 30 24	 => 271
 44 52 32 47 36 60	 => 271
 25 60 36 61 50 40	 => 272
 79 40 50 31 26 45	 => 271
 57 45 26 72 42 29	 => 271
 48 29 42 11 63 78	 => 271
 30 78 63 58 20 22	 => 271
 36 47 2 59 66 61	 => 271
 50 61 66 9 54 31	 => 271
 26 31 54 43 46 72	 => 272
 42 72 46 34 67 11	 => 272
 63 11 67 39 33 58	 => 271
 66 59 15 49 74 9	 => 272
 54 9 74 75 16 43	 => 271
 46 43 16 77 55 34	 => 271
 67 34 55 64 12 39	 => 271
 74 49 18 28 27 75	 => 271
 16 75 27 7 69 77	 => 271
 55 77 69 6 1 64	 => 272


===================[TEST 5]===================

##### START ##### Tue May 20 16:52:35 2003



##### CONVERGE ##### Tue May 20 16:53:51 2003

Elapsed time: 76 seconds
Total loop: 112 generations

Result : 268.218

35 6 74 53 78 26 13 21 80 55 20 62 54 1 8 49 65 24 69 27 30 52 43 58 4 11 36 79 33 37 44 56 47 77 23 71 75 3 28 12 48 70 38 16 51 68 15 10 61 31 63 18 14 7 46 64 45 59 39 41 73 72 5 40 2 66 50 60 19 67 34 57 32 29 25 42 9 76 17 22 

 35 6 74 53 78 26	 => 272
 13 26 78 21 80 55	 => 273
 20 55 80 62 54 1	 => 272
 74 8 49 65 24 53	 => 273
 78 53 24 69 27 21	 => 272
 80 21 27 30 52 62	 => 272
 54 62 52 43 58 4	 => 273
 49 11 36 79 33 65	 => 273
 24 65 33 37 44 69	 => 272
 27 69 44 56 47 30	 => 273
 52 30 47 77 23 43	 => 272
 58 43 23 71 75 3	 => 273
 36 28 12 48 70 79	 => 273
 33 79 70 38 16 37	 => 273
 44 37 16 51 68 56	 => 272
 47 56 68 15 10 77	 => 273
 23 77 10 61 31 71	 => 273
 75 71 31 63 18 14	 => 272
 70 48 7 46 64 38	 => 273
 16 38 64 45 59 51	 => 273
 68 51 59 39 41 15	 => 273
 10 15 41 73 72 61	 => 272
 31 61 72 5 40 63	 => 272
 64 46 2 66 50 45	 => 273
 59 45 50 60 19 39	 => 272
 41 39 19 67 34 73	 => 273
 72 73 34 57 32 5	 => 273
 50 66 29 25 42 60	 => 272
 19 60 42 9 76 67	 => 273
 34 67 76 17 22 57	 => 273



test#	fitness		sum		time
---------------------------------------------------
1	262.778				31
2	271.093				65
3	271.222				105
4	267.833				62
5	268.218				76


---------------------------------------------------
Best fitness      : 271.222 ( test# 3)
Shortest time     : 31 ( test# 1)

Average fitness   : 268.229
Average time      : 67.8
