****************** GA TEST *******************

total test#:			 5
hexa min width:			 3
hexa max width:			 6
hexa count:			 30
number count:			 80
population size:		 80
generation size:		 10

tournament winner p:		 0.98
do xover p:			 1
xover:				 2points
do mutation1 p:			 0.1
mutation1 p:			 0.05
do optimize p:			 0.98
local optimize count:		 8000
do deep better optimize p:	 1
do deep worse optimize p:	 0
do spin p:			 0
spin count:			 900
do spin apply p:		 1
do mutation2 p:			 0.1
mutation2 p:			 0.07
force mutation2:		 0
replace bad p:			 0.195

converge rate p:		 0.99
converge count:			 1

**********************************************


===================[TEST 1]===================

##### START ##### Tue May 20 16:53:52 2003



##### CONVERGE ##### Tue May 20 16:55:08 2003

Elapsed time: 76 seconds
Total loop: 334 generations

Result : 272.093

22 15 57 74 42 65 3 11 78 76 6 60 14 41 2 45 51 46 72 30 28 68 67 61 5 1 56 70 52 16 38 73 34 26 53 71 19 4 13 20 50 66 39 32 54 62 63 17 49 59 80 21 25 12 29 79 47 24 40 33 69 44 36 7 9 48 64 77 23 35 75 43 8 18 10 58 27 55 31 37 

 22 15 57 74 42 65	 => 275
 3 65 42 11 78 76	 => 275
 6 76 78 60 14 41	 => 275
 57 2 45 51 46 74	 => 275
 42 74 46 72 30 11	 => 275
 78 11 30 28 68 60	 => 275
 14 60 68 67 61 5	 => 275
 45 1 56 70 52 51	 => 275
 46 51 52 16 38 72	 => 275
 30 72 38 73 34 28	 => 275
 68 28 34 26 53 67	 => 276
 61 67 53 71 19 4	 => 275
 56 13 20 50 66 70	 => 275
 52 70 66 39 32 16	 => 275
 38 16 32 54 62 73	 => 275
 34 73 62 63 17 26	 => 275
 53 26 17 49 59 71	 => 275
 19 71 59 80 21 25	 => 275
 66 50 12 29 79 39	 => 275
 32 39 79 47 24 54	 => 275
 62 54 24 40 33 63	 => 276
 17 63 33 69 44 49	 => 275
 59 49 44 36 7 80	 => 275
 79 29 9 48 64 47	 => 276
 24 47 64 77 23 40	 => 275
 33 40 23 35 75 69	 => 275
 44 69 75 43 8 36	 => 275
 64 48 18 10 58 77	 => 275
 23 77 58 27 55 35	 => 275
 75 35 55 31 37 43	 => 276


===================[TEST 2]===================

##### START ##### Tue May 20 16:55:08 2003



##### CONVERGE ##### Tue May 20 16:56:13 2003

Elapsed time: 65 seconds
Total loop: 287 generations

Result : 271.222

22 16 35 80 79 42 3 48 58 45 13 68 76 15 12 32 66 50 14 4 72 25 54 51 1 7 43 71 55 38 52 74 59 41 24 57 78 11 5 19 77 60 33 18 75 17 47 37 53 63 26 31 20 9 49 46 36 67 39 30 44 64 62 6 10 69 65 40 28 73 61 23 21 29 2 70 8 56 27 34 

 22 16 35 80 79 42	 => 274
 3 42 79 48 58 45	 => 275
 13 45 58 68 76 15	 => 275
 35 12 32 66 50 80	 => 275
 79 80 50 14 4 48	 => 275
 58 48 4 72 25 68	 => 275
 76 68 25 54 51 1	 => 275
 32 7 43 71 55 66	 => 274
 50 66 55 38 52 14	 => 275
 4 14 52 74 59 72	 => 275
 25 72 59 41 24 54	 => 275
 51 54 24 57 78 11	 => 275
 43 5 19 77 60 71	 => 275
 55 71 60 33 18 38	 => 275
 52 38 18 75 17 74	 => 274
 59 74 17 47 37 41	 => 275
 24 41 37 53 63 57	 => 275
 78 57 63 26 31 20	 => 275
 60 77 9 49 46 33	 => 274
 18 33 46 36 67 75	 => 275
 17 75 67 39 30 47	 => 275
 37 47 30 44 64 53	 => 275
 63 53 64 62 6 26	 => 274
 46 49 10 69 65 36	 => 275
 67 36 65 40 28 39	 => 275
 30 39 28 73 61 44	 => 275
 64 44 61 23 21 62	 => 275
 65 69 29 2 70 40	 => 275
 28 40 70 8 56 73	 => 275
 61 73 56 27 34 23	 => 274


===================[TEST 3]===================

##### START ##### Tue May 20 16:56:13 2003



##### CONVERGE ##### Tue May 20 16:57:38 2003

Elapsed time: 85 seconds
Total loop: 372 generations

Result : 270.942

24 2 74 53 75 47 9 32 69 43 4 76 66 17 13 30 59 46 36 33 26 40 48 38 7 8 71 63 45 10 79 29 72 25 64 78 42 5 1 15 70 55 41 62 34 61 77 12 58 39 68 28 20 31 21 57 67 14 54 35 37 56 52 3 6 80 44 73 23 65 60 51 19 18 11 49 16 50 27 22 

 24 2 74 53 75 47	 => 275
 9 47 75 32 69 43	 => 275
 4 43 69 76 66 17	 => 275
 74 13 30 59 46 53	 => 275
 75 53 46 36 33 32	 => 275
 69 32 33 26 40 76	 => 276
 66 76 40 48 38 7	 => 275
 30 8 71 63 45 59	 => 276
 46 59 45 10 79 36	 => 275
 33 36 79 29 72 26	 => 275
 40 26 72 25 64 48	 => 275
 38 48 64 78 42 5	 => 275
 71 1 15 70 55 63	 => 275
 45 63 55 41 62 10	 => 276
 79 10 62 34 61 29	 => 275
 72 29 61 77 12 25	 => 276
 64 25 12 58 39 78	 => 276
 42 78 39 68 28 20	 => 275
 55 70 31 21 57 41	 => 275
 62 41 57 67 14 34	 => 275
 61 34 14 54 35 77	 => 275
 12 77 35 37 56 58	 => 275
 39 58 56 52 3 68	 => 276
 57 21 6 80 44 67	 => 275
 14 67 44 73 23 54	 => 275
 35 54 23 65 60 37	 => 274
 56 37 60 51 19 52	 => 275
 44 80 18 11 49 73	 => 275
 23 73 49 16 50 65	 => 276
 60 65 50 27 22 51	 => 275


===================[TEST 4]===================

##### START ##### Tue May 20 16:57:38 2003



##### CONVERGE ##### Tue May 20 16:59:29 2003

Elapsed time: 111 seconds
Total loop: 490 generations

Result : 271.001

20 35 48 62 78 32 2 25 80 59 6 65 61 4 23 18 68 57 10 43 28 34 73 31 12 1 71 53 64 5 72 56 66 33 41 77 37 17 11 3 63 75 36 42 45 55 58 8 46 70 52 13 26 7 21 74 40 39 30 49 60 54 29 24 14 76 50 69 47 51 38 79 16 9 44 27 15 67 22 19 

 20 35 48 62 78 32	 => 275
 2 32 78 25 80 59	 => 276
 6 59 80 65 61 4	 => 275
 48 23 18 68 57 62	 => 276
 78 62 57 10 43 25	 => 275
 80 25 43 28 34 65	 => 275
 61 65 34 73 31 12	 => 276
 18 1 71 53 64 68	 => 275
 57 68 64 5 72 10	 => 276
 43 10 72 56 66 28	 => 275
 34 28 66 33 41 73	 => 275
 31 73 41 77 37 17	 => 276
 71 11 3 63 75 53	 => 276
 64 53 75 36 42 5	 => 275
 72 5 42 45 55 56	 => 275
 66 56 55 58 8 33	 => 276
 41 33 8 46 70 77	 => 275
 37 77 70 52 13 26	 => 275
 75 63 7 21 74 36	 => 276
 42 36 74 40 39 45	 => 276
 55 45 39 30 49 58	 => 276
 8 58 49 60 54 46	 => 275
 70 46 54 29 24 52	 => 275
 74 21 14 76 50 40	 => 275
 39 40 50 69 47 30	 => 275
 49 30 47 51 38 60	 => 275
 54 60 38 79 16 29	 => 276
 50 76 9 44 27 69	 => 275
 47 69 27 15 67 51	 => 276
 38 51 67 22 19 79	 => 276


===================[TEST 5]===================

##### START ##### Tue May 20 16:59:29 2003



##### CONVERGE ##### Tue May 20 17:00:42 2003

Elapsed time: 73 seconds
Total loop: 321 generations

Result : 271.217

51 6 30 49 79 58 7 24 68 37 12 69 72 16 4 56 59 76 13 33 53 27 63 38 5 3 40 77 39 9 78 17 80 28 23 75 74 1 15 19 52 71 46 32 73 65 50 34 70 44 43 20 18 2 41 62 47 14 61 11 45 64 22 31 10 54 60 57 35 67 55 66 21 29 26 48 25 42 8 36 

 51 6 30 49 79 58	 => 273
 7 58 79 24 68 37	 => 273
 12 37 68 69 72 16	 => 274
 30 4 56 59 76 49	 => 274
 79 49 76 13 33 24	 => 274
 68 24 33 53 27 69	 => 274
 72 69 27 63 38 5	 => 274
 56 3 40 77 39 59	 => 274
 76 59 39 9 78 13	 => 274
 33 13 78 17 80 53	 => 274
 27 53 80 28 23 63	 => 274
 38 63 23 75 74 1	 => 274
 40 15 19 52 71 77	 => 274
 39 77 71 46 32 9	 => 274
 78 9 32 73 65 17	 => 274
 80 17 65 50 34 28	 => 274
 23 28 34 70 44 75	 => 274
 74 75 44 43 20 18	 => 274
 71 52 2 41 62 46	 => 274
 32 46 62 47 14 73	 => 274
 65 73 14 61 11 50	 => 274
 34 50 11 45 64 70	 => 274
 44 70 64 22 31 43	 => 274
 62 41 10 54 60 47	 => 274
 14 47 60 57 35 61	 => 274
 11 61 35 67 55 45	 => 274
 64 45 55 66 21 22	 => 273
 60 54 29 26 48 57	 => 274
 35 57 48 25 42 67	 => 274
 55 67 42 8 36 66	 => 274



test#	fitness		sum		time
---------------------------------------------------
1	272.093				76
2	271.222				65
3	270.942				85
4	271.001				111
5	271.217				73


---------------------------------------------------
Best fitness      : 272.093 ( test# 1)
Shortest time     : 65 ( test# 2)

Average fitness   : 271.295
Average time      : 82
