****************** GA TEST *******************

total test#:			 5
hexa min width:			 3
hexa max width:			 6
hexa count:			 30
number count:			 80
population size:		 80
generation size:		 10

tournament winner p:		 1
do xover p:			 1
xover:				 2points
do mutation1 p:			 0.1
mutation1 p:			 0.05
do optimize p:			 0.98
local optimize count:		 8000
do deep better optimize p:	 1
do deep worse optimize p:	 0
do spin p:			 0
spin count:			 900
do spin apply p:		 1
do mutation2 p:			 0.1
mutation2 p:			 0.07
force mutation2:		 0
replace bad p:			 0.195

converge rate p:		 0.99
converge count:			 1

**********************************************


===================[TEST 1]===================

##### START ##### Tue May 20 17:00:47 2003



##### CONVERGE ##### Tue May 20 17:02:05 2003

Elapsed time: 78 seconds
Total loop: 343 generations

Result : 272.45

13 24 43 50 72 75 1 16 68 45 18 62 78 5 17 41 74 52 34 53 22 56 57 15 9 4 64 73 20 42 55 66 47 27 67 58 70 10 31 6 39 63 46 33 26 54 71 11 37 77 49 19 3 14 36 79 61 32 28 65 23 69 38 7 2 40 59 76 21 80 60 51 35 25 29 48 8 44 12 30 

 13 24 43 50 72 75	 => 277
 1 75 72 16 68 45	 => 277
 18 45 68 62 78 5	 => 276
 43 17 41 74 52 50	 => 277
 72 50 52 34 53 16	 => 277
 68 16 53 22 56 62	 => 277
 78 62 56 57 15 9	 => 277
 41 4 64 73 20 74	 => 276
 52 74 20 42 55 34	 => 277
 53 34 55 66 47 22	 => 277
 56 22 47 27 67 57	 => 276
 15 57 67 58 70 10	 => 277
 64 31 6 39 63 73	 => 276
 20 73 63 46 33 42	 => 277
 55 42 33 26 54 66	 => 276
 47 66 54 71 11 27	 => 276
 67 27 11 37 77 58	 => 277
 70 58 77 49 19 3	 => 276
 63 39 14 36 79 46	 => 277
 33 46 79 61 32 26	 => 277
 54 26 32 28 65 71	 => 276
 11 71 65 23 69 37	 => 276
 77 37 69 38 7 49	 => 277
 79 36 2 40 59 61	 => 277
 32 61 59 76 21 28	 => 277
 65 28 21 80 60 23	 => 277
 69 23 60 51 35 38	 => 276
 59 40 25 29 48 76	 => 277
 21 76 48 8 44 80	 => 277
 60 80 44 12 30 51	 => 277


===================[TEST 2]===================

##### START ##### Tue May 20 17:02:05 2003



##### CONVERGE ##### Tue May 20 17:03:42 2003

Elapsed time: 97 seconds
Total loop: 424 generations

Result : 270.45

65 6 40 44 75 45 10 31 77 36 25 73 56 7 4 70 57 59 33 32 11 50 58 24 14 2 39 78 28 30 67 52 80 22 53 76 43 20 51 9 26 71 54 13 49 63 23 34 29 60 74 3 19 15 46 62 41 55 17 68 48 72 35 5 8 38 79 66 16 64 61 37 21 18 27 47 12 69 42 1 

 65 6 40 44 75 45	 => 275
 10 45 75 31 77 36	 => 274
 25 36 77 73 56 7	 => 274
 40 4 70 57 59 44	 => 274
 75 44 59 33 32 31	 => 274
 77 31 32 11 50 73	 => 274
 56 73 50 58 24 14	 => 275
 70 2 39 78 28 57	 => 274
 59 57 28 30 67 33	 => 274
 32 33 67 52 80 11	 => 275
 50 11 80 22 53 58	 => 274
 24 58 53 76 43 20	 => 274
 39 51 9 26 71 78	 => 274
 28 78 71 54 13 30	 => 274
 67 30 13 49 63 52	 => 274
 80 52 63 23 34 22	 => 274
 53 22 34 29 60 76	 => 274
 43 76 60 74 3 19	 => 275
 71 26 15 46 62 54	 => 274
 13 54 62 41 55 49	 => 274
 63 49 55 17 68 23	 => 275
 34 23 68 48 72 29	 => 274
 60 29 72 35 5 74	 => 275
 62 46 8 38 79 41	 => 274
 55 41 79 66 16 17	 => 274
 68 17 16 64 61 48	 => 274
 72 48 61 37 21 35	 => 274
 79 38 18 27 47 66	 => 275
 16 66 47 12 69 64	 => 274
 61 64 69 42 1 37	 => 274


===================[TEST 3]===================

##### START ##### Tue May 20 17:03:42 2003



##### CONVERGE ##### Tue May 20 17:04:14 2003

Elapsed time: 32 seconds
Total loop: 139 generations

Result : 266.734

39 12 65 52 68 34 26 14 49 80 17 76 46 2 5 57 75 16 64 56 15 59 77 11 1 8 32 58 41 38 36 69 30 35 54 60 45 23 6 47 66 61 62 10 73 44 67 25 53 43 71 42 9 7 55 19 78 28 31 27 48 50 20 33 4 40 74 37 22 63 79 70 3 18 29 72 51 24 13 21 

 39 12 65 52 68 34	 => 270
 26 34 68 14 49 80	 => 271
 17 80 49 76 46 2	 => 270
 65 5 57 75 16 52	 => 270
 68 52 16 64 56 14	 => 270
 49 14 56 15 59 76	 => 269
 46 76 59 77 11 1	 => 270
 57 8 32 58 41 75	 => 271
 16 75 41 38 36 64	 => 270
 56 64 36 69 30 15	 => 270
 59 15 30 35 54 77	 => 270
 11 77 54 60 45 23	 => 270
 32 6 47 66 61 58	 => 270
 41 58 61 62 10 38	 => 270
 36 38 10 73 44 69	 => 270
 30 69 44 67 25 35	 => 270
 54 35 25 53 43 60	 => 270
 45 60 43 71 42 9	 => 270
 61 66 7 55 19 62	 => 270
 10 62 19 78 28 73	 => 270
 44 73 28 31 27 67	 => 270
 25 67 27 48 50 53	 => 270
 43 53 50 20 33 71	 => 270
 19 55 4 40 74 78	 => 270
 28 78 74 37 22 31	 => 270
 27 31 22 63 79 48	 => 270
 50 48 79 70 3 20	 => 270
 74 40 18 29 72 37	 => 270
 22 37 72 51 24 63	 => 269
 79 63 24 13 21 70	 => 270


===================[TEST 4]===================

##### START ##### Tue May 20 17:04:14 2003



##### CONVERGE ##### Tue May 20 17:05:25 2003

Elapsed time: 71 seconds
Total loop: 311 generations

Result : 270.826

2 59 37 79 64 33 21 19 75 62 11 76 49 1 20 34 72 32 63 17 40 47 50 27 24 6 58 74 30 53 23 54 77 25 35 71 78 13 3 4 80 55 14 48 73 22 67 29 46 68 41 7 9 26 57 42 52 45 39 28 44 60 43 16 15 70 38 69 31 65 66 56 5 10 51 36 12 61 8 18 

 2 59 37 79 64 33	 => 274
 21 33 64 19 75 62	 => 274
 11 62 75 76 49 1	 => 274
 37 20 34 72 32 79	 => 274
 64 79 32 63 17 19	 => 274
 75 19 17 40 47 76	 => 274
 49 76 47 50 27 24	 => 273
 34 6 58 74 30 72	 => 274
 32 72 30 53 23 63	 => 273
 17 63 23 54 77 40	 => 274
 47 40 77 25 35 50	 => 274
 27 50 35 71 78 13	 => 274
 58 3 4 80 55 74	 => 274
 30 74 55 14 48 53	 => 274
 23 53 48 73 22 54	 => 273
 77 54 22 67 29 25	 => 274
 35 25 29 46 68 71	 => 274
 78 71 68 41 7 9	 => 274
 55 80 26 57 42 14	 => 274
 48 14 42 52 45 73	 => 274
 22 73 45 39 28 67	 => 274
 29 67 28 44 60 46	 => 274
 68 46 60 43 16 41	 => 274
 42 57 15 70 38 52	 => 274
 45 52 38 69 31 39	 => 274
 28 39 31 65 66 44	 => 273
 60 44 66 56 5 43	 => 274
 38 70 10 51 36 69	 => 274
 31 69 36 12 61 65	 => 274
 66 65 61 8 18 56	 => 274


===================[TEST 5]===================

##### START ##### Tue May 20 17:05:25 2003



##### CONVERGE ##### Tue May 20 17:06:10 2003

Elapsed time: 45 seconds
Total loop: 200 generations

Result : 266.45

25 14 78 55 66 32 9 36 60 68 26 53 56 7 39 21 67 10 65 38 13 70 73 15 3 12 42 77 51 33 44 76 34 35 45 40 75 22 47 11 69 24 54 31 58 29 49 48 30 72 63 2 18 4 57 62 23 43 41 50 74 19 59 27 20 28 80 79 5 37 64 46 8 16 6 61 17 71 1 52 

 25 14 78 55 66 32	 => 270
 9 32 66 36 60 68	 => 271
 26 68 60 53 56 7	 => 270
 78 39 21 67 10 55	 => 270
 66 55 10 65 38 36	 => 270
 60 36 38 13 70 53	 => 270
 56 53 70 73 15 3	 => 270
 21 12 42 77 51 67	 => 270
 10 67 51 33 44 65	 => 270
 38 65 44 76 34 13	 => 270
 70 13 34 35 45 73	 => 270
 15 73 45 40 75 22	 => 270
 42 47 11 69 24 77	 => 270
 51 77 24 54 31 33	 => 270
 44 33 31 58 29 76	 => 271
 34 76 29 49 48 35	 => 271
 45 35 48 30 72 40	 => 270
 75 40 72 63 2 18	 => 270
 24 69 4 57 62 54	 => 270
 31 54 62 23 43 58	 => 271
 29 58 43 41 50 49	 => 270
 48 49 50 74 19 30	 => 270
 72 30 19 59 27 63	 => 270
 62 57 20 28 80 23	 => 270
 43 23 80 79 5 41	 => 271
 50 41 5 37 64 74	 => 271
 19 74 64 46 8 59	 => 270
 80 28 16 6 61 79	 => 270
 5 79 61 17 71 37	 => 270
 64 37 71 1 52 46	 => 271



test#	fitness		sum		time
---------------------------------------------------
1	272.45				78
2	270.45				97
3	266.734				32
4	270.826				71
5	266.45				45


---------------------------------------------------
Best fitness      : 272.45 ( test# 1)
Shortest time     : 32 ( test# 3)

Average fitness   : 269.382
Average time      : 64.6
