****************** GA TEST *******************

total test#:			 5
hexa min width:			 3
hexa max width:			 6
hexa count:			 30
number count:			 80
population size:		 80
generation size:		 10

tournament winner p:		 0.88
do xover p:			 1
xover:				 2points
do mutation1 p:			 0.1
mutation1 p:			 0.05
do optimize p:			 0.98
local optimize count:		 8000
do deep better optimize p:	 1
do deep worse optimize p:	 0
do spin p:			 0
spin count:			 900
do spin apply p:		 1
do mutation2 p:			 0.1
mutation2 p:			 0.07
force mutation2:		 0
replace bad p:			 0.195

converge rate p:		 0.99
converge count:			 1

**********************************************


===================[TEST 1]===================

##### START ##### Tue May 20 17:06:12 2003



##### CONVERGE ##### Tue May 20 17:08:19 2003

Elapsed time: 127 seconds
Total loop: 558 generations

Result : 270.984

23 15 60 75 65 36 11 6 79 78 10 80 24 4 7 48 58 26 72 31 52 27 76 47 20 5 51 74 39 43 37 33 50 49 21 71 42 18 14 12 77 46 28 45 61 56 62 25 41 68 22 19 53 3 54 67 17 57 9 30 44 73 55 16 1 66 69 64 59 70 63 38 2 8 32 35 13 34 29 40 

 23 15 60 75 65 36	 => 274
 11 36 65 6 79 78	 => 275
 10 78 79 80 24 4	 => 275
 60 7 48 58 26 75	 => 274
 65 75 26 72 31 6	 => 275
 79 6 31 52 27 80	 => 275
 24 80 27 76 47 20	 => 274
 48 5 51 74 39 58	 => 275
 26 58 39 43 37 72	 => 275
 31 72 37 33 50 52	 => 275
 27 52 50 49 21 76	 => 275
 47 76 21 71 42 18	 => 275
 51 14 12 77 46 74	 => 274
 39 74 46 28 45 43	 => 275
 37 43 45 61 56 33	 => 275
 50 33 56 62 25 49	 => 275
 21 49 25 41 68 71	 => 275
 42 71 68 22 19 53	 => 275
 46 77 3 54 67 28	 => 275
 45 28 67 17 57 61	 => 275
 56 61 57 9 30 62	 => 275
 25 62 30 44 73 41	 => 275
 68 41 73 55 16 22	 => 275
 67 54 1 66 69 17	 => 274
 57 17 69 64 59 9	 => 275
 30 9 59 70 63 44	 => 275
 73 44 63 38 2 55	 => 275
 69 66 8 32 35 64	 => 274
 59 64 35 13 34 70	 => 275
 63 70 34 29 40 38	 => 274


===================[TEST 2]===================

##### START ##### Tue May 20 17:08:19 2003



##### CONVERGE ##### Tue May 20 17:09:53 2003

Elapsed time: 94 seconds
Total loop: 415 generations

Result : 270.45

1 31 78 59 69 36 2 65 68 34 23 58 70 21 20 27 73 17 62 3 40 41 72 30 4 6 50 76 43 19 61 71 38 29 54 75 35 9 25 12 45 67 37 33 28 63 48 26 44 47 80 15 22 24 49 53 60 64 5 66 52 39 55 10 11 46 56 74 16 57 79 42 8 7 14 77 18 32 13 51 

 1 31 78 59 69 36	 => 274
 2 36 69 65 68 34	 => 274
 23 34 68 58 70 21	 => 274
 78 20 27 73 17 59	 => 274
 69 59 17 62 3 65	 => 275
 68 65 3 40 41 58	 => 275
 70 58 41 72 30 4	 => 275
 27 6 50 76 43 73	 => 275
 17 73 43 19 61 62	 => 275
 3 62 61 71 38 40	 => 275
 41 40 38 29 54 72	 => 274
 30 72 54 75 35 9	 => 275
 50 25 12 45 67 76	 => 275
 43 76 67 37 33 19	 => 275
 61 19 33 28 63 71	 => 275
 38 71 63 48 26 29	 => 275
 54 29 26 44 47 75	 => 275
 35 75 47 80 15 22	 => 274
 67 45 24 49 53 37	 => 275
 33 37 53 60 64 28	 => 275
 63 28 64 5 66 48	 => 274
 26 48 66 52 39 44	 => 275
 47 44 39 55 10 80	 => 275
 53 49 11 46 56 60	 => 275
 64 60 56 74 16 5	 => 275
 66 5 16 57 79 52	 => 275
 39 52 79 42 8 55	 => 275
 56 46 7 14 77 74	 => 274
 16 74 77 18 32 57	 => 274
 79 57 32 13 51 42	 => 274


===================[TEST 3]===================

##### START ##### Tue May 20 17:09:53 2003



##### CONVERGE ##### Tue May 20 17:11:38 2003

Elapsed time: 105 seconds
Total loop: 457 generations

Result : 269.833

19 16 75 54 78 31 1 28 66 69 2 63 44 29 11 37 58 39 22 53 25 38 71 42 15 8 41 72 57 20 77 47 50 30 59 48 46 7 5 49 61 45 14 65 21 43 52 51 24 62 80 3 34 9 68 76 27 70 55 32 35 79 10 18 6 56 40 64 17 74 60 67 23 4 36 73 12 33 13 26 

 19 16 75 54 78 31	 => 273
 1 31 78 28 66 69	 => 273
 2 69 66 63 44 29	 => 273
 75 11 37 58 39 54	 => 274
 78 54 39 22 53 28	 => 274
 66 28 53 25 38 63	 => 273
 44 63 38 71 42 15	 => 273
 37 8 41 72 57 58	 => 273
 39 58 57 20 77 22	 => 273
 53 22 77 47 50 25	 => 274
 38 25 50 30 59 71	 => 273
 42 71 59 48 46 7	 => 273
 41 5 49 61 45 72	 => 273
 57 72 45 14 65 20	 => 273
 77 20 65 21 43 47	 => 273
 50 47 43 52 51 30	 => 273
 59 30 51 24 62 48	 => 274
 46 48 62 80 3 34	 => 273
 45 61 9 68 76 14	 => 273
 65 14 76 27 70 21	 => 273
 43 21 70 55 32 52	 => 273
 51 52 32 35 79 24	 => 273
 62 24 79 10 18 80	 => 273
 76 68 6 56 40 27	 => 273
 70 27 40 64 17 55	 => 273
 32 55 17 74 60 35	 => 273
 79 35 60 67 23 10	 => 274
 40 56 4 36 73 64	 => 273
 17 64 73 12 33 74	 => 273
 60 74 33 13 26 67	 => 273


===================[TEST 4]===================

##### START ##### Tue May 20 17:11:38 2003



##### CONVERGE ##### Tue May 20 17:12:46 2003

Elapsed time: 68 seconds
Total loop: 299 generations

Result : 268.417

9 5 49 72 66 70 12 29 51 43 26 77 68 6 8 20 62 60 7 37 35 42 65 4 15 32 46 38 73 11 58 80 54 31 44 56 78 24 63 13 50 61 40 48 19 55 36 16 53 71 22 34 10 18 28 74 33 57 25 79 23 64 41 21 1 76 59 67 30 45 69 27 47 14 3 52 2 75 39 17 

 9 5 49 72 66 70	 => 271
 12 70 66 29 51 43	 => 271
 26 43 51 77 68 6	 => 271
 49 8 20 62 60 72	 => 271
 66 72 60 7 37 29	 => 271
 51 29 37 35 42 77	 => 271
 68 77 42 65 4 15	 => 271
 20 32 46 38 73 62	 => 271
 60 62 73 11 58 7	 => 271
 37 7 58 80 54 35	 => 271
 42 35 54 31 44 65	 => 271
 4 65 44 56 78 24	 => 271
 46 63 13 50 61 38	 => 271
 73 38 61 40 48 11	 => 271
 58 11 48 19 55 80	 => 271
 54 80 55 36 16 31	 => 272
 44 31 16 53 71 56	 => 271
 78 56 71 22 34 10	 => 271
 61 50 18 28 74 40	 => 271
 48 40 74 33 57 19	 => 271
 55 19 57 25 79 36	 => 271
 16 36 79 23 64 53	 => 271
 71 53 64 41 21 22	 => 272
 74 28 1 76 59 33	 => 271
 57 33 59 67 30 25	 => 271
 79 25 30 45 69 23	 => 271
 64 23 69 27 47 41	 => 271
 59 76 14 3 52 67	 => 271
 30 67 52 2 75 45	 => 271
 69 45 75 39 17 27	 => 272


===================[TEST 5]===================

##### START ##### Tue May 20 17:12:46 2003



##### CONVERGE ##### Tue May 20 17:13:38 2003

Elapsed time: 52 seconds
Total loop: 229 generations

Result : 265.723

20 23 79 49 73 26 17 58 80 16 66 38 63 7 4 36 68 34 29 27 42 25 72 28 45 22 48 44 52 11 76 21 75 1 54 46 62 9 15 33 56 74 47 43 50 69 65 39 70 60 30 19 53 2 13 78 40 12 51 24 41 31 64 14 3 59 77 57 32 67 55 71 8 5 37 35 18 61 6 10 

 20 23 79 49 73 26	 => 270
 17 26 73 58 80 16	 => 270
 66 16 80 38 63 7	 => 270
 79 4 36 68 34 49	 => 270
 73 49 34 29 27 58	 => 270
 80 58 27 42 25 38	 => 270
 63 38 25 72 28 45	 => 271
 36 22 48 44 52 68	 => 270
 34 68 52 11 76 29	 => 270
 27 29 76 21 75 42	 => 270
 25 42 75 1 54 72	 => 269
 28 72 54 46 62 9	 => 271
 48 15 33 56 74 44	 => 270
 52 44 74 47 43 11	 => 271
 76 11 43 50 69 21	 => 270
 75 21 69 65 39 1	 => 270
 54 1 39 70 60 46	 => 270
 62 46 60 30 19 53	 => 270
 74 56 2 13 78 47	 => 270
 43 47 78 40 12 50	 => 270
 69 50 12 51 24 65	 => 271
 39 65 24 41 31 70	 => 270
 60 70 31 64 14 30	 => 269
 78 13 3 59 77 40	 => 270
 12 40 77 57 32 51	 => 269
 24 51 32 67 55 41	 => 270
 31 41 55 71 8 64	 => 270
 77 59 5 37 35 57	 => 270
 32 57 35 18 61 67	 => 270
 55 67 61 6 10 71	 => 270



test#	fitness		sum		time
---------------------------------------------------
1	270.984				127
2	270.45				94
3	269.833				105
4	268.417				68
5	265.723				52


---------------------------------------------------
Best fitness      : 270.984 ( test# 1)
Shortest time     : 52 ( test# 5)

Average fitness   : 269.081
Average time      : 89.2
