****************** GA TEST *******************

total test#:			 5
hexa min width:			 3
hexa max width:			 6
hexa count:			 30
number count:			 80
population size:		 80
generation size:		 10

tournament winner p:		 0.98
do xover p:			 1
xover:				 2points
do mutation1 p:			 0.1
mutation1 p:			 0.05
do optimize p:			 0.98
local optimize count:		 8000
do deep better optimize p:	 1
do deep worse optimize p:	 0
do spin p:			 0
spin count:			 900
do spin apply p:		 1
do mutation2 p:			 0.1
mutation2 p:			 0.07
force mutation2:		 0
replace bad p:			 0.295

converge rate p:		 0.99
converge count:			 1

**********************************************


===================[TEST 1]===================

##### START ##### Tue May 20 17:13:42 2003



##### CONVERGE ##### Tue May 20 17:14:47 2003

Elapsed time: 65 seconds
Total loop: 287 generations

Result : 272.093

25 5 35 76 69 65 4 16 79 42 1 78 53 22 6 37 80 41 28 46 49 7 75 45 17 11 77 39 31 66 29 52 71 9 64 54 36 2 18 8 70 63 57 19 48 62 68 13 61 74 59 38 14 3 23 60 58 33 30 34 55 44 27 10 15 72 47 67 40 43 73 56 20 26 12 51 24 50 32 21 

 25 5 35 76 69 65	 => 275
 4 65 69 16 79 42	 => 275
 1 42 79 78 53 22	 => 275
 35 6 37 80 41 76	 => 275
 69 76 41 28 46 16	 => 276
 79 16 46 49 7 78	 => 275
 53 78 7 75 45 17	 => 275
 37 11 77 39 31 80	 => 275
 41 80 31 66 29 28	 => 275
 46 28 29 52 71 49	 => 275
 7 49 71 9 64 75	 => 275
 45 75 64 54 36 2	 => 276
 77 18 8 70 63 39	 => 275
 31 39 63 57 19 66	 => 275
 29 66 19 48 62 52	 => 276
 71 52 62 68 13 9	 => 275
 64 9 13 61 74 54	 => 275
 36 54 74 59 38 14	 => 275
 63 70 3 23 60 57	 => 276
 19 57 60 58 33 48	 => 275
 62 48 33 30 34 68	 => 275
 13 68 34 55 44 61	 => 275
 74 61 44 27 10 59	 => 275
 60 23 15 72 47 58	 => 275
 33 58 47 67 40 30	 => 275
 34 30 40 43 73 55	 => 275
 44 55 73 56 20 27	 => 275
 47 72 26 12 51 67	 => 275
 40 67 51 24 50 43	 => 275
 73 43 50 32 21 56	 => 275


===================[TEST 2]===================

##### START ##### Tue May 20 17:14:47 2003



##### CONVERGE ##### Tue May 20 17:15:53 2003

Elapsed time: 66 seconds
Total loop: 287 generations

Result : 269.5

11 7 62 79 33 80 13 65 59 23 29 74 78 10 2 38 50 42 22 32 18 25 68 27 1 14 40 71 60 44 55 69 77 28 56 64 53 4 39 24 54 45 36 17 66 21 48 30 34 61 49 26 20 47 15 76 5 73 19 46 52 63 57 9 35 72 70 75 31 67 58 37 6 12 3 41 8 51 16 43 

 11 7 62 79 33 80	 => 272
 13 80 33 65 59 23	 => 273
 29 23 59 74 78 10	 => 273
 62 2 38 50 42 79	 => 273
 33 79 42 22 32 65	 => 273
 59 65 32 18 25 74	 => 273
 78 74 25 68 27 1	 => 273
 38 14 40 71 60 50	 => 273
 42 50 60 44 55 22	 => 273
 32 22 55 69 77 18	 => 273
 25 18 77 28 56 68	 => 272
 27 68 56 64 53 4	 => 272
 40 39 24 54 45 71	 => 273
 60 71 45 36 17 44	 => 273
 55 44 17 66 21 69	 => 272
 77 69 21 48 30 28	 => 273
 56 28 30 34 61 64	 => 273
 53 64 61 49 26 20	 => 273
 45 54 47 15 76 36	 => 273
 17 36 76 5 73 66	 => 273
 21 66 73 19 46 48	 => 273
 30 48 46 52 63 34	 => 273
 61 34 63 57 9 49	 => 273
 76 15 35 72 70 5	 => 273
 73 5 70 75 31 19	 => 273
 46 19 31 67 58 52	 => 273
 63 52 58 37 6 57	 => 273
 70 72 12 3 41 75	 => 273
 31 75 41 8 51 67	 => 273
 58 67 51 16 43 37	 => 272


===================[TEST 3]===================

##### START ##### Tue May 20 17:15:53 2003



##### CONVERGE ##### Tue May 20 17:17:03 2003

Elapsed time: 70 seconds
Total loop: 308 generations

Result : 268.778

19 7 72 32 76 67 4 28 63 35 9 42 75 48 11 21 56 80 12 45 34 61 53 41 1 2 77 70 47 20 58 59 65 23 36 57 78 8 26 6 39 55 43 38 79 18 62 46 37 74 50 10 3 14 54 68 30 15 69 29 25 73 22 17 5 52 64 71 24 66 60 49 44 13 40 33 27 51 31 16 

 19 7 72 32 76 67	 => 273
 4 67 76 28 63 35	 => 273
 9 35 63 42 75 48	 => 272
 72 11 21 56 80 32	 => 272
 76 32 80 12 45 28	 => 273
 63 28 45 34 61 42	 => 273
 75 42 61 53 41 1	 => 273
 21 2 77 70 47 56	 => 273
 80 56 47 20 58 12	 => 273
 45 12 58 59 65 34	 => 273
 61 34 65 23 36 53	 => 272
 41 53 36 57 78 8	 => 273
 77 26 6 39 55 70	 => 273
 47 70 55 43 38 20	 => 273
 58 20 38 79 18 59	 => 272
 65 59 18 62 46 23	 => 273
 36 23 46 37 74 57	 => 273
 78 57 74 50 10 3	 => 272
 55 39 14 54 68 43	 => 273
 38 43 68 30 15 79	 => 273
 18 79 15 69 29 62	 => 272
 46 62 29 25 73 37	 => 272
 74 37 73 22 17 50	 => 273
 68 54 5 52 64 30	 => 273
 15 30 64 71 24 69	 => 273
 29 69 24 66 60 25	 => 273
 73 25 60 49 44 22	 => 273
 64 52 13 40 33 71	 => 273
 24 71 33 27 51 66	 => 272
 60 66 51 31 16 49	 => 273


===================[TEST 4]===================

##### START ##### Tue May 20 17:17:03 2003



##### CONVERGE ##### Tue May 20 17:18:26 2003

Elapsed time: 83 seconds
Total loop: 365 generations

Result : 269.626

29 8 64 77 47 49 16 54 66 44 11 80 52 22 1 25 71 37 55 6 45 24 75 21 23 10 73 61 35 40 38 72 59 39 33 78 50 18 14 2 56 69 42 28 67 30 57 19 43 62 70 12 4 15 34 60 51 26 46 48 32 76 7 17 20 74 36 63 53 27 68 79 13 41 3 58 9 65 31 5 

 29 8 64 77 47 49	 => 274
 16 49 47 54 66 44	 => 276
 11 44 66 80 52 22	 => 275
 64 1 25 71 37 77	 => 275
 47 77 37 55 6 54	 => 276
 66 54 6 45 24 80	 => 275
 52 80 24 75 21 23	 => 275
 25 10 73 61 35 71	 => 275
 37 71 35 40 38 55	 => 276
 6 55 38 72 59 45	 => 275
 24 45 59 39 33 75	 => 275
 21 75 33 78 50 18	 => 275
 73 14 2 56 69 61	 => 275
 35 61 69 42 28 40	 => 275
 38 40 28 67 30 72	 => 275
 59 72 30 57 19 39	 => 276
 33 39 19 43 62 78	 => 274
 50 78 62 70 12 4	 => 276
 69 56 15 34 60 42	 => 276
 28 42 60 51 26 67	 => 274
 30 67 26 46 48 57	 => 274
 19 57 48 32 76 43	 => 275
 62 43 76 7 17 70	 => 275
 60 34 20 74 36 51	 => 275
 26 51 36 63 53 46	 => 275
 48 46 53 27 68 32	 => 274
 76 32 68 79 13 7	 => 275
 36 74 41 3 58 63	 => 275
 53 63 58 9 65 27	 => 275
 68 27 65 31 5 79	 => 275


===================[TEST 5]===================

##### START ##### Tue May 20 17:18:26 2003



##### CONVERGE ##### Tue May 20 17:19:24 2003

Elapsed time: 58 seconds
Total loop: 252 generations

Result : 268.778

15 71 23 74 63 27 6 19 80 77 12 47 36 21 7 72 70 26 73 18 34 75 61 49 5 3 8 78 41 24 39 62 46 14 43 40 68 11 42 29 52 64 38 28 53 67 30 54 56 66 57 10 32 2 58 59 44 51 35 37 31 65 25 4 16 50 45 76 22 69 79 55 17 48 20 33 13 60 9 1 

 15 71 23 74 63 27	 => 273
 6 27 63 19 80 77	 => 272
 12 77 80 47 36 21	 => 273
 23 7 72 70 26 74	 => 272
 63 74 26 73 18 19	 => 273
 80 19 18 34 75 47	 => 273
 36 47 75 61 49 5	 => 273
 72 3 8 78 41 70	 => 272
 26 70 41 24 39 73	 => 273
 18 73 39 62 46 34	 => 272
 75 34 46 14 43 61	 => 273
 49 61 43 40 68 11	 => 272
 8 42 29 52 64 78	 => 273
 41 78 64 38 28 24	 => 273
 39 24 28 53 67 62	 => 273
 46 62 67 30 54 14	 => 273
 43 14 54 56 66 40	 => 273
 68 40 66 57 10 32	 => 273
 64 52 2 58 59 38	 => 273
 28 38 59 44 51 53	 => 273
 67 53 51 35 37 30	 => 273
 54 30 37 31 65 56	 => 273
 66 56 65 25 4 57	 => 273
 59 58 16 50 45 44	 => 272
 51 44 45 76 22 35	 => 273
 37 35 22 69 79 31	 => 273
 65 31 79 55 17 25	 => 272
 45 50 48 20 33 76	 => 272
 22 76 33 13 60 69	 => 273
 79 69 60 9 1 55	 => 273



test#	fitness		sum		time
---------------------------------------------------
1	272.093				65
2	269.5				66
3	268.778				70
4	269.626				83
5	268.778				58


---------------------------------------------------
Best fitness      : 272.093 ( test# 1)
Shortest time     : 58 ( test# 5)

Average fitness   : 269.755
Average time      : 68.4
