****************** GA TEST *******************

total test#:			 5
hexa min width:			 3
hexa max width:			 6
hexa count:			 30
number count:			 80
population size:		 80
generation size:		 10

tournament winner p:		 0.98
do xover p:			 1
xover:				 2points
do mutation1 p:			 0.1
mutation1 p:			 0.05
do optimize p:			 0.98
local optimize count:		 8000
do deep better optimize p:	 1
do deep worse optimize p:	 0
do spin p:			 0
spin count:			 900
do spin apply p:		 1
do mutation2 p:			 0.1
mutation2 p:			 0.07
force mutation2:		 0
replace bad p:			 0.095

converge rate p:		 0.99
converge count:			 1

**********************************************


===================[TEST 1]===================

##### START ##### Tue May 20 17:19:27 2003



##### CONVERGE ##### Tue May 20 17:20:11 2003

Elapsed time: 44 seconds
Total loop: 194 generations

Result : 267.111

6 37 67 57 62 42 23 13 79 52 12 72 53 3 8 21 69 49 58 32 17 59 31 41 16 36 47 76 22 7 66 39 60 25 78 45 75 1 2 38 40 68 19 80 5 74 65 9 50 64 35 18 34 28 46 70 24 73 11 43 56 48 54 20 10 51 71 63 29 77 55 44 14 27 33 26 15 61 4 30 

 6 37 67 57 62 42	 => 271
 23 42 62 13 79 52	 => 271
 12 52 79 72 53 3	 => 271
 67 8 21 69 49 57	 => 271
 62 57 49 58 32 13	 => 271
 79 13 32 17 59 72	 => 272
 53 72 59 31 41 16	 => 272
 21 36 47 76 22 69	 => 271
 49 69 22 7 66 58	 => 271
 32 58 66 39 60 17	 => 272
 59 17 60 25 78 31	 => 270
 41 31 78 45 75 1	 => 271
 47 2 38 40 68 76	 => 271
 22 76 68 19 80 7	 => 272
 66 7 80 5 74 39	 => 271
 60 39 74 65 9 25	 => 272
 78 25 9 50 64 45	 => 271
 75 45 64 35 18 34	 => 271
 68 40 28 46 70 19	 => 271
 80 19 70 24 73 5	 => 271
 74 5 73 11 43 65	 => 271
 9 65 43 56 48 50	 => 271
 64 50 48 54 20 35	 => 271
 70 46 10 51 71 24	 => 272
 73 24 71 63 29 11	 => 271
 43 11 29 77 55 56	 => 271
 48 56 55 44 14 54	 => 271
 71 51 27 33 26 63	 => 271
 29 63 26 15 61 77	 => 271
 55 77 61 4 30 44	 => 271


===================[TEST 2]===================

##### START ##### Tue May 20 17:20:11 2003



##### CONVERGE ##### Tue May 20 17:21:24 2003

Elapsed time: 73 seconds
Total loop: 317 generations

Result : 269.836

11 30 72 60 46 53 1 58 50 64 7 61 80 10 6 39 36 59 31 18 63 23 51 49 9 2 73 48 74 37 35 57 68 13 54 65 26 27 19 16 78 38 42 33 40 70 21 43 28 69 55 32 25 4 44 66 29 62 45 34 67 79 24 17 15 41 77 56 3 47 76 14 12 22 5 71 20 75 52 8 

 11 30 72 60 46 53	 => 272
 1 53 46 58 50 64	 => 272
 7 64 50 61 80 10	 => 272
 72 6 39 36 59 60	 => 272
 46 60 59 31 18 58	 => 272
 50 58 18 63 23 61	 => 273
 80 61 23 51 49 9	 => 273
 39 2 73 48 74 36	 => 272
 59 36 74 37 35 31	 => 272
 18 31 35 57 68 63	 => 272
 23 63 68 13 54 51	 => 272
 49 51 54 65 26 27	 => 272
 73 19 16 78 38 48	 => 272
 74 48 38 42 33 37	 => 272
 35 37 33 40 70 57	 => 272
 68 57 70 21 43 13	 => 272
 54 13 43 28 69 65	 => 272
 26 65 69 55 32 25	 => 272
 38 78 4 44 66 42	 => 272
 33 42 66 29 62 40	 => 272
 70 40 62 45 34 21	 => 272
 43 21 34 67 79 28	 => 272
 69 28 79 24 17 55	 => 272
 66 44 15 41 77 29	 => 272
 62 29 77 56 3 45	 => 272
 34 45 3 47 76 67	 => 272
 79 67 76 14 12 24	 => 272
 77 41 22 5 71 56	 => 272
 3 56 71 20 75 47	 => 272
 76 47 75 52 8 14	 => 272


===================[TEST 3]===================

##### START ##### Tue May 20 17:21:24 2003



##### CONVERGE ##### Tue May 20 17:22:34 2003

Elapsed time: 70 seconds
Total loop: 308 generations

Result : 271.542

7 21 58 64 78 47 4 17 71 59 10 72 48 16 12 9 75 57 31 28 54 35 60 43 18 25 77 68 22 46 45 69 49 13 65 61 44 2 1 8 51 70 42 27 36 53 55 37 20 80 66 14 11 15 19 79 62 30 52 50 41 73 32 5 3 39 74 34 24 76 33 67 29 26 40 63 23 56 38 6 

 7 21 58 64 78 47	 => 275
 4 47 78 17 71 59	 => 276
 10 59 71 72 48 16	 => 276
 58 12 9 75 57 64	 => 275
 78 64 57 31 28 17	 => 275
 71 17 28 54 35 72	 => 277
 48 72 35 60 43 18	 => 276
 9 25 77 68 22 75	 => 276
 57 75 22 46 45 31	 => 276
 28 31 45 69 49 54	 => 276
 35 54 49 13 65 60	 => 276
 43 60 65 61 44 2	 => 275
 77 1 8 51 70 68	 => 275
 22 68 70 42 27 46	 => 275
 45 46 27 36 53 69	 => 276
 49 69 53 55 37 13	 => 276
 65 13 37 20 80 61	 => 276
 44 61 80 66 14 11	 => 276
 70 51 15 19 79 42	 => 276
 27 42 79 62 30 36	 => 276
 53 36 30 52 50 55	 => 276
 37 55 50 41 73 20	 => 276
 80 20 73 32 5 66	 => 276
 79 19 3 39 74 62	 => 276
 30 62 74 34 24 52	 => 276
 50 52 24 76 33 41	 => 276
 73 41 33 67 29 32	 => 275
 74 39 26 40 63 34	 => 276
 24 34 63 23 56 76	 => 276
 33 76 56 38 6 67	 => 276


===================[TEST 4]===================

##### START ##### Tue May 20 17:22:34 2003



##### CONVERGE ##### Tue May 20 17:24:01 2003

Elapsed time: 87 seconds
Total loop: 384 generations

Result : 270.36

28 35 34 80 59 39 7 38 73 57 11 76 56 1 18 42 47 53 31 13 45 29 69 41 2 14 32 68 71 8 64 58 62 49 20 51 77 16 25 30 54 65 19 43 74 27 55 23 52 79 17 10 40 9 66 61 26 50 46 22 44 78 36 12 3 48 70 67 15 72 75 37 4 60 5 24 33 63 21 6 

 28 35 34 80 59 39	 => 275
 7 39 59 38 73 57	 => 273
 11 57 73 76 56 1	 => 274
 34 18 42 47 53 80	 => 274
 59 80 53 31 13 38	 => 274
 73 38 13 45 29 76	 => 274
 56 76 29 69 41 2	 => 273
 42 14 32 68 71 47	 => 274
 53 47 71 8 64 31	 => 274
 13 31 64 58 62 45	 => 273
 29 45 62 49 20 69	 => 274
 41 69 20 51 77 16	 => 274
 32 25 30 54 65 68	 => 274
 71 68 65 19 43 8	 => 274
 64 8 43 74 27 58	 => 274
 62 58 27 55 23 49	 => 274
 20 49 23 52 79 51	 => 274
 77 51 79 17 10 40	 => 274
 65 54 9 66 61 19	 => 274
 43 19 61 26 50 74	 => 273
 27 74 50 46 22 55	 => 274
 23 55 22 44 78 52	 => 274
 79 52 78 36 12 17	 => 274
 61 66 3 48 70 26	 => 274
 50 26 70 67 15 46	 => 274
 22 46 15 72 75 44	 => 274
 78 44 75 37 4 36	 => 274
 70 48 60 5 24 67	 => 274
 15 67 24 33 63 72	 => 274
 75 72 63 21 6 37	 => 274


===================[TEST 5]===================

##### START ##### Tue May 20 17:24:01 2003



##### CONVERGE ##### Tue May 20 17:25:07 2003

Elapsed time: 66 seconds
Total loop: 292 generations

Result : 266.778

17 22 74 76 12 70 6 51 52 80 4 68 58 8 7 10 55 49 42 40 46 14 73 33 25 24 71 78 34 53 38 26 79 28 31 62 57 15 23 1 69 29 36 41 54 59 30 48 27 75 64 11 2 9 63 65 43 32 35 60 50 56 5 44 13 21 66 77 18 61 47 67 45 16 19 72 3 39 37 20 

 17 22 74 76 12 70	 => 271
 6 70 12 51 52 80	 => 271
 4 80 52 68 58 8	 => 270
 74 7 10 55 49 76	 => 271
 12 76 49 42 40 51	 => 270
 52 51 40 46 14 68	 => 271
 58 68 14 73 33 25	 => 271
 10 24 71 78 34 55	 => 272
 49 55 34 53 38 42	 => 271
 40 42 38 26 79 46	 => 271
 14 46 79 28 31 73	 => 271
 33 73 31 62 57 15	 => 271
 71 23 1 69 29 78	 => 271
 34 78 29 36 41 53	 => 271
 38 53 41 54 59 26	 => 271
 79 26 59 30 48 28	 => 270
 31 28 48 27 75 62	 => 271
 57 62 75 64 11 2	 => 271
 29 69 9 63 65 36	 => 271
 41 36 65 43 32 54	 => 271
 59 54 32 35 60 30	 => 270
 48 30 60 50 56 27	 => 271
 75 27 56 5 44 64	 => 271
 65 63 13 21 66 43	 => 271
 32 43 66 77 18 35	 => 271
 60 35 18 61 47 50	 => 271
 56 50 47 67 45 5	 => 270
 66 21 16 19 72 77	 => 271
 18 77 72 3 39 61	 => 270
 47 61 39 37 20 67	 => 271



test#	fitness		sum		time
---------------------------------------------------
1	267.111				44
2	269.836				73
3	271.542				70
4	270.36				87
5	266.778				66


---------------------------------------------------
Best fitness      : 271.542 ( test# 3)
Shortest time     : 44 ( test# 1)

Average fitness   : 269.125
Average time      : 68
