****************** GA TEST *******************

total test#:			 5
hexa min width:			 3
hexa max width:			 6
hexa count:			 30
number count:			 80
population size:		 80
generation size:		 10

tournament winner p:		 0.98
do xover p:			 1
xover:				 2points
do mutation1 p:			 0.1
mutation1 p:			 0.05
do optimize p:			 1
local optimize count:		 8000
do deep better optimize p:	 1
do deep worse optimize p:	 0
do spin p:			 0
spin count:			 900
do spin apply p:		 1
do mutation2 p:			 0.1
mutation2 p:			 0.07
force mutation2:		 0
replace bad p:			 0.195

converge rate p:		 0.99
converge count:			 1

**********************************************


===================[TEST 1]===================

##### START ##### Tue May 20 17:25:12 2003



##### CONVERGE ##### Tue May 20 17:26:21 2003

Elapsed time: 69 seconds
Total loop: 296 generations

Result : 265.222

10 7 68 69 35 79 20 27 71 37 58 78 24 1 11 32 41 48 77 13 30 50 55 16 46 36 75 59 26 49 28 54 67 3 63 70 42 23 18 22 65 29 66 40 25 73 64 8 45 80 52 21 4 2 31 76 6 56 34 17 61 74 12 5 51 33 72 62 39 57 60 53 9 43 15 44 19 47 14 38 

 10 7 68 69 35 79	 => 268
 20 79 35 27 71 37	 => 269
 58 37 71 78 24 1	 => 269
 68 11 32 41 48 69	 => 269
 35 69 48 77 13 27	 => 269
 71 27 13 30 50 78	 => 269
 24 78 50 55 16 46	 => 269
 32 36 75 59 26 41	 => 269
 48 41 26 49 28 77	 => 269
 13 77 28 54 67 30	 => 269
 50 30 67 3 63 55	 => 268
 16 55 63 70 42 23	 => 269
 75 18 22 65 29 59	 => 268
 26 59 29 66 40 49	 => 269
 28 49 40 25 73 54	 => 269
 67 54 73 64 8 3	 => 269
 63 3 8 45 80 70	 => 269
 42 70 80 52 21 4	 => 269
 29 65 2 31 76 66	 => 269
 40 66 76 6 56 25	 => 269
 73 25 56 34 17 64	 => 269
 8 64 17 61 74 45	 => 269
 80 45 74 12 5 52	 => 268
 76 31 51 33 72 6	 => 269
 56 6 72 62 39 34	 => 269
 17 34 39 57 60 61	 => 268
 74 61 60 53 9 12	 => 269
 72 33 43 15 44 62	 => 269
 39 62 44 19 47 57	 => 268
 60 57 47 14 38 53	 => 269


===================[TEST 2]===================

##### START ##### Tue May 20 17:26:21 2003



##### CONVERGE ##### Tue May 20 17:27:47 2003

Elapsed time: 86 seconds
Total loop: 371 generations

Result : 273.217

7 19 47 71 68 64 4 18 79 43 21 69 49 15 6 56 66 30 65 24 41 45 73 39 1 9 62 52 31 50 34 57 55 25 37 76 40 11 38 23 58 42 53 48 27 60 28 51 10 77 59 16 8 2 54 67 35 46 36 78 29 80 17 33 13 44 63 70 26 32 75 72 3 20 5 74 12 61 14 22 

 7 19 47 71 68 64	 => 276
 4 64 68 18 79 43	 => 276
 21 43 79 69 49 15	 => 276
 47 6 56 66 30 71	 => 276
 68 71 30 65 24 18	 => 276
 79 18 24 41 45 69	 => 276
 49 69 45 73 39 1	 => 276
 56 9 62 52 31 66	 => 276
 30 66 31 50 34 65	 => 276
 24 65 34 57 55 41	 => 276
 45 41 55 25 37 73	 => 276
 39 73 37 76 40 11	 => 276
 62 38 23 58 42 52	 => 275
 31 52 42 53 48 50	 => 276
 34 50 48 27 60 57	 => 276
 55 57 60 28 51 25	 => 276
 37 25 51 10 77 76	 => 276
 40 76 77 59 16 8	 => 276
 42 58 2 54 67 53	 => 276
 48 53 67 35 46 27	 => 276
 60 27 46 36 78 28	 => 275
 51 28 78 29 80 10	 => 276
 77 10 80 17 33 59	 => 276
 67 54 13 44 63 35	 => 276
 46 35 63 70 26 36	 => 276
 78 36 26 32 75 29	 => 276
 80 29 75 72 3 17	 => 276
 63 44 20 5 74 70	 => 276
 26 70 74 12 61 32	 => 275
 75 32 61 14 22 72	 => 276


===================[TEST 3]===================

##### START ##### Tue May 20 17:27:47 2003



##### CONVERGE ##### Tue May 20 17:28:36 2003

Elapsed time: 49 seconds
Total loop: 209 generations

Result : 266.5

37 18 28 64 72 51 20 24 78 25 69 58 30 9 36 67 34 41 42 26 39 45 75 49 12 5 70 79 15 65 73 33 57 16 38 76 29 3 8 6 53 54 50 7 48 44 40 80 17 43 68 1 52 35 22 56 63 46 32 60 11 62 61 19 21 77 31 71 27 66 74 59 2 13 23 55 4 47 10 14 

 37 18 28 64 72 51	 => 270
 20 51 72 24 78 25	 => 270
 69 25 78 58 30 9	 => 269
 28 36 67 34 41 64	 => 270
 72 64 41 42 26 24	 => 269
 78 24 26 39 45 58	 => 270
 30 58 45 75 49 12	 => 269
 67 5 70 79 15 34	 => 270
 41 34 15 65 73 42	 => 270
 26 42 73 33 57 39	 => 270
 45 39 57 16 38 75	 => 270
 49 75 38 76 29 3	 => 270
 70 8 6 53 54 79	 => 270
 15 79 54 50 7 65	 => 270
 73 65 7 48 44 33	 => 270
 57 33 44 40 80 16	 => 270
 38 16 80 17 43 76	 => 270
 29 76 43 68 1 52	 => 269
 54 53 35 22 56 50	 => 270
 7 50 56 63 46 48	 => 270
 44 48 46 32 60 40	 => 270
 80 40 60 11 62 17	 => 270
 43 17 62 61 19 68	 => 270
 56 22 21 77 31 63	 => 270
 46 63 31 71 27 32	 => 270
 60 32 27 66 74 11	 => 270
 62 11 74 59 2 61	 => 269
 31 77 13 23 55 71	 => 270
 27 71 55 4 47 66	 => 270
 74 66 47 10 14 59	 => 270


===================[TEST 4]===================

##### START ##### Tue May 20 17:28:36 2003



##### CONVERGE ##### Tue May 20 17:30:04 2003

Elapsed time: 88 seconds
Total loop: 379 generations

Result : 268.778

20 25 70 21 78 59 12 32 53 39 40 55 77 9 14 65 46 57 48 37 51 45 52 42 1 34 36 73 18 24 80 10 47 43 35 63 69 11 15 6 76 67 74 17 66 75 56 41 30 61 62 13 5 4 22 29 68 19 31 26 49 71 33 16 44 50 60 72 23 64 79 38 3 8 28 54 2 58 7 27 

 20 25 70 21 78 59	 => 273
 12 59 78 32 53 39	 => 273
 40 39 53 55 77 9	 => 273
 70 14 65 46 57 21	 => 273
 78 21 57 48 37 32	 => 273
 53 32 37 51 45 55	 => 273
 77 55 45 52 42 1	 => 272
 65 34 36 73 18 46	 => 272
 57 46 18 24 80 48	 => 273
 37 48 80 10 47 51	 => 273
 45 51 47 43 35 52	 => 273
 42 52 35 63 69 11	 => 272
 36 15 6 76 67 73	 => 273
 18 73 67 74 17 24	 => 273
 80 24 17 66 75 10	 => 272
 47 10 75 56 41 43	 => 272
 35 43 41 30 61 63	 => 273
 69 63 61 62 13 5	 => 273
 67 76 4 22 29 74	 => 272
 17 74 29 68 19 66	 => 273
 75 66 19 31 26 56	 => 273
 41 56 26 49 71 30	 => 273
 61 30 71 33 16 62	 => 273
 29 22 44 50 60 68	 => 273
 19 68 60 72 23 31	 => 273
 26 31 23 64 79 49	 => 272
 71 49 79 38 3 33	 => 273
 60 50 8 28 54 72	 => 272
 23 72 54 2 58 64	 => 273
 79 64 58 7 27 38	 => 273


===================[TEST 5]===================

##### START ##### Tue May 20 17:30:04 2003



##### CONVERGE ##### Tue May 20 17:31:24 2003

Elapsed time: 80 seconds
Total loop: 344 generations

Result : 271.778

6 4 73 57 59 77 21 18 58 43 12 75 38 49 3 42 62 39 61 41 16 68 69 19 7 13 56 80 23 45 46 34 78 20 25 79 51 32 2 14 53 70 27 31 65 54 50 40 37 74 52 9 11 36 30 60 67 26 33 48 29 72 24 17 1 47 71 44 35 55 76 66 8 28 22 63 15 64 5 10 

 6 4 73 57 59 77	 => 276
 21 77 59 18 58 43	 => 276
 12 43 58 75 38 49	 => 275
 73 3 42 62 39 57	 => 276
 59 57 39 61 41 18	 => 275
 58 18 41 16 68 75	 => 276
 38 75 68 69 19 7	 => 276
 42 13 56 80 23 62	 => 276
 39 62 23 45 46 61	 => 276
 41 61 46 34 78 16	 => 276
 68 16 78 20 25 69	 => 276
 19 69 25 79 51 32	 => 275
 56 2 14 53 70 80	 => 275
 23 80 70 27 31 45	 => 276
 46 45 31 65 54 34	 => 275
 78 34 54 50 40 20	 => 276
 25 20 40 37 74 79	 => 275
 51 79 74 52 9 11	 => 276
 70 53 36 30 60 27	 => 276
 31 27 60 67 26 65	 => 276
 54 65 26 33 48 50	 => 276
 40 50 48 29 72 37	 => 276
 74 37 72 24 17 52	 => 276
 60 30 1 47 71 67	 => 276
 26 67 71 44 35 33	 => 276
 48 33 35 55 76 29	 => 276
 72 29 76 66 8 24	 => 275
 71 47 28 22 63 44	 => 275
 35 44 63 15 64 55	 => 276
 76 55 64 5 10 66	 => 276



test#	fitness		sum		time
---------------------------------------------------
1	265.222				69
2	273.217				86
3	266.5				49
4	268.778				88
5	271.778				80


---------------------------------------------------
Best fitness      : 273.217 ( test# 2)
Shortest time     : 49 ( test# 3)

Average fitness   : 269.099
Average time      : 74.4
