****************** GA TEST *******************

total test#:			 5
hexa min width:			 3
hexa max width:			 6
hexa count:			 30
number count:			 80
population size:		 120
generation size:		 50

tournament winner p:		 1
do xover p:			 1
xover:				 2points
do mutation1 p:			 0.1
mutation1 p:			 0.05
do optimize p:			 1
local optimize count:		 10000
do deep better optimize p:	 1
do deep worse optimize p:	 0
do spin p:			 0
spin count:			 1000
do spin apply p:		 1
do mutation2 p:			 0.12
mutation2 p:			 0.08
force mutation2:		 0
replace bad p:			 0.195

converge rate p:		 0.99
converge count:			 1

**********************************************


===================[TEST 1]===================

##### START ##### Wed May 21 12:47:22 2003



##### CONVERGE ##### Wed May 21 12:52:01 2003

Elapsed time: 279 seconds
Total loop: 187 generations

Result : 274.36

11 12 78 48 68 60 8 47 55 40 15 80 62 26 2 36 77 37 58 19 53 24 73 25 14 10 50 72 33 39 34 70 44 41 43 76 45 16 4 18 54 79 35 20 63 52 49 22 29 67 46 13 31 3 38 69 59 32 21 61 51 66 28 42 7 30 75 74 17 57 71 56 5 9 27 64 1 65 23 6 

 11 12 78 48 68 60	 => 277
 8 60 68 47 55 40	 => 278
 15 40 55 80 62 26	 => 278
 78 2 36 77 37 48	 => 278
 68 48 37 58 19 47	 => 277
 55 47 19 53 24 80	 => 278
 62 80 24 73 25 14	 => 278
 36 10 50 72 33 77	 => 278
 37 77 33 39 34 58	 => 278
 19 58 34 70 44 53	 => 278
 24 53 44 41 43 73	 => 278
 25 73 43 76 45 16	 => 278
 50 4 18 54 79 72	 => 277
 33 72 79 35 20 39	 => 278
 34 39 20 63 52 70	 => 278
 44 70 52 49 22 41	 => 278
 43 41 22 29 67 76	 => 278
 45 76 67 46 13 31	 => 278
 79 54 3 38 69 35	 => 278
 20 35 69 59 32 63	 => 278
 52 63 32 21 61 49	 => 278
 22 49 61 51 66 29	 => 278
 67 29 66 28 42 46	 => 278
 69 38 7 30 75 59	 => 278
 32 59 75 74 17 21	 => 278
 61 21 17 57 71 51	 => 278
 66 51 71 56 5 28	 => 277
 75 30 9 27 64 74	 => 279
 17 74 64 1 65 57	 => 278
 71 57 65 23 6 56	 => 278


===================[TEST 2]===================

##### START ##### Wed May 21 12:52:01 2003



##### CONVERGE ##### Wed May 21 12:54:36 2003

Elapsed time: 155 seconds
Total loop: 107 generations

Result : 270.356

18 13 46 69 71 58 2 19 80 45 7 75 67 1 21 35 53 51 41 24 37 39 48 42 5 28 77 44 38 20 72 29 73 15 64 74 43 4 47 14 30 63 61 50 26 78 49 31 22 70 79 3 6 25 56 40 62 36 27 60 54 59 34 10 9 32 76 57 17 52 66 55 8 33 12 65 16 68 11 23 

 18 13 46 69 71 58	 => 275
 2 58 71 19 80 45	 => 275
 7 45 80 75 67 1	 => 275
 46 21 35 53 51 69	 => 275
 71 69 51 41 24 19	 => 275
 80 19 24 37 39 75	 => 274
 67 75 39 48 42 5	 => 276
 35 28 77 44 38 53	 => 275
 51 53 38 20 72 41	 => 275
 24 41 72 29 73 37	 => 276
 39 37 73 15 64 48	 => 276
 42 48 64 74 43 4	 => 275
 77 47 14 30 63 44	 => 275
 38 44 63 61 50 20	 => 276
 72 20 50 26 78 29	 => 275
 73 29 78 49 31 15	 => 275
 64 15 31 22 70 74	 => 276
 43 74 70 79 3 6	 => 275
 63 30 25 56 40 61	 => 275
 50 61 40 62 36 26	 => 275
 78 26 36 27 60 49	 => 276
 31 49 60 54 59 22	 => 275
 70 22 59 34 10 79	 => 274
 40 56 9 32 76 62	 => 275
 36 62 76 57 17 27	 => 275
 60 27 17 52 66 54	 => 276
 59 54 66 55 8 34	 => 276
 76 32 33 12 65 57	 => 275
 17 57 65 16 68 52	 => 275
 66 52 68 11 23 55	 => 275


===================[TEST 3]===================

##### START ##### Wed May 21 12:54:36 2003



##### CONVERGE ##### Wed May 21 12:57:48 2003

Elapsed time: 192 seconds
Total loop: 133 generations

Result : 273.417

2 21 56 72 52 73 3 43 51 54 19 74 47 31 11 33 70 34 68 7 44 57 58 24 16 8 62 76 27 42 35 53 69 26 23 66 80 25 12 4 45 77 22 32 55 60 39 29 65 67 30 28 5 13 41 78 14 75 9 38 59 46 48 20 18 61 64 79 36 71 63 50 10 6 17 49 1 40 15 37 

 2 21 56 72 52 73	 => 276
 3 73 52 43 51 54	 => 276
 19 54 51 74 47 31	 => 276
 56 11 33 70 34 72	 => 276
 52 72 34 68 7 43	 => 276
 51 43 7 44 57 74	 => 276
 47 74 57 58 24 16	 => 276
 33 8 62 76 27 70	 => 276
 34 70 27 42 35 68	 => 276
 7 68 35 53 69 44	 => 276
 57 44 69 26 23 58	 => 277
 24 58 23 66 80 25	 => 276
 62 12 4 45 77 76	 => 276
 27 76 77 22 32 42	 => 276
 35 42 32 55 60 53	 => 277
 69 53 60 39 29 26	 => 276
 23 26 29 65 67 66	 => 276
 80 66 67 30 28 5	 => 276
 77 45 13 41 78 22	 => 276
 32 22 78 14 75 55	 => 276
 60 55 75 9 38 39	 => 276
 29 39 38 59 46 65	 => 276
 67 65 46 48 20 30	 => 276
 78 41 18 61 64 14	 => 276
 75 14 64 79 36 9	 => 277
 38 9 36 71 63 59	 => 276
 46 59 63 50 10 48	 => 276
 64 61 6 17 49 79	 => 276
 36 79 49 1 40 71	 => 276
 63 71 40 15 37 50	 => 276


===================[TEST 4]===================

##### START ##### Wed May 21 12:57:48 2003



##### CONVERGE ##### Wed May 21 13:01:13 2003

Elapsed time: 205 seconds
Total loop: 141 generations

Result : 272.417

22 8 62 54 74 55 2 28 76 40 12 53 69 26 6 37 70 46 43 31 14 73 67 9 4 1 56 75 36 3 77 68 42 32 47 79 66 7 23 17 24 80 52 29 20 78 45 10 57 50 25 39 16 13 35 71 59 44 30 58 34 72 60 11 5 41 64 51 27 65 61 33 15 38 18 63 21 48 19 49 

 22 8 62 54 74 55	 => 275
 2 55 74 28 76 40	 => 275
 12 40 76 53 69 26	 => 276
 62 6 37 70 46 54	 => 275
 74 54 46 43 31 28	 => 276
 76 28 31 14 73 53	 => 275
 69 53 73 67 9 4	 => 275
 37 1 56 75 36 70	 => 275
 46 70 36 3 77 43	 => 275
 31 43 77 68 42 14	 => 275
 73 14 42 32 47 67	 => 275
 9 67 47 79 66 7	 => 275
 56 23 17 24 80 75	 => 275
 36 75 80 52 29 3	 => 275
 77 3 29 20 78 68	 => 275
 42 68 78 45 10 32	 => 275
 47 32 10 57 50 79	 => 275
 66 79 50 25 39 16	 => 275
 80 24 13 35 71 52	 => 275
 29 52 71 59 44 20	 => 275
 78 20 44 30 58 45	 => 275
 10 45 58 34 72 57	 => 276
 50 57 72 60 11 25	 => 275
 71 35 5 41 64 59	 => 275
 44 59 64 51 27 30	 => 275
 58 30 27 65 61 34	 => 275
 72 34 61 33 15 60	 => 275
 64 41 38 18 63 51	 => 275
 27 51 63 21 48 65	 => 275
 61 65 48 19 49 33	 => 275


===================[TEST 5]===================

##### START ##### Wed May 21 13:01:13 2003



##### CONVERGE ##### Wed May 21 13:04:54 2003

Elapsed time: 221 seconds
Total loop: 152 generations

Result : 271.833

23 28 37 74 38 75 22 26 78 36 31 54 47 29 21 20 55 68 18 51 9 57 72 40 6 7 71 77 45 10 79 66 52 46 39 64 49 11 17 2 33 76 42 25 60 35 61 15 44 67 50 3 43 24 27 73 56 19 59 41 34 80 30 4 8 48 63 65 13 70 58 62 12 32 14 53 5 69 1 16 

 23 28 37 74 38 75	 => 275
 22 75 38 26 78 36	 => 275
 31 36 78 54 47 29	 => 275
 37 21 20 55 68 74	 => 275
 38 74 68 18 51 26	 => 275
 78 26 51 9 57 54	 => 275
 47 54 57 72 40 6	 => 276
 20 7 71 77 45 55	 => 275
 68 55 45 10 79 18	 => 275
 51 18 79 66 52 9	 => 275
 57 9 52 46 39 72	 => 275
 40 72 39 64 49 11	 => 275
 71 17 2 33 76 77	 => 276
 45 77 76 42 25 10	 => 275
 79 10 25 60 35 66	 => 275
 52 66 35 61 15 46	 => 275
 39 46 15 44 67 64	 => 275
 49 64 67 50 3 43	 => 276
 76 33 24 27 73 42	 => 275
 25 42 73 56 19 60	 => 275
 35 60 19 59 41 61	 => 275
 15 61 41 34 80 44	 => 275
 67 44 80 30 4 50	 => 275
 73 27 8 48 63 56	 => 275
 19 56 63 65 13 59	 => 275
 41 59 13 70 58 34	 => 275
 80 34 58 62 12 30	 => 276
 63 48 32 14 53 65	 => 275
 13 65 53 5 69 70	 => 275
 58 70 69 1 16 62	 => 276



test#	fitness		sum		time
---------------------------------------------------
1	274.36				279
2	270.356				155
3	273.417				192
4	272.417				205
5	271.833				221


---------------------------------------------------
Best fitness      : 274.36 ( test# 1)
Shortest time     : 155 ( test# 2)

Average fitness   : 272.476
Average time      : 210.4
