****************** GA TEST *******************

total test#:			 5
hexa min width:			 3
hexa max width:			 6
hexa count:			 30
number count:			 80
population size:		 130
generation size:		 50

tournament winner p:		 1
do xover p:			 1
xover:				 2points
do mutation1 p:			 0.1
mutation1 p:			 0.05
do optimize p:			 1
local optimize count:		 10000
do deep better optimize p:	 1
do deep worse optimize p:	 0
do spin p:			 0
spin count:			 1000
do spin apply p:		 1
do mutation2 p:			 0.12
mutation2 p:			 0.08
force mutation2:		 0
replace bad p:			 0.185

converge rate p:		 0.99
converge count:			 1

**********************************************


===================[TEST 1]===================

##### START ##### Wed May 21 15:10:52 2003



##### CONVERGE ##### Wed May 21 15:13:48 2003

Elapsed time: 176 seconds
Total loop: 122 generations

Result : 272.836

15 22 54 43 76 65 7 4 56 67 14 77 37 24 5 42 71 60 30 62 26 50 79 32 1 28 18 75 41 29 44 47 66 2 52 70 36 6 45 11 69 57 39 34 53 68 61 31 40 80 63 10 16 13 23 74 58 17 25 51 33 59 21 12 8 64 49 78 48 46 72 55 35 38 19 27 3 73 9 20 

 15 22 54 43 76 65	 => 275
 7 65 76 4 56 67	 => 275
 14 67 56 77 37 24	 => 275
 54 5 42 71 60 43	 => 275
 76 43 60 30 62 4	 => 275
 56 4 62 26 50 77	 => 275
 37 77 50 79 32 1	 => 276
 42 28 18 75 41 71	 => 275
 60 71 41 29 44 30	 => 275
 62 30 44 47 66 26	 => 275
 50 26 66 2 52 79	 => 275
 32 79 52 70 36 6	 => 275
 18 45 11 69 57 75	 => 275
 41 75 57 39 34 29	 => 275
 44 29 34 53 68 47	 => 275
 66 47 68 61 31 2	 => 275
 52 2 31 40 80 70	 => 275
 36 70 80 63 10 16	 => 275
 57 69 13 23 74 39	 => 275
 34 39 74 58 17 53	 => 275
 68 53 17 25 51 61	 => 275
 31 61 51 33 59 40	 => 275
 80 40 59 21 12 63	 => 275
 74 23 8 64 49 58	 => 276
 17 58 49 78 48 25	 => 275
 51 25 48 46 72 33	 => 275
 59 33 72 55 35 21	 => 275
 49 64 38 19 27 78	 => 275
 48 78 27 3 73 46	 => 275
 72 46 73 9 20 55	 => 275


===================[TEST 2]===================

##### START ##### Wed May 21 15:13:48 2003



##### CONVERGE ##### Wed May 21 15:17:18 2003

Elapsed time: 210 seconds
Total loop: 145 generations

Result : 271.5

8 13 68 76 49 60 15 28 59 64 22 43 75 12 4 7 57 63 27 32 62 51 71 24 11 5 77 50 79 3 46 78 30 35 26 80 55 19 14 20 47 67 40 36 42 70 45 17 56 61 29 1 48 23 44 53 65 39 25 54 34 69 38 21 2 37 74 41 31 73 58 66 9 18 33 72 6 52 10 16 

 8 13 68 76 49 60	 => 274
 15 60 49 28 59 64	 => 275
 22 64 59 43 75 12	 => 275
 68 4 7 57 63 76	 => 275
 49 76 63 27 32 28	 => 275
 59 28 32 62 51 43	 => 275
 75 43 51 71 24 11	 => 275
 7 5 77 50 79 57	 => 275
 63 57 79 3 46 27	 => 275
 32 27 46 78 30 62	 => 275
 51 62 30 35 26 71	 => 275
 24 71 26 80 55 19	 => 275
 77 14 20 47 67 50	 => 275
 79 50 67 40 36 3	 => 275
 46 3 36 42 70 78	 => 275
 30 78 70 45 17 35	 => 275
 26 35 17 56 61 80	 => 275
 55 80 61 29 1 48	 => 274
 67 47 23 44 53 40	 => 274
 36 40 53 65 39 42	 => 275
 70 42 39 25 54 45	 => 275
 17 45 54 34 69 56	 => 275
 61 56 69 38 21 29	 => 274
 53 44 2 37 74 65	 => 275
 39 65 74 41 31 25	 => 275
 54 25 31 73 58 34	 => 275
 69 34 58 66 9 38	 => 274
 74 37 18 33 72 41	 => 275
 31 41 72 6 52 73	 => 275
 58 73 52 10 16 66	 => 275


===================[TEST 3]===================

##### START ##### Wed May 21 15:17:18 2003



##### CONVERGE ##### Wed May 21 15:19:36 2003

Elapsed time: 138 seconds
Total loop: 95 generations

Result : 271.093

18 23 51 66 49 67 3 27 76 52 19 58 54 15 1 61 56 39 60 33 17 63 25 64 10 4 50 68 35 55 30 59 75 29 65 28 79 14 6 8 70 72 24 20 62 48 42 21 57 74 43 34 16 7 22 80 53 36 46 40 37 77 12 11 5 45 69 44 26 47 78 38 32 41 2 73 13 71 9 31 

 18 23 51 66 49 67	 => 274
 3 67 49 27 76 52	 => 274
 19 52 76 58 54 15	 => 274
 51 1 61 56 39 66	 => 274
 49 66 39 60 33 27	 => 274
 76 27 33 17 63 58	 => 274
 54 58 63 25 64 10	 => 274
 61 4 50 68 35 56	 => 274
 39 56 35 55 30 60	 => 275
 33 60 30 59 75 17	 => 274
 63 17 75 29 65 25	 => 274
 64 25 65 28 79 14	 => 275
 50 6 8 70 72 68	 => 274
 35 68 72 24 20 55	 => 274
 30 55 20 62 48 59	 => 274
 75 59 48 42 21 29	 => 274
 65 29 21 57 74 28	 => 274
 79 28 74 43 34 16	 => 274
 72 70 7 22 80 24	 => 275
 20 24 80 53 36 62	 => 275
 48 62 36 46 40 42	 => 274
 21 42 40 37 77 57	 => 274
 74 57 77 12 11 43	 => 274
 80 22 5 45 69 53	 => 274
 36 53 69 44 26 46	 => 274
 40 46 26 47 78 37	 => 274
 77 37 78 38 32 12	 => 274
 69 45 41 2 73 44	 => 274
 26 44 73 13 71 47	 => 274
 78 47 71 9 31 38	 => 274


===================[TEST 4]===================

##### START ##### Wed May 21 15:19:36 2003



##### CONVERGE ##### Wed May 21 15:22:51 2003

Elapsed time: 195 seconds
Total loop: 135 generations

Result : 272.622

24 30 49 58 76 39 20 26 71 44 10 77 60 14 22 28 69 50 55 11 54 38 68 27 7 31 65 78 5 23 74 45 37 46 33 75 66 8 9 16 41 67 56 47 17 70 72 6 43 73 34 13 15 3 29 80 51 25 40 52 42 61 48 18 1 53 62 79 19 59 64 57 4 36 12 35 21 63 32 2 

 24 30 49 58 76 39	 => 276
 20 39 76 26 71 44	 => 276
 10 44 71 77 60 14	 => 276
 49 22 28 69 50 58	 => 276
 76 58 50 55 11 26	 => 276
 71 26 11 54 38 77	 => 277
 60 77 38 68 27 7	 => 277
 28 31 65 78 5 69	 => 276
 50 69 5 23 74 55	 => 276
 11 55 74 45 37 54	 => 276
 38 54 37 46 33 68	 => 276
 27 68 33 75 66 8	 => 277
 65 9 16 41 67 78	 => 276
 5 78 67 56 47 23	 => 276
 74 23 47 17 70 45	 => 276
 37 45 70 72 6 46	 => 276
 33 46 6 43 73 75	 => 276
 66 75 73 34 13 15	 => 276
 67 41 3 29 80 56	 => 276
 47 56 80 51 25 17	 => 276
 70 17 25 40 52 72	 => 276
 6 72 52 42 61 43	 => 276
 73 43 61 48 18 34	 => 277
 80 29 1 53 62 51	 => 276
 25 51 62 79 19 40	 => 276
 52 40 19 59 64 42	 => 276
 61 42 64 57 4 48	 => 276
 62 53 36 12 35 79	 => 277
 19 79 35 21 63 59	 => 276
 64 59 63 32 2 57	 => 277


===================[TEST 5]===================

##### START ##### Wed May 21 15:22:51 2003



##### CONVERGE ##### Wed May 21 15:25:29 2003

Elapsed time: 158 seconds
Total loop: 109 generations

Result : 270.778

3 1 61 65 73 72 24 30 59 17 29 58 74 38 2 28 66 53 34 20 67 41 36 51 15 11 64 50 56 19 47 52 54 21 57 69 49 13 22 16 44 78 37 35 76 46 70 32 25 71 68 7 10 18 43 55 45 27 33 23 63 62 9 40 6 77 48 80 42 39 75 60 5 12 26 31 4 79 14 8 

 3 1 61 65 73 72	 => 275
 24 72 73 30 59 17	 => 275
 29 17 59 58 74 38	 => 275
 61 2 28 66 53 65	 => 275
 73 65 53 34 20 30	 => 275
 59 30 20 67 41 58	 => 275
 74 58 41 36 51 15	 => 275
 28 11 64 50 56 66	 => 275
 53 66 56 19 47 34	 => 275
 20 34 47 52 54 67	 => 274
 41 67 54 21 57 36	 => 276
 51 36 57 69 49 13	 => 275
 64 22 16 44 78 50	 => 274
 56 50 78 37 35 19	 => 275
 47 19 35 76 46 52	 => 275
 54 52 46 70 32 21	 => 275
 57 21 32 25 71 69	 => 275
 49 69 71 68 7 10	 => 274
 78 44 18 43 55 37	 => 275
 35 37 55 45 27 76	 => 275
 46 76 27 33 23 70	 => 275
 32 70 23 63 62 25	 => 275
 71 25 62 9 40 68	 => 275
 55 43 6 77 48 45	 => 274
 27 45 48 80 42 33	 => 275
 23 33 42 39 75 63	 => 275
 62 63 75 60 5 9	 => 274
 48 77 12 26 31 80	 => 274
 42 80 31 4 79 39	 => 275
 75 39 79 14 8 60	 => 275



test#	fitness		sum		time
---------------------------------------------------
1	272.836				176
2	271.5				210
3	271.093				138
4	272.622				195
5	270.778				158


---------------------------------------------------
Best fitness      : 272.836 ( test# 1)
Shortest time     : 138 ( test# 3)

Average fitness   : 271.766
Average time      : 175.4
