****************** GA TEST *******************

total test#:			 5
hexa min width:			 3
hexa max width:			 6
hexa count:			 30
number count:			 80
population size:		 130
generation size:		 50

tournament winner p:		 1
do xover p:			 1
xover:				 2points
do mutation1 p:			 0.1
mutation1 p:			 0.05
do optimize p:			 1
local optimize count:		 10000
do deep better optimize p:	 1
do deep worse optimize p:	 0
do spin p:			 0
spin count:			 1000
do spin apply p:		 1
do mutation2 p:			 0.12
mutation2 p:			 0.08
force mutation2:		 0
replace bad p:			 0.195

converge rate p:		 0.99
converge count:			 1

**********************************************


===================[TEST 1]===================

##### START ##### Wed May 21 15:25:32 2003



##### CONVERGE ##### Wed May 21 15:28:39 2003

Elapsed time: 187 seconds
Total loop: 129 generations

Result : 274.221

34 2 31 80 79 51 17 22 65 43 3 77 61 28 27 40 66 33 19 44 45 24 76 30 9 5 49 64 53 35 71 50 47 59 26 67 60 18 7 12 72 73 36 16 68 38 42 41 32 52 63 15 20 1 21 74 37 46 29 54 39 69 58 4 11 56 78 62 25 55 75 23 13 10 14 57 8 70 6 48 

 34 2 31 80 79 51	 => 277
 17 51 79 22 65 43	 => 277
 3 43 65 77 61 28	 => 277
 31 27 40 66 33 80	 => 277
 79 80 33 19 44 22	 => 277
 65 22 44 45 24 77	 => 277
 61 77 24 76 30 9	 => 277
 40 5 49 64 53 66	 => 277
 33 66 53 35 71 19	 => 277
 44 19 71 50 47 45	 => 276
 24 45 47 59 26 76	 => 277
 30 76 26 67 60 18	 => 277
 49 7 12 72 73 64	 => 277
 53 64 73 36 16 35	 => 277
 71 35 16 68 38 50	 => 278
 47 50 38 42 41 59	 => 277
 26 59 41 32 52 67	 => 277
 60 67 52 63 15 20	 => 277
 73 72 1 21 74 36	 => 277
 16 36 74 37 46 68	 => 277
 38 68 46 29 54 42	 => 277
 41 42 54 39 69 32	 => 277
 52 32 69 58 4 63	 => 278
 74 21 11 56 78 37	 => 277
 46 37 78 62 25 29	 => 277
 54 29 25 55 75 39	 => 277
 69 39 75 23 13 58	 => 277
 78 56 10 14 57 62	 => 277
 25 62 57 8 70 55	 => 277
 75 55 70 6 48 23	 => 277


===================[TEST 2]===================

##### START ##### Wed May 21 15:28:39 2003



##### CONVERGE ##### Wed May 21 15:32:23 2003

Elapsed time: 224 seconds
Total loop: 155 generations

Result : 271.856

21 15 47 72 51 69 10 26 77 42 5 79 60 12 7 41 40 68 39 19 36 38 76 14 8 24 59 63 48 35 45 71 65 11 50 75 17 43 27 4 58 64 28 37 56 31 78 20 46 73 61 33 16 1 44 80 25 49 6 55 22 54 32 9 2 57 67 62 66 53 74 70 23 3 34 52 13 29 18 30 

 21 15 47 72 51 69	 => 275
 10 69 51 26 77 42	 => 275
 5 42 77 79 60 12	 => 275
 47 7 41 40 68 72	 => 275
 51 72 68 39 19 26	 => 275
 77 26 19 36 38 79	 => 275
 60 79 38 76 14 8	 => 275
 41 24 59 63 48 40	 => 275
 68 40 48 35 45 39	 => 275
 19 39 45 71 65 36	 => 275
 38 36 65 11 50 76	 => 276
 14 76 50 75 17 43	 => 275
 59 27 4 58 64 63	 => 275
 48 63 64 28 37 35	 => 275
 45 35 37 56 31 71	 => 275
 65 71 31 78 20 11	 => 276
 50 11 20 46 73 75	 => 275
 17 75 73 61 33 16	 => 275
 64 58 1 44 80 28	 => 275
 37 28 80 25 49 56	 => 275
 31 56 49 6 55 78	 => 275
 20 78 55 22 54 46	 => 275
 73 46 54 32 9 61	 => 275
 80 44 2 57 67 25	 => 275
 49 25 67 62 66 6	 => 275
 55 6 66 53 74 22	 => 276
 54 22 74 70 23 32	 => 275
 67 57 3 34 52 62	 => 275
 66 62 52 13 29 53	 => 275
 74 53 29 18 30 70	 => 274


===================[TEST 3]===================

##### START ##### Wed May 21 15:32:23 2003



##### CONVERGE ##### Wed May 21 15:35:36 2003

Elapsed time: 193 seconds
Total loop: 133 generations

Result : 271.856

21 17 57 79 67 34 4 49 66 55 13 65 44 32 12 53 59 16 41 23 33 39 80 37 10 5 54 35 69 27 63 75 40 60 22 62 73 1 42 25 58 61 64 19 43 48 45 8 52 71 28 38 3 20 26 46 47 56 15 68 30 72 50 2 29 51 76 70 11 74 78 31 14 18 24 36 7 77 6 9 

 21 17 57 79 67 34	 => 275
 4 34 67 49 66 55	 => 275
 13 55 66 65 44 32	 => 275
 57 12 53 59 16 79	 => 276
 67 79 16 41 23 49	 => 275
 66 49 23 33 39 65	 => 275
 44 65 39 80 37 10	 => 275
 53 5 54 35 69 59	 => 275
 16 59 69 27 63 41	 => 275
 23 41 63 75 40 33	 => 275
 39 33 40 60 22 80	 => 274
 37 80 22 62 73 1	 => 275
 54 42 25 58 61 35	 => 275
 69 35 61 64 19 27	 => 275
 63 27 19 43 48 75	 => 275
 40 75 48 45 8 60	 => 276
 22 60 8 52 71 62	 => 275
 73 62 71 28 38 3	 => 275
 61 58 20 26 46 64	 => 275
 19 64 46 47 56 43	 => 275
 48 43 56 15 68 45	 => 275
 8 45 68 30 72 52	 => 275
 71 52 72 50 2 28	 => 275
 46 26 29 51 76 47	 => 275
 56 47 76 70 11 15	 => 275
 68 15 11 74 78 30	 => 276
 72 30 78 31 14 50	 => 275
 76 51 18 24 36 70	 => 275
 11 70 36 7 77 74	 => 275
 78 74 77 6 9 31	 => 275


===================[TEST 4]===================

##### START ##### Wed May 21 15:35:36 2003



##### CONVERGE ##### Wed May 21 15:38:11 2003

Elapsed time: 155 seconds
Total loop: 107 generations

Result : 272.833

29 16 60 75 64 33 24 26 79 50 14 47 68 19 3 12 72 54 21 36 43 45 71 44 1 2 78 73 40 27 62 61 53 25 39 66 34 22 11 9 59 46 35 55 30 41 65 31 58 57 67 48 4 15 42 80 13 63 49 28 38 56 32 6 20 52 69 74 8 77 76 51 23 5 7 70 10 37 17 18 

 29 16 60 75 64 33	 => 277
 24 33 64 26 79 50	 => 276
 14 50 79 47 68 19	 => 277
 60 3 12 72 54 75	 => 276
 64 75 54 21 36 26	 => 276
 79 26 36 43 45 47	 => 276
 68 47 45 71 44 1	 => 276
 12 2 78 73 40 72	 => 277
 54 72 40 27 62 21	 => 276
 36 21 62 61 53 43	 => 276
 45 43 53 25 39 71	 => 276
 44 71 39 66 34 22	 => 276
 78 11 9 59 46 73	 => 276
 40 73 46 35 55 27	 => 276
 62 27 55 30 41 61	 => 276
 53 61 41 65 31 25	 => 276
 39 25 31 58 57 66	 => 276
 34 66 57 67 48 4	 => 276
 46 59 15 42 80 35	 => 277
 55 35 80 13 63 30	 => 276
 41 30 63 49 28 65	 => 276
 31 65 28 38 56 58	 => 276
 57 58 56 32 6 67	 => 276
 80 42 20 52 69 13	 => 276
 63 13 69 74 8 49	 => 276
 28 49 8 77 76 38	 => 276
 56 38 76 51 23 32	 => 276
 69 52 5 7 70 74	 => 277
 8 74 70 10 37 77	 => 276
 76 77 37 17 18 51	 => 276


===================[TEST 5]===================

##### START ##### Wed May 21 15:38:11 2003



##### CONVERGE ##### Wed May 21 15:41:52 2003

Elapsed time: 221 seconds
Total loop: 153 generations

Result : 273.836

22 7 48 72 55 73 1 16 71 60 27 79 13 26 2 43 57 54 29 50 25 35 78 38 34 10 45 62 59 24 53 67 52 40 46 77 33 4 5 37 47 80 36 15 75 42 69 6 51 56 68 11 31 20 17 76 44 30 41 19 65 66 23 12 8 61 70 63 28 49 74 39 9 3 21 58 14 64 18 32 

 22 7 48 72 55 73	 => 277
 1 73 55 16 71 60	 => 276
 27 60 71 79 13 26	 => 276
 48 2 43 57 54 72	 => 276
 55 72 54 29 50 16	 => 276
 71 16 50 25 35 79	 => 276
 13 79 35 78 38 34	 => 277
 43 10 45 62 59 57	 => 276
 54 57 59 24 53 29	 => 276
 50 29 53 67 52 25	 => 276
 35 25 52 40 46 78	 => 276
 38 78 46 77 33 4	 => 276
 45 5 37 47 80 62	 => 276
 59 62 80 36 15 24	 => 276
 53 24 15 75 42 67	 => 276
 52 67 42 69 6 40	 => 276
 46 40 6 51 56 77	 => 276
 33 77 56 68 11 31	 => 276
 80 47 20 17 76 36	 => 276
 15 36 76 44 30 75	 => 276
 42 75 30 41 19 69	 => 276
 6 69 19 65 66 51	 => 276
 56 51 66 23 12 68	 => 276
 76 17 8 61 70 44	 => 276
 30 44 70 63 28 41	 => 276
 19 41 28 49 74 65	 => 276
 66 65 74 39 9 23	 => 276
 70 61 3 21 58 63	 => 276
 28 63 58 14 64 49	 => 276
 74 49 64 18 32 39	 => 276



test#	fitness		sum		time
---------------------------------------------------
1	274.221				187
2	271.856				224
3	271.856				193
4	272.833				155
5	273.836				221


---------------------------------------------------
Best fitness      : 274.221 ( test# 1)
Shortest time     : 155 ( test# 4)

Average fitness   : 272.92
Average time      : 196
