****************** GA TEST *******************

total test#:			 5
hexa min width:			 3
hexa max width:			 6
hexa count:			 30
number count:			 80
population size:		 130
generation size:		 50

tournament winner p:		 1
do xover p:			 1
xover:				 2points
do mutation1 p:			 0.1
mutation1 p:			 0.05
do optimize p:			 1
local optimize count:		 10000
do deep better optimize p:	 1
do deep worse optimize p:	 0
do spin p:			 0
spin count:			 1000
do spin apply p:		 1
do mutation2 p:			 0.12
mutation2 p:			 0.08
force mutation2:		 0
replace bad p:			 0.195

converge rate p:		 0.99
converge count:			 1

**********************************************


===================[TEST 1]===================

##### START ##### Wed May 21 15:41:57 2003



##### CONVERGE ##### Wed May 21 15:44:06 2003

Elapsed time: 129 seconds
Total loop: 89 generations

Result : 271.093

1 29 77 64 72 31 8 42 74 48 4 69 68 11 16 13 66 38 49 9 65 15 80 22 20 26 51 62 56 7 58 60 33 47 34 57 71 10 12 44 32 73 53 24 55 70 27 37 54 45 52 46 3 17 40 59 21 63 18 41 36 79 30 14 28 50 76 61 35 78 67 43 19 39 25 23 2 75 5 6 

 1 29 77 64 72 31	 => 274
 8 31 72 42 74 48	 => 275
 4 48 74 69 68 11	 => 274
 77 16 13 66 38 64	 => 274
 72 64 38 49 9 42	 => 274
 74 42 9 65 15 69	 => 274
 68 69 15 80 22 20	 => 274
 13 26 51 62 56 66	 => 274
 38 66 56 7 58 49	 => 274
 9 49 58 60 33 65	 => 274
 15 65 33 47 34 80	 => 274
 22 80 34 57 71 10	 => 274
 51 12 44 32 73 62	 => 274
 56 62 73 53 24 7	 => 275
 58 7 24 55 70 60	 => 274
 33 60 70 27 37 47	 => 274
 34 47 37 54 45 57	 => 274
 71 57 45 52 46 3	 => 274
 73 32 17 40 59 53	 => 274
 24 53 59 21 63 55	 => 275
 70 55 63 18 41 27	 => 274
 37 27 41 36 79 54	 => 274
 45 54 79 30 14 52	 => 274
 59 40 28 50 76 21	 => 274
 63 21 76 61 35 18	 => 274
 41 18 35 78 67 36	 => 275
 79 36 67 43 19 30	 => 274
 76 50 39 25 23 61	 => 274
 35 61 23 2 75 78	 => 274
 67 78 75 5 6 43	 => 274


===================[TEST 2]===================

##### START ##### Wed May 21 15:44:06 2003



##### CONVERGE ##### Wed May 21 15:47:50 2003

Elapsed time: 224 seconds
Total loop: 155 generations

Result : 271.937

12 24 35 76 66 64 2 20 72 54 14 79 48 10 6 52 78 30 58 27 15 63 32 53 3 1 51 80 16 38 57 47 73 19 75 39 74 4 9 22 45 70 55 18 50 68 34 36 43 65 61 17 21 7 31 69 46 40 28 56 41 67 33 8 11 42 77 49 37 44 71 60 5 23 25 62 26 59 13 29 

 12 24 35 76 66 64	 => 277
 2 64 66 20 72 54	 => 278
 14 54 72 79 48 10	 => 277
 35 6 52 78 30 76	 => 277
 66 76 30 58 27 20	 => 277
 72 20 27 15 63 79	 => 276
 48 79 63 32 53 3	 => 278
 52 1 51 80 16 78	 => 278
 30 78 16 38 57 58	 => 277
 27 58 57 47 73 15	 => 277
 63 15 73 19 75 32	 => 277
 53 32 75 39 74 4	 => 277
 51 9 22 45 70 80	 => 277
 16 80 70 55 18 38	 => 277
 57 38 18 50 68 47	 => 278
 73 47 68 34 36 19	 => 277
 75 19 36 43 65 39	 => 277
 74 39 65 61 17 21	 => 277
 70 45 7 31 69 55	 => 277
 18 55 69 46 40 50	 => 278
 68 50 40 28 56 34	 => 276
 36 34 56 41 67 43	 => 277
 65 43 67 33 8 61	 => 277
 69 31 11 42 77 46	 => 276
 40 46 77 49 37 28	 => 277
 56 28 37 44 71 41	 => 277
 67 41 71 60 5 33	 => 277
 77 42 23 25 62 49	 => 278
 37 49 62 26 59 44	 => 277
 71 44 59 13 29 60	 => 276


===================[TEST 3]===================

##### START ##### Wed May 21 15:47:50 2003



##### CONVERGE ##### Wed May 21 15:52:09 2003

Elapsed time: 259 seconds
Total loop: 179 generations

Result : 271.778

1 3 75 68 74 54 15 25 45 62 5 73 69 22 7 4 70 52 21 36 64 33 78 17 6 12 79 76 35 41 57 66 32 26 43 67 40 31 24 8 30 59 56 9 55 48 61 42 38 60 72 13 23 14 46 71 65 20 44 47 39 50 37 19 11 34 49 80 18 51 77 63 10 27 28 58 16 53 29 2 

 1 3 75 68 74 54	 => 275
 15 54 74 25 45 62	 => 275
 5 62 45 73 69 22	 => 276
 75 7 4 70 52 68	 => 276
 74 68 52 21 36 25	 => 276
 45 25 36 64 33 73	 => 276
 69 73 33 78 17 6	 => 276
 4 12 79 76 35 70	 => 276
 52 70 35 41 57 21	 => 276
 36 21 57 66 32 64	 => 276
 33 64 32 26 43 78	 => 276
 17 78 43 67 40 31	 => 276
 79 24 8 30 59 76	 => 276
 35 76 59 56 9 41	 => 276
 57 41 9 55 48 66	 => 276
 32 66 48 61 42 26	 => 275
 43 26 42 38 60 67	 => 276
 40 67 60 72 13 23	 => 275
 59 30 14 46 71 56	 => 276
 9 56 71 65 20 55	 => 276
 48 55 20 44 47 61	 => 275
 42 61 47 39 50 38	 => 277
 60 38 50 37 19 72	 => 276
 71 46 11 34 49 65	 => 276
 20 65 49 80 18 44	 => 276
 47 44 18 51 77 39	 => 276
 50 39 77 63 10 37	 => 276
 49 34 27 28 58 80	 => 276
 18 80 58 16 53 51	 => 276
 77 51 53 29 2 63	 => 275


===================[TEST 4]===================

##### START ##### Wed May 21 15:52:09 2003



##### CONVERGE ##### Wed May 21 15:55:32 2003

Elapsed time: 203 seconds
Total loop: 140 generations

Result : 271.5

53 10 57 60 55 39 1 36 78 66 35 29 52 15 5 47 58 48 49 27 38 67 59 61 7 4 43 79 44 25 51 34 76 22 13 74 42 26 9 24 63 56 54 17 71 77 20 45 41 80 30 18 31 14 23 65 40 28 16 62 32 75 37 12 6 68 73 72 46 69 50 70 11 8 33 21 3 64 2 19 

 53 10 57 60 55 39	 => 274
 1 39 55 36 78 66	 => 275
 35 66 78 29 52 15	 => 275
 57 5 47 58 48 60	 => 275
 55 60 48 49 27 36	 => 275
 78 36 27 38 67 29	 => 275
 52 29 67 59 61 7	 => 275
 47 4 43 79 44 58	 => 275
 48 58 44 25 51 49	 => 275
 27 49 51 34 76 38	 => 275
 67 38 76 22 13 59	 => 275
 61 59 13 74 42 26	 => 275
 43 9 24 63 56 79	 => 274
 44 79 56 54 17 25	 => 275
 51 25 17 71 77 34	 => 275
 76 34 77 20 45 22	 => 274
 13 22 45 41 80 74	 => 275
 42 74 80 30 18 31	 => 275
 56 63 14 23 65 54	 => 275
 17 54 65 40 28 71	 => 275
 77 71 28 16 62 20	 => 274
 45 20 62 32 75 41	 => 275
 80 41 75 37 12 30	 => 275
 65 23 6 68 73 40	 => 275
 28 40 73 72 46 16	 => 275
 62 16 46 69 50 32	 => 275
 75 32 50 70 11 37	 => 275
 73 68 8 33 21 72	 => 275
 46 72 21 3 64 69	 => 275
 50 69 64 2 19 70	 => 274


===================[TEST 5]===================

##### START ##### Wed May 21 15:55:32 2003



##### CONVERGE ##### Wed May 21 15:58:21 2003

Elapsed time: 169 seconds
Total loop: 117 generations

Result : 270.833

45 29 50 47 76 27 6 49 53 64 1 74 67 15 5 68 72 32 48 22 40 36 63 21 13 10 11 54 59 30 33 69 62 18 56 73 55 7 17 39 75 78 41 12 70 60 57 8 58 61 28 38 19 2 35 43 77 31 14 42 44 66 37 24 3 65 51 79 23 80 71 52 4 34 25 20 26 46 9 16 

 45 29 50 47 76 27	 => 274
 6 27 76 49 53 64	 => 275
 1 64 53 74 67 15	 => 274
 50 5 68 72 32 47	 => 274
 76 47 32 48 22 49	 => 274
 53 49 22 40 36 74	 => 274
 67 74 36 63 21 13	 => 274
 68 10 11 54 59 72	 => 274
 32 72 59 30 33 48	 => 274
 22 48 33 69 62 40	 => 274
 36 40 62 18 56 63	 => 275
 21 63 56 73 55 7	 => 275
 11 17 39 75 78 54	 => 274
 59 54 78 41 12 30	 => 274
 33 30 12 70 60 69	 => 274
 62 69 60 57 8 18	 => 274
 56 18 8 58 61 73	 => 274
 55 73 61 28 38 19	 => 274
 78 75 2 35 43 41	 => 274
 12 41 43 77 31 70	 => 274
 60 70 31 14 42 57	 => 274
 8 57 42 44 66 58	 => 275
 61 58 66 37 24 28	 => 274
 43 35 3 65 51 77	 => 274
 31 77 51 79 23 14	 => 275
 42 14 23 80 71 44	 => 274
 66 44 71 52 4 37	 => 274
 51 65 34 25 20 79	 => 274
 23 79 20 26 46 80	 => 274
 71 80 46 9 16 52	 => 274



test#	fitness		sum		time
---------------------------------------------------
1	271.093				129
2	271.937				224
3	271.778				259
4	271.5				203
5	270.833				169


---------------------------------------------------
Best fitness      : 271.937 ( test# 2)
Shortest time     : 129 ( test# 1)

Average fitness   : 271.428
Average time      : 196.8
