****************** GA TEST *******************

total test#:			 5
hexa min width:			 3
hexa max width:			 6
hexa count:			 30
number count:			 80
population size:		 130
generation size:		 50

tournament winner p:		 1
do xover p:			 1
xover:				 2points
do mutation1 p:			 0.1
mutation1 p:			 0.05
do optimize p:			 0.99
local optimize count:		 10000
do deep better optimize p:	 1
do deep worse optimize p:	 0
do spin p:			 0
spin count:			 1000
do spin apply p:		 1
do mutation2 p:			 0.12
mutation2 p:			 0.08
force mutation2:		 0
replace bad p:			 0.195

converge rate p:		 0.99
converge count:			 1

**********************************************


===================[TEST 1]===================

##### START ##### Wed May 21 15:58:22 2003



##### CONVERGE ##### Wed May 21 16:01:38 2003

Elapsed time: 196 seconds
Total loop: 137 generations

Result : 272.217

3 38 54 79 71 30 32 12 67 63 25 56 51 13 18 5 66 52 28 33 43 64 24 78 2 10 80 65 49 21 59 39 73 37 34 68 70 1 8 20 40 62 42 35 60 61 36 29 50 57 55 16 9 6 47 77 15 46 41 31 53 76 26 11 4 58 74 72 27 48 75 22 23 7 19 45 14 69 17 44 

 3 38 54 79 71 30	 => 275
 32 30 71 12 67 63	 => 275
 25 63 67 56 51 13	 => 275
 54 18 5 66 52 79	 => 274
 71 79 52 28 33 12	 => 275
 67 12 33 43 64 56	 => 275
 51 56 64 24 78 2	 => 275
 5 10 80 65 49 66	 => 275
 52 66 49 21 59 28	 => 275
 33 28 59 39 73 43	 => 275
 64 43 73 37 34 24	 => 275
 78 24 34 68 70 1	 => 275
 80 8 20 40 62 65	 => 275
 49 65 62 42 35 21	 => 274
 59 21 35 60 61 39	 => 275
 73 39 61 36 29 37	 => 275
 34 37 29 50 57 68	 => 275
 70 68 57 55 16 9	 => 275
 62 40 6 47 77 42	 => 274
 35 42 77 15 46 60	 => 275
 61 60 46 41 31 36	 => 275
 29 36 31 53 76 50	 => 275
 57 50 76 26 11 55	 => 275
 77 47 4 58 74 15	 => 275
 46 15 74 72 27 41	 => 275
 31 41 27 48 75 53	 => 275
 76 53 75 22 23 26	 => 275
 74 58 7 19 45 72	 => 275
 27 72 45 14 69 48	 => 275
 75 48 69 17 44 22	 => 275


===================[TEST 2]===================

##### START ##### Wed May 21 16:01:38 2003



##### CONVERGE ##### Wed May 21 16:04:25 2003

Elapsed time: 167 seconds
Total loop: 116 generations

Result : 270.722

6 1 65 64 68 70 13 34 37 52 22 80 59 25 17 11 76 41 43 24 21 78 38 16 3 20 63 77 27 32 54 61 71 30 36 73 67 44 9 2 66 57 48 33 53 40 58 14 42 79 35 8 12 4 60 39 45 56 5 62 29 69 31 18 7 74 49 72 47 55 75 51 19 10 23 46 26 28 15 50 

 6 1 65 64 68 70	 => 274
 13 70 68 34 37 52	 => 274
 22 52 37 80 59 25	 => 275
 65 17 11 76 41 64	 => 274
 68 64 41 43 24 34	 => 274
 37 34 24 21 78 80	 => 274
 59 80 78 38 16 3	 => 274
 11 20 63 77 27 76	 => 274
 41 76 27 32 54 43	 => 273
 24 43 54 61 71 21	 => 274
 78 21 71 30 36 38	 => 274
 16 38 36 73 67 44	 => 274
 63 9 2 66 57 77	 => 274
 27 77 57 48 33 32	 => 274
 54 32 33 53 40 61	 => 273
 71 61 40 58 14 30	 => 274
 36 30 14 42 79 73	 => 274
 67 73 79 35 8 12	 => 274
 57 66 4 60 39 48	 => 274
 33 48 39 45 56 53	 => 274
 40 53 56 5 62 58	 => 274
 14 58 62 29 69 42	 => 274
 79 42 69 31 18 35	 => 274
 39 60 7 74 49 45	 => 274
 56 45 49 72 47 5	 => 274
 62 5 47 55 75 29	 => 273
 69 29 75 51 19 31	 => 274
 49 74 10 23 46 72	 => 274
 47 72 46 26 28 55	 => 274
 75 55 28 15 50 51	 => 274


===================[TEST 3]===================

##### START ##### Wed May 21 16:04:25 2003



##### CONVERGE ##### Wed May 21 16:09:16 2003

Elapsed time: 291 seconds
Total loop: 200 generations

Result : 275.691

17 25 58 64 77 37 5 7 74 78 1 76 41 8 19 18 73 46 29 55 27 39 60 40 22 4 57 79 47 13 70 30 67 44 42 54 61 21 20 12 48 62 34 43 63 59 68 10 56 72 52 15 24 16 49 69 33 36 23 28 51 65 31 2 11 45 71 80 35 66 75 53 3 26 6 50 9 38 32 14 

 17 25 58 64 77 37	 => 278
 5 37 77 7 74 78	 => 278
 1 78 74 76 41 8	 => 278
 58 19 18 73 46 64	 => 278
 77 64 46 29 55 7	 => 278
 74 7 55 27 39 76	 => 278
 41 76 39 60 40 22	 => 278
 18 4 57 79 47 73	 => 278
 46 73 47 13 70 29	 => 278
 55 29 70 30 67 27	 => 278
 39 27 67 44 42 60	 => 279
 40 60 42 54 61 21	 => 278
 57 20 12 48 62 79	 => 278
 47 79 62 34 43 13	 => 278
 70 13 43 63 59 30	 => 278
 67 30 59 68 10 44	 => 278
 42 44 10 56 72 54	 => 278
 61 54 72 52 15 24	 => 278
 62 48 16 49 69 34	 => 278
 43 34 69 33 36 63	 => 278
 59 63 36 23 28 68	 => 277
 10 68 28 51 65 56	 => 278
 72 56 65 31 2 52	 => 278
 69 49 11 45 71 33	 => 278
 36 33 71 80 35 23	 => 278
 28 23 35 66 75 51	 => 278
 65 51 75 53 3 31	 => 278
 71 45 26 6 50 80	 => 278
 35 80 50 9 38 66	 => 278
 75 66 38 32 14 53	 => 278


===================[TEST 4]===================

##### START ##### Wed May 21 16:09:16 2003



##### CONVERGE ##### Wed May 21 16:12:46 2003

Elapsed time: 210 seconds
Total loop: 113 generations

Result : 271.394

22 20 57 76 33 66 8 40 48 80 1 67 61 18 5 31 55 51 25 50 28 42 69 34 2 9 72 64 44 27 73 47 52 35 49 58 54 11 21 7 79 32 71 37 38 53 46 43 15 75 63 13 12 36 30 26 59 45 23 70 24 77 39 6 14 68 78 41 29 74 56 60 19 16 10 62 4 65 3 17 

 22 20 57 76 33 66	 => 274
 8 66 33 40 48 80	 => 275
 1 80 48 67 61 18	 => 275
 57 5 31 55 51 76	 => 275
 33 76 51 25 50 40	 => 275
 48 40 50 28 42 67	 => 275
 61 67 42 69 34 2	 => 275
 31 9 72 64 44 55	 => 275
 51 55 44 27 73 25	 => 275
 50 25 73 47 52 28	 => 275
 42 28 52 35 49 69	 => 275
 34 69 49 58 54 11	 => 275
 72 21 7 79 32 64	 => 275
 44 64 32 71 37 27	 => 275
 73 27 37 38 53 47	 => 275
 52 47 53 46 43 35	 => 276
 49 35 43 15 75 58	 => 275
 54 58 75 63 13 12	 => 275
 32 79 36 30 26 71	 => 274
 37 71 26 59 45 38	 => 276
 53 38 45 23 70 46	 => 275
 43 46 70 24 77 15	 => 275
 75 15 77 39 6 63	 => 275
 26 30 14 68 78 59	 => 275
 45 59 78 41 29 23	 => 275
 70 23 29 74 56 24	 => 276
 77 24 56 60 19 39	 => 275
 78 68 16 10 62 41	 => 275
 29 41 62 4 65 74	 => 275
 56 74 65 3 17 60	 => 275


===================[TEST 5]===================

##### START ##### Wed May 21 16:12:46 2003



##### CONVERGE ##### Wed May 21 16:15:19 2003

Elapsed time: 153 seconds
Total loop: 96 generations

Result : 273.221

13 28 79 39 76 41 5 27 73 54 21 70 56 2 7 57 59 35 68 31 30 45 67 15 23 3 50 71 36 32 46 62 40 22 72 49 63 10 9 38 48 60 52 25 64 47 61 44 12 77 78 8 1 16 20 80 37 17 53 34 51 74 24 11 19 55 65 75 29 43 66 58 4 33 6 42 18 69 26 14 

 13 28 79 39 76 41	 => 276
 5 41 76 27 73 54	 => 276
 21 54 73 70 56 2	 => 276
 79 7 57 59 35 39	 => 276
 76 39 35 68 31 27	 => 276
 73 27 31 30 45 70	 => 276
 56 70 45 67 15 23	 => 276
 57 3 50 71 36 59	 => 276
 35 59 36 32 46 68	 => 276
 31 68 46 62 40 30	 => 277
 45 30 40 22 72 67	 => 276
 15 67 72 49 63 10	 => 276
 50 9 38 48 60 71	 => 276
 36 71 60 52 25 32	 => 276
 46 32 25 64 47 62	 => 276
 40 62 47 61 44 22	 => 276
 72 22 44 12 77 49	 => 276
 63 49 77 78 8 1	 => 276
 60 48 16 20 80 52	 => 276
 25 52 80 37 17 64	 => 275
 47 64 17 53 34 61	 => 276
 44 61 34 51 74 12	 => 276
 77 12 74 24 11 78	 => 276
 80 20 19 55 65 37	 => 276
 17 37 65 75 29 53	 => 276
 34 53 29 43 66 51	 => 276
 74 51 66 58 4 24	 => 277
 65 55 33 6 42 75	 => 276
 29 75 42 18 69 43	 => 276
 66 43 69 26 14 58	 => 276



test#	fitness		sum		time
---------------------------------------------------
1	272.217				196
2	270.722				167
3	275.691				291
4	271.394				210
5	273.221				153


---------------------------------------------------
Best fitness      : 275.691 ( test# 3)
Shortest time     : 153 ( test# 5)

Average fitness   : 272.649
Average time      : 203.4
