****************** GA TEST *******************

total test#:			 5
hexa min width:			 3
hexa max width:			 6
hexa count:			 30
number count:			 80
population size:		 130
generation size:		 50

tournament winner p:		 1
do xover p:			 1
xover:				 2points
do mutation1 p:			 0.1
mutation1 p:			 0.05
do optimize p:			 1
local optimize count:		 15000
do deep better optimize p:	 1
do deep worse optimize p:	 0
do spin p:			 0
spin count:			 1000
do spin apply p:		 1
do mutation2 p:			 0.12
mutation2 p:			 0.08
force mutation2:		 0
replace bad p:			 0.195

converge rate p:		 0.99
converge count:			 1

**********************************************


===================[TEST 1]===================

##### START ##### Wed May 21 16:15:22 2003



##### CONVERGE ##### Wed May 21 16:19:36 2003

Elapsed time: 254 seconds
Total loop: 93 generations

Result : 271.093

7 22 55 66 74 50 5 21 80 44 16 71 35 29 8 59 54 32 42 39 19 45 65 49 9 12 46 77 26 52 68 28 78 30 37 69 48 6 31 27 70 23 62 34 17 75 60 3 56 79 14 24 40 20 41 58 67 36 25 61 51 43 64 18 4 47 57 76 13 72 53 63 1 10 11 73 2 38 33 15 

 7 22 55 66 74 50	 => 274
 5 50 74 21 80 44	 => 274
 16 44 80 71 35 29	 => 275
 55 8 59 54 32 66	 => 274
 74 66 32 42 39 21	 => 274
 80 21 39 19 45 71	 => 275
 35 71 45 65 49 9	 => 274
 59 12 46 77 26 54	 => 274
 32 54 26 52 68 42	 => 274
 39 42 68 28 78 19	 => 274
 45 19 78 30 37 65	 => 274
 49 65 37 69 48 6	 => 274
 46 31 27 70 23 77	 => 274
 26 77 23 62 34 52	 => 274
 68 52 34 17 75 28	 => 274
 78 28 75 60 3 30	 => 274
 37 30 3 56 79 69	 => 274
 48 69 79 14 24 40	 => 274
 23 70 20 41 58 62	 => 274
 34 62 58 67 36 17	 => 274
 75 17 36 25 61 60	 => 274
 3 60 61 51 43 56	 => 274
 79 56 43 64 18 14	 => 274
 58 41 4 47 57 67	 => 274
 36 67 57 76 13 25	 => 274
 61 25 13 72 53 51	 => 275
 43 51 53 63 1 64	 => 275
 57 47 10 11 73 76	 => 274
 13 76 73 2 38 72	 => 274
 53 72 38 33 15 63	 => 274


===================[TEST 2]===================

##### START ##### Wed May 21 16:19:36 2003



##### CONVERGE ##### Wed May 21 16:27:05 2003

Elapsed time: 449 seconds
Total loop: 176 generations

Result : 273.826

11 9 68 77 78 34 7 52 79 27 31 71 63 6 21 16 75 20 37 13 44 18 70 29 26 1 58 74 53 41 51 56 76 33 36 66 62 14 5 23 72 45 47 17 73 38 49 25 50 67 48 22 12 15 42 55 57 28 35 54 30 69 39 4 2 61 60 65 32 46 80 40 19 8 24 59 10 64 43 3 

 11 9 68 77 78 34	 => 277
 7 34 78 52 79 27	 => 277
 31 27 79 71 63 6	 => 277
 68 21 16 75 20 77	 => 277
 78 77 20 37 13 52	 => 277
 79 52 13 44 18 71	 => 277
 63 71 18 70 29 26	 => 277
 16 1 58 74 53 75	 => 277
 20 75 53 41 51 37	 => 277
 13 37 51 56 76 44	 => 277
 18 44 76 33 36 70	 => 277
 29 70 36 66 62 14	 => 277
 58 5 23 72 45 74	 => 277
 53 74 45 47 17 41	 => 277
 51 41 17 73 38 56	 => 276
 76 56 38 49 25 33	 => 277
 36 33 25 50 67 66	 => 277
 62 66 67 48 22 12	 => 277
 45 72 15 42 55 47	 => 276
 17 47 55 57 28 73	 => 277
 38 73 28 35 54 49	 => 277
 25 49 54 30 69 50	 => 277
 67 50 69 39 4 48	 => 277
 55 42 2 61 60 57	 => 277
 28 57 60 65 32 35	 => 277
 54 35 32 46 80 30	 => 277
 69 30 80 40 19 39	 => 277
 60 61 8 24 59 65	 => 277
 32 65 59 10 64 46	 => 276
 80 46 64 43 3 40	 => 276


===================[TEST 3]===================

##### START ##### Wed May 21 16:27:05 2003



##### CONVERGE ##### Wed May 21 16:32:09 2003

Elapsed time: 304 seconds
Total loop: 120 generations

Result : 271.315

9 50 69 40 68 39 20 52 62 35 23 74 73 8 6 45 59 57 36 22 41 24 46 54 5 2 37 71 61 30 32 65 79 17 67 56 49 3 19 10 60 78 28 7 75 66 34 14 44 77 48 27 18 12 25 72 55 38 29 33 80 70 21 15 1 47 76 64 13 63 58 42 4 26 11 51 31 53 16 43 

 9 50 69 40 68 39	 => 275
 20 39 68 52 62 35	 => 276
 23 35 62 74 73 8	 => 275
 69 6 45 59 57 40	 => 276
 68 40 57 36 22 52	 => 275
 62 52 22 41 24 74	 => 275
 73 74 24 46 54 5	 => 276
 45 2 37 71 61 59	 => 275
 57 59 61 30 32 36	 => 275
 22 36 32 65 79 41	 => 275
 24 41 79 17 67 46	 => 274
 54 46 67 56 49 3	 => 275
 37 19 10 60 78 71	 => 275
 61 71 78 28 7 30	 => 275
 32 30 7 75 66 65	 => 275
 79 65 66 34 14 17	 => 275
 67 17 14 44 77 56	 => 275
 49 56 77 48 27 18	 => 275
 78 60 12 25 72 28	 => 275
 7 28 72 55 38 75	 => 275
 66 75 38 29 33 34	 => 275
 14 34 33 80 70 44	 => 275
 77 44 70 21 15 48	 => 275
 72 25 1 47 76 55	 => 276
 38 55 76 64 13 29	 => 275
 33 29 13 63 58 80	 => 276
 70 80 58 42 4 21	 => 275
 76 47 26 11 51 64	 => 275
 13 64 51 31 53 63	 => 275
 58 63 53 16 43 42	 => 275


===================[TEST 4]===================

##### START ##### Wed May 21 16:32:09 2003



##### CONVERGE ##### Wed May 21 16:37:34 2003

Elapsed time: 325 seconds
Total loop: 127 generations

Result : 271.36

9 20 56 67 71 52 5 32 78 37 14 72 73 1 24 22 61 45 47 13 39 41 74 4 11 17 63 77 35 28 59 66 50 2 69 43 65 19 30 16 36 53 79 3 51 68 25 64 42 55 70 8 34 6 26 75 29 38 33 60 27 57 44 7 23 46 76 58 40 62 54 80 12 15 31 49 18 48 10 21 

 9 20 56 67 71 52	 => 275
 5 52 71 32 78 37	 => 275
 14 37 78 72 73 1	 => 275
 56 24 22 61 45 67	 => 275
 71 67 45 47 13 32	 => 275
 78 32 13 39 41 72	 => 275
 73 72 41 74 4 11	 => 275
 22 17 63 77 35 61	 => 275
 45 61 35 28 59 47	 => 275
 13 47 59 66 50 39	 => 274
 41 39 50 2 69 74	 => 275
 4 74 69 43 65 19	 => 274
 63 30 16 36 53 77	 => 275
 35 77 53 79 3 28	 => 275
 59 28 3 51 68 66	 => 275
 50 66 68 25 64 2	 => 275
 69 2 64 42 55 43	 => 275
 65 43 55 70 8 34	 => 275
 53 36 6 26 75 79	 => 275
 3 79 75 29 38 51	 => 275
 68 51 38 33 60 25	 => 275
 64 25 60 27 57 42	 => 275
 55 42 57 44 7 70	 => 275
 75 26 23 46 76 29	 => 275
 38 29 76 58 40 33	 => 274
 60 33 40 62 54 27	 => 276
 57 27 54 80 12 44	 => 274
 76 46 15 31 49 58	 => 275
 40 58 49 18 48 62	 => 275
 54 62 48 10 21 80	 => 275


===================[TEST 5]===================

##### START ##### Wed May 21 16:37:34 2003



##### CONVERGE ##### Wed May 21 16:46:29 2003

Elapsed time: 535 seconds
Total loop: 187 generations

Result : 271.5

9 18 80 47 75 46 15 29 60 49 12 74 58 22 3 43 71 31 51 42 26 44 72 20 7 1 64 68 28 73 21 70 65 16 52 54 53 23 8 13 67 55 48 2 79 30 61 33 57 63 37 35 32 14 25 66 41 39 56 10 36 78 34 6 5 76 62 50 27 77 69 40 17 4 45 38 24 59 11 19 

 9 18 80 47 75 46	 => 275
 15 46 75 29 60 49	 => 274
 12 49 60 74 58 22	 => 275
 80 3 43 71 31 47	 => 275
 75 47 31 51 42 29	 => 275
 60 29 42 26 44 74	 => 275
 58 74 44 72 20 7	 => 275
 43 1 64 68 28 71	 => 275
 31 71 28 73 21 51	 => 275
 42 51 21 70 65 26	 => 275
 44 26 65 16 52 72	 => 275
 20 72 52 54 53 23	 => 274
 64 8 13 67 55 68	 => 275
 28 68 55 48 2 73	 => 274
 21 73 2 79 30 70	 => 275
 65 70 30 61 33 16	 => 275
 52 16 33 57 63 54	 => 275
 53 54 63 37 35 32	 => 274
 55 67 14 25 66 48	 => 275
 2 48 66 41 39 79	 => 275
 30 79 39 56 10 61	 => 275
 33 61 10 36 78 57	 => 275
 63 57 78 34 6 37	 => 275
 66 25 5 76 62 41	 => 275
 39 41 62 50 27 56	 => 275
 10 56 27 77 69 36	 => 275
 78 36 69 40 17 34	 => 274
 62 76 4 45 38 50	 => 275
 27 50 38 24 59 77	 => 275
 69 77 59 11 19 40	 => 275



test#	fitness		sum		time
---------------------------------------------------
1	271.093				254
2	273.826				449
3	271.315				304
4	271.36				325
5	271.5				535


---------------------------------------------------
Best fitness      : 273.826 ( test# 2)
Shortest time     : 254 ( test# 1)

Average fitness   : 271.819
Average time      : 373.4
