****************** GA TEST *******************

total test#:			 5
hexa min width:			 3
hexa max width:			 6
hexa count:			 30
number count:			 80
population size:		 130
generation size:		 50

tournament winner p:		 1
do xover p:			 1
xover:				 2points
do mutation1 p:			 0.1
mutation1 p:			 0.05
do optimize p:			 1
local optimize count:		 5000
do deep better optimize p:	 1
do deep worse optimize p:	 0
do spin p:			 0
spin count:			 1000
do spin apply p:		 1
do mutation2 p:			 0.12
mutation2 p:			 0.08
force mutation2:		 0
replace bad p:			 0.195

converge rate p:		 0.99
converge count:			 1

**********************************************


===================[TEST 1]===================

##### START ##### Wed May 21 16:46:32 2003



##### CONVERGE ##### Wed May 21 16:47:55 2003

Elapsed time: 83 seconds
Total loop: 97 generations

Result : 267.221

1 18 76 79 54 42 19 30 62 63 45 33 61 6 12 22 72 9 52 46 44 55 78 40 3 2 60 80 34 39 64 14 50 26 17 75 28 32 49 36 20 25 77 15 67 71 53 56 27 69 68 24 5 31 70 47 43 21 10 48 29 57 38 11 8 37 65 73 58 59 66 74 7 51 4 41 16 23 13 35 

 1 18 76 79 54 42	 => 270
 19 42 54 30 62 63	 => 270
 45 63 62 33 61 6	 => 270
 76 12 22 72 9 79	 => 270
 54 79 9 52 46 30	 => 270
 62 30 46 44 55 33	 => 270
 61 33 55 78 40 3	 => 270
 22 2 60 80 34 72	 => 270
 9 72 34 39 64 52	 => 270
 46 52 64 14 50 44	 => 270
 55 44 50 26 17 78	 => 270
 40 78 17 75 28 32	 => 270
 60 49 36 20 25 80	 => 270
 34 80 25 77 15 39	 => 270
 64 39 15 67 71 14	 => 270
 50 14 71 53 56 26	 => 270
 17 26 56 27 69 75	 => 270
 28 75 69 68 24 5	 => 269
 25 20 31 70 47 77	 => 270
 15 77 47 43 21 67	 => 270
 71 67 21 10 48 53	 => 270
 56 53 48 29 57 27	 => 270
 69 27 57 38 11 68	 => 270
 47 70 8 37 65 43	 => 270
 21 43 65 73 58 10	 => 270
 48 10 58 59 66 29	 => 270
 57 29 66 74 7 38	 => 271
 65 37 51 4 41 73	 => 271
 58 73 41 16 23 59	 => 270
 66 59 23 13 35 74	 => 270


===================[TEST 2]===================

##### START ##### Wed May 21 16:47:55 2003



##### CONVERGE ##### Wed May 21 16:49:19 2003

Elapsed time: 84 seconds
Total loop: 96 generations

Result : 268.222

48 4 45 50 54 71 7 29 76 35 24 40 70 27 15 61 65 36 39 64 14 49 80 31 1 19 38 77 12 46 74 68 13 59 57 26 72 5 18 21 62 56 73 8 42 33 52 47 28 55 79 10 30 6 23 51 37 60 41 43 44 58 32 20 17 69 75 34 25 66 53 63 22 16 11 67 2 78 9 3 

 48 4 45 50 54 71	 => 272
 7 71 54 29 76 35	 => 272
 24 35 76 40 70 27	 => 272
 45 15 61 65 36 50	 => 272
 54 50 36 39 64 29	 => 272
 76 29 64 14 49 40	 => 272
 70 40 49 80 31 1	 => 271
 61 19 38 77 12 65	 => 272
 36 65 12 46 74 39	 => 272
 64 39 74 68 13 14	 => 272
 49 14 13 59 57 80	 => 272
 31 80 57 26 72 5	 => 271
 38 18 21 62 56 77	 => 272
 12 77 56 73 8 46	 => 272
 74 46 8 42 33 68	 => 271
 13 68 33 52 47 59	 => 272
 57 59 47 28 55 26	 => 272
 72 26 55 79 10 30	 => 272
 56 62 6 23 51 73	 => 271
 8 73 51 37 60 42	 => 271
 33 42 60 41 43 52	 => 271
 47 52 43 44 58 28	 => 272
 55 28 58 32 20 79	 => 272
 51 23 17 69 75 37	 => 272
 60 37 75 34 25 41	 => 272
 43 41 25 66 53 44	 => 272
 58 44 53 63 22 32	 => 272
 75 69 16 11 67 34	 => 272
 25 34 67 2 78 66	 => 272
 53 66 78 9 3 63	 => 272


===================[TEST 3]===================

##### START ##### Wed May 21 16:49:19 2003



##### CONVERGE ##### Wed May 21 16:51:13 2003

Elapsed time: 114 seconds
Total loop: 118 generations

Result : 269.222

26 35 38 52 69 53 24 29 57 41 54 72 47 2 1 50 74 58 51 13 40 62 46 32 14 9 43 73 23 22 45 75 49 55 20 80 64 31 16 5 60 76 18 61 59 10 56 27 25 66 15 36 12 4 44 71 33 30 48 70 17 78 68 21 11 37 77 79 6 67 65 42 3 34 7 39 19 63 8 28 

 26 35 38 52 69 53	 => 273
 24 53 69 29 57 41	 => 273
 54 41 57 72 47 2	 => 273
 38 1 50 74 58 52	 => 273
 69 52 58 51 13 29	 => 272
 57 29 13 40 62 72	 => 273
 47 72 62 46 32 14	 => 273
 50 9 43 73 23 74	 => 272
 58 74 23 22 45 51	 => 273
 13 51 45 75 49 40	 => 273
 62 40 49 55 20 46	 => 272
 32 46 20 80 64 31	 => 273
 43 16 5 60 76 73	 => 273
 23 73 76 18 61 22	 => 273
 45 22 61 59 10 75	 => 272
 49 75 10 56 27 55	 => 272
 20 55 27 25 66 80	 => 273
 64 80 66 15 36 12	 => 273
 76 60 4 44 71 18	 => 273
 61 18 71 33 30 59	 => 272
 10 59 30 48 70 56	 => 273
 27 56 70 17 78 25	 => 273
 66 25 78 68 21 15	 => 273
 71 44 11 37 77 33	 => 273
 30 33 77 79 6 48	 => 273
 70 48 6 67 65 17	 => 273
 78 17 65 42 3 68	 => 273
 77 37 34 7 39 79	 => 273
 6 79 39 19 63 67	 => 273
 65 67 63 8 28 42	 => 273


===================[TEST 4]===================

##### START ##### Wed May 21 16:51:13 2003



##### CONVERGE ##### Wed May 21 16:53:08 2003

Elapsed time: 115 seconds
Total loop: 140 generations

Result : 267.723

8 2 61 52 74 75 3 24 42 55 7 80 47 41 18 44 49 48 1 73 38 15 71 33 27 5 66 30 78 28 69 36 54 26 68 43 51 6 39 17 62 57 56 23 63 53 58 45 20 70 67 10 31 14 46 37 34 59 29 9 64 76 35 4 16 60 79 50 21 77 72 12 13 32 11 40 19 65 22 25 

 8 2 61 52 74 75	 => 272
 3 75 74 24 42 55	 => 273
 7 55 42 80 47 41	 => 272
 61 18 44 49 48 52	 => 272
 74 52 48 1 73 24	 => 272
 42 24 73 38 15 80	 => 272
 47 80 15 71 33 27	 => 273
 44 5 66 30 78 49	 => 272
 48 49 78 28 69 1	 => 273
 73 1 69 36 54 38	 => 271
 15 38 54 26 68 71	 => 272
 33 71 68 43 51 6	 => 272
 66 39 17 62 57 30	 => 271
 78 30 57 56 23 28	 => 272
 69 28 23 63 53 36	 => 272
 54 36 53 58 45 26	 => 272
 68 26 45 20 70 43	 => 272
 51 43 70 67 10 31	 => 272
 57 62 14 46 37 56	 => 272
 23 56 37 34 59 63	 => 272
 53 63 59 29 9 58	 => 271
 45 58 9 64 76 20	 => 272
 70 20 76 35 4 67	 => 272
 37 46 16 60 79 34	 => 272
 59 34 79 50 21 29	 => 272
 9 29 21 77 72 64	 => 272
 76 64 72 12 13 35	 => 272
 79 60 32 11 40 50	 => 272
 21 50 40 19 65 77	 => 272
 72 77 65 22 25 12	 => 273


===================[TEST 5]===================

##### START ##### Wed May 21 16:53:08 2003



##### CONVERGE ##### Wed May 21 16:54:29 2003

Elapsed time: 81 seconds
Total loop: 95 generations

Result : 267.702

38 15 45 69 60 43 24 20 76 47 22 25 77 23 35 33 39 49 26 46 31 72 40 27 29 8 70 55 65 61 30 75 62 2 63 80 48 12 5 28 41 71 7 10 73 21 58 52 16 57 64 17 4 18 54 79 50 51 14 53 13 78 44 11 1 19 67 32 56 68 66 59 9 42 36 74 3 37 34 6 

 38 15 45 69 60 43	 => 270
 24 43 60 20 76 47	 => 270
 22 47 76 25 77 23	 => 270
 45 35 33 39 49 69	 => 270
 60 69 49 26 46 20	 => 270
 76 20 46 31 72 25	 => 270
 77 25 72 40 27 29	 => 270
 33 8 70 55 65 39	 => 270
 49 39 65 61 30 26	 => 270
 46 26 30 75 62 31	 => 270
 72 31 62 2 63 40	 => 270
 27 40 63 80 48 12	 => 270
 70 5 28 41 71 55	 => 270
 65 55 71 7 10 61	 => 269
 30 61 10 73 21 75	 => 270
 62 75 21 58 52 2	 => 270
 63 2 52 16 57 80	 => 270
 48 80 57 64 17 4	 => 270
 71 41 18 54 79 7	 => 270
 10 7 79 50 51 73	 => 270
 21 73 51 14 53 58	 => 270
 52 58 53 13 78 16	 => 270
 57 16 78 44 11 64	 => 270
 79 54 1 19 67 50	 => 270
 51 50 67 32 56 14	 => 270
 53 14 56 68 66 13	 => 270
 78 13 66 59 9 44	 => 269
 67 19 42 36 74 32	 => 270
 56 32 74 3 37 68	 => 270
 66 68 37 34 6 59	 => 270



test#	fitness		sum		time
---------------------------------------------------
1	267.221				83
2	268.222				84
3	269.222				114
4	267.723				115
5	267.702				81


---------------------------------------------------
Best fitness      : 269.222 ( test# 3)
Shortest time     : 81 ( test# 5)

Average fitness   : 268.018
Average time      : 95.4
