****************** GA TEST *******************

total test#:			 5
hexa min width:			 3
hexa max width:			 6
hexa count:			 30
number count:			 80
population size:		 130
generation size:		 50

tournament winner p:		 1
do xover p:			 1
xover:				 2points
do mutation1 p:			 0.1
mutation1 p:			 0.05
do optimize p:			 1
local optimize count:		 10000
do deep better optimize p:	 1
do deep worse optimize p:	 0
do spin p:			 0
spin count:			 1000
do spin apply p:		 1
do mutation2 p:			 0.12
mutation2 p:			 0.08
force mutation2:		 0
replace bad p:			 0.195

converge rate p:		 0.99
converge count:			 1

**********************************************


===================[TEST 1]===================

##### START ##### Wed May 21 16:54:32 2003



##### CONVERGE ##### Wed May 21 16:59:07 2003

Elapsed time: 275 seconds
Total loop: 166 generations

Result : 272.487

33 3 54 79 72 36 24 17 63 65 20 55 70 4 12 27 62 43 44 21 75 47 37 67 1 22 45 71 50 30 48 41 49 23 46 57 59 11 9 5 78 69 19 39 58 61 77 26 52 73 40 38 10 6 25 80 51 31 32 18 35 68 29 15 2 53 66 56 42 76 74 64 7 28 14 60 8 34 13 16 

 33 3 54 79 72 36	 => 277
 24 36 72 17 63 65	 => 277
 20 65 63 55 70 4	 => 277
 54 12 27 62 43 79	 => 277
 72 79 43 44 21 17	 => 276
 63 17 21 75 47 55	 => 278
 70 55 47 37 67 1	 => 277
 27 22 45 71 50 62	 => 277
 43 62 50 30 48 44	 => 277
 21 44 48 41 49 75	 => 278
 47 75 49 23 46 37	 => 277
 67 37 46 57 59 11	 => 277
 45 9 5 78 69 71	 => 277
 50 71 69 19 39 30	 => 278
 48 30 39 58 61 41	 => 277
 49 41 61 77 26 23	 => 277
 46 23 26 52 73 57	 => 277
 59 57 73 40 38 10	 => 277
 69 78 6 25 80 19	 => 277
 39 19 80 51 31 58	 => 278
 61 58 31 32 18 77	 => 277
 26 77 18 35 68 52	 => 276
 73 52 68 29 15 40	 => 277
 80 25 2 53 66 51	 => 277
 31 51 66 56 42 32	 => 278
 18 32 42 76 74 35	 => 277
 68 35 74 64 7 29	 => 277
 66 53 28 14 60 56	 => 277
 42 56 60 8 34 76	 => 276
 74 76 34 13 16 64	 => 277


===================[TEST 2]===================

##### START ##### Wed May 21 16:59:07 2003



##### CONVERGE ##### Wed May 21 17:01:36 2003

Elapsed time: 149 seconds
Total loop: 93 generations

Result : 271.702

39 10 77 46 79 23 2 54 57 59 4 37 72 44 15 32 80 24 35 36 26 63 71 30 1 11 41 43 67 17 51 50 76 16 22 73 53 25 18 34 70 68 48 31 56 69 14 49 52 62 60 5 21 7 20 61 45 33 28 74 38 47 40 13 9 64 75 66 27 65 42 78 29 8 6 55 3 58 12 19 

 39 10 77 46 79 23	 => 274
 2 23 79 54 57 59	 => 274
 4 59 57 37 72 44	 => 273
 77 15 32 80 24 46	 => 274
 79 46 24 35 36 54	 => 274
 57 54 36 26 63 37	 => 273
 72 37 63 71 30 1	 => 274
 32 11 41 43 67 80	 => 274
 24 80 67 17 51 35	 => 274
 36 35 51 50 76 26	 => 274
 63 26 76 16 22 71	 => 274
 30 71 22 73 53 25	 => 274
 41 18 34 70 68 43	 => 274
 67 43 68 48 31 17	 => 274
 51 17 31 56 69 50	 => 274
 76 50 69 14 49 16	 => 274
 22 16 49 52 62 73	 => 274
 53 73 62 60 5 21	 => 274
 68 70 7 20 61 48	 => 274
 31 48 61 45 33 56	 => 274
 69 56 33 28 74 14	 => 274
 49 14 74 38 47 52	 => 274
 62 52 47 40 13 60	 => 274
 61 20 9 64 75 45	 => 274
 33 45 75 66 27 28	 => 274
 74 28 27 65 42 38	 => 274
 47 38 42 78 29 40	 => 274
 75 64 8 6 55 66	 => 274
 27 66 55 3 58 65	 => 274
 42 65 58 12 19 78	 => 274


===================[TEST 3]===================

##### START ##### Wed May 21 17:01:36 2003



##### CONVERGE ##### Wed May 21 17:05:20 2003

Elapsed time: 224 seconds
Total loop: 140 generations

Result : 272.222

5 11 62 77 57 64 2 16 74 63 25 23 70 21 6 33 46 52 20 53 31 79 65 24 15 13 67 73 44 38 76 60 36 30 35 72 66 14 27 9 49 51 61 8 50 43 78 29 42 68 56 10 4 12 28 75 45 37 48 19 39 69 34 7 1 71 55 59 32 80 58 54 22 26 17 47 18 40 3 41 

 5 11 62 77 57 64	 => 276
 2 64 57 16 74 63	 => 276
 25 63 74 23 70 21	 => 276
 62 6 33 46 52 77	 => 276
 57 77 52 20 53 16	 => 275
 74 16 53 31 79 23	 => 276
 70 23 79 65 24 15	 => 276
 33 13 67 73 44 46	 => 276
 52 46 44 38 76 20	 => 276
 53 20 76 60 36 31	 => 276
 79 31 36 30 35 65	 => 276
 24 65 35 72 66 14	 => 276
 67 27 9 49 51 73	 => 276
 44 73 51 61 8 38	 => 275
 76 38 8 50 43 60	 => 275
 36 60 43 78 29 30	 => 276
 35 30 29 42 68 72	 => 276
 66 72 68 56 10 4	 => 276
 51 49 12 28 75 61	 => 276
 8 61 75 45 37 50	 => 276
 43 50 37 48 19 78	 => 275
 29 78 19 39 69 42	 => 276
 68 42 69 34 7 56	 => 276
 75 28 1 71 55 45	 => 275
 37 45 55 59 32 48	 => 276
 19 48 32 80 58 39	 => 276
 69 39 58 54 22 34	 => 276
 55 71 26 17 47 59	 => 275
 32 59 47 18 40 80	 => 276
 58 80 40 3 41 54	 => 276


===================[TEST 4]===================

##### START ##### Wed May 21 17:05:20 2003



##### CONVERGE ##### Wed May 21 17:09:27 2003

Elapsed time: 247 seconds
Total loop: 150 generations

Result : 272.856

2 26 36 74 63 75 12 52 29 46 15 77 78 31 10 42 71 43 28 16 68 35 59 19 8 7 27 79 50 37 47 72 44 21 49 66 70 13 18 17 62 73 32 5 54 61 53 25 55 60 76 1 3 6 23 80 65 40 30 38 48 57 24 4 22 45 41 67 33 58 69 64 14 34 39 51 11 56 20 9 

 2 26 36 74 63 75	 => 276
 12 75 63 52 29 46	 => 277
 15 46 29 77 78 31	 => 276
 36 10 42 71 43 74	 => 276
 63 74 43 28 16 52	 => 276
 29 52 16 68 35 77	 => 277
 78 77 35 59 19 8	 => 276
 42 7 27 79 50 71	 => 276
 43 71 50 37 47 28	 => 276
 16 28 47 72 44 68	 => 275
 35 68 44 21 49 59	 => 276
 19 59 49 66 70 13	 => 276
 27 18 17 62 73 79	 => 276
 50 79 73 32 5 37	 => 276
 47 37 5 54 61 72	 => 276
 44 72 61 53 25 21	 => 276
 49 21 25 55 60 66	 => 276
 70 66 60 76 1 3	 => 276
 73 62 6 23 80 32	 => 276
 5 32 80 65 40 54	 => 276
 61 54 40 30 38 53	 => 276
 25 53 38 48 57 55	 => 276
 60 55 57 24 4 76	 => 276
 80 23 22 45 41 65	 => 276
 40 65 41 67 33 30	 => 276
 38 30 33 58 69 48	 => 276
 57 48 69 64 14 24	 => 276
 41 45 34 39 51 67	 => 277
 33 67 51 11 56 58	 => 276
 69 58 56 20 9 64	 => 276


===================[TEST 5]===================

##### START ##### Wed May 21 17:09:27 2003



##### CONVERGE ##### Wed May 21 17:12:04 2003

Elapsed time: 157 seconds
Total loop: 101 generations

Result : 271.622

11 18 68 54 80 44 1 17 63 70 8 79 36 19 9 30 50 65 38 21 47 48 43 66 3 33 62 67 34 15 73 42 55 37 45 57 40 24 26 4 41 75 46 39 28 78 51 12 53 71 49 23 35 22 14 77 29 56 5 58 25 76 16 10 27 59 69 64 52 61 74 72 13 20 32 31 7 60 6 2 

 11 18 68 54 80 44	 => 275
 1 44 80 17 63 70	 => 275
 8 70 63 79 36 19	 => 275
 68 9 30 50 65 54	 => 276
 80 54 65 38 21 17	 => 275
 63 17 21 47 48 79	 => 275
 36 79 48 43 66 3	 => 275
 30 33 62 67 34 50	 => 276
 65 50 34 15 73 38	 => 275
 21 38 73 42 55 47	 => 276
 48 47 55 37 45 43	 => 275
 66 43 45 57 40 24	 => 275
 62 26 4 41 75 67	 => 275
 34 67 75 46 39 15	 => 276
 73 15 39 28 78 42	 => 275
 55 42 78 51 12 37	 => 275
 45 37 12 53 71 57	 => 275
 40 57 71 49 23 35	 => 275
 75 41 22 14 77 46	 => 275
 39 46 77 29 56 28	 => 275
 78 28 56 5 58 51	 => 276
 12 51 58 25 76 53	 => 275
 71 53 76 16 10 49	 => 275
 77 14 27 59 69 29	 => 275
 56 29 69 64 52 5	 => 275
 58 5 52 61 74 25	 => 275
 76 25 74 72 13 16	 => 276
 69 59 20 32 31 64	 => 275
 52 64 31 7 60 61	 => 275
 74 61 60 6 2 72	 => 275



test#	fitness		sum		time
---------------------------------------------------
1	272.487				275
2	271.702				149
3	272.222				224
4	272.856				247
5	271.622				157


---------------------------------------------------
Best fitness      : 272.856 ( test# 4)
Shortest time     : 149 ( test# 2)

Average fitness   : 272.178
Average time      : 210.4
