****************** GA TEST *******************

total test#:			 5
hexa min width:			 3
hexa max width:			 6
hexa count:			 30
number count:			 80
population size:		 130
generation size:		 50

tournament winner p:		 1
do xover p:			 1
xover:				 2points
do mutation1 p:			 0.1
mutation1 p:			 0.05
do optimize p:			 1
local optimize count:		 10000
do deep better optimize p:	 0.99
do deep worse optimize p:	 0
do spin p:			 0
spin count:			 1000
do spin apply p:		 1
do mutation2 p:			 0.12
mutation2 p:			 0.08
force mutation2:		 0
replace bad p:			 0.195

converge rate p:		 0.99
converge count:			 1

**********************************************


===================[TEST 1]===================

##### START ##### Wed May 21 17:12:07 2003



##### CONVERGE ##### Wed May 21 17:16:05 2003

Elapsed time: 238 seconds
Total loop: 148 generations

Result : 273.622

15 2 69 80 75 36 9 33 72 53 16 56 77 3 6 21 67 35 32 22 42 52 46 30 17 5 78 49 57 20 66 51 64 14 59 68 63 11 8 28 60 55 65 31 38 71 50 27 48 61 41 26 18 4 19 74 25 44 34 40 43 70 45 13 7 73 79 58 37 76 47 62 10 1 12 54 23 29 39 24 

 15 2 69 80 75 36	 => 277
 9 36 75 33 72 53	 => 278
 16 53 72 56 77 3	 => 277
 69 6 21 67 35 80	 => 278
 75 80 35 32 22 33	 => 277
 72 33 22 42 52 56	 => 277
 77 56 52 46 30 17	 => 278
 21 5 78 49 57 67	 => 277
 35 67 57 20 66 32	 => 277
 22 32 66 51 64 42	 => 277
 52 42 64 14 59 46	 => 277
 30 46 59 68 63 11	 => 277
 78 8 28 60 55 49	 => 278
 57 49 55 65 31 20	 => 277
 66 20 31 38 71 51	 => 277
 64 51 71 50 27 14	 => 277
 59 14 27 48 61 68	 => 277
 63 68 61 41 26 18	 => 277
 55 60 4 19 74 65	 => 277
 31 65 74 25 44 38	 => 277
 71 38 44 34 40 50	 => 277
 27 50 40 43 70 48	 => 278
 61 48 70 45 13 41	 => 278
 74 19 7 73 79 25	 => 277
 44 25 79 58 37 34	 => 277
 40 34 37 76 47 43	 => 277
 70 43 47 62 10 45	 => 277
 79 73 1 12 54 58	 => 277
 37 58 54 23 29 76	 => 277
 47 76 29 39 24 62	 => 277


===================[TEST 2]===================

##### START ##### Wed May 21 17:16:05 2003



##### CONVERGE ##### Wed May 21 17:19:50 2003

Elapsed time: 225 seconds
Total loop: 132 generations

Result : 270.691

12 18 59 65 53 66 9 33 72 40 23 73 43 22 4 42 52 51 61 10 47 38 75 29 15 11 55 78 35 44 30 63 62 45 6 70 36 57 5 13 76 46 50 20 60 56 39 8 64 80 41 19 27 26 17 58 48 37 14 67 16 79 3 7 25 54 71 69 34 68 74 77 24 2 28 49 31 21 32 1 

 12 18 59 65 53 66	 => 273
 9 66 53 33 72 40	 => 273
 23 40 72 73 43 22	 => 273
 59 4 42 52 51 65	 => 273
 53 65 51 61 10 33	 => 273
 72 33 10 47 38 73	 => 273
 43 73 38 75 29 15	 => 273
 42 11 55 78 35 52	 => 273
 51 52 35 44 30 61	 => 273
 10 61 30 63 62 47	 => 273
 38 47 62 45 6 75	 => 273
 29 75 6 70 36 57	 => 273
 55 5 13 76 46 78	 => 273
 35 78 46 50 20 44	 => 273
 30 44 20 60 56 63	 => 273
 62 63 56 39 8 45	 => 273
 6 45 8 64 80 70	 => 273
 36 70 80 41 19 27	 => 273
 46 76 26 17 58 50	 => 273
 20 50 58 48 37 60	 => 273
 56 60 37 14 67 39	 => 273
 8 39 67 16 79 64	 => 273
 80 64 79 3 7 41	 => 274
 58 17 25 54 71 48	 => 273
 37 48 71 69 34 14	 => 273
 67 14 34 68 74 16	 => 273
 79 16 74 77 24 3	 => 273
 71 54 2 28 49 69	 => 273
 34 69 49 31 21 68	 => 272
 74 68 21 32 1 77	 => 273


===================[TEST 3]===================

##### START ##### Wed May 21 17:19:50 2003



##### CONVERGE ##### Wed May 21 17:22:02 2003

Elapsed time: 132 seconds
Total loop: 81 generations

Result : 269.856

35 6 79 49 76 28 10 33 65 61 19 71 42 15 9 57 24 55 31 30 59 16 58 66 20 5 78 47 62 32 69 39 44 50 46 45 54 4 26 37 11 74 36 22 41 70 48 23 34 75 68 18 13 25 67 60 51 63 8 43 72 53 40 3 2 29 64 73 14 56 80 21 7 38 17 52 1 77 27 12 

 35 6 79 49 76 28	 => 273
 10 28 76 33 65 61	 => 273
 19 61 65 71 42 15	 => 273
 79 9 57 24 55 49	 => 273
 76 49 55 31 30 33	 => 274
 65 33 30 59 16 71	 => 274
 42 71 16 58 66 20	 => 273
 57 5 78 47 62 24	 => 273
 55 24 62 32 69 31	 => 273
 30 31 69 39 44 59	 => 272
 16 59 44 50 46 58	 => 273
 66 58 46 45 54 4	 => 273
 78 26 37 11 74 47	 => 273
 62 47 74 36 22 32	 => 273
 69 32 22 41 70 39	 => 273
 44 39 70 48 23 50	 => 274
 46 50 23 34 75 45	 => 273
 54 45 75 68 18 13	 => 273
 74 11 25 67 60 36	 => 273
 22 36 60 51 63 41	 => 273
 70 41 63 8 43 48	 => 273
 23 48 43 72 53 34	 => 273
 75 34 53 40 3 68	 => 273
 60 67 2 29 64 51	 => 273
 63 51 64 73 14 8	 => 273
 43 8 14 56 80 72	 => 273
 53 72 80 21 7 40	 => 273
 64 29 38 17 52 73	 => 273
 14 73 52 1 77 56	 => 273
 80 56 77 27 12 21	 => 273


===================[TEST 4]===================

##### START ##### Wed May 21 17:22:02 2003



##### CONVERGE ##### Wed May 21 17:24:34 2003

Elapsed time: 152 seconds
Total loop: 95 generations

Result : 269.833

8 16 55 79 52 63 14 29 62 53 13 56 49 41 7 32 77 23 73 17 72 37 50 60 21 11 45 75 33 66 1 46 64 26 25 48 71 19 3 5 80 65 10 24 69 67 42 28 70 76 31 9 38 18 22 78 54 39 20 36 47 51 30 15 4 58 57 68 35 61 74 59 12 44 6 40 27 43 2 34 

 8 16 55 79 52 63	 => 273
 14 63 52 29 62 53	 => 273
 13 53 62 56 49 41	 => 274
 55 7 32 77 23 79	 => 273
 52 79 23 73 17 29	 => 273
 62 29 17 72 37 56	 => 273
 49 56 37 50 60 21	 => 273
 32 11 45 75 33 77	 => 273
 23 77 33 66 1 73	 => 273
 17 73 1 46 64 72	 => 273
 37 72 64 26 25 50	 => 274
 60 50 25 48 71 19	 => 273
 45 3 5 80 65 75	 => 273
 33 75 65 10 24 66	 => 273
 1 66 24 69 67 46	 => 273
 64 46 67 42 28 26	 => 273
 25 26 28 70 76 48	 => 273
 71 48 76 31 9 38	 => 273
 65 80 18 22 78 10	 => 273
 24 10 78 54 39 69	 => 274
 67 69 39 20 36 42	 => 273
 28 42 36 47 51 70	 => 274
 76 70 51 30 15 31	 => 273
 78 22 4 58 57 54	 => 273
 39 54 57 68 35 20	 => 273
 36 20 35 61 74 47	 => 273
 51 47 74 59 12 30	 => 273
 57 58 44 6 40 68	 => 273
 35 68 40 27 43 61	 => 274
 74 61 43 2 34 59	 => 273


===================[TEST 5]===================

##### START ##### Wed May 21 17:24:34 2003



##### CONVERGE ##### Wed May 21 17:30:13 2003

Elapsed time: 339 seconds
Total loop: 190 generations

Result : 271.5

21 20 62 60 32 80 15 29 68 51 6 30 78 41 11 17 79 46 63 45 44 59 75 24 9 4 43 77 55 1 31 40 52 18 27 65 72 12 16 14 61 64 25 53 74 76 50 39 57 69 28 22 19 33 35 56 54 13 38 23 34 71 48 2 5 58 67 66 37 73 70 42 10 26 8 49 3 47 36 7 

 21 20 62 60 32 80	 => 275
 15 80 32 29 68 51	 => 275
 6 51 68 30 78 41	 => 274
 62 11 17 79 46 60	 => 275
 32 60 46 63 45 29	 => 275
 68 29 45 44 59 30	 => 275
 78 30 59 75 24 9	 => 275
 17 4 43 77 55 79	 => 275
 46 79 55 1 31 63	 => 275
 45 63 31 40 52 44	 => 275
 59 44 52 18 27 75	 => 275
 24 75 27 65 72 12	 => 275
 43 16 14 61 64 77	 => 275
 55 77 64 25 53 1	 => 275
 31 1 53 74 76 40	 => 275
 52 40 76 50 39 18	 => 275
 27 18 39 57 69 65	 => 275
 72 65 69 28 22 19	 => 275
 64 61 33 35 56 25	 => 274
 53 25 56 54 13 74	 => 275
 76 74 13 38 23 50	 => 274
 39 50 23 34 71 57	 => 274
 69 57 71 48 2 28	 => 275
 56 35 5 58 67 54	 => 275
 13 54 67 66 37 38	 => 275
 23 38 37 73 70 34	 => 275
 71 34 70 42 10 48	 => 275
 67 58 26 8 49 66	 => 274
 37 66 49 3 47 73	 => 275
 70 73 47 36 7 42	 => 275



test#	fitness		sum		time
---------------------------------------------------
1	273.622				238
2	270.691				225
3	269.856				132
4	269.833				152
5	271.5				339


---------------------------------------------------
Best fitness      : 273.622 ( test# 1)
Shortest time     : 132 ( test# 3)

Average fitness   : 271.1
Average time      : 217.2
