****************** GA TEST *******************

total test#:			 5
hexa min width:			 3
hexa max width:			 6
hexa count:			 30
number count:			 80
population size:		 130
generation size:		 50

tournament winner p:		 1
do xover p:			 1
xover:				 2points
do mutation1 p:			 0.1
mutation1 p:			 0.05
do optimize p:			 1
local optimize count:		 10000
do deep better optimize p:	 1
do deep worse optimize p:	 0.01
do spin p:			 0
spin count:			 1000
do spin apply p:		 1
do mutation2 p:			 0.12
mutation2 p:			 0.08
force mutation2:		 0
replace bad p:			 0.195

converge rate p:		 0.99
converge count:			 1

**********************************************


===================[TEST 1]===================

##### START ##### Wed May 21 17:30:22 2003



##### CONVERGE ##### Wed May 21 17:34:23 2003

Elapsed time: 241 seconds
Total loop: 150 generations

Result : 245.667

52 42 16 36 31 75 63 23 55 4 3 62 77 50 64 17 72 47 59 54 22 37 53 2 21 68 12 49 34 5 35 11 71 7 61 46 79 10 30 48 32 80 25 58 69 73 26 65 6 67 24 27 8 41 44 29 51 20 19 45 43 66 33 56 13 40 74 28 60 9 76 18 15 57 14 39 38 78 70 1 

 52 42 16 36 31 75	 => 252
 63 75 31 23 55 4	 => 251
 3 4 55 62 77 50	 => 251
 16 64 17 72 47 36	 => 252
 31 36 47 59 54 23	 => 250
 55 23 54 22 37 62	 => 253
 77 62 37 53 2 21	 => 252
 17 68 12 49 34 72	 => 252
 47 72 34 5 35 59	 => 252
 54 59 35 11 71 22	 => 252
 37 22 71 7 61 53	 => 251
 2 53 61 46 79 10	 => 251
 12 30 48 32 80 49	 => 251
 34 49 80 25 58 5	 => 251
 35 5 58 69 73 11	 => 251
 71 11 73 26 65 7	 => 253
 61 7 65 6 67 46	 => 252
 79 46 67 24 27 8	 => 251
 80 32 41 44 29 25	 => 251
 58 25 29 51 20 69	 => 252
 73 69 20 19 45 26	 => 252
 65 26 45 43 66 6	 => 251
 67 6 66 33 56 24	 => 252
 29 44 13 40 74 51	 => 251
 20 51 74 28 60 19	 => 252
 45 19 60 9 76 43	 => 252
 66 43 76 18 15 33	 => 251
 74 40 57 14 39 28	 => 252
 60 28 39 38 78 9	 => 252
 76 9 78 70 1 18	 => 252


===================[TEST 2]===================

##### START ##### Wed May 21 17:34:23 2003



##### CONVERGE ##### Wed May 21 17:38:54 2003

Elapsed time: 271 seconds
Total loop: 165 generations

Result : 247.673

17 30 74 7 80 45 12 6 72 36 11 53 2 77 8 44 61 58 37 64 18 39 68 48 42 69 65 4 9 56 31 47 54 24 49 10 57 20 15 43 51 73 70 40 46 32 67 28 78 63 13 76 33 14 3 41 5 50 23 34 19 26 71 1 75 66 62 52 59 38 79 35 22 25 21 27 60 16 29 55 

 17 30 74 7 80 45	 => 253
 12 45 80 6 72 36	 => 251
 11 36 72 53 2 77	 => 251
 74 8 44 61 58 7	 => 252
 80 7 58 37 64 6	 => 252
 72 6 64 18 39 53	 => 252
 2 53 39 68 48 42	 => 252
 44 69 65 4 9 61	 => 252
 58 61 9 56 31 37	 => 252
 64 37 31 47 54 18	 => 251
 39 18 54 24 49 68	 => 252
 48 68 49 10 57 20	 => 252
 65 15 43 51 73 4	 => 251
 9 4 73 70 40 56	 => 252
 31 56 40 46 32 47	 => 252
 54 47 32 67 28 24	 => 252
 49 24 28 78 63 10	 => 252
 57 10 63 13 76 33	 => 252
 73 51 14 3 41 70	 => 252
 40 70 41 5 50 46	 => 252
 32 46 50 23 34 67	 => 252
 28 67 34 19 26 78	 => 252
 63 78 26 71 1 13	 => 252
 41 3 75 66 62 5	 => 252
 50 5 62 52 59 23	 => 251
 34 23 59 38 79 19	 => 252
 26 19 79 35 22 71	 => 252
 62 66 25 21 27 52	 => 253
 59 52 27 60 16 38	 => 252
 79 38 16 29 55 35	 => 252


===================[TEST 3]===================

##### START ##### Wed May 21 17:38:54 2003



##### CONVERGE ##### Wed May 21 17:43:56 2003

Elapsed time: 302 seconds
Total loop: 186 generations

Result : 257.842

15 56 57 60 51 23 10 63 78 38 2 58 76 11 40 8 44 54 19 16 26 22 80 7 20 34 37 68 72 4 70 61 71 33 32 66 64 14 21 27 45 65 13 41 50 36 3 59 43 29 67 25 12 39 28 74 35 49 73 52 31 75 48 1 17 62 46 42 18 79 9 47 53 6 77 30 24 69 5 55 

 15 56 57 60 51 23	 => 262
 10 23 51 63 78 38	 => 263
 2 38 78 58 76 11	 => 263
 57 40 8 44 54 60	 => 263
 51 60 54 19 16 63	 => 263
 78 63 16 26 22 58	 => 263
 76 58 22 80 7 20	 => 263
 8 34 37 68 72 44	 => 263
 54 44 72 4 70 19	 => 263
 16 19 70 61 71 26	 => 263
 22 26 71 33 32 80	 => 264
 7 80 32 66 64 14	 => 263
 37 21 27 45 65 68	 => 263
 72 68 65 13 41 4	 => 263
 70 4 41 50 36 61	 => 262
 71 61 36 3 59 33	 => 263
 32 33 59 43 29 66	 => 262
 64 66 29 67 25 12	 => 263
 65 45 39 28 74 13	 => 264
 41 13 74 35 49 50	 => 262
 36 50 49 73 52 3	 => 263
 59 3 52 31 75 43	 => 263
 29 43 75 48 1 67	 => 263
 74 28 17 62 46 35	 => 262
 49 35 46 42 18 73	 => 263
 52 73 18 79 9 31	 => 262
 75 31 9 47 53 48	 => 263
 46 62 6 77 30 42	 => 263
 18 42 30 24 69 79	 => 262
 9 79 69 5 55 47	 => 264


===================[TEST 4]===================

##### START ##### Wed May 21 17:43:56 2003



##### CONVERGE ##### Wed May 21 17:47:50 2003

Elapsed time: 234 seconds
Total loop: 144 generations

Result : 247.874

18 20 63 11 73 69 23 32 16 41 30 44 53 70 1 74 79 26 54 57 66 38 17 52 50 24 7 55 15 71 9 35 34 27 72 19 46 48 61 31 77 22 56 36 37 65 67 25 43 68 13 64 45 4 33 62 51 12 14 59 10 49 76 5 2 28 78 40 58 39 75 3 42 21 6 80 8 29 60 47 

 18 20 63 11 73 69	 => 254
 23 69 73 32 16 41	 => 254
 30 41 16 44 53 70	 => 254
 63 1 74 79 26 11	 => 254
 73 11 26 54 57 32	 => 253
 16 32 57 66 38 44	 => 253
 53 44 38 17 52 50	 => 254
 74 24 7 55 15 79	 => 254
 26 79 15 71 9 54	 => 254
 57 54 9 35 34 66	 => 255
 38 66 34 27 72 17	 => 254
 52 17 72 19 46 48	 => 254
 7 61 31 77 22 55	 => 253
 15 55 22 56 36 71	 => 255
 9 71 36 37 65 35	 => 253
 34 35 65 67 25 27	 => 253
 72 27 25 43 68 19	 => 254
 46 19 68 13 64 45	 => 255
 22 77 4 33 62 56	 => 254
 36 56 62 51 12 37	 => 254
 65 37 12 14 59 67	 => 254
 25 67 59 10 49 43	 => 253
 68 43 49 76 5 13	 => 254
 62 33 2 28 78 51	 => 254
 12 51 78 40 58 14	 => 253
 59 14 58 39 75 10	 => 255
 49 10 75 3 42 76	 => 255
 78 28 21 6 80 40	 => 253
 58 40 80 8 29 39	 => 254
 75 39 29 60 47 3	 => 253


===================[TEST 5]===================

##### START ##### Wed May 21 17:47:50 2003



##### CONVERGE ##### Wed May 21 17:51:43 2003

Elapsed time: 233 seconds
Total loop: 162 generations

Result : 242.758

36 41 44 67 5 55 34 70 33 50 13 72 23 57 29 58 11 39 38 30 40 4 78 54 17 15 64 48 52 47 62 9 69 26 31 24 2 60 6 76 28 25 68 7 73 49 21 74 14 79 63 3 77 37 19 71 10 20 43 42 32 66 8 18 61 22 65 59 51 46 35 27 80 56 45 1 16 75 12 53 

 36 41 44 67 5 55	 => 248
 34 55 5 70 33 50	 => 247
 13 50 33 72 23 57	 => 248
 44 29 58 11 39 67	 => 248
 5 67 39 38 30 70	 => 249
 33 70 30 40 4 72	 => 249
 23 72 4 78 54 17	 => 248
 58 15 64 48 52 11	 => 248
 39 11 52 47 62 38	 => 249
 30 38 62 9 69 40	 => 248
 4 40 69 26 31 78	 => 248
 54 78 31 24 2 60	 => 249
 64 6 76 28 25 48	 => 247
 52 48 25 68 7 47	 => 247
 62 47 7 73 49 9	 => 247
 69 9 49 21 74 26	 => 248
 31 26 74 14 79 24	 => 248
 2 24 79 63 3 77	 => 248
 25 28 37 19 71 68	 => 248
 7 68 71 10 20 73	 => 249
 49 73 20 43 42 21	 => 248
 74 21 42 32 66 14	 => 249
 79 14 66 8 18 63	 => 248
 71 19 61 22 65 10	 => 248
 20 10 65 59 51 43	 => 248
 42 43 51 46 35 32	 => 249
 66 32 35 27 80 8	 => 248
 65 22 56 45 1 59	 => 248
 51 59 1 16 75 46	 => 248
 35 46 75 12 53 27	 => 248



test#	fitness		sum		time
---------------------------------------------------
1	245.667				241
2	247.673				271
3	257.842				302
4	247.874				234
5	242.758				233


---------------------------------------------------
Best fitness      : 257.842 ( test# 3)
Shortest time     : 233 ( test# 5)

Average fitness   : 248.363
Average time      : 256.2
