****************** GA TEST *******************

total test#:			 5
hexa min width:			 3
hexa max width:			 6
hexa count:			 30
number count:			 80
population size:		 130
generation size:		 50

tournament winner p:		 1
do xover p:			 1
xover:				 2points
do mutation1 p:			 0.1
mutation1 p:			 0.05
do optimize p:			 1
local optimize count:		 10000
do deep better optimize p:	 1
do deep worse optimize p:	 0
do spin p:			 0
spin count:			 1000
do spin apply p:		 1
do mutation2 p:			 0.12
mutation2 p:			 0.08
force mutation2:		 0
replace bad p:			 0.195

converge rate p:		 0.99
converge count:			 1

**********************************************


===================[TEST 1]===================

##### START ##### Wed May 21 17:51:46 2003



##### CONVERGE ##### Wed May 21 17:55:39 2003

Elapsed time: 233 seconds
Total loop: 161 generations

Result : 274.093

11 10 63 78 45 70 8 20 60 74 9 76 32 26 3 34 66 33 43 58 13 51 75 41 2 12 37 59 69 17 49 50 64 28 46 71 40 4 22 38 67 55 23 54 72 35 61 39 14 79 48 15 24 21 44 68 29 31 42 36 47 80 30 27 7 52 77 73 25 65 62 57 1 6 16 53 5 56 19 18 

 11 10 63 78 45 70	 => 277
 8 70 45 20 60 74	 => 277
 9 74 60 76 32 26	 => 277
 63 3 34 66 33 78	 => 277
 45 78 33 43 58 20	 => 277
 60 20 58 13 51 76	 => 278
 32 76 51 75 41 2	 => 277
 34 12 37 59 69 66	 => 277
 33 66 69 17 49 43	 => 277
 58 43 49 50 64 13	 => 277
 51 13 64 28 46 75	 => 277
 41 75 46 71 40 4	 => 277
 37 22 38 67 55 59	 => 278
 69 59 55 23 54 17	 => 277
 49 17 54 72 35 50	 => 277
 64 50 35 61 39 28	 => 277
 46 28 39 14 79 71	 => 277
 40 71 79 48 15 24	 => 277
 55 67 21 44 68 23	 => 278
 54 23 68 29 31 72	 => 277
 35 72 31 42 36 61	 => 277
 39 61 36 47 80 14	 => 277
 79 14 80 30 27 48	 => 278
 68 44 7 52 77 29	 => 277
 31 29 77 73 25 42	 => 277
 36 42 25 65 62 47	 => 277
 80 47 62 57 1 30	 => 277
 77 52 6 16 53 73	 => 277
 25 73 53 5 56 65	 => 277
 62 65 56 19 18 57	 => 277


===================[TEST 2]===================

##### START ##### Wed May 21 17:55:39 2003



##### CONVERGE ##### Wed May 21 17:59:57 2003

Elapsed time: 258 seconds
Total loop: 178 generations

Result : 272.833

11 15 35 76 77 62 4 2 52 80 19 75 33 18 5 57 67 36 55 30 66 51 79 22 16 3 34 56 59 21 38 44 43 17 20 74 73 8 26 27 70 63 24 53 49 71 61 40 60 65 47 6 12 14 37 68 54 28 25 42 23 50 48 7 13 32 72 58 39 69 78 46 31 41 9 64 1 45 29 10 

 11 15 35 76 77 62	 => 276
 4 62 77 2 52 80	 => 277
 19 80 52 75 33 18	 => 277
 35 5 57 67 36 76	 => 276
 77 76 36 55 30 2	 => 276
 52 2 30 66 51 75	 => 276
 33 75 51 79 22 16	 => 276
 57 3 34 56 59 67	 => 276
 36 67 59 21 38 55	 => 276
 30 55 38 44 43 66	 => 276
 51 66 43 17 20 79	 => 276
 22 79 20 74 73 8	 => 276
 34 26 27 70 63 56	 => 276
 59 56 63 24 53 21	 => 276
 38 21 53 49 71 44	 => 276
 43 44 71 61 40 17	 => 276
 20 17 40 60 65 74	 => 276
 73 74 65 47 6 12	 => 277
 63 70 14 37 68 24	 => 276
 53 24 68 54 28 49	 => 276
 71 49 28 25 42 61	 => 276
 40 61 42 23 50 60	 => 276
 65 60 50 48 7 47	 => 277
 68 37 13 32 72 54	 => 276
 28 54 72 58 39 25	 => 276
 42 25 39 69 78 23	 => 276
 50 23 78 46 31 48	 => 276
 72 32 41 9 64 58	 => 276
 39 58 64 1 45 69	 => 276
 78 69 45 29 10 46	 => 277


===================[TEST 3]===================

##### START ##### Wed May 21 17:59:57 2003



##### CONVERGE ##### Wed May 21 18:03:38 2003

Elapsed time: 221 seconds
Total loop: 153 generations

Result : 273.417

3 10 69 74 64 56 5 25 78 48 8 66 63 13 7 22 55 49 43 21 33 53 59 31 4 45 27 77 50 12 67 52 60 30 42 61 72 11 2 38 70 62 46 29 40 76 41 17 58 68 32 19 24 9 35 54 79 28 26 65 20 75 37 6 1 51 57 73 14 80 71 39 34 15 36 44 18 47 23 16 

 3 10 69 74 64 56	 => 276
 5 56 64 25 78 48	 => 276
 8 48 78 66 63 13	 => 276
 69 7 22 55 49 74	 => 276
 64 74 49 43 21 25	 => 276
 78 25 21 33 53 66	 => 276
 63 66 53 59 31 4	 => 276
 22 45 27 77 50 55	 => 276
 49 55 50 12 67 43	 => 276
 21 43 67 52 60 33	 => 276
 53 33 60 30 42 59	 => 277
 31 59 42 61 72 11	 => 276
 27 2 38 70 62 77	 => 276
 50 77 62 46 29 12	 => 276
 67 12 29 40 76 52	 => 276
 60 52 76 41 17 30	 => 276
 42 30 17 58 68 61	 => 276
 72 61 68 32 19 24	 => 276
 62 70 9 35 54 46	 => 276
 29 46 54 79 28 40	 => 276
 76 40 28 26 65 41	 => 276
 17 41 65 20 75 58	 => 276
 68 58 75 37 6 32	 => 276
 54 35 1 51 57 79	 => 277
 28 79 57 73 14 26	 => 277
 65 26 14 80 71 20	 => 276
 75 20 71 39 34 37	 => 276
 57 51 15 36 44 73	 => 276
 14 73 44 18 47 80	 => 276
 71 80 47 23 16 39	 => 276


===================[TEST 4]===================

##### START ##### Wed May 21 18:03:38 2003



##### CONVERGE ##### Wed May 21 18:06:15 2003

Elapsed time: 157 seconds
Total loop: 108 generations

Result : 272.984

20 12 62 74 56 53 10 22 69 67 16 80 39 6 1 48 35 57 47 21 23 61 49 45 2 5 78 77 33 30 75 34 76 42 26 71 73 13 32 4 50 36 63 38 41 59 52 14 64 60 40 15 17 18 66 44 37 54 25 46 29 72 31 9 7 55 68 65 28 70 79 58 8 27 11 51 19 43 3 24 

 20 12 62 74 56 53	 => 277
 10 53 56 22 69 67	 => 277
 16 67 69 80 39 6	 => 277
 62 1 48 35 57 74	 => 277
 56 74 57 47 21 22	 => 277
 69 22 21 23 61 80	 => 276
 39 80 61 49 45 2	 => 276
 48 5 78 77 33 35	 => 276
 57 35 33 30 75 47	 => 277
 21 47 75 34 76 23	 => 276
 61 23 76 42 26 49	 => 277
 45 49 26 71 73 13	 => 277
 78 32 4 50 36 77	 => 277
 33 77 36 63 38 30	 => 277
 75 30 38 41 59 34	 => 277
 76 34 59 52 14 42	 => 277
 26 42 14 64 60 71	 => 277
 73 71 60 40 15 17	 => 276
 36 50 18 66 44 63	 => 277
 38 63 44 37 54 41	 => 277
 59 41 54 25 46 52	 => 277
 14 52 46 29 72 64	 => 277
 60 64 72 31 9 40	 => 276
 44 66 7 55 68 37	 => 277
 54 37 68 65 28 25	 => 277
 46 25 28 70 79 29	 => 277
 72 29 79 58 8 31	 => 277
 68 55 27 11 51 65	 => 277
 28 65 51 19 43 70	 => 276
 79 70 43 3 24 58	 => 277


===================[TEST 5]===================

##### START ##### Wed May 21 18:06:15 2003



##### CONVERGE ##### Wed May 21 18:09:17 2003

Elapsed time: 182 seconds
Total loop: 126 generations

Result : 272.45

8 17 29 65 79 78 5 12 68 34 22 71 74 7 15 57 50 60 37 23 69 33 49 39 10 6 75 48 40 28 62 47 38 35 52 64 61 11 21 1 58 73 44 43 54 42 70 45 26 55 76 16 4 3 31 67 27 41 24 46 30 59 36 25 9 66 77 56 51 72 53 80 18 13 2 63 14 20 32 19 

 8 17 29 65 79 78	 => 276
 5 78 79 12 68 34	 => 276
 22 34 68 71 74 7	 => 276
 29 15 57 50 60 65	 => 276
 79 65 60 37 23 12	 => 276
 68 12 23 69 33 71	 => 276
 74 71 33 49 39 10	 => 276
 57 6 75 48 40 50	 => 276
 60 50 40 28 62 37	 => 277
 23 37 62 47 38 69	 => 276
 33 69 38 35 52 49	 => 276
 39 49 52 64 61 11	 => 276
 75 21 1 58 73 48	 => 276
 40 48 73 44 43 28	 => 276
 62 28 43 54 42 47	 => 276
 38 47 42 70 45 35	 => 277
 52 35 45 26 55 64	 => 277
 61 64 55 76 16 4	 => 276
 73 58 3 31 67 44	 => 276
 43 44 67 27 41 54	 => 276
 42 54 41 24 46 70	 => 277
 45 70 46 30 59 26	 => 276
 55 26 59 36 25 76	 => 277
 67 31 9 66 77 27	 => 277
 41 27 77 56 51 24	 => 276
 46 24 51 72 53 30	 => 276
 59 30 53 80 18 36	 => 276
 77 66 13 2 63 56	 => 277
 51 56 63 14 20 72	 => 276
 53 72 20 32 19 80	 => 276



test#	fitness		sum		time
---------------------------------------------------
1	274.093				233
2	272.833				258
3	273.417				221
4	272.984				157
5	272.45				182


---------------------------------------------------
Best fitness      : 274.093 ( test# 1)
Shortest time     : 157 ( test# 4)

Average fitness   : 273.155
Average time      : 210.2
