****************** GA TEST *******************

total test#:			 5
hexa min width:			 3
hexa max width:			 6
hexa count:			 30
number count:			 80
population size:		 130
generation size:		 50

tournament winner p:		 1
do xover p:			 1
xover:				 2points
do mutation1 p:			 0.1
mutation1 p:			 0.05
do optimize p:			 1
local optimize count:		 10000
do deep better optimize p:	 1
do deep worse optimize p:	 0
do spin p:			 0
spin count:			 1000
do spin apply p:		 1
do mutation2 p:			 0.12
mutation2 p:			 0.08
force mutation2:		 0
replace bad p:			 0.195

converge rate p:		 0.99
converge count:			 1

**********************************************


===================[TEST 1]===================

##### START ##### Wed May 21 13:04:57 2003



##### CONVERGE ##### Wed May 21 13:09:15 2003

Elapsed time: 258 seconds
Total loop: 177 generations

Result : 272.622

29 14 71 64 61 38 16 32 79 50 13 34 76 24 1 27 69 44 40 35 33 63 73 23 7 4 49 75 52 25 46 80 42 11 54 67 56 3 12 2 68 70 36 18 47 60 57 26 41 78 45 22 8 19 17 66 48 62 30 20 58 74 10 28 31 59 55 39 43 72 53 77 5 21 37 65 6 51 15 9 

 29 14 71 64 61 38	 => 277
 16 38 61 32 79 50	 => 276
 13 50 79 34 76 24	 => 276
 71 1 27 69 44 64	 => 276
 61 64 44 40 35 32	 => 276
 79 32 35 33 63 34	 => 276
 76 34 63 73 23 7	 => 276
 27 4 49 75 52 69	 => 276
 44 69 52 25 46 40	 => 276
 35 40 46 80 42 33	 => 276
 63 33 42 11 54 73	 => 276
 23 73 54 67 56 3	 => 276
 49 12 2 68 70 75	 => 276
 52 75 70 36 18 25	 => 276
 46 25 18 47 60 80	 => 276
 42 80 60 57 26 11	 => 276
 54 11 26 41 78 67	 => 277
 56 67 78 45 22 8	 => 276
 70 68 19 17 66 36	 => 276
 18 36 66 48 62 47	 => 277
 60 47 62 30 20 57	 => 276
 26 57 20 58 74 41	 => 276
 78 41 74 10 28 45	 => 276
 66 17 31 59 55 48	 => 276
 62 48 55 39 43 30	 => 277
 20 30 43 72 53 58	 => 276
 74 58 53 77 5 10	 => 277
 55 59 21 37 65 39	 => 276
 43 39 65 6 51 72	 => 276
 53 72 51 15 9 77	 => 277


===================[TEST 2]===================

##### START ##### Wed May 21 13:09:15 2003



##### CONVERGE ##### Wed May 21 13:12:54 2003

Elapsed time: 219 seconds
Total loop: 152 generations

Result : 273.221

33 5 57 74 52 55 21 18 59 71 4 47 68 27 14 8 60 63 23 46 61 45 78 32 6 2 64 65 77 24 29 75 42 16 34 79 31 22 13 11 73 50 48 12 67 69 35 39 37 72 49 20 25 7 44 54 56 38 26 41 58 66 51 1 9 43 70 76 10 80 62 36 3 19 28 40 17 53 30 15 

 33 5 57 74 52 55	 => 276
 21 55 52 18 59 71	 => 276
 4 71 59 47 68 27	 => 276
 57 14 8 60 63 74	 => 276
 52 74 63 23 46 18	 => 276
 59 18 46 61 45 47	 => 276
 68 47 45 78 32 6	 => 276
 8 2 64 65 77 60	 => 276
 63 60 77 24 29 23	 => 276
 46 23 29 75 42 61	 => 276
 45 61 42 16 34 78	 => 276
 32 78 34 79 31 22	 => 276
 64 13 11 73 50 65	 => 276
 77 65 50 48 12 24	 => 276
 29 24 12 67 69 75	 => 276
 42 75 69 35 39 16	 => 276
 34 16 39 37 72 79	 => 277
 31 79 72 49 20 25	 => 276
 50 73 7 44 54 48	 => 276
 12 48 54 56 38 67	 => 275
 69 67 38 26 41 35	 => 276
 39 35 41 58 66 37	 => 276
 72 37 66 51 1 49	 => 276
 54 44 9 43 70 56	 => 276
 38 56 70 76 10 26	 => 276
 41 26 10 80 62 58	 => 277
 66 58 62 36 3 51	 => 276
 70 43 19 28 40 76	 => 276
 10 76 40 17 53 80	 => 276
 62 80 53 30 15 36	 => 276


===================[TEST 3]===================

##### START ##### Wed May 21 13:12:54 2003



##### CONVERGE ##### Wed May 21 13:16:35 2003

Elapsed time: 221 seconds
Total loop: 152 generations

Result : 272.723

11 5 54 76 58 72 13 49 55 30 14 65 80 33 6 36 77 28 44 22 67 19 75 31 7 1 59 70 34 40 53 42 50 25 41 64 48 18 10 2 71 66 43 24 45 74 62 23 46 78 47 3 37 9 15 73 60 32 38 26 51 69 20 17 4 68 57 63 27 79 56 52 29 39 16 35 12 61 8 21 

 11 5 54 76 58 72	 => 276
 13 72 58 49 55 30	 => 277
 14 30 55 65 80 33	 => 277
 54 6 36 77 28 76	 => 277
 58 76 28 44 22 49	 => 277
 55 49 22 67 19 65	 => 277
 80 65 19 75 31 7	 => 277
 36 1 59 70 34 77	 => 277
 28 77 34 40 53 44	 => 276
 22 44 53 42 50 67	 => 278
 19 67 50 25 41 75	 => 277
 31 75 41 64 48 18	 => 277
 59 10 2 71 66 70	 => 278
 34 70 66 43 24 40	 => 277
 53 40 24 45 74 42	 => 278
 50 42 74 62 23 25	 => 276
 41 25 23 46 78 64	 => 277
 48 64 78 47 3 37	 => 277
 66 71 9 15 73 43	 => 277
 24 43 73 60 32 45	 => 277
 74 45 32 38 26 62	 => 277
 23 62 26 51 69 46	 => 277
 78 46 69 20 17 47	 => 277
 73 15 4 68 57 60	 => 277
 32 60 57 63 27 38	 => 277
 26 38 27 79 56 51	 => 277
 69 51 56 52 29 20	 => 277
 57 68 39 16 35 63	 => 278
 27 63 35 12 61 79	 => 277
 56 79 61 8 21 52	 => 277


===================[TEST 4]===================

##### START ##### Wed May 21 13:16:35 2003



##### CONVERGE ##### Wed May 21 13:19:18 2003

Elapsed time: 163 seconds
Total loop: 113 generations

Result : 272.856

13 18 61 46 79 59 6 21 80 32 5 77 75 7 14 52 64 39 63 28 47 23 74 15 12 24 60 50 26 30 54 35 49 27 56 67 62 2 9 51 36 70 45 55 33 69 76 19 42 65 68 10 4 16 37 72 34 38 43 17 44 78 22 1 20 40 73 41 48 53 71 58 3 31 25 66 11 57 8 29 

 13 18 61 46 79 59	 => 276
 6 59 79 21 80 32	 => 277
 5 32 80 77 75 7	 => 276
 61 14 52 64 39 46	 => 276
 79 46 39 63 28 21	 => 276
 80 21 28 47 23 77	 => 276
 75 77 23 74 15 12	 => 276
 52 24 60 50 26 64	 => 276
 39 64 26 30 54 63	 => 276
 28 63 54 35 49 47	 => 276
 23 47 49 27 56 74	 => 276
 15 74 56 67 62 2	 => 276
 60 9 51 36 70 50	 => 276
 26 50 70 45 55 30	 => 276
 54 30 55 33 69 35	 => 276
 49 35 69 76 19 27	 => 275
 56 27 19 42 65 67	 => 276
 62 67 65 68 10 4	 => 276
 70 36 16 37 72 45	 => 276
 55 45 72 34 38 33	 => 277
 69 33 38 43 17 76	 => 276
 19 76 17 44 78 42	 => 276
 65 42 78 22 1 68	 => 276
 72 37 20 40 73 34	 => 276
 38 34 73 41 48 43	 => 277
 17 43 48 53 71 44	 => 276
 78 44 71 58 3 22	 => 276
 73 40 31 25 66 41	 => 276
 48 41 66 11 57 53	 => 276
 71 53 57 8 29 58	 => 276


===================[TEST 5]===================

##### START ##### Wed May 21 13:19:19 2003



##### CONVERGE ##### Wed May 21 13:22:04 2003

Elapsed time: 165 seconds
Total loop: 114 generations

Result : 271.5

17 8 53 78 50 69 3 54 56 43 7 67 72 30 4 26 75 39 23 31 61 6 80 41 9 18 63 77 16 66 55 47 57 49 21 76 45 12 11 20 36 68 46 2 71 34 51 37 19 73 52 5 24 32 28 64 48 44 13 62 27 79 42 10 1 60 74 58 38 65 70 22 35 14 29 40 15 59 33 25 

 17 8 53 78 50 69	 => 275
 3 69 50 54 56 43	 => 275
 7 43 56 67 72 30	 => 275
 53 4 26 75 39 78	 => 275
 50 78 39 23 31 54	 => 275
 56 54 31 61 6 67	 => 275
 72 67 6 80 41 9	 => 275
 26 18 63 77 16 75	 => 275
 39 75 16 66 55 23	 => 274
 31 23 55 47 57 61	 => 274
 6 61 57 49 21 80	 => 274
 41 80 21 76 45 12	 => 275
 63 11 20 36 68 77	 => 275
 16 77 68 46 2 66	 => 275
 55 66 2 71 34 47	 => 275
 57 47 34 51 37 49	 => 275
 21 49 37 19 73 76	 => 275
 45 76 73 52 5 24	 => 275
 68 36 32 28 64 46	 => 274
 2 46 64 48 44 71	 => 275
 34 71 44 13 62 51	 => 275
 37 51 62 27 79 19	 => 275
 73 19 79 42 10 52	 => 275
 64 28 1 60 74 48	 => 275
 44 48 74 58 38 13	 => 275
 62 13 38 65 70 27	 => 275
 79 27 70 22 35 42	 => 275
 74 60 14 29 40 58	 => 275
 38 58 40 15 59 65	 => 275
 70 65 59 33 25 22	 => 274



test#	fitness		sum		time
---------------------------------------------------
1	272.622				258
2	273.221				219
3	272.723				221
4	272.856				163
5	271.5				165


---------------------------------------------------
Best fitness      : 273.221 ( test# 2)
Shortest time     : 163 ( test# 4)

Average fitness   : 272.584
Average time      : 205.2
