****************** GA TEST *******************

total test#:			 5
hexa min width:			 3
hexa max width:			 6
hexa count:			 30
number count:			 80
population size:		 130
generation size:		 50

tournament winner p:		 1
do xover p:			 1
xover:				 2points
do mutation1 p:			 0.1
mutation1 p:			 0.05
do optimize p:			 1
local optimize count:		 10000
do deep better optimize p:	 1
do deep worse optimize p:	 0
do spin p:			 0
spin count:			 1000
do spin apply p:		 1
do mutation2 p:			 0.12
mutation2 p:			 0.08
force mutation2:		 0
replace bad p:			 0.195

converge rate p:		 0.99
converge count:			 1

**********************************************


===================[TEST 1]===================

##### START ##### Wed May 21 18:09:21 2003



##### CONVERGE ##### Wed May 21 18:12:07 2003

Elapsed time: 166 seconds
Total loop: 114 generations

Result : 272.601

17 10 80 49 78 42 11 21 64 61 18 76 34 24 2 26 66 53 48 28 31 56 63 35 13 3 70 75 37 8 65 62 43 39 45 55 73 5 30 7 50 44 77 36 60 46 74 12 57 69 40 19 20 1 51 54 23 27 29 41 22 71 33 6 25 52 72 67 59 68 58 79 14 38 15 32 4 47 9 16 

 17 10 80 49 78 42	 => 276
 11 42 78 21 64 61	 => 277
 18 61 64 76 34 24	 => 277
 80 2 26 66 53 49	 => 276
 78 49 53 48 28 21	 => 277
 64 21 28 31 56 76	 => 276
 34 76 56 63 35 13	 => 277
 26 3 70 75 37 66	 => 277
 53 66 37 8 65 48	 => 277
 28 48 65 62 43 31	 => 277
 56 31 43 39 45 63	 => 277
 35 63 45 55 73 5	 => 276
 70 30 7 50 44 75	 => 276
 37 75 44 77 36 8	 => 277
 65 8 36 60 46 62	 => 277
 43 62 46 74 12 39	 => 276
 45 39 12 57 69 55	 => 277
 73 55 69 40 19 20	 => 276
 44 50 1 51 54 77	 => 277
 36 77 54 23 27 60	 => 277
 46 60 27 29 41 74	 => 277
 12 74 41 22 71 57	 => 277
 69 57 71 33 6 40	 => 276
 54 51 25 52 72 23	 => 277
 27 23 72 67 59 29	 => 277
 41 29 59 68 58 22	 => 277
 71 22 58 79 14 33	 => 277
 72 52 38 15 32 67	 => 276
 59 67 32 4 47 68	 => 277
 58 68 47 9 16 79	 => 277


===================[TEST 2]===================

##### START ##### Wed May 21 18:12:07 2003



##### CONVERGE ##### Wed May 21 18:15:15 2003

Elapsed time: 188 seconds
Total loop: 130 generations

Result : 271.36

1 3 68 80 73 50 10 36 78 28 16 56 74 23 2 24 54 47 12 27 35 42 52 44 7 8 76 60 53 32 77 45 79 37 30 61 69 19 4 6 57 71 21 38 40 43 51 20 63 64 41 31 9 5 46 75 29 72 55 13 62 66 26 15 25 65 34 67 18 70 58 49 14 33 17 59 22 39 48 11 

 1 3 68 80 73 50	 => 275
 10 50 73 36 78 28	 => 275
 16 28 78 56 74 23	 => 275
 68 2 24 54 47 80	 => 275
 73 80 47 12 27 36	 => 275
 78 36 27 35 42 56	 => 274
 74 56 42 52 44 7	 => 275
 24 8 76 60 53 54	 => 275
 47 54 53 32 77 12	 => 275
 27 12 77 45 79 35	 => 275
 42 35 79 37 30 52	 => 275
 44 52 30 61 69 19	 => 275
 76 4 6 57 71 60	 => 274
 53 60 71 21 38 32	 => 275
 77 32 38 40 43 45	 => 275
 79 45 43 51 20 37	 => 275
 30 37 20 63 64 61	 => 275
 69 61 64 41 31 9	 => 275
 71 57 5 46 75 21	 => 275
 38 21 75 29 72 40	 => 275
 43 40 72 55 13 51	 => 274
 20 51 13 62 66 63	 => 275
 64 63 66 26 15 41	 => 275
 75 46 25 65 34 29	 => 274
 72 29 34 67 18 55	 => 275
 13 55 18 70 58 62	 => 276
 66 62 58 49 14 26	 => 275
 34 65 33 17 59 67	 => 275
 18 67 59 22 39 70	 => 275
 58 70 39 48 11 49	 => 275


===================[TEST 3]===================

##### START ##### Wed May 21 18:15:15 2003



##### CONVERGE ##### Wed May 21 18:17:30 2003

Elapsed time: 135 seconds
Total loop: 93 generations

Result : 269.45

2 29 43 63 64 72 3 5 77 52 14 58 68 4 18 11 71 67 19 56 39 38 70 33 6 7 59 80 45 28 44 75 40 51 35 62 65 8 13 1 48 73 26 22 49 55 37 15 31 79 34 10 23 27 30 69 42 66 12 54 76 60 53 16 21 61 50 78 25 74 32 17 36 24 20 41 9 46 47 57 

 2 29 43 63 64 72	 => 273
 3 72 64 5 77 52	 => 273
 14 52 77 58 68 4	 => 273
 43 18 11 71 67 63	 => 273
 64 63 67 19 56 5	 => 274
 77 5 56 39 38 58	 => 273
 68 58 38 70 33 6	 => 273
 11 7 59 80 45 71	 => 273
 67 71 45 28 44 19	 => 274
 56 19 44 75 40 39	 => 273
 38 39 40 51 35 70	 => 273
 33 70 35 62 65 8	 => 273
 59 13 1 48 73 80	 => 274
 45 80 73 26 22 28	 => 274
 44 28 22 49 55 75	 => 273
 40 75 55 37 15 51	 => 273
 35 51 15 31 79 62	 => 273
 65 62 79 34 10 23	 => 273
 73 48 27 30 69 26	 => 273
 22 26 69 42 66 49	 => 274
 55 49 66 12 54 37	 => 273
 15 37 54 76 60 31	 => 273
 79 31 60 53 16 34	 => 273
 69 30 21 61 50 42	 => 273
 66 42 50 78 25 12	 => 273
 54 12 25 74 32 76	 => 273
 60 76 32 17 36 53	 => 274
 50 61 24 20 41 78	 => 274
 25 78 41 9 46 74	 => 273
 32 74 46 47 57 17	 => 273


===================[TEST 4]===================

##### START ##### Wed May 21 18:17:30 2003



##### CONVERGE ##### Wed May 21 18:20:14 2003

Elapsed time: 164 seconds
Total loop: 113 generations

Result : 271.833

8 22 41 72 76 56 19 5 73 46 2 74 71 9 15 28 80 39 36 47 26 50 75 4 1 23 48 64 32 27 62 45 60 11 53 70 55 18 43 25 29 66 34 52 54 35 67 57 7 77 61 10 3 20 58 68 30 37 31 51 44 49 69 12 16 24 79 78 21 63 65 42 6 17 38 40 14 59 13 33 

 8 22 41 72 76 56	 => 275
 19 56 76 5 73 46	 => 275
 2 46 73 74 71 9	 => 275
 41 15 28 80 39 72	 => 275
 76 72 39 36 47 5	 => 275
 73 5 47 26 50 74	 => 275
 71 74 50 75 4 1	 => 275
 28 23 48 64 32 80	 => 275
 39 80 32 27 62 36	 => 276
 47 36 62 45 60 26	 => 276
 50 26 60 11 53 75	 => 275
 4 75 53 70 55 18	 => 275
 48 43 25 29 66 64	 => 275
 32 64 66 34 52 27	 => 275
 62 27 52 54 35 45	 => 275
 60 45 35 67 57 11	 => 275
 53 11 57 7 77 70	 => 275
 55 70 77 61 10 3	 => 276
 66 29 20 58 68 34	 => 275
 52 34 68 30 37 54	 => 275
 35 54 37 31 51 67	 => 275
 57 67 51 44 49 7	 => 275
 77 7 49 69 12 61	 => 275
 68 58 16 24 79 30	 => 275
 37 30 79 78 21 31	 => 276
 51 31 21 63 65 44	 => 275
 49 44 65 42 6 69	 => 275
 79 24 17 38 40 78	 => 276
 21 78 40 14 59 63	 => 275
 65 63 59 13 33 42	 => 275


===================[TEST 5]===================

##### START ##### Wed May 21 18:20:14 2003



##### CONVERGE ##### Wed May 21 18:23:45 2003

Elapsed time: 211 seconds
Total loop: 146 generations

Result : 270.984

21 55 9 77 47 65 13 34 73 43 20 56 72 11 1 78 40 70 42 5 68 38 64 41 3 17 33 76 30 22 71 37 52 29 24 74 45 27 14 28 61 63 48 36 60 49 57 50 23 75 46 4 31 12 32 59 53 19 39 51 25 69 54 8 7 44 80 66 18 79 62 58 6 16 2 67 10 35 15 26 

 21 55 9 77 47 65	 => 274
 13 65 47 34 73 43	 => 275
 20 43 73 56 72 11	 => 275
 9 1 78 40 70 77	 => 275
 47 77 70 42 5 34	 => 275
 73 34 5 68 38 56	 => 274
 72 56 38 64 41 3	 => 274
 78 17 33 76 30 40	 => 274
 70 40 30 22 71 42	 => 275
 5 42 71 37 52 68	 => 275
 38 68 52 29 24 64	 => 275
 41 64 24 74 45 27	 => 275
 33 14 28 61 63 76	 => 275
 30 76 63 48 36 22	 => 275
 71 22 36 60 49 37	 => 275
 52 37 49 57 50 29	 => 274
 24 29 50 23 75 74	 => 275
 45 74 75 46 4 31	 => 275
 63 61 12 32 59 48	 => 275
 36 48 59 53 19 60	 => 275
 49 60 19 39 51 57	 => 275
 50 57 51 25 69 23	 => 275
 75 23 69 54 8 46	 => 275
 59 32 7 44 80 53	 => 275
 19 53 80 66 18 39	 => 275
 51 39 18 79 62 25	 => 274
 69 25 62 58 6 54	 => 274
 80 44 16 2 67 66	 => 275
 18 66 67 10 35 79	 => 275
 62 79 35 15 26 58	 => 275



test#	fitness		sum		time
---------------------------------------------------
1	272.601				166
2	271.36				188
3	269.45				135
4	271.833				164
5	270.984				211


---------------------------------------------------
Best fitness      : 272.601 ( test# 1)
Shortest time     : 135 ( test# 3)

Average fitness   : 271.246
Average time      : 172.8
