****************** GA TEST *******************

total test#:			 5
hexa min width:			 3
hexa max width:			 6
hexa count:			 30
number count:			 80
population size:		 130
generation size:		 50

tournament winner p:		 1
do xover p:			 1
xover:				 2points
do mutation1 p:			 0.1
mutation1 p:			 0.05
do optimize p:			 1
local optimize count:		 10000
do deep better optimize p:	 1
do deep worse optimize p:	 0
do spin p:			 0.01
spin count:			 1000
do spin apply p:		 1
do mutation2 p:			 0.12
mutation2 p:			 0.08
force mutation2:		 0
replace bad p:			 0.195

converge rate p:		 0.99
converge count:			 1

**********************************************


===================[TEST 1]===================

##### START ##### Wed May 21 18:23:46 2003



##### CONVERGE ##### Wed May 21 18:27:12 2003

Elapsed time: 206 seconds
Total loop: 141 generations

Result : 271.833

5 13 60 70 48 79 9 51 73 15 32 72 77 7 8 41 74 22 67 17 19 43 75 6 3 16 57 62 25 28 59 61 52 20 66 69 55 4 29 11 38 78 44 39 24 64 45 33 47 40 49 35 27 14 21 80 31 58 34 50 37 63 54 23 2 65 76 46 30 68 56 53 12 36 10 42 18 71 1 26 

 5 13 60 70 48 79	 => 275
 9 79 48 51 73 15	 => 275
 32 15 73 72 77 7	 => 276
 60 8 41 74 22 70	 => 275
 48 70 22 67 17 51	 => 275
 73 51 17 19 43 72	 => 275
 77 72 43 75 6 3	 => 276
 41 16 57 62 25 74	 => 275
 22 74 25 28 59 67	 => 275
 17 67 59 61 52 19	 => 275
 43 19 52 20 66 75	 => 275
 6 75 66 69 55 4	 => 275
 57 29 11 38 78 62	 => 275
 25 62 78 44 39 28	 => 276
 59 28 39 24 64 61	 => 275
 52 61 64 45 33 20	 => 275
 66 20 33 47 40 69	 => 275
 55 69 40 49 35 27	 => 275
 78 38 14 21 80 44	 => 275
 39 44 80 31 58 24	 => 276
 64 24 58 34 50 45	 => 275
 33 45 50 37 63 47	 => 275
 40 47 63 54 23 49	 => 276
 80 21 2 65 76 31	 => 275
 58 31 76 46 30 34	 => 275
 50 34 30 68 56 37	 => 275
 63 37 56 53 12 54	 => 275
 76 65 36 10 42 46	 => 275
 30 46 42 18 71 68	 => 275
 56 68 71 1 26 53	 => 275


===================[TEST 2]===================

##### START ##### Wed May 21 18:27:12 2003



##### CONVERGE ##### Wed May 21 18:29:20 2003

Elapsed time: 128 seconds
Total loop: 88 generations

Result : 268.691

10 14 45 77 65 60 5 11 74 56 2 78 24 37 13 18 57 61 32 25 68 15 67 33 54 16 69 70 41 46 34 64 48 35 38 79 50 4 63 3 8 58 44 12 72 43 55 26 66 27 47 17 51 49 36 75 39 29 42 31 22 71 59 1 6 53 62 76 23 73 80 30 9 21 7 52 19 28 20 40 

 10 14 45 77 65 60	 => 271
 5 60 65 11 74 56	 => 271
 2 56 74 78 24 37	 => 271
 45 13 18 57 61 77	 => 271
 65 77 61 32 25 11	 => 271
 74 11 25 68 15 78	 => 271
 24 78 15 67 33 54	 => 271
 18 16 69 70 41 57	 => 271
 61 57 41 46 34 32	 => 271
 25 32 34 64 48 68	 => 271
 15 68 48 35 38 67	 => 271
 33 67 38 79 50 4	 => 271
 69 63 3 8 58 70	 => 271
 41 70 58 44 12 46	 => 271
 34 46 12 72 43 64	 => 271
 48 64 43 55 26 35	 => 271
 38 35 26 66 27 79	 => 271
 50 79 27 47 17 51	 => 271
 58 8 49 36 75 44	 => 270
 12 44 75 39 29 72	 => 271
 43 72 29 42 31 55	 => 272
 26 55 31 22 71 66	 => 271
 27 66 71 59 1 47	 => 271
 75 36 6 53 62 39	 => 271
 29 39 62 76 23 42	 => 271
 31 42 23 73 80 22	 => 271
 71 22 80 30 9 59	 => 271
 62 53 21 7 52 76	 => 271
 23 76 52 19 28 73	 => 271
 80 73 28 20 40 30	 => 271


===================[TEST 3]===================

##### START ##### Wed May 21 18:29:20 2003



##### CONVERGE ##### Wed May 21 18:33:28 2003

Elapsed time: 248 seconds
Total loop: 170 generations

Result : 274.428

2 28 57 79 49 61 12 14 78 62 35 52 38 11 17 19 74 30 75 29 23 80 72 21 13 5 64 77 37 1 59 68 22 36 43 70 46 24 3 8 55 69 58 34 60 54 56 40 39 48 66 15 31 7 42 45 32 47 33 26 44 71 27 25 9 76 73 50 41 65 67 63 4 6 20 51 16 53 18 10 

 2 28 57 79 49 61	 => 276
 12 61 49 14 78 62	 => 276
 35 62 78 52 38 11	 => 276
 57 17 19 74 30 79	 => 276
 49 79 30 75 29 14	 => 276
 78 14 29 23 80 52	 => 276
 38 52 80 72 21 13	 => 276
 19 5 64 77 37 74	 => 276
 30 74 37 1 59 75	 => 276
 29 75 59 68 22 23	 => 276
 80 23 22 36 43 72	 => 276
 21 72 43 70 46 24	 => 276
 64 3 8 55 69 77	 => 276
 37 77 69 58 34 1	 => 276
 59 1 34 60 54 68	 => 276
 22 68 54 56 40 36	 => 276
 43 36 40 39 48 70	 => 276
 46 70 48 66 15 31	 => 276
 69 55 7 42 45 58	 => 276
 34 58 45 32 47 60	 => 276
 54 60 47 33 26 56	 => 276
 40 56 26 44 71 39	 => 276
 48 39 71 27 25 66	 => 276
 45 42 9 76 73 32	 => 277
 47 32 73 50 41 33	 => 276
 26 33 41 65 67 44	 => 276
 71 44 67 63 4 27	 => 276
 73 76 6 20 51 50	 => 276
 41 50 51 16 53 65	 => 276
 67 65 53 18 10 63	 => 276


===================[TEST 4]===================

##### START ##### Wed May 21 18:33:28 2003



##### CONVERGE ##### Wed May 21 18:35:33 2003

Elapsed time: 125 seconds
Total loop: 86 generations

Result : 271.5

5 26 61 68 69 46 7 30 73 50 10 80 24 37 22 32 40 52 16 39 11 42 79 47 3 1 71 66 65 28 74 59 76 44 23 78 33 15 4 2 60 72 31 12 77 25 36 35 54 41 51 9 62 14 34 64 53 38 43 56 19 75 45 8 17 49 58 63 20 67 70 48 18 21 29 55 13 57 27 6 

 5 26 61 68 69 46	 => 275
 7 46 69 30 73 50	 => 275
 10 50 73 80 24 37	 => 274
 61 22 32 40 52 68	 => 275
 69 68 52 16 39 30	 => 274
 73 30 39 11 42 80	 => 275
 24 80 42 79 47 3	 => 275
 32 1 71 66 65 40	 => 275
 52 40 65 28 74 16	 => 275
 39 16 74 59 76 11	 => 275
 42 11 76 44 23 79	 => 275
 47 79 23 78 33 15	 => 275
 71 4 2 60 72 66	 => 275
 65 66 72 31 12 28	 => 274
 74 28 12 77 25 59	 => 275
 76 59 25 36 35 44	 => 275
 23 44 35 54 41 78	 => 275
 33 78 41 51 9 62	 => 274
 72 60 14 34 64 31	 => 275
 12 31 64 53 38 77	 => 275
 25 77 38 43 56 36	 => 275
 35 36 56 19 75 54	 => 275
 41 54 75 45 8 51	 => 274
 64 34 17 49 58 53	 => 275
 38 53 58 63 20 43	 => 275
 56 43 20 67 70 19	 => 275
 75 19 70 48 18 45	 => 275
 58 49 21 29 55 63	 => 275
 20 63 55 13 57 67	 => 275
 70 67 57 27 6 48	 => 275


===================[TEST 5]===================

##### START ##### Wed May 21 18:35:33 2003



##### CONVERGE ##### Wed May 21 18:39:14 2003

Elapsed time: 221 seconds
Total loop: 151 generations

Result : 271.394

29 3 57 63 77 46 11 34 72 35 7 64 80 17 5 31 70 49 28 24 68 13 76 33 9 12 48 53 61 25 43 52 60 14 44 55 66 1 26 2 67 79 15 42 59 54 37 58 65 39 74 22 19 8 56 50 69 41 36 47 38 30 51 16 23 45 32 78 18 62 75 71 10 27 20 73 4 40 6 21 

 29 3 57 63 77 46	 => 275
 11 46 77 34 72 35	 => 275
 7 35 72 64 80 17	 => 275
 57 5 31 70 49 63	 => 275
 77 63 49 28 24 34	 => 275
 72 34 24 68 13 64	 => 275
 80 64 13 76 33 9	 => 275
 31 12 48 53 61 70	 => 275
 49 70 61 25 43 28	 => 276
 24 28 43 52 60 68	 => 275
 13 68 60 14 44 76	 => 275
 33 76 44 55 66 1	 => 275
 48 26 2 67 79 53	 => 275
 61 53 79 15 42 25	 => 275
 43 25 42 59 54 52	 => 275
 60 52 54 37 58 14	 => 275
 44 14 58 65 39 55	 => 275
 66 55 39 74 22 19	 => 275
 79 67 8 56 50 15	 => 275
 42 15 50 69 41 59	 => 276
 54 59 41 36 47 37	 => 274
 58 37 47 38 30 65	 => 275
 39 65 30 51 16 74	 => 275
 50 56 23 45 32 69	 => 275
 41 69 32 78 18 36	 => 274
 47 36 18 62 75 38	 => 276
 30 38 75 71 10 51	 => 275
 32 45 27 20 73 78	 => 275
 18 78 73 4 40 62	 => 275
 75 62 40 6 21 71	 => 275



test#	fitness		sum		time
---------------------------------------------------
1	271.833				206
2	268.691				128
3	274.428				248
4	271.5				125
5	271.394				221


---------------------------------------------------
Best fitness      : 274.428 ( test# 3)
Shortest time     : 125 ( test# 4)

Average fitness   : 271.569
Average time      : 185.6
