****************** GA TEST *******************

total test#:			 5
hexa min width:			 3
hexa max width:			 6
hexa count:			 30
number count:			 80
population size:		 130
generation size:		 50

tournament winner p:		 1
do xover p:			 1
xover:				 2points
do mutation1 p:			 0.1
mutation1 p:			 0.05
do optimize p:			 1
local optimize count:		 10000
do deep better optimize p:	 1
do deep worse optimize p:	 0
do spin p:			 0
spin count:			 1000
do spin apply p:		 1
do mutation2 p:			 0.12
mutation2 p:			 0.08
force mutation2:		 0
replace bad p:			 0.195

converge rate p:		 0.99
converge count:			 1

**********************************************


===================[TEST 1]===================

##### START ##### Wed May 21 18:39:16 2003



##### CONVERGE ##### Wed May 21 18:41:50 2003

Elapsed time: 154 seconds
Total loop: 106 generations

Result : 272.327

15 13 49 79 78 42 23 8 80 45 3 72 57 19 29 32 70 17 74 20 30 65 68 12 1 9 69 75 21 43 51 47 54 34 25 77 76 18 22 11 28 71 40 27 56 52 39 50 35 55 53 5 10 2 62 73 36 44 24 61 31 60 48 26 6 33 66 67 38 64 58 63 16 37 14 59 7 41 46 4 

 15 13 49 79 78 42	 => 276
 23 42 78 8 80 45	 => 276
 3 45 80 72 57 19	 => 276
 49 29 32 70 17 79	 => 276
 78 79 17 74 20 8	 => 276
 80 8 20 30 65 72	 => 275
 57 72 65 68 12 1	 => 275
 32 9 69 75 21 70	 => 276
 17 70 21 43 51 74	 => 276
 20 74 51 47 54 30	 => 276
 65 30 54 34 25 68	 => 276
 12 68 25 77 76 18	 => 276
 69 22 11 28 71 75	 => 276
 21 75 71 40 27 43	 => 277
 51 43 27 56 52 47	 => 276
 54 47 52 39 50 34	 => 276
 25 34 50 35 55 77	 => 276
 76 77 55 53 5 10	 => 276
 71 28 2 62 73 40	 => 276
 27 40 73 36 44 56	 => 276
 52 56 44 24 61 39	 => 276
 50 39 61 31 60 35	 => 276
 55 35 60 48 26 53	 => 277
 73 62 6 33 66 36	 => 276
 44 36 66 67 38 24	 => 275
 61 24 38 64 58 31	 => 276
 60 31 58 63 16 48	 => 276
 66 33 37 14 59 67	 => 276
 38 67 59 7 41 64	 => 276
 58 64 41 46 4 63	 => 276


===================[TEST 2]===================

##### START ##### Wed May 21 18:41:50 2003



##### CONVERGE ##### Wed May 21 18:44:35 2003

Elapsed time: 165 seconds
Total loop: 114 generations

Result : 271.5

20 2 57 80 42 74 15 6 78 60 11 75 37 14 1 10 71 56 52 38 28 50 67 36 9 25 49 76 44 13 39 64 54 45 31 65 58 18 4 7 73 66 33 43 68 48 24 40 53 41 79 5 27 21 23 59 46 26 61 47 34 77 22 3 16 69 62 72 8 70 55 51 35 12 29 30 32 63 17 19 

 20 2 57 80 42 74	 => 275
 15 74 42 6 78 60	 => 275
 11 60 78 75 37 14	 => 275
 57 1 10 71 56 80	 => 275
 42 80 56 52 38 6	 => 274
 78 6 38 28 50 75	 => 275
 37 75 50 67 36 9	 => 274
 10 25 49 76 44 71	 => 275
 56 71 44 13 39 52	 => 275
 38 52 39 64 54 28	 => 275
 50 28 54 45 31 67	 => 275
 36 67 31 65 58 18	 => 275
 49 4 7 73 66 76	 => 275
 44 76 66 33 43 13	 => 275
 39 13 43 68 48 64	 => 275
 54 64 48 24 40 45	 => 275
 31 45 40 53 41 65	 => 275
 58 65 41 79 5 27	 => 275
 66 73 21 23 59 33	 => 275
 43 33 59 46 26 68	 => 275
 48 68 26 61 47 24	 => 274
 40 24 47 34 77 53	 => 275
 41 53 77 22 3 79	 => 275
 59 23 16 69 62 46	 => 275
 26 46 62 72 8 61	 => 275
 47 61 8 70 55 34	 => 275
 77 34 55 51 35 22	 => 274
 62 69 12 29 30 72	 => 274
 8 72 30 32 63 70	 => 275
 55 70 63 17 19 51	 => 275


===================[TEST 3]===================

##### START ##### Wed May 21 18:44:35 2003



##### CONVERGE ##### Wed May 21 18:47:54 2003

Elapsed time: 199 seconds
Total loop: 137 generations

Result : 271.836

27 35 39 58 69 46 20 32 59 48 70 73 21 3 25 36 63 53 56 6 55 49 57 72 2 5 60 68 42 9 51 45 61 30 22 64 52 7 18 11 40 77 54 24 67 78 43 17 76 65 31 33 29 1 28 74 14 41 19 26 37 75 12 15 13 66 79 71 50 62 80 47 23 4 16 38 10 44 34 8 

 27 35 39 58 69 46	 => 274
 20 46 69 32 59 48	 => 274
 70 48 59 73 21 3	 => 274
 39 25 36 63 53 58	 => 274
 69 58 53 56 6 32	 => 274
 59 32 6 55 49 73	 => 274
 21 73 49 57 72 2	 => 274
 36 5 60 68 42 63	 => 274
 53 63 42 9 51 56	 => 274
 6 56 51 45 61 55	 => 274
 49 55 61 30 22 57	 => 274
 72 57 22 64 52 7	 => 274
 60 18 11 40 77 68	 => 274
 42 68 77 54 24 9	 => 274
 51 9 24 67 78 45	 => 274
 61 45 78 43 17 30	 => 274
 22 30 17 76 65 64	 => 274
 52 64 65 31 33 29	 => 274
 77 40 1 28 74 54	 => 274
 24 54 74 14 41 67	 => 274
 78 67 41 19 26 43	 => 274
 17 43 26 37 75 76	 => 274
 65 76 75 12 15 31	 => 274
 74 28 13 66 79 14	 => 274
 41 14 79 71 50 19	 => 274
 26 19 50 62 80 37	 => 274
 75 37 80 47 23 12	 => 274
 79 66 4 16 38 71	 => 274
 50 71 38 10 44 62	 => 275
 80 62 44 34 8 47	 => 275


===================[TEST 4]===================

##### START ##### Wed May 21 18:47:54 2003



##### CONVERGE ##### Wed May 21 18:49:48 2003

Elapsed time: 114 seconds
Total loop: 79 generations

Result : 272.222

26 27 50 57 73 42 8 24 69 60 29 77 31 10 9 37 78 45 72 5 46 55 63 36 14 15 34 79 33 22 25 80 48 41 23 68 70 16 19 12 61 71 28 43 52 54 35 17 51 76 38 18 6 1 75 40 53 59 11 65 44 64 39 7 4 30 74 47 32 66 58 67 3 20 49 56 13 62 2 21 

 26 27 50 57 73 42	 => 275
 8 42 73 24 69 60	 => 276
 29 60 69 77 31 10	 => 276
 50 9 37 78 45 57	 => 276
 73 57 45 72 5 24	 => 276
 69 24 5 46 55 77	 => 276
 31 77 55 63 36 14	 => 276
 37 15 34 79 33 78	 => 276
 45 78 33 22 25 72	 => 275
 5 72 25 80 48 46	 => 276
 55 46 48 41 23 63	 => 276
 36 63 23 68 70 16	 => 276
 34 19 12 61 71 79	 => 276
 33 79 71 28 43 22	 => 276
 25 22 43 52 54 80	 => 276
 48 80 54 35 17 41	 => 275
 23 41 17 51 76 68	 => 276
 70 68 76 38 18 6	 => 276
 71 61 1 75 40 28	 => 276
 43 28 40 53 59 52	 => 275
 54 52 59 11 65 35	 => 276
 17 35 65 44 64 51	 => 276
 76 51 64 39 7 38	 => 275
 40 75 4 30 74 53	 => 276
 59 53 74 47 32 11	 => 276
 65 11 32 66 58 44	 => 276
 64 44 58 67 3 39	 => 275
 74 30 20 49 56 47	 => 276
 32 47 56 13 62 66	 => 276
 58 66 62 2 21 67	 => 276


===================[TEST 5]===================

##### START ##### Wed May 21 18:49:48 2003



##### CONVERGE ##### Wed May 21 18:51:57 2003

Elapsed time: 129 seconds
Total loop: 89 generations

Result : 270.734

6 10 29 78 79 72 1 26 77 19 40 73 53 12 7 48 80 32 37 21 27 50 74 16 8 11 39 66 30 25 71 61 58 9 56 62 43 22 17 45 52 55 57 41 34 42 69 35 47 65 20 33 51 4 36 70 5 67 38 24 31 68 59 15 23 76 64 54 46 60 75 28 13 3 14 63 2 49 44 18 

 6 10 29 78 79 72	 => 274
 1 72 79 26 77 19	 => 274
 40 19 77 73 53 12	 => 274
 29 7 48 80 32 78	 => 274
 79 78 32 37 21 26	 => 273
 77 26 21 27 50 73	 => 274
 53 73 50 74 16 8	 => 274
 48 11 39 66 30 80	 => 274
 32 80 30 25 71 37	 => 275
 21 37 71 61 58 27	 => 275
 50 27 58 9 56 74	 => 274
 16 74 56 62 43 22	 => 273
 39 17 45 52 55 66	 => 274
 30 66 55 57 41 25	 => 274
 71 25 41 34 42 61	 => 274
 58 61 42 69 35 9	 => 274
 56 9 35 47 65 62	 => 274
 43 62 65 20 33 51	 => 274
 55 52 4 36 70 57	 => 274
 41 57 70 5 67 34	 => 274
 42 34 67 38 24 69	 => 274
 35 69 24 31 68 47	 => 274
 65 47 68 59 15 20	 => 274
 70 36 23 76 64 5	 => 274
 67 5 64 54 46 38	 => 274
 24 38 46 60 75 31	 => 274
 68 31 75 28 13 59	 => 274
 64 76 3 14 63 54	 => 274
 46 54 63 2 49 60	 => 274
 75 60 49 44 18 28	 => 274



test#	fitness		sum		time
---------------------------------------------------
1	272.327				154
2	271.5				165
3	271.836				199
4	272.222				114
5	270.734				129


---------------------------------------------------
Best fitness      : 272.327 ( test# 1)
Shortest time     : 114 ( test# 4)

Average fitness   : 271.724
Average time      : 152.2
