****************** GA TEST *******************

total test#:			 5
hexa min width:			 3
hexa max width:			 6
hexa count:			 30
number count:			 80
population size:		 130
generation size:		 50

tournament winner p:		 1
do xover p:			 1
xover:				 2points
do mutation1 p:			 0.1
mutation1 p:			 0.05
do optimize p:			 1
local optimize count:		 10000
do deep better optimize p:	 1
do deep worse optimize p:	 0
do spin p:			 0
spin count:			 2000
do spin apply p:		 1
do mutation2 p:			 0.12
mutation2 p:			 0.08
force mutation2:		 0
replace bad p:			 0.195

converge rate p:		 0.99
converge count:			 1

**********************************************


===================[TEST 1]===================

##### START ##### Wed May 21 18:52:02 2003



##### CONVERGE ##### Wed May 21 18:55:11 2003

Elapsed time: 189 seconds
Total loop: 131 generations

Result : 270.222

5 22 35 80 59 73 9 30 66 37 12 78 62 19 10 29 68 52 46 7 76 16 61 56 1 11 72 65 28 36 44 77 24 58 39 51 45 21 27 3 31 75 50 20 42 55 34 26 40 60 54 41 23 18 43 57 38 67 13 63 47 64 8 48 14 69 53 71 32 49 70 79 6 2 4 74 15 33 25 17 

 5 22 35 80 59 73	 => 274
 9 73 59 30 66 37	 => 274
 12 37 66 78 62 19	 => 274
 35 10 29 68 52 80	 => 274
 59 80 52 46 7 30	 => 274
 66 30 7 76 16 78	 => 273
 62 78 16 61 56 1	 => 274
 29 11 72 65 28 68	 => 273
 52 68 28 36 44 46	 => 274
 7 46 44 77 24 76	 => 274
 16 76 24 58 39 61	 => 274
 56 61 39 51 45 21	 => 273
 72 27 3 31 75 65	 => 273
 28 65 75 50 20 36	 => 274
 44 36 20 42 55 77	 => 274
 24 77 55 34 26 58	 => 274
 39 58 26 40 60 51	 => 274
 45 51 60 54 41 23	 => 274
 75 31 18 43 57 50	 => 274
 20 50 57 38 67 42	 => 274
 55 42 67 13 63 34	 => 274
 26 34 63 47 64 40	 => 274
 60 40 64 8 48 54	 => 274
 57 43 14 69 53 38	 => 274
 67 38 53 71 32 13	 => 274
 63 13 32 49 70 47	 => 274
 64 47 70 79 6 8	 => 274
 53 69 2 4 74 71	 => 273
 32 71 74 15 33 49	 => 274
 70 49 33 25 17 79	 => 273


===================[TEST 2]===================

##### START ##### Wed May 21 18:55:11 2003



##### CONVERGE ##### Wed May 21 18:57:28 2003

Elapsed time: 137 seconds
Total loop: 94 generations

Result : 272.222

12 17 74 52 45 76 2 43 79 31 16 50 77 23 3 15 60 72 22 42 32 30 63 49 6 44 53 80 24 37 61 54 64 36 51 70 35 7 25 4 47 67 41 26 71 27 73 21 39 59 66 18 28 13 33 75 34 29 56 20 58 65 46 1 9 57 68 78 11 69 62 40 5 8 10 55 14 48 19 38 

 12 17 74 52 45 76	 => 276
 2 76 45 43 79 31	 => 276
 16 31 79 50 77 23	 => 276
 74 3 15 60 72 52	 => 276
 45 52 72 22 42 43	 => 276
 79 43 42 32 30 50	 => 276
 77 50 30 63 49 6	 => 275
 15 44 53 80 24 60	 => 276
 72 60 24 37 61 22	 => 276
 42 22 61 54 64 32	 => 275
 30 32 64 36 51 63	 => 276
 49 63 51 70 35 7	 => 275
 53 25 4 47 67 80	 => 276
 24 80 67 41 26 37	 => 275
 61 37 26 71 27 54	 => 276
 64 54 27 73 21 36	 => 275
 51 36 21 39 59 70	 => 276
 35 70 59 66 18 28	 => 276
 67 47 13 33 75 41	 => 276
 26 41 75 34 29 71	 => 276
 27 71 29 56 20 73	 => 276
 21 73 20 58 65 39	 => 276
 59 39 65 46 1 66	 => 276
 75 33 9 57 68 34	 => 276
 29 34 68 78 11 56	 => 276
 20 56 11 69 62 58	 => 276
 65 58 62 40 5 46	 => 276
 68 57 8 10 55 78	 => 276
 11 78 55 14 48 69	 => 275
 62 69 48 19 38 40	 => 276


===================[TEST 3]===================

##### START ##### Wed May 21 18:57:28 2003



##### CONVERGE ##### Wed May 21 19:00:46 2003

Elapsed time: 198 seconds
Total loop: 137 generations

Result : 272.826

8 13 72 70 76 36 18 11 73 62 14 71 49 7 3 29 57 45 68 6 52 63 58 34 1 5 64 77 44 23 39 55 56 28 19 75 60 30 2 10 54 69 43 20 74 65 32 40 61 53 41 26 21 12 38 59 47 33 22 50 42 51 46 24 25 27 79 78 16 80 66 67 4 9 35 48 37 17 15 31 

 8 13 72 70 76 36	 => 275
 18 36 76 11 73 62	 => 276
 14 62 73 71 49 7	 => 276
 72 3 29 57 45 70	 => 276
 76 70 45 68 6 11	 => 276
 73 11 6 52 63 71	 => 276
 49 71 63 58 34 1	 => 276
 29 5 64 77 44 57	 => 276
 45 57 44 23 39 68	 => 276
 6 68 39 55 56 52	 => 276
 63 52 56 28 19 58	 => 276
 34 58 19 75 60 30	 => 276
 64 2 10 54 69 77	 => 276
 44 77 69 43 20 23	 => 276
 39 23 20 74 65 55	 => 276
 56 55 65 32 40 28	 => 276
 19 28 40 61 53 75	 => 276
 60 75 53 41 26 21	 => 276
 69 54 12 38 59 43	 => 275
 20 43 59 47 33 74	 => 276
 65 74 33 22 50 32	 => 276
 40 32 50 42 51 61	 => 276
 53 61 51 46 24 41	 => 276
 59 38 25 27 79 47	 => 275
 33 47 79 78 16 22	 => 275
 50 22 16 80 66 42	 => 276
 51 42 66 67 4 46	 => 276
 79 27 9 35 48 78	 => 276
 16 78 48 37 17 80	 => 276
 66 80 17 15 31 67	 => 276


===================[TEST 4]===================

##### START ##### Wed May 21 19:00:46 2003



##### CONVERGE ##### Wed May 21 19:04:21 2003

Elapsed time: 215 seconds
Total loop: 149 generations

Result : 274.734

15 2 65 71 76 49 4 25 73 51 9 75 46 24 7 23 74 38 26 43 22 40 68 39 10 16 72 66 27 33 80 48 60 54 34 53 79 5 14 18 31 77 58 17 56 44 50 21 47 69 42 3 32 13 35 64 45 37 29 62 28 70 30 20 12 63 59 67 41 57 61 78 11 36 1 52 6 55 19 8 

 15 2 65 71 76 49	 => 278
 4 49 76 25 73 51	 => 278
 9 51 73 75 46 24	 => 278
 65 7 23 74 38 71	 => 278
 76 71 38 26 43 25	 => 279
 73 25 43 22 40 75	 => 278
 46 75 40 68 39 10	 => 278
 23 16 72 66 27 74	 => 278
 38 74 27 33 80 26	 => 278
 43 26 80 48 60 22	 => 279
 40 22 60 54 34 68	 => 278
 39 68 34 53 79 5	 => 278
 72 14 18 31 77 66	 => 278
 27 66 77 58 17 33	 => 278
 80 33 17 56 44 48	 => 278
 60 48 44 50 21 54	 => 277
 34 54 21 47 69 53	 => 278
 79 53 69 42 3 32	 => 278
 77 31 13 35 64 58	 => 278
 17 58 64 45 37 56	 => 277
 44 56 37 29 62 50	 => 278
 21 50 62 28 70 47	 => 278
 69 47 70 30 20 42	 => 278
 64 35 12 63 59 45	 => 278
 37 45 59 67 41 29	 => 278
 62 29 41 57 61 28	 => 278
 70 28 61 78 11 30	 => 278
 59 63 36 1 52 67	 => 278
 41 67 52 6 55 57	 => 278
 61 57 55 19 8 78	 => 278


===================[TEST 5]===================

##### START ##### Wed May 21 19:04:21 2003



##### CONVERGE ##### Wed May 21 19:07:41 2003

Elapsed time: 200 seconds
Total loop: 138 generations

Result : 271.734

9 4 73 56 79 54 11 29 62 41 19 66 77 10 1 57 37 51 35 25 61 32 63 21 16 5 67 31 78 27 46 53 55 15 49 70 64 7 18 39 76 44 52 43 47 59 65 28 33 80 40 13 8 12 23 68 48 17 42 45 30 74 22 26 6 71 60 58 50 36 72 75 2 14 3 69 24 38 34 20 

 9 4 73 56 79 54	 => 275
 11 54 79 29 62 41	 => 276
 19 41 62 66 77 10	 => 275
 73 1 57 37 51 56	 => 275
 79 56 51 35 25 29	 => 275
 62 29 25 61 32 66	 => 275
 77 66 32 63 21 16	 => 275
 57 5 67 31 78 37	 => 275
 51 37 78 27 46 35	 => 274
 25 35 46 53 55 61	 => 275
 32 61 55 15 49 63	 => 275
 21 63 49 70 64 7	 => 274
 67 18 39 76 44 31	 => 275
 78 31 44 52 43 27	 => 275
 46 27 43 47 59 53	 => 275
 55 53 59 65 28 15	 => 275
 49 15 28 33 80 70	 => 275
 64 70 80 40 13 8	 => 275
 44 76 12 23 68 52	 => 275
 43 52 68 48 17 47	 => 275
 59 47 17 42 45 65	 => 275
 28 65 45 30 74 33	 => 275
 80 33 74 22 26 40	 => 275
 68 23 6 71 60 48	 => 276
 17 48 60 58 50 42	 => 275
 45 42 50 36 72 30	 => 275
 74 30 72 75 2 22	 => 275
 60 71 14 3 69 58	 => 275
 50 58 69 24 38 36	 => 275
 72 36 38 34 20 75	 => 275



test#	fitness		sum		time
---------------------------------------------------
1	270.222				189
2	272.222				137
3	272.826				198
4	274.734				215
5	271.734				200


---------------------------------------------------
Best fitness      : 274.734 ( test# 4)
Shortest time     : 137 ( test# 2)

Average fitness   : 272.348
Average time      : 187.8
