****************** GA TEST *******************

total test#:			 5
hexa min width:			 3
hexa max width:			 6
hexa count:			 30
number count:			 80
population size:		 130
generation size:		 50

tournament winner p:		 1
do xover p:			 1
xover:				 2points
do mutation1 p:			 0.1
mutation1 p:			 0.05
do optimize p:			 1
local optimize count:		 10000
do deep better optimize p:	 1
do deep worse optimize p:	 0
do spin p:			 0
spin count:			 0
do spin apply p:		 1
do mutation2 p:			 0.12
mutation2 p:			 0.08
force mutation2:		 0
replace bad p:			 0.195

converge rate p:		 0.99
converge count:			 1

**********************************************


===================[TEST 1]===================

##### START ##### Wed May 21 19:07:42 2003



##### CONVERGE ##### Wed May 21 19:10:32 2003

Elapsed time: 170 seconds
Total loop: 118 generations

Result : 272.833

16 1 63 57 75 64 10 9 74 44 17 76 26 39 7 30 58 61 23 51 15 52 79 24 19 11 69 77 32 31 71 60 56 46 28 72 70 3 5 25 22 78 38 20 54 41 45 29 48 53 67 8 6 36 34 68 47 49 37 50 42 62 33 13 18 66 43 73 27 40 80 55 4 21 14 59 12 65 35 2 

 16 1 63 57 75 64	 => 276
 10 64 75 9 74 44	 => 276
 17 44 74 76 26 39	 => 276
 63 7 30 58 61 57	 => 276
 75 57 61 23 51 9	 => 276
 74 9 51 15 52 76	 => 277
 26 76 52 79 24 19	 => 276
 30 11 69 77 32 58	 => 277
 61 58 32 31 71 23	 => 276
 51 23 71 60 56 15	 => 276
 52 15 56 46 28 79	 => 276
 24 79 28 72 70 3	 => 276
 69 5 25 22 78 77	 => 276
 32 77 78 38 20 31	 => 276
 71 31 20 54 41 60	 => 277
 56 60 41 45 29 46	 => 277
 28 46 29 48 53 72	 => 276
 70 72 53 67 8 6	 => 276
 78 22 36 34 68 38	 => 276
 20 38 68 47 49 54	 => 276
 41 54 49 37 50 45	 => 276
 29 45 50 42 62 48	 => 276
 53 48 62 33 13 67	 => 276
 68 34 18 66 43 47	 => 276
 49 47 43 73 27 37	 => 276
 50 37 27 40 80 42	 => 276
 62 42 80 55 4 33	 => 276
 43 66 21 14 59 73	 => 276
 27 73 59 12 65 40	 => 276
 80 40 65 35 2 55	 => 277


===================[TEST 2]===================

##### START ##### Wed May 21 19:10:32 2003



##### CONVERGE ##### Wed May 21 19:13:55 2003

Elapsed time: 203 seconds
Total loop: 140 generations

Result : 273.222

36 16 23 76 52 73 5 30 62 55 17 79 49 15 1 45 78 54 18 47 28 31 72 40 6 3 60 68 22 42 63 70 51 57 38 67 48 12 4 8 56 80 33 32 43 27 46 25 19 71 66 13 11 14 29 65 39 64 20 77 35 75 44 2 34 41 69 59 26 58 61 53 9 21 37 50 10 74 7 24 

 36 16 23 76 52 73	 => 276
 5 73 52 30 62 55	 => 277
 17 55 62 79 49 15	 => 277
 23 1 45 78 54 76	 => 277
 52 76 54 18 47 30	 => 277
 62 30 47 28 31 79	 => 277
 49 79 31 72 40 6	 => 277
 45 3 60 68 22 78	 => 276
 54 78 22 42 63 18	 => 277
 47 18 63 70 51 28	 => 277
 31 28 51 57 38 72	 => 277
 40 72 38 67 48 12	 => 277
 60 4 8 56 80 68	 => 276
 22 68 80 33 32 42	 => 277
 63 42 32 43 27 70	 => 277
 51 70 27 46 25 57	 => 276
 38 57 25 19 71 67	 => 277
 48 67 71 66 13 11	 => 276
 80 56 14 29 65 33	 => 277
 32 33 65 39 64 43	 => 276
 27 43 64 20 77 46	 => 277
 25 46 77 35 75 19	 => 277
 71 19 75 44 2 66	 => 277
 65 29 34 41 69 39	 => 277
 64 39 69 59 26 20	 => 277
 77 20 26 58 61 35	 => 277
 75 35 61 53 9 44	 => 277
 69 41 21 37 50 59	 => 277
 26 59 50 10 74 58	 => 277
 61 58 74 7 24 53	 => 277


===================[TEST 3]===================

##### START ##### Wed May 21 19:13:55 2003



##### CONVERGE ##### Wed May 21 19:16:17 2003

Elapsed time: 142 seconds
Total loop: 98 generations

Result : 268.833

12 25 74 44 75 42 1 61 38 56 71 63 24 20 5 48 57 45 16 32 35 43 68 34 40 9 39 53 66 15 73 69 47 28 51 60 55 4 18 22 64 76 26 36 30 49 62 17 46 70 79 6 3 2 27 77 31 72 7 52 54 41 13 23 29 58 50 80 33 59 67 78 19 11 8 65 14 21 10 37 

 12 25 74 44 75 42	 => 272
 1 42 75 61 38 56	 => 273
 71 56 38 63 24 20	 => 272
 74 5 48 57 45 44	 => 273
 75 44 45 16 32 61	 => 273
 38 61 32 35 43 63	 => 272
 24 63 43 68 34 40	 => 272
 48 9 39 53 66 57	 => 272
 45 57 66 15 73 16	 => 272
 32 16 73 69 47 35	 => 272
 43 35 47 28 51 68	 => 272
 34 68 51 60 55 4	 => 272
 39 18 22 64 76 53	 => 272
 66 53 76 26 36 15	 => 272
 73 15 36 30 49 69	 => 272
 47 69 49 62 17 28	 => 272
 51 28 17 46 70 60	 => 272
 55 60 70 79 6 3	 => 273
 76 64 2 27 77 26	 => 272
 36 26 77 31 72 30	 => 272
 49 30 72 7 52 62	 => 272
 17 62 52 54 41 46	 => 272
 70 46 41 13 23 79	 => 272
 77 27 29 58 50 31	 => 272
 72 31 50 80 33 7	 => 273
 52 7 33 59 67 54	 => 272
 41 54 67 78 19 13	 => 272
 50 58 11 8 65 80	 => 272
 33 80 65 14 21 59	 => 272
 67 59 21 10 37 78	 => 272


===================[TEST 4]===================

##### START ##### Wed May 21 19:16:17 2003



##### CONVERGE ##### Wed May 21 19:19:28 2003

Elapsed time: 191 seconds
Total loop: 132 generations

Result : 271.702

13 26 70 69 79 17 22 5 73 78 8 68 44 3 12 30 31 62 23 36 41 51 58 33 20 10 60 75 67 37 54 65 55 16 53 72 49 9 1 50 56 32 59 4 74 40 35 63 27 43 71 21 18 14 52 61 34 42 38 45 24 80 46 7 2 48 77 57 25 66 76 29 19 6 39 47 15 64 11 28 

 13 26 70 69 79 17	 => 274
 22 17 79 5 73 78	 => 274
 8 78 73 68 44 3	 => 274
 70 12 30 31 62 69	 => 274
 79 69 62 23 36 5	 => 274
 73 5 36 41 51 68	 => 274
 44 68 51 58 33 20	 => 274
 30 10 60 75 67 31	 => 273
 62 31 67 37 54 23	 => 274
 36 23 54 65 55 41	 => 274
 51 41 55 16 53 58	 => 274
 33 58 53 72 49 9	 => 274
 60 1 50 56 32 75	 => 274
 67 75 32 59 4 37	 => 274
 54 37 4 74 40 65	 => 274
 55 65 40 35 63 16	 => 274
 53 16 63 27 43 72	 => 274
 49 72 43 71 21 18	 => 274
 32 56 14 52 61 59	 => 274
 4 59 61 34 42 74	 => 274
 40 74 42 38 45 35	 => 274
 63 35 45 24 80 27	 => 274
 43 27 80 46 7 71	 => 274
 61 52 2 48 77 34	 => 274
 42 34 77 57 25 38	 => 273
 45 38 25 66 76 24	 => 274
 80 24 76 29 19 46	 => 274
 77 48 6 39 47 57	 => 274
 25 57 47 15 64 66	 => 274
 76 66 64 11 28 29	 => 274


===================[TEST 5]===================

##### START ##### Wed May 21 19:19:28 2003



##### CONVERGE ##### Wed May 21 19:22:49 2003

Elapsed time: 201 seconds
Total loop: 139 generations

Result : 273.734

8 6 48 77 65 73 4 13 68 54 27 72 40 16 12 49 56 35 41 46 33 45 74 21 25 3 34 71 64 31 50 47 60 23 42 69 61 10 20 17 78 57 26 28 51 70 63 15 62 66 30 37 14 18 22 76 43 53 32 7 55 75 38 5 19 59 58 67 24 80 79 29 1 2 39 52 11 44 9 36 

 8 6 48 77 65 73	 => 277
 4 73 65 13 68 54	 => 277
 27 54 68 72 40 16	 => 277
 48 12 49 56 35 77	 => 277
 65 77 35 41 46 13	 => 277
 68 13 46 33 45 72	 => 277
 40 72 45 74 21 25	 => 277
 49 3 34 71 64 56	 => 277
 35 56 64 31 50 41	 => 277
 46 41 50 47 60 33	 => 277
 45 33 60 23 42 74	 => 277
 21 74 42 69 61 10	 => 277
 34 20 17 78 57 71	 => 277
 64 71 57 26 28 31	 => 277
 50 31 28 51 70 47	 => 277
 60 47 70 63 15 23	 => 278
 42 23 15 62 66 69	 => 277
 61 69 66 30 37 14	 => 277
 57 78 18 22 76 26	 => 277
 28 26 76 43 53 51	 => 277
 70 51 53 32 7 63	 => 276
 15 63 7 55 75 62	 => 277
 66 62 75 38 5 30	 => 276
 76 22 19 59 58 43	 => 277
 53 43 58 67 24 32	 => 277
 7 32 24 80 79 55	 => 277
 75 55 79 29 1 38	 => 277
 58 59 2 39 52 67	 => 277
 24 67 52 11 44 80	 => 278
 79 80 44 9 36 29	 => 277



test#	fitness		sum		time
---------------------------------------------------
1	272.833				170
2	273.222				203
3	268.833				142
4	271.702				191
5	273.734				201


---------------------------------------------------
Best fitness      : 273.734 ( test# 5)
Shortest time     : 142 ( test# 3)

Average fitness   : 272.065
Average time      : 181.4
