****************** GA TEST *******************

total test#:			 5
hexa min width:			 3
hexa max width:			 6
hexa count:			 30
number count:			 80
population size:		 130
generation size:		 50

tournament winner p:		 1
do xover p:			 1
xover:				 2points
do mutation1 p:			 0.1
mutation1 p:			 0.05
do optimize p:			 1
local optimize count:		 10000
do deep better optimize p:	 1
do deep worse optimize p:	 0
do spin p:			 0
spin count:			 1000
do spin apply p:		 1
do mutation2 p:			 0.12
mutation2 p:			 0.08
force mutation2:		 0
replace bad p:			 0.195

converge rate p:		 0.99
converge count:			 1

**********************************************


===================[TEST 1]===================

##### START ##### Wed May 21 19:22:52 2003



##### CONVERGE ##### Wed May 21 19:24:58 2003

Elapsed time: 126 seconds
Total loop: 87 generations

Result : 269.833

7 1 77 68 74 46 32 16 79 26 22 69 60 17 12 23 63 30 73 13 45 51 72 18 3 20 43 65 59 4 44 71 27 31 47 78 56 2 35 15 40 75 38 33 41 80 54 10 50 57 67 9 6 39 5 76 66 19 42 37 58 64 25 11 24 53 49 61 36 52 48 70 8 55 21 34 29 62 14 28 

 7 1 77 68 74 46	 => 273
 32 46 74 16 79 26	 => 273
 22 26 79 69 60 17	 => 273
 77 12 23 63 30 68	 => 273
 74 68 30 73 13 16	 => 274
 79 16 13 45 51 69	 => 273
 60 69 51 72 18 3	 => 273
 23 20 43 65 59 63	 => 273
 30 63 59 4 44 73	 => 273
 13 73 44 71 27 45	 => 273
 51 45 27 31 47 72	 => 273
 18 72 47 78 56 2	 => 273
 43 35 15 40 75 65	 => 273
 59 65 75 38 33 4	 => 274
 44 4 33 41 80 71	 => 273
 27 71 80 54 10 31	 => 273
 47 31 10 50 57 78	 => 273
 56 78 57 67 9 6	 => 273
 75 40 39 5 76 38	 => 273
 33 38 76 66 19 41	 => 273
 80 41 19 42 37 54	 => 273
 10 54 37 58 64 50	 => 273
 57 50 64 25 11 67	 => 274
 76 5 24 53 49 66	 => 273
 19 66 49 61 36 42	 => 273
 37 42 36 52 48 58	 => 273
 64 58 48 70 8 25	 => 273
 49 53 55 21 34 61	 => 273
 36 61 34 29 62 52	 => 274
 48 52 62 14 28 70	 => 274


===================[TEST 2]===================

##### START ##### Wed May 21 19:24:58 2003



##### CONVERGE ##### Wed May 21 19:27:59 2003

Elapsed time: 181 seconds
Total loop: 125 generations

Result : 272.417

14 22 47 60 70 62 34 35 26 48 27 74 56 44 3 25 71 69 12 29 53 58 46 31 10 11 72 66 30 15 78 55 49 5 65 76 50 7 21 28 20 68 80 16 32 79 64 23 39 67 54 4 24 8 38 61 41 45 19 36 40 73 33 9 1 57 77 51 42 63 75 52 2 18 13 59 17 43 6 37 

 14 22 47 60 70 62	 => 275
 34 62 70 35 26 48	 => 275
 27 48 26 74 56 44	 => 275
 47 3 25 71 69 60	 => 275
 70 60 69 12 29 35	 => 275
 26 35 29 53 58 74	 => 275
 56 74 58 46 31 10	 => 275
 25 11 72 66 30 71	 => 275
 69 71 30 15 78 12	 => 275
 29 12 78 55 49 53	 => 276
 58 53 49 5 65 46	 => 276
 31 46 65 76 50 7	 => 275
 72 21 28 20 68 66	 => 275
 30 66 68 80 16 15	 => 275
 78 15 16 32 79 55	 => 275
 49 55 79 64 23 5	 => 275
 65 5 23 39 67 76	 => 275
 50 76 67 54 4 24	 => 275
 68 20 8 38 61 80	 => 275
 16 80 61 41 45 32	 => 275
 79 32 45 19 36 64	 => 275
 23 64 36 40 73 39	 => 275
 67 39 73 33 9 54	 => 275
 61 38 1 57 77 41	 => 275
 45 41 77 51 42 19	 => 275
 36 19 42 63 75 40	 => 275
 73 40 75 52 2 33	 => 275
 77 57 18 13 59 51	 => 275
 42 51 59 17 43 63	 => 275
 75 63 43 6 37 52	 => 276


===================[TEST 3]===================

##### START ##### Wed May 21 19:27:59 2003



##### CONVERGE ##### Wed May 21 19:31:53 2003

Elapsed time: 234 seconds
Total loop: 162 generations

Result : 273.833

3 32 67 43 73 59 7 26 76 36 15 65 74 11 5 23 60 79 18 39 42 29 78 28 4 1 70 77 46 25 50 75 53 41 34 80 37 20 17 14 31 68 48 13 69 45 54 9 47 66 61 6 27 10 64 56 40 51 21 38 71 58 33 12 2 44 72 63 30 62 55 52 8 22 19 57 16 49 24 35 

 3 32 67 43 73 59	 => 277
 7 59 73 26 76 36	 => 277
 15 36 76 65 74 11	 => 277
 67 5 23 60 79 43	 => 277
 73 43 79 18 39 26	 => 278
 76 26 39 42 29 65	 => 277
 74 65 29 78 28 4	 => 278
 23 1 70 77 46 60	 => 277
 79 60 46 25 50 18	 => 278
 39 18 50 75 53 42	 => 277
 29 42 53 41 34 78	 => 277
 28 78 34 80 37 20	 => 277
 70 17 14 31 68 77	 => 277
 46 77 68 48 13 25	 => 277
 50 25 13 69 45 75	 => 277
 53 75 45 54 9 41	 => 277
 34 41 9 47 66 80	 => 277
 37 80 66 61 6 27	 => 277
 68 31 10 64 56 48	 => 277
 13 48 56 40 51 69	 => 277
 45 69 51 21 38 54	 => 278
 9 54 38 71 58 47	 => 277
 66 47 58 33 12 61	 => 277
 56 64 2 44 72 40	 => 278
 51 40 72 63 30 21	 => 277
 38 21 30 62 55 71	 => 277
 58 71 55 52 8 33	 => 277
 72 44 22 19 57 63	 => 277
 30 63 57 16 49 62	 => 277
 55 62 49 24 35 52	 => 277


===================[TEST 4]===================

##### START ##### Wed May 21 19:31:53 2003



##### CONVERGE ##### Wed May 21 19:34:44 2003

Elapsed time: 171 seconds
Total loop: 118 generations

Result : 273.836

7 11 77 72 76 33 5 40 73 49 9 68 65 12 38 19 45 25 50 13 39 43 56 34 10 24 53 80 55 30 71 37 66 41 31 64 70 21 4 3 74 62 35 14 78 46 29 57 16 67 59 15 1 17 26 63 42 44 27 52 47 75 51 8 18 48 79 61 23 58 69 32 2 6 22 60 20 54 28 36 

 7 11 77 72 76 33	 => 276
 5 33 76 40 73 49	 => 276
 9 49 73 68 65 12	 => 276
 77 38 19 45 25 72	 => 276
 76 72 25 50 13 40	 => 276
 73 40 13 39 43 68	 => 276
 65 68 43 56 34 10	 => 276
 19 24 53 80 55 45	 => 276
 25 45 55 30 71 50	 => 276
 13 50 71 37 66 39	 => 276
 43 39 66 41 31 56	 => 276
 34 56 31 64 70 21	 => 276
 53 4 3 74 62 80	 => 276
 55 80 62 35 14 30	 => 276
 71 30 14 78 46 37	 => 276
 66 37 46 29 57 41	 => 276
 31 41 57 16 67 64	 => 276
 70 64 67 59 15 1	 => 276
 62 74 17 26 63 35	 => 277
 14 35 63 42 44 78	 => 276
 46 78 44 27 52 29	 => 276
 57 29 52 47 75 16	 => 276
 67 16 75 51 8 59	 => 276
 63 26 18 48 79 42	 => 276
 44 42 79 61 23 27	 => 276
 52 27 23 58 69 47	 => 276
 75 47 69 32 2 51	 => 276
 79 48 6 22 60 61	 => 276
 23 61 60 20 54 58	 => 276
 69 58 54 28 36 32	 => 277


===================[TEST 5]===================

##### START ##### Wed May 21 19:34:44 2003



##### CONVERGE ##### Wed May 21 19:37:47 2003

Elapsed time: 183 seconds
Total loop: 126 generations

Result : 271.833

6 21 49 69 68 62 10 9 73 53 8 52 70 19 22 11 79 45 64 20 50 71 48 34 1 26 56 76 28 41 18 80 43 25 38 78 72 5 4 2 74 63 27 40 42 55 59 13 57 65 33 15 12 7 37 67 39 60 35 24 47 75 29 16 30 58 44 66 31 77 61 46 17 3 54 51 14 36 23 32 

 6 21 49 69 68 62	 => 275
 10 62 68 9 73 53	 => 275
 8 53 73 52 70 19	 => 275
 49 22 11 79 45 69	 => 275
 68 69 45 64 20 9	 => 275
 73 9 20 50 71 52	 => 275
 70 52 71 48 34 1	 => 276
 11 26 56 76 28 79	 => 276
 45 79 28 41 18 64	 => 275
 20 64 18 80 43 50	 => 275
 71 50 43 25 38 48	 => 275
 34 48 38 78 72 5	 => 275
 56 4 2 74 63 76	 => 275
 28 76 63 27 40 41	 => 275
 18 41 40 42 55 80	 => 276
 43 80 55 59 13 25	 => 275
 38 25 13 57 65 78	 => 276
 72 78 65 33 15 12	 => 275
 63 74 7 37 67 27	 => 275
 40 27 67 39 60 42	 => 275
 55 42 60 35 24 59	 => 275
 13 59 24 47 75 57	 => 275
 65 57 75 29 16 33	 => 275
 67 37 30 58 44 39	 => 275
 60 39 44 66 31 35	 => 275
 24 35 31 77 61 47	 => 275
 75 47 61 46 17 29	 => 275
 44 58 3 54 51 66	 => 276
 31 66 51 14 36 77	 => 275
 61 77 36 23 32 46	 => 275



test#	fitness		sum		time
---------------------------------------------------
1	269.833				126
2	272.417				181
3	273.833				234
4	273.836				171
5	271.833				183


---------------------------------------------------
Best fitness      : 273.836 ( test# 4)
Shortest time     : 126 ( test# 1)

Average fitness   : 272.35
Average time      : 179
