****************** GA TEST *******************

total test#:			 5
hexa min width:			 3
hexa max width:			 6
hexa count:			 30
number count:			 80
population size:		 130
generation size:		 50

tournament winner p:		 1
do xover p:			 1
xover:				 2points
do mutation1 p:			 0.1
mutation1 p:			 0.05
do optimize p:			 1
local optimize count:		 10000
do deep better optimize p:	 1
do deep worse optimize p:	 0
do spin p:			 0
spin count:			 1000
do spin apply p:		 0.99
do mutation2 p:			 0.12
mutation2 p:			 0.08
force mutation2:		 0
replace bad p:			 0.195

converge rate p:		 0.99
converge count:			 1

**********************************************


===================[TEST 1]===================

##### START ##### Wed May 21 19:37:52 2003



##### CONVERGE ##### Wed May 21 19:41:32 2003

Elapsed time: 220 seconds
Total loop: 152 generations

Result : 272.622

24 14 54 74 62 48 3 20 73 70 18 79 30 6 5 15 75 53 26 41 22 42 76 37 12 13 59 64 51 8 63 72 52 29 55 38 69 1 11 28 56 58 68 27 39 67 40 16 61 77 49 33 10 2 32 60 36 47 34 50 44 66 19 4 25 80 43 71 45 57 46 78 23 17 35 31 7 65 21 9 

 24 14 54 74 62 48	 => 276
 3 48 62 20 73 70	 => 276
 18 70 73 79 30 6	 => 276
 54 5 15 75 53 74	 => 276
 62 74 53 26 41 20	 => 276
 73 20 41 22 42 79	 => 277
 30 79 42 76 37 12	 => 276
 15 13 59 64 51 75	 => 277
 53 75 51 8 63 26	 => 276
 41 26 63 72 52 22	 => 276
 42 22 52 29 55 76	 => 276
 37 76 55 38 69 1	 => 276
 59 11 28 56 58 64	 => 276
 51 64 58 68 27 8	 => 276
 63 8 27 39 67 72	 => 276
 52 72 67 40 16 29	 => 276
 55 29 16 61 77 38	 => 276
 69 38 77 49 33 10	 => 276
 58 56 2 32 60 68	 => 276
 27 68 60 36 47 39	 => 277
 67 39 47 34 50 40	 => 277
 16 40 50 44 66 61	 => 277
 77 61 66 19 4 49	 => 276
 60 32 25 80 43 36	 => 276
 47 36 43 71 45 34	 => 276
 50 34 45 57 46 44	 => 276
 66 44 46 78 23 19	 => 276
 43 80 17 35 31 71	 => 277
 45 71 31 7 65 57	 => 276
 46 57 65 21 9 78	 => 276


===================[TEST 2]===================

##### START ##### Wed May 21 19:41:32 2003



##### CONVERGE ##### Wed May 21 19:45:06 2003

Elapsed time: 214 seconds
Total loop: 148 generations

Result : 271.778

30 12 57 65 44 68 5 28 67 64 9 73 60 3 6 18 58 71 42 26 47 35 46 52 10 22 51 79 48 33 24 63 75 11 61 69 43 4 17 20 72 37 45 34 66 56 49 21 36 78 32 25 29 1 59 62 19 50 15 39 53 77 13 40 2 54 80 74 38 55 76 41 16 23 14 31 8 70 27 7 

 30 12 57 65 44 68	 => 276
 5 68 44 28 67 64	 => 276
 9 64 67 73 60 3	 => 276
 57 6 18 58 71 65	 => 275
 44 65 71 42 26 28	 => 276
 67 28 26 47 35 73	 => 276
 60 73 35 46 52 10	 => 276
 18 22 51 79 48 58	 => 276
 71 58 48 33 24 42	 => 276
 26 42 24 63 75 47	 => 277
 35 47 75 11 61 46	 => 275
 52 46 61 69 43 4	 => 275
 51 17 20 72 37 79	 => 276
 48 79 37 45 34 33	 => 276
 24 33 34 66 56 63	 => 276
 75 63 56 49 21 11	 => 275
 61 11 21 36 78 69	 => 276
 43 69 78 32 25 29	 => 276
 37 72 1 59 62 45	 => 276
 34 45 62 19 50 66	 => 276
 56 66 50 15 39 49	 => 275
 21 49 39 53 77 36	 => 275
 78 36 77 13 40 32	 => 276
 62 59 2 54 80 19	 => 276
 50 19 80 74 38 15	 => 276
 39 15 38 55 76 53	 => 276
 77 53 76 41 16 13	 => 276
 80 54 23 14 31 74	 => 276
 38 74 31 8 70 55	 => 276
 76 55 70 27 7 41	 => 276


===================[TEST 3]===================

##### START ##### Wed May 21 19:45:06 2003



##### CONVERGE ##### Wed May 21 19:49:08 2003

Elapsed time: 242 seconds
Total loop: 167 generations

Result : 272.622

7 12 67 65 77 49 5 17 50 78 10 79 45 15 3 39 56 46 47 24 69 37 71 40 4 11 74 55 42 22 63 59 14 57 29 72 62 2 16 1 54 76 28 53 41 38 73 35 19 64 61 9 8 6 60 52 44 58 23 43 31 75 32 26 20 30 70 48 33 80 66 51 21 36 25 68 13 34 27 18 

 7 12 67 65 77 49	 => 277
 5 49 77 17 50 78	 => 276
 10 78 50 79 45 15	 => 277
 67 3 39 56 46 65	 => 276
 77 65 46 47 24 17	 => 276
 50 17 24 69 37 79	 => 276
 45 79 37 71 40 4	 => 276
 39 11 74 55 42 56	 => 277
 46 56 42 22 63 47	 => 276
 24 47 63 59 14 69	 => 276
 37 69 14 57 29 71	 => 277
 40 71 29 72 62 2	 => 276
 74 16 1 54 76 55	 => 276
 42 55 76 28 53 22	 => 276
 63 22 53 41 38 59	 => 276
 14 59 38 73 35 57	 => 276
 29 57 35 19 64 72	 => 276
 62 72 64 61 9 8	 => 276
 76 54 6 60 52 28	 => 276
 53 28 52 44 58 41	 => 276
 38 41 58 23 43 73	 => 276
 35 73 43 31 75 19	 => 276
 64 19 75 32 26 61	 => 277
 52 60 20 30 70 44	 => 276
 58 44 70 48 33 23	 => 276
 43 23 33 80 66 31	 => 276
 75 31 66 51 21 32	 => 276
 70 30 36 25 68 48	 => 277
 33 48 68 13 34 80	 => 276
 66 80 34 27 18 51	 => 276


===================[TEST 4]===================

##### START ##### Wed May 21 19:49:08 2003



##### CONVERGE ##### Wed May 21 19:52:35 2003

Elapsed time: 207 seconds
Total loop: 143 generations

Result : 273.722

24 11 42 76 80 44 10 17 58 68 7 78 63 3 25 31 64 39 38 27 67 29 60 19 28 12 43 73 54 33 49 55 41 35 45 75 56 23 4 16 72 69 30 18 57 65 59 21 50 51 53 36 6 1 26 79 46 47 15 34 61 52 66 5 8 48 70 77 22 74 71 13 14 9 32 40 2 62 20 37 

 24 11 42 76 80 44	 => 277
 10 44 80 17 58 68	 => 277
 7 68 58 78 63 3	 => 277
 42 25 31 64 39 76	 => 277
 80 76 39 38 27 17	 => 277
 58 17 27 67 29 78	 => 276
 63 78 29 60 19 28	 => 277
 31 12 43 73 54 64	 => 277
 39 64 54 33 49 38	 => 277
 27 38 49 55 41 67	 => 277
 29 67 41 35 45 60	 => 277
 19 60 45 75 56 23	 => 278
 43 4 16 72 69 73	 => 277
 54 73 69 30 18 33	 => 277
 49 33 18 57 65 55	 => 277
 41 55 65 59 21 35	 => 276
 45 35 21 50 51 75	 => 277
 56 75 51 53 36 6	 => 277
 69 72 1 26 79 30	 => 277
 18 30 79 46 47 57	 => 277
 65 57 47 15 34 59	 => 277
 21 59 34 61 52 50	 => 277
 51 50 52 66 5 53	 => 277
 79 26 8 48 70 46	 => 277
 47 46 70 77 22 15	 => 277
 34 15 22 74 71 61	 => 277
 52 61 71 13 14 66	 => 277
 70 48 9 32 40 77	 => 276
 22 77 40 2 62 74	 => 277
 71 74 62 20 37 13	 => 277


===================[TEST 5]===================

##### START ##### Wed May 21 19:52:35 2003



##### CONVERGE ##### Wed May 21 19:57:16 2003

Elapsed time: 281 seconds
Total loop: 194 generations

Result : 273.5

10 32 68 59 78 30 4 67 74 23 38 64 58 20 9 39 65 37 31 5 27 40 63 50 1 2 56 69 46 21 77 61 76 36 35 72 51 6 14 13 54 71 42 28 43 47 45 12 49 73 48 15 17 11 29 70 53 41 22 79 26 66 24 16 19 44 62 80 18 57 75 52 34 3 33 55 7 60 25 8 

 10 32 68 59 78 30	 => 277
 4 30 78 67 74 23	 => 276
 38 23 74 64 58 20	 => 277
 68 9 39 65 37 59	 => 277
 78 59 37 31 5 67	 => 277
 74 67 5 27 40 64	 => 277
 58 64 40 63 50 1	 => 276
 39 2 56 69 46 65	 => 277
 37 65 46 21 77 31	 => 277
 5 31 77 61 76 27	 => 277
 40 27 76 36 35 63	 => 277
 50 63 35 72 51 6	 => 277
 56 14 13 54 71 69	 => 277
 46 69 71 42 28 21	 => 277
 77 21 28 43 47 61	 => 277
 76 61 47 45 12 36	 => 277
 35 36 12 49 73 72	 => 277
 51 72 73 48 15 17	 => 276
 71 54 11 29 70 42	 => 277
 28 42 70 53 41 43	 => 277
 47 43 41 22 79 45	 => 277
 12 45 79 26 66 49	 => 277
 73 49 66 24 16 48	 => 276
 70 29 19 44 62 53	 => 277
 41 53 62 80 18 22	 => 276
 79 22 18 57 75 26	 => 277
 66 26 75 52 34 24	 => 277
 62 44 3 33 55 80	 => 277
 18 80 55 7 60 57	 => 277
 75 57 60 25 8 52	 => 277



test#	fitness		sum		time
---------------------------------------------------
1	272.622				220
2	271.778				214
3	272.622				242
4	273.722				207
5	273.5				281


---------------------------------------------------
Best fitness      : 273.722 ( test# 4)
Shortest time     : 207 ( test# 4)

Average fitness   : 272.849
Average time      : 232.8
