****************** GA TEST *******************

total test#:			 5
hexa min width:			 3
hexa max width:			 6
hexa count:			 30
number count:			 80
population size:		 130
generation size:		 50

tournament winner p:		 1
do xover p:			 1
xover:				 2points
do mutation1 p:			 0.11
mutation1 p:			 0.05
do optimize p:			 1
local optimize count:		 10000
do deep better optimize p:	 1
do deep worse optimize p:	 0
do spin p:			 0
spin count:			 1000
do spin apply p:		 1
do mutation2 p:			 0.12
mutation2 p:			 0.08
force mutation2:		 0
replace bad p:			 0.195

converge rate p:		 0.99
converge count:			 1

**********************************************


===================[TEST 1]===================

##### START ##### Wed May 21 19:57:17 2003



##### CONVERGE ##### Wed May 21 20:01:03 2003

Elapsed time: 226 seconds
Total loop: 156 generations

Result : 272.56

25 13 52 70 74 42 17 27 76 40 3 77 64 16 7 49 80 18 66 21 45 29 68 24 14 4 72 67 5 54 53 32 59 36 39 78 60 8 22 20 33 62 57 31 71 35 73 41 34 48 75 9 6 19 58 47 26 44 43 10 56 63 55 2 11 69 65 61 37 79 51 50 1 23 12 46 15 38 28 30 

 25 13 52 70 74 42	 => 276
 17 42 74 27 76 40	 => 276
 3 40 76 77 64 16	 => 276
 52 7 49 80 18 70	 => 276
 74 70 18 66 21 27	 => 276
 76 27 21 45 29 77	 => 275
 64 77 29 68 24 14	 => 276
 49 4 72 67 5 80	 => 277
 18 80 5 54 53 66	 => 276
 21 66 53 32 59 45	 => 276
 29 45 59 36 39 68	 => 276
 24 68 39 78 60 8	 => 277
 72 22 20 33 62 67	 => 276
 5 67 62 57 31 54	 => 276
 53 54 31 71 35 32	 => 276
 59 32 35 73 41 36	 => 276
 39 36 41 34 48 78	 => 276
 60 78 48 75 9 6	 => 276
 62 33 19 58 47 57	 => 276
 31 57 47 26 44 71	 => 276
 35 71 44 43 10 73	 => 276
 41 73 10 56 63 34	 => 277
 48 34 63 55 2 75	 => 277
 47 58 11 69 65 26	 => 276
 44 26 65 61 37 43	 => 276
 10 43 37 79 51 56	 => 276
 63 56 51 50 1 55	 => 276
 65 69 23 12 46 61	 => 276
 37 61 46 15 38 79	 => 276
 51 79 38 28 30 50	 => 276


===================[TEST 2]===================

##### START ##### Wed May 21 20:01:03 2003



##### CONVERGE ##### Wed May 21 20:06:16 2003

Elapsed time: 313 seconds
Total loop: 217 generations

Result : 273.984

25 29 64 61 74 24 2 35 66 77 6 69 27 32 8 20 80 45 26 37 23 48 78 47 9 4 63 67 44 31 51 79 62 28 39 73 36 5 17 16 43 72 53 11 49 57 40 12 50 76 46 34 13 22 33 55 42 68 3 60 41 75 30 1 18 59 71 56 38 65 70 52 10 19 14 58 7 54 15 21 

 25 29 64 61 74 24	 => 277
 2 24 74 35 66 77	 => 278
 6 77 66 69 27 32	 => 277
 64 8 20 80 45 61	 => 278
 74 61 45 26 37 35	 => 278
 66 35 37 23 48 69	 => 278
 27 69 48 78 47 9	 => 278
 20 4 63 67 44 80	 => 278
 45 80 44 31 51 26	 => 277
 37 26 51 79 62 23	 => 278
 48 23 62 28 39 78	 => 278
 47 78 39 73 36 5	 => 278
 63 17 16 43 72 67	 => 278
 44 67 72 53 11 31	 => 278
 51 31 11 49 57 79	 => 278
 62 79 57 40 12 28	 => 278
 39 28 12 50 76 73	 => 278
 36 73 76 46 34 13	 => 278
 72 43 22 33 55 53	 => 278
 11 53 55 42 68 49	 => 278
 57 49 68 3 60 40	 => 277
 12 40 60 41 75 50	 => 278
 76 50 75 30 1 46	 => 278
 55 33 18 59 71 42	 => 278
 68 42 71 56 38 3	 => 278
 60 3 38 65 70 41	 => 277
 75 41 70 52 10 30	 => 278
 71 59 19 14 58 56	 => 277
 38 56 58 7 54 65	 => 278
 70 65 54 15 21 52	 => 277


===================[TEST 3]===================

##### START ##### Wed May 21 20:06:16 2003



##### CONVERGE ##### Wed May 21 20:09:30 2003

Elapsed time: 194 seconds
Total loop: 134 generations

Result : 272.36

7 9 73 56 64 67 3 22 78 42 29 66 40 21 6 20 77 43 63 28 46 36 69 26 39 24 55 75 25 48 19 70 50 31 44 51 76 10 12 15 45 74 37 17 68 53 38 35 54 61 65 5 18 1 57 62 34 58 32 27 49 72 16 8 11 60 52 59 41 80 47 79 13 30 4 71 2 23 14 33 

 7 9 73 56 64 67	 => 276
 3 67 64 22 78 42	 => 276
 29 42 78 66 40 21	 => 276
 73 6 20 77 43 56	 => 275
 64 56 43 63 28 22	 => 276
 78 22 28 46 36 66	 => 276
 40 66 36 69 26 39	 => 276
 20 24 55 75 25 77	 => 276
 43 77 25 48 19 63	 => 275
 28 63 19 70 50 46	 => 276
 36 46 50 31 44 69	 => 276
 26 69 44 51 76 10	 => 276
 55 12 15 45 74 75	 => 276
 25 75 74 37 17 48	 => 276
 19 48 17 68 53 70	 => 275
 50 70 53 38 35 31	 => 277
 44 31 35 54 61 51	 => 276
 76 51 61 65 5 18	 => 276
 74 45 1 57 62 37	 => 276
 17 37 62 34 58 68	 => 276
 53 68 58 32 27 38	 => 276
 35 38 27 49 72 54	 => 275
 61 54 72 16 8 65	 => 276
 62 57 11 60 52 34	 => 276
 58 34 52 59 41 32	 => 276
 27 32 41 80 47 49	 => 276
 72 49 47 79 13 16	 => 276
 52 60 30 4 71 59	 => 276
 41 59 71 2 23 80	 => 276
 47 80 23 14 33 79	 => 276


===================[TEST 4]===================

##### START ##### Wed May 21 20:09:30 2003



##### CONVERGE ##### Wed May 21 20:13:25 2003

Elapsed time: 235 seconds
Total loop: 162 generations

Result : 272.826

35 10 57 75 55 43 2 32 73 70 9 41 50 33 14 51 54 25 66 23 28 79 65 34 7 1 52 72 46 11 74 37 48 30 26 76 56 19 16 27 45 64 39 44 42 68 40 53 31 60 63 8 13 3 47 77 12 62 6 58 22 71 36 15 4 67 69 78 49 61 80 38 29 21 17 24 5 59 20 18 

 35 10 57 75 55 43	 => 275
 2 43 55 32 73 70	 => 275
 9 70 73 41 50 33	 => 276
 57 14 51 54 25 75	 => 276
 55 75 25 66 23 32	 => 276
 73 32 23 28 79 41	 => 276
 50 41 79 65 34 7	 => 276
 51 1 52 72 46 54	 => 276
 25 54 46 11 74 66	 => 276
 23 66 74 37 48 28	 => 276
 79 28 48 30 26 65	 => 276
 34 65 26 76 56 19	 => 276
 52 16 27 45 64 72	 => 276
 46 72 64 39 44 11	 => 276
 74 11 44 42 68 37	 => 276
 48 37 68 40 53 30	 => 276
 26 30 53 31 60 76	 => 276
 56 76 60 63 8 13	 => 276
 64 45 3 47 77 39	 => 275
 44 39 77 12 62 42	 => 276
 68 42 62 6 58 40	 => 276
 53 40 58 22 71 31	 => 275
 60 31 71 36 15 63	 => 276
 77 47 4 67 69 12	 => 276
 62 12 69 78 49 6	 => 276
 58 6 49 61 80 22	 => 276
 71 22 80 38 29 36	 => 276
 69 67 21 17 24 78	 => 276
 49 78 24 5 59 61	 => 276
 80 61 59 20 18 38	 => 276


===================[TEST 5]===================

##### START ##### Wed May 21 20:13:25 2003



##### CONVERGE ##### Wed May 21 20:17:22 2003

Elapsed time: 237 seconds
Total loop: 164 generations

Result : 271.826

7 13 44 80 72 59 3 2 73 66 10 56 47 23 14 24 62 51 50 19 57 68 46 41 17 25 31 78 55 35 22 67 60 9 34 75 61 18 16 11 70 69 5 33 79 39 48 52 28 77 20 4 38 1 53 76 40 42 37 30 43 74 27 49 6 36 64 63 29 71 65 58 8 26 32 54 12 45 21 15 

 7 13 44 80 72 59	 => 275
 3 59 72 2 73 66	 => 275
 10 66 73 56 47 23	 => 275
 44 14 24 62 51 80	 => 275
 72 80 51 50 19 2	 => 274
 73 2 19 57 68 56	 => 275
 47 56 68 46 41 17	 => 275
 24 25 31 78 55 62	 => 275
 51 62 55 35 22 50	 => 275
 19 50 22 67 60 57	 => 275
 68 57 60 9 34 46	 => 274
 41 46 34 75 61 18	 => 275
 31 16 11 70 69 78	 => 275
 55 78 69 5 33 35	 => 275
 22 35 33 79 39 67	 => 275
 60 67 39 48 52 9	 => 275
 34 9 52 28 77 75	 => 275
 61 75 77 20 4 38	 => 275
 69 70 1 53 76 5	 => 274
 33 5 76 40 42 79	 => 275
 39 79 42 37 30 48	 => 275
 52 48 30 43 74 28	 => 275
 77 28 74 27 49 20	 => 275
 76 53 6 36 64 40	 => 275
 42 40 64 63 29 37	 => 275
 30 37 29 71 65 43	 => 275
 74 43 65 58 8 27	 => 275
 64 36 26 32 54 63	 => 275
 29 63 54 12 45 71	 => 274
 65 71 45 21 15 58	 => 275



test#	fitness		sum		time
---------------------------------------------------
1	272.56				226
2	273.984				313
3	272.36				194
4	272.826				235
5	271.826				237


---------------------------------------------------
Best fitness      : 273.984 ( test# 2)
Shortest time     : 194 ( test# 3)

Average fitness   : 272.711
Average time      : 241
