****************** GA TEST *******************

total test#:			 5
hexa min width:			 3
hexa max width:			 6
hexa count:			 30
number count:			 80
population size:		 130
generation size:		 50

tournament winner p:		 1
do xover p:			 1
xover:				 2points
do mutation1 p:			 0.09
mutation1 p:			 0.05
do optimize p:			 1
local optimize count:		 10000
do deep better optimize p:	 1
do deep worse optimize p:	 0
do spin p:			 0
spin count:			 1000
do spin apply p:		 1
do mutation2 p:			 0.12
mutation2 p:			 0.08
force mutation2:		 0
replace bad p:			 0.195

converge rate p:		 0.99
converge count:			 1

**********************************************


===================[TEST 1]===================

##### START ##### Wed May 21 20:17:27 2003



##### CONVERGE ##### Wed May 21 20:21:55 2003

Elapsed time: 268 seconds
Total loop: 186 generations

Result : 272.833

36 22 49 62 78 29 9 37 66 57 23 72 55 3 12 18 77 58 28 14 73 15 60 53 21 13 68 76 24 30 59 64 38 39 51 50 43 19 8 7 61 56 42 48 41 34 70 31 26 80 71 27 5 4 46 67 45 33 44 54 32 63 35 1 2 47 69 65 20 74 52 79 16 10 11 75 17 25 6 40 

 36 22 49 62 78 29	 => 276
 9 29 78 37 66 57	 => 276
 23 57 66 72 55 3	 => 276
 49 12 18 77 58 62	 => 276
 78 62 58 28 14 37	 => 277
 66 37 14 73 15 72	 => 277
 55 72 15 60 53 21	 => 276
 18 13 68 76 24 77	 => 276
 58 77 24 30 59 28	 => 276
 14 28 59 64 38 73	 => 276
 15 73 38 39 51 60	 => 276
 53 60 51 50 43 19	 => 276
 68 8 7 61 56 76	 => 276
 24 76 56 42 48 30	 => 276
 59 30 48 41 34 64	 => 276
 38 64 34 70 31 39	 => 276
 51 39 31 26 80 50	 => 277
 43 50 80 71 27 5	 => 276
 56 61 4 46 67 42	 => 276
 48 42 67 45 33 41	 => 276
 34 41 33 44 54 70	 => 276
 31 70 54 32 63 26	 => 276
 80 26 63 35 1 71	 => 276
 67 46 2 47 69 45	 => 276
 33 45 69 65 20 44	 => 276
 54 44 20 74 52 32	 => 276
 63 32 52 79 16 35	 => 277
 69 47 10 11 75 65	 => 277
 20 65 75 17 25 74	 => 276
 52 74 25 6 40 79	 => 276


===================[TEST 2]===================

##### START ##### Wed May 21 20:21:55 2003



##### CONVERGE ##### Wed May 21 20:25:08 2003

Elapsed time: 193 seconds
Total loop: 133 generations

Result : 272.221

3 23 41 67 62 79 6 13 55 60 33 73 42 12 7 69 40 52 59 22 44 68 45 37 10 8 56 38 64 32 27 43 80 4 34 75 63 21 26 18 66 71 24 46 70 57 61 30 54 78 49 1 9 14 28 72 15 48 20 19 65 47 36 11 31 53 76 77 39 58 74 51 2 5 29 35 16 50 17 25 

 3 23 41 67 62 79	 => 275
 6 79 62 13 55 60	 => 275
 33 60 55 73 42 12	 => 275
 41 7 69 40 52 67	 => 276
 62 67 52 59 22 13	 => 275
 55 13 22 44 68 73	 => 275
 42 73 68 45 37 10	 => 275
 69 8 56 38 64 40	 => 275
 52 40 64 32 27 59	 => 274
 22 59 27 43 80 44	 => 275
 68 44 80 4 34 45	 => 275
 37 45 34 75 63 21	 => 275
 56 26 18 66 71 38	 => 275
 64 38 71 24 46 32	 => 275
 27 32 46 70 57 43	 => 275
 80 43 57 61 30 4	 => 275
 34 4 30 54 78 75	 => 275
 63 75 78 49 1 9	 => 275
 71 66 14 28 72 24	 => 275
 46 24 72 15 48 70	 => 275
 57 70 48 20 19 61	 => 275
 30 61 19 65 47 54	 => 276
 78 54 47 36 11 49	 => 275
 72 28 31 53 76 15	 => 275
 48 15 76 77 39 20	 => 275
 19 20 39 58 74 65	 => 275
 47 65 74 51 2 36	 => 275
 76 53 5 29 35 77	 => 275
 39 77 35 16 50 58	 => 275
 74 58 50 17 25 51	 => 275


===================[TEST 3]===================

##### START ##### Wed May 21 20:25:08 2003



##### CONVERGE ##### Wed May 21 20:27:40 2003

Elapsed time: 152 seconds
Total loop: 105 generations

Result : 270.323

34 7 59 60 63 52 6 62 66 25 13 80 68 22 16 35 73 31 38 20 33 14 75 30 8 15 56 51 45 23 64 77 43 39 71 65 29 5 11 37 46 74 53 28 47 36 61 19 32 49 69 21 41 17 27 57 42 48 24 58 26 78 44 3 10 72 67 76 18 79 70 55 2 1 9 50 40 12 4 54 

 34 7 59 60 63 52	 => 275
 6 52 63 62 66 25	 => 274
 13 25 66 80 68 22	 => 274
 59 16 35 73 31 60	 => 274
 63 60 31 38 20 62	 => 274
 66 62 20 33 14 80	 => 275
 68 80 14 75 30 8	 => 275
 35 15 56 51 45 73	 => 275
 31 73 45 23 64 38	 => 274
 20 38 64 77 43 33	 => 275
 14 33 43 39 71 75	 => 275
 30 75 71 65 29 5	 => 275
 56 11 37 46 74 51	 => 275
 45 51 74 53 28 23	 => 274
 64 23 28 47 36 77	 => 275
 43 77 36 61 19 39	 => 275
 71 39 19 32 49 65	 => 275
 29 65 49 69 21 41	 => 274
 74 46 17 27 57 53	 => 274
 28 53 57 42 48 47	 => 275
 36 47 48 24 58 61	 => 274
 19 61 58 26 78 32	 => 274
 49 32 78 44 3 69	 => 275
 57 27 10 72 67 42	 => 275
 48 42 67 76 18 24	 => 275
 58 24 18 79 70 26	 => 275
 78 26 70 55 2 44	 => 275
 67 72 1 9 50 76	 => 275
 18 76 50 40 12 79	 => 275
 70 79 12 4 54 55	 => 274


===================[TEST 4]===================

##### START ##### Wed May 21 20:27:40 2003



##### CONVERGE ##### Wed May 21 20:32:00 2003

Elapsed time: 260 seconds
Total loop: 180 generations

Result : 274.221

30 19 80 48 75 26 2 29 79 66 6 65 51 10 1 42 74 32 72 21 27 56 64 35 5 3 63 70 25 14 60 50 47 31 52 68 49 9 7 16 43 78 53 37 77 39 76 34 22 71 61 13 15 4 40 59 28 23 38 24 54 67 36 20 8 73 69 62 57 46 58 44 18 17 11 45 12 55 33 41 

 30 19 80 48 75 26	 => 278
 2 26 75 29 79 66	 => 277
 6 66 79 65 51 10	 => 277
 80 1 42 74 32 48	 => 277
 75 48 32 72 21 29	 => 277
 79 29 21 27 56 65	 => 277
 51 65 56 64 35 5	 => 276
 42 3 63 70 25 74	 => 277
 32 74 25 14 60 72	 => 277
 21 72 60 50 47 27	 => 277
 56 27 47 31 52 64	 => 277
 35 64 52 68 49 9	 => 277
 63 7 16 43 78 70	 => 277
 25 70 78 53 37 14	 => 277
 60 14 37 77 39 50	 => 277
 47 50 39 76 34 31	 => 277
 52 31 34 22 71 68	 => 278
 49 68 71 61 13 15	 => 277
 78 43 4 40 59 53	 => 277
 37 53 59 28 23 77	 => 277
 39 77 23 38 24 76	 => 277
 34 76 24 54 67 22	 => 277
 71 22 67 36 20 61	 => 277
 59 40 8 73 69 28	 => 277
 23 28 69 62 57 38	 => 277
 24 38 57 46 58 54	 => 277
 67 54 58 44 18 36	 => 277
 69 73 17 11 45 62	 => 277
 57 62 45 12 55 46	 => 277
 58 46 55 33 41 44	 => 277


===================[TEST 5]===================

##### START ##### Wed May 21 20:32:00 2003



##### CONVERGE ##### Wed May 21 20:34:37 2003

Elapsed time: 157 seconds
Total loop: 108 generations

Result : 269.856

31 34 50 67 68 23 1 26 79 76 6 70 33 9 7 39 69 41 54 17 8 73 44 40 13 11 42 66 46 18 45 74 75 24 49 77 60 3 2 29 78 57 27 59 48 28 56 16 64 43 35 38 20 10 71 30 58 51 36 55 21 61 65 5 25 52 37 72 19 62 80 32 15 47 12 53 4 63 14 22 

 31 34 50 67 68 23	 => 273
 1 23 68 26 79 76	 => 273
 6 76 79 70 33 9	 => 273
 50 7 39 69 41 67	 => 273
 68 67 41 54 17 26	 => 273
 79 26 17 8 73 70	 => 273
 33 70 73 44 40 13	 => 273
 39 11 42 66 46 69	 => 273
 41 69 46 18 45 54	 => 273
 17 54 45 74 75 8	 => 273
 73 8 75 24 49 44	 => 273
 40 44 49 77 60 3	 => 273
 42 2 29 78 57 66	 => 274
 46 66 57 27 59 18	 => 273
 45 18 59 48 28 74	 => 272
 75 74 28 56 16 24	 => 273
 49 24 16 64 43 77	 => 273
 60 77 43 35 38 20	 => 273
 57 78 10 71 30 27	 => 273
 59 27 30 58 51 48	 => 273
 28 48 51 36 55 56	 => 274
 16 56 55 21 61 64	 => 273
 43 64 61 65 5 35	 => 273
 30 71 25 52 37 58	 => 273
 51 58 37 72 19 36	 => 273
 55 36 19 62 80 21	 => 273
 61 21 80 32 15 65	 => 274
 37 52 47 12 53 72	 => 273
 19 72 53 4 63 62	 => 273
 80 62 63 14 22 32	 => 273



test#	fitness		sum		time
---------------------------------------------------
1	272.833				268
2	272.221				193
3	270.323				152
4	274.221				260
5	269.856				157


---------------------------------------------------
Best fitness      : 274.221 ( test# 4)
Shortest time     : 152 ( test# 3)

Average fitness   : 271.891
Average time      : 206
