****************** GA TEST *******************

total test#:			 5
hexa min width:			 3
hexa max width:			 6
hexa count:			 30
number count:			 80
population size:		 130
generation size:		 50

tournament winner p:		 1
do xover p:			 1
xover:				 2points
do mutation1 p:			 0.1
mutation1 p:			 0.06
do optimize p:			 1
local optimize count:		 10000
do deep better optimize p:	 1
do deep worse optimize p:	 0
do spin p:			 0
spin count:			 1000
do spin apply p:		 1
do mutation2 p:			 0.12
mutation2 p:			 0.08
force mutation2:		 0
replace bad p:			 0.195

converge rate p:		 0.99
converge count:			 1

**********************************************


===================[TEST 1]===================

##### START ##### Wed May 21 20:34:42 2003



##### CONVERGE ##### Wed May 21 20:37:08 2003

Elapsed time: 146 seconds
Total loop: 101 generations

Result : 268.826

34 8 61 47 79 43 15 33 77 25 16 72 69 13 4 41 67 51 59 3 80 7 66 49 9 1 64 76 23 28 44 50 36 62 21 56 45 35 26 24 22 60 20 65 53 32 78 14 46 73 52 6 39 29 71 70 27 37 17 55 31 48 42 11 2 38 63 74 54 40 75 58 18 57 10 30 5 68 19 12 

 34 8 61 47 79 43	 => 272
 15 43 79 33 77 25	 => 272
 16 25 77 72 69 13	 => 272
 61 4 41 67 51 47	 => 271
 79 47 51 59 3 33	 => 272
 77 33 3 80 7 72	 => 272
 69 72 7 66 49 9	 => 272
 41 1 64 76 23 67	 => 272
 51 67 23 28 44 59	 => 272
 3 59 44 50 36 80	 => 272
 7 80 36 62 21 66	 => 272
 49 66 21 56 45 35	 => 272
 64 26 24 22 60 76	 => 272
 23 76 60 20 65 28	 => 272
 44 28 65 53 32 50	 => 272
 36 50 32 78 14 62	 => 272
 21 62 14 46 73 56	 => 272
 45 56 73 52 6 39	 => 271
 60 22 29 71 70 20	 => 272
 65 20 70 27 37 53	 => 272
 32 53 37 17 55 78	 => 272
 14 78 55 31 48 46	 => 272
 73 46 48 42 11 52	 => 272
 70 71 2 38 63 27	 => 271
 37 27 63 74 54 17	 => 272
 55 17 54 40 75 31	 => 272
 48 31 75 58 18 42	 => 272
 63 38 57 10 30 74	 => 272
 54 74 30 5 68 40	 => 271
 75 40 68 19 12 58	 => 272


===================[TEST 2]===================

##### START ##### Wed May 21 20:37:08 2003



##### CONVERGE ##### Wed May 21 20:39:30 2003

Elapsed time: 142 seconds
Total loop: 98 generations

Result : 272.154

27 11 62 66 69 40 31 14 58 63 18 64 65 7 1 30 80 36 52 38 28 73 43 20 10 15 59 70 21 51 35 67 55 26 50 77 76 9 3 25 57 61 68 5 71 46 49 32 34 56 29 24 13 6 42 41 37 53 8 47 39 74 60 22 2 75 78 45 54 48 79 19 4 16 17 44 12 72 23 33 

 27 11 62 66 69 40	 => 275
 31 40 69 14 58 63	 => 275
 18 63 58 64 65 7	 => 275
 62 1 30 80 36 66	 => 275
 69 66 36 52 38 14	 => 275
 58 14 38 28 73 64	 => 275
 65 64 73 43 20 10	 => 275
 30 15 59 70 21 80	 => 275
 36 80 21 51 35 52	 => 275
 38 52 35 67 55 28	 => 275
 73 28 55 26 50 43	 => 275
 20 43 50 77 76 9	 => 275
 59 3 25 57 61 70	 => 275
 21 70 61 68 5 51	 => 276
 35 51 5 71 46 67	 => 275
 55 67 46 49 32 26	 => 275
 50 26 32 34 56 77	 => 275
 76 77 56 29 24 13	 => 275
 61 57 6 42 41 68	 => 275
 5 68 41 37 53 71	 => 275
 46 71 53 8 47 49	 => 274
 32 49 47 39 74 34	 => 275
 56 34 74 60 22 29	 => 275
 41 42 2 75 78 37	 => 275
 53 37 78 45 54 8	 => 275
 47 8 54 48 79 39	 => 275
 74 39 79 19 4 60	 => 275
 78 75 16 17 44 45	 => 275
 54 45 44 12 72 48	 => 275
 79 48 72 23 33 19	 => 274


===================[TEST 3]===================

##### START ##### Wed May 21 20:39:30 2003



##### CONVERGE ##### Wed May 21 20:42:27 2003

Elapsed time: 177 seconds
Total loop: 122 generations

Result : 270.778

16 32 80 55 67 25 10 30 79 63 7 66 44 15 2 26 75 37 38 48 12 40 78 41 6 14 58 59 43 17 64 39 73 21 51 69 35 1 11 5 72 70 29 57 36 62 49 31 47 56 76 19 20 34 28 42 65 46 8 74 50 24 68 4 9 53 77 52 27 71 45 54 33 13 18 61 3 60 23 22 

 16 32 80 55 67 25	 => 275
 10 25 67 30 79 63	 => 274
 7 63 79 66 44 15	 => 274
 80 2 26 75 37 55	 => 275
 67 55 37 38 48 30	 => 275
 79 30 48 12 40 66	 => 275
 44 66 40 78 41 6	 => 275
 26 14 58 59 43 75	 => 275
 37 75 43 17 64 38	 => 274
 48 38 64 39 73 12	 => 274
 40 12 73 21 51 78	 => 275
 41 78 51 69 35 1	 => 275
 58 11 5 72 70 59	 => 275
 43 59 70 29 57 17	 => 275
 64 17 57 36 62 39	 => 275
 73 39 62 49 31 21	 => 275
 51 21 31 47 56 69	 => 275
 35 69 56 76 19 20	 => 275
 70 72 34 28 42 29	 => 275
 57 29 42 65 46 36	 => 275
 62 36 46 8 74 49	 => 275
 31 49 74 50 24 47	 => 275
 56 47 24 68 4 76	 => 275
 42 28 9 53 77 65	 => 274
 46 65 77 52 27 8	 => 275
 74 8 27 71 45 50	 => 275
 24 50 45 54 33 68	 => 274
 77 53 13 18 61 52	 => 274
 27 52 61 3 60 71	 => 274
 45 71 60 23 22 54	 => 275


===================[TEST 4]===================

##### START ##### Wed May 21 20:42:27 2003



##### CONVERGE ##### Wed May 21 20:45:25 2003

Elapsed time: 178 seconds
Total loop: 123 generations

Result : 271.5

15 36 69 48 79 28 6 37 59 66 8 60 80 2 1 29 76 52 13 46 43 30 62 39 4 3 57 61 49 21 64 35 74 24 42 63 44 25 20 11 71 55 58 31 77 47 54 41 32 73 68 14 12 7 67 17 72 19 45 33 50 65 27 10 9 56 53 51 34 75 38 78 16 22 23 70 5 40 18 26 

 15 36 69 48 79 28	 => 275
 6 28 79 37 59 66	 => 275
 8 66 59 60 80 2	 => 275
 69 1 29 76 52 48	 => 275
 79 48 52 13 46 37	 => 275
 59 37 46 43 30 60	 => 275
 80 60 30 62 39 4	 => 275
 29 3 57 61 49 76	 => 275
 52 76 49 21 64 13	 => 275
 46 13 64 35 74 43	 => 275
 30 43 74 24 42 62	 => 275
 39 62 42 63 44 25	 => 275
 57 20 11 71 55 61	 => 275
 49 61 55 58 31 21	 => 275
 64 21 31 77 47 35	 => 275
 74 35 47 54 41 24	 => 275
 42 24 41 32 73 63	 => 275
 44 63 73 68 14 12	 => 274
 55 71 7 67 17 58	 => 275
 31 58 17 72 19 77	 => 274
 47 77 19 45 33 54	 => 275
 41 54 33 50 65 32	 => 275
 73 32 65 27 10 68	 => 275
 17 67 9 56 53 72	 => 274
 19 72 53 51 34 45	 => 274
 33 45 34 75 38 50	 => 275
 65 50 38 78 16 27	 => 274
 53 56 22 23 70 51	 => 275
 34 51 70 5 40 75	 => 275
 38 75 40 18 26 78	 => 275


===================[TEST 5]===================

##### START ##### Wed May 21 20:45:25 2003



##### CONVERGE ##### Wed May 21 20:49:32 2003

Elapsed time: 247 seconds
Total loop: 171 generations

Result : 273.836

1 36 28 80 64 67 13 48 41 43 31 72 77 12 20 32 78 38 17 29 70 16 60 46 5 6 25 76 59 37 47 62 51 24 55 66 40 9 14 33 79 49 45 10 68 52 57 30 39 63 69 11 27 3 26 74 35 44 21 34 42 75 8 22 18 58 65 61 50 56 73 71 7 23 15 54 2 53 19 4 

 1 36 28 80 64 67	 => 276
 13 67 64 48 41 43	 => 276
 31 43 41 72 77 12	 => 276
 28 20 32 78 38 80	 => 276
 64 80 38 17 29 48	 => 276
 41 48 29 70 16 72	 => 276
 77 72 16 60 46 5	 => 276
 32 6 25 76 59 78	 => 276
 38 78 59 37 47 17	 => 276
 29 17 47 62 51 70	 => 276
 16 70 51 24 55 60	 => 276
 46 60 55 66 40 9	 => 276
 25 14 33 79 49 76	 => 276
 59 76 49 45 10 37	 => 276
 47 37 10 68 52 62	 => 276
 51 62 52 57 30 24	 => 276
 55 24 30 39 63 66	 => 277
 40 66 63 69 11 27	 => 276
 49 79 3 26 74 45	 => 276
 10 45 74 35 44 68	 => 276
 52 68 44 21 34 57	 => 276
 30 57 34 42 75 39	 => 277
 63 39 75 8 22 69	 => 276
 74 26 18 58 65 35	 => 276
 44 35 65 61 50 21	 => 276
 34 21 50 56 73 42	 => 276
 75 42 73 71 7 8	 => 276
 65 58 23 15 54 61	 => 276
 50 61 54 2 53 56	 => 276
 73 56 53 19 4 71	 => 276



test#	fitness		sum		time
---------------------------------------------------
1	268.826				146
2	272.154				142
3	270.778				177
4	271.5				178
5	273.836				247


---------------------------------------------------
Best fitness      : 273.836 ( test# 5)
Shortest time     : 142 ( test# 2)

Average fitness   : 271.419
Average time      : 178
