****************** GA TEST *******************

total test#:			 5
hexa min width:			 3
hexa max width:			 6
hexa count:			 30
number count:			 80
population size:		 140
generation size:		 50

tournament winner p:		 1
do xover p:			 1
xover:				 2points
do mutation1 p:			 0.1
mutation1 p:			 0.05
do optimize p:			 1
local optimize count:		 10000
do deep better optimize p:	 1
do deep worse optimize p:	 0
do spin p:			 0
spin count:			 1000
do spin apply p:		 1
do mutation2 p:			 0.12
mutation2 p:			 0.08
force mutation2:		 0
replace bad p:			 0.195

converge rate p:		 0.99
converge count:			 1

**********************************************


===================[TEST 1]===================

##### START ##### Wed May 21 13:22:07 2003



##### CONVERGE ##### Wed May 21 13:25:05 2003

Elapsed time: 178 seconds
Total loop: 123 generations

Result : 273.833

14 13 48 77 64 61 8 21 78 45 16 68 65 5 11 47 58 36 53 26 34 50 62 31 1 4 52 72 44 29 57 33 74 27 30 67 63 24 9 20 69 55 41 37 42 79 43 22 51 80 49 12 6 38 15 59 32 66 19 28 60 73 17 7 25 71 75 46 39 76 56 70 2 35 10 40 23 54 18 3 

 14 13 48 77 64 61	 => 277
 8 61 64 21 78 45	 => 277
 16 45 78 68 65 5	 => 277
 48 11 47 58 36 77	 => 277
 64 77 36 53 26 21	 => 277
 78 21 26 34 50 68	 => 277
 65 68 50 62 31 1	 => 277
 47 4 52 72 44 58	 => 277
 36 58 44 29 57 53	 => 277
 26 53 57 33 74 34	 => 277
 50 34 74 27 30 62	 => 277
 31 62 30 67 63 24	 => 277
 52 9 20 69 55 72	 => 277
 44 72 55 41 37 29	 => 278
 57 29 37 42 79 33	 => 277
 74 33 79 43 22 27	 => 278
 30 27 22 51 80 67	 => 277
 63 67 80 49 12 6	 => 277
 55 69 38 15 59 41	 => 277
 37 41 59 32 66 42	 => 277
 79 42 66 19 28 43	 => 277
 22 43 28 60 73 51	 => 277
 80 51 73 17 7 49	 => 277
 59 15 25 71 75 32	 => 277
 66 32 75 46 39 19	 => 277
 28 19 39 76 56 60	 => 278
 73 60 56 70 2 17	 => 278
 75 71 35 10 40 46	 => 277
 39 46 40 23 54 76	 => 278
 56 76 54 18 3 70	 => 277


===================[TEST 2]===================

##### START ##### Wed May 21 13:25:05 2003



##### CONVERGE ##### Wed May 21 13:28:39 2003

Elapsed time: 214 seconds
Total loop: 148 generations

Result : 271.509

8 4 58 79 74 54 9 21 76 42 22 75 60 1 7 11 71 51 36 16 65 24 72 32 13 19 68 53 55 2 61 35 63 25 28 80 59 5 18 15 44 78 47 41 77 62 43 49 39 56 64 14 3 6 73 29 38 45 20 30 46 70 37 10 17 50 69 57 48 67 66 34 23 33 27 40 12 52 31 26 

 8 4 58 79 74 54	 => 277
 9 54 74 21 76 42	 => 276
 22 42 76 75 60 1	 => 276
 58 7 11 71 51 79	 => 277
 74 79 51 36 16 21	 => 277
 76 21 16 65 24 75	 => 277
 60 75 24 72 32 13	 => 276
 11 19 68 53 55 71	 => 277
 51 71 55 2 61 36	 => 276
 16 36 61 35 63 65	 => 276
 24 65 63 25 28 72	 => 277
 32 72 28 80 59 5	 => 276
 68 18 15 44 78 53	 => 276
 55 53 78 47 41 2	 => 276
 61 2 41 77 62 35	 => 278
 63 35 62 43 49 25	 => 277
 28 25 49 39 56 80	 => 277
 59 80 56 64 14 3	 => 276
 78 44 6 73 29 47	 => 277
 41 47 29 38 45 77	 => 277
 62 77 45 20 30 43	 => 277
 49 43 30 46 70 39	 => 277
 56 39 70 37 10 64	 => 276
 29 73 17 50 69 38	 => 276
 45 38 69 57 48 20	 => 277
 30 20 48 67 66 46	 => 277
 70 46 66 34 23 37	 => 276
 69 50 33 27 40 57	 => 276
 48 57 40 12 52 67	 => 276
 66 67 52 31 26 34	 => 276


===================[TEST 3]===================

##### START ##### Wed May 21 13:28:39 2003



##### CONVERGE ##### Wed May 21 13:33:20 2003

Elapsed time: 281 seconds
Total loop: 194 generations

Result : 272.622

7 15 48 75 60 71 14 26 63 43 32 61 74 3 24 5 79 45 47 23 46 57 70 13 2 6 66 68 53 12 41 69 50 22 31 76 58 29 1 21 55 65 59 19 73 62 39 34 36 77 38 9 18 11 44 42 56 27 8 67 37 64 28 33 10 52 72 78 35 49 80 51 16 4 30 40 20 54 25 17 

 7 15 48 75 60 71	 => 276
 14 71 60 26 63 43	 => 277
 32 43 63 61 74 3	 => 276
 48 24 5 79 45 75	 => 276
 60 75 45 47 23 26	 => 276
 63 26 23 46 57 61	 => 276
 74 61 57 70 13 2	 => 277
 5 6 66 68 53 79	 => 277
 45 79 53 12 41 47	 => 277
 23 47 41 69 50 46	 => 276
 57 46 50 22 31 70	 => 276
 13 70 31 76 58 29	 => 277
 66 1 21 55 65 68	 => 276
 53 68 65 59 19 12	 => 276
 41 12 19 73 62 69	 => 276
 50 69 62 39 34 22	 => 276
 31 22 34 36 77 76	 => 276
 58 76 77 38 9 18	 => 276
 65 55 11 44 42 59	 => 276
 19 59 42 56 27 73	 => 276
 62 73 27 8 67 39	 => 276
 34 39 67 37 64 36	 => 277
 77 36 64 28 33 38	 => 276
 42 44 10 52 72 56	 => 276
 27 56 72 78 35 8	 => 276
 67 8 35 49 80 37	 => 276
 64 37 80 51 16 28	 => 276
 72 52 4 30 40 78	 => 276
 35 78 40 20 54 49	 => 276
 80 49 54 25 17 51	 => 276


===================[TEST 4]===================

##### START ##### Wed May 21 13:33:20 2003



##### CONVERGE ##### Wed May 21 13:37:12 2003

Elapsed time: 232 seconds
Total loop: 160 generations

Result : 272.093

2 37 44 78 75 39 18 17 69 57 1 76 43 29 16 25 71 41 15 49 38 26 73 47 10 7 60 50 62 34 52 42 80 12 46 48 58 3 8 20 74 63 21 45 35 68 33 40 59 70 56 24 19 13 27 77 32 65 51 23 53 67 14 9 30 54 55 61 11 66 72 64 5 22 4 79 28 31 6 36 

 2 37 44 78 75 39	 => 275
 18 39 75 17 69 57	 => 275
 1 57 69 76 43 29	 => 275
 44 16 25 71 41 78	 => 275
 75 78 41 15 49 17	 => 275
 69 17 49 38 26 76	 => 275
 43 76 26 73 47 10	 => 275
 25 7 60 50 62 71	 => 275
 41 71 62 34 52 15	 => 275
 49 15 52 42 80 38	 => 276
 26 38 80 12 46 73	 => 275
 47 73 46 48 58 3	 => 275
 60 8 20 74 63 50	 => 275
 62 50 63 21 45 34	 => 275
 52 34 45 35 68 42	 => 276
 80 42 68 33 40 12	 => 275
 46 12 40 59 70 48	 => 275
 58 48 70 56 24 19	 => 275
 63 74 13 27 77 21	 => 275
 45 21 77 32 65 35	 => 275
 68 35 65 51 23 33	 => 275
 40 33 23 53 67 59	 => 275
 70 59 67 14 9 56	 => 275
 77 27 30 54 55 32	 => 275
 65 32 55 61 11 51	 => 275
 23 51 11 66 72 53	 => 276
 67 53 72 64 5 14	 => 275
 55 54 22 4 79 61	 => 275
 11 61 79 28 31 66	 => 276
 72 66 31 6 36 64	 => 275


===================[TEST 5]===================

##### START ##### Wed May 21 13:37:12 2003



##### CONVERGE ##### Wed May 21 13:40:05 2003

Elapsed time: 173 seconds
Total loop: 120 generations

Result : 270.836

18 14 80 46 53 62 11 8 69 70 12 76 37 9 15 33 25 74 52 40 29 51 55 49 5 58 41 77 39 19 64 28 60 35 43 66 59 1 7 32 48 68 36 34 50 78 42 30 20 79 31 21 17 47 2 72 65 16 24 63 45 73 57 13 3 56 75 67 26 61 54 38 6 22 10 44 4 71 23 27 

 18 14 80 46 53 62	 => 273
 11 62 53 8 69 70	 => 273
 12 70 69 76 37 9	 => 273
 80 15 33 25 74 46	 => 273
 53 46 74 52 40 8	 => 273
 69 8 40 29 51 76	 => 273
 37 76 51 55 49 5	 => 273
 33 58 41 77 39 25	 => 273
 74 25 39 19 64 52	 => 273
 40 52 64 28 60 29	 => 273
 51 29 60 35 43 55	 => 273
 49 55 43 66 59 1	 => 273
 41 7 32 48 68 77	 => 273
 39 77 68 36 34 19	 => 273
 64 19 34 50 78 28	 => 273
 60 28 78 42 30 35	 => 273
 43 35 30 20 79 66	 => 273
 59 66 79 31 21 17	 => 273
 68 48 47 2 72 36	 => 273
 34 36 72 65 16 50	 => 273
 78 50 16 24 63 42	 => 273
 30 42 63 45 73 20	 => 273
 79 20 73 57 13 31	 => 273
 72 2 3 56 75 65	 => 273
 16 65 75 67 26 24	 => 273
 63 24 26 61 54 45	 => 273
 73 45 54 38 6 57	 => 273
 75 56 22 10 44 67	 => 274
 26 67 44 4 71 61	 => 273
 54 61 71 23 27 38	 => 274



test#	fitness		sum		time
---------------------------------------------------
1	273.833				178
2	271.509				214
3	272.622				281
4	272.093				232
5	270.836				173


---------------------------------------------------
Best fitness      : 273.833 ( test# 1)
Shortest time     : 173 ( test# 5)

Average fitness   : 272.179
Average time      : 215.6
