****************** GA TEST *******************

total test#:			 5
hexa min width:			 3
hexa max width:			 6
hexa count:			 30
number count:			 80
population size:		 130
generation size:		 50

tournament winner p:		 1
do xover p:			 1
xover:				 2points
do mutation1 p:			 0.1
mutation1 p:			 0.04
do optimize p:			 1
local optimize count:		 10000
do deep better optimize p:	 1
do deep worse optimize p:	 0
do spin p:			 0
spin count:			 1000
do spin apply p:		 1
do mutation2 p:			 0.12
mutation2 p:			 0.08
force mutation2:		 0
replace bad p:			 0.195

converge rate p:		 0.99
converge count:			 1

**********************************************


===================[TEST 1]===================

##### START ##### Wed May 21 20:49:37 2003



##### CONVERGE ##### Wed May 21 20:52:07 2003

Elapsed time: 150 seconds
Total loop: 104 generations

Result : 271.45

11 39 54 62 64 45 1 18 69 79 16 72 32 7 10 34 66 49 44 38 28 50 74 35 13 9 75 77 14 47 56 48 61 19 43 70 41 12 23 2 63 36 46 55 27 42 80 25 40 78 52 31 3 29 33 68 21 59 17 51 8 71 30 4 20 73 60 53 65 58 76 67 24 6 26 57 5 37 22 15 

 11 39 54 62 64 45	 => 275
 1 45 64 18 69 79	 => 276
 16 79 69 72 32 7	 => 275
 54 10 34 66 49 62	 => 275
 64 62 49 44 38 18	 => 275
 69 18 38 28 50 72	 => 275
 32 72 50 74 35 13	 => 276
 34 9 75 77 14 66	 => 275
 49 66 14 47 56 44	 => 276
 38 44 56 48 61 28	 => 275
 50 28 61 19 43 74	 => 275
 35 74 43 70 41 12	 => 275
 75 23 2 63 36 77	 => 276
 14 77 36 46 55 47	 => 275
 56 47 55 27 42 48	 => 275
 61 48 42 80 25 19	 => 275
 43 19 25 40 78 70	 => 275
 41 70 78 52 31 3	 => 275
 36 63 29 33 68 46	 => 275
 55 46 68 21 59 27	 => 276
 42 27 59 17 51 80	 => 276
 25 80 51 8 71 40	 => 275
 78 40 71 30 4 52	 => 275
 68 33 20 73 60 21	 => 275
 59 21 60 53 65 17	 => 275
 51 17 65 58 76 8	 => 275
 71 8 76 67 24 30	 => 276
 60 73 6 26 57 53	 => 275
 65 53 57 5 37 58	 => 275
 76 58 37 22 15 67	 => 275


===================[TEST 2]===================

##### START ##### Wed May 21 20:52:07 2003



##### CONVERGE ##### Wed May 21 20:55:30 2003

Elapsed time: 203 seconds
Total loop: 140 generations

Result : 273.154

10 19 49 75 79 44 3 4 68 78 14 64 34 18 11 21 74 46 31 41 38 61 67 48 2 8 66 71 36 26 63 80 23 22 65 50 40 6 7 9 47 76 43 24 27 55 57 39 30 69 73 29 15 1 32 77 33 72 20 45 54 51 37 16 12 70 52 58 42 53 62 59 13 5 56 35 28 60 17 25 

 10 19 49 75 79 44	 => 276
 3 44 79 4 68 78	 => 276
 14 78 68 64 34 18	 => 276
 49 11 21 74 46 75	 => 276
 79 75 46 31 41 4	 => 276
 68 4 41 38 61 64	 => 276
 34 64 61 67 48 2	 => 276
 21 8 66 71 36 74	 => 276
 46 74 36 26 63 31	 => 276
 41 31 63 80 23 38	 => 276
 61 38 23 22 65 67	 => 276
 48 67 65 50 40 6	 => 276
 66 7 9 47 76 71	 => 276
 36 71 76 43 24 26	 => 276
 63 26 24 27 55 80	 => 275
 23 80 55 57 39 22	 => 276
 65 22 39 30 69 50	 => 275
 40 50 69 73 29 15	 => 276
 76 47 1 32 77 43	 => 276
 24 43 77 33 72 27	 => 276
 55 27 72 20 45 57	 => 276
 39 57 45 54 51 30	 => 276
 69 30 51 37 16 73	 => 276
 77 32 12 70 52 33	 => 276
 72 33 52 58 42 20	 => 277
 45 20 42 53 62 54	 => 276
 51 54 62 59 13 37	 => 276
 52 70 5 56 35 58	 => 276
 42 58 35 28 60 53	 => 276
 62 53 60 17 25 59	 => 276


===================[TEST 3]===================

##### START ##### Wed May 21 20:55:30 2003



##### CONVERGE ##### Wed May 21 20:59:16 2003

Elapsed time: 226 seconds
Total loop: 156 generations

Result : 271.622

32 20 74 68 54 27 9 57 76 53 17 55 64 11 8 31 66 28 56 12 41 34 70 14 38 1 78 63 36 30 59 58 49 52 29 73 79 10 6 18 33 77 45 24 42 62 39 15 69 37 50 21 16 3 46 71 26 67 22 43 65 44 40 35 5 48 80 61 19 51 75 47 4 25 2 60 13 72 7 23 

 32 20 74 68 54 27	 => 275
 9 27 54 57 76 53	 => 276
 17 53 76 55 64 11	 => 276
 74 8 31 66 28 68	 => 275
 54 68 28 56 12 57	 => 275
 76 57 12 41 34 55	 => 275
 64 55 34 70 14 38	 => 275
 31 1 78 63 36 66	 => 275
 28 66 36 30 59 56	 => 275
 12 56 59 58 49 41	 => 275
 34 41 49 52 29 70	 => 275
 14 70 29 73 79 10	 => 275
 78 6 18 33 77 63	 => 275
 36 63 77 45 24 30	 => 275
 59 30 24 42 62 58	 => 275
 49 58 62 39 15 52	 => 275
 29 52 15 69 37 73	 => 275
 79 73 37 50 21 16	 => 276
 77 33 3 46 71 45	 => 275
 24 45 71 26 67 42	 => 275
 62 42 67 22 43 39	 => 275
 15 39 43 65 44 69	 => 275
 37 69 44 40 35 50	 => 275
 71 46 5 48 80 26	 => 276
 67 26 80 61 19 22	 => 275
 43 22 19 51 75 65	 => 275
 44 65 75 47 4 40	 => 275
 80 48 25 2 60 61	 => 276
 19 61 60 13 72 51	 => 276
 75 51 72 7 23 47	 => 275


===================[TEST 4]===================

##### START ##### Wed May 21 20:59:16 2003



##### CONVERGE ##### Wed May 21 21:03:07 2003

Elapsed time: 231 seconds
Total loop: 160 generations

Result : 272.833

51 3 65 60 76 21 26 34 80 39 27 69 52 9 5 40 58 48 49 10 53 30 63 55 7 23 45 79 32 35 54 44 66 31 33 74 50 2 11 19 59 64 24 42 28 73 37 25 38 75 56 13 8 36 22 71 43 68 29 41 57 78 12 18 16 77 47 72 17 70 62 61 6 14 20 46 4 67 1 15 

 51 3 65 60 76 21	 => 276
 26 21 76 34 80 39	 => 276
 27 39 80 69 52 9	 => 276
 65 5 40 58 48 60	 => 276
 76 60 48 49 10 34	 => 277
 80 34 10 53 30 69	 => 276
 52 69 30 63 55 7	 => 276
 40 23 45 79 32 58	 => 277
 48 58 32 35 54 49	 => 276
 10 49 54 44 66 53	 => 276
 30 53 66 31 33 63	 => 276
 55 63 33 74 50 2	 => 277
 45 11 19 59 64 79	 => 277
 32 79 64 24 42 35	 => 276
 54 35 42 28 73 44	 => 276
 66 44 73 37 25 31	 => 276
 33 31 25 38 75 74	 => 276
 50 74 75 56 13 8	 => 276
 64 59 36 22 71 24	 => 276
 42 24 71 43 68 28	 => 276
 73 28 68 29 41 37	 => 276
 25 37 41 57 78 38	 => 276
 75 38 78 12 18 56	 => 277
 71 22 16 77 47 43	 => 276
 68 43 47 72 17 29	 => 276
 41 29 17 70 62 57	 => 276
 78 57 62 61 6 12	 => 276
 47 77 14 20 46 72	 => 276
 17 72 46 4 67 70	 => 276
 62 70 67 1 15 61	 => 276


===================[TEST 5]===================

##### START ##### Wed May 21 21:03:07 2003



##### CONVERGE ##### Wed May 21 21:06:35 2003

Elapsed time: 208 seconds
Total loop: 143 generations

Result : 271.311

6 45 29 67 80 48 13 26 77 32 12 75 37 42 24 65 68 22 44 36 30 31 78 50 4 8 23 69 43 34 64 28 73 53 10 79 57 2 46 5 76 56 33 41 61 47 59 15 63 55 39 25 20 11 27 72 51 18 38 52 17 70 35 14 3 49 74 54 40 62 66 71 16 21 19 58 1 60 7 9 

 6 45 29 67 80 48	 => 275
 13 48 80 26 77 32	 => 276
 12 32 77 75 37 42	 => 275
 29 24 65 68 22 67	 => 275
 80 67 22 44 36 26	 => 275
 77 26 36 30 31 75	 => 275
 37 75 31 78 50 4	 => 275
 65 8 23 69 43 68	 => 276
 22 68 43 34 64 44	 => 275
 36 44 64 28 73 30	 => 275
 31 30 73 53 10 78	 => 275
 50 78 10 79 57 2	 => 276
 23 46 5 76 56 69	 => 275
 43 69 56 33 41 34	 => 276
 64 34 41 61 47 28	 => 275
 73 28 47 59 15 53	 => 275
 10 53 15 63 55 79	 => 275
 57 79 55 39 25 20	 => 275
 56 76 11 27 72 33	 => 275
 41 33 72 51 18 61	 => 276
 47 61 18 38 52 59	 => 275
 15 59 52 17 70 63	 => 276
 55 63 70 35 14 39	 => 276
 72 27 3 49 74 51	 => 276
 18 51 74 54 40 38	 => 275
 52 38 40 62 66 17	 => 275
 70 17 66 71 16 35	 => 275
 74 49 21 19 58 54	 => 275
 40 54 58 1 60 62	 => 275
 66 62 60 7 9 71	 => 275



test#	fitness		sum		time
---------------------------------------------------
1	271.45				150
2	273.154				203
3	271.622				226
4	272.833				231
5	271.311				208


---------------------------------------------------
Best fitness      : 273.154 ( test# 2)
Shortest time     : 150 ( test# 1)

Average fitness   : 272.074
Average time      : 203.6
