****************** GA TEST *******************

total test#:			 5
hexa min width:			 3
hexa max width:			 6
hexa count:			 30
number count:			 80
population size:		 130
generation size:		 50

tournament winner p:		 1
do xover p:			 1
xover:				 2points
do mutation1 p:			 0.1
mutation1 p:			 0.05
do optimize p:			 1
local optimize count:		 10000
do deep better optimize p:	 1
do deep worse optimize p:	 0
do spin p:			 0
spin count:			 1000
do spin apply p:		 1
do mutation2 p:			 0.13
mutation2 p:			 0.08
force mutation2:		 0
replace bad p:			 0.195

converge rate p:		 0.99
converge count:			 1

**********************************************


===================[TEST 1]===================

##### START ##### Wed May 21 21:06:37 2003



##### CONVERGE ##### Wed May 21 21:09:31 2003

Elapsed time: 174 seconds
Total loop: 120 generations

Result : 272.722

19 8 44 78 77 50 30 14 74 31 28 73 67 3 5 27 68 54 24 29 39 47 42 34 13 12 57 53 59 6 65 49 70 20 58 69 72 1 23 10 56 76 32 51 45 60 40 36 22 71 38 15 11 16 41 55 75 18 52 61 37 80 48 17 7 35 63 64 4 79 43 66 2 26 25 62 21 46 33 9 

 19 8 44 78 77 50	 => 276
 30 50 77 14 74 31	 => 276
 28 31 74 73 67 3	 => 276
 44 5 27 68 54 78	 => 276
 77 78 54 24 29 14	 => 276
 74 14 29 39 47 73	 => 276
 67 73 47 42 34 13	 => 276
 27 12 57 53 59 68	 => 276
 54 68 59 6 65 24	 => 276
 29 24 65 49 70 39	 => 276
 47 39 70 20 58 42	 => 276
 34 42 58 69 72 1	 => 276
 57 23 10 56 76 53	 => 275
 59 53 76 32 51 6	 => 277
 65 6 51 45 60 49	 => 276
 70 49 60 40 36 20	 => 275
 58 20 36 22 71 69	 => 276
 72 69 71 38 15 11	 => 276
 76 56 16 41 55 32	 => 276
 51 32 55 75 18 45	 => 276
 60 45 18 52 61 40	 => 276
 36 40 61 37 80 22	 => 276
 71 22 80 48 17 38	 => 276
 55 41 7 35 63 75	 => 276
 18 75 63 64 4 52	 => 276
 61 52 4 79 43 37	 => 276
 80 37 43 66 2 48	 => 276
 63 35 26 25 62 64	 => 275
 4 64 62 21 46 79	 => 276
 43 79 46 33 9 66	 => 276


===================[TEST 2]===================

##### START ##### Wed May 21 21:09:31 2003



##### CONVERGE ##### Wed May 21 21:11:58 2003

Elapsed time: 147 seconds
Total loop: 102 generations

Result : 266.56

27 29 77 43 69 25 16 66 41 53 46 72 51 7 12 70 57 11 58 24 35 32 76 20 19 1 13 52 78 4 62 42 49 38 40 64 67 3 36 14 75 80 8 48 44 71 39 31 50 47 56 21 15 6 28 73 68 30 23 63 26 61 54 2 33 9 59 55 34 79 45 74 10 22 65 60 5 37 17 18 

 27 29 77 43 69 25	 => 270
 16 25 69 66 41 53	 => 270
 46 53 41 72 51 7	 => 270
 77 12 70 57 11 43	 => 270
 69 43 11 58 24 66	 => 271
 41 66 24 35 32 72	 => 270
 51 72 32 76 20 19	 => 270
 70 1 13 52 78 57	 => 271
 11 57 78 4 62 58	 => 270
 24 58 62 42 49 35	 => 270
 32 35 49 38 40 76	 => 270
 20 76 40 64 67 3	 => 270
 13 36 14 75 80 52	 => 270
 78 52 80 8 48 4	 => 270
 62 4 48 44 71 42	 => 271
 49 42 71 39 31 38	 => 270
 40 38 31 50 47 64	 => 270
 67 64 47 56 21 15	 => 270
 80 75 6 28 73 8	 => 270
 48 8 73 68 30 44	 => 271
 71 44 30 23 63 39	 => 270
 31 39 63 26 61 50	 => 270
 47 50 61 54 2 56	 => 270
 73 28 33 9 59 68	 => 270
 30 68 59 55 34 23	 => 269
 63 23 34 79 45 26	 => 270
 61 26 45 74 10 54	 => 270
 59 9 22 65 60 55	 => 270
 34 55 60 5 37 79	 => 270
 45 79 37 17 18 74	 => 270


===================[TEST 3]===================

##### START ##### Wed May 21 21:11:58 2003



##### CONVERGE ##### Wed May 21 21:15:28 2003

Elapsed time: 210 seconds
Total loop: 145 generations

Result : 274.222

23 19 53 68 70 45 1 28 60 74 21 79 26 17 12 51 64 30 57 25 44 42 73 43 15 11 58 62 31 55 41 52 59 22 38 71 50 3 8 34 39 77 46 7 56 67 49 29 48 69 54 16 18 14 27 75 61 33 36 37 35 80 24 2 9 65 40 76 32 66 72 63 4 13 5 78 6 20 10 47 

 23 19 53 68 70 45	 => 278
 1 45 70 28 60 74	 => 278
 21 74 60 79 26 17	 => 277
 53 12 51 64 30 68	 => 278
 70 68 30 57 25 28	 => 278
 60 28 25 44 42 79	 => 278
 26 79 42 73 43 15	 => 278
 51 11 58 62 31 64	 => 277
 30 64 31 55 41 57	 => 278
 25 57 41 52 59 44	 => 278
 42 44 59 22 38 73	 => 278
 43 73 38 71 50 3	 => 278
 58 8 34 39 77 62	 => 278
 31 62 77 46 7 55	 => 278
 41 55 7 56 67 52	 => 278
 59 52 67 49 29 22	 => 278
 38 22 29 48 69 71	 => 277
 50 71 69 54 16 18	 => 278
 77 39 14 27 75 46	 => 278
 7 46 75 61 33 56	 => 278
 67 56 33 36 37 49	 => 278
 29 49 37 35 80 48	 => 278
 69 48 80 24 2 54	 => 277
 75 27 9 65 40 61	 => 277
 33 61 40 76 32 36	 => 278
 37 36 32 66 72 35	 => 278
 80 35 72 63 4 24	 => 278
 40 65 13 5 78 76	 => 277
 32 76 78 6 20 66	 => 278
 72 66 20 10 47 63	 => 278


===================[TEST 4]===================

##### START ##### Wed May 21 21:15:28 2003



##### CONVERGE ##### Wed May 21 21:18:02 2003

Elapsed time: 154 seconds
Total loop: 106 generations

Result : 269.5

25 41 24 58 70 54 6 71 37 34 31 79 73 19 18 42 75 56 4 14 61 11 62 46 2 9 43 74 30 39 69 53 72 44 23 66 64 12 5 3 68 80 22 28 67 17 51 36 26 78 29 15 21 8 35 59 57 40 48 50 45 65 55 20 13 76 33 63 32 38 60 47 1 7 16 77 10 52 27 49 

 25 41 24 58 70 54	 => 272
 6 54 70 71 37 34	 => 272
 31 34 37 79 73 19	 => 273
 24 18 42 75 56 58	 => 273
 70 58 56 4 14 71	 => 273
 37 71 14 61 11 79	 => 273
 73 79 11 62 46 2	 => 273
 42 9 43 74 30 75	 => 273
 56 75 30 39 69 4	 => 273
 14 4 69 53 72 61	 => 273
 11 61 72 44 23 62	 => 273
 46 62 23 66 64 12	 => 273
 43 5 3 68 80 74	 => 273
 30 74 80 22 28 39	 => 273
 69 39 28 67 17 53	 => 273
 72 53 17 51 36 44	 => 273
 23 44 36 26 78 66	 => 273
 64 66 78 29 15 21	 => 273
 80 68 8 35 59 22	 => 272
 28 22 59 57 40 67	 => 273
 17 67 40 48 50 51	 => 273
 36 51 50 45 65 26	 => 273
 78 26 65 55 20 29	 => 273
 59 35 13 76 33 57	 => 273
 40 57 33 63 32 48	 => 273
 50 48 32 38 60 45	 => 273
 65 45 60 47 1 55	 => 273
 33 76 7 16 77 63	 => 272
 32 63 77 10 52 38	 => 272
 60 38 52 27 49 47	 => 273


===================[TEST 5]===================

##### START ##### Wed May 21 21:18:02 2003



##### CONVERGE ##### Wed May 21 21:22:05 2003

Elapsed time: 243 seconds
Total loop: 168 generations

Result : 273.836

24 1 52 71 69 59 11 13 79 45 5 74 53 21 6 31 67 49 70 4 44 62 37 38 12 17 66 65 30 33 27 75 56 14 63 55 73 10 28 2 35 80 60 8 76 57 34 40 43 61 47 23 18 9 50 42 51 39 16 54 41 64 36 25 3 58 72 78 20 77 68 48 19 7 15 46 26 29 22 32 

 24 1 52 71 69 59	 => 276
 11 59 69 13 79 45	 => 276
 5 45 79 74 53 21	 => 277
 52 6 31 67 49 71	 => 276
 69 71 49 70 4 13	 => 276
 79 13 4 44 62 74	 => 276
 53 74 62 37 38 12	 => 276
 31 17 66 65 30 67	 => 276
 49 67 30 33 27 70	 => 276
 4 70 27 75 56 44	 => 276
 62 44 56 14 63 37	 => 276
 38 37 63 55 73 10	 => 276
 66 28 2 35 80 65	 => 276
 30 65 80 60 8 33	 => 276
 27 33 8 76 57 75	 => 276
 56 75 57 34 40 14	 => 276
 63 14 40 43 61 55	 => 276
 73 55 61 47 23 18	 => 277
 80 35 9 50 42 60	 => 276
 8 60 42 51 39 76	 => 276
 57 76 39 16 54 34	 => 276
 40 34 54 41 64 43	 => 276
 61 43 64 36 25 47	 => 276
 42 50 3 58 72 51	 => 276
 39 51 72 78 20 16	 => 276
 54 16 20 77 68 41	 => 276
 64 41 68 48 19 36	 => 276
 72 58 7 15 46 78	 => 276
 20 78 46 26 29 77	 => 276
 68 77 29 22 32 48	 => 276



test#	fitness		sum		time
---------------------------------------------------
1	272.722				174
2	266.56				147
3	274.222				210
4	269.5				154
5	273.836				243


---------------------------------------------------
Best fitness      : 274.222 ( test# 3)
Shortest time     : 147 ( test# 2)

Average fitness   : 271.368
Average time      : 185.6
