****************** GA TEST *******************

total test#:			 5
hexa min width:			 3
hexa max width:			 6
hexa count:			 30
number count:			 80
population size:		 130
generation size:		 50

tournament winner p:		 1
do xover p:			 1
xover:				 2points
do mutation1 p:			 0.1
mutation1 p:			 0.05
do optimize p:			 1
local optimize count:		 10000
do deep better optimize p:	 1
do deep worse optimize p:	 0
do spin p:			 0
spin count:			 1000
do spin apply p:		 1
do mutation2 p:			 0.11
mutation2 p:			 0.08
force mutation2:		 0
replace bad p:			 0.195

converge rate p:		 0.99
converge count:			 1

**********************************************


===================[TEST 1]===================

##### START ##### Wed May 21 21:22:07 2003



##### CONVERGE ##### Wed May 21 21:25:22 2003

Elapsed time: 195 seconds
Total loop: 135 generations

Result : 272.417

8 16 48 60 68 75 26 10 78 18 20 79 71 9 11 19 76 61 45 31 28 50 58 14 3 44 38 77 21 32 40 67 64 12 63 62 74 4 22 33 46 59 49 37 30 69 35 29 36 73 57 2 7 1 55 65 43 51 34 56 53 66 27 17 6 52 54 80 13 47 72 42 15 23 25 41 24 70 39 5 

 8 16 48 60 68 75	 => 275
 26 75 68 10 78 18	 => 275
 20 18 78 79 71 9	 => 275
 48 11 19 76 61 60	 => 275
 68 60 61 45 31 10	 => 275
 78 10 31 28 50 79	 => 276
 71 79 50 58 14 3	 => 275
 19 44 38 77 21 76	 => 275
 61 76 21 32 40 45	 => 275
 31 45 40 67 64 28	 => 275
 50 28 64 12 63 58	 => 275
 14 58 63 62 74 4	 => 275
 38 22 33 46 59 77	 => 275
 21 77 59 49 37 32	 => 275
 40 32 37 30 69 67	 => 275
 64 67 69 35 29 12	 => 276
 63 12 29 36 73 62	 => 275
 74 62 73 57 2 7	 => 275
 59 46 1 55 65 49	 => 275
 37 49 65 43 51 30	 => 275
 69 30 51 34 56 35	 => 275
 29 35 56 53 66 36	 => 275
 73 36 66 27 17 57	 => 276
 65 55 6 52 54 43	 => 275
 51 43 54 80 13 34	 => 275
 56 34 13 47 72 53	 => 275
 66 53 72 42 15 27	 => 275
 54 52 23 25 41 80	 => 275
 13 80 41 24 70 47	 => 275
 72 47 70 39 5 42	 => 275


===================[TEST 2]===================

##### START ##### Wed May 21 21:25:22 2003



##### CONVERGE ##### Wed May 21 21:28:28 2003

Elapsed time: 186 seconds
Total loop: 128 generations

Result : 273.221

14 10 47 71 59 75 3 28 80 31 15 79 45 26 19 49 22 68 33 17 30 42 54 48 8 1 61 69 74 7 72 65 60 24 66 51 53 4 9 25 34 78 36 12 77 43 57 27 38 70 67 29 6 11 55 62 50 39 16 44 58 52 32 18 5 41 63 73 35 46 76 37 21 23 20 56 2 64 40 13 

 14 10 47 71 59 75	 => 276
 3 75 59 28 80 31	 => 276
 15 31 80 79 45 26	 => 276
 47 19 49 22 68 71	 => 276
 59 71 68 33 17 28	 => 276
 80 28 17 30 42 79	 => 276
 45 79 42 54 48 8	 => 276
 49 1 61 69 74 22	 => 276
 68 22 74 7 72 33	 => 276
 17 33 72 65 60 30	 => 277
 42 30 60 24 66 54	 => 276
 48 54 66 51 53 4	 => 276
 61 9 25 34 78 69	 => 276
 74 69 78 36 12 7	 => 276
 72 7 12 77 43 65	 => 276
 60 65 43 57 27 24	 => 276
 66 24 27 38 70 51	 => 276
 53 51 70 67 29 6	 => 276
 78 34 11 55 62 36	 => 276
 12 36 62 50 39 77	 => 276
 43 77 39 16 44 57	 => 276
 27 57 44 58 52 38	 => 276
 70 38 52 32 18 67	 => 277
 62 55 5 41 63 50	 => 276
 39 50 63 73 35 16	 => 276
 44 16 35 46 76 58	 => 275
 52 58 76 37 21 32	 => 276
 63 41 23 20 56 73	 => 276
 35 73 56 2 64 46	 => 276
 76 46 64 40 13 37	 => 276


===================[TEST 3]===================

##### START ##### Wed May 21 21:28:28 2003



##### CONVERGE ##### Wed May 21 21:33:25 2003

Elapsed time: 297 seconds
Total loop: 206 generations

Result : 274.826

23 10 35 69 78 63 7 17 76 37 1 77 74 12 15 33 62 64 21 29 41 38 70 16 2 5 53 67 58 18 55 61 71 6 52 72 57 11 22 31 32 73 34 28 60 56 59 24 49 75 47 8 19 20 40 79 50 27 45 30 51 65 39 3 9 46 54 66 36 48 68 42 13 25 43 44 4 80 14 26 

 23 10 35 69 78 63	 => 278
 7 63 78 17 76 37	 => 278
 1 37 76 77 74 12	 => 277
 35 15 33 62 64 69	 => 278
 78 69 64 21 29 17	 => 278
 76 17 29 41 38 77	 => 278
 74 77 38 70 16 2	 => 277
 33 5 53 67 58 62	 => 278
 64 62 58 18 55 21	 => 278
 29 21 55 61 71 41	 => 278
 38 41 71 6 52 70	 => 278
 16 70 52 72 57 11	 => 278
 53 22 31 32 73 67	 => 278
 58 67 73 34 28 18	 => 278
 55 18 28 60 56 61	 => 278
 71 61 56 59 24 6	 => 277
 52 6 24 49 75 72	 => 278
 57 72 75 47 8 19	 => 278
 73 32 20 40 79 34	 => 278
 28 34 79 50 27 60	 => 278
 56 60 27 45 30 59	 => 277
 24 59 30 51 65 49	 => 278
 75 49 65 39 3 47	 => 278
 79 40 9 46 54 50	 => 278
 27 50 54 66 36 45	 => 278
 30 45 36 48 68 51	 => 278
 65 51 68 42 13 39	 => 278
 54 46 25 43 44 66	 => 278
 36 66 44 4 80 48	 => 278
 68 48 80 14 26 42	 => 278


===================[TEST 4]===================

##### START ##### Wed May 21 21:33:25 2003



##### CONVERGE ##### Wed May 21 21:36:37 2003

Elapsed time: 192 seconds
Total loop: 132 generations

Result : 272.5

1 5 49 75 69 77 3 31 62 34 7 74 55 44 17 24 71 40 43 18 61 30 57 45 15 19 63 60 39 47 36 68 50 51 27 78 58 10 8 2 70 73 28 29 59 37 56 14 25 80 38 6 16 23 33 48 66 46 11 67 42 72 26 35 21 32 76 65 12 79 64 52 20 41 9 53 13 54 22 4 

 1 5 49 75 69 77	 => 276
 3 77 69 31 62 34	 => 276
 7 34 62 74 55 44	 => 276
 49 17 24 71 40 75	 => 276
 69 75 40 43 18 31	 => 276
 62 31 18 61 30 74	 => 276
 55 74 30 57 45 15	 => 276
 24 19 63 60 39 71	 => 276
 40 71 39 47 36 43	 => 276
 18 43 36 68 50 61	 => 276
 30 61 50 51 27 57	 => 276
 45 57 27 78 58 10	 => 275
 63 8 2 70 73 60	 => 276
 39 60 73 28 29 47	 => 276
 36 47 29 59 37 68	 => 276
 50 68 37 56 14 51	 => 276
 27 51 14 25 80 78	 => 275
 58 78 80 38 6 16	 => 276
 73 70 23 33 48 28	 => 275
 29 28 48 66 46 59	 => 276
 37 59 46 11 67 56	 => 276
 14 56 67 42 72 25	 => 276
 80 25 72 26 35 38	 => 276
 48 33 21 32 76 66	 => 276
 46 66 76 65 12 11	 => 276
 67 11 12 79 64 42	 => 275
 72 42 64 52 20 26	 => 276
 76 32 41 9 53 65	 => 276
 12 65 53 13 54 79	 => 276
 64 79 54 22 4 52	 => 275


===================[TEST 5]===================

##### START ##### Wed May 21 21:36:37 2003



##### CONVERGE ##### Wed May 21 21:40:04 2003

Elapsed time: 207 seconds
Total loop: 143 generations

Result : 271.5

12 46 39 61 56 60 30 8 73 48 5 79 50 19 13 31 72 59 64 27 26 62 80 1 3 15 58 75 23 17 40 69 49 6 52 76 55 11 14 33 25 70 53 37 78 34 74 43 35 63 45 32 4 7 54 65 20 22 42 24 28 71 51 10 2 57 77 67 47 66 68 41 16 29 9 36 21 38 18 44 

 12 46 39 61 56 60	 => 274
 30 60 56 8 73 48	 => 275
 5 48 73 79 50 19	 => 274
 39 13 31 72 59 61	 => 275
 56 61 59 64 27 8	 => 275
 73 8 27 26 62 79	 => 275
 50 79 62 80 1 3	 => 275
 31 15 58 75 23 72	 => 274
 59 72 23 17 40 64	 => 275
 27 64 40 69 49 26	 => 275
 62 26 49 6 52 80	 => 275
 1 80 52 76 55 11	 => 275
 58 14 33 25 70 75	 => 275
 23 75 70 53 37 17	 => 275
 40 17 37 78 34 69	 => 275
 49 69 34 74 43 6	 => 275
 52 6 43 35 63 76	 => 275
 55 76 63 45 32 4	 => 275
 70 25 7 54 65 53	 => 274
 37 53 65 20 22 78	 => 275
 34 78 22 42 24 74	 => 274
 43 74 24 28 71 35	 => 275
 63 35 71 51 10 45	 => 275
 65 54 2 57 77 20	 => 275
 22 20 77 67 47 42	 => 275
 24 42 47 66 68 28	 => 275
 71 28 68 41 16 51	 => 275
 77 57 29 9 36 67	 => 275
 47 67 36 21 38 66	 => 275
 68 66 38 18 44 41	 => 275



test#	fitness		sum		time
---------------------------------------------------
1	272.417				195
2	273.221				186
3	274.826				297
4	272.5				192
5	271.5				207


---------------------------------------------------
Best fitness      : 274.826 ( test# 3)
Shortest time     : 186 ( test# 2)

Average fitness   : 272.893
Average time      : 215.4
