****************** GA TEST *******************

total test#:			 5
hexa min width:			 3
hexa max width:			 6
hexa count:			 30
number count:			 80
population size:		 130
generation size:		 50

tournament winner p:		 1
do xover p:			 1
xover:				 2points
do mutation1 p:			 0.1
mutation1 p:			 0.05
do optimize p:			 1
local optimize count:		 10000
do deep better optimize p:	 1
do deep worse optimize p:	 0
do spin p:			 0
spin count:			 1000
do spin apply p:		 1
do mutation2 p:			 0.12
mutation2 p:			 0.09
force mutation2:		 0
replace bad p:			 0.195

converge rate p:		 0.99
converge count:			 1

**********************************************


===================[TEST 1]===================

##### START ##### Wed May 21 21:40:07 2003



##### CONVERGE ##### Wed May 21 21:42:58 2003

Elapsed time: 171 seconds
Total loop: 118 generations

Result : 272.093

21 6 71 56 76 45 1 39 50 64 8 75 40 38 9 29 57 54 43 7 55 49 60 34 17 2 58 70 59 18 44 65 61 4 46 62 68 5 3 13 52 79 30 19 51 78 35 33 63 67 27 31 20 12 28 74 48 53 37 22 42 80 25 14 15 69 41 72 24 77 73 32 23 36 47 10 26 66 11 16 

 21 6 71 56 76 45	 => 275
 1 45 76 39 50 64	 => 275
 8 64 50 75 40 38	 => 275
 71 9 29 57 54 56	 => 276
 76 56 54 43 7 39	 => 275
 50 39 7 55 49 75	 => 275
 40 75 49 60 34 17	 => 275
 29 2 58 70 59 57	 => 275
 54 57 59 18 44 43	 => 275
 7 43 44 65 61 55	 => 275
 49 55 61 4 46 60	 => 275
 34 60 46 62 68 5	 => 275
 58 3 13 52 79 70	 => 275
 59 70 79 30 19 18	 => 275
 44 18 19 51 78 65	 => 275
 61 65 78 35 33 4	 => 276
 46 4 33 63 67 62	 => 275
 68 62 67 27 31 20	 => 275
 79 52 12 28 74 30	 => 275
 19 30 74 48 53 51	 => 275
 78 51 53 37 22 35	 => 276
 33 35 22 42 80 63	 => 275
 67 63 80 25 14 27	 => 276
 74 28 15 69 41 48	 => 275
 53 48 41 72 24 37	 => 275
 22 37 24 77 73 42	 => 275
 80 42 73 32 23 25	 => 275
 41 69 36 47 10 72	 => 275
 24 72 10 26 66 77	 => 275
 73 77 66 11 16 32	 => 275


===================[TEST 2]===================

##### START ##### Wed May 21 21:42:58 2003



##### CONVERGE ##### Wed May 21 21:45:30 2003

Elapsed time: 152 seconds
Total loop: 105 generations

Result : 272.5

12 13 50 71 78 52 32 14 77 23 5 79 53 38 1 42 69 43 44 26 16 64 47 25 8 4 54 72 35 27 58 67 65 34 49 73 76 6 10 24 41 75 45 22 62 40 19 51 33 36 74 15 2 18 37 60 30 57 29 68 48 56 46 31 3 66 80 63 17 59 55 61 9 7 21 39 28 70 11 20 

 12 13 50 71 78 52	 => 276
 32 52 78 14 77 23	 => 276
 5 23 77 79 53 38	 => 275
 50 1 42 69 43 71	 => 276
 78 71 43 44 26 14	 => 276
 77 14 26 16 64 79	 => 276
 53 79 64 47 25 8	 => 276
 42 4 54 72 35 69	 => 276
 43 69 35 27 58 44	 => 276
 26 44 58 67 65 16	 => 276
 64 16 65 34 49 47	 => 275
 25 47 49 73 76 6	 => 276
 54 10 24 41 75 72	 => 276
 35 72 75 45 22 27	 => 276
 58 27 22 62 40 67	 => 276
 65 67 40 19 51 34	 => 276
 49 34 51 33 36 73	 => 276
 76 73 36 74 15 2	 => 276
 75 41 18 37 60 45	 => 276
 22 45 60 30 57 62	 => 276
 40 62 57 29 68 19	 => 275
 51 19 68 48 56 33	 => 275
 36 33 56 46 31 74	 => 276
 60 37 3 66 80 30	 => 276
 57 30 80 63 17 29	 => 276
 68 29 17 59 55 48	 => 276
 56 48 55 61 9 46	 => 275
 80 66 7 21 39 63	 => 276
 17 63 39 28 70 59	 => 276
 55 59 70 11 20 61	 => 276


===================[TEST 3]===================

##### START ##### Wed May 21 21:45:30 2003



##### CONVERGE ##### Wed May 21 21:48:44 2003

Elapsed time: 194 seconds
Total loop: 134 generations

Result : 272.826

14 31 37 73 44 77 10 32 54 59 21 53 74 15 11 25 67 63 24 40 61 36 51 57 4 18 65 49 52 23 47 29 75 22 30 71 60 7 20 5 72 64 43 45 56 76 68 6 69 78 48 17 1 16 39 42 55 35 8 33 62 38 34 9 2 58 80 70 28 79 66 50 26 3 19 46 12 41 13 27 

 14 31 37 73 44 77	 => 276
 10 77 44 32 54 59	 => 276
 21 59 54 53 74 15	 => 276
 37 11 25 67 63 73	 => 276
 44 73 63 24 40 32	 => 276
 54 32 40 61 36 53	 => 276
 74 53 36 51 57 4	 => 275
 25 18 65 49 52 67	 => 276
 63 67 52 23 47 24	 => 276
 40 24 47 29 75 61	 => 276
 36 61 75 22 30 51	 => 275
 57 51 30 71 60 7	 => 276
 65 20 5 72 64 49	 => 275
 52 49 64 43 45 23	 => 276
 47 23 45 56 76 29	 => 276
 75 29 76 68 6 22	 => 276
 30 22 6 69 78 71	 => 276
 60 71 78 48 17 1	 => 275
 64 72 16 39 42 43	 => 276
 45 43 42 55 35 56	 => 276
 76 56 35 8 33 68	 => 276
 6 68 33 62 38 69	 => 276
 78 69 38 34 9 48	 => 276
 42 39 2 58 80 55	 => 276
 35 55 80 70 28 8	 => 276
 33 8 28 79 66 62	 => 276
 38 62 66 50 26 34	 => 276
 80 58 3 19 46 70	 => 276
 28 70 46 12 41 79	 => 276
 66 79 41 13 27 50	 => 276


===================[TEST 4]===================

##### START ##### Wed May 21 21:48:44 2003



##### CONVERGE ##### Wed May 21 21:51:19 2003

Elapsed time: 155 seconds
Total loop: 107 generations

Result : 272.622

5 13 49 78 76 55 3 18 80 44 6 71 52 23 1 66 72 10 68 26 16 65 67 20 2 8 36 63 32 35 59 50 57 43 28 73 77 11 30 31 60 56 39 51 34 47 38 41 37 54 48 7 17 15 42 64 19 70 25 62 29 69 46 22 12 79 61 74 27 58 75 53 4 14 9 40 33 45 24 21 

 5 13 49 78 76 55	 => 276
 3 55 76 18 80 44	 => 276
 6 44 80 71 52 23	 => 276
 49 1 66 72 10 78	 => 276
 76 78 10 68 26 18	 => 276
 80 18 26 16 65 71	 => 276
 52 71 65 67 20 2	 => 277
 66 8 36 63 32 72	 => 277
 10 72 32 35 59 68	 => 276
 26 68 59 50 57 16	 => 276
 65 16 57 43 28 67	 => 276
 20 67 28 73 77 11	 => 276
 36 30 31 60 56 63	 => 276
 32 63 56 39 51 35	 => 276
 59 35 51 34 47 50	 => 276
 57 50 47 38 41 43	 => 276
 28 43 41 37 54 73	 => 276
 77 73 54 48 7 17	 => 276
 56 60 15 42 64 39	 => 276
 51 39 64 19 70 34	 => 277
 47 34 70 25 62 38	 => 276
 41 38 62 29 69 37	 => 276
 54 37 69 46 22 48	 => 276
 64 42 12 79 61 19	 => 277
 70 19 61 74 27 25	 => 276
 62 25 27 58 75 29	 => 276
 69 29 75 53 4 46	 => 276
 61 79 14 9 40 74	 => 277
 27 74 40 33 45 58	 => 277
 75 58 45 24 21 53	 => 276


===================[TEST 5]===================

##### START ##### Wed May 21 21:51:19 2003



##### CONVERGE ##### Wed May 21 21:53:53 2003

Elapsed time: 154 seconds
Total loop: 106 generations

Result : 270.691

1 24 35 72 80 61 11 14 77 30 25 68 66 7 17 59 49 41 45 20 44 50 62 21 6 31 16 60 58 23 57 64 43 32 42 73 70 5 37 34 51 75 38 19 56 54 78 2 48 76 40 4 10 9 26 74 33 53 3 29 71 46 36 27 28 47 65 67 52 79 39 63 18 13 69 12 8 55 15 22 

 1 24 35 72 80 61	 => 273
 11 61 80 14 77 30	 => 273
 25 30 77 68 66 7	 => 273
 35 17 59 49 41 72	 => 273
 80 72 41 45 20 14	 => 272
 77 14 20 44 50 68	 => 273
 66 68 50 62 21 6	 => 273
 59 31 16 60 58 49	 => 273
 41 49 58 23 57 45	 => 273
 20 45 57 64 43 44	 => 273
 50 44 43 32 42 62	 => 273
 21 62 42 73 70 5	 => 273
 16 37 34 51 75 60	 => 273
 58 60 75 38 19 23	 => 273
 57 23 19 56 54 64	 => 273
 43 64 54 78 2 32	 => 273
 42 32 2 48 76 73	 => 273
 70 73 76 40 4 10	 => 273
 75 51 9 26 74 38	 => 273
 19 38 74 33 53 56	 => 273
 54 56 53 3 29 78	 => 273
 2 78 29 71 46 48	 => 274
 76 48 46 36 27 40	 => 273
 74 26 28 47 65 33	 => 273
 53 33 65 67 52 3	 => 273
 29 3 52 79 39 71	 => 273
 46 71 39 63 18 36	 => 273
 65 47 13 69 12 67	 => 273
 52 67 12 8 55 79	 => 273
 39 79 55 15 22 63	 => 273



test#	fitness		sum		time
---------------------------------------------------
1	272.093				171
2	272.5				152
3	272.826				194
4	272.622				155
5	270.691				154


---------------------------------------------------
Best fitness      : 272.826 ( test# 3)
Shortest time     : 152 ( test# 2)

Average fitness   : 272.146
Average time      : 165.2
