****************** GA TEST *******************

total test#:			 5
hexa min width:			 3
hexa max width:			 6
hexa count:			 30
number count:			 80
population size:		 130
generation size:		 50

tournament winner p:		 1
do xover p:			 1
xover:				 2points
do mutation1 p:			 0.1
mutation1 p:			 0.05
do optimize p:			 1
local optimize count:		 10000
do deep better optimize p:	 1
do deep worse optimize p:	 0
do spin p:			 0
spin count:			 1000
do spin apply p:		 1
do mutation2 p:			 0.12
mutation2 p:			 0.07
force mutation2:		 0
replace bad p:			 0.195

converge rate p:		 0.99
converge count:			 1

**********************************************


===================[TEST 1]===================

##### START ##### Wed May 21 21:53:57 2003



##### CONVERGE ##### Wed May 21 21:56:40 2003

Elapsed time: 163 seconds
Total loop: 113 generations

Result : 270.311

36 28 43 69 79 19 20 7 77 73 5 64 51 4 15 29 78 40 45 34 22 70 54 24 12 25 49 80 14 37 60 76 38 27 63 61 33 39 13 3 68 62 46 35 18 48 55 30 26 67 56 11 47 10 23 65 57 53 41 59 32 72 44 9 8 50 71 52 1 75 66 58 2 21 6 74 31 42 17 16 

 36 28 43 69 79 19	 => 274
 20 19 79 7 77 73	 => 275
 5 73 77 64 51 4	 => 274
 43 15 29 78 40 69	 => 274
 79 69 40 45 34 7	 => 274
 77 7 34 22 70 64	 => 274
 51 64 70 54 24 12	 => 275
 29 25 49 80 14 78	 => 275
 40 78 14 37 60 45	 => 274
 34 45 60 76 38 22	 => 275
 70 22 38 27 63 54	 => 274
 24 54 63 61 33 39	 => 274
 49 13 3 68 62 80	 => 275
 14 80 62 46 35 37	 => 274
 60 37 35 18 48 76	 => 274
 38 76 48 55 30 27	 => 274
 63 27 30 26 67 61	 => 274
 33 61 67 56 11 47	 => 275
 62 68 10 23 65 46	 => 274
 35 46 65 57 53 18	 => 274
 48 18 53 41 59 55	 => 274
 30 55 59 32 72 26	 => 274
 67 26 72 44 9 56	 => 274
 65 23 8 50 71 57	 => 274
 53 57 71 52 1 41	 => 275
 59 41 1 75 66 32	 => 274
 72 32 66 58 2 44	 => 274
 71 50 21 6 74 52	 => 274
 1 52 74 31 42 75	 => 275
 66 75 42 17 16 58	 => 274


===================[TEST 2]===================

##### START ##### Wed May 21 21:56:40 2003



##### CONVERGE ##### Wed May 21 21:58:55 2003

Elapsed time: 135 seconds
Total loop: 93 generations

Result : 272.217

3 5 61 59 76 71 2 35 75 16 15 79 73 17 24 54 46 31 47 27 36 23 80 14 6 4 77 50 44 49 58 38 68 55 13 74 60 34 1 20 62 65 42 25 64 41 52 21 45 67 57 9 8 18 32 56 48 40 12 66 22 69 30 7 10 51 78 63 33 70 72 39 43 11 19 53 26 29 37 28 

 3 5 61 59 76 71	 => 275
 2 71 76 35 75 16	 => 275
 15 16 75 79 73 17	 => 275
 61 24 54 46 31 59	 => 275
 76 59 31 47 27 35	 => 275
 75 35 27 36 23 79	 => 275
 73 79 23 80 14 6	 => 275
 54 4 77 50 44 46	 => 275
 31 46 44 49 58 47	 => 275
 27 47 58 38 68 36	 => 274
 23 36 68 55 13 80	 => 275
 14 80 13 74 60 34	 => 275
 77 1 20 62 65 50	 => 275
 44 50 65 42 25 49	 => 275
 58 49 25 64 41 38	 => 275
 68 38 41 52 21 55	 => 275
 13 55 21 45 67 74	 => 275
 60 74 67 57 9 8	 => 275
 65 62 18 32 56 42	 => 275
 25 42 56 48 40 64	 => 275
 41 64 40 12 66 52	 => 275
 21 52 66 22 69 45	 => 275
 67 45 69 30 7 57	 => 275
 56 32 10 51 78 48	 => 275
 40 48 78 63 33 12	 => 274
 66 12 33 70 72 22	 => 275
 69 22 72 39 43 30	 => 275
 78 51 11 19 53 63	 => 275
 33 63 53 26 29 70	 => 274
 72 70 29 37 28 39	 => 275


===================[TEST 3]===================

##### START ##### Wed May 21 21:58:55 2003



##### CONVERGE ##### Wed May 21 22:01:53 2003

Elapsed time: 178 seconds
Total loop: 123 generations

Result : 273.361

7 17 69 70 60 52 22 35 68 38 33 79 43 14 3 4 66 62 28 20 48 25 76 29 23 2 67 80 56 10 53 71 55 30 41 45 63 21 12 15 44 57 59 13 77 51 31 37 64 58 65 8 36 1 39 75 24 27 47 42 61 40 16 32 5 54 78 73 26 49 50 74 34 18 6 46 9 72 11 19 

 7 17 69 70 60 52	 => 275
 22 52 60 35 68 38	 => 275
 33 38 68 79 43 14	 => 275
 69 3 4 66 62 70	 => 274
 60 70 62 28 20 35	 => 275
 68 35 20 48 25 79	 => 275
 43 79 25 76 29 23	 => 275
 4 2 67 80 56 66	 => 275
 62 66 56 10 53 28	 => 275
 20 28 53 71 55 48	 => 275
 25 48 55 30 41 76	 => 275
 29 76 41 45 63 21	 => 275
 67 12 15 44 57 80	 => 275
 56 80 57 59 13 10	 => 275
 53 10 13 77 51 71	 => 275
 55 71 51 31 37 30	 => 275
 41 30 37 64 58 45	 => 275
 63 45 58 65 8 36	 => 275
 57 44 1 39 75 59	 => 275
 13 59 75 24 27 77	 => 275
 51 77 27 47 42 31	 => 275
 37 31 42 61 40 64	 => 275
 58 64 40 16 32 65	 => 275
 75 39 5 54 78 24	 => 275
 27 24 78 73 26 47	 => 275
 42 47 26 49 50 61	 => 275
 40 61 50 74 34 16	 => 275
 78 54 18 6 46 73	 => 275
 26 73 46 9 72 49	 => 275
 50 49 72 11 19 74	 => 275


===================[TEST 4]===================

##### START ##### Wed May 21 22:01:53 2003



##### CONVERGE ##### Wed May 21 22:04:38 2003

Elapsed time: 165 seconds
Total loop: 114 generations

Result : 271.221

2 7 73 59 79 54 21 29 70 22 48 63 58 13 4 38 68 32 72 3 66 43 74 26 10 9 67 62 30 23 49 53 31 33 27 78 61 8 12 16 40 77 45 37 52 60 50 47 14 75 17 25 18 20 51 41 65 34 35 44 39 80 46 42 6 55 56 69 15 64 76 28 5 57 1 36 19 71 11 24 

 2 7 73 59 79 54	 => 274
 21 54 79 29 70 22	 => 275
 48 22 70 63 58 13	 => 274
 73 4 38 68 32 59	 => 274
 79 59 32 72 3 29	 => 274
 70 29 3 66 43 63	 => 274
 58 63 43 74 26 10	 => 274
 38 9 67 62 30 68	 => 274
 32 68 30 23 49 72	 => 274
 3 72 49 53 31 66	 => 274
 43 66 31 33 27 74	 => 274
 26 74 27 78 61 8	 => 274
 67 12 16 40 77 62	 => 274
 30 62 77 45 37 23	 => 274
 49 23 37 52 60 53	 => 274
 31 53 60 50 47 33	 => 274
 27 33 47 14 75 78	 => 274
 61 78 75 17 25 18	 => 274
 77 40 20 51 41 45	 => 274
 37 45 41 65 34 52	 => 274
 60 52 34 35 44 50	 => 275
 47 50 44 39 80 14	 => 274
 75 14 80 46 42 17	 => 274
 41 51 6 55 56 65	 => 274
 34 65 56 69 15 35	 => 274
 44 35 15 64 76 39	 => 273
 80 39 76 28 5 46	 => 274
 56 55 57 1 36 69	 => 274
 15 69 36 19 71 64	 => 274
 76 64 71 11 24 28	 => 274


===================[TEST 5]===================

##### START ##### Wed May 21 22:04:38 2003



##### CONVERGE ##### Wed May 21 22:06:56 2003

Elapsed time: 138 seconds
Total loop: 95 generations

Result : 268.222

6 15 70 54 68 59 21 26 71 27 20 77 64 13 12 11 74 50 32 42 39 16 61 35 18 22 31 76 58 30 28 66 65 48 43 69 55 9 5 14 67 79 10 19 78 51 17 24 63 25 80 3 40 7 34 75 44 46 8 72 38 57 45 2 4 53 62 52 60 37 56 29 47 23 33 49 1 73 36 41 

 6 15 70 54 68 59	 => 272
 21 59 68 26 71 27	 => 272
 20 27 71 77 64 13	 => 272
 70 12 11 74 50 54	 => 271
 68 54 50 32 42 26	 => 272
 71 26 42 39 16 77	 => 271
 64 77 16 61 35 18	 => 271
 11 22 31 76 58 74	 => 272
 50 74 58 30 28 32	 => 272
 42 32 28 66 65 39	 => 272
 16 39 65 48 43 61	 => 272
 35 61 43 69 55 9	 => 272
 31 5 14 67 79 76	 => 272
 58 76 79 10 19 30	 => 272
 28 30 19 78 51 66	 => 272
 65 66 51 17 24 48	 => 271
 43 48 24 63 25 69	 => 272
 55 69 25 80 3 40	 => 272
 79 67 7 34 75 10	 => 272
 19 10 75 44 46 78	 => 272
 51 78 46 8 72 17	 => 272
 24 17 72 38 57 63	 => 271
 25 63 57 45 2 80	 => 272
 75 34 4 53 62 44	 => 272
 46 44 62 52 60 8	 => 272
 72 8 60 37 56 38	 => 271
 57 38 56 29 47 45	 => 272
 62 53 23 33 49 52	 => 272
 60 52 49 1 73 37	 => 272
 56 37 73 36 41 29	 => 272



test#	fitness		sum		time
---------------------------------------------------
1	270.311				163
2	272.217				135
3	273.361				178
4	271.221				165
5	268.222				138


---------------------------------------------------
Best fitness      : 273.361 ( test# 3)
Shortest time     : 135 ( test# 2)

Average fitness   : 271.066
Average time      : 155.8
