****************** GA TEST *******************

total test#:			 5
hexa min width:			 3
hexa max width:			 6
hexa count:			 30
number count:			 80
population size:		 130
generation size:		 50

tournament winner p:		 1
do xover p:			 1
xover:				 2points
do mutation1 p:			 0.1
mutation1 p:			 0.05
do optimize p:			 1
local optimize count:		 10000
do deep better optimize p:	 1
do deep worse optimize p:	 0
do spin p:			 0
spin count:			 1000
do spin apply p:		 1
do mutation2 p:			 0.12
mutation2 p:			 0.08
force mutation2:		 1
replace bad p:			 0.195

converge rate p:		 0.99
converge count:			 1

**********************************************


===================[TEST 1]===================

##### START ##### Wed May 21 22:06:57 2003



##### CONVERGE ##### Wed May 21 22:11:21 2003

Elapsed time: 264 seconds
Total loop: 183 generations

Result : 273.5

33 20 41 69 78 36 8 28 65 62 14 48 49 39 5 56 64 42 58 2 61 73 51 54 1 3 32 72 50 26 37 74 45 29 18 68 59 27 6 24 75 67 19 43 53 44 63 22 60 80 38 25 7 16 21 79 35 47 23 46 31 55 40 4 9 57 76 66 30 77 70 71 10 15 11 52 17 34 12 13 

 33 20 41 69 78 36	 => 277
 8 36 78 28 65 62	 => 277
 14 62 65 48 49 39	 => 277
 41 5 56 64 42 69	 => 277
 78 69 42 58 2 28	 => 277
 65 28 2 61 73 48	 => 277
 49 48 73 51 54 1	 => 276
 56 3 32 72 50 64	 => 277
 42 64 50 26 37 58	 => 277
 2 58 37 74 45 61	 => 277
 73 61 45 29 18 51	 => 277
 54 51 18 68 59 27	 => 277
 32 6 24 75 67 72	 => 276
 50 72 67 19 43 26	 => 277
 37 26 43 53 44 74	 => 277
 45 74 44 63 22 29	 => 277
 18 29 22 60 80 68	 => 277
 59 68 80 38 25 7	 => 277
 67 75 16 21 79 19	 => 277
 43 19 79 35 47 53	 => 276
 44 53 47 23 46 63	 => 276
 22 63 46 31 55 60	 => 277
 80 60 55 40 4 38	 => 277
 79 21 9 57 76 35	 => 277
 47 35 76 66 30 23	 => 277
 46 23 30 77 70 31	 => 277
 55 31 70 71 10 40	 => 277
 76 57 15 11 52 66	 => 277
 30 66 52 17 34 77	 => 276
 70 77 34 12 13 71	 => 277


===================[TEST 2]===================

##### START ##### Wed May 21 22:11:21 2003



##### CONVERGE ##### Wed May 21 22:14:18 2003

Elapsed time: 177 seconds
Total loop: 122 generations

Result : 269.45

21 6 69 41 77 60 8 36 63 30 31 80 57 13 1 53 39 70 26 24 52 19 66 48 4 5 62 68 46 42 50 75 47 25 65 58 33 3 38 2 71 32 51 35 45 27 72 28 44 54 73 43 12 22 18 79 15 49 64 16 55 59 34 10 23 78 61 76 9 74 56 40 29 7 14 37 11 67 20 17 

 21 6 69 41 77 60	 => 274
 8 60 77 36 63 30	 => 274
 31 30 63 80 57 13	 => 274
 69 1 53 39 70 41	 => 273
 77 41 70 26 24 36	 => 274
 63 36 24 52 19 80	 => 274
 57 80 19 66 48 4	 => 274
 53 5 62 68 46 39	 => 273
 70 39 46 42 50 26	 => 273
 24 26 50 75 47 52	 => 274
 19 52 47 25 65 66	 => 274
 48 66 65 58 33 3	 => 273
 62 38 2 71 32 68	 => 273
 46 68 32 51 35 42	 => 274
 50 42 35 45 27 75	 => 274
 47 75 27 72 28 25	 => 274
 65 25 28 44 54 58	 => 274
 33 58 54 73 43 12	 => 273
 32 71 22 18 79 51	 => 273
 35 51 79 15 49 45	 => 274
 27 45 49 64 16 72	 => 273
 28 72 16 55 59 44	 => 274
 54 44 59 34 10 73	 => 274
 79 18 23 78 61 15	 => 274
 49 15 61 76 9 64	 => 274
 16 64 9 74 56 55	 => 274
 59 55 56 40 29 34	 => 273
 61 78 7 14 37 76	 => 273
 9 76 37 11 67 74	 => 274
 56 74 67 20 17 40	 => 274


===================[TEST 3]===================

##### START ##### Wed May 21 22:14:18 2003



##### CONVERGE ##### Wed May 21 22:17:35 2003

Elapsed time: 197 seconds
Total loop: 136 generations

Result : 273.5

6 23 56 79 68 45 16 13 60 75 4 80 47 11 5 48 53 36 39 42 18 63 52 34 1 2 57 59 58 27 64 37 77 26 41 74 67 9 25 20 50 65 38 30 76 43 73 21 54 61 49 12 14 44 10 69 33 31 22 32 46 51 55 7 17 70 78 72 40 66 71 35 19 24 3 29 8 62 15 28 

 6 23 56 79 68 45	 => 277
 16 45 68 13 60 75	 => 277
 4 75 60 80 47 11	 => 277
 56 5 48 53 36 79	 => 277
 68 79 36 39 42 13	 => 277
 60 13 42 18 63 80	 => 276
 47 80 63 52 34 1	 => 277
 48 2 57 59 58 53	 => 277
 36 53 58 27 64 39	 => 277
 42 39 64 37 77 18	 => 277
 63 18 77 26 41 52	 => 277
 34 52 41 74 67 9	 => 277
 57 25 20 50 65 59	 => 276
 58 59 65 38 30 27	 => 277
 64 27 30 76 43 37	 => 277
 77 37 43 73 21 26	 => 277
 41 26 21 54 61 74	 => 277
 67 74 61 49 12 14	 => 277
 65 50 44 10 69 38	 => 276
 30 38 69 33 31 76	 => 277
 43 76 31 22 32 73	 => 277
 21 73 32 46 51 54	 => 277
 61 54 51 55 7 49	 => 277
 69 10 17 70 78 33	 => 277
 31 33 78 72 40 22	 => 276
 32 22 40 66 71 46	 => 277
 51 46 71 35 19 55	 => 277
 78 70 24 3 29 72	 => 276
 40 72 29 8 62 66	 => 277
 71 66 62 15 28 35	 => 277


===================[TEST 4]===================

##### START ##### Wed May 21 22:17:35 2003



##### CONVERGE ##### Wed May 21 22:20:35 2003

Elapsed time: 180 seconds
Total loop: 125 generations

Result : 270.702

14 20 21 75 71 72 6 38 69 17 2 79 63 43 16 54 77 30 46 13 25 49 35 40 7 4 41 39 58 1 61 60 68 23 73 55 62 8 24 15 80 74 48 53 67 31 64 27 45 50 70 3 33 11 32 28 59 18 37 56 29 52 36 19 10 78 66 51 42 44 65 57 34 9 22 47 12 76 5 26 

 14 20 21 75 71 72	 => 273
 6 72 71 38 69 17	 => 273
 2 17 69 79 63 43	 => 273
 21 16 54 77 30 75	 => 273
 71 75 30 46 13 38	 => 273
 69 38 13 25 49 79	 => 273
 63 79 49 35 40 7	 => 273
 54 4 41 39 58 77	 => 273
 30 77 58 1 61 46	 => 273
 13 46 61 60 68 25	 => 273
 49 25 68 23 73 35	 => 273
 40 35 73 55 62 8	 => 273
 41 24 15 80 74 39	 => 273
 58 39 74 48 53 1	 => 273
 61 1 53 67 31 60	 => 273
 68 60 31 64 27 23	 => 273
 73 23 27 45 50 55	 => 273
 62 55 50 70 3 33	 => 273
 74 80 11 32 28 48	 => 273
 53 48 28 59 18 67	 => 273
 31 67 18 37 56 64	 => 273
 27 64 56 29 52 45	 => 273
 50 45 52 36 19 70	 => 272
 28 32 10 78 66 59	 => 273
 18 59 66 51 42 37	 => 273
 56 37 42 44 65 29	 => 273
 52 29 65 57 34 36	 => 273
 66 78 9 22 47 51	 => 273
 42 51 47 12 76 44	 => 272
 65 44 76 5 26 57	 => 273


===================[TEST 5]===================

##### START ##### Wed May 21 22:20:35 2003



##### CONVERGE ##### Wed May 21 22:24:18 2003

Elapsed time: 223 seconds
Total loop: 154 generations

Result : 271.221

29 7 46 71 53 68 13 48 73 19 9 79 42 52 3 50 35 69 32 2 61 11 74 37 31 23 65 57 44 24 70 47 62 28 38 77 43 5 33 1 51 67 66 16 54 63 59 15 45 72 39 26 17 20 30 40 64 34 41 22 55 78 36 4 8 76 56 58 21 60 75 18 12 25 10 49 6 80 27 14 

 29 7 46 71 53 68	 => 274
 13 68 53 48 73 19	 => 274
 9 19 73 79 42 52	 => 274
 46 3 50 35 69 71	 => 274
 53 71 69 32 2 48	 => 275
 73 48 2 61 11 79	 => 274
 42 79 11 74 37 31	 => 274
 50 23 65 57 44 35	 => 274
 69 35 44 24 70 32	 => 274
 2 32 70 47 62 61	 => 274
 11 61 62 28 38 74	 => 274
 37 74 38 77 43 5	 => 274
 65 33 1 51 67 57	 => 274
 44 57 67 66 16 24	 => 274
 70 24 16 54 63 47	 => 274
 62 47 63 59 15 28	 => 274
 38 28 15 45 72 77	 => 275
 43 77 72 39 26 17	 => 274
 67 51 20 30 40 66	 => 274
 16 66 40 64 34 54	 => 274
 63 54 34 41 22 59	 => 273
 15 59 22 55 78 45	 => 274
 72 45 78 36 4 39	 => 274
 40 30 8 76 56 64	 => 274
 34 64 56 58 21 41	 => 274
 22 41 21 60 75 55	 => 274
 78 55 75 18 12 36	 => 274
 56 76 25 10 49 58	 => 274
 21 58 49 6 80 60	 => 274
 75 60 80 27 14 18	 => 274



test#	fitness		sum		time
---------------------------------------------------
1	273.5				264
2	269.45				177
3	273.5				197
4	270.702				180
5	271.221				223


---------------------------------------------------
Best fitness      : 273.5 ( test# 1)
Shortest time     : 177 ( test# 2)

Average fitness   : 271.675
Average time      : 208.2
