****************** GA TEST *******************

total test#:			 5
hexa min width:			 3
hexa max width:			 6
hexa count:			 30
number count:			 80
population size:		 130
generation size:		 50

tournament winner p:		 1
do xover p:			 1
xover:				 2points
do mutation1 p:			 0.1
mutation1 p:			 0.05
do optimize p:			 1
local optimize count:		 10000
do deep better optimize p:	 1
do deep worse optimize p:	 0
do spin p:			 0
spin count:			 1000
do spin apply p:		 1
do mutation2 p:			 0.12
mutation2 p:			 0.08
force mutation2:		 1
replace bad p:			 0.195

converge rate p:		 0.99
converge count:			 1

**********************************************


===================[TEST 1]===================

##### START ##### Wed May 21 22:24:22 2003



##### CONVERGE ##### Wed May 21 22:27:55 2003

Elapsed time: 213 seconds
Total loop: 147 generations

Result : 271.5

13 14 37 79 65 67 1 18 78 46 12 75 30 34 10 15 70 64 40 9 66 29 53 60 28 7 71 74 38 26 36 55 69 19 39 73 48 2 11 4 56 59 44 33 76 49 61 22 42 80 31 23 20 41 25 50 54 17 24 47 52 51 63 8 21 57 68 77 35 45 72 32 5 27 3 43 16 58 62 6 

 13 14 37 79 65 67	 => 275
 1 67 65 18 78 46	 => 275
 12 46 78 75 30 34	 => 275
 37 10 15 70 64 79	 => 275
 65 79 64 40 9 18	 => 275
 78 18 9 66 29 75	 => 275
 30 75 29 53 60 28	 => 275
 15 7 71 74 38 70	 => 275
 64 70 38 26 36 40	 => 274
 9 40 36 55 69 66	 => 275
 29 66 69 19 39 53	 => 275
 60 53 39 73 48 2	 => 275
 71 11 4 56 59 74	 => 275
 38 74 59 44 33 26	 => 274
 36 26 33 76 49 55	 => 275
 69 55 49 61 22 19	 => 275
 39 19 22 42 80 73	 => 275
 48 73 80 31 23 20	 => 275
 59 56 41 25 50 44	 => 275
 33 44 50 54 17 76	 => 274
 49 76 17 24 47 61	 => 274
 22 61 47 52 51 42	 => 275
 80 42 51 63 8 31	 => 275
 50 25 21 57 68 54	 => 275
 17 54 68 77 35 24	 => 275
 47 24 35 45 72 52	 => 275
 51 52 72 32 5 63	 => 275
 68 57 27 3 43 77	 => 275
 35 77 43 16 58 45	 => 274
 72 45 58 62 6 32	 => 275


===================[TEST 2]===================

##### START ##### Wed May 21 22:27:55 2003



##### CONVERGE ##### Wed May 21 22:31:09 2003

Elapsed time: 194 seconds
Total loop: 134 generations

Result : 274.702

39 14 51 76 74 23 31 9 73 67 8 79 48 2 12 20 72 46 34 38 54 24 71 42 13 7 75 66 37 45 43 58 49 44 35 65 59 5 1 11 56 68 21 40 55 36 64 26 29 78 41 18 16 22 30 80 53 27 32 63 33 62 52 15 17 28 69 77 19 60 70 57 3 47 6 50 10 61 25 4 

 39 14 51 76 74 23	 => 277
 31 23 74 9 73 67	 => 277
 8 67 73 79 48 2	 => 277
 51 12 20 72 46 76	 => 277
 74 76 46 34 38 9	 => 277
 73 9 38 54 24 79	 => 277
 48 79 24 71 42 13	 => 277
 20 7 75 66 37 72	 => 277
 46 72 37 45 43 34	 => 277
 38 34 43 58 49 54	 => 276
 24 54 49 44 35 71	 => 277
 42 71 35 65 59 5	 => 277
 75 1 11 56 68 66	 => 277
 37 66 68 21 40 45	 => 277
 43 45 40 55 36 58	 => 277
 49 58 36 64 26 44	 => 277
 35 44 26 29 78 65	 => 277
 59 65 78 41 18 16	 => 277
 68 56 22 30 80 21	 => 277
 40 21 80 53 27 55	 => 276
 36 55 27 32 63 64	 => 277
 26 64 63 33 62 29	 => 277
 78 29 62 52 15 41	 => 277
 80 30 17 28 69 53	 => 277
 27 53 69 77 19 32	 => 277
 63 32 19 60 70 33	 => 277
 62 33 70 57 3 52	 => 277
 69 28 47 6 50 77	 => 277
 19 77 50 10 61 60	 => 277
 70 60 61 25 4 57	 => 277


===================[TEST 3]===================

##### START ##### Wed May 21 22:31:09 2003



##### CONVERGE ##### Wed May 21 22:36:12 2003

Elapsed time: 303 seconds
Total loop: 210 generations

Result : 272.702

16 15 54 71 56 63 2 57 38 59 1 78 70 29 12 19 55 64 14 13 61 28 68 25 6 26 76 66 33 40 69 53 65 5 48 77 49 8 3 22 46 62 37 36 27 50 60 42 23 80 30 18 20 10 41 79 21 75 11 52 24 74 51 17 31 45 58 67 43 73 72 47 7 32 34 39 9 44 4 35 

 16 15 54 71 56 63	 => 275
 2 63 56 57 38 59	 => 275
 1 59 38 78 70 29	 => 275
 54 12 19 55 64 71	 => 275
 56 71 64 14 13 57	 => 275
 38 57 13 61 28 78	 => 275
 70 78 28 68 25 6	 => 275
 19 26 76 66 33 55	 => 275
 64 55 33 40 69 14	 => 275
 13 14 69 53 65 61	 => 275
 28 61 65 5 48 68	 => 275
 25 68 48 77 49 8	 => 275
 76 3 22 46 62 66	 => 275
 33 66 62 37 36 40	 => 274
 69 40 36 27 50 53	 => 275
 65 53 50 60 42 5	 => 275
 48 5 42 23 80 77	 => 275
 49 77 80 30 18 20	 => 274
 62 46 10 41 79 37	 => 275
 36 37 79 21 75 27	 => 275
 50 27 75 11 52 60	 => 275
 42 60 52 24 74 23	 => 275
 80 23 74 51 17 30	 => 275
 79 41 31 45 58 21	 => 275
 75 21 58 67 43 11	 => 275
 52 11 43 73 72 24	 => 275
 74 24 72 47 7 51	 => 275
 58 45 32 34 39 67	 => 275
 43 67 39 9 44 73	 => 275
 72 73 44 4 35 47	 => 275


===================[TEST 4]===================

##### START ##### Wed May 21 22:36:12 2003



##### CONVERGE ##### Wed May 21 22:39:03 2003

Elapsed time: 171 seconds
Total loop: 118 generations

Result : 270.394

16 3 54 79 64 58 5 30 56 61 39 76 22 20 1 55 75 10 70 21 25 66 68 31 11 6 47 49 42 17 60 62 36 50 29 67 77 2 15 8 80 74 33 59 41 35 72 19 40 69 26 12 23 4 18 65 34 43 32 51 38 53 63 24 13 71 73 48 44 52 57 27 37 9 28 45 7 78 46 14 

 16 3 54 79 64 58	 => 274
 5 58 64 30 56 61	 => 274
 39 61 56 76 22 20	 => 274
 54 1 55 75 10 79	 => 274
 64 79 10 70 21 30	 => 274
 56 30 21 25 66 76	 => 274
 22 76 66 68 31 11	 => 274
 55 6 47 49 42 75	 => 274
 10 75 42 17 60 70	 => 274
 21 70 60 62 36 25	 => 274
 66 25 36 50 29 68	 => 274
 31 68 29 67 77 2	 => 274
 47 15 8 80 74 49	 => 273
 42 49 74 33 59 17	 => 274
 60 17 59 41 35 62	 => 274
 36 62 35 72 19 50	 => 274
 29 50 19 40 69 67	 => 274
 77 67 69 26 12 23	 => 274
 74 80 4 18 65 33	 => 274
 59 33 65 34 43 41	 => 275
 35 41 43 32 51 72	 => 274
 19 72 51 38 53 40	 => 273
 69 40 53 63 24 26	 => 275
 65 18 13 71 73 34	 => 274
 43 34 73 48 44 32	 => 274
 51 32 44 52 57 38	 => 274
 53 38 57 27 37 63	 => 275
 73 71 9 28 45 48	 => 274
 44 48 45 7 78 52	 => 274
 57 52 78 46 14 27	 => 274


===================[TEST 5]===================

##### START ##### Wed May 21 22:39:03 2003



##### CONVERGE ##### Wed May 21 22:41:21 2003

Elapsed time: 138 seconds
Total loop: 94 generations

Result : 266.973

42 31 18 61 55 65 4 9 67 73 21 70 25 16 17 51 76 50 49 48 53 27 80 69 1 12 40 79 15 23 60 34 30 77 5 52 59 8 3 13 75 62 38 56 37 63 45 24 41 74 39 28 20 7 47 44 64 35 26 66 19 78 29 11 14 46 57 54 36 58 68 72 6 43 2 71 22 32 10 33 

 42 31 18 61 55 65	 => 272
 4 65 55 9 67 73	 => 273
 21 73 67 70 25 16	 => 272
 18 17 51 76 50 61	 => 273
 55 61 50 49 48 9	 => 272
 67 9 48 53 27 70	 => 274
 25 70 27 80 69 1	 => 272
 51 12 40 79 15 76	 => 273
 50 76 15 23 60 49	 => 273
 48 49 60 34 30 53	 => 274
 27 53 30 77 5 80	 => 272
 69 80 5 52 59 8	 => 273
 40 3 13 75 62 79	 => 272
 15 79 62 38 56 23	 => 273
 60 23 56 37 63 34	 => 273
 30 34 63 45 24 77	 => 273
 5 77 24 41 74 52	 => 273
 59 52 74 39 28 20	 => 272
 62 75 7 47 44 38	 => 273
 56 38 44 64 35 37	 => 274
 63 37 35 26 66 45	 => 272
 24 45 66 19 78 41	 => 273
 74 41 78 29 11 39	 => 272
 44 47 14 46 57 64	 => 272
 35 64 57 54 36 26	 => 272
 66 26 36 58 68 19	 => 273
 78 19 68 72 6 29	 => 272
 57 46 43 2 71 54	 => 273
 36 54 71 22 32 58	 => 273
 68 58 32 10 33 72	 => 273



test#	fitness		sum		time
---------------------------------------------------
1	271.5				213
2	274.702				194
3	272.702				303
4	270.394				171
5	266.973				138


---------------------------------------------------
Best fitness      : 274.702 ( test# 2)
Shortest time     : 138 ( test# 5)

Average fitness   : 271.254
Average time      : 203.8
