****************** GA TEST *******************

total test#:			 5
hexa min width:			 3
hexa max width:			 6
hexa count:			 30
number count:			 80
population size:		 200
generation size:		 80

tournament winner p:		 1
do xover p:			 1
xover:				 2points
do mutation1 p:			 0.1
mutation1 p:			 0.05
do optimize p:			 1
local optimize count:		 10000
do deep better optimize p:	 1
do deep worse optimize p:	 0
do spin p:			 0
spin count:			 1000
do spin apply p:		 1
do mutation2 p:			 0.12
mutation2 p:			 0.08
force mutation2:		 0
replace bad p:			 0.195

converge rate p:		 0.99
converge count:			 1

**********************************************


===================[TEST 1]===================

##### START ##### Wed May 21 22:46:06 2003



##### CONVERGE ##### Wed May 21 22:53:14 2003

Elapsed time: 428 seconds
Total loop: 183 generations

Result : 273.836

20 5 38 77 70 66 2 9 80 49 24 61 48 14 11 43 73 34 44 42 31 53 75 39 1 30 55 58 17 63 45 52 62 32 23 79 50 10 36 35 27 65 60 13 25 78 33 19 59 64 37 21 26 6 47 71 51 56 16 68 40 57 41 18 4 29 74 72 7 69 76 54 8 22 12 67 15 46 28 3 

 20 5 38 77 70 66	 => 276
 2 66 70 9 80 49	 => 276
 24 49 80 61 48 14	 => 276
 38 11 43 73 34 77	 => 276
 70 77 34 44 42 9	 => 276
 80 9 42 31 53 61	 => 276
 48 61 53 75 39 1	 => 277
 43 30 55 58 17 73	 => 276
 34 73 17 63 45 44	 => 276
 42 44 45 52 62 31	 => 276
 53 31 62 32 23 75	 => 276
 39 75 23 79 50 10	 => 276
 55 36 35 27 65 58	 => 276
 17 58 65 60 13 63	 => 276
 45 63 13 25 78 52	 => 276
 62 52 78 33 19 32	 => 276
 23 32 19 59 64 79	 => 276
 50 79 64 37 21 26	 => 277
 65 27 6 47 71 60	 => 276
 13 60 71 51 56 25	 => 276
 78 25 56 16 68 33	 => 276
 19 33 68 40 57 59	 => 276
 64 59 57 41 18 37	 => 276
 71 47 4 29 74 51	 => 276
 56 51 74 72 7 16	 => 276
 68 16 7 69 76 40	 => 276
 57 40 76 54 8 41	 => 276
 74 29 22 12 67 72	 => 276
 7 72 67 15 46 69	 => 276
 76 69 46 28 3 54	 => 276


===================[TEST 2]===================

##### START ##### Wed May 21 22:53:14 2003



##### CONVERGE ##### Wed May 21 22:58:27 2003

Elapsed time: 313 seconds
Total loop: 134 generations

Result : 273.093

13 7 58 67 56 75 11 31 71 32 18 68 70 17 8 5 77 61 42 19 38 49 53 34 2 20 76 72 26 6 64 51 62 15 59 66 55 10 16 4 29 79 50 43 39 73 47 28 30 78 41 1 35 25 46 48 63 33 27 57 45 69 37 21 3 36 80 52 22 65 60 54 12 24 44 40 23 74 9 14 

 13 7 58 67 56 75	 => 276
 11 75 56 31 71 32	 => 276
 18 32 71 68 70 17	 => 276
 58 8 5 77 61 67	 => 276
 56 67 61 42 19 31	 => 276
 71 31 19 38 49 68	 => 276
 70 68 49 53 34 2	 => 276
 5 20 76 72 26 77	 => 276
 61 77 26 6 64 42	 => 276
 19 42 64 51 62 38	 => 276
 49 38 62 15 59 53	 => 276
 34 53 59 66 55 10	 => 277
 76 16 4 29 79 72	 => 276
 26 72 79 50 43 6	 => 276
 64 6 43 39 73 51	 => 276
 62 51 73 47 28 15	 => 276
 59 15 28 30 78 66	 => 276
 55 66 78 41 1 35	 => 276
 79 29 25 46 48 50	 => 277
 43 50 48 63 33 39	 => 276
 73 39 33 27 57 47	 => 276
 28 47 57 45 69 30	 => 276
 78 30 69 37 21 41	 => 276
 48 46 3 36 80 63	 => 276
 33 63 80 52 22 27	 => 277
 57 27 22 65 60 45	 => 276
 69 45 60 54 12 37	 => 277
 80 36 24 44 40 52	 => 276
 22 52 40 23 74 65	 => 276
 60 65 74 9 14 54	 => 276


===================[TEST 3]===================

##### START ##### Wed May 21 22:58:27 2003



##### CONVERGE ##### Wed May 21 23:02:05 2003

Elapsed time: 218 seconds
Total loop: 94 generations

Result : 270.833

6 16 48 78 57 69 27 45 61 15 22 79 53 44 12 55 73 8 65 21 25 43 75 14 11 1 54 72 20 58 50 40 74 34 23 63 62 37 26 10 52 60 51 13 80 33 64 29 49 76 31 39 3 5 36 70 28 32 47 18 46 68 41 9 7 67 66 71 30 56 77 38 4 19 17 35 24 59 2 42 

 6 16 48 78 57 69	 => 274
 27 69 57 45 61 15	 => 274
 22 15 61 79 53 44	 => 274
 48 12 55 73 8 78	 => 274
 57 78 8 65 21 45	 => 274
 61 45 21 25 43 79	 => 274
 53 79 43 75 14 11	 => 275
 55 1 54 72 20 73	 => 275
 8 73 20 58 50 65	 => 274
 21 65 50 40 74 25	 => 275
 43 25 74 34 23 75	 => 274
 14 75 23 63 62 37	 => 274
 54 26 10 52 60 72	 => 274
 20 72 60 51 13 58	 => 274
 50 58 13 80 33 40	 => 274
 74 40 33 64 29 34	 => 274
 23 34 29 49 76 63	 => 274
 62 63 76 31 39 3	 => 274
 60 52 5 36 70 51	 => 274
 13 51 70 28 32 80	 => 274
 33 80 32 47 18 64	 => 274
 29 64 18 46 68 49	 => 274
 76 49 68 41 9 31	 => 274
 70 36 7 67 66 28	 => 274
 32 28 66 71 30 47	 => 274
 18 47 30 56 77 46	 => 274
 68 46 77 38 4 41	 => 274
 66 67 19 17 35 71	 => 275
 30 71 35 24 59 56	 => 275
 77 56 59 2 42 38	 => 274


===================[TEST 4]===================

##### START ##### Wed May 21 23:02:05 2003



##### CONVERGE ##### Wed May 21 23:06:09 2003

Elapsed time: 244 seconds
Total loop: 105 generations

Result : 272.836

11 8 64 55 75 62 2 9 73 54 13 76 42 18 3 50 44 59 43 34 32 51 79 6 21 4 58 74 45 23 61 67 38 52 24 56 71 39 36 1 57 49 72 12 77 35 63 20 53 70 19 22 37 7 30 60 26 28 31 41 29 69 47 17 25 68 66 78 46 48 80 40 10 16 14 33 5 65 27 15 

 11 8 64 55 75 62	 => 275
 2 62 75 9 73 54	 => 275
 13 54 73 76 42 18	 => 276
 64 3 50 44 59 55	 => 275
 75 55 59 43 34 9	 => 275
 73 9 34 32 51 76	 => 275
 42 76 51 79 6 21	 => 275
 50 4 58 74 45 44	 => 275
 59 44 45 23 61 43	 => 275
 34 43 61 67 38 32	 => 275
 51 32 38 52 24 79	 => 276
 6 79 24 56 71 39	 => 275
 58 36 1 57 49 74	 => 275
 45 74 49 72 12 23	 => 275
 61 23 12 77 35 67	 => 275
 38 67 35 63 20 52	 => 275
 24 52 20 53 70 56	 => 275
 71 56 70 19 22 37	 => 275
 49 57 7 30 60 72	 => 275
 12 72 60 26 28 77	 => 275
 35 77 28 31 41 63	 => 275
 20 63 41 29 69 53	 => 275
 70 53 69 47 17 19	 => 275
 60 30 25 68 66 26	 => 275
 28 26 66 78 46 31	 => 275
 41 31 46 48 80 29	 => 275
 69 29 80 40 10 47	 => 275
 66 68 16 14 33 78	 => 275
 46 78 33 5 65 48	 => 275
 80 48 65 27 15 40	 => 275


===================[TEST 5]===================

##### START ##### Wed May 21 23:06:09 2003



##### CONVERGE ##### Wed May 21 23:11:18 2003

Elapsed time: 309 seconds
Total loop: 126 generations

Result : 274.417

21 19 53 57 78 49 5 20 79 46 32 45 66 9 8 63 71 25 55 42 24 67 62 30 7 10 34 76 23 28 75 44 37 41 47 64 56 18 17 33 59 58 70 22 39 69 52 35 29 61 80 3 13 2 15 73 43 31 38 48 36 77 26 4 12 60 74 51 40 50 65 72 1 11 27 54 14 68 6 16 

 21 19 53 57 78 49	 => 277
 5 49 78 20 79 46	 => 277
 32 46 79 45 66 9	 => 277
 53 8 63 71 25 57	 => 277
 78 57 25 55 42 20	 => 277
 79 20 42 24 67 45	 => 277
 66 45 67 62 30 7	 => 277
 63 10 34 76 23 71	 => 277
 25 71 23 28 75 55	 => 277
 42 55 75 44 37 24	 => 277
 67 24 37 41 47 62	 => 278
 30 62 47 64 56 18	 => 277
 34 17 33 59 58 76	 => 277
 23 76 58 70 22 28	 => 277
 75 28 22 39 69 44	 => 277
 37 44 69 52 35 41	 => 278
 47 41 35 29 61 64	 => 277
 56 64 61 80 3 13	 => 277
 58 59 2 15 73 70	 => 277
 22 70 73 43 31 39	 => 278
 69 39 31 38 48 52	 => 277
 35 52 48 36 77 29	 => 277
 61 29 77 26 4 80	 => 277
 73 15 12 60 74 43	 => 277
 31 43 74 51 40 38	 => 277
 48 38 40 50 65 36	 => 277
 77 36 65 72 1 26	 => 277
 74 60 11 27 54 51	 => 277
 40 51 54 14 68 50	 => 277
 65 50 68 6 16 72	 => 277



test#	fitness		sum		time
---------------------------------------------------
1	273.836				428
2	273.093				313
3	270.833				218
4	272.836				244
5	274.417				309


---------------------------------------------------
Best fitness      : 274.417 ( test# 5)
Shortest time     : 218 ( test# 3)

Average fitness   : 273.003
Average time      : 302.4
