****************** GA TEST *******************

total test#:			 5
hexa min width:			 3
hexa max width:			 6
hexa count:			 30
number count:			 80
population size:		 130
generation size:		 50

tournament winner p:		 1
do xover p:			 1
xover:				 1points
do mutation1 p:			 0.1
mutation1 p:			 0.05
do optimize p:			 1
local optimize count:		 10000
do deep better optimize p:	 1
do deep worse optimize p:	 0
do spin p:			 0
spin count:			 1000
do spin apply p:		 1
do mutation2 p:			 0.12
mutation2 p:			 0.08
force mutation2:		 0
replace bad p:			 0.195

converge rate p:		 0.99
converge count:			 1

**********************************************


===================[TEST 1]===================

##### START ##### Wed May 21 23:11:21 2003



##### CONVERGE ##### Wed May 21 23:14:04 2003

Elapsed time: 163 seconds
Total loop: 108 generations

Result : 270.45

3 44 76 60 74 17 4 37 79 64 14 63 46 8 13 20 56 49 40 15 47 34 67 54 10 19 52 58 69 18 43 59 70 24 33 75 38 7 23 5 65 71 22 36 73 45 21 55 25 62 61 6 32 12 26 78 50 16 42 77 28 68 57 1 9 31 80 51 35 39 53 66 2 11 30 72 29 48 41 27 

 3 44 76 60 74 17	 => 274
 4 17 74 37 79 64	 => 275
 14 64 79 63 46 8	 => 274
 76 13 20 56 49 60	 => 274
 74 60 49 40 15 37	 => 275
 79 37 15 47 34 63	 => 275
 46 63 34 67 54 10	 => 274
 20 19 52 58 69 56	 => 274
 49 56 69 18 43 40	 => 275
 15 40 43 59 70 47	 => 274
 34 47 70 24 33 67	 => 275
 54 67 33 75 38 7	 => 274
 52 23 5 65 71 58	 => 274
 69 58 71 22 36 18	 => 274
 43 18 36 73 45 59	 => 274
 70 59 45 21 55 24	 => 274
 33 24 55 25 62 75	 => 274
 38 75 62 61 6 32	 => 274
 71 65 12 26 78 22	 => 274
 36 22 78 50 16 73	 => 275
 45 73 16 42 77 21	 => 274
 55 21 77 28 68 25	 => 274
 62 25 68 57 1 61	 => 274
 78 26 9 31 80 50	 => 274
 16 50 80 51 35 42	 => 274
 77 42 35 39 53 28	 => 274
 68 28 53 66 2 57	 => 274
 80 31 11 30 72 51	 => 275
 35 51 72 29 48 39	 => 274
 53 39 48 41 27 66	 => 274


===================[TEST 2]===================

##### START ##### Wed May 21 23:14:04 2003



##### CONVERGE ##### Wed May 21 23:16:46 2003

Elapsed time: 162 seconds
Total loop: 111 generations

Result : 272.826

12 4 58 74 60 68 2 25 78 43 13 70 46 26 3 71 22 48 52 17 24 62 45 38 15 21 51 57 54 23 77 40 66 28 50 72 65 6 18 39 55 56 49 37 35 64 67 11 42 73 47 9 10 8 29 79 44 31 16 63 32 61 34 19 7 41 75 80 30 76 59 53 36 33 27 20 1 69 14 5 

 12 4 58 74 60 68	 => 276
 2 68 60 25 78 43	 => 276
 13 43 78 70 46 26	 => 276
 58 3 71 22 48 74	 => 276
 60 74 48 52 17 25	 => 276
 78 25 17 24 62 70	 => 276
 46 70 62 45 38 15	 => 276
 71 21 51 57 54 22	 => 276
 48 22 54 23 77 52	 => 276
 17 52 77 40 66 24	 => 276
 62 24 66 28 50 45	 => 275
 38 45 50 72 65 6	 => 276
 51 18 39 55 56 57	 => 276
 54 57 56 49 37 23	 => 276
 77 23 37 35 64 40	 => 276
 66 40 64 67 11 28	 => 276
 50 28 11 42 73 72	 => 276
 65 72 73 47 9 10	 => 276
 56 55 8 29 79 49	 => 276
 37 49 79 44 31 35	 => 275
 64 35 31 16 63 67	 => 276
 11 67 63 32 61 42	 => 276
 73 42 61 34 19 47	 => 276
 79 29 7 41 75 44	 => 275
 31 44 75 80 30 16	 => 276
 63 16 30 76 59 32	 => 276
 61 32 59 53 36 34	 => 275
 75 41 33 27 20 80	 => 276
 30 80 20 1 69 76	 => 276
 59 76 69 14 5 53	 => 276


===================[TEST 3]===================

##### START ##### Wed May 21 23:16:46 2003



##### CONVERGE ##### Wed May 21 23:19:06 2003

Elapsed time: 140 seconds
Total loop: 96 generations

Result : 270.221

2 33 61 40 63 74 4 20 66 46 34 71 48 8 31 27 73 41 65 44 23 49 75 13 17 21 56 80 16 14 64 39 38 37 51 45 77 12 5 9 70 53 50 59 28 69 60 30 32 78 57 6 10 7 58 35 47 54 19 43 42 67 15 24 25 79 29 72 52 55 62 76 11 3 22 68 1 26 36 18 

 2 33 61 40 63 74	 => 273
 4 74 63 20 66 46	 => 273
 34 46 66 71 48 8	 => 273
 61 31 27 73 41 40	 => 273
 63 40 41 65 44 20	 => 273
 66 20 44 23 49 71	 => 273
 48 71 49 75 13 17	 => 273
 27 21 56 80 16 73	 => 273
 41 73 16 14 64 65	 => 273
 44 65 64 39 38 23	 => 273
 49 23 38 37 51 75	 => 273
 13 75 51 45 77 12	 => 273
 56 5 9 70 53 80	 => 273
 16 80 53 50 59 14	 => 272
 64 14 59 28 69 39	 => 273
 38 39 69 60 30 37	 => 273
 51 37 30 32 78 45	 => 273
 77 45 78 57 6 10	 => 273
 53 70 7 58 35 50	 => 273
 59 50 35 47 54 28	 => 273
 69 28 54 19 43 60	 => 273
 30 60 43 42 67 32	 => 274
 78 32 67 15 24 57	 => 273
 35 58 25 79 29 47	 => 273
 54 47 29 72 52 19	 => 273
 43 19 52 55 62 42	 => 273
 67 42 62 76 11 15	 => 273
 29 79 3 22 68 72	 => 273
 52 72 68 1 26 55	 => 274
 62 55 26 36 18 76	 => 273


===================[TEST 4]===================

##### START ##### Wed May 21 23:19:06 2003



##### CONVERGE ##### Wed May 21 23:21:09 2003

Elapsed time: 123 seconds
Total loop: 84 generations

Result : 270.221

54 8 35 80 47 49 3 68 58 48 7 78 77 5 50 28 71 10 59 9 31 29 76 12 1 2 45 72 55 13 65 40 69 26 43 74 57 11 62 15 22 56 61 16 64 75 44 19 60 51 53 21 17 18 46 70 38 24 34 32 52 66 37 6 4 42 73 79 25 67 63 41 14 20 23 36 27 39 33 30 

 54 8 35 80 47 49	 => 273
 3 49 47 68 58 48	 => 273
 7 48 58 78 77 5	 => 273
 35 50 28 71 10 80	 => 274
 47 80 10 59 9 68	 => 273
 58 68 9 31 29 78	 => 273
 77 78 29 76 12 1	 => 273
 28 2 45 72 55 71	 => 273
 10 71 55 13 65 59	 => 273
 9 59 65 40 69 31	 => 273
 29 31 69 26 43 76	 => 274
 12 76 43 74 57 11	 => 273
 45 62 15 22 56 72	 => 272
 55 72 56 61 16 13	 => 273
 65 13 16 64 75 40	 => 273
 69 40 75 44 19 26	 => 273
 43 26 19 60 51 74	 => 273
 57 74 51 53 21 17	 => 273
 56 22 18 46 70 61	 => 273
 16 61 70 38 24 64	 => 273
 75 64 24 34 32 44	 => 273
 19 44 32 52 66 60	 => 273
 51 60 66 37 6 53	 => 273
 70 46 4 42 73 38	 => 273
 24 38 73 79 25 34	 => 273
 32 34 25 67 63 52	 => 273
 66 52 63 41 14 37	 => 273
 73 42 20 23 36 79	 => 273
 25 79 36 27 39 67	 => 273
 63 67 39 33 30 41	 => 273


===================[TEST 5]===================

##### START ##### Wed May 21 23:21:09 2003



##### CONVERGE ##### Wed May 21 23:23:33 2003

Elapsed time: 144 seconds
Total loop: 99 generations

Result : 268.311

36 7 79 61 62 27 4 60 39 80 14 69 53 17 19 33 59 21 57 11 45 48 26 68 9 13 40 73 54 16 65 49 46 52 55 43 56 24 6 32 63 58 41 31 64 47 70 8 44 71 29 51 23 18 20 72 37 28 42 22 78 50 75 3 1 66 76 74 15 77 38 30 2 10 12 34 5 67 25 35 

 36 7 79 61 62 27	 => 272
 4 27 62 60 39 80	 => 272
 14 80 39 69 53 17	 => 272
 79 19 33 59 21 61	 => 272
 62 61 21 57 11 60	 => 272
 39 60 11 45 48 69	 => 272
 53 69 48 26 68 9	 => 273
 33 13 40 73 54 59	 => 272
 21 59 54 16 65 57	 => 272
 11 57 65 49 46 45	 => 273
 48 45 46 52 55 26	 => 272
 68 26 55 43 56 24	 => 272
 40 6 32 63 58 73	 => 272
 54 73 58 41 31 16	 => 273
 65 16 31 64 47 49	 => 272
 46 49 47 70 8 52	 => 272
 55 52 8 44 71 43	 => 273
 56 43 71 29 51 23	 => 273
 58 63 18 20 72 41	 => 272
 31 41 72 37 28 64	 => 273
 47 64 28 42 22 70	 => 273
 8 70 22 78 50 44	 => 272
 71 44 50 75 3 29	 => 272
 72 20 1 66 76 37	 => 272
 28 37 76 74 15 42	 => 272
 22 42 15 77 38 78	 => 272
 50 78 38 30 2 75	 => 273
 76 66 10 12 34 74	 => 272
 15 74 34 5 67 77	 => 272
 38 77 67 25 35 30	 => 272



test#	fitness		sum		time
---------------------------------------------------
1	270.45				163
2	272.826				162
3	270.221				140
4	270.221				123
5	268.311				144


---------------------------------------------------
Best fitness      : 272.826 ( test# 2)
Shortest time     : 123 ( test# 4)

Average fitness   : 270.406
Average time      : 146.4
