****************** GA TEST *******************

total test#:			 5
hexa min width:			 3
hexa max width:			 6
hexa count:			 30
number count:			 80
population size:		 130
generation size:		 50

tournament winner p:		 1
do xover p:			 1
xover:				 2points
do mutation1 p:			 0.1
mutation1 p:			 0.05
do optimize p:			 1
local optimize count:		 10000
do deep better optimize p:	 1
do deep worse optimize p:	 0
do spin p:			 0
spin count:			 1000
do spin apply p:		 1
do mutation2 p:			 0.12
mutation2 p:			 0.08
force mutation2:		 0
replace bad p:			 0.195

converge rate p:		 0.99
converge count:			 1

**********************************************


===================[TEST 1]===================

##### START ##### Wed May 21 23:23:36 2003



##### CONVERGE ##### Wed May 21 23:26:06 2003

Elapsed time: 150 seconds
Total loop: 103 generations

Result : 269.45

5 10 78 70 66 44 8 57 52 46 2 73 75 25 6 28 69 22 47 11 62 18 67 21 19 1 63 39 74 23 38 56 59 40 27 71 80 7 32 4 72 64 33 41 79 37 55 26 58 51 43 12 16 15 29 60 36 24 61 17 42 76 31 14 30 68 50 48 54 65 34 77 13 35 20 53 9 45 49 3 

 5 10 78 70 66 44	 => 273
 8 44 66 57 52 46	 => 273
 2 46 52 73 75 25	 => 273
 78 6 28 69 22 70	 => 273
 66 70 22 47 11 57	 => 273
 52 57 11 62 18 73	 => 273
 75 73 18 67 21 19	 => 273
 28 1 63 39 74 69	 => 274
 22 69 74 23 38 47	 => 273
 11 47 38 56 59 62	 => 273
 18 62 59 40 27 67	 => 273
 21 67 27 71 80 7	 => 273
 63 32 4 72 64 39	 => 274
 74 39 64 33 41 23	 => 274
 38 23 41 79 37 56	 => 274
 59 56 37 55 26 40	 => 273
 27 40 26 58 51 71	 => 273
 80 71 51 43 12 16	 => 273
 64 72 15 29 60 33	 => 273
 41 33 60 36 24 79	 => 273
 37 79 24 61 17 55	 => 273
 26 55 17 42 76 58	 => 274
 51 58 76 31 14 43	 => 273
 60 29 30 68 50 36	 => 273
 24 36 50 48 54 61	 => 273
 17 61 54 65 34 42	 => 273
 76 42 34 77 13 31	 => 273
 50 68 35 20 53 48	 => 274
 54 48 53 9 45 65	 => 274
 34 65 45 49 3 77	 => 273


===================[TEST 2]===================

##### START ##### Wed May 21 23:26:06 2003



##### CONVERGE ##### Wed May 21 23:29:09 2003

Elapsed time: 183 seconds
Total loop: 126 generations

Result : 272.221

4 10 54 72 77 58 14 28 80 18 29 78 60 11 3 27 66 53 40 5 71 13 70 38 16 12 76 79 15 33 68 36 55 47 19 52 75 21 20 2 37 61 43 44 25 69 45 24 59 73 42 32 1 23 46 65 50 48 49 39 41 67 26 8 6 51 57 62 9 74 63 56 22 7 34 64 31 35 17 30 

 4 10 54 72 77 58	 => 275
 14 58 77 28 80 18	 => 275
 29 18 80 78 60 11	 => 276
 54 3 27 66 53 72	 => 275
 77 72 53 40 5 28	 => 275
 80 28 5 71 13 78	 => 275
 60 78 13 70 38 16	 => 275
 27 12 76 79 15 66	 => 275
 53 66 15 33 68 40	 => 275
 5 40 68 36 55 71	 => 275
 13 71 55 47 19 70	 => 275
 38 70 19 52 75 21	 => 275
 76 20 2 37 61 79	 => 275
 15 79 61 43 44 33	 => 275
 68 33 44 25 69 36	 => 275
 55 36 69 45 24 47	 => 276
 19 47 24 59 73 52	 => 274
 75 52 73 42 32 1	 => 275
 61 37 23 46 65 43	 => 275
 44 43 65 50 48 25	 => 275
 69 25 48 49 39 45	 => 275
 24 45 39 41 67 59	 => 275
 73 59 67 26 8 42	 => 275
 65 46 6 51 57 50	 => 275
 48 50 57 62 9 49	 => 275
 39 49 9 74 63 41	 => 275
 67 41 63 56 22 26	 => 275
 57 51 7 34 64 62	 => 275
 9 62 64 31 35 74	 => 275
 63 74 35 17 30 56	 => 275


===================[TEST 3]===================

##### START ##### Wed May 21 23:29:09 2003



##### CONVERGE ##### Wed May 21 23:32:01 2003

Elapsed time: 172 seconds
Total loop: 118 generations

Result : 269.978

6 21 54 62 51 80 1 27 46 68 3 76 66 15 9 60 50 39 30 65 42 18 79 32 4 10 55 38 61 52 41 70 26 69 40 43 75 5 25 36 67 53 47 23 72 16 49 44 22 56 58 31 11 7 37 63 24 45 33 59 28 71 48 19 12 64 74 77 20 57 78 35 14 17 8 34 13 73 29 2 

 6 21 54 62 51 80	 => 274
 1 80 51 27 46 68	 => 273
 3 68 46 76 66 15	 => 274
 54 9 60 50 39 62	 => 274
 51 62 39 30 65 27	 => 274
 46 27 65 42 18 76	 => 274
 66 76 18 79 32 4	 => 275
 60 10 55 38 61 50	 => 274
 39 50 61 52 41 30	 => 273
 65 30 41 70 26 42	 => 274
 18 42 26 69 40 79	 => 274
 32 79 40 43 75 5	 => 274
 55 25 36 67 53 38	 => 274
 61 38 53 47 23 52	 => 274
 41 52 23 72 16 70	 => 274
 26 70 16 49 44 69	 => 274
 40 69 44 22 56 43	 => 274
 75 43 56 58 31 11	 => 274
 53 67 7 37 63 47	 => 274
 23 47 63 24 45 72	 => 274
 16 72 45 33 59 49	 => 274
 44 49 59 28 71 22	 => 273
 56 22 71 48 19 58	 => 274
 63 37 12 64 74 24	 => 274
 45 24 74 77 20 33	 => 273
 59 33 20 57 78 28	 => 275
 71 28 78 35 14 48	 => 274
 74 64 17 8 34 77	 => 274
 20 77 34 13 73 57	 => 274
 78 57 73 29 2 35	 => 274


===================[TEST 4]===================

##### START ##### Wed May 21 23:32:01 2003



##### CONVERGE ##### Wed May 21 23:35:46 2003

Elapsed time: 225 seconds
Total loop: 155 generations

Result : 272.622

21 17 61 76 65 37 9 14 73 78 7 67 46 5 8 23 35 74 27 20 58 44 63 53 3 10 77 72 59 11 70 57 45 28 38 68 32 22 2 6 50 69 49 16 66 56 47 43 19 80 54 31 12 15 29 64 42 39 13 55 52 60 33 30 26 40 75 71 36 41 79 51 1 25 4 62 18 48 34 24 

 21 17 61 76 65 37	 => 277
 9 37 65 14 73 78	 => 276
 7 78 73 67 46 5	 => 276
 61 8 23 35 74 76	 => 277
 65 76 74 27 20 14	 => 276
 73 14 20 58 44 67	 => 276
 46 67 44 63 53 3	 => 276
 23 10 77 72 59 35	 => 276
 74 35 59 11 70 27	 => 276
 20 27 70 57 45 58	 => 277
 44 58 45 28 38 63	 => 276
 53 63 38 68 32 22	 => 276
 77 2 6 50 69 72	 => 276
 59 72 69 49 16 11	 => 276
 70 11 16 66 56 57	 => 276
 45 57 56 47 43 28	 => 276
 38 28 43 19 80 68	 => 276
 32 68 80 54 31 12	 => 277
 69 50 15 29 64 49	 => 276
 16 49 64 42 39 66	 => 276
 56 66 39 13 55 47	 => 276
 43 47 55 52 60 19	 => 276
 80 19 60 33 30 54	 => 276
 64 29 26 40 75 42	 => 276
 39 42 75 71 36 13	 => 276
 55 13 36 41 79 52	 => 276
 60 52 79 51 1 33	 => 276
 75 40 25 4 62 71	 => 277
 36 71 62 18 48 41	 => 276
 79 41 48 34 24 51	 => 277


===================[TEST 5]===================

##### START ##### Wed May 21 23:35:46 2003



##### CONVERGE ##### Wed May 21 23:37:37 2003

Elapsed time: 111 seconds
Total loop: 76 generations

Result : 268.833

7 18 55 71 80 42 15 21 51 63 4 79 56 20 1 44 73 28 50 22 77 23 58 25 31 16 13 61 65 29 27 53 43 24 47 70 69 3 67 12 74 45 39 33 52 78 64 10 72 49 75 8 2 36 19 59 54 35 9 34 60 32 38 6 17 57 66 62 46 48 76 40 26 5 14 68 11 37 30 41 

 7 18 55 71 80 42	 => 273
 15 42 80 21 51 63	 => 272
 4 63 51 79 56 20	 => 273
 55 1 44 73 28 71	 => 272
 80 71 28 50 22 21	 => 272
 51 21 22 77 23 79	 => 273
 56 79 23 58 25 31	 => 272
 44 16 13 61 65 73	 => 272
 28 73 65 29 27 50	 => 272
 22 50 27 53 43 77	 => 272
 23 77 43 24 47 58	 => 272
 25 58 47 70 69 3	 => 272
 13 67 12 74 45 61	 => 272
 65 61 45 39 33 29	 => 272
 27 29 33 52 78 53	 => 272
 43 53 78 64 10 24	 => 272
 47 24 10 72 49 70	 => 272
 69 70 49 75 8 2	 => 273
 45 74 36 19 59 39	 => 272
 33 39 59 54 35 52	 => 272
 78 52 35 9 34 64	 => 272
 10 64 34 60 32 72	 => 272
 49 72 32 38 6 75	 => 272
 59 19 17 57 66 54	 => 272
 35 54 66 62 46 9	 => 272
 34 9 46 48 76 60	 => 273
 32 60 76 40 26 38	 => 272
 66 57 5 14 68 62	 => 272
 46 62 68 11 37 48	 => 272
 76 48 37 30 41 40	 => 272



test#	fitness		sum		time
---------------------------------------------------
1	269.45				150
2	272.221				183
3	269.978				172
4	272.622				225
5	268.833				111


---------------------------------------------------
Best fitness      : 272.622 ( test# 4)
Shortest time     : 111 ( test# 5)

Average fitness   : 270.621
Average time      : 168.2
