****************** GA TEST *******************

total test#:			 5
hexa min width:			 3
hexa max width:			 6
hexa count:			 30
number count:			 80
population size:		 120
generation size:		 50

tournament winner p:		 1
do xover p:			 1
xover:				 2points
do mutation1 p:			 0.1
mutation1 p:			 0.05
do optimize p:			 1
local optimize count:		 10000
do deep better optimize p:	 1
do deep worse optimize p:	 0
do spin p:			 0
spin count:			 1000
do spin apply p:		 1
do mutation2 p:			 0.12
mutation2 p:			 0.08
force mutation2:		 0
replace bad p:			 0.195

converge rate p:		 0.99
converge count:			 1

**********************************************


===================[TEST 1]===================

##### START ##### Wed May 21 13:40:07 2003



##### CONVERGE ##### Wed May 21 13:44:13 2003

Elapsed time: 246 seconds
Total loop: 170 generations

Result : 271.984

14 3 68 72 69 49 17 35 78 28 15 80 29 45 10 34 54 37 57 6 59 18 71 55 23 11 75 38 64 22 41 46 67 25 36 73 39 2 20 8 74 60 30 62 52 53 76 9 56 77 44 24 19 12 42 58 43 31 16 48 21 66 32 1 5 63 65 70 51 61 79 50 27 4 26 47 7 40 13 33 

 14 3 68 72 69 49	 => 275
 17 49 69 35 78 28	 => 276
 15 28 78 80 29 45	 => 275
 68 10 34 54 37 72	 => 275
 69 72 37 57 6 35	 => 276
 78 35 6 59 18 80	 => 276
 29 80 18 71 55 23	 => 276
 34 11 75 38 64 54	 => 276
 37 54 64 22 41 57	 => 275
 6 57 41 46 67 59	 => 276
 18 59 67 25 36 71	 => 276
 55 71 36 73 39 2	 => 276
 75 20 8 74 60 38	 => 275
 64 38 60 30 62 22	 => 276
 41 22 62 52 53 46	 => 276
 67 46 53 76 9 25	 => 276
 36 25 9 56 77 73	 => 276
 39 73 77 44 24 19	 => 276
 60 74 12 42 58 30	 => 276
 62 30 58 43 31 52	 => 276
 53 52 31 16 48 76	 => 276
 9 76 48 21 66 56	 => 276
 77 56 66 32 1 44	 => 276
 58 42 5 63 65 43	 => 276
 31 43 65 70 51 16	 => 276
 48 16 51 61 79 21	 => 276
 66 21 79 50 27 32	 => 275
 65 63 4 26 47 70	 => 275
 51 70 47 7 40 61	 => 276
 79 61 40 13 33 50	 => 276


===================[TEST 2]===================

##### START ##### Wed May 21 13:44:13 2003



##### CONVERGE ##### Wed May 21 13:46:45 2003

Elapsed time: 152 seconds
Total loop: 105 generations

Result : 273.45

3 28 45 78 62 61 1 26 63 65 10 79 55 6 19 20 72 43 57 11 64 34 73 31 5 15 68 77 25 35 46 40 59 18 30 56 70 17 2 27 49 54 33 53 32 71 42 48 50 75 39 24 14 13 52 76 16 67 29 36 44 58 51 4 23 41 69 74 22 66 80 37 7 21 12 60 8 47 38 9 

 3 28 45 78 62 61	 => 277
 1 61 62 26 63 65	 => 278
 10 65 63 79 55 6	 => 278
 45 19 20 72 43 78	 => 277
 62 78 43 57 11 26	 => 277
 63 26 11 64 34 79	 => 277
 55 79 34 73 31 5	 => 277
 20 15 68 77 25 72	 => 277
 43 72 25 35 46 57	 => 278
 11 57 46 40 59 64	 => 277
 34 64 59 18 30 73	 => 278
 31 73 30 56 70 17	 => 277
 68 2 27 49 54 77	 => 277
 25 77 54 33 53 35	 => 277
 46 35 53 32 71 40	 => 277
 59 40 71 42 48 18	 => 278
 30 18 48 50 75 56	 => 277
 70 56 75 39 24 14	 => 278
 54 49 13 52 76 33	 => 277
 53 33 76 16 67 32	 => 277
 71 32 67 29 36 42	 => 277
 48 42 36 44 58 50	 => 278
 75 50 58 51 4 39	 => 277
 76 52 23 41 69 16	 => 277
 67 16 69 74 22 29	 => 277
 36 29 22 66 80 44	 => 277
 58 44 80 37 7 51	 => 277
 69 41 21 12 60 74	 => 277
 22 74 60 8 47 66	 => 277
 80 66 47 38 9 37	 => 277


===================[TEST 3]===================

##### START ##### Wed May 21 13:46:45 2003



##### CONVERGE ##### Wed May 21 13:49:41 2003

Elapsed time: 176 seconds
Total loop: 122 generations

Result : 271.394

10 12 41 61 74 77 5 6 75 38 3 78 68 13 2 49 43 79 32 23 73 20 63 37 9 24 53 80 26 35 60 48 39 15 65 51 45 14 8 11 55 69 58 7 59 66 57 50 27 67 62 18 33 1 22 70 64 17 36 40 54 47 56 16 21 46 52 76 31 71 42 72 4 29 28 44 19 34 25 30 

 10 12 41 61 74 77	 => 275
 5 77 74 6 75 38	 => 275
 3 38 75 78 68 13	 => 275
 41 2 49 43 79 61	 => 275
 74 61 79 32 23 6	 => 275
 75 6 23 73 20 78	 => 275
 68 78 20 63 37 9	 => 275
 49 24 53 80 26 43	 => 275
 79 43 26 35 60 32	 => 275
 23 32 60 48 39 73	 => 275
 20 73 39 15 65 63	 => 275
 37 63 65 51 45 14	 => 275
 53 8 11 55 69 80	 => 276
 26 80 69 58 7 35	 => 275
 60 35 7 59 66 48	 => 275
 39 48 66 57 50 15	 => 275
 65 15 50 27 67 51	 => 275
 45 51 67 62 18 33	 => 276
 69 55 1 22 70 58	 => 275
 7 58 70 64 17 59	 => 275
 66 59 17 36 40 57	 => 275
 50 57 40 54 47 27	 => 275
 67 27 47 56 16 62	 => 275
 70 22 21 46 52 64	 => 275
 17 64 52 76 31 36	 => 276
 40 36 31 71 42 54	 => 274
 47 54 42 72 4 56	 => 275
 52 46 29 28 44 76	 => 275
 31 76 44 19 34 71	 => 275
 42 71 34 25 30 72	 => 274


===================[TEST 4]===================

##### START ##### Wed May 21 13:49:41 2003



##### CONVERGE ##### Wed May 21 13:51:37 2003

Elapsed time: 116 seconds
Total loop: 80 generations

Result : 268.311

29 8 76 45 79 36 7 14 65 71 6 74 53 3 11 31 67 42 66 26 34 59 15 60 12 20 52 72 30 28 39 61 46 38 80 51 54 13 22 1 48 77 33 32 75 37 73 18 63 23 78 56 10 9 50 55 58 19 47 21 40 57 27 24 2 64 44 69 35 68 62 70 17 49 5 41 16 43 4 25 

 29 8 76 45 79 36	 => 273
 7 36 79 14 65 71	 => 272
 6 71 65 74 53 3	 => 272
 76 11 31 67 42 45	 => 272
 79 45 42 66 26 14	 => 272
 65 14 26 34 59 74	 => 272
 53 74 59 15 60 12	 => 273
 31 20 52 72 30 67	 => 272
 42 67 30 28 39 66	 => 272
 26 66 39 61 46 34	 => 272
 59 34 46 38 80 15	 => 272
 60 15 80 51 54 13	 => 273
 52 22 1 48 77 72	 => 272
 30 72 77 33 32 28	 => 272
 39 28 32 75 37 61	 => 272
 46 61 37 73 18 38	 => 273
 80 38 18 63 23 51	 => 273
 54 51 23 78 56 10	 => 272
 77 48 9 50 55 33	 => 272
 32 33 55 58 19 75	 => 272
 37 75 19 47 21 73	 => 272
 18 73 21 40 57 63	 => 272
 23 63 57 27 24 78	 => 272
 55 50 2 64 44 58	 => 273
 19 58 44 69 35 47	 => 272
 21 47 35 68 62 40	 => 273
 57 40 62 70 17 27	 => 273
 44 64 49 5 41 69	 => 272
 35 69 41 16 43 68	 => 272
 62 68 43 4 25 70	 => 272


===================[TEST 5]===================

##### START ##### Wed May 21 13:51:37 2003



##### CONVERGE ##### Wed May 21 13:54:04 2003

Elapsed time: 147 seconds
Total loop: 101 generations

Result : 269.311

13 2 61 71 75 51 1 18 78 50 38 36 64 7 8 16 62 55 28 26 49 67 48 37 21 6 72 76 41 19 68 58 44 43 22 79 70 17 23 3 47 53 32 52 30 46 69 14 39 77 34 9 4 27 54 60 74 25 31 73 33 45 63 15 5 24 56 59 29 65 42 80 10 12 57 66 20 35 40 11 

 13 2 61 71 75 51	 => 273
 1 51 75 18 78 50	 => 273
 38 50 78 36 64 7	 => 273
 61 8 16 62 55 71	 => 273
 75 71 55 28 26 18	 => 273
 78 18 26 49 67 36	 => 274
 64 36 67 48 37 21	 => 273
 16 6 72 76 41 62	 => 273
 55 62 41 19 68 28	 => 273
 26 28 68 58 44 49	 => 273
 67 49 44 43 22 48	 => 273
 37 48 22 79 70 17	 => 273
 72 23 3 47 53 76	 => 274
 41 76 53 32 52 19	 => 273
 68 19 52 30 46 58	 => 273
 44 58 46 69 14 43	 => 274
 22 43 14 39 77 79	 => 274
 70 79 77 34 9 4	 => 273
 53 47 27 54 60 32	 => 273
 52 32 60 74 25 30	 => 273
 46 30 25 31 73 69	 => 274
 14 69 73 33 45 39	 => 273
 77 39 45 63 15 34	 => 273
 60 54 5 24 56 74	 => 273
 25 74 56 59 29 31	 => 274
 73 31 29 65 42 33	 => 273
 45 33 42 80 10 63	 => 273
 56 24 12 57 66 59	 => 274
 29 59 66 20 35 65	 => 274
 42 65 35 40 11 80	 => 273



test#	fitness		sum		time
---------------------------------------------------
1	271.984				246
2	273.45				152
3	271.394				176
4	268.311				116
5	269.311				147


---------------------------------------------------
Best fitness      : 273.45 ( test# 2)
Shortest time     : 116 ( test# 4)

Average fitness   : 270.89
Average time      : 167.4
