****************** GA TEST *******************

total test#:			 5
hexa min width:			 3
hexa max width:			 6
hexa count:			 30
number count:			 80
population size:		 130
generation size:		 50

tournament winner p:		 1
do xover p:			 0.99
xover:				 2points
do mutation1 p:			 0.1
mutation1 p:			 0.05
do optimize p:			 1
local optimize count:		 10000
do deep better optimize p:	 1
do deep worse optimize p:	 0
do spin p:			 0
spin count:			 1000
do spin apply p:		 1
do mutation2 p:			 0.12
mutation2 p:			 0.08
force mutation2:		 0
replace bad p:			 0.195

converge rate p:		 0.99
converge count:			 1

**********************************************


===================[TEST 1]===================

##### START ##### Wed May 21 23:37:41 2003



##### CONVERGE ##### Wed May 21 23:40:18 2003

Elapsed time: 157 seconds
Total loop: 108 generations

Result : 269.778

32 20 43 74 42 62 10 35 79 46 16 69 39 25 1 65 55 36 78 9 28 54 52 23 37 14 47 71 21 26 57 58 44 19 77 68 49 5 18 22 51 64 63 29 38 66 53 34 6 70 76 7 3 2 27 67 17 60 11 45 56 80 33 8 15 73 75 61 50 72 40 41 24 30 4 31 12 48 13 59 

 32 20 43 74 42 62	 => 273
 10 62 42 35 79 46	 => 274
 16 46 79 69 39 25	 => 274
 43 1 65 55 36 74	 => 274
 42 74 36 78 9 35	 => 274
 79 35 9 28 54 69	 => 274
 39 69 54 52 23 37	 => 274
 65 14 47 71 21 55	 => 273
 36 55 21 26 57 78	 => 273
 9 78 57 58 44 28	 => 274
 54 28 44 19 77 52	 => 274
 23 52 77 68 49 5	 => 274
 47 18 22 51 64 71	 => 273
 21 71 64 63 29 26	 => 274
 57 26 29 38 66 58	 => 274
 44 58 66 53 34 19	 => 274
 77 19 34 6 70 68	 => 274
 49 68 70 76 7 3	 => 273
 64 51 2 27 67 63	 => 274
 29 63 67 17 60 38	 => 274
 66 38 60 11 45 53	 => 273
 34 53 45 56 80 6	 => 274
 70 6 80 33 8 76	 => 273
 67 27 15 73 75 17	 => 274
 60 17 75 61 50 11	 => 274
 45 11 50 72 40 56	 => 274
 80 56 40 41 24 33	 => 274
 75 73 30 4 31 61	 => 274
 50 61 31 12 48 72	 => 274
 40 72 48 13 59 41	 => 273


===================[TEST 2]===================

##### START ##### Wed May 21 23:40:18 2003



##### CONVERGE ##### Wed May 21 23:44:10 2003

Elapsed time: 232 seconds
Total loop: 159 generations

Result : 272.323

2 4 53 68 74 75 16 14 76 22 9 70 77 23 19 30 56 50 33 38 47 31 80 18 1 3 46 72 69 5 64 66 28 59 32 73 37 36 26 24 51 57 34 40 52 49 58 17 42 54 63 29 20 13 44 78 25 48 10 60 35 65 41 12 6 45 79 71 43 62 67 61 8 15 27 39 7 55 11 21 

 2 4 53 68 74 75	 => 276
 16 75 74 14 76 22	 => 277
 9 22 76 70 77 23	 => 277
 53 19 30 56 50 68	 => 276
 74 68 50 33 38 14	 => 277
 76 14 38 47 31 70	 => 276
 77 70 31 80 18 1	 => 277
 30 3 46 72 69 56	 => 276
 50 56 69 5 64 33	 => 277
 38 33 64 66 28 47	 => 276
 31 47 28 59 32 80	 => 277
 18 80 32 73 37 36	 => 276
 46 26 24 51 57 72	 => 276
 69 72 57 34 40 5	 => 277
 64 5 40 52 49 66	 => 276
 28 66 49 58 17 59	 => 277
 32 59 17 42 54 73	 => 277
 37 73 54 63 29 20	 => 276
 57 51 13 44 78 34	 => 277
 40 34 78 25 48 52	 => 277
 49 52 48 10 60 58	 => 277
 17 58 60 35 65 42	 => 277
 54 42 65 41 12 63	 => 277
 78 44 6 45 79 25	 => 277
 48 25 79 71 43 10	 => 276
 60 10 43 62 67 35	 => 277
 65 35 67 61 8 41	 => 277
 79 45 15 27 39 71	 => 276
 43 71 39 7 55 62	 => 277
 67 62 55 11 21 61	 => 277


===================[TEST 3]===================

##### START ##### Wed May 21 23:44:10 2003



##### CONVERGE ##### Wed May 21 23:47:52 2003

Elapsed time: 222 seconds
Total loop: 153 generations

Result : 272.5

12 42 56 44 77 45 4 17 58 74 11 80 43 10 21 25 76 54 49 35 40 46 72 32 3 2 48 61 63 20 14 66 71 28 19 79 51 23 27 5 68 67 18 47 64 65 30 16 55 78 38 24 6 31 22 70 41 36 29 52 62 60 37 8 15 59 69 75 26 50 57 53 7 1 33 39 13 73 9 34 

 12 42 56 44 77 45	 => 276
 4 45 77 17 58 74	 => 275
 11 74 58 80 43 10	 => 276
 56 21 25 76 54 44	 => 276
 77 44 54 49 35 17	 => 276
 58 17 35 40 46 80	 => 276
 43 80 46 72 32 3	 => 276
 25 2 48 61 63 76	 => 275
 54 76 63 20 14 49	 => 276
 35 49 14 66 71 40	 => 275
 46 40 71 28 19 72	 => 276
 32 72 19 79 51 23	 => 276
 48 27 5 68 67 61	 => 276
 63 61 67 18 47 20	 => 276
 14 20 47 64 65 66	 => 276
 71 66 65 30 16 28	 => 276
 19 28 16 55 78 79	 => 275
 51 79 78 38 24 6	 => 276
 67 68 31 22 70 18	 => 276
 47 18 70 41 36 64	 => 276
 65 64 36 29 52 30	 => 276
 16 30 52 62 60 55	 => 275
 78 55 60 37 8 38	 => 276
 70 22 15 59 69 41	 => 276
 36 41 69 75 26 29	 => 276
 52 29 26 50 57 62	 => 276
 60 62 57 53 7 37	 => 276
 69 59 1 33 39 75	 => 276
 26 75 39 13 73 50	 => 276
 57 50 73 9 34 53	 => 276


===================[TEST 4]===================

##### START ##### Wed May 21 23:47:52 2003



##### CONVERGE ##### Wed May 21 23:50:32 2003

Elapsed time: 160 seconds
Total loop: 110 generations

Result : 269.826

14 28 68 49 78 35 15 16 64 65 11 39 62 32 22 29 69 36 46 48 30 76 12 75 8 38 51 52 34 31 56 43 50 47 57 53 74 2 20 27 44 79 70 7 77 59 61 13 45 58 55 9 24 21 19 40 73 6 37 33 41 80 25 10 4 66 71 63 23 67 72 54 1 5 26 42 18 60 3 17 

 14 28 68 49 78 35	 => 272
 15 35 78 16 64 65	 => 273
 11 65 64 39 62 32	 => 273
 68 22 29 69 36 49	 => 273
 78 49 36 46 48 16	 => 273
 64 16 48 30 76 39	 => 273
 62 39 76 12 75 8	 => 272
 29 38 51 52 34 69	 => 273
 36 69 34 31 56 46	 => 272
 48 46 56 43 50 30	 => 273
 76 30 50 47 57 12	 => 272
 75 12 57 53 74 2	 => 273
 51 20 27 44 79 52	 => 273
 34 52 79 70 7 31	 => 273
 56 31 7 77 59 43	 => 273
 50 43 59 61 13 47	 => 273
 57 47 13 45 58 53	 => 273
 74 53 58 55 9 24	 => 273
 79 44 21 19 40 70	 => 273
 7 70 40 73 6 77	 => 273
 59 77 6 37 33 61	 => 273
 13 61 33 41 80 45	 => 273
 58 45 80 25 10 55	 => 273
 40 19 4 66 71 73	 => 273
 6 73 71 63 23 37	 => 273
 33 37 23 67 72 41	 => 273
 80 41 72 54 1 25	 => 273
 71 66 5 26 42 63	 => 273
 23 63 42 18 60 67	 => 273
 72 67 60 3 17 54	 => 273


===================[TEST 5]===================

##### START ##### Wed May 21 23:50:32 2003



##### CONVERGE ##### Wed May 21 23:54:48 2003

Elapsed time: 256 seconds
Total loop: 176 generations

Result : 274.361

11 19 48 73 61 64 10 17 74 50 24 57 66 5 9 36 43 67 12 46 40 42 76 13 22 2 80 45 70 15 69 68 41 28 49 77 53 7 8 3 65 75 38 33 54 37 72 30 21 71 29 26 20 6 32 60 56 35 31 47 27 79 51 25 14 52 62 58 34 78 59 44 16 23 18 63 4 39 1 55 

 11 19 48 73 61 64	 => 276
 10 64 61 17 74 50	 => 276
 24 50 74 57 66 5	 => 276
 48 9 36 43 67 73	 => 276
 61 73 67 12 46 17	 => 276
 74 17 46 40 42 57	 => 276
 66 57 42 76 13 22	 => 276
 36 2 80 45 70 43	 => 276
 67 43 70 15 69 12	 => 276
 46 12 69 68 41 40	 => 276
 42 40 41 28 49 76	 => 276
 13 76 49 77 53 7	 => 275
 80 8 3 65 75 45	 => 276
 70 45 75 38 33 15	 => 276
 69 15 33 54 37 68	 => 276
 41 68 37 72 30 28	 => 276
 49 28 30 21 71 77	 => 276
 53 77 71 29 26 20	 => 276
 75 65 6 32 60 38	 => 276
 33 38 60 56 35 54	 => 276
 37 54 35 31 47 72	 => 276
 30 72 47 27 79 21	 => 276
 71 21 79 51 25 29	 => 276
 60 32 14 52 62 56	 => 276
 35 56 62 58 34 31	 => 276
 47 31 34 78 59 27	 => 276
 79 27 59 44 16 51	 => 276
 62 52 23 18 63 58	 => 276
 34 58 63 4 39 78	 => 276
 59 78 39 1 55 44	 => 276



test#	fitness		sum		time
---------------------------------------------------
1	269.778				157
2	272.323				232
3	272.5				222
4	269.826				160
5	274.361				256


---------------------------------------------------
Best fitness      : 274.361 ( test# 5)
Shortest time     : 157 ( test# 1)

Average fitness   : 271.758
Average time      : 205.4
