****************** GA TEST *******************

total test#:			 5
hexa min width:			 3
hexa max width:			 6
hexa count:			 30
number count:			 80
population size:		 130
generation size:		 60

tournament winner p:		 1
do xover p:			 1
xover:				 2points
do mutation1 p:			 0.1
mutation1 p:			 0.05
do optimize p:			 1
local optimize count:		 10000
do deep better optimize p:	 1
do deep worse optimize p:	 0
do spin p:			 0
spin count:			 1000
do spin apply p:		 1
do mutation2 p:			 0.12
mutation2 p:			 0.08
force mutation2:		 0
replace bad p:			 0.195

converge rate p:		 0.99
converge count:			 1

**********************************************


===================[TEST 1]===================

##### START ##### Wed May 21 13:54:07 2003



##### CONVERGE ##### Wed May 21 13:56:59 2003

Elapsed time: 172 seconds
Total loop: 98 generations

Result : 272.315

38 5 69 51 80 33 3 27 54 79 10 78 40 15 2 28 72 55 42 21 56 41 65 30 22 6 58 73 39 24 44 46 68 26 20 70 77 14 4 45 49 47 50 43 67 52 48 36 71 53 34 31 11 23 32 75 25 16 64 29 17 76 35 7 9 61 74 60 37 62 66 63 19 13 12 57 1 59 8 18 

 38 5 69 51 80 33	 => 276
 3 33 80 27 54 79	 => 276
 10 79 54 78 40 15	 => 276
 69 2 28 72 55 51	 => 277
 80 51 55 42 21 27	 => 276
 54 27 21 56 41 78	 => 277
 40 78 41 65 30 22	 => 276
 28 6 58 73 39 72	 => 276
 55 72 39 24 44 42	 => 276
 21 42 44 46 68 56	 => 277
 41 56 68 26 20 65	 => 276
 30 65 20 70 77 14	 => 276
 58 4 45 49 47 73	 => 276
 39 73 47 50 43 24	 => 276
 44 24 43 67 52 46	 => 276
 68 46 52 48 36 26	 => 276
 20 26 36 71 53 70	 => 276
 77 70 53 34 31 11	 => 276
 47 49 23 32 75 50	 => 276
 43 50 75 25 16 67	 => 276
 52 67 16 64 29 48	 => 276
 36 48 29 17 76 71	 => 277
 53 71 76 35 7 34	 => 276
 75 32 9 61 74 25	 => 276
 16 25 74 60 37 64	 => 276
 29 64 37 62 66 17	 => 275
 76 17 66 63 19 35	 => 276
 74 61 13 12 57 60	 => 277
 37 60 57 1 59 62	 => 276
 66 62 59 8 18 63	 => 276


===================[TEST 2]===================

##### START ##### Wed May 21 13:56:59 2003



##### CONVERGE ##### Wed May 21 14:00:28 2003

Elapsed time: 209 seconds
Total loop: 120 generations

Result : 271.691

18 37 50 73 65 31 6 24 79 69 7 77 14 28 16 34 54 47 55 10 58 26 60 44 53 11 67 59 49 33 36 52 62 41 27 76 63 4 8 5 61 74 13 46 78 29 70 20 42 68 43 21 3 19 32 75 22 40 9 48 23 71 38 12 15 51 80 57 66 56 72 45 25 39 17 30 1 64 2 35 

 18 37 50 73 65 31	 => 274
 6 31 65 24 79 69	 => 274
 7 69 79 77 14 28	 => 274
 50 16 34 54 47 73	 => 274
 65 73 47 55 10 24	 => 274
 79 24 10 58 26 77	 => 274
 14 77 26 60 44 53	 => 274
 34 11 67 59 49 54	 => 274
 47 54 49 33 36 55	 => 274
 10 55 36 52 62 58	 => 273
 26 58 62 41 27 60	 => 274
 44 60 27 76 63 4	 => 274
 67 8 5 61 74 59	 => 274
 49 59 74 13 46 33	 => 274
 36 33 46 78 29 52	 => 274
 62 52 29 70 20 41	 => 274
 27 41 20 42 68 76	 => 274
 63 76 68 43 21 3	 => 274
 74 61 19 32 75 13	 => 274
 46 13 75 22 40 78	 => 274
 29 78 40 9 48 70	 => 274
 20 70 48 23 71 42	 => 274
 68 42 71 38 12 43	 => 274
 75 32 15 51 80 22	 => 275
 40 22 80 57 66 9	 => 274
 48 9 66 56 72 23	 => 274
 71 23 72 45 25 38	 => 274
 80 51 39 17 30 57	 => 274
 66 57 30 1 64 56	 => 274
 72 56 64 2 35 45	 => 274


===================[TEST 3]===================

##### START ##### Wed May 21 14:00:28 2003



##### CONVERGE ##### Wed May 21 14:03:16 2003

Elapsed time: 168 seconds
Total loop: 97 generations

Result : 269.856

24 6 79 61 40 63 18 33 60 59 17 51 64 22 3 36 74 20 78 41 21 67 43 45 4 11 75 19 58 29 14 72 47 30 65 50 57 13 37 9 62 71 42 54 48 56 66 2 49 77 38 25 26 28 31 39 35 55 1 46 34 76 23 10 27 73 68 70 44 69 80 52 8 16 15 32 5 53 7 12 

 24 6 79 61 40 63	 => 273
 18 63 40 33 60 59	 => 273
 17 59 60 51 64 22	 => 273
 79 3 36 74 20 61	 => 273
 40 61 20 78 41 33	 => 273
 60 33 41 21 67 51	 => 273
 64 51 67 43 45 4	 => 274
 36 11 75 19 58 74	 => 273
 20 74 58 29 14 78	 => 273
 41 78 14 72 47 21	 => 273
 67 21 47 30 65 43	 => 273
 45 43 65 50 57 13	 => 273
 75 37 9 62 71 19	 => 273
 58 19 71 42 54 29	 => 273
 14 29 54 48 56 72	 => 273
 47 72 56 66 2 30	 => 273
 65 30 2 49 77 50	 => 273
 57 50 77 38 25 26	 => 273
 71 62 28 31 39 42	 => 273
 54 42 39 35 55 48	 => 273
 56 48 55 1 46 66	 => 272
 2 66 46 34 76 49	 => 273
 77 49 76 23 10 38	 => 273
 39 31 27 73 68 35	 => 273
 55 35 68 70 44 1	 => 273
 46 1 44 69 80 34	 => 274
 76 34 80 52 8 23	 => 273
 68 73 16 15 32 70	 => 274
 44 70 32 5 53 69	 => 273
 80 69 53 7 12 52	 => 273


===================[TEST 4]===================

##### START ##### Wed May 21 14:03:16 2003



##### CONVERGE ##### Wed May 21 14:06:07 2003

Elapsed time: 171 seconds
Total loop: 98 generations

Result : 271.702

36 28 77 49 44 40 3 53 63 71 7 74 57 2 22 46 37 43 61 24 35 25 62 47 9 8 69 56 58 15 60 30 64 68 20 78 52 14 10 1 66 72 19 54 67 48 41 23 34 51 75 5 13 17 29 70 33 31 32 55 45 76 26 12 4 79 59 80 39 65 38 73 16 11 18 27 21 42 6 50 

 36 28 77 49 44 40	 => 274
 3 40 44 53 63 71	 => 274
 7 71 63 74 57 2	 => 274
 77 22 46 37 43 49	 => 274
 44 49 43 61 24 53	 => 274
 63 53 24 35 25 74	 => 274
 57 74 25 62 47 9	 => 274
 46 8 69 56 58 37	 => 274
 43 37 58 15 60 61	 => 274
 24 61 60 30 64 35	 => 274
 25 35 64 68 20 62	 => 274
 47 62 20 78 52 14	 => 273
 69 10 1 66 72 56	 => 274
 58 56 72 19 54 15	 => 274
 60 15 54 67 48 30	 => 274
 64 30 48 41 23 68	 => 274
 20 68 23 34 51 78	 => 274
 52 78 51 75 5 13	 => 274
 72 66 17 29 70 19	 => 273
 54 19 70 33 31 67	 => 274
 48 67 31 32 55 41	 => 274
 23 41 55 45 76 34	 => 274
 51 34 76 26 12 75	 => 274
 70 29 4 79 59 33	 => 274
 31 33 59 80 39 32	 => 274
 55 32 39 65 38 45	 => 274
 76 45 38 73 16 26	 => 274
 59 79 11 18 27 80	 => 274
 39 80 27 21 42 65	 => 274
 38 65 42 6 50 73	 => 274


===================[TEST 5]===================

##### START ##### Wed May 21 14:06:07 2003



##### CONVERGE ##### Wed May 21 14:09:41 2003

Elapsed time: 214 seconds
Total loop: 123 generations

Result : 274.093

10 4 69 60 68 66 1 35 74 33 15 78 57 20 2 58 41 47 61 6 50 34 75 31 3 14 51 65 48 28 52 79 29 49 40 72 46 13 19 7 64 71 39 26 55 37 54 30 27 59 76 16 8 9 32 62 43 53 36 42 44 80 24 11 12 73 56 67 22 70 63 45 21 38 25 18 23 77 5 17 

 10 4 69 60 68 66	 => 277
 1 66 68 35 74 33	 => 277
 15 33 74 78 57 20	 => 277
 69 2 58 41 47 60	 => 277
 68 60 47 61 6 35	 => 277
 74 35 6 50 34 78	 => 277
 57 78 34 75 31 3	 => 278
 58 14 51 65 48 41	 => 277
 47 41 48 28 52 61	 => 277
 6 61 52 79 29 50	 => 277
 34 50 29 49 40 75	 => 277
 31 75 40 72 46 13	 => 277
 51 19 7 64 71 65	 => 277
 48 65 71 39 26 28	 => 277
 52 28 26 55 37 79	 => 277
 29 79 37 54 30 49	 => 278
 40 49 30 27 59 72	 => 277
 46 72 59 76 16 8	 => 277
 71 64 9 32 62 39	 => 277
 26 39 62 43 53 55	 => 278
 37 55 53 36 42 54	 => 277
 30 54 42 44 80 27	 => 277
 59 27 80 24 11 76	 => 277
 62 32 12 73 56 43	 => 278
 53 43 56 67 22 36	 => 277
 42 36 22 70 63 44	 => 277
 80 44 63 45 21 24	 => 277
 56 73 38 25 18 67	 => 277
 22 67 18 23 77 70	 => 277
 63 70 77 5 17 45	 => 277



test#	fitness		sum		time
---------------------------------------------------
1	272.315				172
2	271.691				209
3	269.856				168
4	271.702				171
5	274.093				214


---------------------------------------------------
Best fitness      : 274.093 ( test# 5)
Shortest time     : 168 ( test# 3)

Average fitness   : 271.931
Average time      : 186.8
