****************** GA TEST *******************

total test#:			 5
hexa min width:			 3
hexa max width:			 6
hexa count:			 30
number count:			 80
population size:		 130
generation size:		 40

tournament winner p:		 1
do xover p:			 1
xover:				 2points
do mutation1 p:			 0.1
mutation1 p:			 0.05
do optimize p:			 1
local optimize count:		 10000
do deep better optimize p:	 1
do deep worse optimize p:	 0
do spin p:			 0
spin count:			 1000
do spin apply p:		 1
do mutation2 p:			 0.12
mutation2 p:			 0.08
force mutation2:		 0
replace bad p:			 0.195

converge rate p:		 0.99
converge count:			 1

**********************************************


===================[TEST 1]===================

##### START ##### Wed May 21 14:09:42 2003



##### CONVERGE ##### Wed May 21 14:12:22 2003

Elapsed time: 160 seconds
Total loop: 138 generations

Result : 271.622

26 13 48 72 76 40 12 15 74 58 5 70 49 19 1 71 63 20 78 14 34 68 60 25 3 11 29 54 47 17 50 44 55 24 35 80 66 9 31 30 79 52 65 41 64 59 57 36 33 67 53 7 2 8 28 43 46 16 18 62 32 56 61 6 38 45 75 69 51 73 39 77 10 21 23 42 4 37 22 27 

 26 13 48 72 76 40	 => 275
 12 40 76 15 74 58	 => 275
 5 58 74 70 49 19	 => 275
 48 1 71 63 20 72	 => 275
 76 72 20 78 14 15	 => 275
 74 15 14 34 68 70	 => 275
 49 70 68 60 25 3	 => 275
 71 11 29 54 47 63	 => 275
 20 63 47 17 50 78	 => 275
 14 78 50 44 55 34	 => 275
 68 34 55 24 35 60	 => 276
 25 60 35 80 66 9	 => 275
 29 31 30 79 52 54	 => 275
 47 54 52 65 41 17	 => 276
 50 17 41 64 59 44	 => 275
 55 44 59 57 36 24	 => 275
 35 24 36 33 67 80	 => 275
 66 80 67 53 7 2	 => 275
 52 79 8 28 43 65	 => 275
 41 65 43 46 16 64	 => 275
 59 64 16 18 62 57	 => 276
 36 57 62 32 56 33	 => 276
 67 33 56 61 6 53	 => 276
 43 28 38 45 75 46	 => 275
 16 46 75 69 51 18	 => 275
 62 18 51 73 39 32	 => 275
 56 32 39 77 10 61	 => 275
 75 45 21 23 42 69	 => 275
 51 69 42 4 37 73	 => 276
 39 73 37 22 27 77	 => 275


===================[TEST 2]===================

##### START ##### Wed May 21 14:12:22 2003



##### CONVERGE ##### Wed May 21 14:14:42 2003

Elapsed time: 140 seconds
Total loop: 121 generations

Result : 270.134

7 5 57 62 78 65 17 12 59 43 9 77 53 33 13 14 69 60 48 15 79 32 67 10 35 16 70 68 38 37 23 80 30 18 49 74 71 3 28 22 42 44 64 24 45 66 34 47 26 61 54 6 8 27 39 58 55 29 50 51 40 76 56 1 2 46 75 41 25 73 36 63 4 19 21 72 11 52 20 31 

 7 5 57 62 78 65	 => 274
 17 65 78 12 59 43	 => 274
 9 43 59 77 53 33	 => 274
 57 13 14 69 60 62	 => 275
 78 62 60 48 15 12	 => 275
 59 12 15 79 32 77	 => 274
 53 77 32 67 10 35	 => 274
 14 16 70 68 38 69	 => 275
 60 69 38 37 23 48	 => 275
 15 48 23 80 30 79	 => 275
 32 79 30 18 49 67	 => 275
 10 67 49 74 71 3	 => 274
 70 28 22 42 44 68	 => 274
 38 68 44 64 24 37	 => 275
 23 37 24 45 66 80	 => 275
 30 80 66 34 47 18	 => 275
 49 18 47 26 61 74	 => 275
 71 74 61 54 6 8	 => 274
 44 42 27 39 58 64	 => 274
 24 64 58 55 29 45	 => 275
 66 45 29 50 51 34	 => 275
 47 34 51 40 76 26	 => 274
 61 26 76 56 1 54	 => 274
 58 39 2 46 75 55	 => 275
 29 55 75 41 25 50	 => 275
 51 50 25 73 36 40	 => 275
 76 40 36 63 4 56	 => 275
 75 46 19 21 72 41	 => 274
 25 41 72 11 52 73	 => 274
 36 73 52 20 31 63	 => 275


===================[TEST 3]===================

##### START ##### Wed May 21 14:14:42 2003



##### CONVERGE ##### Wed May 21 14:17:44 2003

Elapsed time: 182 seconds
Total loop: 157 generations

Result : 270.221

62 5 66 68 46 26 22 44 58 77 1 63 56 18 14 38 70 17 32 67 8 33 78 20 23 6 79 37 42 48 64 28 74 29 52 55 53 15 19 9 54 75 41 30 69 34 72 36 51 50 45 57 13 4 40 59 31 43 39 16 27 71 49 7 10 73 60 65 35 80 76 47 3 2 12 61 11 21 24 25 

 62 5 66 68 46 26	 => 273
 22 26 46 44 58 77	 => 273
 1 77 58 63 56 18	 => 273
 66 14 38 70 17 68	 => 273
 46 68 17 32 67 44	 => 274
 58 44 67 8 33 63	 => 273
 56 63 33 78 20 23	 => 273
 38 6 79 37 42 70	 => 272
 17 70 42 48 64 32	 => 273
 67 32 64 28 74 8	 => 273
 33 8 74 29 52 78	 => 274
 20 78 52 55 53 15	 => 273
 79 19 9 54 75 37	 => 273
 42 37 75 41 30 48	 => 273
 64 48 30 69 34 28	 => 273
 74 28 34 72 36 29	 => 273
 52 29 36 51 50 55	 => 273
 53 55 50 45 57 13	 => 273
 75 54 4 40 59 41	 => 273
 30 41 59 31 43 69	 => 273
 34 69 43 39 16 72	 => 273
 36 72 16 27 71 51	 => 273
 50 51 71 49 7 45	 => 273
 59 40 10 73 60 31	 => 273
 43 31 60 65 35 39	 => 273
 16 39 35 80 76 27	 => 273
 71 27 76 47 3 49	 => 273
 60 73 2 12 61 65	 => 273
 35 65 61 11 21 80	 => 273
 76 80 21 24 25 47	 => 273


===================[TEST 4]===================

##### START ##### Wed May 21 14:17:44 2003



##### CONVERGE ##### Wed May 21 14:20:11 2003

Elapsed time: 147 seconds
Total loop: 128 generations

Result : 272.691

19 6 49 80 67 54 5 38 56 55 27 60 52 25 12 14 77 43 11 36 51 34 74 20 35 18 70 50 46 32 66 42 69 23 24 79 62 16 9 17 57 72 31 44 58 33 71 37 48 64 59 4 7 1 53 61 8 73 30 10 45 63 39 2 3 75 76 41 47 65 78 29 21 15 40 28 26 68 13 22 

 19 6 49 80 67 54	 => 275
 5 54 67 38 56 55	 => 275
 27 55 56 60 52 25	 => 275
 49 12 14 77 43 80	 => 275
 67 80 43 11 36 38	 => 275
 56 38 36 51 34 60	 => 275
 52 60 34 74 20 35	 => 275
 14 18 70 50 46 77	 => 275
 43 77 46 32 66 11	 => 275
 36 11 66 42 69 51	 => 275
 34 51 69 23 24 74	 => 275
 20 74 24 79 62 16	 => 275
 70 9 17 57 72 50	 => 275
 46 50 72 31 44 32	 => 275
 66 32 44 58 33 42	 => 275
 69 42 33 71 37 23	 => 275
 24 23 37 48 64 79	 => 275
 62 79 64 59 4 7	 => 275
 72 57 1 53 61 31	 => 275
 44 31 61 8 73 58	 => 275
 33 58 73 30 10 71	 => 275
 37 71 10 45 63 48	 => 274
 64 48 63 39 2 59	 => 275
 61 53 3 75 76 8	 => 276
 73 8 76 41 47 30	 => 275
 10 30 47 65 78 45	 => 275
 63 45 78 29 21 39	 => 275
 76 75 15 40 28 41	 => 275
 47 41 28 26 68 65	 => 275
 78 65 68 13 22 29	 => 275


===================[TEST 5]===================

##### START ##### Wed May 21 14:20:11 2003



##### CONVERGE ##### Wed May 21 14:23:04 2003

Elapsed time: 173 seconds
Total loop: 149 generations

Result : 270.311

14 2 79 58 71 50 20 24 80 30 27 72 51 15 3 29 69 36 48 37 39 22 77 43 9 4 64 66 42 23 56 40 54 74 8 68 73 6 5 7 70 62 18 63 59 33 57 16 53 55 21 31 26 11 46 67 35 32 45 49 52 47 60 38 1 65 61 76 25 75 28 78 10 12 17 44 13 41 34 19 

 14 2 79 58 71 50	 => 274
 20 50 71 24 80 30	 => 275
 27 30 80 72 51 15	 => 275
 79 3 29 69 36 58	 => 274
 71 58 36 48 37 24	 => 274
 80 24 37 39 22 72	 => 274
 51 72 22 77 43 9	 => 274
 29 4 64 66 42 69	 => 274
 36 69 42 23 56 48	 => 274
 37 48 56 40 54 39	 => 274
 22 39 54 74 8 77	 => 274
 43 77 8 68 73 6	 => 275
 64 5 7 70 62 66	 => 274
 42 66 62 18 63 23	 => 274
 56 23 63 59 33 40	 => 274
 54 40 33 57 16 74	 => 274
 8 74 16 53 55 68	 => 274
 73 68 55 21 31 26	 => 274
 62 70 11 46 67 18	 => 274
 63 18 67 35 32 59	 => 274
 33 59 32 45 49 57	 => 275
 16 57 49 52 47 53	 => 274
 55 53 47 60 38 21	 => 274
 67 46 1 65 61 35	 => 275
 32 35 61 76 25 45	 => 274
 49 45 25 75 28 52	 => 274
 47 52 28 78 10 60	 => 275
 61 65 12 17 44 76	 => 275
 25 76 44 13 41 75	 => 274
 28 75 41 34 19 78	 => 275



test#	fitness		sum		time
---------------------------------------------------
1	271.622				160
2	270.134				140
3	270.221				182
4	272.691				147
5	270.311				173


---------------------------------------------------
Best fitness      : 272.691 ( test# 4)
Shortest time     : 140 ( test# 2)

Average fitness   : 270.996
Average time      : 160.4
