****************** GA TEST *******************

total test#:			 5
hexa min width:			 3
hexa max width:			 6
hexa count:			 30
number count:			 80
population size:		 130
generation size:		 50

tournament winner p:		 1
do xover p:			 1
xover:				 2points
do mutation1 p:			 0.1
mutation1 p:			 0.05
do optimize p:			 1
local optimize count:		 10000
do deep better optimize p:	 1
do deep worse optimize p:	 0
do spin p:			 0
spin count:			 1000
do spin apply p:		 1
do mutation2 p:			 0.12
mutation2 p:			 0.08
force mutation2:		 0
replace bad p:			 0.195

converge rate p:		 0.99
converge count:			 1

**********************************************


===================[TEST 1]===================

##### START ##### Wed May 21 14:23:07 2003



##### CONVERGE ##### Wed May 21 14:25:55 2003

Elapsed time: 168 seconds
Total loop: 116 generations

Result : 272.722

21 30 39 72 45 69 7 33 59 62 10 75 42 28 13 32 56 64 40 23 49 37 70 51 1 12 54 74 48 3 65 31 68 9 43 73 25 14 16 34 52 46 58 47 53 77 36 55 29 67 78 22 11 2 57 61 38 19 50 41 35 80 15 6 18 26 76 66 27 44 79 63 4 20 17 71 8 60 24 5 

 21 30 39 72 45 69	 => 276
 7 69 45 33 59 62	 => 275
 10 62 59 75 42 28	 => 276
 39 13 32 56 64 72	 => 276
 45 72 64 40 23 33	 => 277
 59 33 23 49 37 75	 => 276
 42 75 37 70 51 1	 => 276
 32 12 54 74 48 56	 => 276
 64 56 48 3 65 40	 => 276
 23 40 65 31 68 49	 => 276
 37 49 68 9 43 70	 => 276
 51 70 43 73 25 14	 => 276
 54 16 34 52 46 74	 => 276
 48 74 46 58 47 3	 => 276
 65 3 47 53 77 31	 => 276
 68 31 77 36 55 9	 => 276
 43 9 55 29 67 73	 => 276
 25 73 67 78 22 11	 => 276
 46 52 2 57 61 58	 => 276
 47 58 61 38 19 53	 => 276
 77 53 19 50 41 36	 => 276
 55 36 41 35 80 29	 => 276
 67 29 80 15 6 78	 => 275
 61 57 18 26 76 38	 => 276
 19 38 76 66 27 50	 => 276
 41 50 27 44 79 35	 => 276
 80 35 79 63 4 15	 => 276
 76 26 20 17 71 66	 => 276
 27 66 71 8 60 44	 => 276
 79 44 60 24 5 63	 => 275


===================[TEST 2]===================

##### START ##### Wed May 21 14:25:55 2003



##### CONVERGE ##### Wed May 21 14:28:39 2003

Elapsed time: 164 seconds
Total loop: 113 generations

Result : 272.622

17 11 63 79 61 45 16 23 67 65 25 66 41 12 3 32 71 28 47 38 48 34 73 29 33 1 78 59 35 39 56 44 43 27 52 76 42 4 6 21 37 75 50 18 51 68 72 22 31 69 80 7 2 26 14 74 64 20 8 57 40 55 36 5 13 62 49 77 58 53 60 70 15 19 46 24 10 54 30 9 

 17 11 63 79 61 45	 => 276
 16 45 61 23 67 65	 => 277
 25 65 67 66 41 12	 => 276
 63 3 32 71 28 79	 => 276
 61 79 28 47 38 23	 => 276
 67 23 38 48 34 66	 => 276
 41 66 34 73 29 33	 => 276
 32 1 78 59 35 71	 => 276
 28 71 35 39 56 47	 => 276
 38 47 56 44 43 48	 => 276
 34 48 43 27 52 73	 => 277
 29 73 52 76 42 4	 => 276
 78 6 21 37 75 59	 => 276
 35 59 75 50 18 39	 => 276
 56 39 18 51 68 44	 => 276
 43 44 68 72 22 27	 => 276
 52 27 22 31 69 76	 => 277
 42 76 69 80 7 2	 => 276
 75 37 26 14 74 50	 => 276
 18 50 74 64 20 51	 => 277
 68 51 20 8 57 72	 => 276
 22 72 57 40 55 31	 => 277
 69 31 55 36 5 80	 => 276
 74 14 13 62 49 64	 => 276
 20 64 49 77 58 8	 => 276
 57 8 58 53 60 40	 => 276
 55 40 60 70 15 36	 => 276
 49 62 19 46 24 77	 => 277
 58 77 24 10 54 53	 => 276
 60 53 54 30 9 70	 => 276


===================[TEST 3]===================

##### START ##### Wed May 21 14:28:39 2003



##### CONVERGE ##### Wed May 21 14:31:55 2003

Elapsed time: 196 seconds
Total loop: 135 generations

Result : 272.45

19 25 64 73 58 37 2 36 69 74 7 56 53 17 11 27 62 39 26 44 38 33 75 28 32 23 66 67 31 71 48 41 79 22 29 77 63 4 8 9 68 59 35 13 60 43 61 30 49 70 46 15 5 21 16 78 51 40 55 18 42 76 34 1 12 65 54 52 24 80 57 47 20 10 50 45 3 72 14 6 

 19 25 64 73 58 37	 => 276
 2 37 58 36 69 74	 => 276
 7 74 69 56 53 17	 => 276
 64 11 27 62 39 73	 => 276
 58 73 39 26 44 36	 => 276
 69 36 44 38 33 56	 => 276
 53 56 33 75 28 32	 => 277
 27 23 66 67 31 62	 => 276
 39 62 31 71 48 26	 => 277
 44 26 48 41 79 38	 => 276
 33 38 79 22 29 75	 => 276
 28 75 29 77 63 4	 => 276
 66 8 9 68 59 67	 => 277
 31 67 59 35 13 71	 => 276
 48 71 13 60 43 41	 => 276
 79 41 43 61 30 22	 => 276
 29 22 30 49 70 77	 => 277
 63 77 70 46 15 5	 => 276
 59 68 21 16 78 35	 => 277
 13 35 78 51 40 60	 => 277
 43 60 40 55 18 61	 => 277
 30 61 18 42 76 49	 => 276
 70 49 76 34 1 46	 => 276
 78 16 12 65 54 51	 => 276
 40 51 54 52 24 55	 => 276
 18 55 24 80 57 42	 => 276
 76 42 57 47 20 34	 => 276
 54 65 10 50 45 52	 => 276
 24 52 45 3 72 80	 => 276
 57 80 72 14 6 47	 => 276


===================[TEST 4]===================

##### START ##### Wed May 21 14:31:55 2003



##### CONVERGE ##### Wed May 21 14:34:42 2003

Elapsed time: 167 seconds
Total loop: 116 generations

Result : 272.702

7 9 76 79 80 23 25 34 67 46 17 69 48 28 5 31 78 6 64 12 51 42 72 36 8 2 44 77 43 10 74 41 33 47 30 53 60 24 11 21 68 54 32 59 16 75 52 27 45 73 50 13 26 39 20 62 66 40 37 55 38 58 35 14 1 70 56 57 19 61 65 49 29 3 18 71 4 63 15 22 

 7 9 76 79 80 23	 => 274
 25 23 80 34 67 46	 => 275
 17 46 67 69 48 28	 => 275
 76 5 31 78 6 79	 => 275
 80 79 6 64 12 34	 => 275
 67 34 12 51 42 69	 => 275
 48 69 42 72 36 8	 => 275
 31 2 44 77 43 78	 => 275
 6 78 43 10 74 64	 => 275
 12 64 74 41 33 51	 => 275
 42 51 33 47 30 72	 => 275
 36 72 30 53 60 24	 => 275
 44 11 21 68 54 77	 => 275
 43 77 54 32 59 10	 => 275
 74 10 59 16 75 41	 => 275
 33 41 75 52 27 47	 => 275
 30 47 27 45 73 53	 => 275
 60 53 73 50 13 26	 => 275
 54 68 39 20 62 32	 => 275
 59 32 62 66 40 16	 => 275
 75 16 40 37 55 52	 => 275
 27 52 55 38 58 45	 => 275
 73 45 58 35 14 50	 => 275
 62 20 1 70 56 66	 => 275
 40 66 56 57 19 37	 => 275
 55 37 19 61 65 38	 => 275
 58 38 65 49 29 35	 => 274
 56 70 3 18 71 57	 => 275
 19 57 71 4 63 61	 => 275
 65 61 63 15 22 49	 => 275


===================[TEST 5]===================

##### START ##### Wed May 21 14:34:42 2003



##### CONVERGE ##### Wed May 21 14:38:03 2003

Elapsed time: 201 seconds
Total loop: 139 generations

Result : 271.734

7 37 42 64 50 75 6 41 52 51 44 80 31 17 5 35 58 71 30 19 38 45 61 55 3 8 73 78 24 25 67 74 46 57 28 56 48 27 4 11 33 76 49 23 72 14 68 15 40 79 69 10 13 21 36 60 32 39 53 29 47 77 9 1 16 65 66 63 22 70 54 62 26 2 20 59 18 43 12 34 

 7 37 42 64 50 75	 => 275
 6 75 50 41 52 51	 => 275
 44 51 52 80 31 17	 => 275
 42 5 35 58 71 64	 => 275
 50 64 71 30 19 41	 => 275
 52 41 19 38 45 80	 => 275
 31 80 45 61 55 3	 => 275
 35 8 73 78 24 58	 => 276
 71 58 24 25 67 30	 => 275
 19 30 67 74 46 38	 => 274
 45 38 46 57 28 61	 => 275
 55 61 28 56 48 27	 => 275
 73 4 11 33 76 78	 => 275
 24 78 76 49 23 25	 => 275
 67 25 23 72 14 74	 => 275
 46 74 14 68 15 57	 => 274
 28 57 15 40 79 56	 => 275
 48 56 79 69 10 13	 => 275
 76 33 21 36 60 49	 => 275
 23 49 60 32 39 72	 => 275
 14 72 39 53 29 68	 => 275
 15 68 29 47 77 40	 => 276
 79 40 77 9 1 69	 => 275
 60 36 16 65 66 32	 => 275
 39 32 66 63 22 53	 => 275
 29 53 22 70 54 47	 => 275
 77 47 54 62 26 9	 => 275
 66 65 2 20 59 63	 => 275
 22 63 59 18 43 70	 => 275
 54 70 43 12 34 62	 => 275



test#	fitness		sum		time
---------------------------------------------------
1	272.722				168
2	272.622				164
3	272.45				196
4	272.702				167
5	271.734				201


---------------------------------------------------
Best fitness      : 272.722 ( test# 1)
Shortest time     : 164 ( test# 2)

Average fitness   : 272.446
Average time      : 179.2
