****************** GA TEST *******************

total test#:			 5
hexa min width:			 3
hexa max width:			 6
hexa count:			 30
number count:			 80
population size:		 130
generation size:		 50

tournament winner p:		 0.99
do xover p:			 1
xover:				 2points
do mutation1 p:			 0.1
mutation1 p:			 0.05
do optimize p:			 1
local optimize count:		 10000
do deep better optimize p:	 1
do deep worse optimize p:	 0
do spin p:			 0
spin count:			 1000
do spin apply p:		 1
do mutation2 p:			 0.12
mutation2 p:			 0.08
force mutation2:		 0
replace bad p:			 0.195

converge rate p:		 0.99
converge count:			 1

**********************************************


===================[TEST 1]===================

##### START ##### Wed May 21 14:38:07 2003



##### CONVERGE ##### Wed May 21 14:42:03 2003

Elapsed time: 236 seconds
Total loop: 163 generations

Result : 271.111

6 17 71 68 53 61 13 25 63 60 28 78 24 22 16 45 42 34 69 26 40 43 76 18 36 12 51 58 67 23 41 62 37 30 49 74 55 3 5 35 80 46 27 54 31 64 75 8 44 70 65 1 10 20 29 73 52 38 19 48 66 33 59 4 2 47 72 79 15 77 50 56 11 14 7 57 9 39 32 21 

 6 17 71 68 53 61	 => 276
 13 61 53 25 63 60	 => 275
 28 60 63 78 24 22	 => 275
 71 16 45 42 34 68	 => 276
 53 68 34 69 26 25	 => 275
 63 25 26 40 43 78	 => 275
 24 78 43 76 18 36	 => 275
 45 12 51 58 67 42	 => 275
 34 42 67 23 41 69	 => 276
 26 69 41 62 37 40	 => 275
 43 40 37 30 49 76	 => 275
 18 76 49 74 55 3	 => 275
 51 5 35 80 46 58	 => 275
 67 58 46 27 54 23	 => 275
 41 23 54 31 64 62	 => 275
 37 62 64 75 8 30	 => 276
 49 30 8 44 70 74	 => 275
 55 74 70 65 1 10	 => 275
 46 80 20 29 73 27	 => 275
 54 27 73 52 38 31	 => 275
 64 31 38 19 48 75	 => 275
 8 75 48 66 33 44	 => 274
 70 44 33 59 4 65	 => 275
 73 29 2 47 72 52	 => 275
 38 52 72 79 15 19	 => 275
 48 19 15 77 50 66	 => 275
 33 66 50 56 11 59	 => 275
 72 47 14 7 57 79	 => 276
 15 79 57 9 39 77	 => 276
 50 77 39 32 21 56	 => 275


===================[TEST 2]===================

##### START ##### Wed May 21 14:42:03 2003



##### CONVERGE ##### Wed May 21 14:44:43 2003

Elapsed time: 160 seconds
Total loop: 111 generations

Result : 269.691

18 9 51 63 75 56 14 6 73 48 21 80 10 40 19 35 78 26 69 33 27 53 77 41 11 4 55 68 32 5 62 59 22 46 47 39 61 8 1 16 58 74 44 49 37 60 43 42 34 64 76 12 20 3 36 57 70 15 38 79 50 24 72 2 25 29 54 65 30 23 52 67 7 13 45 66 17 71 31 28 

 18 9 51 63 75 56	 => 272
 14 56 75 6 73 48	 => 272
 21 48 73 80 10 40	 => 272
 51 19 35 78 26 63	 => 272
 75 63 26 69 33 6	 => 272
 73 6 33 27 53 80	 => 272
 10 80 53 77 41 11	 => 272
 35 4 55 68 32 78	 => 272
 26 78 32 5 62 69	 => 272
 33 69 62 59 22 27	 => 272
 53 27 22 46 47 77	 => 272
 41 77 47 39 61 8	 => 273
 55 1 16 58 74 68	 => 272
 32 68 74 44 49 5	 => 272
 62 5 49 37 60 59	 => 272
 22 59 60 43 42 46	 => 272
 47 46 42 34 64 39	 => 272
 61 39 64 76 12 20	 => 272
 74 58 3 36 57 44	 => 272
 49 44 57 70 15 37	 => 272
 60 37 15 38 79 43	 => 272
 42 43 79 50 24 34	 => 272
 64 34 24 72 2 76	 => 272
 57 36 25 29 54 70	 => 271
 15 70 54 65 30 38	 => 272
 79 38 30 23 52 50	 => 272
 24 50 52 67 7 72	 => 272
 54 29 13 45 66 65	 => 272
 30 65 66 17 71 23	 => 272
 52 23 71 31 28 67	 => 272


===================[TEST 3]===================

##### START ##### Wed May 21 14:44:43 2003



##### CONVERGE ##### Wed May 21 14:48:28 2003

Elapsed time: 225 seconds
Total loop: 155 generations

Result : 273.093

16 29 38 76 79 39 4 9 80 65 10 71 33 17 2 56 69 35 58 19 45 52 47 53 21 11 57 70 13 40 61 25 68 28 36 59 74 7 27 18 44 60 78 15 73 62 43 50 55 48 63 24 8 3 37 54 30 26 49 23 42 64 32 14 22 67 66 72 34 77 51 75 12 20 5 46 6 41 31 1 

 16 29 38 76 79 39	 => 277
 4 39 79 9 80 65	 => 276
 10 65 80 71 33 17	 => 276
 38 2 56 69 35 76	 => 276
 79 76 35 58 19 9	 => 276
 80 9 19 45 52 71	 => 276
 33 71 52 47 53 21	 => 277
 56 11 57 70 13 69	 => 276
 35 69 13 40 61 58	 => 276
 19 58 61 25 68 45	 => 276
 52 45 68 28 36 47	 => 276
 53 47 36 59 74 7	 => 276
 57 27 18 44 60 70	 => 276
 13 70 60 78 15 40	 => 276
 61 40 15 73 62 25	 => 276
 68 25 62 43 50 28	 => 276
 36 28 50 55 48 59	 => 276
 74 59 48 63 24 8	 => 276
 60 44 3 37 54 78	 => 276
 15 78 54 30 26 73	 => 276
 62 73 26 49 23 43	 => 276
 50 43 23 42 64 55	 => 277
 48 55 64 32 14 63	 => 276
 54 37 22 67 66 30	 => 276
 26 30 66 72 34 49	 => 277
 23 49 34 77 51 42	 => 276
 64 42 51 75 12 32	 => 276
 66 67 20 5 46 72	 => 276
 34 72 46 6 41 77	 => 276
 51 77 41 31 1 75	 => 276


===================[TEST 4]===================

##### START ##### Wed May 21 14:48:28 2003



##### CONVERGE ##### Wed May 21 14:52:48 2003

Elapsed time: 260 seconds
Total loop: 180 generations

Result : 273.45

31 9 57 77 61 42 28 37 69 40 4 67 72 25 2 45 73 23 44 35 48 21 78 36 3 1 52 60 47 41 49 33 68 39 24 79 53 7 10 16 59 80 30 19 62 74 46 17 63 55 56 20 14 32 12 65 58 43 26 27 70 54 38 11 15 51 76 66 8 71 75 34 6 22 13 50 18 64 29 5 

 31 9 57 77 61 42	 => 277
 28 42 61 37 69 40	 => 277
 4 40 69 67 72 25	 => 277
 57 2 45 73 23 77	 => 277
 61 77 23 44 35 37	 => 277
 69 37 35 48 21 67	 => 277
 72 67 21 78 36 3	 => 277
 45 1 52 60 47 73	 => 278
 23 73 47 41 49 44	 => 277
 35 44 49 33 68 48	 => 277
 21 48 68 39 24 78	 => 278
 36 78 24 79 53 7	 => 277
 52 10 16 59 80 60	 => 277
 47 60 80 30 19 41	 => 277
 49 41 19 62 74 33	 => 278
 68 33 74 46 17 39	 => 277
 24 39 17 63 55 79	 => 277
 53 79 55 56 20 14	 => 277
 80 59 32 12 65 30	 => 278
 19 30 65 58 43 62	 => 277
 74 62 43 26 27 46	 => 278
 17 46 27 70 54 63	 => 277
 55 63 54 38 11 56	 => 277
 65 12 15 51 76 58	 => 277
 43 58 76 66 8 26	 => 277
 27 26 8 71 75 70	 => 277
 54 70 75 34 6 38	 => 277
 76 51 22 13 50 66	 => 278
 8 66 50 18 64 71	 => 277
 75 71 64 29 5 34	 => 278


===================[TEST 5]===================

##### START ##### Wed May 21 14:52:48 2003



##### CONVERGE ##### Wed May 21 14:56:11 2003

Elapsed time: 203 seconds
Total loop: 140 generations

Result : 274.093

22 12 73 70 56 44 10 33 75 59 4 69 67 3 2 36 57 39 42 37 20 43 72 25 1 14 48 76 46 38 55 60 63 30 49 74 51 6 8 29 52 64 31 23 68 34 66 24 21 79 40 16 17 9 71 50 58 47 27 35 54 78 41 18 7 26 65 61 19 62 80 11 13 28 45 53 5 77 32 15 

 22 12 73 70 56 44	 => 277
 10 44 56 33 75 59	 => 277
 4 59 75 69 67 3	 => 277
 73 2 36 57 39 70	 => 277
 56 70 39 42 37 33	 => 277
 75 33 37 20 43 69	 => 277
 67 69 43 72 25 1	 => 277
 36 14 48 76 46 57	 => 277
 39 57 46 38 55 42	 => 277
 37 42 55 60 63 20	 => 277
 43 20 63 30 49 72	 => 277
 25 72 49 74 51 6	 => 277
 48 8 29 52 64 76	 => 277
 46 76 64 31 23 38	 => 278
 55 38 23 68 34 60	 => 278
 63 60 34 66 24 30	 => 277
 49 30 24 21 79 74	 => 277
 51 74 79 40 16 17	 => 277
 64 52 9 71 50 31	 => 277
 23 31 50 58 47 68	 => 277
 34 68 47 27 35 66	 => 277
 24 66 35 54 78 21	 => 278
 79 21 78 41 18 40	 => 277
 50 71 7 26 65 58	 => 277
 47 58 65 61 19 27	 => 277
 35 27 19 62 80 54	 => 277
 78 54 80 11 13 41	 => 277
 65 26 28 45 53 61	 => 278
 19 61 53 5 77 62	 => 277
 80 62 77 32 15 11	 => 277



test#	fitness		sum		time
---------------------------------------------------
1	271.111				236
2	269.691				160
3	273.093				225
4	273.45				260
5	274.093				203


---------------------------------------------------
Best fitness      : 274.093 ( test# 5)
Shortest time     : 160 ( test# 2)

Average fitness   : 272.288
Average time      : 216.8
