****************** GA TEST *******************

total test#:			 5
hexa min width:			 3
hexa max width:			 6
hexa count:			 30
number count:			 80
population size:		 130
generation size:		 50

tournament winner p:		 1
do xover p:			 1
xover:				 2points
do mutation1 p:			 0.1
mutation1 p:			 0.05
do optimize p:			 1
local optimize count:		 10000
do deep better optimize p:	 1
do deep worse optimize p:	 0
do spin p:			 0
spin count:			 1000
do spin apply p:		 1
do mutation2 p:			 0.12
mutation2 p:			 0.08
force mutation2:		 0
replace bad p:			 0.205

converge rate p:		 0.99
converge count:			 1

**********************************************


===================[TEST 1]===================

##### START ##### Wed May 21 14:56:12 2003



##### CONVERGE ##### Wed May 21 14:59:01 2003

Elapsed time: 169 seconds
Total loop: 117 generations

Result : 271.856

30 24 56 68 45 51 8 49 65 57 5 73 54 21 11 28 80 32 72 9 43 36 78 22 13 4 79 74 10 37 44 47 60 18 40 61 59 15 20 7 26 69 62 23 66 58 53 39 42 76 70 6 3 29 25 64 46 14 50 34 41 67 19 1 17 71 52 75 38 35 77 55 16 2 12 63 31 33 27 48 

 30 24 56 68 45 51	 => 274
 8 51 45 49 65 57	 => 275
 5 57 65 73 54 21	 => 275
 56 11 28 80 32 68	 => 275
 45 68 32 72 9 49	 => 275
 65 49 9 43 36 73	 => 275
 54 73 36 78 22 13	 => 276
 28 4 79 74 10 80	 => 275
 32 80 10 37 44 72	 => 275
 9 72 44 47 60 43	 => 275
 36 43 60 18 40 78	 => 275
 22 78 40 61 59 15	 => 275
 79 20 7 26 69 74	 => 275
 10 74 69 62 23 37	 => 275
 44 37 23 66 58 47	 => 275
 60 47 58 53 39 18	 => 275
 40 18 39 42 76 61	 => 276
 59 61 76 70 6 3	 => 275
 69 26 29 25 64 62	 => 275
 23 62 64 46 14 66	 => 275
 58 66 14 50 34 53	 => 275
 39 53 34 41 67 42	 => 276
 76 42 67 19 1 70	 => 275
 64 25 17 71 52 46	 => 275
 14 46 52 75 38 50	 => 275
 34 50 38 35 77 41	 => 275
 67 41 77 55 16 19	 => 275
 52 71 2 12 63 75	 => 275
 38 75 63 31 33 35	 => 275
 77 35 33 27 48 55	 => 275


===================[TEST 2]===================

##### START ##### Wed May 21 14:59:01 2003



##### CONVERGE ##### Wed May 21 15:02:03 2003

Elapsed time: 182 seconds
Total loop: 125 generations

Result : 272.833

23 10 45 65 66 67 9 27 75 32 4 78 73 14 21 36 48 62 30 26 46 24 61 29 11 1 52 76 63 18 55 50 70 41 34 77 56 19 8 15 54 71 28 20 64 69 39 7 59 58 33 49 3 12 37 74 68 22 47 35 57 79 31 16 2 42 53 80 6 72 60 44 5 38 13 51 25 43 17 40 

 23 10 45 65 66 67	 => 276
 9 67 66 27 75 32	 => 276
 4 32 75 78 73 14	 => 276
 45 21 36 48 62 65	 => 277
 66 65 62 30 26 27	 => 276
 75 27 26 46 24 78	 => 276
 73 78 24 61 29 11	 => 276
 36 1 52 76 63 48	 => 276
 62 48 63 18 55 30	 => 276
 26 30 55 50 70 46	 => 277
 24 46 70 41 34 61	 => 276
 29 61 34 77 56 19	 => 276
 52 8 15 54 71 76	 => 276
 63 76 71 28 20 18	 => 276
 55 18 20 64 69 50	 => 276
 70 50 69 39 7 41	 => 276
 34 41 7 59 58 77	 => 276
 56 77 58 33 49 3	 => 276
 71 54 12 37 74 28	 => 276
 20 28 74 68 22 64	 => 276
 69 64 22 47 35 39	 => 276
 7 39 35 57 79 59	 => 276
 58 59 79 31 16 33	 => 276
 74 37 2 42 53 68	 => 276
 22 68 53 80 6 47	 => 276
 35 47 6 72 60 57	 => 277
 79 57 60 44 5 31	 => 276
 53 42 38 13 51 80	 => 277
 6 80 51 25 43 72	 => 277
 60 72 43 17 40 44	 => 276


===================[TEST 3]===================

##### START ##### Wed May 21 15:02:03 2003



##### CONVERGE ##### Wed May 21 15:06:10 2003

Elapsed time: 247 seconds
Total loop: 171 generations

Result : 274.217

24 15 42 69 77 50 4 6 64 76 18 53 45 21 7 32 75 51 25 49 43 62 79 37 1 2 72 60 36 17 73 47 40 30 23 80 55 3 14 11 46 74 54 35 38 67 65 27 56 61 34 39 8 5 20 78 41 31 66 10 48 71 33 22 9 70 59 52 28 57 68 44 13 12 26 58 19 63 29 16 

 24 15 42 69 77 50	 => 277
 4 50 77 6 64 76	 => 277
 18 76 64 53 45 21	 => 277
 42 7 32 75 51 69	 => 276
 77 69 51 25 49 6	 => 277
 64 6 49 43 62 53	 => 277
 45 53 62 79 37 1	 => 277
 32 2 72 60 36 75	 => 277
 51 75 36 17 73 25	 => 277
 49 25 73 47 40 43	 => 277
 62 43 40 30 23 79	 => 277
 37 79 23 80 55 3	 => 277
 72 14 11 46 74 60	 => 277
 36 60 74 54 35 17	 => 276
 73 17 35 38 67 47	 => 277
 40 47 67 65 27 30	 => 276
 23 30 27 56 61 80	 => 277
 55 80 61 34 39 8	 => 277
 74 46 5 20 78 54	 => 277
 35 54 78 41 31 38	 => 277
 67 38 31 66 10 65	 => 277
 27 65 10 48 71 56	 => 277
 61 56 71 33 22 34	 => 277
 78 20 9 70 59 41	 => 277
 31 41 59 52 28 66	 => 277
 10 66 28 57 68 48	 => 277
 71 48 68 44 13 33	 => 277
 59 70 12 26 58 52	 => 277
 28 52 58 19 63 57	 => 277
 68 57 63 29 16 44	 => 277


===================[TEST 4]===================

##### START ##### Wed May 21 15:06:10 2003



##### CONVERGE ##### Wed May 21 15:08:19 2003

Elapsed time: 129 seconds
Total loop: 89 generations

Result : 269.734

9 22 53 52 71 66 1 47 68 20 6 79 61 38 31 55 72 10 76 17 27 35 78 13 7 16 40 44 46 18 51 37 65 23 45 77 49 12 2 34 73 80 29 56 54 57 32 59 30 39 75 5 28 8 33 50 48 36 67 26 64 62 43 25 3 69 70 41 11 63 42 58 4 19 14 60 24 74 21 15 

 9 22 53 52 71 66	 => 273
 1 66 71 47 68 20	 => 273
 6 20 68 79 61 38	 => 272
 53 31 55 72 10 52	 => 273
 71 52 10 76 17 47	 => 273
 68 47 17 27 35 79	 => 273
 61 79 35 78 13 7	 => 273
 55 16 40 44 46 72	 => 273
 10 72 46 18 51 76	 => 273
 17 76 51 37 65 27	 => 273
 35 27 65 23 45 78	 => 273
 13 78 45 77 49 12	 => 274
 40 2 34 73 80 44	 => 273
 46 44 80 29 56 18	 => 273
 51 18 56 54 57 37	 => 273
 65 37 57 32 59 23	 => 273
 45 23 59 30 39 77	 => 273
 49 77 39 75 5 28	 => 273
 80 73 8 33 50 29	 => 273
 56 29 50 48 36 54	 => 273
 57 54 36 67 26 32	 => 272
 59 32 26 64 62 30	 => 273
 39 30 62 43 25 75	 => 274
 50 33 3 69 70 48	 => 273
 36 48 70 41 11 67	 => 273
 26 67 11 63 42 64	 => 273
 62 64 42 58 4 43	 => 273
 70 69 19 14 60 41	 => 273
 11 41 60 24 74 63	 => 273
 42 63 74 21 15 58	 => 273


===================[TEST 5]===================

##### START ##### Wed May 21 15:08:19 2003



##### CONVERGE ##### Wed May 21 15:10:50 2003

Elapsed time: 151 seconds
Total loop: 104 generations

Result : 270.542

39 8 61 50 70 47 10 36 78 34 7 66 53 37 16 54 24 69 44 6 46 43 64 45 3 21 56 52 68 27 42 74 62 5 55 63 29 19 9 25 75 58 31 38 59 35 48 51 22 79 60 18 26 14 30 67 15 65 11 57 23 73 40 1 20 71 72 80 32 76 77 49 12 2 17 33 13 41 4 28 

 39 8 61 50 70 47	 => 275
 10 47 70 36 78 34	 => 275
 7 34 78 66 53 37	 => 275
 61 16 54 24 69 50	 => 274
 70 50 69 44 6 36	 => 275
 78 36 6 46 43 66	 => 275
 53 66 43 64 45 3	 => 274
 54 21 56 52 68 24	 => 275
 69 24 68 27 42 44	 => 274
 6 44 42 74 62 46	 => 274
 43 46 62 5 55 64	 => 275
 45 64 55 63 29 19	 => 275
 56 9 25 75 58 52	 => 275
 68 52 58 31 38 27	 => 274
 42 27 38 59 35 74	 => 275
 62 74 35 48 51 5	 => 275
 55 5 51 22 79 63	 => 275
 29 63 79 60 18 26	 => 275
 58 75 14 30 67 31	 => 275
 38 31 67 15 65 59	 => 275
 35 59 65 11 57 48	 => 275
 51 48 57 23 73 22	 => 274
 79 22 73 40 1 60	 => 275
 67 30 20 71 72 15	 => 275
 65 15 72 80 32 11	 => 275
 57 11 32 76 77 23	 => 276
 73 23 77 49 12 40	 => 274
 72 71 2 17 33 80	 => 275
 32 80 33 13 41 76	 => 275
 77 76 41 4 28 49	 => 275



test#	fitness		sum		time
---------------------------------------------------
1	271.856				169
2	272.833				182
3	274.217				247
4	269.734				129
5	270.542				151


---------------------------------------------------
Best fitness      : 274.217 ( test# 3)
Shortest time     : 129 ( test# 4)

Average fitness   : 271.836
Average time      : 175.6
