****************** GA TEST *******************

total test#:			 5
hexa min width:			 3
hexa max width:			 5
hexa count:			 19
number count:			 54
population size:		 130
generation size:		 50

tournament winner p:		 1
do xover p:			 1
xover:				 2points
do mutation1 p:			 0.1
mutation1 p:			 0.05
do optimize p:			 1
local optimize count:		 6000
do deep better optimize p:	 1
do deep worse optimize p:	 0
do spin p:			 0
spin count:			 1000
do spin apply p:		 1
do mutation2 p:			 0.12
mutation2 p:			 0.08
force mutation2:		 0
replace bad p:			 0.195

converge rate p:		 0.99
converge count:			 10

**********************************************


===================[TEST 1]===================

##### START ##### Wed Jul 24 22:00:44 2019


[1].1 0.440347 (0.00769231)
[1].2 0.440347 (0.00769231)
[1].3 0.407682 (0.00769231)
[1].4 0.364642 (0.00769231)
[1].5 0.364642 (0.00769231)
[1].6 0.364642 (0.00769231)
[1].7 0.364642 (0.0153846)
[1].8 0.306892 (0.00769231)
[1].9 0.306892 (0.00769231)
[1].10 0.306892 (0.00769231)
[1].11 0.306892 (0.00769231)
[1].12 0.306892 (0.00769231)
[1].13 0.306892 (0.00769231)
[1].14 0.306892 (0.00769231)
[1].15 0.306892 (0.00769231)
[1].16 0.306892 (0.00769231)
[1].17 0.306892 (0.00769231)
[1].18 0.306892 (0.00769231)
[1].19 0.306892 (0.00769231)
[1].20 0.306892 (0.00769231)
[1].21 0.306892 (0.00769231)
[1].22 0.306892 (0.00769231)
[1].23 0.306892 (0.00769231)
[1].24 0.306892 (0.00769231)
[1].25 0.306892 (0.00769231)
[1].26 0.306892 (0.00769231)
[1].27 0.306892 (0.00769231)
[1].28 0.306892 (0.00769231)
[1].29 0.306892 (0.00769231)
[1].30 0.306892 (0.00769231)
[1].31 0.306892 (0.00769231)
[1].32 0.306892 (0.00769231)
[1].33 0.306892 (0.00769231)
[1].34 0.306892 (0.00769231)
[1].35 0.306892 (0.00769231)
[1].36 0.306892 (0.00769231)
[1].37 0.306892 (0.00769231)
[1].38 0.306892 (0.00769231)
[1].39 0.306892 (0.00769231)
[1].40 0.306892 (0.00769231)
[1].41 0.306892 (0.00769231)
[1].42 0.306892 (0.00769231)
[1].43 0.306892 (0.00769231)
[1].44 0.306892 (0.00769231)
[1].45 0.306892 (0.00769231)
[1].46 0.306892 (0.00769231)
[1].47 0.306892 (0.00769231)
[1].48 0.306892 (0.0230769)
[1].49 0.306892 (0.0307692)
[1].50 0.306892 (0.0307692)
[1].51 0.306892 (0.0384615)
[1].52 0.306892 (0.0384615)
[1].53 0.306892 (0.0384615)
[1].54 0.306892 (0.0461538)
[1].55 0.306892 (0.0538462)
[1].56 0.306892 (0.0538462)
[1].57 0.306892 (0.0538462)
[1].58 0.306892 (0.0692308)
[1].59 0.306892 (0.0692308)
[1].60 0.306892 (0.0769231)
[1].61 0.306892 (0.0846154)
[1].62 0.306892 (0.0923077)
[1].63 0.306892 (0.115385)
[1].64 0.306892 (0.153846)
[1].65 0.306892 (0.176923)
[1].66 0.306892 (0.192308)
[1].67 0.306892 (0.246154)
[1].68 0.306892 (0.284615)
[1].69 0.306892 (0.361538)
[1].70 0.306892 (0.438462)
[1].71 0.306892 (0.546154)
[1].72 0.306892 (0.661538)
[1].73 0.306892 (0.815385)
[1].74 0.306892 (0.876923)
[1].75 0.306892 (0.930769)
[1].76 0.306892 (0.953846)
[1].77 0.306892 (0.984615)
[1].78 0.306892 (0.992308)
[1].78 <OVER CONVERGE RATE>: stop index=1
[1].79 0.306892 (1)
[1].79 <OVER CONVERGE RATE>: stop index=2
[1].80 0.306892 (1)
[1].80 <OVER CONVERGE RATE>: stop index=3
[1].81 0.306892 (1)
[1].81 <OVER CONVERGE RATE>: stop index=4
[1].82 0.306892 (1)
[1].82 <OVER CONVERGE RATE>: stop index=5
[1].83 0.306892 (1)
[1].83 <OVER CONVERGE RATE>: stop index=6
[1].84 0.306892 (1)
[1].84 <OVER CONVERGE RATE>: stop index=7
[1].85 0.306892 (1)
[1].85 <OVER CONVERGE RATE>: stop index=8
[1].86 0.306892 (1)
[1].86 <OVER CONVERGE RATE>: stop index=9
[1].87 0.306892 (1)
[1].87 <OVER CONVERGE RATE>: stop index=10

##### CONVERGE ##### Wed Jul 24 22:00:56 2019

Elapsed time: 12 seconds
Total loop: 87 generations

Result : 0.306892

19 50 52 5 38 2 42 18 17 49 14 54 22 10 34 36 4 35 46 24 15 39 30 20 1 16 51 48 11 23 47 25 9 28 45 32 6 33 13 40 31 3 37 26 41 12 8 21 43 29 44 27 7 53 

 19 50 52 5 38 2	 => 166
 42 2 38 18 17 49	 => 166
 14 49 17 54 22 10	 => 166
 52 34 36 4 35 5	 => 166
 38 5 35 46 24 18	 => 166
 17 18 24 15 39 54	 => 167
 22 54 39 30 20 1	 => 166
 36 16 51 48 11 4	 => 166
 35 4 11 23 47 46	 => 166
 24 46 47 25 9 15	 => 166
 39 15 9 28 45 30	 => 166
 20 30 45 32 6 33	 => 166
 11 48 13 40 31 23	 => 166
 47 23 31 3 37 25	 => 166
 9 25 37 26 41 28	 => 166
 45 28 41 12 8 32	 => 166
 31 40 21 43 29 3	 => 167
 37 3 29 44 27 26	 => 166
 41 26 27 7 53 12	 => 166


===================[TEST 2]===================

##### START ##### Wed Jul 24 22:00:56 2019


[2].1 0.407682 (0.00769231)
[2].2 0.364642 (0.00769231)
[2].3 0.364642 (0.0153846)
[2].4 0.364642 (0.0230769)
[2].5 0.364642 (0.0230769)
[2].6 0.364642 (0.0230769)
[2].7 0.364642 (0.0230769)
[2].8 0.306892 (0.00769231)
[2].9 0.306892 (0.00769231)
[2].10 0.306892 (0.00769231)
[2].11 0.306892 (0.00769231)
[2].12 0.306892 (0.00769231)
[2].13 0.306892 (0.00769231)
[2].14 0.223297 (0.00769231)
[2].15 0.223297 (0.00769231)
[2].16 0.223297 (0.0153846)
[2].17 0.223297 (0.0153846)
[2].18 0.223297 (0.0153846)
[2].19 0.223297 (0.0153846)
[2].20 0.223297 (0.0153846)
[2].21 0.223297 (0.0230769)
[2].22 0.223297 (0.0230769)
[2].23 0.223297 (0.0230769)
[2].24 0.223297 (0.0230769)
[2].25 0.223297 (0.0230769)
[2].26 0.223297 (0.0230769)
[2].27 0.223297 (0.0230769)
[2].28 0.223297 (0.0307692)
[2].29 0.223297 (0.0307692)
[2].30 0.223297 (0.0307692)
[2].31 0.223297 (0.0307692)
[2].32 0.223297 (0.0384615)
[2].33 0.223297 (0.0461538)
[2].34 0.223297 (0.0538462)
[2].35 0.223297 (0.0538462)
[2].36 0.223297 (0.0769231)
[2].37 0.223297 (0.0769231)
[2].38 0.223297 (0.0923077)
[2].39 0.223297 (0.1)
[2].40 0.223297 (0.107692)
[2].41 0.223297 (0.153846)
[2].42 0.223297 (0.2)
[2].43 0.223297 (0.230769)
[2].44 0.223297 (0.3)
[2].45 0.223297 (0.369231)
[2].46 0.223297 (0.438462)
[2].47 0.223297 (0.576923)
[2].48 0.223297 (0.7)
[2].49 0.223297 (0.846154)
[2].50 0.223297 (0.915385)
[2].51 0.223297 (0.953846)
[2].52 0.223297 (0.992308)
[2].52 <OVER CONVERGE RATE>: stop index=1
[2].53 0.223297 (1)
[2].53 <OVER CONVERGE RATE>: stop index=2
[2].54 0.223297 (1)
[2].54 <OVER CONVERGE RATE>: stop index=3
[2].55 0.223297 (1)
[2].55 <OVER CONVERGE RATE>: stop index=4
[2].56 0.223297 (1)
[2].56 <OVER CONVERGE RATE>: stop index=5
[2].57 0.223297 (1)
[2].57 <OVER CONVERGE RATE>: stop index=6
[2].58 0.223297 (1)
[2].58 <OVER CONVERGE RATE>: stop index=7
[2].59 0.223297 (1)
[2].59 <OVER CONVERGE RATE>: stop index=8
[2].60 0.223297 (1)
[2].60 <OVER CONVERGE RATE>: stop index=9
[2].61 0.223297 (1)
[2].61 <OVER CONVERGE RATE>: stop index=10

##### CONVERGE ##### Wed Jul 24 22:01:03 2019

Elapsed time: 7 seconds
Total loop: 61 generations

Result : 0.223297

49 3 35 14 16 47 24 50 12 15 43 17 31 46 18 38 6 53 20 10 36 39 27 48 2 7 21 52 40 22 23 34 41 8 13 1 42 33 9 11 30 29 26 4 51 37 54 44 5 45 32 28 19 25 

 49 3 35 14 16 47	 => 164
 24 47 16 50 12 15	 => 164
 43 15 12 17 31 46	 => 164
 35 18 38 6 53 14	 => 164
 16 14 53 20 10 50	 => 163
 12 50 10 36 39 17	 => 164
 31 17 39 27 48 2	 => 164
 38 7 21 52 40 6	 => 164
 53 6 40 22 23 20	 => 164
 10 20 23 34 41 36	 => 164
 39 36 41 8 13 27	 => 164
 48 27 13 1 42 33	 => 164
 40 52 9 11 30 22	 => 164
 23 22 30 29 26 34	 => 164
 41 34 26 4 51 8	 => 164
 13 8 51 37 54 1	 => 164
 30 11 44 5 45 29	 => 164
 26 29 45 32 28 4	 => 164
 51 4 28 19 25 37	 => 164


===================[TEST 3]===================

##### START ##### Wed Jul 24 22:01:04 2019


[3].1 0.407682 (0.00769231)
[3].2 0.407682 (0.0153846)
[3].3 0.407682 (0.0153846)
[3].4 0.407682 (0.0153846)
[3].5 0.324443 (0.00769231)
[3].6 0.324443 (0.00769231)
[3].7 0.324443 (0.00769231)
[3].8 0.324443 (0.00769231)
[3].9 0.324443 (0.0153846)
[3].10 0.223297 (0.00769231)
[3].11 0.223297 (0.00769231)
[3].12 0.223297 (0.00769231)
[3].13 0.223297 (0.00769231)
[3].14 0.223297 (0.00769231)
[3].15 0.223297 (0.00769231)
[3].16 0.223297 (0.00769231)
[3].17 0.223297 (0.00769231)
[3].18 0.223297 (0.00769231)
[3].19 0.223297 (0.00769231)
[3].20 0.223297 (0.00769231)
[3].21 0.223297 (0.00769231)
[3].22 0.223297 (0.0153846)
[3].23 0.223297 (0.0153846)
[3].24 0.223297 (0.0153846)
[3].25 0.223297 (0.0230769)
[3].26 0.223297 (0.0230769)
[3].27 0.223297 (0.0307692)
[3].28 0.223297 (0.0307692)
[3].29 0.223297 (0.0384615)
[3].30 0.223297 (0.0384615)
[3].31 0.223297 (0.0384615)
[3].32 0.223297 (0.0384615)
[3].33 0.223297 (0.0384615)
[3].34 0.223297 (0.0461538)
[3].35 0.223297 (0.0461538)
[3].36 0.223297 (0.0538462)
[3].37 0.223297 (0.0538462)
[3].38 0.223297 (0.0615385)
[3].39 0.223297 (0.0769231)
[3].40 0.223297 (0.0846154)
[3].41 0.223297 (0.115385)
[3].42 0.223297 (0.146154)
[3].43 0.223297 (0.184615)
[3].44 0.223297 (0.223077)
[3].45 0.223297 (0.284615)
[3].46 0.223297 (0.323077)
[3].47 0.223297 (0.376923)
[3].48 0.223297 (0.515385)
[3].49 0.223297 (0.638462)
[3].50 0.223297 (0.761538)
[3].51 0.223297 (0.823077)
[3].52 0.223297 (0.884615)
[3].53 0.223297 (0.930769)
[3].54 0.223297 (0.953846)
[3].55 0.223297 (0.969231)
[3].56 0.223297 (0.992308)
[3].56 <OVER CONVERGE RATE>: stop index=1
[3].57 0.223297 (1)
[3].57 <OVER CONVERGE RATE>: stop index=2
[3].58 0.223297 (1)
[3].58 <OVER CONVERGE RATE>: stop index=3
[3].59 0.223297 (1)
[3].59 <OVER CONVERGE RATE>: stop index=4
[3].60 0.223297 (1)
[3].60 <OVER CONVERGE RATE>: stop index=5
[3].61 0.223297 (1)
[3].61 <OVER CONVERGE RATE>: stop index=6
[3].62 0.223297 (1)
[3].62 <OVER CONVERGE RATE>: stop index=7
[3].63 0.223297 (1)
[3].63 <OVER CONVERGE RATE>: stop index=8
[3].64 0.223297 (1)
[3].64 <OVER CONVERGE RATE>: stop index=9
[3].65 0.223297 (1)
[3].65 <OVER CONVERGE RATE>: stop index=10

##### CONVERGE ##### Wed Jul 24 22:01:15 2019

Elapsed time: 11 seconds
Total loop: 65 generations

Result : 0.223297

48 1 54 13 35 20 31 37 10 38 22 18 40 43 8 47 23 26 28 32 25 49 14 6 44 2 24 42 33 9 52 19 15 27 41 21 39 50 30 5 51 29 11 46 53 17 12 34 16 36 4 45 7 3 

 48 1 54 13 35 20	 => 171
 31 20 35 37 10 38	 => 171
 22 38 10 18 40 43	 => 171
 54 8 47 23 26 13	 => 171
 35 13 26 28 32 37	 => 171
 10 37 32 25 49 18	 => 171
 40 18 49 14 6 44	 => 171
 47 2 24 42 33 23	 => 171
 26 23 33 9 52 28	 => 171
 32 28 52 19 15 25	 => 171
 49 25 15 27 41 14	 => 171
 6 14 41 21 39 50	 => 171
 33 42 30 5 51 9	 => 170
 52 9 51 29 11 19	 => 171
 15 19 11 46 53 27	 => 171
 41 27 53 17 12 21	 => 171
 51 5 34 16 36 29	 => 171
 11 29 36 4 45 46	 => 171
 53 46 45 7 3 17	 => 171


===================[TEST 4]===================

##### START ##### Wed Jul 24 22:01:15 2019


[4].1 0.393859 (0.00769231)
[4].2 0.223297 (0.00769231)
[4].3 0.223297 (0.00769231)
[4].4 0.223297 (0.00769231)
[4].5 0.223297 (0.00769231)
[4].6 0.223297 (0.00769231)
[4].7 0.223297 (0.00769231)
[4].8 0.223297 (0.00769231)
[4].9 0.223297 (0.00769231)
[4].10 0.223297 (0.00769231)
[4].11 0.223297 (0.00769231)
[4].12 0.223297 (0.00769231)
[4].13 0.223297 (0.00769231)
[4].14 0.223297 (0.00769231)
[4].15 0.223297 (0.00769231)
[4].16 0.223297 (0.00769231)
[4].17 0.223297 (0.00769231)
[4].18 0.223297 (0.00769231)
[4].19 0.223297 (0.00769231)
[4].20 0.223297 (0.00769231)
[4].21 0.223297 (0.00769231)
[4].22 0.223297 (0.00769231)
[4].23 0.223297 (0.00769231)
[4].24 0.223297 (0.00769231)
[4].25 0.223297 (0.00769231)
[4].26 0.223297 (0.00769231)
[4].27 0.223297 (0.00769231)
[4].28 0.223297 (0.00769231)
[4].29 0.223297 (0.00769231)
[4].30 0.223297 (0.00769231)
[4].31 0.223297 (0.00769231)
[4].32 0.223297 (0.00769231)
[4].33 0.223297 (0.00769231)
[4].34 0.223297 (0.0153846)
[4].35 0.223297 (0.0230769)
[4].36 0.223297 (0.0230769)
[4].37 0.223297 (0.0230769)
[4].38 0.223297 (0.0230769)
[4].39 0.223297 (0.0230769)
[4].40 0.223297 (0.0230769)
[4].41 0.223297 (0.0230769)
[4].42 0.223297 (0.0230769)
[4].43 0.223297 (0.0230769)
[4].44 0.223297 (0.0230769)
[4].45 0.223297 (0.0307692)
[4].46 0.223297 (0.0384615)
[4].47 0.223297 (0.0384615)
[4].48 0.223297 (0.0461538)
[4].49 0.223297 (0.0538462)
[4].50 0.223297 (0.0538462)
[4].51 0.223297 (0.0538462)
[4].52 0.223297 (0.0538462)
[4].53 0.223297 (0.0615385)
[4].54 0.223297 (0.0692308)
[4].55 0.223297 (0.0692308)
[4].56 0.223297 (0.0769231)
[4].57 0.223297 (0.0846154)
[4].58 0.223297 (0.0923077)
[4].59 0.223297 (0.115385)
[4].60 0.223297 (0.130769)
[4].61 0.223297 (0.146154)
[4].62 0.223297 (0.153846)
[4].63 0.223297 (0.169231)
[4].64 0.223297 (0.215385)
[4].65 0.223297 (0.230769)
[4].66 0.223297 (0.269231)
[4].67 0.223297 (0.315385)
[4].68 0.223297 (0.453846)
[4].69 0.223297 (0.592308)
[4].70 0.223297 (0.746154)
[4].71 0.223297 (0.853846)
[4].72 0.223297 (0.9)
[4].73 0.223297 (0.923077)
[4].74 0.223297 (0.992308)
[4].74 <OVER CONVERGE RATE>: stop index=1
[4].75 0.223297 (1)
[4].75 <OVER CONVERGE RATE>: stop index=2
[4].76 0.223297 (1)
[4].76 <OVER CONVERGE RATE>: stop index=3
[4].77 0.223297 (1)
[4].77 <OVER CONVERGE RATE>: stop index=4
[4].78 0.223297 (1)
[4].78 <OVER CONVERGE RATE>: stop index=5
[4].79 0.223297 (1)
[4].79 <OVER CONVERGE RATE>: stop index=6
[4].80 0.223297 (1)
[4].80 <OVER CONVERGE RATE>: stop index=7
[4].81 0.223297 (1)
[4].81 <OVER CONVERGE RATE>: stop index=8
[4].82 0.223297 (1)
[4].82 <OVER CONVERGE RATE>: stop index=9
[4].83 0.223297 (1)
[4].83 <OVER CONVERGE RATE>: stop index=10

##### CONVERGE ##### Wed Jul 24 22:01:27 2019

Elapsed time: 12 seconds
Total loop: 83 generations

Result : 0.223297

4 41 3 53 19 52 10 15 50 26 2 42 30 22 29 33 38 16 46 23 17 25 34 32 9 35 51 1 14 47 11 21 54 37 5 45 36 20 39 40 31 44 18 28 13 48 24 6 8 43 12 27 49 7 

 4 41 3 53 19 52	 => 172
 10 52 19 15 50 26	 => 172
 2 26 50 42 30 22	 => 172
 3 29 33 38 16 53	 => 172
 19 53 16 46 23 15	 => 172
 50 15 23 17 25 42	 => 172
 30 42 25 34 32 9	 => 172
 33 35 51 1 14 38	 => 172
 16 38 14 47 11 46	 => 172
 23 46 11 21 54 17	 => 172
 25 17 54 37 5 34	 => 172
 32 34 5 45 36 20	 => 172
 14 1 39 40 31 47	 => 172
 11 47 31 44 18 21	 => 172
 54 21 18 28 13 37	 => 171
 5 37 13 48 24 45	 => 172
 31 40 6 8 43 44	 => 172
 18 44 43 12 27 28	 => 172
 13 28 27 49 7 48	 => 172


===================[TEST 5]===================

##### START ##### Wed Jul 24 22:01:27 2019


[5].1 0.324443 (0.00769231)
[5].2 0.324443 (0.00769231)
[5].3 0.324443 (0.00769231)
[5].4 0.324443 (0.00769231)
[5].5 0.306892 (0.00769231)
[5].6 0.306892 (0.00769231)
[5].7 0.306892 (0.00769231)
[5].8 0.306892 (0.00769231)
[5].9 0.306892 (0.0153846)
[5].10 0.306892 (0.0153846)
[5].11 0.306892 (0.0153846)
[5].12 0.306892 (0.0153846)
[5].13 0.306892 (0.0230769)
[5].14 0.306892 (0.0230769)
[5].15 0.306892 (0.0230769)
[5].16 0.306892 (0.0230769)
[5].17 0.306892 (0.0230769)
[5].18 0.306892 (0.0230769)
[5].19 0.306892 (0.0307692)
[5].20 0.306892 (0.0384615)
[5].21 0.306892 (0.0461538)
[5].22 0.306892 (0.0461538)
[5].23 0.306892 (0.0538462)
[5].24 0.306892 (0.0692308)
[5].25 0.306892 (0.0769231)
[5].26 0.306892 (0.0923077)
[5].27 0.306892 (0.0923077)
[5].28 0.306892 (0.107692)
[5].29 0.306892 (0.130769)
[5].30 0.306892 (0.161538)
[5].31 0.306892 (0.184615)
[5].32 0.306892 (0.223077)
[5].33 0.306892 (0.246154)
[5].34 0.306892 (0.315385)
[5].35 0.306892 (0.392308)
[5].36 0.306892 (0.5)
[5].37 0.306892 (0.676923)
[5].38 0.306892 (0.784615)
[5].39 0.306892 (0.846154)
[5].40 0.306892 (0.915385)
[5].41 0.306892 (0.969231)
[5].42 0.306892 (0.992308)
[5].42 <OVER CONVERGE RATE>: stop index=1
[5].43 0.306892 (0.992308)
[5].43 <OVER CONVERGE RATE>: stop index=2
[5].44 0.306892 (1)
[5].44 <OVER CONVERGE RATE>: stop index=3
[5].45 0.306892 (1)
[5].45 <OVER CONVERGE RATE>: stop index=4
[5].46 0.306892 (1)
[5].46 <OVER CONVERGE RATE>: stop index=5
[5].47 0.306892 (1)
[5].47 <OVER CONVERGE RATE>: stop index=6
[5].48 0.306892 (1)
[5].48 <OVER CONVERGE RATE>: stop index=7
[5].49 0.306892 (1)
[5].49 <OVER CONVERGE RATE>: stop index=8
[5].50 0.306892 (1)
[5].50 <OVER CONVERGE RATE>: stop index=9
[5].51 0.306892 (1)
[5].51 <OVER CONVERGE RATE>: stop index=10

##### CONVERGE ##### Wed Jul 24 22:01:33 2019

Elapsed time: 6 seconds
Total loop: 51 generations

Result : 0.306892

40 1 16 48 9 54 12 3 44 46 21 13 19 25 45 10 11 37 18 53 8 47 14 43 32 36 29 31 51 2 49 17 23 26 50 5 52 4 38 22 24 35 41 28 33 34 20 15 42 30 7 27 39 6 

 40 1 16 48 9 54	 => 168
 12 54 9 3 44 46	 => 168
 21 46 44 13 19 25	 => 168
 16 45 10 11 37 48	 => 167
 9 48 37 18 53 3	 => 168
 44 3 53 8 47 13	 => 168
 19 13 47 14 43 32	 => 168
 10 36 29 31 51 11	 => 168
 37 11 51 2 49 18	 => 168
 53 18 49 17 23 8	 => 168
 47 8 23 26 50 14	 => 168
 43 14 50 5 52 4	 => 168
 51 31 38 22 24 2	 => 168
 49 2 24 35 41 17	 => 168
 23 17 41 28 33 26	 => 168
 50 26 33 34 20 5	 => 168
 24 22 15 42 30 35	 => 168
 41 35 30 7 27 28	 => 168
 33 28 27 39 6 34	 => 167



test#	fitness		sum		time
---------------------------------------------------
1	0.306892				12
2	0.223297				7
3	0.223297				11
4	0.223297				12
5	0.306892				6


---------------------------------------------------
Best fitness      : 0.223297 ( test# 4)
Shortest time     : 6 ( test# 5)

Average fitness   : 0.256735
Average time      : 9.6
