****************** GA TEST *******************

total test#:			 5
hexa min width:			 12
hexa max width:			 12
hexa count:			 12
number count:			 50
population size:		 30
generation size:		 25

tournament winner p:		 0.9
do xover p:			 1
xover:				 2points
do mutation1 p:			 0.6
mutation1 p:			 0.02
do optimize p:			 0
local optimize count:		 6000
do deep better optimize p:	 1
do deep worse optimize p:	 0
do spin p:			 0
spin count:			 1000
do spin apply p:		 1
do mutation2 p:			 1
mutation2 p:			 0.05
force mutation2:		 0
replace bad p:			 0.1

converge rate p:		 0.99
converge count:			 5

**********************************************


===================[TEST 1]===================

##### START ##### Wed May 28 13:58:04 2003



##### CONVERGE ##### Wed May 28 13:58:04 2003

Elapsed time: 0 seconds
Total loop: 170 generations

Result : 0.745356

3 16 41 43 8 50 24 6 46 26 18 7 42 21 9 11 28 49 20 23 29 12 33 45 39 2 22 30 31 38 10 15 47 19 40 35 5 14 37 44 27 32 1 17 36 48 13 4 25 34 

 3 16 41 43 8 50	 => 161
 24 50 8 6 46 26	 => 160
 18 26 46 7 42 21	 => 160
 9 21 42 11 28 49	 => 160
 20 49 28 23 29 12	 => 161
 33 12 29 45 39 2	 => 160
 22 2 39 30 31 38	 => 162
 10 38 31 15 47 19	 => 160
 40 19 47 35 5 14	 => 160
 37 14 5 44 27 32	 => 159
 1 32 27 17 36 48	 => 161
 13 48 36 4 25 34	 => 160


===================[TEST 2]===================

##### START ##### Wed May 28 13:58:04 2003



##### CONVERGE ##### Wed May 28 13:58:05 2003

Elapsed time: 1 seconds
Total loop: 170 generations

Result : 0.745356

3 16 41 43 8 50 24 6 46 26 18 7 42 21 9 11 28 49 20 23 29 12 33 45 39 2 22 30 31 38 10 15 47 19 40 35 5 14 37 44 27 32 1 17 36 48 13 4 25 34 

 3 16 41 43 8 50	 => 161
 24 50 8 6 46 26	 => 160
 18 26 46 7 42 21	 => 160
 9 21 42 11 28 49	 => 160
 20 49 28 23 29 12	 => 161
 33 12 29 45 39 2	 => 160
 22 2 39 30 31 38	 => 162
 10 38 31 15 47 19	 => 160
 40 19 47 35 5 14	 => 160
 37 14 5 44 27 32	 => 159
 1 32 27 17 36 48	 => 161
 13 48 36 4 25 34	 => 160


===================[TEST 3]===================

##### START ##### Wed May 28 13:58:05 2003



##### CONVERGE ##### Wed May 28 13:58:06 2003

Elapsed time: 1 seconds
Total loop: 206 generations

Result : 0.924211

50 36 47 2 10 1 42 41 25 28 24 20 37 12 23 34 17 22 48 26 29 6 16 46 14 35 33 7 40 18 43 11 31 3 30 13 32 38 15 9 4 49 19 44 21 8 27 45 5 39 

 50 36 47 2 10 1	 => 146
 42 1 10 41 25 28	 => 147
 24 28 25 20 37 12	 => 146
 23 12 37 34 17 22	 => 145
 48 22 17 26 29 6	 => 148
 16 6 29 46 14 35	 => 146
 33 35 14 7 40 18	 => 147
 43 18 40 11 31 3	 => 146
 30 3 31 13 32 38	 => 147
 15 38 32 9 4 49	 => 147
 19 49 4 44 21 8	 => 145
 27 8 21 45 5 39	 => 145


===================[TEST 4]===================

##### START ##### Wed May 28 13:58:06 2003



##### CONVERGE ##### Wed May 28 13:58:07 2003

Elapsed time: 1 seconds
Total loop: 117 generations

Result : 0.552771

32 3 12 48 16 47 26 13 7 50 6 36 45 15 42 4 11 41 46 1 17 44 2 22 31 43 40 8 14 23 21 33 38 29 37 10 20 25 18 35 34 27 39 5 24 30 28 19 9 49 

 32 3 12 48 16 47	 => 158
 26 47 16 13 7 50	 => 159
 6 50 7 36 45 15	 => 159
 42 15 45 4 11 41	 => 158
 46 41 11 1 17 44	 => 160
 2 44 17 22 31 43	 => 159
 40 43 31 8 14 23	 => 159
 21 23 14 33 38 29	 => 158
 37 29 38 10 20 25	 => 159
 18 25 20 35 34 27	 => 159
 39 27 34 5 24 30	 => 159
 28 30 24 19 9 49	 => 159


===================[TEST 5]===================

##### START ##### Wed May 28 13:58:07 2003



##### CONVERGE ##### Wed May 28 13:58:07 2003

Elapsed time: 0 seconds
Total loop: 52 generations

Result : 0.408248

42 27 40 8 31 10 44 32 18 22 9 30 29 49 2 12 24 41 23 14 16 39 26 4 25 47 48 3 1 33 11 50 43 19 6 36 35 17 46 15 37 7 34 13 45 21 28 20 38 5 

 42 27 40 8 31 10	 => 158
 44 10 31 32 18 22	 => 157
 9 22 18 30 29 49	 => 157
 2 49 29 12 24 41	 => 157
 23 41 24 14 16 39	 => 157
 26 39 16 4 25 47	 => 157
 48 47 25 3 1 33	 => 157
 11 33 1 50 43 19	 => 157
 6 19 43 36 35 17	 => 156
 46 17 35 15 37 7	 => 157
 34 7 37 13 45 21	 => 157
 28 21 45 20 38 5	 => 157



test#	fitness		sum		time
---------------------------------------------------
1	0.745356		160		0
2	0.745356		160		1
3	0.924211		145		1
4	0.552771		159		1
5	0.408248		157		0


---------------------------------------------------
Best fitness      : 0.408248 ( test# 5)
Best solution sum : 0 ( test# 0)
Shortest time     : 0 ( test# 1)

Average fitness   : 0.675188
Average sol. sum  : 156.2
Average time      : 0.6
