****************** GA TEST *******************

total test#:			 2
hexa min width:			 3
hexa max width:			 7
hexa count:			 43
number count:			 110
population size:		 20
generation size:		 8

tournament winner p:		 0.7
do xover p:			 1
xover:				 3points
do mutation1 p:			 1
mutation1 p:			 0.1
do optimize p:			 0.001
local optimize count:		 20000
do deep better optimize p:	 1
do deep worse optimize p:	 0
do spin p:			 0
spin count:			 1000
do spin apply p:		 1
do mutation2 p:			 1
mutation2 p:			 0.08
force mutation2:		 0
replace bad p:			 0

converge rate p:		 0.2
converge count:			 1

**********************************************


===================[TEST 1]===================

##### START ##### Thu May 29 14:46:52 2003


[1].1 56.4055 (0.05)
[1].2 56.4055 (0.05)
[1].3 54.9345 (0.05)
[1].4 54.9345 (0.05)
[1].5 54.9345 (0.05)
[1].6 51.2065 (0.05)
[1].7 51.2065 (0.05)
[1].8 51.2065 (0.05)
[1].9 51.2065 (0.05)
[1].10 47.0087 (0.05)
[1].11 47.0087 (0.05)
[1].12 47.0087 (0.05)
[1].13 47.0087 (0.05)
[1].14 47.0087 (0.05)
[1].15 47.0087 (0.05)
[1].16 47.0087 (0.05)
[1].17 47.0087 (0.05)
[1].18 47.0087 (0.05)
[1].19 47.0087 (0.05)
[1].20 47.0087 (0.05)
[1].21 45.4405 (0.05)
[1].22 45.4405 (0.05)
[1].23 45.4405 (0.05)
[1].24 45.4405 (0.05)
[1].25 45.4405 (0.05)
[1].26 45.4405 (0.05)
[1].27 45.4405 (0.05)
[1].28 45.4405 (0.05)
[1].29 45.4405 (0.05)
[1].30 45.4405 (0.05)
[1].31 45.4405 (0.05)
[1].32 45.4405 (0.05)
[1].33 45.4405 (0.05)
[1].34 45.4405 (0.05)
[1].35 45.4405 (0.05)
[1].36 45.4405 (0.05)
[1].37 45.4405 (0.05)
[1].38 45.4405 (0.05)
[1].39 45.4405 (0.05)
[1].40 45.4405 (0.05)
[1].41 45.4405 (0.05)
[1].42 45.4405 (0.05)
[1].43 45.4405 (0.05)
[1].44 45.4405 (0.05)
[1].45 45.4405 (0.05)
[1].46 45.4405 (0.05)
[1].47 45.4405 (0.05)
[1].48 45.4405 (0.05)
[1].49 45.4405 (0.05)
[1].50 45.4405 (0.05)
[1].51 45.4405 (0.05)
[1].52 45.4405 (0.05)
[1].53 45.4405 (0.05)
[1].54 45.4405 (0.05)
[1].55 45.4405 (0.05)
[1].56 45.4405 (0.05)
[1].57 45.4405 (0.05)
[1].58 45.4405 (0.05)
[1].59 45.4405 (0.05)
[1].60 45.4405 (0.05)
[1].61 45.4405 (0.05)
[1].62 45.4405 (0.05)
[1].63 45.4405 (0.05)
[1].64 1.14592 (0.05)
[1].65 1.14592 (0.05)
[1].66 1.14592 (0.05)
[1].67 1.14592 (0.05)
[1].68 1.14592 (0.05)
[1].69 1.14592 (0.05)
[1].70 1.14592 (0.05)
[1].71 1.14592 (0.05)
[1].72 1.14592 (0.05)
[1].73 1.14592 (0.05)
[1].74 1.14592 (0.05)
[1].75 1.14592 (0.05)
[1].76 1.14592 (0.05)
[1].77 1.14592 (0.05)
[1].78 1.14592 (0.05)
[1].79 1.14592 (0.05)
[1].80 1.14592 (0.05)
[1].81 1.14592 (0.05)
[1].82 1.14592 (0.05)
[1].83 1.14592 (0.05)
[1].84 1.14592 (0.05)
[1].85 1.14592 (0.05)
[1].86 1.14592 (0.05)
[1].87 1.14592 (0.05)
[1].88 1.14592 (0.05)
[1].89 1.14592 (0.05)
[1].90 1.14592 (0.05)
[1].91 1.14592 (0.05)
[1].92 1.14592 (0.05)
[1].93 1.14592 (0.05)
[1].94 1.14592 (0.05)
[1].95 1.14592 (0.05)
[1].96 1.14592 (0.05)
[1].97 1.14592 (0.05)
[1].98 1.14592 (0.05)
[1].99 1.14592 (0.05)
[1].100 1.14592 (0.05)
[1].101 1.14592 (0.05)
[1].102 1.14592 (0.05)
[1].103 1.14592 (0.05)
[1].104 1.14592 (0.05)
[1].105 1.14592 (0.05)
[1].106 1.14592 (0.05)
[1].107 1.14592 (0.05)
[1].108 1.14592 (0.05)
[1].109 1.14592 (0.05)
[1].110 1.14592 (0.05)
[1].111 1.14592 (0.05)
[1].112 1.14592 (0.05)
[1].113 1.14592 (0.05)
[1].114 1.14592 (0.05)
[1].115 1.14592 (0.05)
[1].116 1.14592 (0.05)
[1].117 1.14592 (0.05)
[1].118 1.14592 (0.05)
[1].119 1.14592 (0.05)
[1].120 1.14592 (0.05)
[1].121 1.14592 (0.05)
[1].122 1.14592 (0.05)
[1].123 1.14592 (0.05)
[1].124 1.14592 (0.05)
[1].125 1.14592 (0.05)
[1].126 1.14592 (0.05)
[1].127 1.14592 (0.05)
[1].128 1.14592 (0.05)
[1].129 1.14592 (0.05)
[1].130 1.14592 (0.05)
[1].131 1.14592 (0.05)
[1].132 1.14592 (0.05)
[1].133 1.14592 (0.05)
[1].134 1.14592 (0.05)
[1].135 1.14592 (0.05)
[1].136 1.14592 (0.05)
[1].137 1.14592 (0.05)
[1].138 1.14592 (0.05)
[1].139 1.14592 (0.05)
[1].140 1.14592 (0.05)
[1].141 1.14592 (0.05)
[1].142 1.14592 (0.05)
[1].143 1.14592 (0.05)
[1].144 1.14592 (0.05)
[1].145 1.14592 (0.05)
[1].146 1.14592 (0.05)
[1].147 1.14592 (0.05)
[1].148 1.14592 (0.05)
[1].149 1.14592 (0.05)
[1].150 1.14592 (0.05)
[1].151 1.14592 (0.05)
[1].152 1.14592 (0.05)
[1].153 1.14592 (0.05)
[1].154 1.14592 (0.05)
[1].155 1.14592 (0.05)
[1].156 1.14592 (0.05)
[1].157 1.14592 (0.05)
[1].158 1.14592 (0.05)
[1].159 1.14592 (0.05)
[1].160 1.14592 (0.05)
[1].161 1.14592 (0.05)
[1].162 1.14592 (0.05)
[1].163 1.14592 (0.05)
[1].164 1.14592 (0.05)
[1].165 1.14592 (0.05)
[1].166 1.14592 (0.05)
[1].167 1.14592 (0.05)
[1].168 1.14592 (0.05)
[1].169 1.14592 (0.05)
[1].170 1.14592 (0.05)
[1].171 1.14592 (0.05)
[1].172 1.14592 (0.05)
[1].173 1.14592 (0.05)
[1].174 1.14592 (0.05)
[1].175 1.14592 (0.05)
[1].176 1.14592 (0.05)
[1].177 1.14592 (0.05)
[1].178 1.14592 (0.05)
[1].179 1.14592 (0.05)
[1].180 1.14592 (0.05)
[1].181 1.14592 (0.05)
[1].182 1.14592 (0.05)
[1].183 1.14592 (0.05)
[1].184 1.14592 (0.05)
[1].185 1.14592 (0.05)
[1].186 1.14592 (0.05)
[1].187 1.14592 (0.05)
[1].188 1.14592 (0.05)
[1].189 1.14592 (0.05)
[1].190 1.14592 (0.05)
[1].191 1.14592 (0.05)
[1].192 1.14592 (0.05)
[1].193 1.14592 (0.05)
[1].194 1.14592 (0.05)
[1].195 1.14592 (0.05)
[1].196 1.14592 (0.05)
[1].197 1.14592 (0.05)
