****************** GA TEST *******************

total test#:			 2
hexa min width:			 3
hexa max width:			 7
hexa count:			 43
number count:			 110
population size:		 10
generation size:		 6

tournament winner p:		 0.7
do xover p:			 1
xover:				 3points
do mutation1 p:			 1
mutation1 p:			 0.1
do optimize p:			 0.001
local optimize count:		 20000
do deep better optimize p:	 1
do deep worse optimize p:	 0
do spin p:			 0
spin count:			 1000
do spin apply p:		 1
do mutation2 p:			 1
mutation2 p:			 0.08
force mutation2:		 0
replace bad p:			 0.195

converge rate p:		 0.2
converge count:			 1

**********************************************


===================[TEST 1]===================

##### START ##### Thu May 29 14:42:59 2003


[1].1 72.7095 (0.2)
[1].1 <OVER CONVERGE RATE>: stop index=1

##### CONVERGE ##### Thu May 29 14:42:59 2003

Elapsed time: 0 seconds
Total loop: 1 generations

Result : 72.7095

1 78 66 20 73 30 86 9 12 72 13 91 106 28 89 4 68 51 69 96 2 23 14 71 21 25 67 102 10 24 34 53 54 38 57 79 29 100 98 33 61 52 95 19 35 32 27 92 46 85 80 63 82 70 64 40 87 5 43 81 42 37 101 41 104 93 45 22 3 109 36 39 108 11 16 83 94 44 62 47 15 48 49 50 17 84 56 75 58 65 99 26 76 77 103 90 88 18 74 8 105 107 110 59 55 31 6 7 97 60 

 1 78 66 20 73 30	 => 268
 86 30 73 9 12 72	 => 282
 13 72 12 91 106 28	 => 322
 66 89 4 68 51 20	 => 298
 73 20 51 69 96 9	 => 318
 12 9 96 2 23 91	 => 233
 106 91 23 14 71 21	 => 326
 4 25 67 102 10 68	 => 276
 51 68 10 24 34 69	 => 256
 96 69 34 53 54 2	 => 308
 23 2 54 38 57 14	 => 188
 71 14 57 79 29 100	 => 350
 67 98 33 61 52 102	 => 413
 10 102 52 95 19 24	 => 302
 34 24 19 35 32 53	 => 197
 54 53 32 27 92 38	 => 296
 57 38 92 46 85 79	 => 397
 29 79 85 80 63 82	 => 418
 33 70 64 40 87 61	 => 355
 52 61 87 5 43 95	 => 343
 19 95 43 81 42 35	 => 315
 32 35 42 37 101 27	 => 274
 92 27 101 41 104 46	 => 411
 85 46 104 93 45 80	 => 453
 63 80 45 22 3 109	 => 322
 87 40 36 39 108 5	 => 315
 43 5 108 11 16 81	 => 264
 42 81 16 83 94 37	 => 353
 101 37 94 44 62 41	 => 379
 104 41 62 47 15 93	 => 362
 45 93 15 48 49 22	 => 272
 108 39 50 17 84 11	 => 309
 16 11 84 56 75 83	 => 325
 94 83 75 58 65 44	 => 419
 62 44 65 99 26 47	 => 343
 15 47 26 76 77 48	 => 289
 84 17 103 90 88 56	 => 438
 75 56 88 18 74 58	 => 369
 65 58 74 8 105 99	 => 409
 26 99 105 107 110 76	 => 523
 88 90 59 55 31 18	 => 341
 74 18 31 6 7 8	 => 144
 105 8 7 97 60 107	 => 384


===================[TEST 2]===================

##### START ##### Thu May 29 14:42:59 2003


[2].1 72.7095 (0.2)
[2].1 <OVER CONVERGE RATE>: stop index=1

##### CONVERGE ##### Thu May 29 14:42:59 2003

Elapsed time: 0 seconds
Total loop: 1 generations

Result : 72.7095

1 78 66 20 73 30 86 9 12 72 13 91 106 28 89 4 68 51 69 96 2 23 14 71 21 25 67 102 10 24 34 53 54 38 57 79 29 100 98 33 61 52 95 19 35 32 27 92 46 85 80 63 82 70 64 40 87 5 43 81 42 37 101 41 104 93 45 22 3 109 36 39 108 11 16 83 94 44 62 47 15 48 49 50 17 84 56 75 58 65 99 26 76 77 103 90 88 18 74 8 105 107 110 59 55 31 6 7 97 60 

 1 78 66 20 73 30	 => 268
 86 30 73 9 12 72	 => 282
 13 72 12 91 106 28	 => 322
 66 89 4 68 51 20	 => 298
 73 20 51 69 96 9	 => 318
 12 9 96 2 23 91	 => 233
 106 91 23 14 71 21	 => 326
 4 25 67 102 10 68	 => 276
 51 68 10 24 34 69	 => 256
 96 69 34 53 54 2	 => 308
 23 2 54 38 57 14	 => 188
 71 14 57 79 29 100	 => 350
 67 98 33 61 52 102	 => 413
 10 102 52 95 19 24	 => 302
 34 24 19 35 32 53	 => 197
 54 53 32 27 92 38	 => 296
 57 38 92 46 85 79	 => 397
 29 79 85 80 63 82	 => 418
 33 70 64 40 87 61	 => 355
 52 61 87 5 43 95	 => 343
 19 95 43 81 42 35	 => 315
 32 35 42 37 101 27	 => 274
 92 27 101 41 104 46	 => 411
 85 46 104 93 45 80	 => 453
 63 80 45 22 3 109	 => 322
 87 40 36 39 108 5	 => 315
 43 5 108 11 16 81	 => 264
 42 81 16 83 94 37	 => 353
 101 37 94 44 62 41	 => 379
 104 41 62 47 15 93	 => 362
 45 93 15 48 49 22	 => 272
 108 39 50 17 84 11	 => 309
 16 11 84 56 75 83	 => 325
 94 83 75 58 65 44	 => 419
 62 44 65 99 26 47	 => 343
 15 47 26 76 77 48	 => 289
 84 17 103 90 88 56	 => 438
 75 56 88 18 74 58	 => 369
 65 58 74 8 105 99	 => 409
 26 99 105 107 110 76	 => 523
 88 90 59 55 31 18	 => 341
 74 18 31 6 7 8	 => 144
 105 8 7 97 60 107	 => 384



test#	fitness		sum		time
---------------------------------------------------
1	72.7095				0
2	72.7095				0


---------------------------------------------------
Best fitness      : 72.7095 ( test# 1)
Shortest time     : 0 ( test# 1)

Average fitness   : 72.7095
Average time      : 0
