****************** GA TEST *******************

total test#:			 10
hexa min width:			 3
hexa max width:			 7
hexa count:			 43
number count:			 110
population size:		 30000
generation size:		 7000

tournament winner p:		 1
do xover p:			 1
xover:				 2points
do mutation1 p:			 0.2
mutation1 p:			 0.05
do optimize p:			 1
local optimize count:		 6000
do deep better optimize p:	 1
do deep worse optimize p:	 0
do spin p:			 0
spin count:			 4000
do spin apply p:		 1
do mutation2 p:			 0.2
mutation2 p:			 0.04
force mutation2:		 0
replace bad p:			 0.195

converge rate p:		 0.99
converge count:			 1

**********************************************


===================[TEST 1]===================

##### START ##### Mon Jun 10 19:17:07 2019


[1].87 20.5347 (0.0135135)
[1].88 0.809623 (0.0135135)
[1].89 0.732466 (0.0135135)
[1].90 0.722055 (0.0135135)
[1].91 0.722055 (0.0135135)
[1].92 0.613531 (0.0135135)
[1].93 0.613531 (0.0135135)
[1].94 0.574376 (0.0135135)
[1].95 0.574376 (0.0135135)
[1].96 0.574376 (0.0135135)
[1].97 0.574376 (0.0135135)
[1].98 0.574376 (0.0135135)
[1].99 0.574376 (0.0135135)
[1].100 0.574376 (0.0135135)
[1].101 0.574376 (0.0135135)
[1].102 0.574376 (0.0135135)
[1].103 0.574376 (0.0135135)
[1].104 0.574376 (0.0135135)
[1].105 0.574376 (0.0135135)
[1].106 0.574376 (0.0135135)
[1].107 0.574376 (0.0135135)
[1].108 0.574376 (0.0135135)
[1].109 0.574376 (0.0135135)
[1].110 0.574376 (0.0135135)
[1].111 0.574376 (0.0135135)
[1].112 0.559108 (0.0135135)
[1].113 0.559108 (0.0135135)
[1].114 0.559108 (0.0135135)
[1].115 0.559108 (0.0135135)
[1].116 0.559108 (0.0135135)
[1].117 0.559108 (0.0135135)
[1].118 0.559108 (0.0135135)
[1].119 0.559108 (0.0135135)
[1].120 0.559108 (0.0135135)
[1].121 0.553273 (0.0135135)
[1].122 0.553273 (0.0135135)
[1].123 0.553273 (0.0135135)
[1].124 0.553273 (0.0135135)
[1].125 0.553273 (0.0135135)
[1].126 0.553273 (0.0135135)
[1].127 0.553273 (0.0135135)
[1].128 0.553273 (0.0135135)
[1].129 0.553273 (0.027027)
[1].130 0.553273 (0.027027)
[1].131 0.553273 (0.027027)
[1].132 0.553273 (0.027027)
[1].133 0.553273 (0.027027)
[1].134 0.553273 (0.027027)
[1].135 0.553273 (0.027027)
[1].136 0.553273 (0.027027)
[1].137 0.549349 (0.0135135)
[1].138 0.526219 (0.0135135)
[1].139 0.526219 (0.0135135)
[1].140 0.526219 (0.0135135)
[1].141 0.526219 (0.0135135)
[1].142 0.526219 (0.0135135)
[1].143 0.526219 (0.0135135)
[1].144 0.526219 (0.0135135)
[1].145 0.526219 (0.0135135)
[1].146 0.526219 (0.0135135)
[1].147 0.526219 (0.0135135)
[1].148 0.526219 (0.0135135)
[1].149 0.526219 (0.0135135)
[1].150 0.526219 (0.0135135)
[1].151 0.526219 (0.0135135)
[1].152 0.526219 (0.0135135)
[1].153 0.526219 (0.0135135)
[1].154 0.526219 (0.0135135)
[1].155 0.526219 (0.0135135)
[1].156 0.526219 (0.0135135)
[1].157 0.526219 (0.0135135)
[1].158 0.526219 (0.0135135)
[1].159 0.526219 (0.0135135)
[1].160 0.526219 (0.0135135)
[1].161 0.526219 (0.0135135)
[1].162 0.526219 (0.0135135)
[1].163 0.526219 (0.0135135)
[1].164 0.526219 (0.0135135)
[1].165 0.526219 (0.0135135)
[1].166 0.526219 (0.0135135)
[1].167 0.526219 (0.0135135)
[1].168 0.526219 (0.0135135)
[1].169 0.526219 (0.0135135)
[1].170 0.526219 (0.0135135)
[1].171 0.526219 (0.0135135)
[1].172 0.526219 (0.0135135)
[1].173 0.526219 (0.0135135)
[1].174 0.526219 (0.0135135)
[1].175 0.526219 (0.0135135)
[1].176 0.526219 (0.0135135)
[1].177 0.526219 (0.0135135)
[1].178 0.526219 (0.0135135)
[1].179 0.526219 (0.0135135)
[1].180 0.526219 (0.0135135)
[1].181 0.526219 (0.0135135)
[1].182 0.526219 (0.0135135)
[1].183 0.526219 (0.0135135)
[1].184 0.526219 (0.0135135)
[1].185 0.526219 (0.0135135)
[1].186 0.526219 (0.0135135)
[1].187 0.526219 (0.0135135)
[1].188 0.526219 (0.0135135)
[1].189 0.526219 (0.0135135)
[1].190 0.526219 (0.0135135)
[1].191 0.526219 (0.0135135)
[1].192 0.526219 (0.0135135)
[1].193 0.526219 (0.0135135)
[1].194 0.526219 (0.0135135)
[1].195 0.526219 (0.0135135)
[1].196 0.526219 (0.0135135)
[1].197 0.526219 (0.0135135)
[1].198 0.526219 (0.0135135)
[1].199 0.526219 (0.0135135)
[1].200 0.526219 (0.0135135)
[1].201 0.526219 (0.0135135)
[1].202 0.500946 (0.0135135)
[1].203 0.500946 (0.0135135)
[1].204 0.500946 (0.0135135)
[1].205 0.500946 (0.0135135)
[1].206 0.500946 (0.0135135)
[1].207 0.500946 (0.0135135)
[1].208 0.500946 (0.0135135)
[1].209 0.500946 (0.0135135)
[1].210 0.500946 (0.0135135)
[1].211 0.500946 (0.0135135)
[1].212 0.500946 (0.0135135)
[1].213 0.500946 (0.0135135)
[1].214 0.500946 (0.0135135)
[1].215 0.500946 (0.0135135)
[1].216 0.500946 (0.0135135)
[1].217 0.500946 (0.0135135)
[1].218 0.500946 (0.0135135)
[1].219 0.500946 (0.0135135)
[1].220 0.500946 (0.0135135)
[1].221 0.500946 (0.0135135)
[1].222 0.500946 (0.0135135)
[1].223 0.500946 (0.0135135)
[1].224 0.500946 (0.0135135)
[1].225 0.500946 (0.0135135)
[1].226 0.500946 (0.0135135)
[1].227 0.500946 (0.0135135)
[1].228 0.500946 (0.0135135)
[1].229 0.500946 (0.0135135)
[1].230 0.500946 (0.0135135)
[1].231 0.500946 (0.0135135)
[1].232 0.500946 (0.0135135)
[1].233 0.500946 (0.0135135)
[1].234 0.500946 (0.0135135)
[1].235 0.500946 (0.0135135)
[1].236 0.500946 (0.0135135)
[1].237 0.500946 (0.0135135)
[1].238 0.500946 (0.0135135)
[1].239 0.500946 (0.0135135)
[1].240 0.500946 (0.0135135)
[1].241 0.500946 (0.0135135)
[1].242 0.500946 (0.0135135)
[1].243 0.500946 (0.0135135)
[1].244 0.500946 (0.0135135)
[1].245 0.500946 (0.0135135)
[1].246 0.500946 (0.0135135)
[1].247 0.500946 (0.0135135)
[1].248 0.500946 (0.0135135)
[1].249 0.500946 (0.0135135)
[1].250 0.500946 (0.0135135)
[1].251 0.500946 (0.0135135)
[1].252 0.486708 (0.0135135)
[1].253 0.486708 (0.0135135)
[1].254 0.486708 (0.0135135)
[1].255 0.486708 (0.0135135)
[1].256 0.486708 (0.0135135)
[1].257 0.486708 (0.0135135)
[1].258 0.486708 (0.0135135)
[1].259 0.486708 (0.0135135)
[1].260 0.486708 (0.0135135)
[1].261 0.486708 (0.0135135)
[1].262 0.486708 (0.0135135)
[1].263 0.474327 (0.0135135)
[1].264 0.474327 (0.0135135)
[1].265 0.474327 (0.0135135)
[1].266 0.474327 (0.0135135)
[1].267 0.474327 (0.0135135)
[1].268 0.474327 (0.0135135)
[1].269 0.474327 (0.0135135)
[1].270 0.474327 (0.0135135)
[1].271 0.474327 (0.0135135)
[1].272 0.474327 (0.0135135)
[1].273 0.474327 (0.0135135)
[1].274 0.474327 (0.0135135)
[1].275 0.474327 (0.0135135)
[1].276 0.474327 (0.0135135)
[1].277 0.474327 (0.0135135)
[1].278 0.474327 (0.0135135)
[1].279 0.474327 (0.0135135)
[1].280 0.474327 (0.0135135)
[1].281 0.474327 (0.0135135)
[1].282 0.474327 (0.0135135)
[1].283 0.474327 (0.027027)
[1].284 0.474327 (0.027027)
[1].285 0.474327 (0.027027)
[1].286 0.474327 (0.027027)
[1].287 0.474327 (0.027027)
[1].288 0.474327 (0.027027)
[1].289 0.474327 (0.027027)
[1].290 0.474327 (0.027027)
[1].291 0.474327 (0.027027)
[1].292 0.474327 (0.027027)
[1].293 0.474327 (0.027027)
[1].294 0.474327 (0.027027)
[1].295 0.474327 (0.027027)
[1].296 0.474327 (0.027027)
[1].297 0.474327 (0.027027)
[1].298 0.474327 (0.027027)
[1].299 0.474327 (0.027027)
[1].300 0.474327 (0.027027)
[1].301 0.474327 (0.027027)
[1].302 0.474327 (0.027027)
[1].303 0.474327 (0.027027)
[1].304 0.474327 (0.027027)
[1].305 0.474327 (0.027027)
[1].306 0.474327 (0.027027)
[1].307 0.474327 (0.027027)
[1].308 0.474327 (0.027027)
[1].309 0.474327 (0.027027)
[1].310 0.474327 (0.027027)
[1].311 0.474327 (0.027027)
[1].312 0.474327 (0.027027)
[1].313 0.474327 (0.0405405)
[1].314 0.474327 (0.0405405)
[1].315 0.474327 (0.0405405)
[1].316 0.474327 (0.0405405)
[1].317 0.474327 (0.0405405)
[1].318 0.474327 (0.0405405)
[1].319 0.474327 (0.0405405)
[1].320 0.474327 (0.0405405)
[1].321 0.474327 (0.0540541)
[1].322 0.474327 (0.0675676)
[1].323 0.474327 (0.0675676)
[1].324 0.474327 (0.0675676)
[1].325 0.474327 (0.0675676)
[1].326 0.474327 (0.0675676)
[1].327 0.474327 (0.0675676)
[1].328 0.474327 (0.0675676)
[1].329 0.474327 (0.0675676)
[1].330 0.474327 (0.0675676)
[1].331 0.474327 (0.0675676)
[1].332 0.474327 (0.0675676)
[1].333 0.474327 (0.0675676)
[1].334 0.474327 (0.0675676)
[1].335 0.474327 (0.0675676)
[1].336 0.474327 (0.0675676)
[1].337 0.474327 (0.0675676)
[1].338 0.474327 (0.0675676)
[1].339 0.474327 (0.0675676)
[1].340 0.474327 (0.0675676)
[1].341 0.474327 (0.0675676)
[1].342 0.474327 (0.0675676)
[1].343 0.474327 (0.0675676)
[1].344 0.474327 (0.0675676)
[1].345 0.474327 (0.0675676)
[1].346 0.474327 (0.0675676)
[1].347 0.474327 (0.0675676)
[1].348 0.474327 (0.0675676)
[1].349 0.474327 (0.0675676)
[1].350 0.474327 (0.0675676)
[1].351 0.474327 (0.0675676)
[1].352 0.474327 (0.0675676)
[1].353 0.474327 (0.0675676)
[1].354 0.474327 (0.0675676)
[1].355 0.474327 (0.0675676)
[1].356 0.474327 (0.0675676)
[1].357 0.474327 (0.0675676)
[1].358 0.474327 (0.0675676)
[1].359 0.474327 (0.0675676)
[1].360 0.474327 (0.0675676)
[1].361 0.474327 (0.0675676)
[1].362 0.474327 (0.0675676)
[1].363 0.474327 (0.0675676)
[1].364 0.474327 (0.0675676)
[1].365 0.474327 (0.0675676)
[1].366 0.474327 (0.0675676)
[1].367 0.474327 (0.0675676)
[1].368 0.474327 (0.0810811)
[1].369 0.474327 (0.0810811)
[1].370 0.474327 (0.0945946)
[1].371 0.474327 (0.0945946)
[1].372 0.474327 (0.0945946)
[1].373 0.474327 (0.0945946)
[1].374 0.474327 (0.0945946)
[1].375 0.474327 (0.0945946)
[1].376 0.474327 (0.0945946)
[1].377 0.474327 (0.0945946)
[1].378 0.474327 (0.0945946)
[1].379 0.474327 (0.0945946)
[1].380 0.474327 (0.108108)
[1].381 0.474327 (0.108108)
[1].382 0.474327 (0.108108)
[1].383 0.474327 (0.108108)
[1].384 0.474327 (0.135135)
[1].385 0.474327 (0.135135)
[1].386 0.474327 (0.148649)
[1].387 0.474327 (0.148649)
[1].388 0.474327 (0.162162)
[1].389 0.474327 (0.162162)
[1].390 0.474327 (0.162162)
[1].391 0.474327 (0.162162)
[1].392 0.474327 (0.175676)
[1].393 0.474327 (0.175676)
[1].394 0.474327 (0.189189)
[1].395 0.474327 (0.202703)
[1].396 0.474327 (0.216216)
[1].397 0.474327 (0.22973)
[1].398 0.474327 (0.22973)
[1].399 0.474327 (0.22973)
[1].400 0.474327 (0.22973)
[1].401 0.474327 (0.22973)
[1].402 0.474327 (0.22973)
[1].403 0.474327 (0.27027)
[1].404 0.474327 (0.310811)
[1].405 0.474327 (0.324324)
[1].406 0.474327 (0.351351)
[1].407 0.474327 (0.351351)
[1].408 0.474327 (0.391892)
[1].409 0.474327 (0.405405)
[1].410 0.474327 (0.418919)
[1].411 0.474327 (0.432432)
[1].412 0.474327 (0.459459)
[1].413 0.474327 (0.472973)
[1].414 0.474327 (0.527027)
[1].415 0.474327 (0.567568)
[1].416 0.474327 (0.608108)
[1].417 0.474327 (0.689189)
[1].418 0.474327 (0.716216)
[1].419 0.474327 (0.72973)
[1].420 0.474327 (0.797297)
[1].421 0.474327 (0.851351)
[1].422 0.474327 (0.878378)
[1].423 0.474327 (0.878378)
[1].424 0.474327 (0.905405)
[1].425 0.474327 (0.932432)
[1].426 0.474327 (0.959459)
[1].427 0.474327 (0.972973)
[1].428 0.474327 (0.986486)
[1].429 0.474327 (1)
[1].429 <OVER CONVERGE RATE>: stop index=1

##### CONVERGE ##### Mon Jun 10 19:17:53 2019

Elapsed time: 46 seconds
Total loop: 429 generations

Result : 0.474327

12 51 92 72 47 15 101 102 22 73 4 7 54 91 17 63 33 65 50 6 110 95 5 100 82 86 93 9 58 70 66 80 31 81 20 62 53 103 34 109 8 89 64 52 42 32 71 48 35 96 43 69 19 14 59 84 68 46 67 79 38 99 60 87 41 105 23 74 27 106 83 37 25 88 36 13 77 2 18 30 61 3 76 29 56 107 1 98 44 108 90 94 57 97 78 26 75 104 21 39 40 16 45 10 24 11 85 55 28 49 

 69 67 1 92 29 85	 => 343
 50 49 54 93 44 52	 => 342
 80 78 73 61 8 42	 => 342
 92 17 63 33 65 72	 => 342
 47 72 65 50 6 102	 => 342
 22 102 6 110 95 7	 => 342
 54 7 95 5 100 82	 => 343
 63 86 93 9 58 33	 => 342
 65 33 58 70 66 50	 => 342
 6 50 66 80 31 110	 => 343
 95 110 31 81 20 5	 => 342
 100 5 20 62 53 103	 => 343
 93 34 109 8 89 9	 => 342
 58 9 89 64 52 70	 => 342
 66 70 52 42 32 80	 => 342
 31 80 32 71 48 81	 => 343
 20 81 48 35 96 62	 => 342
 53 62 96 43 69 19	 => 342
 109 14 59 84 68 8	 => 342
 89 8 68 46 67 64	 => 342
 52 64 67 79 38 42	 => 342
 32 42 38 99 60 71	 => 342
 48 71 60 87 41 35	 => 342
 96 35 41 105 23 43	 => 343
 69 43 23 74 27 106	 => 342
 68 84 83 37 25 46	 => 343
 67 46 25 88 36 79	 => 341
 38 79 36 13 77 99	 => 342
 60 99 77 2 18 87	 => 343
 41 87 18 30 61 105	 => 342
 23 105 61 3 76 74	 => 342
 25 37 29 56 107 88	 => 342
 36 88 107 1 98 13	 => 343
 77 13 98 44 108 2	 => 342
 18 2 108 90 94 30	 => 342
 61 30 94 57 97 3	 => 342
 107 56 78 26 75 1	 => 343
 98 1 75 104 21 44	 => 343
 108 44 21 39 40 90	 => 342
 94 90 40 16 45 57	 => 342
 68 102 0 110 44 18	 => 342
 96 88 53 79 3 23	 => 342
 86 20 41 48 84 63	 => 342


===================[TEST 2]===================
