****************** GA TEST *******************

total test#:			 100
hexa min width:			 3
hexa max width:			 5
hexa count:			 19
number count:			 54
population size:		 130
generation size:		 50

tournament winner p:		 1
do xover p:			 1
xover:				 2points
do mutation1 p:			 0.1
mutation1 p:			 0.05
do optimize p:			 1
local optimize count:		 6000
do deep better optimize p:	 1
do deep worse optimize p:	 0
do spin p:			 0
spin count:			 1000
do spin apply p:		 1
do mutation2 p:			 0.12
mutation2 p:			 0.08
force mutation2:		 0
replace bad p:			 0.195

converge rate p:		 0.99
converge count:			 5

**********************************************


===================[TEST 1]===================

##### START ##### Wed Jul 24 21:57:49 2019


[1].1 0.364642 (0.00769231)
[1].2 0.364642 (0.00769231)
[1].3 0.364642 (0.00769231)
[1].4 0.364642 (0.00769231)
[1].5 0.364642 (0.0153846)
[1].6 0.364642 (0.0153846)
[1].7 0.364642 (0.0153846)
[1].8 0.364642 (0.0153846)
[1].9 0.364642 (0.0153846)
[1].10 0.364642 (0.0307692)
[1].11 0.324443 (0.00769231)
[1].12 0.324443 (0.00769231)
[1].13 0.324443 (0.00769231)
[1].14 0.324443 (0.00769231)
[1].15 0.324443 (0.00769231)
[1].16 0.324443 (0.00769231)
[1].17 0.324443 (0.00769231)
[1].18 0.306892 (0.00769231)
[1].19 0.306892 (0.00769231)
[1].20 0.306892 (0.00769231)
[1].21 0.306892 (0.00769231)
[1].22 0.306892 (0.0153846)
[1].23 0.306892 (0.0153846)
[1].24 0.306892 (0.0153846)
[1].25 0.306892 (0.0153846)
[1].26 0.306892 (0.0153846)
[1].27 0.306892 (0.0153846)
[1].28 0.306892 (0.0153846)
[1].29 0.306892 (0.0153846)
[1].30 0.306892 (0.0153846)
[1].31 0.306892 (0.0153846)
[1].32 0.306892 (0.0153846)
[1].33 0.306892 (0.0153846)
[1].34 0.306892 (0.0153846)
[1].35 0.306892 (0.0153846)
[1].36 0.306892 (0.0153846)
[1].37 0.306892 (0.0153846)
[1].38 0.306892 (0.0153846)
[1].39 0.306892 (0.0153846)
[1].40 0.306892 (0.0153846)
[1].41 0.306892 (0.0153846)
[1].42 0.306892 (0.0153846)
[1].43 0.306892 (0.0153846)
[1].44 0.306892 (0.0153846)
[1].45 0.306892 (0.0153846)
[1].46 0.306892 (0.0153846)
[1].47 0.306892 (0.0153846)
[1].48 0.306892 (0.0153846)
[1].49 0.306892 (0.0153846)
[1].50 0.306892 (0.0153846)
[1].51 0.223297 (0.00769231)
[1].52 0.223297 (0.00769231)
[1].53 0.223297 (0.00769231)
[1].54 0.223297 (0.00769231)
[1].55 0.223297 (0.00769231)
[1].56 0.223297 (0.00769231)
[1].57 0.223297 (0.00769231)
[1].58 0.223297 (0.00769231)
[1].59 0.223297 (0.00769231)
[1].60 0.223297 (0.00769231)
[1].61 0.223297 (0.00769231)
[1].62 0.223297 (0.00769231)
[1].63 0.223297 (0.00769231)
[1].64 0.223297 (0.00769231)
[1].65 0.223297 (0.00769231)
[1].66 0.223297 (0.00769231)
[1].67 0.223297 (0.00769231)
[1].68 0.223297 (0.00769231)
[1].69 0.223297 (0.00769231)
[1].70 0.223297 (0.00769231)
[1].71 0.223297 (0.00769231)
[1].72 0.223297 (0.00769231)
[1].73 0.223297 (0.00769231)
[1].74 0.223297 (0.00769231)
[1].75 0.223297 (0.00769231)
[1].76 0.223297 (0.00769231)
[1].77 0.223297 (0.00769231)
[1].78 0.223297 (0.00769231)
[1].79 0.223297 (0.00769231)
[1].80 0.223297 (0.00769231)
[1].81 0.223297 (0.00769231)
[1].82 0.223297 (0.00769231)
[1].83 0.223297 (0.00769231)
[1].84 0.223297 (0.00769231)
[1].85 0.223297 (0.00769231)
[1].86 0.223297 (0.00769231)
[1].87 0.223297 (0.00769231)
[1].88 0.223297 (0.00769231)
[1].89 0.223297 (0.00769231)
[1].90 0.223297 (0.00769231)
[1].91 0.223297 (0.00769231)
[1].92 0.223297 (0.00769231)
[1].93 0.223297 (0.00769231)
[1].94 0.223297 (0.00769231)
[1].95 0.223297 (0.00769231)
[1].96 0.223297 (0.00769231)
[1].97 0.223297 (0.00769231)
[1].98 0.223297 (0.00769231)
[1].99 0.223297 (0.00769231)
[1].100 0.223297 (0.00769231)
[1].101 0.223297 (0.00769231)
[1].102 0.223297 (0.00769231)
[1].103 0.223297 (0.00769231)
[1].104 0.223297 (0.00769231)
[1].105 0.223297 (0.00769231)
[1].106 0.223297 (0.00769231)
[1].107 0.223297 (0.00769231)
[1].108 0.223297 (0.00769231)
[1].109 0.223297 (0.00769231)
[1].110 0.223297 (0.00769231)
[1].111 0.223297 (0.00769231)
[1].112 0.223297 (0.00769231)
[1].113 0.223297 (0.00769231)
[1].114 0.223297 (0.00769231)
[1].115 0.223297 (0.00769231)
[1].116 0.223297 (0.00769231)
[1].117 0.223297 (0.00769231)
[1].118 0.223297 (0.00769231)
[1].119 0.223297 (0.0230769)
[1].120 0.223297 (0.0230769)
[1].121 0.223297 (0.0230769)
[1].122 0.223297 (0.0230769)
[1].123 0.223297 (0.0230769)
[1].124 0.223297 (0.0230769)
[1].125 0.223297 (0.0230769)
[1].126 0.223297 (0.0307692)
[1].127 0.223297 (0.0384615)
[1].128 0.223297 (0.0461538)
[1].129 0.223297 (0.0538462)
[1].130 0.223297 (0.0615385)
[1].131 0.223297 (0.0692308)
[1].132 0.223297 (0.0846154)
[1].133 0.223297 (0.0923077)
[1].134 0.223297 (0.0923077)
[1].135 0.223297 (0.0923077)
[1].136 0.223297 (0.1)
[1].137 0.223297 (0.115385)
[1].138 0.223297 (0.146154)
[1].139 0.223297 (0.192308)
[1].140 0.223297 (0.246154)
[1].141 0.223297 (0.292308)
[1].142 0.223297 (0.338462)
[1].143 0.223297 (0.469231)
[1].144 0.223297 (0.569231)
[1].145 0.223297 (0.684615)
[1].146 0.223297 (0.8)
[1].147 0.223297 (0.884615)
[1].148 0.223297 (0.930769)
[1].149 0.223297 (0.961538)
[1].150 0.223297 (0.969231)
[1].151 0.223297 (0.984615)
[1].152 0.223297 (1)
[1].152 <OVER CONVERGE RATE>: stop index=1
[1].153 0.223297 (1)
[1].153 <OVER CONVERGE RATE>: stop index=2
[1].154 0.223297 (1)
[1].154 <OVER CONVERGE RATE>: stop index=3
[1].155 0.223297 (1)
[1].155 <OVER CONVERGE RATE>: stop index=4
[1].156 0.223297 (1)
[1].156 <OVER CONVERGE RATE>: stop index=5

##### CONVERGE ##### Wed Jul 24 21:58:10 2019

Elapsed time: 21 seconds
Total loop: 156 generations

Result : 0.223297

54 20 5 49 8 28 45 29 12 42 11 36 10 53 27 2 48 33 23 22 40 25 52 6 35 32 41 37 4 47 9 39 31 1 15 50 17 24 3 43 30 13 26 21 46 38 14 44 16 19 51 34 18 7 

 54 20 5 49 8 28	 => 164
 45 28 8 29 12 42	 => 164
 11 42 12 36 10 53	 => 164
 5 27 2 48 33 49	 => 164
 8 49 33 23 22 29	 => 164
 12 29 22 40 25 36	 => 164
 10 36 25 52 6 35	 => 164
 2 32 41 37 4 48	 => 164
 33 48 4 47 9 23	 => 164
 22 23 9 39 31 40	 => 164
 25 40 31 1 15 52	 => 164
 6 52 15 50 17 24	 => 164
 4 37 3 43 30 47	 => 164
 9 47 30 13 26 39	 => 164
 31 39 26 21 46 1	 => 164
 15 1 46 38 14 50	 => 164
 30 43 44 16 19 13	 => 165
 26 13 19 51 34 21	 => 164
 46 21 34 18 7 38	 => 164


===================[TEST 2]===================

##### START ##### Wed Jul 24 21:58:10 2019


[2].1 0.407682 (0.00769231)
[2].2 0.407682 (0.00769231)
[2].3 0.407682 (0.00769231)
[2].4 0.306892 (0.00769231)
[2].5 0.306892 (0.00769231)
[2].6 0.306892 (0.00769231)
[2].7 0.306892 (0.00769231)
[2].8 0.306892 (0.00769231)
[2].9 0.306892 (0.00769231)
[2].10 0.306892 (0.00769231)
[2].11 0.306892 (0.00769231)
[2].12 0.306892 (0.0153846)
[2].13 0.306892 (0.0153846)
[2].14 0.223297 (0.00769231)
[2].15 0.223297 (0.00769231)
[2].16 0.223297 (0.00769231)
[2].17 0.223297 (0.00769231)
[2].18 0.223297 (0.00769231)
[2].19 0.223297 (0.00769231)
[2].20 0.223297 (0.00769231)
[2].21 0.223297 (0.00769231)
[2].22 0.223297 (0.00769231)
[2].23 0.223297 (0.00769231)
[2].24 0.223297 (0.00769231)
[2].25 0.223297 (0.0153846)
[2].26 0.223297 (0.0153846)
[2].27 0.223297 (0.0153846)
[2].28 0.223297 (0.0153846)
[2].29 0.223297 (0.0153846)
[2].30 0.223297 (0.0153846)
[2].31 0.223297 (0.0230769)
[2].32 0.223297 (0.0230769)
[2].33 0.223297 (0.0230769)
[2].34 0.223297 (0.0230769)
[2].35 0.223297 (0.0384615)
[2].36 0.223297 (0.0384615)
[2].37 0.223297 (0.0461538)
[2].38 0.223297 (0.0538462)
[2].39 0.223297 (0.0615385)
[2].40 0.223297 (0.0692308)
[2].41 0.223297 (0.0923077)
[2].42 0.223297 (0.123077)
[2].43 0.223297 (0.146154)
[2].44 0.223297 (0.176923)
[2].45 0.223297 (0.223077)
[2].46 0.223297 (0.3)
[2].47 0.223297 (0.392308)
[2].48 0.223297 (0.507692)
[2].49 0.223297 (0.638462)
[2].50 0.223297 (0.769231)
[2].51 0.223297 (0.869231)
[2].52 0.223297 (0.961538)
[2].53 0.223297 (0.992308)
[2].53 <OVER CONVERGE RATE>: stop index=1
[2].54 0.223297 (1)
[2].54 <OVER CONVERGE RATE>: stop index=2
[2].55 0.223297 (1)
[2].55 <OVER CONVERGE RATE>: stop index=3
[2].56 0.223297 (1)
[2].56 <OVER CONVERGE RATE>: stop index=4
[2].57 0.223297 (1)
[2].57 <OVER CONVERGE RATE>: stop index=5

##### CONVERGE ##### Wed Jul 24 21:58:17 2019

Elapsed time: 7 seconds
Total loop: 57 generations

Result : 0.223297

28 17 2 54 14 51 36 12 48 5 45 20 29 19 9 34 16 52 11 23 22 41 13 39 24 1 50 32 33 8 46 15 49 3 38 25 7 44 40 35 18 37 42 4 53 21 26 27 6 43 30 10 47 31 

 28 17 2 54 14 51	 => 166
 36 51 14 12 48 5	 => 166
 45 5 48 20 29 19	 => 166
 2 9 34 16 52 54	 => 167
 14 54 52 11 23 12	 => 166
 48 12 23 22 41 20	 => 166
 29 20 41 13 39 24	 => 166
 34 1 50 32 33 16	 => 166
 52 16 33 8 46 11	 => 166
 23 11 46 15 49 22	 => 166
 41 22 49 3 38 13	 => 166
 39 13 38 25 7 44	 => 166
 33 32 40 35 18 8	 => 166
 46 8 18 37 42 15	 => 166
 49 15 42 4 53 3	 => 166
 38 3 53 21 26 25	 => 166
 18 35 27 6 43 37	 => 166
 42 37 43 30 10 4	 => 166
 53 4 10 47 31 21	 => 166


===================[TEST 3]===================

##### START ##### Wed Jul 24 21:58:17 2019


[3].1 0.324443 (0.00769231)
[3].2 0.324443 (0.00769231)
[3].3 0.324443 (0.00769231)
[3].4 0.324443 (0.00769231)
[3].5 0.324443 (0.00769231)
[3].6 0.324443 (0.0153846)
[3].7 0.324443 (0.0153846)
[3].8 0.324443 (0.0153846)
[3].9 0.324443 (0.0153846)
[3].10 0.324443 (0.0153846)
[3].11 0.324443 (0.0153846)
[3].12 0.306892 (0.00769231)
[3].13 0.306892 (0.00769231)
[3].14 0.306892 (0.00769231)
[3].15 0.306892 (0.00769231)
[3].16 0.306892 (0.00769231)
[3].17 0.306892 (0.00769231)
[3].18 0.306892 (0.00769231)
[3].19 0.306892 (0.00769231)
[3].20 0.306892 (0.00769231)
[3].21 0.306892 (0.00769231)
[3].22 0.306892 (0.00769231)
[3].23 0.306892 (0.00769231)
[3].24 0.306892 (0.00769231)
[3].25 0.306892 (0.00769231)
[3].26 0.306892 (0.00769231)
[3].27 0.306892 (0.00769231)
[3].28 0.306892 (0.0153846)
[3].29 0.306892 (0.0230769)
[3].30 0.306892 (0.0307692)
[3].31 0.306892 (0.0307692)
[3].32 0.306892 (0.0384615)
[3].33 0.306892 (0.0384615)
[3].34 0.306892 (0.0384615)
[3].35 0.306892 (0.0384615)
[3].36 0.306892 (0.0384615)
[3].37 0.306892 (0.0538462)
[3].38 0.306892 (0.0538462)
[3].39 0.306892 (0.0538462)
[3].40 0.306892 (0.0538462)
[3].41 0.306892 (0.0538462)
[3].42 0.306892 (0.0538462)
[3].43 0.306892 (0.0769231)
[3].44 0.306892 (0.0846154)
[3].45 0.306892 (0.0846154)
[3].46 0.306892 (0.1)
[3].47 0.306892 (0.115385)
[3].48 0.306892 (0.130769)
[3].49 0.306892 (0.161538)
[3].50 0.306892 (0.192308)
[3].51 0.306892 (0.223077)
[3].52 0.306892 (0.269231)
[3].53 0.306892 (0.307692)
[3].54 0.306892 (0.407692)
[3].55 0.306892 (0.507692)
[3].56 0.306892 (0.630769)
[3].57 0.306892 (0.776923)
[3].58 0.306892 (0.861538)
[3].59 0.306892 (0.892308)
[3].60 0.306892 (0.953846)
[3].61 0.306892 (0.976923)
[3].62 0.306892 (0.992308)
[3].62 <OVER CONVERGE RATE>: stop index=1
[3].63 0.306892 (0.992308)
[3].63 <OVER CONVERGE RATE>: stop index=2
[3].64 0.306892 (0.992308)
[3].64 <OVER CONVERGE RATE>: stop index=3
[3].65 0.306892 (0.992308)
[3].65 <OVER CONVERGE RATE>: stop index=4
[3].66 0.306892 (1)
[3].66 <OVER CONVERGE RATE>: stop index=5

##### CONVERGE ##### Wed Jul 24 21:58:26 2019

Elapsed time: 9 seconds
Total loop: 66 generations

Result : 0.306892

54 10 11 30 33 34 37 14 29 25 13 51 49 5 40 50 21 20 43 32 44 2 41 22 7 36 3 9 53 27 8 17 28 39 18 42 4 45 6 31 46 48 26 38 24 35 15 19 16 12 47 1 23 52 

 54 10 11 30 33 34	 => 172
 37 34 33 14 29 25	 => 172
 13 25 29 51 49 5	 => 172
 11 40 50 21 20 30	 => 172
 33 30 20 43 32 14	 => 172
 29 14 32 44 2 51	 => 172
 49 51 2 41 22 7	 => 172
 50 36 3 9 53 21	 => 172
 20 21 53 27 8 43	 => 172
 32 43 8 17 28 44	 => 172
 2 44 28 39 18 41	 => 172
 22 41 18 42 4 45	 => 172
 53 9 6 31 46 27	 => 172
 8 27 46 48 26 17	 => 172
 28 17 26 38 24 39	 => 172
 18 39 24 35 15 42	 => 173
 46 31 19 16 12 48	 => 172
 26 48 12 47 1 38	 => 172
 24 38 1 23 52 35	 => 173


===================[TEST 4]===================

##### START ##### Wed Jul 24 21:58:26 2019


[4].1 0.440347 (0.00769231)
[4].2 0.407682 (0.0153846)
[4].3 0.364642 (0.00769231)
[4].4 0.364642 (0.0153846)
[4].5 0.364642 (0.0307692)
[4].6 0.364642 (0.0307692)
[4].7 0.364642 (0.0384615)
[4].8 0.364642 (0.0461538)
[4].9 0.306892 (0.00769231)
[4].10 0.306892 (0.0153846)
[4].11 0.306892 (0.0153846)
[4].12 0.306892 (0.0153846)
[4].13 0.306892 (0.0153846)
[4].14 0.223297 (0.00769231)
[4].15 0.223297 (0.00769231)
[4].16 0.223297 (0.00769231)
[4].17 0.223297 (0.00769231)
[4].18 0.223297 (0.00769231)
[4].19 0.223297 (0.00769231)
[4].20 0.223297 (0.00769231)
[4].21 0.223297 (0.00769231)
[4].22 0.223297 (0.00769231)
[4].23 0.223297 (0.0153846)
[4].24 0.223297 (0.0153846)
[4].25 0.223297 (0.0153846)
[4].26 0.223297 (0.0153846)
[4].27 0.223297 (0.0153846)
[4].28 0.223297 (0.0153846)
[4].29 0.223297 (0.0230769)
[4].30 0.223297 (0.0230769)
[4].31 0.223297 (0.0230769)
[4].32 0.223297 (0.0230769)
[4].33 0.223297 (0.0230769)
[4].34 0.223297 (0.0307692)
[4].35 0.223297 (0.0307692)
[4].36 0.223297 (0.0307692)
[4].37 0.223297 (0.0384615)
[4].38 0.223297 (0.0384615)
[4].39 0.223297 (0.0461538)
[4].40 0.223297 (0.0538462)
[4].41 0.223297 (0.0692308)
[4].42 0.223297 (0.0769231)
[4].43 0.223297 (0.1)
[4].44 0.223297 (0.123077)
[4].45 0.223297 (0.130769)
[4].46 0.223297 (0.146154)
[4].47 0.223297 (0.176923)
[4].48 0.223297 (0.192308)
[4].49 0.223297 (0.2)
[4].50 0.223297 (0.230769)
[4].51 0.223297 (0.307692)
[4].52 0.223297 (0.392308)
[4].53 0.223297 (0.507692)
[4].54 0.223297 (0.623077)
[4].55 0.223297 (0.769231)
[4].56 0.223297 (0.830769)
[4].57 0.223297 (0.884615)
[4].58 0.223297 (0.923077)
[4].59 0.223297 (0.930769)
[4].60 0.223297 (0.946154)
[4].61 0.223297 (1)
[4].61 <OVER CONVERGE RATE>: stop index=1
[4].62 0.223297 (1)
[4].62 <OVER CONVERGE RATE>: stop index=2
[4].63 0.223297 (1)
[4].63 <OVER CONVERGE RATE>: stop index=3
[4].64 0.223297 (1)
[4].64 <OVER CONVERGE RATE>: stop index=4
[4].65 0.223297 (1)
[4].65 <OVER CONVERGE RATE>: stop index=5

##### CONVERGE ##### Wed Jul 24 21:58:34 2019

Elapsed time: 8 seconds
Total loop: 65 generations

Result : 0.223297

19 46 11 21 49 18 1 37 16 43 12 36 3 54 35 32 24 41 7 8 33 34 4 39 48 22 27 29 30 10 52 13 51 14 28 38 2 53 26 25 44 5 40 15 31 47 6 50 23 17 45 42 9 20 

 19 46 11 21 49 18	 => 164
 1 18 49 37 16 43	 => 164
 12 43 16 36 3 54	 => 164
 11 35 32 24 41 21	 => 164
 49 21 41 7 8 37	 => 163
 16 37 8 33 34 36	 => 164
 3 36 34 4 39 48	 => 164
 32 22 27 29 30 24	 => 164
 41 24 30 10 52 7	 => 164
 8 7 52 13 51 33	 => 164
 34 33 51 14 28 4	 => 164
 39 4 28 38 2 53	 => 164
 30 29 26 25 44 10	 => 164
 52 10 44 5 40 13	 => 164
 51 13 40 15 31 14	 => 164
 28 14 31 47 6 38	 => 164
 44 25 50 23 17 5	 => 164
 40 5 17 45 42 15	 => 164
 31 15 42 9 20 47	 => 164


===================[TEST 5]===================

##### START ##### Wed Jul 24 21:58:34 2019


[5].1 0.46483 (0.0230769)
[5].2 0.407682 (0.0153846)
[5].3 0.407682 (0.0153846)
[5].4 0.407682 (0.0153846)
[5].5 0.364642 (0.00769231)
[5].6 0.364642 (0.00769231)
[5].7 0.364642 (0.0230769)
[5].8 0.324443 (0.00769231)
[5].9 0.324443 (0.00769231)
[5].10 0.324443 (0.00769231)
[5].11 0.324443 (0.00769231)
[5].12 0.306892 (0.00769231)
[5].13 0.306892 (0.00769231)
[5].14 0.306892 (0.00769231)
[5].15 0.306892 (0.00769231)
[5].16 0.306892 (0.0153846)
[5].17 0.306892 (0.0153846)
[5].18 0.306892 (0.0307692)
[5].19 0.306892 (0.0307692)
[5].20 0.306892 (0.0384615)
[5].21 0.306892 (0.0461538)
[5].22 0.306892 (0.0461538)
[5].23 0.306892 (0.0461538)
[5].24 0.306892 (0.0461538)
[5].25 0.306892 (0.0538462)
[5].26 0.306892 (0.0615385)
[5].27 0.306892 (0.0769231)
[5].28 0.306892 (0.0846154)
[5].29 0 (0.00769231)

##### CONVERGE ##### Wed Jul 24 21:58:38 2019

Elapsed time: 4 seconds
Total loop: 29 generations

Result (Solution) : 0

44 10 1 50 4 49 51 25 24 5 48 26 19 36 35 28 3 41 29 9 52 22 7 54 30 14 47 53 13 39 33 18 17 37 23 8 46 20 11 40 2 32 34 21 31 43 16 12 45 27 38 6 15 42 

 44 10 1 50 4 49	 => 158
 51 49 4 25 24 5	 => 158
 48 5 24 26 19 36	 => 158
 1 35 28 3 41 50	 => 158
 4 50 41 29 9 25	 => 158
 24 25 9 52 22 26	 => 158
 19 26 22 7 54 30	 => 158
 28 14 47 53 13 3	 => 158
 41 3 13 39 33 29	 => 158
 9 29 33 18 17 52	 => 158
 22 52 17 37 23 7	 => 158
 54 7 23 8 46 20	 => 158
 13 53 11 40 2 39	 => 158
 33 39 2 32 34 18	 => 158
 17 18 34 21 31 37	 => 158
 23 37 31 43 16 8	 => 158
 2 40 12 45 27 32	 => 158
 34 32 27 38 6 21	 => 158
 31 21 6 15 42 43	 => 158


===================[TEST 6]===================

##### START ##### Wed Jul 24 21:58:38 2019


[6].1 0.364642 (0.00769231)
[6].2 0.364642 (0.0153846)
[6].3 0.364642 (0.0153846)
[6].4 0.364642 (0.0153846)
[6].5 0.364642 (0.0307692)
[6].6 0.364642 (0.0307692)
[6].7 0.364642 (0.0307692)
[6].8 0.364642 (0.0307692)
[6].9 0.364642 (0.0307692)
[6].10 0.364642 (0.0461538)
[6].11 0.364642 (0.0538462)
[6].12 0.364642 (0.0615385)
[6].13 0.364642 (0.0692308)
[6].14 0.364642 (0.0923077)
[6].15 0.364642 (0.0923077)
[6].16 0.364642 (0.1)
[6].17 0.306892 (0.00769231)
[6].18 0.306892 (0.00769231)
[6].19 0.306892 (0.00769231)
[6].20 0.306892 (0.00769231)
[6].21 0.306892 (0.00769231)
[6].22 0.306892 (0.00769231)
[6].23 0.306892 (0.00769231)
[6].24 0.306892 (0.00769231)
[6].25 0.306892 (0.00769231)
[6].26 0.306892 (0.00769231)
[6].27 0.306892 (0.00769231)
[6].28 0.306892 (0.00769231)
[6].29 0.306892 (0.00769231)
[6].30 0.306892 (0.00769231)
[6].31 0.306892 (0.00769231)
[6].32 0.306892 (0.00769231)
[6].33 0.306892 (0.00769231)
[6].34 0.306892 (0.00769231)
[6].35 0.306892 (0.00769231)
[6].36 0.306892 (0.00769231)
[6].37 0.306892 (0.00769231)
[6].38 0.306892 (0.00769231)
[6].39 0.306892 (0.00769231)
[6].40 0.306892 (0.00769231)
[6].41 0.306892 (0.00769231)
[6].42 0.306892 (0.00769231)
[6].43 0.306892 (0.00769231)
[6].44 0.306892 (0.00769231)
[6].45 0.306892 (0.00769231)
[6].46 0.306892 (0.00769231)
[6].47 0.306892 (0.00769231)
[6].48 0.306892 (0.00769231)
[6].49 0.306892 (0.00769231)
[6].50 0.306892 (0.00769231)
[6].51 0.306892 (0.00769231)
[6].52 0.306892 (0.00769231)
[6].53 0.306892 (0.00769231)
[6].54 0.306892 (0.00769231)
[6].55 0.306892 (0.00769231)
[6].56 0.306892 (0.00769231)
[6].57 0.306892 (0.00769231)
[6].58 0.306892 (0.0153846)
[6].59 0.306892 (0.0153846)
[6].60 0.306892 (0.0153846)
[6].61 0.306892 (0.0230769)
[6].62 0.306892 (0.0307692)
[6].63 0.306892 (0.0384615)
[6].64 0.306892 (0.0384615)
[6].65 0.306892 (0.0384615)
[6].66 0.306892 (0.0461538)
[6].67 0.306892 (0.0461538)
[6].68 0.306892 (0.0461538)
[6].69 0.306892 (0.0538462)
[6].70 0.306892 (0.0615385)
[6].71 0.306892 (0.0769231)
[6].72 0.306892 (0.1)
[6].73 0.306892 (0.107692)
[6].74 0.306892 (0.123077)
[6].75 0.306892 (0.153846)
[6].76 0.306892 (0.176923)
[6].77 0.306892 (0.215385)
[6].78 0.306892 (0.261538)
[6].79 0.306892 (0.323077)
[6].80 0.306892 (0.392308)
[6].81 0.306892 (0.507692)
[6].82 0.306892 (0.653846)
[6].83 0.306892 (0.753846)
[6].84 0.306892 (0.853846)
[6].85 0.306892 (0.938462)
[6].86 0.306892 (0.984615)
[6].87 0.306892 (0.992308)
[6].87 <OVER CONVERGE RATE>: stop index=1
[6].88 0.306892 (1)
[6].88 <OVER CONVERGE RATE>: stop index=2
[6].89 0.306892 (1)
[6].89 <OVER CONVERGE RATE>: stop index=3
[6].90 0.306892 (1)
[6].90 <OVER CONVERGE RATE>: stop index=4
[6].91 0.306892 (1)
[6].91 <OVER CONVERGE RATE>: stop index=5

##### CONVERGE ##### Wed Jul 24 21:58:50 2019

Elapsed time: 12 seconds
Total loop: 91 generations

Result : 0.306892

8 38 51 11 34 24 6 49 28 25 5 13 41 54 40 1 45 18 17 37 35 4 12 44 52 7 50 30 33 21 32 3 42 27 46 26 15 23 53 10 19 47 43 29 22 36 9 20 39 31 2 14 48 16 

 8 38 51 11 34 24	 => 166
 6 24 34 49 28 25	 => 166
 5 25 28 13 41 54	 => 166
 51 40 1 45 18 11	 => 166
 34 11 18 17 37 49	 => 166
 28 49 37 35 4 13	 => 166
 41 13 4 12 44 52	 => 166
 1 7 50 30 33 45	 => 166
 18 45 33 21 32 17	 => 166
 37 17 32 3 42 35	 => 166
 4 35 42 27 46 12	 => 166
 44 12 46 26 15 23	 => 166
 33 30 53 10 19 21	 => 166
 32 21 19 47 43 3	 => 165
 42 3 43 29 22 27	 => 166
 46 27 22 36 9 26	 => 166
 19 10 20 39 31 47	 => 166
 43 47 31 2 14 29	 => 166
 22 29 14 48 16 36	 => 165


===================[TEST 7]===================

##### START ##### Wed Jul 24 21:58:50 2019


[7].1 0.407682 (0.00769231)
[7].2 0.407682 (0.00769231)
[7].3 0.407682 (0.0230769)
[7].4 0.407682 (0.0230769)
[7].5 0.393859 (0.00769231)
[7].6 0.364642 (0.00769231)
[7].7 0.364642 (0.00769231)
[7].8 0.364642 (0.00769231)
[7].9 0.364642 (0.00769231)
[7].10 0.364642 (0.00769231)
[7].11 0.364642 (0.00769231)
[7].12 0.364642 (0.00769231)
[7].13 0.364642 (0.0153846)
[7].14 0.306892 (0.00769231)
[7].15 0.306892 (0.00769231)
[7].16 0.306892 (0.00769231)
[7].17 0.306892 (0.00769231)
[7].18 0.306892 (0.00769231)
[7].19 0.306892 (0.00769231)
[7].20 0.306892 (0.00769231)
[7].21 0.306892 (0.0153846)
[7].22 0.306892 (0.0153846)
[7].23 0.306892 (0.0153846)
[7].24 0.306892 (0.0153846)
[7].25 0.306892 (0.0153846)
[7].26 0.306892 (0.0153846)
[7].27 0.306892 (0.0153846)
[7].28 0.223297 (0.00769231)
[7].29 0.223297 (0.00769231)
[7].30 0.223297 (0.00769231)
[7].31 0.223297 (0.00769231)
[7].32 0.223297 (0.00769231)
[7].33 0.223297 (0.00769231)
[7].34 0.223297 (0.00769231)
[7].35 0.223297 (0.00769231)
[7].36 0.223297 (0.00769231)
[7].37 0.223297 (0.0153846)
[7].38 0.223297 (0.0230769)
[7].39 0.223297 (0.0307692)
[7].40 0.223297 (0.0307692)
[7].41 0.223297 (0.0307692)
[7].42 0.223297 (0.0307692)
[7].43 0.223297 (0.0461538)
[7].44 0.223297 (0.0461538)
[7].45 0.223297 (0.0461538)
[7].46 0.223297 (0.0538462)
[7].47 0.223297 (0.0538462)
[7].48 0.223297 (0.0692308)
[7].49 0.223297 (0.0769231)
[7].50 0.223297 (0.1)
[7].51 0.223297 (0.1)
[7].52 0.223297 (0.123077)
[7].53 0.223297 (0.138462)
[7].54 0.223297 (0.169231)
[7].55 0.223297 (0.207692)
[7].56 0.223297 (0.230769)
[7].57 0.223297 (0.292308)
[7].58 0.223297 (0.353846)
[7].59 0.223297 (0.453846)
[7].60 0.223297 (0.561538)
[7].61 0.223297 (0.676923)
[7].62 0.223297 (0.769231)
[7].63 0.223297 (0.853846)
[7].64 0.223297 (0.907692)
[7].65 0.223297 (0.992308)
[7].65 <OVER CONVERGE RATE>: stop index=1
[7].66 0.223297 (1)
[7].66 <OVER CONVERGE RATE>: stop index=2
[7].67 0.223297 (1)
[7].67 <OVER CONVERGE RATE>: stop index=3
[7].68 0.223297 (1)
[7].68 <OVER CONVERGE RATE>: stop index=4
[7].69 0.223297 (1)
[7].69 <OVER CONVERGE RATE>: stop index=5

##### CONVERGE ##### Wed Jul 24 21:59:08 2019

Elapsed time: 18 seconds
Total loop: 69 generations

Result : 0.223297

25 31 18 43 23 20 8 15 45 49 16 44 2 4 12 14 19 54 3 22 24 10 46 6 52 40 30 28 29 21 34 41 36 39 5 11 50 42 37 7 38 9 17 26 1 51 53 27 32 47 48 13 33 35 

 25 31 18 43 23 20	 => 160
 8 20 23 15 45 49	 => 160
 16 49 45 44 2 4	 => 160
 18 12 14 19 54 43	 => 160
 23 43 54 3 22 15	 => 160
 45 15 22 24 10 44	 => 160
 2 44 10 46 6 52	 => 160
 14 40 30 28 29 19	 => 160
 54 19 29 21 34 3	 => 160
 22 3 34 41 36 24	 => 160
 10 24 36 39 5 46	 => 160
 6 46 5 11 50 42	 => 160
 29 28 37 7 38 21	 => 160
 34 21 38 9 17 41	 => 160
 36 41 17 26 1 39	 => 160
 5 39 1 51 53 11	 => 160
 38 7 27 32 47 9	 => 160
 17 9 47 48 13 26	 => 160
 1 26 13 33 35 51	 => 159


===================[TEST 8]===================

##### START ##### Wed Jul 24 21:59:08 2019


[8].1 0.407682 (0.00769231)
[8].2 0.393859 (0.00769231)
[8].3 0.393859 (0.00769231)
[8].4 0.393859 (0.00769231)
[8].5 0.393859 (0.00769231)
[8].6 0.393859 (0.00769231)
[8].7 0.393859 (0.00769231)
[8].8 0.393859 (0.00769231)
[8].9 0.393859 (0.00769231)
[8].10 0.393859 (0.00769231)
[8].11 0.306892 (0.00769231)
[8].12 0.306892 (0.00769231)
[8].13 0.306892 (0.00769231)
[8].14 0.306892 (0.00769231)
[8].15 0.306892 (0.00769231)
[8].16 0.306892 (0.00769231)
[8].17 0.306892 (0.0153846)
[8].18 0.306892 (0.0153846)
[8].19 0.306892 (0.0230769)
[8].20 0.306892 (0.0307692)
[8].21 0.306892 (0.0307692)
[8].22 0.306892 (0.0307692)
[8].23 0.306892 (0.0384615)
[8].24 0.306892 (0.0461538)
[8].25 0.306892 (0.0538462)
[8].26 0.306892 (0.0538462)
[8].27 0.306892 (0.0538462)
[8].28 0.306892 (0.0538462)
[8].29 0.306892 (0.0538462)
[8].30 0.306892 (0.0538462)
[8].31 0.306892 (0.0538462)
[8].32 0.306892 (0.0538462)
[8].33 0.306892 (0.0615385)
[8].34 0.306892 (0.0615385)
[8].35 0.306892 (0.0615385)
[8].36 0.306892 (0.0615385)
[8].37 0.306892 (0.0615385)
[8].38 0.306892 (0.0692308)
[8].39 0.306892 (0.0692308)
[8].40 0.306892 (0.0769231)
[8].41 0.306892 (0.0923077)
[8].42 0.306892 (0.0923077)
[8].43 0.306892 (0.115385)
[8].44 0.306892 (0.115385)
[8].45 0.306892 (0.130769)
[8].46 0.306892 (0.130769)
[8].47 0.306892 (0.146154)
[8].48 0.306892 (0.169231)
[8].49 0.306892 (0.184615)
[8].50 0.306892 (0.2)
[8].51 0.306892 (0.246154)
[8].52 0.306892 (0.315385)
[8].53 0.306892 (0.361538)
[8].54 0.306892 (0.415385)
[8].55 0.306892 (0.507692)
[8].56 0.306892 (0.615385)
[8].57 0.223297 (0.00769231)
[8].58 0.223297 (0.00769231)
[8].59 0.223297 (0.0153846)
[8].60 0.223297 (0.0153846)
[8].61 0.223297 (0.0230769)
[8].62 0.223297 (0.0230769)
[8].63 0.223297 (0.0230769)
[8].64 0.223297 (0.0461538)
[8].65 0.223297 (0.0615385)
[8].66 0.223297 (0.138462)
[8].67 0.223297 (0.276923)
[8].68 0.223297 (0.461538)
[8].69 0.223297 (0.669231)
[8].70 0.223297 (0.807692)
[8].71 0.223297 (0.884615)
[8].72 0.223297 (0.938462)
[8].73 0.223297 (0.992308)
[8].73 <OVER CONVERGE RATE>: stop index=1
[8].74 0.223297 (0.992308)
[8].74 <OVER CONVERGE RATE>: stop index=2
[8].75 0.223297 (0.992308)
[8].75 <OVER CONVERGE RATE>: stop index=3
[8].76 0.223297 (1)
[8].76 <OVER CONVERGE RATE>: stop index=4
[8].77 0.223297 (1)
[8].77 <OVER CONVERGE RATE>: stop index=5

##### CONVERGE ##### Wed Jul 24 21:59:18 2019

Elapsed time: 10 seconds
Total loop: 77 generations

Result : 0.223297

23 6 46 11 52 37 2 5 31 48 35 28 25 8 22 12 34 50 3 54 13 44 10 51 17 53 32 15 29 19 40 26 39 24 45 47 21 1 42 27 43 38 9 41 36 16 7 33 14 20 18 49 4 30 

 23 6 46 11 52 37	 => 175
 2 37 52 5 31 48	 => 175
 35 48 31 28 25 8	 => 175
 46 22 12 34 50 11	 => 175
 52 11 50 3 54 5	 => 175
 31 5 54 13 44 28	 => 175
 25 28 44 10 51 17	 => 175
 12 53 32 15 29 34	 => 175
 50 34 29 19 40 3	 => 175
 54 3 40 26 39 13	 => 175
 44 13 39 24 45 10	 => 175
 51 10 45 47 21 1	 => 175
 29 15 42 27 43 19	 => 175
 40 19 43 38 9 26	 => 175
 39 26 9 41 36 24	 => 175
 45 24 36 16 7 47	 => 175
 43 27 33 14 20 38	 => 175
 9 38 20 18 49 41	 => 175
 36 41 49 4 30 16	 => 176


===================[TEST 9]===================

##### START ##### Wed Jul 24 21:59:18 2019


[9].1 0.393859 (0.00769231)
[9].2 0.393859 (0.00769231)
[9].3 0.393859 (0.00769231)
[9].4 0.393859 (0.00769231)
[9].5 0.393859 (0.00769231)
[9].6 0.393859 (0.00769231)
[9].7 0.393859 (0.00769231)
[9].8 0.393859 (0.00769231)
[9].9 0.324443 (0.00769231)
[9].10 0.324443 (0.00769231)
[9].11 0.324443 (0.00769231)
[9].12 0.324443 (0.00769231)
[9].13 0.324443 (0.00769231)
[9].14 0.324443 (0.00769231)
[9].15 0.306892 (0.00769231)
[9].16 0.306892 (0.00769231)
[9].17 0.306892 (0.00769231)
[9].18 0.306892 (0.00769231)
[9].19 0.306892 (0.00769231)
[9].20 0.306892 (0.00769231)
[9].21 0.306892 (0.00769231)
[9].22 0.306892 (0.0153846)
[9].23 0.306892 (0.0153846)
[9].24 0.306892 (0.0153846)
[9].25 0.306892 (0.0153846)
[9].26 0.306892 (0.0153846)
[9].27 0.223297 (0.00769231)
[9].28 0.223297 (0.00769231)
[9].29 0.223297 (0.00769231)
[9].30 0.223297 (0.00769231)
[9].31 0.223297 (0.00769231)
[9].32 0.223297 (0.00769231)
[9].33 0.223297 (0.00769231)
[9].34 0.223297 (0.00769231)
[9].35 0.223297 (0.00769231)
[9].36 0.223297 (0.00769231)
[9].37 0.223297 (0.00769231)
[9].38 0.223297 (0.00769231)
[9].39 0.223297 (0.00769231)
[9].40 0.223297 (0.00769231)
[9].41 0.223297 (0.00769231)
[9].42 0.223297 (0.00769231)
[9].43 0.223297 (0.00769231)
[9].44 0.223297 (0.00769231)
[9].45 0.223297 (0.0153846)
[9].46 0.223297 (0.0153846)
[9].47 0.223297 (0.0153846)
[9].48 0.223297 (0.0153846)
[9].49 0.223297 (0.0153846)
[9].50 0.223297 (0.0153846)
[9].51 0 (0.00769231)

##### CONVERGE ##### Wed Jul 24 21:59:25 2019

Elapsed time: 7 seconds
Total loop: 51 generations

Result (Solution) : 0

4 46 52 34 22 10 49 30 33 24 23 39 6 43 3 15 20 44 37 1 51 14 9 53 47 54 8 45 26 29 12 48 19 25 50 16 13 27 21 40 7 41 31 17 28 38 11 36 2 42 5 32 18 35 

 4 46 52 34 22 10	 => 168
 49 10 22 30 33 24	 => 168
 23 24 33 39 6 43	 => 168
 52 3 15 20 44 34	 => 168
 22 34 44 37 1 30	 => 168
 33 30 1 51 14 39	 => 168
 6 39 14 9 53 47	 => 168
 15 54 8 45 26 20	 => 168
 44 20 26 29 12 37	 => 168
 1 37 12 48 19 51	 => 168
 14 51 19 25 50 9	 => 168
 53 9 50 16 13 27	 => 168
 26 45 21 40 7 29	 => 168
 12 29 7 41 31 48	 => 168
 19 48 31 17 28 25	 => 168
 50 25 28 38 11 16	 => 168
 7 40 36 2 42 41	 => 168
 31 41 42 5 32 17	 => 168
 28 17 32 18 35 38	 => 168


===================[TEST 10]===================

##### START ##### Wed Jul 24 21:59:25 2019


[10].1 0.407682 (0.00769231)
[10].2 0.407682 (0.00769231)
[10].3 0.407682 (0.00769231)
[10].4 0.407682 (0.00769231)
[10].5 0.407682 (0.00769231)
[10].6 0.393859 (0.00769231)
[10].7 0.393859 (0.00769231)
[10].8 0.364642 (0.0153846)
[10].9 0.364642 (0.0153846)
[10].10 0.364642 (0.0153846)
[10].11 0.306892 (0.00769231)
[10].12 0.306892 (0.00769231)
[10].13 0.306892 (0.00769231)
[10].14 0.306892 (0.00769231)
[10].15 0.306892 (0.00769231)
[10].16 0.306892 (0.00769231)
[10].17 0.306892 (0.00769231)
[10].18 0.306892 (0.00769231)
[10].19 0.306892 (0.00769231)
[10].20 0.306892 (0.0153846)
[10].21 0.306892 (0.0153846)
[10].22 0.306892 (0.00769231)
[10].23 0.306892 (0.00769231)
[10].24 0.306892 (0.00769231)
[10].25 0.306892 (0.00769231)
[10].26 0.306892 (0.00769231)
