****************** GA TEST *******************

total test#:			 10
hexa min width:			 3
hexa max width:			 5
hexa count:			 19
number count:			 54
population size:		 90
generation size:		 12

tournament winner p:		 1
do xover p:			 1
xover:				 2points
do mutation1 p:			 0.1
mutation1 p:			 0.05
do optimize p:			 1
local optimize count:		 6000
do deep better optimize p:	 1
do deep worse optimize p:	 0
do spin p:			 0
spin count:			 1000
do spin apply p:		 1
do mutation2 p:			 0.12
mutation2 p:			 0.08
force mutation2:		 0
replace bad p:			 0.195

converge rate p:		 0.99
converge count:			 1

**********************************************


===================[TEST 1]===================

##### START ##### Thu May 15 17:35:16 2003



##### CONVERGE ##### Thu May 15 17:38:17 2003

Elapsed time: 181 seconds
Total loop: 270 generations

Result : 187.85

2 11 44 50 51 32 19 15 52 21 5 49 47 16 4 25 54 13 38 23 31 20 40 33 1 6 24 46 35 22 28 41 29 17 53 30 27 7 3 36 48 34 18 42 43 39 8 10 26 37 14 45 9 12 

 2 11 44 50 51 32	 => 190
 19 32 51 15 52 21	 => 190
 5 21 52 49 47 16	 => 190
 44 4 25 54 13 50	 => 190
 51 50 13 38 23 15	 => 190
 52 15 23 31 20 49	 => 190
 47 49 20 40 33 1	 => 190
 25 6 24 46 35 54	 => 190
 13 54 35 22 28 38	 => 190
 23 38 28 41 29 31	 => 190
 20 31 29 17 53 40	 => 190
 33 40 53 30 27 7	 => 190
 35 46 3 36 48 22	 => 190
 28 22 48 34 18 41	 => 191
 29 41 18 42 43 17	 => 190
 53 17 43 39 8 30	 => 190
 48 36 10 26 37 34	 => 191
 18 34 37 14 45 42	 => 190
 43 42 45 9 12 39	 => 190


===================[TEST 2]===================

##### START ##### Thu May 15 17:38:17 2003



##### CONVERGE ##### Thu May 15 17:40:36 2003

Elapsed time: 139 seconds
Total loop: 211 generations

Result : 185.794

4 24 27 34 54 46 7 9 25 47 1 52 41 22 13 45 39 31 19 42 43 18 50 26 2 6 11 36 51 20 29 44 12 28 38 30 23 21 10 37 35 53 8 49 48 40 5 15 16 33 14 32 3 17 

 4 24 27 34 54 46	 => 189
 7 46 54 9 25 47	 => 188
 1 47 25 52 41 22	 => 188
 27 13 45 39 31 34	 => 189
 54 34 31 19 42 9	 => 189
 25 9 42 43 18 52	 => 189
 41 52 18 50 26 2	 => 189
 45 6 11 36 51 39	 => 188
 31 39 51 20 29 19	 => 189
 42 19 29 44 12 43	 => 189
 18 43 12 28 38 50	 => 189
 26 50 38 30 23 21	 => 188
 51 36 10 37 35 20	 => 189
 29 20 35 53 8 44	 => 189
 12 44 8 49 48 28	 => 189
 38 28 48 40 5 30	 => 189
 35 37 15 16 33 53	 => 189
 8 53 33 14 32 49	 => 189
 48 49 32 3 17 40	 => 189


===================[TEST 3]===================

##### START ##### Thu May 15 17:40:36 2003



##### CONVERGE ##### Thu May 15 17:44:34 2003

Elapsed time: 238 seconds
Total loop: 361 generations

Result : 186.412

6 29 26 34 39 54 5 31 32 27 12 53 36 28 24 46 38 20 50 14 40 19 52 25 3 16 2 35 51 8 21 48 15 17 45 42 1 23 9 41 44 49 18 47 43 30 11 7 10 37 4 33 22 13 

 6 29 26 34 39 54	 => 188
 5 54 39 31 32 27	 => 188
 12 27 32 53 36 28	 => 188
 26 24 46 38 20 34	 => 188
 39 34 20 50 14 31	 => 188
 32 31 14 40 19 53	 => 189
 36 53 19 52 25 3	 => 188
 46 16 2 35 51 38	 => 188
 20 38 51 8 21 50	 => 188
 14 50 21 48 15 40	 => 188
 19 40 15 17 45 52	 => 188
 25 52 45 42 1 23	 => 188
 51 35 9 41 44 8	 => 188
 21 8 44 49 18 48	 => 188
 15 48 18 47 43 17	 => 188
 45 17 43 30 11 42	 => 188
 44 41 7 10 37 49	 => 188
 18 49 37 4 33 47	 => 188
 43 47 33 22 13 30	 => 188


===================[TEST 4]===================

##### START ##### Thu May 15 17:44:34 2003



##### CONVERGE ##### Thu May 15 17:47:31 2003

Elapsed time: 177 seconds
Total loop: 269 generations

Result : 188.306

10 14 33 44 52 36 1 12 48 41 5 43 47 6 2 28 54 29 22 31 38 18 39 34 9 7 19 40 42 20 23 46 30 15 50 53 11 3 4 49 35 45 21 51 27 37 8 13 16 32 17 24 26 25 

 10 14 33 44 52 36	 => 189
 1 36 52 12 48 41	 => 190
 5 41 48 43 47 6	 => 190
 33 2 28 54 29 44	 => 190
 52 44 29 22 31 12	 => 190
 48 12 31 38 18 43	 => 190
 47 43 18 39 34 9	 => 190
 28 7 19 40 42 54	 => 190
 29 54 42 20 23 22	 => 190
 31 22 23 46 30 38	 => 190
 18 38 30 15 50 39	 => 190
 34 39 50 53 11 3	 => 190
 42 40 4 49 35 20	 => 190
 23 20 35 45 21 46	 => 190
 30 46 21 51 27 15	 => 190
 50 15 27 37 8 53	 => 190
 35 49 13 16 32 45	 => 190
 21 45 32 17 24 51	 => 190
 27 51 24 26 25 37	 => 190


===================[TEST 5]===================

##### START ##### Thu May 15 17:47:31 2003



##### CONVERGE ##### Thu May 15 17:50:42 2003

Elapsed time: 191 seconds
Total loop: 277 generations

Result : 186.268

15 13 45 39 48 30 3 22 52 35 11 54 33 5 2 31 46 26 37 18 20 24 25 43 10 1 23 47 41 12 28 38 49 21 51 40 27 4 6 34 50 53 8 42 32 36 9 7 16 29 14 44 19 17 

 15 13 45 39 48 30	 => 190
 3 30 48 22 52 35	 => 190
 11 35 52 54 33 5	 => 190
 45 2 31 46 26 39	 => 189
 48 39 26 37 18 22	 => 190
 52 22 18 20 24 54	 => 190
 33 54 24 25 43 10	 => 189
 31 1 23 47 41 46	 => 189
 26 46 41 12 28 37	 => 190
 18 37 28 38 49 20	 => 190
 24 20 49 21 51 25	 => 190
 43 25 51 40 27 4	 => 190
 41 47 6 34 50 12	 => 190
 28 12 50 53 8 38	 => 189
 49 38 8 42 32 21	 => 190
 51 21 32 36 9 40	 => 189
 50 34 7 16 29 53	 => 189
 8 53 29 14 44 42	 => 190
 32 42 44 19 17 36	 => 190


===================[TEST 6]===================

##### START ##### Thu May 15 17:50:42 2003



##### CONVERGE ##### Thu May 15 17:54:13 2003

Elapsed time: 211 seconds
Total loop: 306 generations

Result : 187.64

2 20 29 48 49 42 11 3 53 32 16 44 27 18 7 35 47 24 36 30 38 22 46 34 17 5 28 33 41 23 19 45 21 9 54 43 12 1 14 40 39 51 13 52 50 26 8 25 4 31 6 37 15 10 

 2 20 29 48 49 42	 => 190
 11 42 49 3 53 32	 => 190
 16 32 53 44 27 18	 => 190
 29 7 35 47 24 48	 => 190
 49 48 24 36 30 3	 => 190
 53 3 30 38 22 44	 => 190
 27 44 22 46 34 17	 => 190
 35 5 28 33 41 47	 => 189
 24 47 41 23 19 36	 => 190
 30 36 19 45 21 38	 => 189
 22 38 21 9 54 46	 => 190
 34 46 54 43 12 1	 => 190
 41 33 14 40 39 23	 => 190
 19 23 39 51 13 45	 => 190
 21 45 13 52 50 9	 => 190
 54 9 50 26 8 43	 => 190
 39 40 25 4 31 51	 => 190
 13 51 31 6 37 52	 => 190
 50 52 37 15 10 26	 => 190


===================[TEST 7]===================

##### START ##### Thu May 15 17:54:13 2003



##### CONVERGE ##### Thu May 15 17:56:57 2003

Elapsed time: 164 seconds
Total loop: 206 generations

Result : 186.85

9 29 26 44 38 43 5 30 36 37 1 51 47 17 4 53 49 14 41 22 48 3 42 39 7 27 2 24 34 20 31 28 19 25 52 23 15 18 12 45 54 35 21 50 46 32 11 6 16 33 10 40 8 13 

 9 29 26 44 38 43	 => 189
 5 43 38 30 36 37	 => 189
 1 37 36 51 47 17	 => 189
 26 4 53 49 14 44	 => 190
 38 44 14 41 22 30	 => 189
 36 30 22 48 3 51	 => 190
 47 51 3 42 39 7	 => 189
 53 27 2 24 34 49	 => 189
 14 49 34 20 31 41	 => 189
 22 41 31 28 19 48	 => 189
 3 48 19 25 52 42	 => 189
 39 42 52 23 15 18	 => 189
 34 24 12 45 54 20	 => 189
 31 20 54 35 21 28	 => 189
 19 28 21 50 46 25	 => 189
 52 25 46 32 11 23	 => 189
 54 45 6 16 33 35	 => 189
 21 35 33 10 40 50	 => 189
 46 50 40 8 13 32	 => 189


===================[TEST 8]===================

##### START ##### Thu May 15 17:56:57 2003



##### CONVERGE ##### Thu May 15 18:00:06 2003

Elapsed time: 189 seconds
Total loop: 253 generations

Result : 187.64

6 20 21 48 42 53 2 19 45 29 10 54 40 12 16 36 44 25 26 30 34 8 46 32 9 18 13 28 51 17 27 38 35 14 52 24 5 31 3 41 50 43 15 39 49 47 4 1 22 33 23 37 7 11 

 6 20 21 48 42 53	 => 190
 2 53 42 19 45 29	 => 190
 10 29 45 54 40 12	 => 190
 21 16 36 44 25 48	 => 190
 42 48 25 26 30 19	 => 190
 45 19 30 34 8 54	 => 190
 40 54 8 46 32 9	 => 189
 36 18 13 28 51 44	 => 190
 25 44 51 17 27 26	 => 190
 30 26 27 38 35 34	 => 190
 8 34 35 14 52 46	 => 189
 32 46 52 24 5 31	 => 190
 51 28 3 41 50 17	 => 190
 27 17 50 43 15 38	 => 190
 35 38 15 39 49 14	 => 190
 52 14 49 47 4 24	 => 190
 50 41 1 22 33 43	 => 190
 15 43 33 23 37 39	 => 190
 49 39 37 7 11 47	 => 190


===================[TEST 9]===================

##### START ##### Thu May 15 18:00:06 2003



##### CONVERGE ##### Thu May 15 18:02:32 2003

Elapsed time: 146 seconds
Total loop: 195 generations

Result : 187.64

18 11 28 49 37 47 10 21 50 25 14 48 32 20 2 53 36 22 35 26 16 29 27 51 3 7 4 44 46 17 34 33 45 19 54 43 9 6 12 30 41 52 13 38 42 31 1 5 23 39 8 40 15 24 

 18 11 28 49 37 47	 => 190
 10 47 37 21 50 25	 => 190
 14 25 50 48 32 20	 => 189
 28 2 53 36 22 49	 => 190
 37 49 22 35 26 21	 => 190
 50 21 26 16 29 48	 => 190
 32 48 29 27 51 3	 => 190
 53 7 4 44 46 36	 => 190
 22 36 46 17 34 35	 => 190
 26 35 34 33 45 16	 => 189
 29 16 45 19 54 27	 => 190
 51 27 54 43 9 6	 => 190
 46 44 12 30 41 17	 => 190
 34 17 41 52 13 33	 => 190
 45 33 13 38 42 19	 => 190
 54 19 42 31 1 43	 => 190
 41 30 5 23 39 52	 => 190
 13 52 39 8 40 38	 => 190
 42 38 40 15 24 31	 => 190


===================[TEST 10]===================

##### START ##### Thu May 15 18:02:32 2003



##### CONVERGE ##### Thu May 15 18:05:32 2003

Elapsed time: 180 seconds
Total loop: 233 generations

Result : 186.478

4 23 34 51 50 27 10 16 54 32 7 42 43 11 12 35 48 9 26 38 22 18 45 33 8 5 24 30 47 15 44 13 46 6 53 40 1 17 21 39 37 49 31 41 52 36 2 20 19 25 14 29 3 28 

 4 23 34 51 50 27	 => 189
 10 27 50 16 54 32	 => 189
 7 32 54 42 43 11	 => 189
 34 12 35 48 9 51	 => 189
 50 51 9 26 38 16	 => 190
 54 16 38 22 18 42	 => 190
 43 42 18 45 33 8	 => 189
 35 5 24 30 47 48	 => 189
 9 48 47 15 44 26	 => 189
 38 26 44 13 46 22	 => 189
 18 22 46 6 53 45	 => 190
 33 45 53 40 1 17	 => 189
 47 30 21 39 37 15	 => 189
 44 15 37 49 31 13	 => 189
 46 13 31 41 52 6	 => 189
 53 6 52 36 2 40	 => 189
 37 39 20 19 25 49	 => 189
 31 49 25 14 29 41	 => 189
 52 41 29 3 28 36	 => 189



test#	fitness		sum		time
---------------------------------------------------
1	187.85				181
2	185.794				139
3	186.412				238
4	188.306				177
5	186.268				191
6	187.64				211
7	186.85				164
8	187.64				189
9	187.64				146
10	186.478				180


---------------------------------------------------
Best fitness      : 188.306 ( test# 4)
Shortest time     : 139 ( test# 2)

Average fitness   : 187.088
Average time      : 181.6
