****************** GA TEST *******************

total test#:			 10
hexa min width:			 3
hexa max width:			 5
hexa count:			 19
number count:			 54
population size:		 90
generation size:		 30

tournament winner p:		 1
do xover p:			 1
xover:				 2points
do mutation1 p:			 0.1
mutation1 p:			 0.05
do optimize p:			 1
local optimize count:		 6000
do deep better optimize p:	 1
do deep worse optimize p:	 0
do spin p:			 0
spin count:			 1000
do spin apply p:		 1
do mutation2 p:			 0.12
mutation2 p:			 0.08
force mutation2:		 0
replace bad p:			 0.195

converge rate p:		 0.99
converge count:			 1

**********************************************


===================[TEST 1]===================

##### START ##### Fri May 16 04:56:37 2003



##### CONVERGE ##### Fri May 16 04:59:55 2003

Elapsed time: 198 seconds
Total loop: 123 generations

Result : 186.412

12 5 54 49 47 22 1 24 52 42 7 45 33 9 3 32 34 16 38 14 36 17 41 31 21 13 20 43 46 25 29 18 53 2 39 51 11 15 10 27 37 44 35 30 50 40 6 28 4 48 8 23 19 26 

 12 5 54 49 47 22	 => 189
 1 22 47 24 52 42	 => 188
 7 42 52 45 33 9	 => 188
 54 3 32 34 16 49	 => 188
 47 49 16 38 14 24	 => 188
 52 24 14 36 17 45	 => 188
 33 45 17 41 31 21	 => 188
 32 13 20 43 46 34	 => 188
 16 34 46 25 29 38	 => 188
 14 38 29 18 53 36	 => 188
 17 36 53 2 39 41	 => 188
 31 41 39 51 11 15	 => 188
 46 43 10 27 37 25	 => 188
 29 25 37 44 35 18	 => 188
 53 18 35 30 50 2	 => 188
 39 2 50 40 6 51	 => 188
 37 27 28 4 48 44	 => 188
 35 44 48 8 23 30	 => 188
 50 30 23 19 26 40	 => 188


===================[TEST 2]===================

##### START ##### Fri May 16 04:59:55 2003



##### CONVERGE ##### Fri May 16 05:03:28 2003

Elapsed time: 213 seconds
Total loop: 132 generations

Result : 187.501

18 7 25 53 51 36 6 14 52 32 15 46 37 9 13 48 40 12 34 27 31 21 41 45 1 3 17 38 44 26 35 30 33 22 43 42 4 16 5 50 28 49 23 54 29 47 8 19 20 24 2 39 10 11 

 18 7 25 53 51 36	 => 190
 6 36 51 14 52 32	 => 191
 15 32 52 46 37 9	 => 191
 25 13 48 40 12 53	 => 191
 51 53 12 34 27 14	 => 191
 52 14 27 31 21 46	 => 191
 37 46 21 41 45 1	 => 191
 48 3 17 38 44 40	 => 190
 12 40 44 26 35 34	 => 191
 27 34 35 30 33 31	 => 190
 21 31 33 22 43 41	 => 191
 45 41 43 42 4 16	 => 191
 44 38 5 50 28 26	 => 191
 35 26 28 49 23 30	 => 191
 33 30 23 54 29 22	 => 191
 43 22 29 47 8 42	 => 191
 28 50 19 20 24 49	 => 190
 23 49 24 2 39 54	 => 191
 29 54 39 10 11 47	 => 190


===================[TEST 3]===================

##### START ##### Fri May 16 05:03:28 2003



##### CONVERGE ##### Fri May 16 05:07:26 2003

Elapsed time: 238 seconds
Total loop: 148 generations

Result : 187.85

17 16 34 28 44 51 3 20 39 33 13 52 43 10 11 45 49 23 48 27 30 22 46 25 2 4 14 47 32 12 26 24 36 18 38 35 31 15 6 40 53 54 21 41 50 42 7 5 9 29 8 37 19 1 

 17 16 34 28 44 51	 => 190
 3 51 44 20 39 33	 => 190
 13 33 39 52 43 10	 => 190
 34 11 45 49 23 28	 => 190
 44 28 23 48 27 20	 => 190
 39 20 27 30 22 52	 => 190
 43 52 22 46 25 2	 => 190
 45 4 14 47 32 49	 => 191
 23 49 32 12 26 48	 => 190
 27 48 26 24 36 30	 => 191
 22 30 36 18 38 46	 => 190
 25 46 38 35 31 15	 => 190
 32 47 6 40 53 12	 => 190
 26 12 53 54 21 24	 => 190
 36 24 21 41 50 18	 => 190
 38 18 50 42 7 35	 => 190
 53 40 5 9 29 54	 => 190
 21 54 29 8 37 41	 => 190
 50 41 37 19 1 42	 => 190


===================[TEST 4]===================

##### START ##### Fri May 16 05:07:26 2003



##### CONVERGE ##### Fri May 16 05:10:36 2003

Elapsed time: 190 seconds
Total loop: 118 generations

Result : 187.64

10 4 31 54 48 43 14 8 42 35 15 53 41 3 6 50 47 2 33 45 26 16 37 32 11 17 7 20 49 25 34 22 29 30 52 28 23 18 12 38 46 44 19 51 39 40 1 5 21 36 13 27 9 24 

 10 4 31 54 48 43	 => 190
 14 43 48 8 42 35	 => 190
 15 35 42 53 41 3	 => 189
 31 6 50 47 2 54	 => 190
 48 54 2 33 45 8	 => 190
 42 8 45 26 16 53	 => 190
 41 53 16 37 32 11	 => 190
 50 17 7 20 49 47	 => 190
 2 47 49 25 34 33	 => 190
 45 33 34 22 29 26	 => 189
 16 26 29 30 52 37	 => 190
 32 37 52 28 23 18	 => 190
 49 20 12 38 46 25	 => 190
 34 25 46 44 19 22	 => 190
 29 22 19 51 39 30	 => 190
 52 30 39 40 1 28	 => 190
 46 38 5 21 36 44	 => 190
 19 44 36 13 27 51	 => 190
 39 51 27 9 24 40	 => 190


===================[TEST 5]===================

##### START ##### Fri May 16 05:10:36 2003



##### CONVERGE ##### Fri May 16 05:16:06 2003

Elapsed time: 330 seconds
Total loop: 205 generations

Result : 188.163

8 3 48 50 53 28 6 9 54 41 14 52 25 5 2 29 49 13 35 31 27 18 51 30 15 24 10 34 45 23 26 33 38 17 40 42 12 16 1 44 43 46 20 47 36 37 19 22 4 32 7 39 21 11 

 8 3 48 50 53 28	 => 190
 6 28 53 9 54 41	 => 191
 14 41 54 52 25 5	 => 191
 48 2 29 49 13 50	 => 191
 53 50 13 35 31 9	 => 191
 54 9 31 27 18 52	 => 191
 25 52 18 51 30 15	 => 191
 29 24 10 34 45 49	 => 191
 13 49 45 23 26 35	 => 191
 31 35 26 33 38 27	 => 190
 18 27 38 17 40 51	 => 191
 30 51 40 42 12 16	 => 191
 45 34 1 44 43 23	 => 190
 26 23 43 46 20 33	 => 191
 38 33 20 47 36 17	 => 191
 40 17 36 37 19 42	 => 191
 43 44 22 4 32 46	 => 191
 20 46 32 7 39 47	 => 191
 36 47 39 21 11 37	 => 191


===================[TEST 6]===================

##### START ##### Fri May 16 05:16:06 2003



##### CONVERGE ##### Fri May 16 05:18:10 2003

Elapsed time: 124 seconds
Total loop: 77 generations

Result : 186.163

16 13 30 46 37 47 20 8 52 25 10 49 44 9 7 40 38 28 27 43 23 14 45 36 1 15 4 39 53 11 32 31 33 22 51 19 17 21 6 26 54 48 12 41 50 42 5 34 3 24 29 35 18 2 

 16 13 30 46 37 47	 => 189
 20 47 37 8 52 25	 => 189
 10 25 52 49 44 9	 => 189
 30 7 40 38 28 46	 => 189
 37 46 28 27 43 8	 => 189
 52 8 43 23 14 49	 => 189
 44 49 14 45 36 1	 => 189
 40 15 4 39 53 38	 => 189
 28 38 53 11 32 27	 => 189
 43 27 32 31 33 23	 => 189
 14 23 33 22 51 45	 => 188
 36 45 51 19 17 21	 => 189
 53 39 6 26 54 11	 => 189
 32 11 54 48 12 31	 => 188
 33 31 12 41 50 22	 => 189
 51 22 50 42 5 19	 => 189
 54 26 34 3 24 48	 => 189
 12 48 24 29 35 41	 => 189
 50 41 35 18 2 42	 => 188


===================[TEST 7]===================

##### START ##### Fri May 16 05:18:10 2003



##### CONVERGE ##### Fri May 16 05:20:19 2003

Elapsed time: 129 seconds
Total loop: 80 generations

Result : 186.163

13 8 32 50 37 49 2 7 51 43 15 54 16 10 1 33 52 21 27 47 19 11 40 45 23 4 26 42 31 24 34 18 44 22 53 39 6 5 9 36 46 38 29 48 28 35 12 14 25 30 3 41 20 17 

 13 8 32 50 37 49	 => 189
 2 49 37 7 51 43	 => 189
 15 43 51 54 16 10	 => 189
 32 1 33 52 21 50	 => 189
 37 50 21 27 47 7	 => 189
 51 7 47 19 11 54	 => 189
 16 54 11 40 45 23	 => 189
 33 4 26 42 31 52	 => 188
 21 52 31 24 34 27	 => 189
 47 27 34 18 44 19	 => 189
 11 19 44 22 53 40	 => 189
 45 40 53 39 6 5	 => 188
 31 42 9 36 46 24	 => 188
 34 24 46 38 29 18	 => 189
 44 18 29 48 28 22	 => 189
 53 22 28 35 12 39	 => 189
 46 36 14 25 30 38	 => 189
 29 38 30 3 41 48	 => 189
 28 48 41 20 17 35	 => 189


===================[TEST 8]===================

##### START ##### Fri May 16 05:20:19 2003



##### CONVERGE ##### Fri May 16 05:23:45 2003

Elapsed time: 206 seconds
Total loop: 128 generations

Result : 187.412

3 11 52 33 53 37 1 8 50 40 25 45 24 5 7 39 43 15 44 36 32 19 38 47 16 12 2 42 51 14 22 20 35 17 48 34 9 13 10 23 49 54 30 46 41 28 21 6 31 26 4 29 18 27 

 3 11 52 33 53 37	 => 189
 1 37 53 8 50 40	 => 189
 25 40 50 45 24 5	 => 189
 52 7 39 43 15 33	 => 189
 53 33 15 44 36 8	 => 189
 50 8 36 32 19 45	 => 190
 24 45 19 38 47 16	 => 189
 39 12 2 42 51 43	 => 189
 15 43 51 14 22 44	 => 189
 36 44 22 20 35 32	 => 189
 19 32 35 17 48 38	 => 189
 47 38 48 34 9 13	 => 189
 51 42 10 23 49 14	 => 189
 22 14 49 54 30 20	 => 189
 35 20 30 46 41 17	 => 189
 48 17 41 28 21 34	 => 189
 49 23 6 31 26 54	 => 189
 30 54 26 4 29 46	 => 189
 41 46 29 18 27 28	 => 189


===================[TEST 9]===================

##### START ##### Fri May 16 05:23:45 2003



##### CONVERGE ##### Fri May 16 05:26:55 2003

Elapsed time: 190 seconds
Total loop: 118 generations

Result : 188.306

9 11 31 38 47 54 5 18 43 23 22 50 35 17 8 44 53 16 41 30 24 25 49 28 3 13 2 36 42 12 26 37 32 14 46 39 7 21 1 51 48 34 33 29 45 40 6 10 19 27 15 52 4 20 

 9 11 31 38 47 54	 => 190
 5 54 47 18 43 23	 => 190
 22 23 43 50 35 17	 => 190
 31 8 44 53 16 38	 => 190
 47 38 16 41 30 18	 => 190
 43 18 30 24 25 50	 => 190
 35 50 25 49 28 3	 => 190
 44 13 2 36 42 53	 => 190
 16 53 42 12 26 41	 => 190
 30 41 26 37 32 24	 => 190
 25 24 32 14 46 49	 => 190
 28 49 46 39 7 21	 => 190
 42 36 1 51 48 12	 => 190
 26 12 48 34 33 37	 => 190
 32 37 33 29 45 14	 => 190
 46 14 45 40 6 39	 => 190
 48 51 10 19 27 34	 => 189
 33 34 27 15 52 29	 => 190
 45 29 52 4 20 40	 => 190


===================[TEST 10]===================

##### START ##### Fri May 16 05:26:55 2003



##### CONVERGE ##### Fri May 16 05:29:59 2003

Elapsed time: 184 seconds
Total loop: 114 generations

Result : 185.616

12 38 17 54 22 45 6 24 47 44 9 37 48 3 2 53 26 36 23 29 32 19 33 46 5 7 13 39 50 18 35 28 42 21 41 40 20 8 11 27 43 49 15 31 51 34 1 25 14 30 10 52 16 4 

 12 38 17 54 22 45	 => 188
 6 45 22 24 47 44	 => 188
 9 44 47 37 48 3	 => 188
 17 2 53 26 36 54	 => 188
 22 54 36 23 29 24	 => 188
 47 24 29 32 19 37	 => 188
 48 37 19 33 46 5	 => 188
 53 7 13 39 50 26	 => 188
 36 26 50 18 35 23	 => 188
 29 23 35 28 42 32	 => 189
 19 32 42 21 41 33	 => 188
 46 33 41 40 20 8	 => 188
 50 39 11 27 43 18	 => 188
 35 18 43 49 15 28	 => 188
 42 28 15 31 51 21	 => 188
 41 21 51 34 1 40	 => 188
 43 27 25 14 30 49	 => 188
 15 49 30 10 52 31	 => 187
 51 31 52 16 4 34	 => 188



test#	fitness		sum		time
---------------------------------------------------
1	186.412				198
2	187.501				213
3	187.85				238
4	187.64				190
5	188.163				330
6	186.163				124
7	186.163				129
8	187.412				206
9	188.306				190
10	185.616				184


---------------------------------------------------
Best fitness      : 188.306 ( test# 9)
Shortest time     : 124 ( test# 6)

Average fitness   : 187.122
Average time      : 200.2
