****************** GA TEST *******************

total test#:			 10
hexa min width:			 3
hexa max width:			 5
hexa count:			 19
number count:			 54
population size:		 80
generation size:		 12

tournament winner p:		 1
do xover p:			 1
xover:				 2points
do mutation1 p:			 0.1
mutation1 p:			 0.05
do optimize p:			 1
local optimize count:		 6000
do deep better optimize p:	 1
do deep worse optimize p:	 0
do spin p:			 0
spin count:			 1000
do spin apply p:		 1
do mutation2 p:			 0.12
mutation2 p:			 0.08
force mutation2:		 0
replace bad p:			 0.195

converge rate p:		 0.99
converge count:			 1

**********************************************


===================[TEST 1]===================

##### START ##### Thu May 15 17:07:19 2003



##### CONVERGE ##### Thu May 15 17:10:11 2003

Elapsed time: 172 seconds
Total loop: 248 generations

Result : 187.64

10 6 36 45 50 43 7 12 53 25 11 52 28 21 3 39 40 26 34 23 35 15 46 33 16 8 20 38 44 19 27 49 22 18 54 41 2 14 9 32 48 30 17 37 47 29 1 5 24 51 13 42 4 31 

 10 6 36 45 50 43	 => 190
 7 43 50 12 53 25	 => 190
 11 25 53 52 28 21	 => 190
 36 3 39 40 26 45	 => 189
 50 45 26 34 23 12	 => 190
 53 12 23 35 15 52	 => 190
 28 52 15 46 33 16	 => 190
 39 8 20 38 44 40	 => 189
 26 40 44 19 27 34	 => 190
 23 34 27 49 22 35	 => 190
 15 35 22 18 54 46	 => 190
 33 46 54 41 2 14	 => 190
 44 38 9 32 48 19	 => 190
 27 19 48 30 17 49	 => 190
 22 49 17 37 47 18	 => 190
 54 18 47 29 1 41	 => 190
 48 32 5 24 51 30	 => 190
 17 30 51 13 42 37	 => 190
 47 37 42 4 31 29	 => 190


===================[TEST 2]===================

##### START ##### Thu May 15 17:10:11 2003



##### CONVERGE ##### Thu May 15 17:13:26 2003

Elapsed time: 195 seconds
Total loop: 257 generations

Result : 186.794

10 8 28 54 42 48 4 9 47 40 1 50 27 25 3 43 35 26 36 22 49 13 45 41 14 19 16 31 46 23 24 37 21 30 32 52 2 18 12 34 44 51 11 53 38 33 5 7 15 39 6 29 20 17 

 10 8 28 54 42 48	 => 190
 4 48 42 9 47 40	 => 190
 1 40 47 50 27 25	 => 190
 28 3 43 35 26 54	 => 189
 42 54 26 36 22 9	 => 189
 47 9 22 49 13 50	 => 190
 27 50 13 45 41 14	 => 190
 43 19 16 31 46 35	 => 190
 26 35 46 23 24 36	 => 190
 22 36 24 37 21 49	 => 189
 13 49 21 30 32 45	 => 190
 41 45 32 52 2 18	 => 190
 46 31 12 34 44 23	 => 190
 24 23 44 51 11 37	 => 190
 21 37 11 53 38 30	 => 190
 32 30 38 33 5 52	 => 190
 44 34 7 15 39 51	 => 190
 11 51 39 6 29 53	 => 189
 38 53 29 20 17 33	 => 190


===================[TEST 3]===================

##### START ##### Thu May 15 17:13:26 2003



##### CONVERGE ##### Thu May 15 17:16:59 2003

Elapsed time: 213 seconds
Total loop: 281 generations

Result : 187.85

15 25 33 42 47 28 4 30 46 35 22 43 24 20 2 38 54 21 27 23 37 11 50 45 17 8 10 32 48 12 29 41 34 9 49 40 5 1 3 44 51 39 18 36 52 26 14 6 19 31 13 53 7 16 

 15 25 33 42 47 28	 => 190
 4 28 47 30 46 35	 => 190
 22 35 46 43 24 20	 => 190
 33 2 38 54 21 42	 => 190
 47 42 21 27 23 30	 => 190
 46 30 23 37 11 43	 => 190
 24 43 11 50 45 17	 => 190
 38 8 10 32 48 54	 => 190
 21 54 48 12 29 27	 => 191
 23 27 29 41 34 37	 => 191
 11 37 34 9 49 50	 => 190
 45 50 49 40 5 1	 => 190
 48 32 3 44 51 12	 => 190
 29 12 51 39 18 41	 => 190
 34 41 18 36 52 9	 => 190
 49 9 52 26 14 40	 => 190
 51 44 6 19 31 39	 => 190
 18 39 31 13 53 36	 => 190
 52 36 53 7 16 26	 => 190


===================[TEST 4]===================

##### START ##### Thu May 15 17:16:59 2003



##### CONVERGE ##### Thu May 15 17:19:19 2003

Elapsed time: 140 seconds
Total loop: 198 generations

Result (Solution) : 188

14 24 23 46 53 28 5 25 41 36 12 48 44 7 1 51 50 17 26 21 49 4 45 37 10 3 8 29 47 18 30 42 20 16 54 15 6 31 22 39 33 38 27 43 40 52 11 9 34 35 13 32 19 2 

 14 24 23 46 53 28	 => 188
 5 28 53 25 41 36	 => 188
 12 36 41 48 44 7	 => 188
 23 1 51 50 17 46	 => 188
 53 46 17 26 21 25	 => 188
 41 25 21 49 4 48	 => 188
 44 48 4 45 37 10	 => 188
 51 3 8 29 47 50	 => 188
 17 50 47 18 30 26	 => 188
 21 26 30 42 20 49	 => 188
 4 49 20 16 54 45	 => 188
 37 45 54 15 6 31	 => 188
 47 29 22 39 33 18	 => 188
 30 18 33 38 27 42	 => 188
 20 42 27 43 40 16	 => 188
 54 16 40 52 11 15	 => 188
 33 39 9 34 35 38	 => 188
 27 38 35 13 32 43	 => 188
 40 43 32 19 2 52	 => 188


===================[TEST 5]===================

##### START ##### Thu May 15 17:19:19 2003



##### CONVERGE ##### Thu May 15 17:22:03 2003

Elapsed time: 164 seconds
Total loop: 250 generations

Result : 188.412

13 12 49 45 40 31 4 23 54 38 5 35 39 19 2 51 33 10 42 30 29 20 53 34 9 8 7 41 50 18 37 25 27 14 47 32 21 3 1 44 36 48 26 46 52 28 17 24 22 16 11 43 15 6 

 13 12 49 45 40 31	 => 190
 4 31 40 23 54 38	 => 190
 5 38 54 35 39 19	 => 190
 49 2 51 33 10 45	 => 190
 40 45 10 42 30 23	 => 190
 54 23 30 29 20 35	 => 191
 39 35 20 53 34 9	 => 190
 51 8 7 41 50 33	 => 190
 10 33 50 18 37 42	 => 190
 30 42 37 25 27 29	 => 190
 20 29 27 14 47 53	 => 190
 34 53 47 32 21 3	 => 190
 50 41 1 44 36 18	 => 190
 37 18 36 48 26 25	 => 190
 27 25 26 46 52 14	 => 190
 47 14 52 28 17 32	 => 190
 36 44 24 22 16 48	 => 190
 26 48 16 11 43 46	 => 190
 52 46 43 15 6 28	 => 190


===================[TEST 6]===================

##### START ##### Thu May 15 17:22:03 2003



##### CONVERGE ##### Thu May 15 17:23:56 2003

Elapsed time: 113 seconds
Total loop: 171 generations

Result : 186.794

1 14 43 53 51 28 18 24 46 23 16 52 34 19 9 33 47 5 30 27 37 4 54 44 2 7 13 48 42 26 40 20 35 31 29 45 6 12 10 25 38 49 17 36 50 32 3 22 15 41 8 39 11 21 

 1 14 43 53 51 28	 => 190
 18 28 51 24 46 23	 => 190
 16 23 46 52 34 19	 => 190
 43 9 33 47 5 53	 => 190
 51 53 5 30 27 24	 => 190
 46 24 27 37 4 52	 => 190
 34 52 4 54 44 2	 => 190
 33 7 13 48 42 47	 => 190
 5 47 42 26 40 30	 => 190
 27 30 40 20 35 37	 => 189
 4 37 35 31 29 54	 => 190
 44 54 29 45 6 12	 => 190
 42 48 10 25 38 26	 => 189
 40 26 38 49 17 20	 => 190
 35 20 17 36 50 31	 => 189
 29 31 50 32 3 45	 => 190
 38 25 22 15 41 49	 => 190
 17 49 41 8 39 36	 => 190
 50 36 39 11 21 32	 => 189


===================[TEST 7]===================

##### START ##### Thu May 15 17:23:56 2003



##### CONVERGE ##### Thu May 15 17:26:42 2003

Elapsed time: 166 seconds
Total loop: 255 generations

Result : 186.85

5 19 48 41 32 44 3 20 53 37 2 50 40 7 1 30 46 24 34 38 16 12 52 21 14 28 25 31 29 23 33 26 43 15 51 45 9 11 10 42 54 36 17 49 39 35 4 27 8 22 18 47 6 13 

 5 19 48 41 32 44	 => 189
 3 44 32 20 53 37	 => 189
 2 37 53 50 40 7	 => 189
 48 1 30 46 24 41	 => 190
 32 41 24 34 38 20	 => 189
 53 20 38 16 12 50	 => 189
 40 50 12 52 21 14	 => 189
 30 28 25 31 29 46	 => 189
 24 46 29 23 33 34	 => 189
 38 34 33 26 43 16	 => 190
 12 16 43 15 51 52	 => 189
 21 52 51 45 9 11	 => 189
 29 31 10 42 54 23	 => 189
 33 23 54 36 17 26	 => 189
 43 26 17 49 39 15	 => 189
 51 15 39 35 4 45	 => 189
 54 42 27 8 22 36	 => 189
 17 36 22 18 47 49	 => 189
 39 49 47 6 13 35	 => 189


===================[TEST 8]===================

##### START ##### Thu May 15 17:26:42 2003



##### CONVERGE ##### Thu May 15 17:29:22 2003

Elapsed time: 160 seconds
Total loop: 243 generations

Result : 187.794

8 14 34 53 50 31 7 16 35 52 11 48 41 3 6 32 49 17 26 29 40 23 46 28 5 4 22 30 54 12 33 38 25 21 36 51 20 10 9 44 42 47 19 45 43 39 1 2 18 37 15 27 13 24 

 8 14 34 53 50 31	 => 190
 7 31 50 16 35 52	 => 191
 11 52 35 48 41 3	 => 190
 34 6 32 49 17 53	 => 191
 50 53 17 26 29 16	 => 191
 35 16 29 40 23 48	 => 191
 41 48 23 46 28 5	 => 191
 32 4 22 30 54 49	 => 191
 17 49 54 12 33 26	 => 191
 29 26 33 38 25 40	 => 191
 23 40 25 21 36 46	 => 191
 28 46 36 51 20 10	 => 191
 54 30 9 44 42 12	 => 191
 33 12 42 47 19 38	 => 191
 25 38 19 45 43 21	 => 191
 36 21 43 39 1 51	 => 191
 42 44 2 18 37 47	 => 190
 19 47 37 15 27 45	 => 190
 43 45 27 13 24 39	 => 191


===================[TEST 9]===================

##### START ##### Thu May 15 17:29:22 2003



##### CONVERGE ##### Thu May 15 17:32:24 2003

Elapsed time: 182 seconds
Total loop: 280 generations

Result : 188.306

3 20 37 48 51 31 12 17 47 32 21 41 24 25 2 53 46 4 36 34 33 18 49 50 8 6 7 26 52 22 30 38 19 29 42 28 5 16 10 35 45 44 11 54 39 43 9 23 15 27 14 40 13 1 

 3 20 37 48 51 31	 => 190
 12 31 51 17 47 32	 => 190
 21 32 47 41 24 25	 => 190
 37 2 53 46 4 48	 => 190
 51 48 4 36 34 17	 => 190
 47 17 34 33 18 41	 => 190
 24 41 18 49 50 8	 => 190
 53 6 7 26 52 46	 => 190
 4 46 52 22 30 36	 => 190
 34 36 30 38 19 33	 => 190
 18 33 19 29 42 49	 => 190
 50 49 42 28 5 16	 => 190
 52 26 10 35 45 22	 => 190
 30 22 45 44 11 38	 => 190
 19 38 11 54 39 29	 => 190
 42 29 39 43 9 28	 => 190
 45 35 23 15 27 44	 => 189
 11 44 27 14 40 54	 => 190
 39 54 40 13 1 43	 => 190


===================[TEST 10]===================

##### START ##### Thu May 15 17:32:24 2003



##### CONVERGE ##### Thu May 15 17:35:16 2003

Elapsed time: 172 seconds
Total loop: 261 generations

Result : 187.794

1 18 28 50 46 48 2 9 49 37 3 51 44 6 5 41 45 22 24 40 26 16 43 29 8 7 21 30 47 11 42 27 31 23 52 32 25 10 17 33 53 38 20 54 36 34 14 13 15 39 4 35 19 12 

 1 18 28 50 46 48	 => 191
 2 48 46 9 49 37	 => 191
 3 37 49 51 44 6	 => 190
 28 5 41 45 22 50	 => 191
 46 50 22 24 40 9	 => 191
 49 9 40 26 16 51	 => 191
 44 51 16 43 29 8	 => 191
 41 7 21 30 47 45	 => 191
 22 45 47 11 42 24	 => 191
 40 24 42 27 31 26	 => 190
 16 26 31 23 52 43	 => 191
 29 43 52 32 25 10	 => 191
 47 30 17 33 53 11	 => 191
 42 11 53 38 20 27	 => 191
 31 27 20 54 36 23	 => 191
 52 23 36 34 14 32	 => 191
 53 33 13 15 39 38	 => 191
 20 38 39 4 35 54	 => 190
 36 54 35 19 12 34	 => 190



test#	fitness		sum		time
---------------------------------------------------
1	187.64				172
2	186.794				195
3	187.85				213
4	188		188		140
5	188.412				164
6	186.794				113
7	186.85				166
8	187.794				160
9	188.306				182
10	187.794				172


---------------------------------------------------
Best fitness      : 188.412 ( test# 5)
Best solution sum : 188 ( test# 4)
Shortest time     : 113 ( test# 6)

Average fitness   : 187.623
Average sol. sum  : 188
Average time      : 167.7
