****************** GA TEST *******************

total test#:			 10
hexa min width:			 3
hexa max width:			 5
hexa count:			 19
number count:			 54
population size:		 80
generation size:		 50

tournament winner p:		 1
do xover p:			 1
xover:				 2points
do mutation1 p:			 0.1
mutation1 p:			 0.05
do optimize p:			 1
local optimize count:		 6000
do deep better optimize p:	 1
do deep worse optimize p:	 0
do spin p:			 0
spin count:			 1000
do spin apply p:		 1
do mutation2 p:			 0.12
mutation2 p:			 0.08
force mutation2:		 0
replace bad p:			 0.195

converge rate p:		 0.99
converge count:			 1

**********************************************


===================[TEST 1]===================

##### START ##### Fri May 16 10:16:09 2003



##### CONVERGE ##### Fri May 16 10:19:19 2003

Elapsed time: 190 seconds
Total loop: 71 generations

Result : 187.478

7 23 32 53 34 41 3 25 47 40 6 42 46 9 8 50 35 12 38 28 29 19 49 24 10 16 2 33 54 21 31 27 37 17 39 43 15 20 1 30 51 48 13 44 52 18 22 11 14 36 4 45 5 26 

 7 23 32 53 34 41	 => 190
 3 41 34 25 47 40	 => 190
 6 40 47 42 46 9	 => 190
 32 8 50 35 12 53	 => 190
 34 53 12 38 28 25	 => 190
 47 25 28 29 19 42	 => 190
 46 42 19 49 24 10	 => 190
 50 16 2 33 54 35	 => 190
 12 35 54 21 31 38	 => 191
 28 38 31 27 37 29	 => 190
 19 29 37 17 39 49	 => 190
 24 49 39 43 15 20	 => 190
 54 33 1 30 51 21	 => 190
 31 21 51 48 13 27	 => 191
 37 27 13 44 52 17	 => 190
 39 17 52 18 22 43	 => 191
 51 30 11 14 36 48	 => 190
 13 48 36 4 45 44	 => 190
 52 44 45 5 26 18	 => 190


===================[TEST 2]===================

##### START ##### Fri May 16 10:19:19 2003



##### CONVERGE ##### Fri May 16 10:21:52 2003

Elapsed time: 153 seconds
Total loop: 57 generations

Result : 187.64

2 23 50 45 52 17 22 15 54 30 16 53 27 10 3 36 38 18 32 28 26 14 49 42 5 11 19 46 40 29 33 34 37 21 43 35 13 8 4 31 39 48 7 47 44 41 6 20 1 51 12 25 9 24 

 2 23 50 45 52 17	 => 189
 22 17 52 15 54 30	 => 190
 16 30 54 53 27 10	 => 190
 50 3 36 38 18 45	 => 190
 52 45 18 32 28 15	 => 190
 54 15 28 26 14 53	 => 190
 27 53 14 49 42 5	 => 190
 36 11 19 46 40 38	 => 190
 18 38 40 29 33 32	 => 190
 28 32 33 34 37 26	 => 190
 14 26 37 21 43 49	 => 190
 42 49 43 35 13 8	 => 190
 40 46 4 31 39 29	 => 189
 33 29 39 48 7 34	 => 190
 37 34 7 47 44 21	 => 190
 43 21 44 41 6 35	 => 190
 39 31 20 1 51 48	 => 190
 7 48 51 12 25 47	 => 190
 44 47 25 9 24 41	 => 190


===================[TEST 3]===================

##### START ##### Fri May 16 10:21:52 2003



##### CONVERGE ##### Fri May 16 10:26:04 2003

Elapsed time: 252 seconds
Total loop: 94 generations

Result : 187.053

11 17 30 38 53 41 1 21 49 25 18 44 51 3 2 45 54 22 20 36 27 13 48 24 10 14 6 34 37 28 29 31 47 15 40 43 26 8 9 32 50 33 19 35 42 46 4 7 16 52 12 39 23 5 

 11 17 30 38 53 41	 => 190
 1 41 53 21 49 25	 => 190
 18 25 49 44 51 3	 => 190
 30 2 45 54 22 38	 => 191
 53 38 22 20 36 21	 => 190
 49 21 36 27 13 44	 => 190
 51 44 13 48 24 10	 => 190
 45 14 6 34 37 54	 => 190
 22 54 37 28 29 20	 => 190
 36 20 29 31 47 27	 => 190
 13 27 47 15 40 48	 => 190
 24 48 40 43 26 8	 => 189
 37 34 9 32 50 28	 => 190
 29 28 50 33 19 31	 => 190
 47 31 19 35 42 15	 => 189
 40 15 42 46 4 43	 => 190
 50 32 7 16 52 33	 => 190
 19 33 52 12 39 35	 => 190
 42 35 39 23 5 46	 => 190


===================[TEST 4]===================

##### START ##### Fri May 16 10:26:04 2003



##### CONVERGE ##### Fri May 16 10:28:47 2003

Elapsed time: 163 seconds
Total loop: 61 generations

Result (Solution) : 190

4 25 30 49 53 29 13 18 54 23 27 41 42 3 5 44 48 14 37 19 43 15 40 36 16 6 12 46 34 24 33 26 32 9 51 45 10 8 1 38 47 39 21 50 52 31 2 11 20 35 17 28 22 7 

 4 25 30 49 53 29	 => 190
 13 29 53 18 54 23	 => 190
 27 23 54 41 42 3	 => 190
 30 5 44 48 14 49	 => 190
 53 49 14 37 19 18	 => 190
 54 18 19 43 15 41	 => 190
 42 41 15 40 36 16	 => 190
 44 6 12 46 34 48	 => 190
 14 48 34 24 33 37	 => 190
 19 37 33 26 32 43	 => 190
 15 43 32 9 51 40	 => 190
 36 40 51 45 10 8	 => 190
 34 46 1 38 47 24	 => 190
 33 24 47 39 21 26	 => 190
 32 26 21 50 52 9	 => 190
 51 9 52 31 2 45	 => 190
 47 38 11 20 35 39	 => 190
 21 39 35 17 28 50	 => 190
 52 50 28 22 7 31	 => 190


===================[TEST 5]===================

##### START ##### Fri May 16 10:28:47 2003



##### CONVERGE ##### Fri May 16 10:32:56 2003

Elapsed time: 249 seconds
Total loop: 73 generations

Result (Solution) : 189

3 25 41 30 50 40 8 12 36 43 7 47 32 24 6 54 37 21 23 53 27 14 52 34 10 11 16 20 51 19 38 26 22 35 39 33 2 29 13 44 42 49 15 45 46 31 5 9 17 28 4 48 18 1 

 3 25 41 30 50 40	 => 189
 8 40 50 12 36 43	 => 189
 7 43 36 47 32 24	 => 189
 41 6 54 37 21 30	 => 189
 50 30 21 23 53 12	 => 189
 36 12 53 27 14 47	 => 189
 32 47 14 52 34 10	 => 189
 54 11 16 20 51 37	 => 189
 21 37 51 19 38 23	 => 189
 53 23 38 26 22 27	 => 189
 14 27 22 35 39 52	 => 189
 34 52 39 33 2 29	 => 189
 51 20 13 44 42 19	 => 189
 38 19 42 49 15 26	 => 189
 22 26 15 45 46 35	 => 189
 39 35 46 31 5 33	 => 189
 42 44 9 17 28 49	 => 189
 15 49 28 4 48 45	 => 189
 46 45 48 18 1 31	 => 189


===================[TEST 6]===================

##### START ##### Fri May 16 10:32:56 2003



##### CONVERGE ##### Fri May 16 10:36:29 2003

Elapsed time: 213 seconds
Total loop: 59 generations

Result : 187.215

16 19 32 48 44 31 28 6 46 35 7 53 39 10 4 29 52 25 27 40 37 8 51 38 2 12 21 36 41 23 22 30 34 18 42 33 11 15 17 26 47 54 14 50 45 49 3 20 1 43 5 24 13 9 

 16 19 32 48 44 31	 => 190
 28 31 44 6 46 35	 => 190
 7 35 46 53 39 10	 => 190
 32 4 29 52 25 48	 => 190
 44 48 25 27 40 6	 => 190
 46 6 40 37 8 53	 => 190
 39 53 8 51 38 2	 => 191
 29 12 21 36 41 52	 => 191
 25 52 41 23 22 27	 => 190
 40 27 22 30 34 37	 => 190
 8 37 34 18 42 51	 => 190
 38 51 42 33 11 15	 => 190
 41 36 17 26 47 23	 => 190
 22 23 47 54 14 30	 => 190
 34 30 14 50 45 18	 => 191
 42 18 45 49 3 33	 => 190
 47 26 20 1 43 54	 => 191
 14 54 43 5 24 50	 => 190
 45 50 24 13 9 49	 => 190


===================[TEST 7]===================

##### START ##### Fri May 16 10:36:29 2003



##### CONVERGE ##### Fri May 16 10:40:17 2003

Elapsed time: 228 seconds
Total loop: 79 generations

Result : 187.64

15 10 16 44 53 52 3 8 43 31 17 54 38 7 19 51 37 23 28 34 25 26 41 29 1 6 21 30 45 11 46 24 32 18 48 40 5 27 12 42 50 39 20 49 47 35 2 14 9 36 13 33 4 22 

 15 10 16 44 53 52	 => 190
 3 52 53 8 43 31	 => 190
 17 31 43 54 38 7	 => 190
 16 19 51 37 23 44	 => 190
 53 44 23 28 34 8	 => 190
 43 8 34 25 26 54	 => 190
 38 54 26 41 29 1	 => 189
 51 6 21 30 45 37	 => 190
 23 37 45 11 46 28	 => 190
 34 28 46 24 32 25	 => 189
 26 25 32 18 48 41	 => 190
 29 41 48 40 5 27	 => 190
 45 30 12 42 50 11	 => 190
 46 11 50 39 20 24	 => 190
 32 24 20 49 47 18	 => 190
 48 18 47 35 2 40	 => 190
 50 42 14 9 36 39	 => 190
 20 39 36 13 33 49	 => 190
 47 49 33 4 22 35	 => 190


===================[TEST 8]===================

##### START ##### Fri May 16 10:40:17 2003



##### CONVERGE ##### Fri May 16 10:43:23 2003

Elapsed time: 186 seconds
Total loop: 58 generations

Result : 187.478

13 12 37 46 47 35 3 24 29 52 1 51 48 9 6 45 43 14 31 28 39 19 36 32 4 11 5 33 53 8 41 26 25 22 49 42 17 15 2 40 54 38 23 44 50 20 7 10 18 30 21 34 27 16 

 13 12 37 46 47 35	 => 190
 3 35 47 24 29 52	 => 190
 1 52 29 51 48 9	 => 190
 37 6 45 43 14 46	 => 191
 47 46 14 31 28 24	 => 190
 29 24 28 39 19 51	 => 190
 48 51 19 36 32 4	 => 190
 45 11 5 33 53 43	 => 190
 14 43 53 8 41 31	 => 190
 28 31 41 26 25 39	 => 190
 19 39 25 22 49 36	 => 190
 32 36 49 42 17 15	 => 191
 53 33 2 40 54 8	 => 190
 41 8 54 38 23 26	 => 190
 25 26 23 44 50 22	 => 190
 49 22 50 20 7 42	 => 190
 54 40 10 18 30 38	 => 190
 23 38 30 21 34 44	 => 190
 50 44 34 27 16 20	 => 191


===================[TEST 9]===================

##### START ##### Fri May 16 10:43:23 2003



##### CONVERGE ##### Fri May 16 10:47:50 2003

Elapsed time: 267 seconds
Total loop: 80 generations

Result : 188.306

11 14 29 51 33 52 2 18 39 46 21 54 23 7 6 48 36 20 30 38 19 22 53 37 1 8 24 32 42 27 35 25 43 12 41 28 5 26 4 45 40 47 16 44 50 49 10 9 15 34 17 31 13 3 

 11 14 29 51 33 52	 => 190
 2 52 33 18 39 46	 => 190
 21 46 39 54 23 7	 => 190
 29 6 48 36 20 51	 => 190
 33 51 20 30 38 18	 => 190
 39 18 38 19 22 54	 => 190
 23 54 22 53 37 1	 => 190
 48 8 24 32 42 36	 => 190
 20 36 42 27 35 30	 => 190
 38 30 35 25 43 19	 => 190
 22 19 43 12 41 53	 => 190
 37 53 41 28 5 26	 => 190
 42 32 4 45 40 27	 => 190
 35 27 40 47 16 25	 => 190
 43 25 16 44 50 12	 => 190
 41 12 50 49 10 28	 => 190
 40 45 9 15 34 47	 => 190
 16 47 34 17 31 44	 => 189
 50 44 31 13 3 49	 => 190


===================[TEST 10]===================

##### START ##### Fri May 16 10:47:50 2003



##### CONVERGE ##### Fri May 16 10:51:58 2003

Elapsed time: 248 seconds
Total loop: 73 generations

Result : 187.215

2 22 36 52 47 31 3 11 54 44 1 53 30 8 5 46 37 14 40 27 20 25 49 23 10 17 13 28 50 16 33 29 41 12 43 42 15 18 4 45 48 38 26 32 51 35 7 19 6 34 21 39 9 24 

 2 22 36 52 47 31	 => 190
 3 31 47 11 54 44	 => 190
 1 44 54 53 30 8	 => 190
 36 5 46 37 14 52	 => 190
 47 52 14 40 27 11	 => 191
 54 11 27 20 25 53	 => 190
 30 53 25 49 23 10	 => 190
 46 17 13 28 50 37	 => 191
 14 37 50 16 33 40	 => 190
 27 40 33 29 41 20	 => 190
 25 20 41 12 43 49	 => 190
 23 49 43 42 15 18	 => 190
 50 28 4 45 48 16	 => 191
 33 16 48 38 26 29	 => 190
 41 29 26 32 51 12	 => 191
 43 12 51 35 7 42	 => 190
 48 45 19 6 34 38	 => 190
 26 38 34 21 39 32	 => 190
 51 32 39 9 24 35	 => 190



test#	fitness		sum		time
---------------------------------------------------
1	187.478				190
2	187.64				153
3	187.053				252
4	190		190		163
5	189		189		249
6	187.215				213
7	187.64				228
8	187.478				186
9	188.306				267
10	187.215				248


---------------------------------------------------
Best fitness      : 190 ( test# 4)
Best solution sum : 190 ( test# 4)
Shortest time     : 153 ( test# 2)

Average fitness   : 187.902
Average sol. sum  : 189.5
Average time      : 214.9
