****************** GA TEST *******************

total test#:			 10
hexa min width:			 3
hexa max width:			 5
hexa count:			 19
number count:			 54
population size:		 70
generation size:		 12

tournament winner p:		 1
do xover p:			 1
xover:				 2points
do mutation1 p:			 0.1
mutation1 p:			 0.05
do optimize p:			 1
local optimize count:		 6000
do deep better optimize p:	 1
do deep worse optimize p:	 0
do spin p:			 0
spin count:			 1000
do spin apply p:		 1
do mutation2 p:			 0.12
mutation2 p:			 0.08
force mutation2:		 0
replace bad p:			 0.195

converge rate p:		 0.99
converge count:			 1

**********************************************


===================[TEST 1]===================

##### START ##### Thu May 15 16:32:13 2003



##### CONVERGE ##### Thu May 15 16:34:58 2003

Elapsed time: 165 seconds
Total loop: 191 generations

Result : 187.158

7 13 34 51 54 31 2 20 47 37 15 40 43 8 4 41 42 18 19 28 46 9 49 33 16 6 10 38 53 26 32 36 30 11 45 44 14 5 1 48 24 50 22 39 52 35 3 17 21 29 23 27 12 25 

 7 13 34 51 54 31	 => 190
 2 31 54 20 47 37	 => 191
 15 37 47 40 43 8	 => 190
 34 4 41 42 18 51	 => 190
 54 51 18 19 28 20	 => 190
 47 20 28 46 9 40	 => 190
 43 40 9 49 33 16	 => 190
 41 6 10 38 53 42	 => 190
 18 42 53 26 32 19	 => 190
 28 19 32 36 30 46	 => 191
 9 46 30 11 45 49	 => 190
 33 49 45 44 14 5	 => 190
 53 38 1 48 24 26	 => 190
 32 26 24 50 22 36	 => 190
 30 36 22 39 52 11	 => 190
 45 11 52 35 3 44	 => 190
 24 48 17 21 29 50	 => 189
 22 50 29 23 27 39	 => 190
 52 39 27 12 25 35	 => 190


===================[TEST 2]===================

##### START ##### Thu May 15 16:34:58 2003



##### CONVERGE ##### Thu May 15 16:37:39 2003

Elapsed time: 161 seconds
Total loop: 204 generations

Result : 186.412

3 21 20 53 37 54 4 10 50 33 19 51 27 8 6 40 45 25 39 24 35 18 28 47 17 16 13 30 44 12 23 31 36 29 42 48 9 14 7 52 43 41 38 32 22 46 1 15 11 26 2 49 5 34 

 3 21 20 53 37 54	 => 188
 4 54 37 10 50 33	 => 188
 19 33 50 51 27 8	 => 188
 20 6 40 45 25 53	 => 189
 37 53 25 39 24 10	 => 188
 50 10 24 35 18 51	 => 188
 27 51 18 28 47 17	 => 188
 40 16 13 30 44 45	 => 188
 25 45 44 12 23 39	 => 188
 24 39 23 31 36 35	 => 188
 18 35 36 29 42 28	 => 188
 47 28 42 48 9 14	 => 188
 44 30 7 52 43 12	 => 188
 23 12 43 41 38 31	 => 188
 36 31 38 32 22 29	 => 188
 42 29 22 46 1 48	 => 188
 43 52 15 11 26 41	 => 188
 38 41 26 2 49 32	 => 188
 22 32 49 5 34 46	 => 188


===================[TEST 3]===================

##### START ##### Thu May 15 16:37:39 2003



##### CONVERGE ##### Thu May 15 16:40:02 2003

Elapsed time: 143 seconds
Total loop: 215 generations

Result : 187.616

8 5 44 52 50 31 3 14 53 39 15 47 25 11 2 35 45 13 34 27 33 16 49 32 21 7 6 43 54 18 26 30 40 24 28 48 10 23 4 20 51 42 22 38 36 37 17 19 12 46 1 41 9 29 

 8 5 44 52 50 31	 => 190
 3 31 50 14 53 39	 => 190
 15 39 53 47 25 11	 => 190
 44 2 35 45 13 52	 => 191
 50 52 13 34 27 14	 => 190
 53 14 27 33 16 47	 => 190
 25 47 16 49 32 21	 => 190
 35 7 6 43 54 45	 => 190
 13 45 54 18 26 34	 => 190
 27 34 26 30 40 33	 => 190
 16 33 40 24 28 49	 => 190
 32 49 28 48 10 23	 => 190
 54 43 4 20 51 18	 => 190
 26 18 51 42 22 30	 => 189
 40 30 22 38 36 24	 => 190
 28 24 36 37 17 48	 => 190
 51 20 19 12 46 42	 => 190
 22 42 46 1 41 38	 => 190
 36 38 41 9 29 37	 => 190


===================[TEST 4]===================

##### START ##### Thu May 15 16:40:02 2003



##### CONVERGE ##### Thu May 15 16:42:10 2003

Elapsed time: 128 seconds
Total loop: 189 generations

Result : 187.85

8 7 50 31 42 52 1 23 46 26 30 47 38 3 2 37 48 22 45 28 34 12 44 29 20 17 9 43 36 18 21 35 27 19 54 39 10 14 4 40 49 51 16 53 41 24 13 11 6 33 5 32 15 25 

 8 7 50 31 42 52	 => 190
 1 52 42 23 46 26	 => 190
 30 26 46 47 38 3	 => 190
 50 2 37 48 22 31	 => 190
 42 31 22 45 28 23	 => 191
 46 23 28 34 12 47	 => 190
 38 47 12 44 29 20	 => 190
 37 17 9 43 36 48	 => 190
 22 48 36 18 21 45	 => 190
 28 45 21 35 27 34	 => 190
 12 34 27 19 54 44	 => 190
 29 44 54 39 10 14	 => 190
 36 43 4 40 49 18	 => 190
 21 18 49 51 16 35	 => 190
 27 35 16 53 41 19	 => 191
 54 19 41 24 13 39	 => 190
 49 40 11 6 33 51	 => 190
 16 51 33 5 32 53	 => 190
 41 53 32 15 25 24	 => 190


===================[TEST 5]===================

##### START ##### Thu May 15 16:42:10 2003



##### CONVERGE ##### Thu May 15 16:44:17 2003

Elapsed time: 127 seconds
Total loop: 190 generations

Result : 187.85

1 19 24 53 46 47 13 12 41 31 25 54 29 10 5 42 52 14 30 35 22 27 50 28 2 7 6 40 44 18 32 37 34 8 49 51 9 3 4 39 45 38 20 48 43 23 16 21 11 36 15 33 26 17 

 1 19 24 53 46 47	 => 190
 13 47 46 12 41 31	 => 190
 25 31 41 54 29 10	 => 190
 24 5 42 52 14 53	 => 190
 46 53 14 30 35 12	 => 190
 41 12 35 22 27 54	 => 191
 29 54 27 50 28 2	 => 190
 42 7 6 40 44 52	 => 191
 14 52 44 18 32 30	 => 190
 35 30 32 37 34 22	 => 190
 27 22 34 8 49 50	 => 190
 28 50 49 51 9 3	 => 190
 44 40 4 39 45 18	 => 190
 32 18 45 38 20 37	 => 190
 34 37 20 48 43 8	 => 190
 49 8 43 23 16 51	 => 190
 45 39 21 11 36 38	 => 190
 20 38 36 15 33 48	 => 190
 43 48 33 26 17 23	 => 190


===================[TEST 6]===================

##### START ##### Thu May 15 16:44:17 2003



##### CONVERGE ##### Thu May 15 16:45:40 2003

Elapsed time: 83 seconds
Total loop: 124 generations

Result : 186.64

10 19 38 45 53 24 16 15 49 32 7 48 39 14 8 21 52 25 23 28 47 2 50 37 13 17 4 54 41 5 43 18 30 26 34 27 9 31 3 35 51 42 29 40 46 36 20 6 11 44 1 33 22 12 

 10 19 38 45 53 24	 => 189
 16 24 53 15 49 32	 => 189
 7 32 49 48 39 14	 => 189
 38 8 21 52 25 45	 => 189
 53 45 25 23 28 15	 => 189
 49 15 28 47 2 48	 => 189
 39 48 2 50 37 13	 => 189
 21 17 4 54 41 52	 => 189
 25 52 41 5 43 23	 => 189
 28 23 43 18 30 47	 => 189
 2 47 30 26 34 50	 => 189
 37 50 34 27 9 31	 => 188
 41 54 3 35 51 5	 => 189
 43 5 51 42 29 18	 => 188
 30 18 29 40 46 26	 => 189
 34 26 46 36 20 27	 => 189
 51 35 6 11 44 42	 => 189
 29 42 44 1 33 40	 => 189
 46 40 33 22 12 36	 => 189


===================[TEST 7]===================

##### START ##### Thu May 15 16:45:40 2003



##### CONVERGE ##### Thu May 15 16:47:56 2003

Elapsed time: 136 seconds
Total loop: 194 generations

Result : 187.616

17 2 28 54 53 36 8 16 48 29 6 51 38 18 1 46 50 11 37 19 26 30 33 35 3 14 9 27 44 23 25 40 43 13 45 49 21 7 5 39 52 31 20 42 32 47 4 10 24 34 22 41 15 12 

 17 2 28 54 53 36	 => 190
 8 36 53 16 48 29	 => 190
 6 29 48 51 38 18	 => 190
 28 1 46 50 11 54	 => 190
 53 54 11 37 19 16	 => 190
 48 16 19 26 30 51	 => 190
 38 51 30 33 35 3	 => 190
 46 14 9 27 44 50	 => 190
 11 50 44 23 25 37	 => 190
 19 37 25 40 43 26	 => 190
 30 26 43 13 45 33	 => 190
 35 33 45 49 21 7	 => 190
 44 27 5 39 52 23	 => 190
 25 23 52 31 20 40	 => 191
 43 40 20 42 32 13	 => 190
 45 13 32 47 4 49	 => 190
 52 39 10 24 34 31	 => 190
 20 31 34 22 41 42	 => 190
 32 42 41 15 12 47	 => 189


===================[TEST 8]===================

##### START ##### Thu May 15 16:59:14 2003



##### CONVERGE ##### Thu May 15 17:02:52 2003

Elapsed time: 218 seconds
Total loop: 253 generations

Result : 188.412

28 2 32 49 39 40 9 8 53 41 4 44 36 12 1 42 48 18 45 31 38 16 54 23 17 6 14 47 33 21 25 29 22 10 50 37 7 19 11 35 43 46 26 52 51 30 13 15 24 27 5 34 20 3 

 28 2 32 49 39 40	 => 190
 9 40 39 8 53 41	 => 190
 4 41 53 44 36 12	 => 190
 32 1 42 48 18 49	 => 190
 39 49 18 45 31 8	 => 190
 53 8 31 38 16 44	 => 190
 36 44 16 54 23 17	 => 190
 42 6 14 47 33 48	 => 190
 18 48 33 21 25 45	 => 190
 31 45 25 29 22 38	 => 190
 16 38 22 10 50 54	 => 190
 23 54 50 37 7 19	 => 190
 33 47 11 35 43 21	 => 190
 25 21 43 46 26 29	 => 190
 22 29 26 52 51 10	 => 190
 50 10 51 30 13 37	 => 191
 43 35 15 24 27 46	 => 190
 26 46 27 5 34 52	 => 190
 51 52 34 20 3 30	 => 190


===================[TEST 9]===================

##### START ##### Thu May 15 17:02:52 2003



##### CONVERGE ##### Thu May 15 17:05:07 2003

Elapsed time: 135 seconds
Total loop: 155 generations

Result : 186.794

12 17 27 52 50 32 6 9 53 40 8 44 34 11 5 51 48 7 45 26 37 21 46 43 2 14 10 24 42 30 18 35 29 19 38 39 1 23 4 36 54 28 25 33 49 31 13 3 22 47 15 41 16 20 

 12 17 27 52 50 32	 => 190
 6 32 50 9 53 40	 => 190
 8 40 53 44 34 11	 => 190
 27 5 51 48 7 52	 => 190
 50 52 7 45 26 9	 => 189
 53 9 26 37 21 44	 => 190
 34 44 21 46 43 2	 => 190
 51 14 10 24 42 48	 => 189
 7 48 42 30 18 45	 => 190
 26 45 18 35 29 37	 => 190
 21 37 29 19 38 46	 => 190
 43 46 38 39 1 23	 => 190
 42 24 4 36 54 30	 => 190
 18 30 54 28 25 35	 => 190
 29 35 25 33 49 19	 => 190
 38 19 49 31 13 39	 => 189
 54 36 3 22 47 28	 => 190
 25 28 47 15 41 33	 => 189
 49 33 41 16 20 31	 => 190


===================[TEST 10]===================

##### START ##### Thu May 15 17:05:07 2003



##### CONVERGE ##### Thu May 15 17:07:19 2003

Elapsed time: 132 seconds
Total loop: 198 generations

Result : 186.85

5 22 37 36 48 41 4 12 34 50 10 49 39 7 2 44 54 16 30 47 31 17 51 32 1 9 15 27 40 23 26 42 13 24 53 18 14 21 8 46 45 28 25 52 33 43 19 29 3 38 11 35 6 20 

 5 22 37 36 48 41	 => 189
 4 41 48 12 34 50	 => 189
 10 50 34 49 39 7	 => 189
 37 2 44 54 16 36	 => 189
 48 36 16 30 47 12	 => 189
 34 12 47 31 17 49	 => 190
 39 49 17 51 32 1	 => 189
 44 9 15 27 40 54	 => 189
 16 54 40 23 26 30	 => 189
 47 30 26 42 13 31	 => 189
 17 31 13 24 53 51	 => 189
 32 51 53 18 14 21	 => 189
 40 27 8 46 45 23	 => 189
 26 23 45 28 25 42	 => 189
 13 42 25 52 33 24	 => 189
 53 24 33 43 19 18	 => 190
 45 46 29 3 38 28	 => 189
 25 28 38 11 35 52	 => 189
 33 52 35 6 20 43	 => 189



test#	fitness		sum		time
---------------------------------------------------
1	187.158				165
2	186.412				161
3	187.616				143
4	187.85				128
5	187.85				127
6	186.64				83
7	187.616				136
8	188.412				218
9	186.794				135
10	186.85				132


---------------------------------------------------
Best fitness      : 188.412 ( test# 8)
Shortest time     : 83 ( test# 6)

Average fitness   : 187.32
Average time      : 142.8
