****************** GA TEST *******************

total test#:			 10
hexa min width:			 3
hexa max width:			 5
hexa count:			 19
number count:			 54
population size:		 70
generation size:		 30

tournament winner p:		 1
do xover p:			 1
xover:				 2points
do mutation1 p:			 0.1
mutation1 p:			 0.05
do optimize p:			 1
local optimize count:		 6000
do deep better optimize p:	 1
do deep worse optimize p:	 0
do spin p:			 0
spin count:			 1000
do spin apply p:		 1
do mutation2 p:			 0.12
mutation2 p:			 0.08
force mutation2:		 0
replace bad p:			 0.195

converge rate p:		 0.99
converge count:			 1

**********************************************


===================[TEST 1]===================

##### START ##### Fri May 16 04:10:45 2003



##### CONVERGE ##### Fri May 16 04:12:30 2003

Elapsed time: 105 seconds
Total loop: 65 generations

Result : 188.306

5 17 41 44 48 34 3 13 39 53 8 38 42 10 16 22 47 20 25 40 37 23 36 49 2 33 6 28 54 18 26 27 35 7 52 43 9 1 14 31 45 50 24 51 46 30 12 21 11 32 4 29 19 15 

 5 17 41 44 48 34	 => 189
 3 34 48 13 39 53	 => 190
 8 53 39 38 42 10	 => 190
 41 16 22 47 20 44	 => 190
 48 44 20 25 40 13	 => 190
 39 13 40 37 23 38	 => 190
 42 38 23 36 49 2	 => 190
 22 33 6 28 54 47	 => 190
 20 47 54 18 26 25	 => 190
 40 25 26 27 35 37	 => 190
 23 37 35 7 52 36	 => 190
 49 36 52 43 9 1	 => 190
 54 28 14 31 45 18	 => 190
 26 18 45 50 24 27	 => 190
 35 27 24 51 46 7	 => 190
 52 7 46 30 12 43	 => 190
 45 31 21 11 32 50	 => 190
 24 50 32 4 29 51	 => 190
 46 51 29 19 15 30	 => 190


===================[TEST 2]===================

##### START ##### Fri May 16 04:12:30 2003



##### CONVERGE ##### Fri May 16 04:14:51 2003

Elapsed time: 141 seconds
Total loop: 88 generations

Result : 187.616

4 25 42 45 48 26 8 28 37 43 2 46 51 12 3 31 47 22 27 20 41 18 36 29 10 17 9 53 33 23 38 34 30 15 49 39 21 16 7 24 50 40 5 52 54 32 1 13 19 44 14 35 11 6 

 4 25 42 45 48 26	 => 190
 8 26 48 28 37 43	 => 190
 2 43 37 46 51 12	 => 191
 42 3 31 47 22 45	 => 190
 48 45 22 27 20 28	 => 190
 37 28 20 41 18 46	 => 190
 51 46 18 36 29 10	 => 190
 31 17 9 53 33 47	 => 190
 22 47 33 23 38 27	 => 190
 20 27 38 34 30 41	 => 190
 18 41 30 15 49 36	 => 189
 29 36 49 39 21 16	 => 190
 33 53 7 24 50 23	 => 190
 38 23 50 40 5 34	 => 190
 30 34 5 52 54 15	 => 190
 49 15 54 32 1 39	 => 190
 50 24 13 19 44 40	 => 190
 5 40 44 14 35 52	 => 190
 54 52 35 11 6 32	 => 190


===================[TEST 3]===================

##### START ##### Fri May 16 04:14:51 2003



##### CONVERGE ##### Fri May 16 04:17:59 2003

Elapsed time: 188 seconds
Total loop: 117 generations

Result : 187.64

5 9 33 54 48 41 1 24 50 26 22 43 36 13 8 52 39 4 35 25 27 21 46 42 2 12 3 37 47 34 31 23 49 18 28 51 7 16 10 30 32 53 17 45 38 44 11 20 14 40 6 29 15 19 

 5 9 33 54 48 41	 => 190
 1 41 48 24 50 26	 => 190
 22 26 50 43 36 13	 => 190
 33 8 52 39 4 54	 => 190
 48 54 4 35 25 24	 => 190
 50 24 25 27 21 43	 => 190
 36 43 21 46 42 2	 => 190
 52 12 3 37 47 39	 => 190
 4 39 47 34 31 35	 => 190
 25 35 31 23 49 27	 => 190
 21 27 49 18 28 46	 => 189
 42 46 28 51 7 16	 => 190
 47 37 10 30 32 34	 => 190
 31 34 32 53 17 23	 => 190
 49 23 17 45 38 18	 => 190
 28 18 38 44 11 51	 => 190
 32 30 20 14 40 53	 => 189
 17 53 40 6 29 45	 => 190
 38 45 29 15 19 44	 => 190


===================[TEST 4]===================

##### START ##### Fri May 16 04:17:59 2003



##### CONVERGE ##### Fri May 16 04:19:42 2003

Elapsed time: 103 seconds
Total loop: 64 generations

Result : 185.64

19 1 28 41 50 49 6 4 54 25 7 51 42 9 15 33 32 39 17 37 20 22 38 21 14 18 23 30 52 3 45 34 35 27 46 43 8 31 2 48 53 40 12 44 36 26 10 13 5 29 16 47 24 11 

 19 1 28 41 50 49	 => 188
 6 49 50 4 54 25	 => 188
 7 25 54 51 42 9	 => 188
 28 15 33 32 39 41	 => 188
 50 41 39 17 37 4	 => 188
 54 4 37 20 22 51	 => 188
 42 51 22 38 21 14	 => 188
 33 18 23 30 52 32	 => 188
 39 32 52 3 45 17	 => 188
 37 17 45 34 35 20	 => 188
 22 20 35 27 46 38	 => 188
 21 38 46 43 8 31	 => 187
 52 30 2 48 53 3	 => 188
 45 3 53 40 12 34	 => 187
 35 34 12 44 36 27	 => 188
 46 27 36 26 10 43	 => 188
 53 48 13 5 29 40	 => 188
 12 40 29 16 47 44	 => 188
 36 44 47 24 11 26	 => 188


===================[TEST 5]===================

##### START ##### Fri May 16 04:19:42 2003



##### CONVERGE ##### Fri May 16 04:23:00 2003

Elapsed time: 198 seconds
Total loop: 122 generations

Result : 186.215

1 11 43 42 47 45 9 12 48 28 23 32 54 4 2 21 53 29 19 40 37 20 44 26 13 14 6 50 46 8 34 38 22 27 39 31 24 25 3 30 52 41 16 35 51 36 5 7 10 49 15 33 18 17 

 1 11 43 42 47 45	 => 189
 9 45 47 12 48 28	 => 189
 23 28 48 32 54 4	 => 189
 43 2 21 53 29 42	 => 190
 47 42 29 19 40 12	 => 189
 48 12 40 37 20 32	 => 189
 54 32 20 44 26 13	 => 189
 21 14 6 50 46 53	 => 190
 29 53 46 8 34 19	 => 189
 40 19 34 38 22 37	 => 190
 20 37 22 27 39 44	 => 189
 26 44 39 31 24 25	 => 189
 46 50 3 30 52 8	 => 189
 34 8 52 41 16 38	 => 189
 22 38 16 35 51 27	 => 189
 39 27 51 36 5 31	 => 189
 52 30 7 10 49 41	 => 189
 16 41 49 15 33 35	 => 189
 51 35 33 18 17 36	 => 190


===================[TEST 6]===================

##### START ##### Fri May 16 04:23:00 2003



##### CONVERGE ##### Fri May 16 04:25:19 2003

Elapsed time: 139 seconds
Total loop: 86 generations

Result : 186.478

11 16 46 27 54 35 15 8 36 41 9 51 49 3 6 31 50 29 19 52 25 17 45 23 4 7 10 43 48 13 30 39 24 26 53 28 20 21 5 42 38 47 22 34 44 37 2 18 12 32 14 40 33 1 

 11 16 46 27 54 35	 => 189
 15 35 54 8 36 41	 => 189
 9 41 36 51 49 3	 => 189
 46 6 31 50 29 27	 => 189
 54 27 29 19 52 8	 => 189
 36 8 52 25 17 51	 => 189
 49 51 17 45 23 4	 => 189
 31 7 10 43 48 50	 => 189
 29 50 48 13 30 19	 => 189
 52 19 30 39 24 25	 => 189
 17 25 24 26 53 45	 => 190
 23 45 53 28 20 21	 => 190
 48 43 5 42 38 13	 => 189
 30 13 38 47 22 39	 => 189
 24 39 22 34 44 26	 => 189
 53 26 44 37 2 28	 => 190
 38 42 18 12 32 47	 => 189
 22 47 32 14 40 34	 => 189
 44 34 40 33 1 37	 => 189


===================[TEST 7]===================

##### START ##### Fri May 16 04:25:19 2003



##### CONVERGE ##### Fri May 16 04:27:04 2003

Elapsed time: 105 seconds
Total loop: 65 generations

Result : 186.306

16 20 22 30 54 46 5 28 32 23 18 42 47 26 17 45 53 21 24 31 43 12 37 44 6 2 3 35 50 25 14 40 36 27 33 48 11 15 10 19 49 52 8 39 38 41 1 4 13 51 9 29 7 34 

 16 20 22 30 54 46	 => 188
 5 46 54 28 32 23	 => 188
 18 23 32 42 47 26	 => 188
 22 17 45 53 21 30	 => 188
 54 30 21 24 31 28	 => 188
 32 28 31 43 12 42	 => 188
 47 42 12 37 44 6	 => 188
 45 2 3 35 50 53	 => 188
 21 53 50 25 14 24	 => 187
 31 24 14 40 36 43	 => 188
 12 43 36 27 33 37	 => 188
 44 37 33 48 11 15	 => 188
 50 35 10 19 49 25	 => 188
 14 25 49 52 8 40	 => 188
 36 40 8 39 38 27	 => 188
 33 27 38 41 1 48	 => 188
 49 19 4 13 51 52	 => 188
 8 52 51 9 29 39	 => 188
 38 39 29 7 34 41	 => 188


===================[TEST 8]===================

##### START ##### Fri May 16 04:27:04 2003



##### CONVERGE ##### Fri May 16 04:29:07 2003

Elapsed time: 123 seconds
Total loop: 75 generations

Result : 187.412

3 12 40 46 45 43 1 8 51 41 26 33 27 11 17 25 54 7 30 53 16 28 47 31 23 22 14 24 50 29 19 36 35 21 42 39 20 10 2 32 52 49 5 48 44 37 6 13 9 34 15 38 18 4 

 3 12 40 46 45 43	 => 189
 1 43 45 8 51 41	 => 189
 26 41 51 33 27 11	 => 189
 40 17 25 54 7 46	 => 189
 45 46 7 30 53 8	 => 189
 51 8 53 16 28 33	 => 189
 27 33 28 47 31 23	 => 189
 25 22 14 24 50 54	 => 189
 7 54 50 29 19 30	 => 189
 53 30 19 36 35 16	 => 189
 28 16 35 21 42 47	 => 189
 31 47 42 39 20 10	 => 189
 50 24 2 32 52 29	 => 189
 19 29 52 49 5 36	 => 190
 35 36 5 48 44 21	 => 189
 42 21 44 37 6 39	 => 189
 52 32 13 9 34 49	 => 189
 5 49 34 15 38 48	 => 189
 44 48 38 18 4 37	 => 189


===================[TEST 9]===================

##### START ##### Fri May 16 04:29:07 2003



##### CONVERGE ##### Fri May 16 04:31:12 2003

Elapsed time: 125 seconds
Total loop: 78 generations

Result : 186.412

15 19 51 33 53 17 21 9 48 40 14 24 46 16 1 28 44 31 20 42 38 27 54 35 2 8 11 45 52 12 29 41 18 26 25 37 32 5 4 39 36 47 23 30 50 43 7 10 22 34 6 49 13 3 

 15 19 51 33 53 17	 => 188
 21 17 53 9 48 40	 => 188
 14 40 48 24 46 16	 => 188
 51 1 28 44 31 33	 => 188
 53 33 31 20 42 9	 => 188
 48 9 42 38 27 24	 => 188
 46 24 27 54 35 2	 => 188
 28 8 11 45 52 44	 => 188
 31 44 52 12 29 20	 => 188
 42 20 29 41 18 38	 => 188
 27 38 18 26 25 54	 => 188
 35 54 25 37 32 5	 => 188
 52 45 4 39 36 12	 => 188
 29 12 36 47 23 41	 => 188
 18 41 23 30 50 26	 => 188
 25 26 50 43 7 37	 => 188
 36 39 10 22 34 47	 => 188
 23 47 34 6 49 30	 => 189
 50 30 49 13 3 43	 => 188


===================[TEST 10]===================

##### START ##### Fri May 16 04:31:12 2003



##### CONVERGE ##### Fri May 16 04:32:43 2003

Elapsed time: 91 seconds
Total loop: 56 generations

Result : 185.64

4 5 45 53 43 38 1 33 31 42 32 54 18 11 2 29 52 7 30 22 24 23 35 41 17 3 6 51 47 27 25 36 50 10 46 37 21 8 9 14 40 44 16 28 48 34 13 26 15 49 12 39 19 20 

 4 5 45 53 43 38	 => 188
 1 38 43 33 31 42	 => 188
 32 42 31 54 18 11	 => 188
 45 2 29 52 7 53	 => 188
 43 53 7 30 22 33	 => 188
 31 33 22 24 23 54	 => 187
 18 54 23 35 41 17	 => 188
 29 3 6 51 47 52	 => 188
 7 52 47 27 25 30	 => 188
 22 30 25 36 50 24	 => 187
 23 24 50 10 46 35	 => 188
 41 35 46 37 21 8	 => 188
 47 51 9 14 40 27	 => 188
 25 27 40 44 16 36	 => 188
 50 36 16 28 48 10	 => 188
 46 10 48 34 13 37	 => 188
 40 14 26 15 49 44	 => 188
 16 44 49 12 39 28	 => 188
 48 28 39 19 20 34	 => 188



test#	fitness		sum		time
---------------------------------------------------
1	188.306				105
2	187.616				141
3	187.64				188
4	185.64				103
5	186.215				198
6	186.478				139
7	186.306				105
8	187.412				123
9	186.412				125
10	185.64				91


---------------------------------------------------
Best fitness      : 188.306 ( test# 1)
Shortest time     : 91 ( test# 10)

Average fitness   : 186.766
Average time      : 131.8
