****************** GA TEST *******************

total test#:			 10
hexa min width:			 3
hexa max width:			 5
hexa count:			 19
number count:			 54
population size:		 150
generation size:		 12

tournament winner p:		 1
do xover p:			 1
xover:				 2points
do mutation1 p:			 0.1
mutation1 p:			 0.05
do optimize p:			 1
local optimize count:		 6000
do deep better optimize p:	 1
do deep worse optimize p:	 0
do spin p:			 0
spin count:			 1000
do spin apply p:		 1
do mutation2 p:			 0.12
mutation2 p:			 0.08
force mutation2:		 0
replace bad p:			 0.195

converge rate p:		 0.99
converge count:			 1

**********************************************


===================[TEST 1]===================

##### START ##### Thu May 15 21:37:48 2003



##### CONVERGE ##### Thu May 15 21:41:21 2003

Elapsed time: 213 seconds
Total loop: 329 generations

Result : 186.85

12 19 34 50 38 36 5 31 26 53 6 51 44 9 7 39 45 14 40 17 43 21 35 27 11 20 8 49 28 30 32 33 25 13 52 47 4 24 3 37 42 29 23 41 54 22 1 15 18 48 2 46 10 16 

 12 19 34 50 38 36	 => 189
 5 36 38 31 26 53	 => 189
 6 53 26 51 44 9	 => 189
 34 7 39 45 14 50	 => 189
 38 50 14 40 17 31	 => 190
 26 31 17 43 21 51	 => 189
 44 51 21 35 27 11	 => 189
 39 20 8 49 28 45	 => 189
 14 45 28 30 32 40	 => 189
 17 40 32 33 25 43	 => 190
 21 43 25 13 52 35	 => 189
 27 35 52 47 4 24	 => 189
 28 49 3 37 42 30	 => 189
 32 30 42 29 23 33	 => 189
 25 33 23 41 54 13	 => 189
 52 13 54 22 1 47	 => 189
 42 37 15 18 48 29	 => 189
 23 29 48 2 46 41	 => 189
 54 41 46 10 16 22	 => 189


===================[TEST 2]===================

##### START ##### Thu May 15 21:41:21 2003



##### CONVERGE ##### Thu May 15 21:45:27 2003

Elapsed time: 246 seconds
Total loop: 381 generations

Result : 186.64

3 9 43 50 51 32 15 12 44 34 36 47 24 4 2 40 49 5 41 30 35 21 52 31 14 7 11 29 53 19 22 45 16 23 42 38 6 20 1 48 39 46 18 54 33 28 25 13 17 26 8 37 10 27 

 3 9 43 50 51 32	 => 188
 15 32 51 12 44 34	 => 188
 36 34 44 47 24 4	 => 189
 43 2 40 49 5 50	 => 189
 51 50 5 41 30 12	 => 189
 44 12 30 35 21 47	 => 189
 24 47 21 52 31 14	 => 189
 40 7 11 29 53 49	 => 189
 5 49 53 19 22 41	 => 189
 30 41 22 45 16 35	 => 189
 21 35 16 23 42 52	 => 189
 31 52 42 38 6 20	 => 189
 53 29 1 48 39 19	 => 189
 22 19 39 46 18 45	 => 189
 16 45 18 54 33 23	 => 189
 42 23 33 28 25 38	 => 189
 39 48 13 17 26 46	 => 189
 18 46 26 8 37 54	 => 189
 33 54 37 10 27 28	 => 189


===================[TEST 3]===================

##### START ##### Thu May 15 21:45:27 2003



##### CONVERGE ##### Thu May 15 21:51:35 2003

Elapsed time: 368 seconds
Total loop: 569 generations

Result : 188.163

2 22 40 46 52 29 18 20 45 27 23 50 37 9 3 51 35 16 25 32 30 14 54 31 5 8 11 39 47 19 49 28 26 24 43 38 17 7 1 44 41 42 12 53 48 34 4 6 21 36 15 33 13 10 

 2 22 40 46 52 29	 => 191
 18 29 52 20 45 27	 => 191
 23 27 45 50 37 9	 => 191
 40 3 51 35 16 46	 => 191
 52 46 16 25 32 20	 => 191
 45 20 32 30 14 50	 => 191
 37 50 14 54 31 5	 => 191
 51 8 11 39 47 35	 => 191
 16 35 47 19 49 25	 => 191
 32 25 49 28 26 30	 => 190
 14 30 26 24 43 54	 => 191
 31 54 43 38 17 7	 => 190
 47 39 1 44 41 19	 => 191
 49 19 41 42 12 28	 => 191
 26 28 12 53 48 24	 => 191
 43 24 48 34 4 38	 => 191
 41 44 6 21 36 42	 => 190
 12 42 36 15 33 53	 => 191
 48 53 33 13 10 34	 => 191


===================[TEST 4]===================

##### START ##### Thu May 15 21:51:35 2003



##### CONVERGE ##### Thu May 15 21:56:02 2003

Elapsed time: 267 seconds
Total loop: 413 generations

Result (Solution) : 189

1 15 49 48 32 44 8 33 43 29 25 46 42 4 9 31 34 18 38 20 35 12 30 45 14 2 23 47 52 10 37 19 40 22 50 27 13 24 6 21 53 54 16 41 51 36 3 26 7 28 11 39 5 17 

 1 15 49 48 32 44	 => 189
 8 44 32 33 43 29	 => 189
 25 29 43 46 42 4	 => 189
 49 9 31 34 18 48	 => 189
 32 48 18 38 20 33	 => 189
 43 33 20 35 12 46	 => 189
 42 46 12 30 45 14	 => 189
 31 2 23 47 52 34	 => 189
 18 34 52 10 37 38	 => 189
 20 38 37 19 40 35	 => 189
 12 35 40 22 50 30	 => 189
 45 30 50 27 13 24	 => 189
 52 47 6 21 53 10	 => 189
 37 10 53 54 16 19	 => 189
 40 19 16 41 51 22	 => 189
 50 22 51 36 3 27	 => 189
 53 21 26 7 28 54	 => 189
 16 54 28 11 39 41	 => 189
 51 41 39 5 17 36	 => 189


===================[TEST 5]===================

##### START ##### Thu May 15 21:56:02 2003



##### CONVERGE ##### Thu May 15 22:04:07 2003

Elapsed time: 485 seconds
Total loop: 752 generations

Result : 187.85

27 11 50 30 52 20 12 25 45 36 13 48 43 6 1 54 38 17 35 31 40 2 53 39 5 10 7 34 47 21 32 23 29 24 42 33 8 15 9 28 51 44 19 46 49 26 16 4 22 41 3 37 18 14 

 27 11 50 30 52 20	 => 190
 12 20 52 25 45 36	 => 190
 13 36 45 48 43 6	 => 191
 50 1 54 38 17 30	 => 190
 52 30 17 35 31 25	 => 190
 45 25 31 40 2 48	 => 191
 43 48 2 53 39 5	 => 190
 54 10 7 34 47 38	 => 190
 17 38 47 21 32 35	 => 190
 31 35 32 23 29 40	 => 190
 2 40 29 24 42 53	 => 190
 39 53 42 33 8 15	 => 190
 47 34 9 28 51 21	 => 190
 32 21 51 44 19 23	 => 190
 29 23 19 46 49 24	 => 190
 42 24 49 26 16 33	 => 190
 51 28 4 22 41 44	 => 190
 19 44 41 3 37 46	 => 190
 49 46 37 18 14 26	 => 190


===================[TEST 6]===================

##### START ##### Thu May 15 22:04:07 2003



##### CONVERGE ##### Thu May 15 22:10:38 2003

Elapsed time: 391 seconds
Total loop: 602 generations

Result : 187.794

11 25 33 49 46 27 10 14 43 51 18 47 28 4 17 30 41 21 26 35 29 23 52 40 1 15 19 36 50 22 31 45 24 9 54 34 6 5 3 42 37 44 12 48 53 38 2 20 8 39 16 32 7 13 

 11 25 33 49 46 27	 => 191
 10 27 46 14 43 51	 => 191
 18 51 43 47 28 4	 => 191
 33 17 30 41 21 49	 => 191
 46 49 21 26 35 14	 => 191
 43 14 35 29 23 47	 => 191
 28 47 23 52 40 1	 => 191
 30 15 19 36 50 41	 => 191
 21 41 50 22 31 26	 => 191
 35 26 31 45 24 29	 => 190
 23 29 24 9 54 52	 => 191
 40 52 54 34 6 5	 => 191
 50 36 3 42 37 22	 => 190
 31 22 37 44 12 45	 => 191
 24 45 12 48 53 9	 => 191
 54 9 53 38 2 34	 => 190
 37 42 20 8 39 44	 => 190
 12 44 39 16 32 48	 => 191
 53 48 32 7 13 38	 => 191


===================[TEST 7]===================

##### START ##### Thu May 15 22:10:38 2003



##### CONVERGE ##### Thu May 15 22:15:24 2003

Elapsed time: 286 seconds
Total loop: 443 generations

Result : 188.306

6 17 25 53 43 46 5 10 37 49 3 52 23 26 14 38 45 15 40 29 32 30 28 50 7 8 20 44 35 22 33 21 34 18 48 27 13 24 4 31 54 41 19 51 47 39 11 12 16 36 1 42 9 2 

 6 17 25 53 43 46	 => 190
 5 46 43 10 37 49	 => 190
 3 49 37 52 23 26	 => 190
 25 14 38 45 15 53	 => 190
 43 53 15 40 29 10	 => 190
 37 10 29 32 30 52	 => 190
 23 52 30 28 50 7	 => 190
 38 8 20 44 35 45	 => 190
 15 45 35 22 33 40	 => 190
 29 40 33 21 34 32	 => 189
 30 32 34 18 48 28	 => 190
 50 28 48 27 13 24	 => 190
 35 44 4 31 54 22	 => 190
 33 22 54 41 19 21	 => 190
 34 21 19 51 47 18	 => 190
 48 18 47 39 11 27	 => 190
 54 31 12 16 36 41	 => 190
 19 41 36 1 42 51	 => 190
 47 51 42 9 2 39	 => 190


===================[TEST 8]===================

##### START ##### Thu May 15 22:15:24 2003



##### CONVERGE ##### Thu May 15 22:19:50 2003

Elapsed time: 266 seconds
Total loop: 412 generations

Result : 187.85

10 21 41 51 36 31 15 24 52 33 4 45 48 8 5 50 25 18 38 23 35 11 54 26 6 13 20 29 53 16 40 27 28 30 32 47 22 9 7 39 46 42 19 49 37 43 1 12 17 34 2 44 3 14 

 10 21 41 51 36 31	 => 190
 15 31 36 24 52 33	 => 191
 4 33 52 45 48 8	 => 190
 41 5 50 25 18 51	 => 190
 36 51 18 38 23 24	 => 190
 52 24 23 35 11 45	 => 190
 48 45 11 54 26 6	 => 190
 50 13 20 29 53 25	 => 190
 18 25 53 16 40 38	 => 190
 23 38 40 27 28 35	 => 191
 11 35 28 30 32 54	 => 190
 26 54 32 47 22 9	 => 190
 53 29 7 39 46 16	 => 190
 40 16 46 42 19 27	 => 190
 28 27 19 49 37 30	 => 190
 32 30 37 43 1 47	 => 190
 46 39 12 17 34 42	 => 190
 19 42 34 2 44 49	 => 190
 37 49 44 3 14 43	 => 190


===================[TEST 9]===================

##### START ##### Thu May 15 22:19:50 2003



##### CONVERGE ##### Thu May 15 22:27:46 2003

Elapsed time: 476 seconds
Total loop: 738 generations

Result : 188.412

8 18 33 48 44 39 11 3 52 41 2 54 27 14 1 47 40 21 29 45 23 13 46 38 12 20 9 24 50 19 31 25 37 22 49 36 5 16 10 35 53 32 30 42 34 43 6 4 15 51 7 28 26 17 

 8 18 33 48 44 39	 => 190
 11 39 44 3 52 41	 => 190
 2 41 52 54 27 14	 => 190
 33 1 47 40 21 48	 => 190
 44 48 21 29 45 3	 => 190
 52 3 45 23 13 54	 => 190
 27 54 13 46 38 12	 => 190
 47 20 9 24 50 40	 => 190
 21 40 50 19 31 29	 => 190
 45 29 31 25 37 23	 => 190
 13 23 37 22 49 46	 => 190
 38 46 49 36 5 16	 => 190
 50 24 10 35 53 19	 => 191
 31 19 53 32 30 25	 => 190
 37 25 30 42 34 22	 => 190
 49 22 34 43 6 36	 => 190
 53 35 4 15 51 32	 => 190
 30 32 51 7 28 42	 => 190
 34 42 28 26 17 43	 => 190


===================[TEST 10]===================

##### START ##### Thu May 15 22:27:46 2003



##### CONVERGE ##### Thu May 15 22:31:15 2003

Elapsed time: 209 seconds
Total loop: 322 generations

Result : 187.163

7 6 44 46 38 49 9 19 34 41 23 47 43 2 3 28 48 21 39 27 45 17 37 42 4 16 14 53 31 18 32 24 22 33 36 30 25 20 8 26 54 52 10 51 50 40 1 12 11 35 13 29 5 15 

 7 6 44 46 38 49	 => 190
 9 49 38 19 34 41	 => 190
 23 41 34 47 43 2	 => 190
 44 3 28 48 21 46	 => 190
 38 46 21 39 27 19	 => 190
 34 19 27 45 17 47	 => 189
 43 47 17 37 42 4	 => 190
 28 16 14 53 31 48	 => 190
 21 48 31 18 32 39	 => 189
 27 39 32 24 22 45	 => 189
 17 45 22 33 36 37	 => 190
 42 37 36 30 25 20	 => 190
 31 53 8 26 54 18	 => 190
 32 18 54 52 10 24	 => 190
 22 24 10 51 50 33	 => 190
 36 33 50 40 1 30	 => 190
 54 26 12 11 35 52	 => 190
 10 52 35 13 29 51	 => 190
 50 51 29 5 15 40	 => 190



test#	fitness		sum		time
---------------------------------------------------
1	186.85				213
2	186.64				246
3	188.163				368
4	189		189		267
5	187.85				485
6	187.794				391
7	188.306				286
8	187.85				266
9	188.412				476
10	187.163				209


---------------------------------------------------
Best fitness      : 189 ( test# 4)
Best solution sum : 189 ( test# 4)
Shortest time     : 209 ( test# 10)

Average fitness   : 187.803
Average sol. sum  : 189
Average time      : 320.7
