****************** GA TEST *******************

total test#:			 10
hexa min width:			 3
hexa max width:			 5
hexa count:			 19
number count:			 54
population size:		 150
generation size:		 50

tournament winner p:		 1
do xover p:			 1
xover:				 2points
do mutation1 p:			 0.1
mutation1 p:			 0.05
do optimize p:			 1
local optimize count:		 6000
do deep better optimize p:	 1
do deep worse optimize p:	 0
do spin p:			 0
spin count:			 1000
do spin apply p:		 1
do mutation2 p:			 0.12
mutation2 p:			 0.08
force mutation2:		 0
replace bad p:			 0.195

converge rate p:		 0.99
converge count:			 1

**********************************************


===================[TEST 1]===================

##### START ##### Fri May 16 15:08:51 2003



##### CONVERGE ##### Fri May 16 15:16:16 2003

Elapsed time: 445 seconds
Total loop: 135 generations

Result : 187.501

14 4 34 43 50 45 2 6 42 46 12 54 30 7 11 28 53 21 40 31 36 22 49 26 10 25 20 29 35 19 23 33 27 13 44 39 24 9 16 41 51 47 18 52 48 38 8 3 17 32 5 37 1 15 

 14 4 34 43 50 45	 => 190
 2 45 50 6 42 46	 => 191
 12 46 42 54 30 7	 => 191
 34 11 28 53 21 43	 => 190
 50 43 21 40 31 6	 => 191
 42 6 31 36 22 54	 => 191
 30 54 22 49 26 10	 => 191
 28 25 20 29 35 53	 => 190
 21 53 35 19 23 40	 => 191
 31 40 23 33 27 36	 => 190
 22 36 27 13 44 49	 => 191
 26 49 44 39 24 9	 => 191
 35 29 16 41 51 19	 => 191
 23 19 51 47 18 33	 => 191
 27 33 18 52 48 13	 => 191
 44 13 48 38 8 39	 => 190
 51 41 3 17 32 47	 => 191
 18 47 32 5 37 52	 => 191
 48 52 37 1 15 38	 => 191


===================[TEST 2]===================

##### START ##### Fri May 16 15:16:16 2003



##### CONVERGE ##### Fri May 16 15:24:47 2003

Elapsed time: 511 seconds
Total loop: 159 generations

Result : 187.85

5 17 37 41 51 39 15 10 46 29 23 54 38 1 3 36 48 25 33 30 34 16 52 26 4 2 19 42 43 20 21 40 32 7 49 35 6 22 13 27 45 50 14 53 44 47 8 28 9 31 18 24 12 11 

 5 17 37 41 51 39	 => 190
 15 39 51 10 46 29	 => 190
 23 29 46 54 38 1	 => 191
 37 3 36 48 25 41	 => 190
 51 41 25 33 30 10	 => 190
 46 10 30 34 16 54	 => 190
 38 54 16 52 26 4	 => 190
 36 2 19 42 43 48	 => 190
 25 48 43 20 21 33	 => 190
 30 33 21 40 32 34	 => 190
 16 34 32 7 49 52	 => 190
 26 52 49 35 6 22	 => 190
 43 42 13 27 45 20	 => 190
 21 20 45 50 14 40	 => 190
 32 40 14 53 44 7	 => 190
 49 7 44 47 8 35	 => 190
 45 27 28 9 31 50	 => 190
 14 50 31 18 24 53	 => 190
 44 53 24 12 11 47	 => 191


===================[TEST 3]===================

##### START ##### Fri May 16 15:24:47 2003



##### CONVERGE ##### Fri May 16 15:31:59 2003

Elapsed time: 432 seconds
Total loop: 110 generations

Result : 187.85

11 7 33 51 48 40 6 10 54 32 22 49 28 5 12 35 44 15 27 39 21 17 53 42 1 23 8 30 50 19 36 24 43 25 31 46 2 16 20 26 45 52 14 47 37 38 13 4 29 34 3 41 9 18 

 11 7 33 51 48 40	 => 190
 6 40 48 10 54 32	 => 190
 22 32 54 49 28 5	 => 190
 33 12 35 44 15 51	 => 190
 48 51 15 27 39 10	 => 190
 54 10 39 21 17 49	 => 190
 28 49 17 53 42 1	 => 190
 35 23 8 30 50 44	 => 190
 15 44 50 19 36 27	 => 191
 39 27 36 24 43 21	 => 190
 17 21 43 25 31 53	 => 190
 42 53 31 46 2 16	 => 190
 50 30 20 26 45 19	 => 190
 36 19 45 52 14 24	 => 190
 43 24 14 47 37 25	 => 190
 31 25 37 38 13 46	 => 190
 45 26 4 29 34 52	 => 190
 14 52 34 3 41 47	 => 191
 37 47 41 9 18 38	 => 190


===================[TEST 4]===================

##### START ##### Fri May 16 15:31:59 2003



##### CONVERGE ##### Fri May 16 15:41:24 2003

Elapsed time: 565 seconds
Total loop: 145 generations

Result : 187.64

9 25 43 40 45 28 8 15 46 47 10 54 29 4 1 53 35 18 38 34 39 2 51 41 12 7 19 27 49 24 26 21 32 30 36 33 23 6 3 37 50 52 17 48 42 44 5 13 16 22 20 31 11 14 

 9 25 43 40 45 28	 => 190
 8 28 45 15 46 47	 => 189
 10 47 46 54 29 4	 => 190
 43 1 53 35 18 40	 => 190
 45 40 18 38 34 15	 => 190
 46 15 34 39 2 54	 => 190
 29 54 2 51 41 12	 => 189
 53 7 19 27 49 35	 => 190
 18 35 49 24 26 38	 => 190
 34 38 26 21 32 39	 => 190
 2 39 32 30 36 51	 => 190
 41 51 36 33 23 6	 => 190
 49 27 3 37 50 24	 => 190
 26 24 50 52 17 21	 => 190
 32 21 17 48 42 30	 => 190
 36 30 42 44 5 33	 => 190
 50 37 13 16 22 52	 => 190
 17 52 22 20 31 48	 => 190
 42 48 31 11 14 44	 => 190


===================[TEST 5]===================

##### START ##### Fri May 16 15:41:24 2003



##### CONVERGE ##### Fri May 16 15:51:04 2003

Elapsed time: 580 seconds
Total loop: 165 generations

Result : 187.501

15 18 31 43 48 36 5 16 49 37 3 53 35 13 1 40 52 24 32 28 25 19 54 26 4 9 6 51 33 23 27 34 44 11 38 39 14 20 8 29 47 50 10 46 45 41 17 21 2 42 12 30 7 22 

 15 18 31 43 48 36	 => 191
 5 36 48 16 49 37	 => 191
 3 37 49 53 35 13	 => 190
 31 1 40 52 24 43	 => 191
 48 43 24 32 28 16	 => 191
 49 16 28 25 19 53	 => 190
 35 53 19 54 26 4	 => 191
 40 9 6 51 33 52	 => 191
 24 52 33 23 27 32	 => 191
 28 32 27 34 44 25	 => 190
 19 25 44 11 38 54	 => 191
 26 54 38 39 14 20	 => 191
 33 51 8 29 47 23	 => 191
 27 23 47 50 10 34	 => 191
 44 34 10 46 45 11	 => 190
 38 11 45 41 17 39	 => 191
 47 29 21 2 42 50	 => 191
 10 50 42 12 30 46	 => 190
 45 46 30 7 22 41	 => 191


===================[TEST 6]===================

##### START ##### Fri May 16 15:51:04 2003



##### CONVERGE ##### Fri May 16 15:58:44 2003

Elapsed time: 460 seconds
Total loop: 143 generations

Result : 186.616

3 23 49 28 51 35 1 16 42 44 11 54 32 6 9 41 38 24 27 43 14 20 36 30 18 22 4 37 46 15 39 13 53 21 45 40 26 12 7 34 50 47 25 29 48 33 2 19 8 31 5 52 10 17 

 3 23 49 28 51 35	 => 189
 1 35 51 16 42 44	 => 189
 11 44 42 54 32 6	 => 189
 49 9 41 38 24 28	 => 189
 51 28 24 27 43 16	 => 189
 42 16 43 14 20 54	 => 189
 32 54 20 36 30 18	 => 190
 41 22 4 37 46 38	 => 188
 24 38 46 15 39 27	 => 189
 43 27 39 13 53 14	 => 189
 20 14 53 21 45 36	 => 189
 30 36 45 40 26 12	 => 189
 46 37 7 34 50 15	 => 189
 39 15 50 47 25 13	 => 189
 53 13 25 29 48 21	 => 189
 45 21 48 33 2 40	 => 189
 50 34 19 8 31 47	 => 189
 25 47 31 5 52 29	 => 189
 48 29 52 10 17 33	 => 189


===================[TEST 7]===================

##### START ##### Fri May 16 15:58:44 2003



##### CONVERGE ##### Fri May 16 16:05:04 2003

Elapsed time: 380 seconds
Total loop: 137 generations

Result : 188.412

11 7 39 48 49 36 2 29 34 40 17 46 33 20 9 30 51 13 26 25 32 24 38 41 8 1 6 52 50 5 45 19 43 23 31 37 22 21 3 27 53 54 14 44 47 42 10 16 12 28 15 35 4 18 

 11 7 39 48 49 36	 => 190
 2 36 49 29 34 40	 => 190
 17 40 34 46 33 20	 => 190
 39 9 30 51 13 48	 => 190
 49 48 13 26 25 29	 => 190
 34 29 25 32 24 46	 => 190
 33 46 24 38 41 8	 => 190
 30 1 6 52 50 51	 => 190
 13 51 50 5 45 26	 => 190
 25 26 45 19 43 32	 => 190
 24 32 43 23 31 38	 => 191
 41 38 31 37 22 21	 => 190
 50 52 3 27 53 5	 => 190
 45 5 53 54 14 19	 => 190
 43 19 14 44 47 23	 => 190
 31 23 47 42 10 37	 => 190
 53 27 16 12 28 54	 => 190
 14 54 28 15 35 44	 => 190
 47 44 35 4 18 42	 => 190


===================[TEST 8]===================

##### START ##### Fri May 16 16:05:04 2003



##### CONVERGE ##### Fri May 16 16:17:25 2003

Elapsed time: 741 seconds
Total loop: 210 generations

Result : 188.412

18 15 38 27 47 45 2 28 29 39 11 52 51 8 19 49 33 25 31 32 26 23 43 20 1 16 10 34 48 17 36 35 30 14 54 42 22 9 4 37 50 40 12 46 53 24 3 6 13 44 7 41 21 5 

 18 15 38 27 47 45	 => 190
 2 45 47 28 29 39	 => 190
 11 39 29 52 51 8	 => 190
 38 19 49 33 25 27	 => 191
 47 27 25 31 32 28	 => 190
 29 28 32 26 23 52	 => 190
 51 52 23 43 20 1	 => 190
 49 16 10 34 48 33	 => 190
 25 33 48 17 36 31	 => 190
 32 31 36 35 30 26	 => 190
 23 26 30 14 54 43	 => 190
 20 43 54 42 22 9	 => 190
 48 34 4 37 50 17	 => 190
 36 17 50 40 12 35	 => 190
 30 35 12 46 53 14	 => 190
 54 14 53 24 3 42	 => 190
 50 37 6 13 44 40	 => 190
 12 40 44 7 41 46	 => 190
 53 46 41 21 5 24	 => 190


===================[TEST 9]===================

##### START ##### Fri May 16 16:17:25 2003



##### CONVERGE ##### Fri May 16 16:28:05 2003

Elapsed time: 640 seconds
Total loop: 137 generations

Result : 188.412

15 13 18 53 46 45 8 9 52 30 10 54 42 2 12 50 34 23 33 26 29 20 44 24 6 11 7 39 49 16 36 38 28 22 47 43 27 5 3 35 48 31 21 41 40 37 1 25 19 32 14 51 4 17 

 15 13 18 53 46 45	 => 190
 8 45 46 9 52 30	 => 190
 10 30 52 54 42 2	 => 190
 18 12 50 34 23 53	 => 190
 46 53 23 33 26 9	 => 190
 52 9 26 29 20 54	 => 190
 42 54 20 44 24 6	 => 190
 50 11 7 39 49 34	 => 190
 23 34 49 16 36 33	 => 191
 26 33 36 38 28 29	 => 190
 20 29 28 22 47 44	 => 190
 24 44 47 43 27 5	 => 190
 49 39 3 35 48 16	 => 190
 36 16 48 31 21 38	 => 190
 28 38 21 41 40 22	 => 190
 47 22 40 37 1 43	 => 190
 48 35 25 19 32 31	 => 190
 21 31 32 14 51 41	 => 190
 40 41 51 4 17 37	 => 190


===================[TEST 10]===================

##### START ##### Fri May 16 16:28:05 2003



##### CONVERGE ##### Fri May 16 16:33:12 2003

Elapsed time: 307 seconds
Total loop: 90 generations

Result : 186.616

31 4 20 42 48 43 8 19 49 22 17 44 50 7 15 45 35 32 23 25 36 16 40 34 5 11 6 53 39 9 51 28 26 24 47 29 27 12 1 33 54 30 18 52 41 46 2 13 21 38 14 37 10 3 

 31 4 20 42 48 43	 => 188
 8 43 48 19 49 22	 => 189
 17 22 49 44 50 7	 => 189
 20 15 45 35 32 42	 => 189
 48 42 32 23 25 19	 => 189
 49 19 25 36 16 44	 => 189
 50 44 16 40 34 5	 => 189
 45 11 6 53 39 35	 => 189
 32 35 39 9 51 23	 => 189
 25 23 51 28 26 36	 => 189
 16 36 26 24 47 40	 => 189
 34 40 47 29 27 12	 => 189
 39 53 1 33 54 9	 => 189
 51 9 54 30 18 28	 => 190
 26 28 18 52 41 24	 => 189
 47 24 41 46 2 29	 => 189
 54 33 13 21 38 30	 => 189
 18 30 38 14 37 52	 => 189
 41 52 37 10 3 46	 => 189



test#	fitness		sum		time
---------------------------------------------------
1	187.501				445
2	187.85				511
3	187.85				432
4	187.64				565
5	187.501				580
6	186.616				460
7	188.412				380
8	188.412				741
9	188.412				640
10	186.616				307


---------------------------------------------------
Best fitness      : 188.412 ( test# 7)
Shortest time     : 307 ( test# 10)

Average fitness   : 187.681
Average time      : 506.1
