****************** GA TEST *******************

total test#:			 10
hexa min width:			 3
hexa max width:			 5
hexa count:			 19
number count:			 54
population size:		 130
generation size:		 12

tournament winner p:		 1
do xover p:			 1
xover:				 2points
do mutation1 p:			 0.1
mutation1 p:			 0.05
do optimize p:			 1
local optimize count:		 6000
do deep better optimize p:	 1
do deep worse optimize p:	 0
do spin p:			 0
spin count:			 1000
do spin apply p:		 1
do mutation2 p:			 0.12
mutation2 p:			 0.08
force mutation2:		 0
replace bad p:			 0.195

converge rate p:		 0.99
converge count:			 1

**********************************************


===================[TEST 1]===================

##### START ##### Thu May 15 20:05:23 2003



##### CONVERGE ##### Thu May 15 20:10:51 2003

Elapsed time: 328 seconds
Total loop: 508 generations

Result : 188.412

12 3 26 54 48 47 4 10 50 31 7 52 34 17 2 41 53 14 40 24 32 22 44 30 8 5 9 39 43 13 27 46 21 29 42 45 11 18 16 28 51 33 20 36 38 35 1 23 6 49 15 37 19 25 

 12 3 26 54 48 47	 => 190
 4 47 48 10 50 31	 => 190
 7 31 50 52 34 17	 => 191
 26 2 41 53 14 54	 => 190
 48 54 14 40 24 10	 => 190
 50 10 24 32 22 52	 => 190
 34 52 22 44 30 8	 => 190
 41 5 9 39 43 53	 => 190
 14 53 43 13 27 40	 => 190
 24 40 27 46 21 32	 => 190
 22 32 21 29 42 44	 => 190
 30 44 42 45 11 18	 => 190
 43 39 16 28 51 13	 => 190
 27 13 51 33 20 46	 => 190
 21 46 20 36 38 29	 => 190
 42 29 38 35 1 45	 => 190
 51 28 23 6 49 33	 => 190
 20 33 49 15 37 36	 => 190
 38 36 37 19 25 35	 => 190


===================[TEST 2]===================

##### START ##### Thu May 15 20:10:51 2003



##### CONVERGE ##### Thu May 15 20:13:32 2003

Elapsed time: 161 seconds
Total loop: 245 generations

Result : 187.412

2 9 46 48 45 39 7 10 53 35 14 54 21 12 6 28 44 17 51 18 30 25 47 26 16 34 1 49 33 13 31 36 23 24 40 52 19 5 15 42 37 50 22 43 41 29 3 20 8 32 4 38 11 27 

 2 9 46 48 45 39	 => 189
 7 39 45 10 53 35	 => 189
 14 35 53 54 21 12	 => 189
 46 6 28 44 17 48	 => 189
 45 48 17 51 18 10	 => 189
 53 10 18 30 25 54	 => 190
 21 54 25 47 26 16	 => 189
 28 34 1 49 33 44	 => 189
 17 44 33 13 31 51	 => 189
 18 51 31 36 23 30	 => 189
 25 30 23 24 40 47	 => 189
 26 47 40 52 19 5	 => 189
 33 49 15 42 37 13	 => 189
 31 13 37 50 22 36	 => 189
 23 36 22 43 41 24	 => 189
 40 24 41 29 3 52	 => 189
 37 42 20 8 32 50	 => 189
 22 50 32 4 38 43	 => 189
 41 43 38 11 27 29	 => 189


===================[TEST 3]===================

##### START ##### Thu May 15 20:13:32 2003



##### CONVERGE ##### Thu May 15 20:17:37 2003

Elapsed time: 245 seconds
Total loop: 380 generations

Result : 187.85

7 14 33 43 51 42 2 18 45 32 10 53 23 27 6 47 41 20 34 24 28 22 52 37 3 15 13 31 44 16 35 30 39 1 48 40 8 5 12 49 38 50 21 54 46 26 29 17 11 25 4 36 9 19 

 7 14 33 43 51 42	 => 190
 2 42 51 18 45 32	 => 190
 10 32 45 53 23 27	 => 190
 33 6 47 41 20 43	 => 190
 51 43 20 34 24 18	 => 190
 45 18 24 28 22 53	 => 190
 23 53 22 52 37 3	 => 190
 47 15 13 31 44 41	 => 191
 20 41 44 16 35 34	 => 190
 24 34 35 30 39 28	 => 190
 22 28 39 1 48 52	 => 190
 37 52 48 40 8 5	 => 190
 44 31 12 49 38 16	 => 190
 35 16 38 50 21 30	 => 190
 39 30 21 54 46 1	 => 191
 48 1 46 26 29 40	 => 190
 38 49 17 11 25 50	 => 190
 21 50 25 4 36 54	 => 190
 46 54 36 9 19 26	 => 190


===================[TEST 4]===================

##### START ##### Thu May 15 20:17:37 2003



##### CONVERGE ##### Thu May 15 20:21:51 2003

Elapsed time: 254 seconds
Total loop: 394 generations

Result : 187.616

12 4 36 54 40 44 8 26 30 42 13 53 27 25 6 23 50 21 17 33 28 20 39 29 22 19 10 37 51 16 35 31 46 9 48 47 24 3 7 34 45 49 14 38 52 32 2 18 1 43 5 41 15 11 

 12 4 36 54 40 44	 => 190
 8 44 40 26 30 42	 => 190
 13 42 30 53 27 25	 => 190
 36 6 23 50 21 54	 => 190
 40 54 21 17 33 26	 => 191
 30 26 33 28 20 53	 => 190
 27 53 20 39 29 22	 => 190
 23 19 10 37 51 50	 => 190
 21 50 51 16 35 17	 => 190
 33 17 35 31 46 28	 => 190
 20 28 46 9 48 39	 => 190
 29 39 48 47 24 3	 => 190
 51 37 7 34 45 16	 => 190
 35 16 45 49 14 31	 => 190
 46 31 14 38 52 9	 => 190
 48 9 52 32 2 47	 => 190
 45 34 18 1 43 49	 => 190
 14 49 43 5 41 38	 => 190
 52 38 41 15 11 32	 => 189


===================[TEST 5]===================

##### START ##### Thu May 15 20:21:51 2003



##### CONVERGE ##### Thu May 15 20:24:01 2003

Elapsed time: 130 seconds
Total loop: 200 generations

Result : 186.306

5 33 29 53 21 47 4 35 37 44 7 48 41 11 2 43 51 10 52 17 39 12 38 46 3 6 14 40 34 22 19 25 36 18 45 30 1 28 16 26 50 49 23 32 54 31 9 13 8 42 15 27 24 20 

 5 33 29 53 21 47	 => 188
 4 47 21 35 37 44	 => 188
 7 44 37 48 41 11	 => 188
 29 2 43 51 10 53	 => 188
 21 53 10 52 17 35	 => 188
 37 35 17 39 12 48	 => 188
 41 48 12 38 46 3	 => 188
 43 6 14 40 34 51	 => 188
 10 51 34 22 19 52	 => 188
 17 52 19 25 36 39	 => 188
 12 39 36 18 45 38	 => 188
 46 38 45 30 1 28	 => 188
 34 40 16 26 50 22	 => 188
 19 22 50 49 23 25	 => 188
 36 25 23 32 54 18	 => 188
 45 18 54 31 9 30	 => 187
 50 26 13 8 42 49	 => 188
 23 49 42 15 27 32	 => 188
 54 32 27 24 20 31	 => 188


===================[TEST 6]===================

##### START ##### Thu May 15 20:24:01 2003



##### CONVERGE ##### Thu May 15 20:29:22 2003

Elapsed time: 321 seconds
Total loop: 496 generations

Result : 187.794

4 11 53 52 37 34 8 19 48 45 3 39 41 15 1 28 47 10 42 31 29 25 44 24 17 14 21 32 49 16 27 35 26 13 54 40 23 6 7 36 50 43 20 51 46 33 5 22 2 38 9 30 18 12 

 4 11 53 52 37 34	 => 191
 8 34 37 19 48 45	 => 191
 3 45 48 39 41 15	 => 191
 53 1 28 47 10 52	 => 191
 37 52 10 42 31 19	 => 191
 48 19 31 29 25 39	 => 191
 41 39 25 44 24 17	 => 190
 28 14 21 32 49 47	 => 191
 10 47 49 16 27 42	 => 191
 31 42 27 35 26 29	 => 190
 25 29 26 13 54 44	 => 191
 24 44 54 40 23 6	 => 191
 49 32 7 36 50 16	 => 190
 27 16 50 43 20 35	 => 191
 26 35 20 51 46 13	 => 191
 54 13 46 33 5 40	 => 191
 50 36 22 2 38 43	 => 191
 20 43 38 9 30 51	 => 191
 46 51 30 18 12 33	 => 190


===================[TEST 7]===================

##### START ##### Thu May 15 20:29:22 2003



##### CONVERGE ##### Thu May 15 20:32:36 2003

Elapsed time: 194 seconds
Total loop: 299 generations

Result : 186.215

18 12 48 24 54 33 4 22 29 47 15 40 44 14 17 37 43 20 34 36 35 27 39 31 8 3 23 32 51 16 25 50 9 28 52 41 7 19 2 46 42 45 11 53 38 30 1 21 10 26 5 49 13 6 

 18 12 48 24 54 33	 => 189
 4 33 54 22 29 47	 => 189
 15 47 29 40 44 14	 => 189
 48 17 37 43 20 24	 => 189
 54 24 20 34 36 22	 => 190
 29 22 36 35 27 40	 => 189
 44 40 27 39 31 8	 => 189
 37 3 23 32 51 43	 => 189
 20 43 51 16 25 34	 => 189
 36 34 25 50 9 35	 => 189
 27 35 9 28 52 39	 => 190
 31 39 52 41 7 19	 => 189
 51 32 2 46 42 16	 => 189
 25 16 42 45 11 50	 => 189
 9 50 11 53 38 28	 => 189
 52 28 38 30 1 41	 => 190
 42 46 21 10 26 45	 => 190
 11 45 26 5 49 53	 => 189
 38 53 49 13 6 30	 => 189


===================[TEST 8]===================

##### START ##### Thu May 15 20:32:36 2003



##### CONVERGE ##### Thu May 15 20:36:57 2003

Elapsed time: 261 seconds
Total loop: 403 generations

Result : 187.85

12 5 34 39 52 48 6 8 46 31 15 47 37 14 2 53 38 24 32 35 28 26 43 33 4 16 13 30 40 27 29 22 44 7 42 45 18 9 3 50 41 54 17 51 49 36 11 21 1 23 20 25 19 10 

 12 5 34 39 52 48	 => 190
 6 48 52 8 46 31	 => 191
 15 31 46 47 37 14	 => 190
 34 2 53 38 24 39	 => 190
 52 39 24 32 35 8	 => 190
 46 8 35 28 26 47	 => 190
 37 47 26 43 33 4	 => 190
 53 16 13 30 40 38	 => 190
 24 38 40 27 29 32	 => 190
 35 32 29 22 44 28	 => 190
 26 28 44 7 42 43	 => 190
 33 43 42 45 18 9	 => 190
 40 30 3 50 41 27	 => 191
 29 27 41 54 17 22	 => 190
 44 22 17 51 49 7	 => 190
 42 7 49 36 11 45	 => 190
 41 50 21 1 23 54	 => 190
 17 54 23 20 25 51	 => 190
 49 51 25 19 10 36	 => 190


===================[TEST 9]===================

##### START ##### Thu May 15 20:36:57 2003



##### CONVERGE ##### Thu May 15 20:42:46 2003

Elapsed time: 349 seconds
Total loop: 541 generations

Result (Solution) : 190

9 16 35 44 41 45 10 23 50 21 15 34 46 24 5 42 47 17 40 25 27 31 39 28 12 3 7 53 38 19 29 32 37 4 52 54 6 11 1 36 43 49 18 51 48 30 2 22 14 26 13 33 20 8 

 9 16 35 44 41 45	 => 190
 10 45 41 23 50 21	 => 190
 15 21 50 34 46 24	 => 190
 35 5 42 47 17 44	 => 190
 41 44 17 40 25 23	 => 190
 50 23 25 27 31 34	 => 190
 46 34 31 39 28 12	 => 190
 42 3 7 53 38 47	 => 190
 17 47 38 19 29 40	 => 190
 25 40 29 32 37 27	 => 190
 31 27 37 4 52 39	 => 190
 28 39 52 54 6 11	 => 190
 38 53 1 36 43 19	 => 190
 29 19 43 49 18 32	 => 190
 37 32 18 51 48 4	 => 190
 52 4 48 30 2 54	 => 190
 43 36 22 14 26 49	 => 190
 18 49 26 13 33 51	 => 190
 48 51 33 20 8 30	 => 190


===================[TEST 10]===================

##### START ##### Thu May 15 20:42:46 2003



##### CONVERGE ##### Thu May 15 20:48:13 2003

Elapsed time: 327 seconds
Total loop: 504 generations

Result : 188.412

2 19 41 45 54 29 6 20 50 31 3 47 49 10 5 36 46 18 27 26 40 7 44 21 22 15 4 37 52 12 35 30 32 14 53 39 8 25 17 34 38 51 24 48 42 33 9 13 11 43 1 23 28 16 

 2 19 41 45 54 29	 => 190
 6 29 54 20 50 31	 => 190
 3 31 50 47 49 10	 => 190
 41 5 36 46 18 45	 => 191
 54 45 18 27 26 20	 => 190
 50 20 26 40 7 47	 => 190
 49 47 7 44 21 22	 => 190
 36 15 4 37 52 46	 => 190
 18 46 52 12 35 27	 => 190
 26 27 35 30 32 40	 => 190
 7 40 32 14 53 44	 => 190
 21 44 53 39 8 25	 => 190
 52 37 17 34 38 12	 => 190
 35 12 38 51 24 30	 => 190
 32 30 24 48 42 14	 => 190
 53 14 42 33 9 39	 => 190
 38 34 13 11 43 51	 => 190
 24 51 43 1 23 48	 => 190
 42 48 23 28 16 33	 => 190



test#	fitness		sum		time
---------------------------------------------------
1	188.412				328
2	187.412				161
3	187.85				245
4	187.616				254
5	186.306				130
6	187.794				321
7	186.215				194
8	187.85				261
9	190		190		349
10	188.412				327


---------------------------------------------------
Best fitness      : 190 ( test# 9)
Best solution sum : 190 ( test# 9)
Shortest time     : 130 ( test# 5)

Average fitness   : 187.787
Average sol. sum  : 190
Average time      : 257
