****************** GA TEST *******************

total test#:			 10
hexa min width:			 3
hexa max width:			 5
hexa count:			 19
number count:			 54
population size:		 120
generation size:		 50

tournament winner p:		 1
do xover p:			 1
xover:				 3points
do mutation1 p:			 0.1
mutation1 p:			 0.05
do optimize p:			 1
local optimize count:		 6000
do deep better optimize p:	 1
do deep worse optimize p:	 0
do spin p:			 0
spin count:			 1000
do spin apply p:		 1
do mutation2 p:			 0.12
mutation2 p:			 0.08
force mutation2:		 0
replace bad p:			 0.195

converge rate p:		 0.99
converge count:			 1

**********************************************


===================[TEST 1]===================

##### START ##### Fri May 16 16:57:53 2003



##### CONVERGE ##### Fri May 16 17:05:46 2003

Elapsed time: 473 seconds
Total loop: 138 generations

Result : 187.64

11 10 53 36 48 32 9 26 30 45 14 50 35 16 5 34 44 18 21 41 31 12 38 52 3 2 6 49 54 13 40 24 33 25 51 22 20 7 1 29 43 47 23 39 46 42 4 19 15 37 17 27 8 28 

 11 10 53 36 48 32	 => 190
 9 32 48 26 30 45	 => 190
 14 45 30 50 35 16	 => 190
 53 5 34 44 18 36	 => 190
 48 36 18 21 41 26	 => 190
 30 26 41 31 12 50	 => 190
 35 50 12 38 52 3	 => 190
 34 2 6 49 54 44	 => 189
 18 44 54 13 40 21	 => 190
 41 21 40 24 33 31	 => 190
 12 31 33 25 51 38	 => 190
 52 38 51 22 20 7	 => 190
 54 49 1 29 43 13	 => 189
 40 13 43 47 23 24	 => 190
 33 24 23 39 46 25	 => 190
 51 25 46 42 4 22	 => 190
 43 29 19 15 37 47	 => 190
 23 47 37 17 27 39	 => 190
 46 39 27 8 28 42	 => 190


===================[TEST 2]===================

##### START ##### Fri May 16 17:05:46 2003



##### CONVERGE ##### Fri May 16 17:12:13 2003

Elapsed time: 387 seconds
Total loop: 119 generations

Result : 188.412

4 33 38 32 54 29 12 21 51 23 10 42 45 19 15 40 41 24 34 26 39 11 50 37 5 14 3 44 48 8 35 31 25 16 49 43 2 9 17 27 46 52 18 47 53 28 1 13 22 30 7 36 20 6 

 4 33 38 32 54 29	 => 190
 12 29 54 21 51 23	 => 190
 10 23 51 42 45 19	 => 190
 38 15 40 41 24 32	 => 190
 54 32 24 34 26 21	 => 191
 51 21 26 39 11 42	 => 190
 45 42 11 50 37 5	 => 190
 40 14 3 44 48 41	 => 190
 24 41 48 8 35 34	 => 190
 26 34 35 31 25 39	 => 190
 11 39 25 16 49 50	 => 190
 37 50 49 43 2 9	 => 190
 48 44 17 27 46 8	 => 190
 35 8 46 52 18 31	 => 190
 25 31 18 47 53 16	 => 190
 49 16 53 28 1 43	 => 190
 46 27 13 22 30 52	 => 190
 18 52 30 7 36 47	 => 190
 53 47 36 20 6 28	 => 190


===================[TEST 3]===================

##### START ##### Fri May 16 17:12:13 2003



##### CONVERGE ##### Fri May 16 17:15:29 2003

Elapsed time: 196 seconds
Total loop: 53 generations

Result (Solution) : 188

4 14 52 44 50 24 2 26 41 45 9 51 27 15 7 37 32 16 39 13 46 11 42 36 21 12 25 29 53 8 40 28 22 18 49 48 10 3 1 43 54 23 35 47 38 30 5 17 20 31 19 33 34 6 

 4 14 52 44 50 24	 => 188
 2 24 50 26 41 45	 => 188
 9 45 41 51 27 15	 => 188
 52 7 37 32 16 44	 => 188
 50 44 16 39 13 26	 => 188
 41 26 13 46 11 51	 => 188
 27 51 11 42 36 21	 => 188
 37 12 25 29 53 32	 => 188
 16 32 53 8 40 39	 => 188
 13 39 40 28 22 46	 => 188
 11 46 22 18 49 42	 => 188
 36 42 49 48 10 3	 => 188
 53 29 1 43 54 8	 => 188
 40 8 54 23 35 28	 => 188
 22 28 35 47 38 18	 => 188
 49 18 38 30 5 48	 => 188
 54 43 17 20 31 23	 => 188
 35 23 31 19 33 47	 => 188
 38 47 33 34 6 30	 => 188


===================[TEST 4]===================

##### START ##### Fri May 16 17:15:29 2003



##### CONVERGE ##### Fri May 16 17:24:56 2003

Elapsed time: 567 seconds
Total loop: 126 generations

Result : 187.85

27 3 35 49 45 31 9 16 51 38 1 48 34 18 10 36 47 13 42 25 28 22 52 32 2 5 14 46 43 4 41 21 33 17 39 37 19 11 20 23 54 44 26 53 40 50 7 24 15 30 8 29 6 12 

 27 3 35 49 45 31	 => 190
 9 31 45 16 51 38	 => 190
 1 38 51 48 34 18	 => 190
 35 10 36 47 13 49	 => 190
 45 49 13 42 25 16	 => 190
 51 16 25 28 22 48	 => 190
 34 48 22 52 32 2	 => 190
 36 5 14 46 43 47	 => 191
 13 47 43 4 41 42	 => 190
 25 42 41 21 33 28	 => 190
 22 28 33 17 39 52	 => 191
 32 52 39 37 19 11	 => 190
 43 46 20 23 54 4	 => 190
 41 4 54 44 26 21	 => 190
 33 21 26 53 40 17	 => 190
 39 17 40 50 7 37	 => 190
 54 23 24 15 30 44	 => 190
 26 44 30 8 29 53	 => 190
 40 53 29 6 12 50	 => 190


===================[TEST 5]===================

##### START ##### Fri May 16 17:24:56 2003



##### CONVERGE ##### Fri May 16 17:33:05 2003

Elapsed time: 489 seconds
Total loop: 100 generations

Result : 186.85

9 5 37 54 35 49 1 11 40 53 8 43 38 7 6 22 51 19 25 45 21 29 44 32 3 17 18 31 50 10 34 28 36 13 47 39 4 23 15 41 42 48 27 52 33 46 12 24 14 20 16 26 30 2 

 9 5 37 54 35 49	 => 189
 1 49 35 11 40 53	 => 189
 8 53 40 43 38 7	 => 189
 37 6 22 51 19 54	 => 189
 35 54 19 25 45 11	 => 189
 40 11 45 21 29 43	 => 189
 38 43 29 44 32 3	 => 189
 22 17 18 31 50 51	 => 189
 19 51 50 10 34 25	 => 189
 45 25 34 28 36 21	 => 189
 29 21 36 13 47 44	 => 190
 32 44 47 39 4 23	 => 189
 50 31 15 41 42 10	 => 189
 34 10 42 48 27 28	 => 189
 36 28 27 52 33 13	 => 189
 47 13 33 46 12 39	 => 190
 42 41 24 14 20 48	 => 189
 27 48 20 16 26 52	 => 189
 33 52 26 30 2 46	 => 189


===================[TEST 6]===================

##### START ##### Fri May 16 17:33:05 2003



##### CONVERGE ##### Fri May 16 17:41:24 2003

Elapsed time: 499 seconds
Total loop: 102 generations

Result : 187.85

12 5 28 54 53 38 7 17 46 29 8 51 50 6 11 42 39 16 23 27 31 18 33 36 2 14 20 30 45 26 41 21 48 13 47 43 9 22 4 52 34 44 24 35 49 37 1 3 25 32 15 40 10 19 

 12 5 28 54 53 38	 => 190
 7 38 53 17 46 29	 => 190
 8 29 46 51 50 6	 => 190
 28 11 42 39 16 54	 => 190
 53 54 16 23 27 17	 => 190
 46 17 27 31 18 51	 => 190
 50 51 18 33 36 2	 => 190
 42 14 20 30 45 39	 => 190
 16 39 45 26 41 23	 => 190
 27 23 41 21 48 31	 => 191
 18 31 48 13 47 33	 => 190
 36 33 47 43 9 22	 => 190
 45 30 4 52 34 26	 => 191
 41 26 34 44 24 21	 => 190
 48 21 24 35 49 13	 => 190
 47 13 49 37 1 43	 => 190
 34 52 3 25 32 44	 => 190
 24 44 32 15 40 35	 => 190
 49 35 40 10 19 37	 => 190


===================[TEST 7]===================

##### START ##### Fri May 16 17:41:24 2003



##### CONVERGE ##### Fri May 16 17:47:10 2003

Elapsed time: 346 seconds
Total loop: 100 generations

Result : 187.85

22 11 31 41 50 35 16 24 37 28 26 54 27 18 2 47 49 20 30 25 43 8 44 42 15 3 14 48 29 23 39 17 36 21 38 46 12 9 4 33 53 45 13 51 52 32 1 6 19 34 7 40 5 10 

 22 11 31 41 50 35	 => 190
 16 35 50 24 37 28	 => 190
 26 28 37 54 27 18	 => 190
 31 2 47 49 20 41	 => 190
 50 41 20 30 25 24	 => 190
 37 24 25 43 8 54	 => 191
 27 54 8 44 42 15	 => 190
 47 3 14 48 29 49	 => 190
 20 49 29 23 39 30	 => 190
 25 30 39 17 36 43	 => 190
 8 43 36 21 38 44	 => 190
 42 44 38 46 12 9	 => 191
 29 48 4 33 53 23	 => 190
 39 23 53 45 13 17	 => 190
 36 17 13 51 52 21	 => 190
 38 21 52 32 1 46	 => 190
 53 33 6 19 34 45	 => 190
 13 45 34 7 40 51	 => 190
 52 51 40 5 10 32	 => 190


===================[TEST 8]===================

##### START ##### Fri May 16 17:47:10 2003



##### CONVERGE ##### Fri May 16 17:53:54 2003

Elapsed time: 404 seconds
Total loop: 142 generations

Result : 187.85

15 13 42 34 33 53 8 27 30 39 11 40 45 25 17 32 47 18 35 43 41 9 54 38 4 12 5 46 48 21 22 29 20 16 51 31 6 10 3 28 44 50 24 52 49 36 7 19 23 26 1 37 14 2 

 15 13 42 34 33 53	 => 190
 8 53 33 27 30 39	 => 190
 11 39 30 40 45 25	 => 190
 42 17 32 47 18 34	 => 190
 33 34 18 35 43 27	 => 190
 30 27 43 41 9 40	 => 190
 45 40 9 54 38 4	 => 190
 32 12 5 46 48 47	 => 190
 18 47 48 21 22 35	 => 191
 43 35 22 29 20 41	 => 190
 9 41 20 16 51 54	 => 191
 38 54 51 31 6 10	 => 190
 48 46 3 28 44 21	 => 190
 22 21 44 50 24 29	 => 190
 20 29 24 52 49 16	 => 190
 51 16 49 36 7 31	 => 190
 44 28 19 23 26 50	 => 190
 24 50 26 1 37 52	 => 190
 49 52 37 14 2 36	 => 190


===================[TEST 9]===================

##### START ##### Fri May 16 17:53:54 2003



##### CONVERGE ##### Fri May 16 17:58:39 2003

Elapsed time: 285 seconds
Total loop: 106 generations

Result : 187.163

4 6 49 52 43 36 1 26 47 37 8 42 40 15 9 33 30 17 27 25 31 18 51 34 5 19 10 50 48 14 54 21 32 22 35 41 16 13 11 28 39 38 24 45 46 44 2 12 20 53 7 23 3 29 

 4 6 49 52 43 36	 => 190
 1 36 43 26 47 37	 => 190
 8 37 47 42 40 15	 => 189
 49 9 33 30 17 52	 => 190
 43 52 17 27 25 26	 => 190
 47 26 25 31 18 42	 => 189
 40 42 18 51 34 5	 => 190
 33 19 10 50 48 30	 => 190
 17 30 48 14 54 27	 => 190
 25 27 54 21 32 31	 => 190
 18 31 32 22 35 51	 => 189
 34 51 35 41 16 13	 => 190
 48 50 11 28 39 14	 => 190
 54 14 39 38 24 21	 => 190
 32 21 24 45 46 22	 => 190
 35 22 46 44 2 41	 => 190
 39 28 12 20 53 38	 => 190
 24 38 53 7 23 45	 => 190
 46 45 23 3 29 44	 => 190


===================[TEST 10]===================

##### START ##### Fri May 16 17:58:39 2003



##### CONVERGE ##### Fri May 16 18:01:56 2003

Elapsed time: 197 seconds
Total loop: 73 generations

Result : 186.85

7 4 28 51 54 45 6 5 49 30 11 52 25 22 1 47 42 21 39 19 35 29 37 43 3 2 10 40 48 8 31 38 27 17 44 33 12 20 26 14 53 36 23 34 50 32 13 16 24 46 9 41 18 15 

 7 4 28 51 54 45	 => 189
 6 45 54 5 49 30	 => 189
 11 30 49 52 25 22	 => 189
 28 1 47 42 21 51	 => 190
 54 51 21 39 19 5	 => 189
 49 5 19 35 29 52	 => 189
 25 52 29 37 43 3	 => 189
 47 2 10 40 48 42	 => 189
 21 42 48 8 31 39	 => 189
 19 39 31 38 27 35	 => 189
 29 35 27 17 44 37	 => 189
 43 37 44 33 12 20	 => 189
 48 40 26 14 53 8	 => 189
 31 8 53 36 23 38	 => 189
 27 38 23 34 50 17	 => 189
 44 17 50 32 13 33	 => 189
 53 14 16 24 46 36	 => 189
 23 36 46 9 41 34	 => 189
 50 34 41 18 15 32	 => 190



test#	fitness		sum		time
---------------------------------------------------
1	187.64				473
2	188.412				387
3	188		188		196
4	187.85				567
5	186.85				489
6	187.85				499
7	187.85				346
8	187.85				404
9	187.163				285
10	186.85				197


---------------------------------------------------
Best fitness      : 188.412 ( test# 2)
Best solution sum : 188 ( test# 3)
Shortest time     : 196 ( test# 3)

Average fitness   : 187.631
Average sol. sum  : 188
Average time      : 384.3
