****************** GA TEST *******************

total test#:			 10
hexa min width:			 3
hexa max width:			 5
hexa count:			 19
number count:			 54
population size:		 140
generation size:		 20

tournament winner p:		 1
do xover p:			 1
xover:				 2points
do mutation1 p:			 0.1
mutation1 p:			 0.05
do optimize p:			 1
local optimize count:		 6000
do deep better optimize p:	 1
do deep worse optimize p:	 0
do spin p:			 0
spin count:			 1000
do spin apply p:		 1
do mutation2 p:			 0.12
mutation2 p:			 0.08
force mutation2:		 0
replace bad p:			 0.195

converge rate p:		 0.99
converge count:			 1

**********************************************


===================[TEST 1]===================

##### START ##### Fri May 16 02:30:29 2003



##### CONVERGE ##### Fri May 16 02:35:47 2003

Elapsed time: 318 seconds
Total loop: 296 generations

Result : 187.85

17 19 38 27 54 35 3 15 51 32 1 37 40 29 25 43 41 16 48 30 33 24 53 28 8 11 4 47 44 18 23 34 22 13 45 42 10 12 6 26 49 46 20 50 52 36 2 21 9 39 5 31 14 7 

 17 19 38 27 54 35	 => 190
 3 35 54 15 51 32	 => 190
 1 32 51 37 40 29	 => 190
 38 25 43 41 16 27	 => 190
 54 27 16 48 30 15	 => 190
 51 15 30 33 24 37	 => 190
 40 37 24 53 28 8	 => 190
 43 11 4 47 44 41	 => 190
 16 41 44 18 23 48	 => 190
 30 48 23 34 22 33	 => 190
 24 33 22 13 45 53	 => 190
 28 53 45 42 10 12	 => 190
 44 47 6 26 49 18	 => 190
 23 18 49 46 20 34	 => 190
 22 34 20 50 52 13	 => 191
 45 13 52 36 2 42	 => 190
 49 26 21 9 39 46	 => 190
 20 46 39 5 31 50	 => 191
 52 50 31 14 7 36	 => 190


===================[TEST 2]===================

##### START ##### Fri May 16 02:35:47 2003



##### CONVERGE ##### Fri May 16 02:40:23 2003

Elapsed time: 276 seconds
Total loop: 256 generations

Result : 188.412

24 18 23 54 35 36 3 28 47 41 11 45 39 8 13 48 50 2 44 27 33 10 49 32 15 6 5 38 43 26 25 30 31 16 51 29 20 9 7 34 42 46 21 52 40 53 1 14 17 37 12 22 4 19 

 24 18 23 54 35 36	 => 190
 3 36 35 28 47 41	 => 190
 11 41 47 45 39 8	 => 191
 23 13 48 50 2 54	 => 190
 35 54 2 44 27 28	 => 190
 47 28 27 33 10 45	 => 190
 39 45 10 49 32 15	 => 190
 48 6 5 38 43 50	 => 190
 2 50 43 26 25 44	 => 190
 27 44 25 30 31 33	 => 190
 10 33 31 16 51 49	 => 190
 32 49 51 29 20 9	 => 190
 43 38 7 34 42 26	 => 190
 25 26 42 46 21 30	 => 190
 31 30 21 52 40 16	 => 190
 51 16 40 53 1 29	 => 190
 42 34 14 17 37 46	 => 190
 21 46 37 12 22 52	 => 190
 40 52 22 4 19 53	 => 190


===================[TEST 3]===================

##### START ##### Fri May 16 02:40:23 2003



##### CONVERGE ##### Fri May 16 02:45:12 2003

Elapsed time: 289 seconds
Total loop: 268 generations

Result : 187.163

1 6 24 53 54 52 3 5 47 29 8 44 50 12 7 33 43 30 20 28 48 18 31 36 10 13 11 39 51 14 32 35 27 26 40 46 17 19 4 45 37 49 22 42 38 25 15 9 16 34 2 41 21 23 

 1 6 24 53 54 52	 => 190
 3 52 54 5 47 29	 => 190
 8 29 47 44 50 12	 => 190
 24 7 33 43 30 53	 => 190
 54 53 30 20 28 5	 => 190
 47 5 28 48 18 44	 => 190
 50 44 18 31 36 10	 => 189
 33 13 11 39 51 43	 => 190
 30 43 51 14 32 20	 => 190
 28 20 32 35 27 48	 => 190
 18 48 27 26 40 31	 => 190
 36 31 40 46 17 19	 => 189
 51 39 4 45 37 14	 => 190
 32 14 37 49 22 35	 => 189
 27 35 22 42 38 26	 => 190
 40 26 38 25 15 46	 => 190
 37 45 9 16 34 49	 => 190
 22 49 34 2 41 42	 => 190
 38 42 41 21 23 25	 => 190


===================[TEST 4]===================

##### START ##### Fri May 16 02:45:12 2003



##### CONVERGE ##### Fri May 16 02:49:24 2003

Elapsed time: 252 seconds
Total loop: 236 generations

Result (Solution) : 190

16 8 33 46 51 36 2 29 32 40 23 44 42 9 5 41 52 13 21 30 49 6 48 47 3 12 4 27 54 22 28 37 25 17 45 24 11 15 18 35 34 50 19 39 53 31 20 7 26 38 1 43 10 14 

 16 8 33 46 51 36	 => 190
 2 36 51 29 32 40	 => 190
 23 40 32 44 42 9	 => 190
 33 5 41 52 13 46	 => 190
 51 46 13 21 30 29	 => 190
 32 29 30 49 6 44	 => 190
 42 44 6 48 47 3	 => 190
 41 12 4 27 54 52	 => 190
 13 52 54 22 28 21	 => 190
 30 21 28 37 25 49	 => 190
 6 49 25 17 45 48	 => 190
 47 48 45 24 11 15	 => 190
 54 27 18 35 34 22	 => 190
 28 22 34 50 19 37	 => 190
 25 37 19 39 53 17	 => 190
 45 17 53 31 20 24	 => 190
 34 35 7 26 38 50	 => 190
 19 50 38 1 43 39	 => 190
 53 39 43 10 14 31	 => 190


===================[TEST 5]===================

##### START ##### Fri May 16 02:49:24 2003



##### CONVERGE ##### Fri May 16 02:54:00 2003

Elapsed time: 276 seconds
Total loop: 255 generations

Result : 187.268

14 2 42 52 40 41 9 17 38 45 8 47 31 22 1 36 48 11 32 39 30 20 46 43 3 16 15 27 49 25 26 35 29 21 44 28 10 19 7 33 50 37 18 54 34 51 13 6 12 53 4 24 23 5 

 14 2 42 52 40 41	 => 191
 9 41 40 17 38 45	 => 190
 8 45 38 47 31 22	 => 191
 42 1 36 48 11 52	 => 190
 40 52 11 32 39 17	 => 191
 38 17 39 30 20 47	 => 191
 31 47 20 46 43 3	 => 190
 36 16 15 27 49 48	 => 191
 11 48 49 25 26 32	 => 191
 39 32 26 35 29 30	 => 191
 20 30 29 21 44 46	 => 190
 43 46 44 28 10 19	 => 190
 49 27 7 33 50 25	 => 191
 26 25 50 37 18 35	 => 191
 29 35 18 54 34 21	 => 191
 44 21 34 51 13 28	 => 191
 50 33 6 12 53 37	 => 191
 18 37 53 4 24 54	 => 190
 34 54 24 23 5 51	 => 191


===================[TEST 6]===================

##### START ##### Fri May 16 02:54:01 2003



##### CONVERGE ##### Fri May 16 03:00:39 2003

Elapsed time: 398 seconds
Total loop: 370 generations

Result : 187.478

8 24 36 41 48 33 6 18 47 38 17 53 34 2 19 35 46 13 40 31 21 20 50 32 1 26 15 29 39 25 27 22 49 5 45 52 9 3 12 43 42 51 23 54 37 44 7 10 16 28 4 30 11 14 

 8 24 36 41 48 33	 => 190
 6 33 48 18 47 38	 => 190
 17 38 47 53 34 2	 => 191
 36 19 35 46 13 41	 => 190
 48 41 13 40 31 18	 => 191
 47 18 31 21 20 53	 => 190
 34 53 20 50 32 1	 => 190
 35 26 15 29 39 46	 => 190
 13 46 39 25 27 40	 => 190
 31 40 27 22 49 21	 => 190
 20 21 49 5 45 50	 => 190
 32 50 45 52 9 3	 => 191
 39 29 12 43 42 25	 => 190
 27 25 42 51 23 22	 => 190
 49 22 23 54 37 5	 => 190
 45 5 37 44 7 52	 => 190
 42 43 10 16 28 51	 => 190
 23 51 28 4 30 54	 => 190
 37 54 30 11 14 44	 => 190


===================[TEST 7]===================

##### START ##### Fri May 16 03:00:39 2003



##### CONVERGE ##### Fri May 16 03:03:40 2003

Elapsed time: 181 seconds
Total loop: 168 generations

Result : 186.85

12 4 37 47 49 40 8 21 52 19 17 33 53 15 10 25 48 22 34 16 38 30 28 39 6 20 11 50 35 7 43 32 26 13 54 36 18 14 5 41 51 27 29 44 46 31 9 1 24 45 2 42 23 3 

 12 4 37 47 49 40	 => 189
 8 40 49 21 52 19	 => 189
 17 19 52 33 53 15	 => 189
 37 10 25 48 22 47	 => 189
 49 47 22 34 16 21	 => 189
 52 21 16 38 30 33	 => 190
 53 33 30 28 39 6	 => 189
 25 20 11 50 35 48	 => 189
 22 48 35 7 43 34	 => 189
 16 34 43 32 26 38	 => 189
 30 38 26 13 54 28	 => 189
 39 28 54 36 18 14	 => 189
 35 50 5 41 51 7	 => 189
 43 7 51 27 29 32	 => 189
 26 32 29 44 46 13	 => 190
 54 13 46 31 9 36	 => 189
 51 41 1 24 45 27	 => 189
 29 27 45 2 42 44	 => 189
 46 44 42 23 3 31	 => 189


===================[TEST 8]===================

##### START ##### Fri May 16 03:03:40 2003



##### CONVERGE ##### Fri May 16 03:09:18 2003

Elapsed time: 338 seconds
Total loop: 314 generations

Result : 188.412

12 8 36 37 51 46 2 4 48 39 16 33 32 22 6 34 54 23 30 45 31 29 40 41 15 7 10 47 38 17 28 35 21 20 49 44 13 3 11 27 50 42 18 43 53 24 1 5 14 52 9 26 19 25 

 12 8 36 37 51 46	 => 190
 2 46 51 4 48 39	 => 190
 16 39 48 33 32 22	 => 190
 36 6 34 54 23 37	 => 190
 51 37 23 30 45 4	 => 190
 48 4 45 31 29 33	 => 190
 32 33 29 40 41 15	 => 190
 34 7 10 47 38 54	 => 190
 23 54 38 17 28 30	 => 190
 45 30 28 35 21 31	 => 190
 29 31 21 20 49 40	 => 190
 41 40 49 44 13 3	 => 190
 38 47 11 27 50 17	 => 190
 28 17 50 42 18 35	 => 190
 21 35 18 43 53 20	 => 190
 49 20 53 24 1 44	 => 191
 50 27 5 14 52 42	 => 190
 18 42 52 9 26 43	 => 190
 53 43 26 19 25 24	 => 190


===================[TEST 9]===================

##### START ##### Fri May 16 03:09:18 2003



##### CONVERGE ##### Fri May 16 03:12:46 2003

Elapsed time: 208 seconds
Total loop: 193 generations

Result : 186.794

11 14 43 50 37 35 13 28 45 32 17 54 36 5 2 26 49 20 33 22 38 3 39 42 15 1 19 44 51 12 25 30 41 16 53 46 6 4 7 29 47 52 24 48 31 34 10 23 21 18 8 40 27 9 

 11 14 43 50 37 35	 => 190
 13 35 37 28 45 32	 => 190
 17 32 45 54 36 5	 => 189
 43 2 26 49 20 50	 => 190
 37 50 20 33 22 28	 => 190
 45 28 22 38 3 54	 => 190
 36 54 3 39 42 15	 => 189
 26 1 19 44 51 49	 => 190
 20 49 51 12 25 33	 => 190
 22 33 25 30 41 38	 => 189
 3 38 41 16 53 39	 => 190
 42 39 53 46 6 4	 => 190
 51 44 7 29 47 12	 => 190
 25 12 47 52 24 30	 => 190
 41 30 24 48 31 16	 => 190
 53 16 31 34 10 46	 => 190
 47 29 23 21 18 52	 => 190
 24 52 18 8 40 48	 => 190
 31 48 40 27 9 34	 => 189


===================[TEST 10]===================

##### START ##### Fri May 16 03:12:46 2003



##### CONVERGE ##### Fri May 16 03:18:24 2003

Elapsed time: 338 seconds
Total loop: 314 generations

Result : 188.412

28 7 47 29 49 30 10 15 54 32 1 45 37 21 2 43 46 23 40 34 24 18 52 22 16 5 19 35 42 8 31 36 25 27 44 39 13 20 14 38 53 51 11 41 50 26 4 3 12 33 6 48 9 17 

 28 7 47 29 49 30	 => 190
 10 30 49 15 54 32	 => 190
 1 32 54 45 37 21	 => 190
 47 2 43 46 23 29	 => 190
 49 29 23 40 34 15	 => 190
 54 15 34 24 18 45	 => 190
 37 45 18 52 22 16	 => 190
 43 5 19 35 42 46	 => 190
 23 46 42 8 31 40	 => 190
 34 40 31 36 25 24	 => 190
 18 24 25 27 44 52	 => 190
 22 52 44 39 13 20	 => 190
 42 35 14 38 53 8	 => 190
 31 8 53 51 11 36	 => 190
 25 36 11 41 50 27	 => 190
 44 27 50 26 4 39	 => 190
 53 38 3 12 33 51	 => 190
 11 51 33 6 48 41	 => 190
 50 41 48 9 17 26	 => 191



test#	fitness		sum		time
---------------------------------------------------
1	187.85				318
2	188.412				276
3	187.163				289
4	190		190		252
5	187.268				276
6	187.478				398
7	186.85				181
8	188.412				338
9	186.794				208
10	188.412				338


---------------------------------------------------
Best fitness      : 190 ( test# 4)
Best solution sum : 190 ( test# 4)
Shortest time     : 181 ( test# 7)

Average fitness   : 187.864
Average sol. sum  : 190
Average time      : 287.4
