****************** GA TEST *******************

total test#:			 10
hexa min width:			 3
hexa max width:			 5
hexa count:			 19
number count:			 54
population size:		 80
generation size:		 30

tournament winner p:		 1
do xover p:			 1
xover:				 2points
do mutation1 p:			 0.1
mutation1 p:			 0.05
do optimize p:			 1
local optimize count:		 6000
do deep better optimize p:	 1
do deep worse optimize p:	 0
do spin p:			 0
spin count:			 1000
do spin apply p:		 1
do mutation2 p:			 0.12
mutation2 p:			 0.08
force mutation2:		 0
replace bad p:			 0.195

converge rate p:		 0.99
converge count:			 1

**********************************************


===================[TEST 1]===================

##### START ##### Fri May 16 04:32:43 2003



##### CONVERGE ##### Fri May 16 04:34:41 2003

Elapsed time: 118 seconds
Total loop: 73 generations

Result : 187.794

13 4 52 40 50 32 3 16 44 46 20 45 25 11 1 49 34 14 38 33 35 18 42 37 23 21 6 28 53 24 27 26 31 17 48 39 10 15 2 30 54 41 19 47 51 29 7 22 8 36 5 43 12 9 

 13 4 52 40 50 32	 => 191
 3 32 50 16 44 46	 => 191
 20 46 44 45 25 11	 => 191
 52 1 49 34 14 40	 => 190
 50 40 14 38 33 16	 => 191
 44 16 33 35 18 45	 => 191
 25 45 18 42 37 23	 => 190
 49 21 6 28 53 34	 => 191
 14 34 53 24 27 38	 => 190
 33 38 27 26 31 35	 => 190
 18 35 31 17 48 42	 => 191
 37 42 48 39 10 15	 => 191
 53 28 2 30 54 24	 => 191
 27 24 54 41 19 26	 => 191
 31 26 19 47 51 17	 => 191
 48 17 51 29 7 39	 => 191
 54 30 22 8 36 41	 => 191
 19 41 36 5 43 47	 => 191
 51 47 43 12 9 29	 => 191


===================[TEST 2]===================

##### START ##### Fri May 16 04:34:41 2003



##### CONVERGE ##### Fri May 16 04:37:04 2003

Elapsed time: 143 seconds
Total loop: 89 generations

Result : 187.85

16 8 30 54 42 40 1 13 45 49 10 53 19 14 9 32 44 21 37 24 29 26 39 36 17 27 6 50 31 20 38 34 28 22 46 35 23 11 5 41 43 48 7 47 52 33 2 3 4 51 12 25 15 18 

 16 8 30 54 42 40	 => 190
 1 40 42 13 45 49	 => 190
 10 49 45 53 19 14	 => 190
 30 9 32 44 21 54	 => 190
 42 54 21 37 24 13	 => 191
 45 13 24 29 26 53	 => 190
 19 53 26 39 36 17	 => 190
 32 27 6 50 31 44	 => 190
 21 44 31 20 38 37	 => 191
 24 37 38 34 28 29	 => 190
 26 29 28 22 46 39	 => 190
 36 39 46 35 23 11	 => 190
 31 50 5 41 43 20	 => 190
 38 20 43 48 7 34	 => 190
 28 34 7 47 52 22	 => 190
 46 22 52 33 2 35	 => 190
 43 41 3 4 51 48	 => 190
 7 48 51 12 25 47	 => 190
 52 47 25 15 18 33	 => 190


===================[TEST 3]===================

##### START ##### Fri May 16 04:37:04 2003



##### CONVERGE ##### Fri May 16 04:39:03 2003

Elapsed time: 119 seconds
Total loop: 74 generations

Result : 186.306

4 16 50 31 53 34 5 33 41 22 24 54 35 12 13 44 23 27 28 15 42 3 51 37 8 32 2 40 47 25 38 19 46 20 26 39 21 14 1 30 45 43 18 36 49 48 6 7 11 52 10 29 9 17 

 4 16 50 31 53 34	 => 188
 5 34 53 33 41 22	 => 188
 24 22 41 54 35 12	 => 188
 50 13 44 23 27 31	 => 188
 53 31 27 28 15 33	 => 187
 41 33 15 42 3 54	 => 188
 35 54 3 51 37 8	 => 188
 44 32 2 40 47 23	 => 188
 27 23 47 25 38 28	 => 188
 15 28 38 19 46 42	 => 188
 3 42 46 20 26 51	 => 188
 37 51 26 39 21 14	 => 188
 47 40 1 30 45 25	 => 188
 38 25 45 43 18 19	 => 188
 46 19 18 36 49 20	 => 188
 26 20 49 48 6 39	 => 188
 45 30 7 11 52 43	 => 188
 18 43 52 10 29 36	 => 188
 49 36 29 9 17 48	 => 188


===================[TEST 4]===================

##### START ##### Fri May 16 04:39:03 2003



##### CONVERGE ##### Fri May 16 04:41:35 2003

Elapsed time: 152 seconds
Total loop: 94 generations

Result : 186.85

15 13 35 46 48 32 4 14 39 52 29 44 18 7 22 17 50 20 31 30 43 19 53 45 10 28 6 42 47 16 25 33 27 21 26 51 3 11 9 37 38 54 23 36 49 41 1 12 8 40 2 34 24 5 

 15 13 35 46 48 32	 => 189
 4 32 48 14 39 52	 => 189
 29 52 39 44 18 7	 => 189
 35 22 17 50 20 46	 => 190
 48 46 20 31 30 14	 => 189
 39 14 30 43 19 44	 => 189
 18 44 19 53 45 10	 => 189
 17 28 6 42 47 50	 => 190
 20 50 47 16 25 31	 => 189
 30 31 25 33 27 43	 => 189
 19 43 27 21 26 53	 => 189
 45 53 26 51 3 11	 => 189
 47 42 9 37 38 16	 => 189
 25 16 38 54 23 33	 => 189
 27 33 23 36 49 21	 => 189
 26 21 49 41 1 51	 => 189
 38 37 12 8 40 54	 => 189
 23 54 40 2 34 36	 => 189
 49 36 34 24 5 41	 => 189


===================[TEST 5]===================

##### START ##### Fri May 16 04:41:35 2003



##### CONVERGE ##### Fri May 16 04:43:52 2003

Elapsed time: 137 seconds
Total loop: 85 generations

Result : 187.85

13 18 34 33 48 44 11 2 50 35 4 38 49 15 1 42 52 28 25 54 32 14 41 43 5 3 8 45 40 22 23 26 30 27 46 31 20 9 12 24 47 53 19 37 51 29 7 17 10 39 6 36 16 21 

 13 18 34 33 48 44	 => 190
 11 44 48 2 50 35	 => 190
 4 35 50 38 49 15	 => 191
 34 1 42 52 28 33	 => 190
 48 33 28 25 54 2	 => 190
 50 2 54 32 14 38	 => 190
 49 38 14 41 43 5	 => 190
 42 3 8 45 40 52	 => 190
 28 52 40 22 23 25	 => 190
 54 25 23 26 30 32	 => 190
 14 32 30 27 46 41	 => 190
 43 41 46 31 20 9	 => 190
 40 45 12 24 47 22	 => 190
 23 22 47 53 19 26	 => 190
 30 26 19 37 51 27	 => 190
 46 27 51 29 7 31	 => 191
 47 24 17 10 39 53	 => 190
 19 53 39 6 36 37	 => 190
 51 37 36 16 21 29	 => 190


===================[TEST 6]===================

##### START ##### Fri May 16 04:43:52 2003



##### CONVERGE ##### Fri May 16 04:47:04 2003

Elapsed time: 192 seconds
Total loop: 120 generations

Result : 187.616

27 8 31 40 49 35 11 14 45 36 16 38 43 12 4 41 51 23 19 46 22 25 32 50 2 17 1 28 52 15 30 26 47 10 54 33 18 3 13 29 53 42 24 44 39 48 6 7 21 37 9 34 5 20 

 27 8 31 40 49 35	 => 190
 11 35 49 14 45 36	 => 190
 16 36 45 38 43 12	 => 190
 31 4 41 51 23 40	 => 190
 49 40 23 19 46 14	 => 191
 45 14 46 22 25 38	 => 190
 43 38 25 32 50 2	 => 190
 41 17 1 28 52 51	 => 190
 23 51 52 15 30 19	 => 190
 46 19 30 26 47 22	 => 190
 25 22 47 10 54 32	 => 190
 50 32 54 33 18 3	 => 190
 52 28 13 29 53 15	 => 190
 30 15 53 42 24 26	 => 190
 47 26 24 44 39 10	 => 190
 54 10 39 48 6 33	 => 190
 53 29 7 21 37 42	 => 189
 24 42 37 9 34 44	 => 190
 39 44 34 5 20 48	 => 190


===================[TEST 7]===================

##### START ##### Fri May 16 04:47:04 2003



##### CONVERGE ##### Fri May 16 04:49:44 2003

Elapsed time: 160 seconds
Total loop: 99 generations

Result : 187.306

19 24 39 43 42 22 1 27 48 49 7 44 25 16 10 31 46 20 40 17 32 21 54 41 4 26 3 53 30 18 35 37 28 9 45 23 15 11 5 47 36 51 12 52 50 29 33 8 13 34 2 38 6 14 

 19 24 39 43 42 22	 => 189
 1 22 42 27 48 49	 => 189
 7 49 48 44 25 16	 => 189
 39 10 31 46 20 43	 => 189
 42 43 20 40 17 27	 => 189
 48 27 17 32 21 44	 => 189
 25 44 21 54 41 4	 => 189
 31 26 3 53 30 46	 => 189
 20 46 30 18 35 40	 => 189
 17 40 35 37 28 32	 => 189
 21 32 28 9 45 54	 => 189
 41 54 45 23 15 11	 => 189
 30 53 5 47 36 18	 => 189
 35 18 36 51 12 37	 => 189
 28 37 12 52 50 9	 => 188
 45 9 50 29 33 23	 => 189
 36 47 8 13 34 51	 => 189
 12 51 34 2 38 52	 => 189
 50 52 38 6 14 29	 => 189


===================[TEST 8]===================

##### START ##### Fri May 16 04:49:44 2003



##### CONVERGE ##### Fri May 16 04:52:07 2003

Elapsed time: 143 seconds
Total loop: 89 generations

Result : 187.027

3 16 27 48 52 44 4 10 42 38 6 53 40 12 23 31 39 22 26 32 35 18 28 46 5 13 15 41 51 19 33 30 34 25 50 36 24 7 14 20 45 54 9 43 49 29 2 8 17 47 1 37 11 21 

 3 16 27 48 52 44	 => 190
 4 44 52 10 42 38	 => 190
 6 38 42 53 40 12	 => 191
 27 23 31 39 22 48	 => 190
 52 48 22 26 32 10	 => 190
 42 10 32 35 18 53	 => 190
 40 53 18 28 46 5	 => 190
 31 13 15 41 51 39	 => 190
 22 39 51 19 33 26	 => 190
 32 26 33 30 34 35	 => 190
 18 35 34 25 50 28	 => 190
 46 28 50 36 24 7	 => 191
 51 41 14 20 45 19	 => 190
 33 19 45 54 9 30	 => 190
 34 30 9 43 49 25	 => 190
 50 25 49 29 2 36	 => 191
 45 20 8 17 47 54	 => 191
 9 54 47 1 37 43	 => 191
 49 43 37 11 21 29	 => 190


===================[TEST 9]===================

##### START ##### Fri May 16 04:52:08 2003



##### CONVERGE ##### Fri May 16 04:54:44 2003

Elapsed time: 156 seconds
Total loop: 97 generations

Result : 186.163

9 8 37 49 54 32 1 16 51 35 4 38 42 19 2 48 46 6 50 13 41 30 31 45 3 5 25 26 39 27 21 28 36 17 34 43 22 14 10 40 47 53 12 52 44 33 18 15 11 23 20 29 24 7 

 9 8 37 49 54 32	 => 189
 1 32 54 16 51 35	 => 189
 4 35 51 38 42 19	 => 189
 37 2 48 46 6 49	 => 188
 54 49 6 50 13 16	 => 188
 51 16 13 41 30 38	 => 189
 42 38 30 31 45 3	 => 189
 48 5 25 26 39 46	 => 189
 6 46 39 27 21 50	 => 189
 13 50 21 28 36 41	 => 189
 30 41 36 17 34 31	 => 189
 45 31 34 43 22 14	 => 189
 39 26 10 40 47 27	 => 189
 21 27 47 53 12 28	 => 188
 36 28 12 52 44 17	 => 189
 34 17 44 33 18 43	 => 189
 47 40 15 11 23 53	 => 189
 12 53 23 20 29 52	 => 189
 44 52 29 24 7 33	 => 189


===================[TEST 10]===================

##### START ##### Fri May 16 04:54:44 2003



##### CONVERGE ##### Fri May 16 04:56:37 2003

Elapsed time: 113 seconds
Total loop: 70 generations

Result : 186.163

9 22 53 41 45 19 3 18 54 50 4 33 31 17 10 39 44 2 51 32 23 29 52 43 1 16 11 30 49 15 27 20 36 14 35 38 13 8 5 42 47 46 34 48 37 40 25 6 21 26 7 28 12 24 

 9 22 53 41 45 19	 => 189
 3 19 45 18 54 50	 => 189
 4 50 54 33 31 17	 => 189
 53 10 39 44 2 41	 => 189
 45 41 2 51 32 18	 => 189
 54 18 32 23 29 33	 => 189
 31 33 29 52 43 1	 => 189
 39 16 11 30 49 44	 => 189
 2 44 49 15 27 51	 => 188
 32 51 27 20 36 23	 => 189
 29 23 36 14 35 52	 => 189
 43 52 35 38 13 8	 => 189
 49 30 5 42 47 15	 => 188
 27 15 47 46 34 20	 => 189
 36 20 34 48 37 14	 => 189
 35 14 37 40 25 38	 => 189
 47 42 6 21 26 46	 => 188
 34 46 26 7 28 48	 => 189
 37 48 28 12 24 40	 => 189



test#	fitness		sum		time
---------------------------------------------------
1	187.794				118
2	187.85				143
3	186.306				119
4	186.85				152
5	187.85				137
6	187.616				192
7	187.306				160
8	187.027				143
9	186.163				156
10	186.163				113


---------------------------------------------------
Best fitness      : 187.85 ( test# 2)
Shortest time     : 113 ( test# 10)

Average fitness   : 187.093
Average time      : 143.3
