****************** GA TEST *******************

total test#:			 10
hexa min width:			 3
hexa max width:			 5
hexa count:			 19
number count:			 54
population size:		 140
generation size:		 12

tournament winner p:		 1
do xover p:			 1
xover:				 2points
do mutation1 p:			 0.1
mutation1 p:			 0.05
do optimize p:			 1
local optimize count:		 6000
do deep better optimize p:	 1
do deep worse optimize p:	 0
do spin p:			 0
spin count:			 1000
do spin apply p:		 1
do mutation2 p:			 0.12
mutation2 p:			 0.08
force mutation2:		 0
replace bad p:			 0.195

converge rate p:		 0.99
converge count:			 1

**********************************************


===================[TEST 1]===================

##### START ##### Thu May 15 20:48:13 2003



##### CONVERGE ##### Thu May 15 20:52:13 2003

Elapsed time: 240 seconds
Total loop: 371 generations

Result : 187.85

6 9 36 54 47 38 8 12 46 39 11 51 25 18 1 35 50 14 23 40 24 17 52 32 13 29 3 31 42 19 43 34 26 22 49 37 15 5 21 33 44 41 10 45 53 27 2 20 4 48 16 30 7 28 

 6 9 36 54 47 38	 => 190
 8 38 47 12 46 39	 => 190
 11 39 46 51 25 18	 => 190
 36 1 35 50 14 54	 => 190
 47 54 14 23 40 12	 => 190
 46 12 40 24 17 51	 => 190
 25 51 17 52 32 13	 => 190
 35 29 3 31 42 50	 => 190
 14 50 42 19 43 23	 => 191
 40 23 43 34 26 24	 => 190
 17 24 26 22 49 52	 => 190
 32 52 49 37 15 5	 => 190
 42 31 21 33 44 19	 => 190
 43 19 44 41 10 34	 => 191
 26 34 10 45 53 22	 => 190
 49 22 53 27 2 37	 => 190
 44 33 20 4 48 41	 => 190
 10 41 48 16 30 45	 => 190
 53 45 30 7 28 27	 => 190


===================[TEST 2]===================

##### START ##### Thu May 15 20:52:13 2003



##### CONVERGE ##### Thu May 15 20:57:07 2003

Elapsed time: 294 seconds
Total loop: 452 generations

Result : 187.501

23 6 35 47 41 39 14 25 48 24 17 33 49 20 7 44 46 12 29 37 30 18 53 26 11 16 4 27 54 22 28 34 32 15 42 50 10 9 5 40 43 51 13 45 52 31 1 19 2 36 8 38 21 3 

 23 6 35 47 41 39	 => 191
 14 39 41 25 48 24	 => 191
 17 24 48 33 49 20	 => 191
 35 7 44 46 12 47	 => 191
 41 47 12 29 37 25	 => 191
 48 25 37 30 18 33	 => 191
 49 33 18 53 26 11	 => 190
 44 16 4 27 54 46	 => 191
 12 46 54 22 28 29	 => 191
 37 29 28 34 32 30	 => 190
 18 30 32 15 42 53	 => 190
 26 53 42 50 10 9	 => 190
 54 27 5 40 43 22	 => 191
 28 22 43 51 13 34	 => 191
 32 34 13 45 52 15	 => 191
 42 15 52 31 1 50	 => 191
 43 40 19 2 36 51	 => 191
 13 51 36 8 38 45	 => 191
 52 45 38 21 3 31	 => 190


===================[TEST 3]===================

##### START ##### Thu May 15 20:57:07 2003



##### CONVERGE ##### Thu May 15 21:01:23 2003

Elapsed time: 256 seconds
Total loop: 395 generations

Result : 188.306

21 14 33 47 37 38 18 29 46 22 25 36 54 7 11 28 51 20 27 30 43 6 42 50 2 10 4 45 52 8 32 34 24 26 49 23 9 17 1 31 53 44 19 48 39 40 13 5 16 41 3 35 12 15 

 21 14 33 47 37 38	 => 190
 18 38 37 29 46 22	 => 190
 25 22 46 36 54 7	 => 190
 33 11 28 51 20 47	 => 190
 37 47 20 27 30 29	 => 190
 46 29 30 43 6 36	 => 190
 54 36 6 42 50 2	 => 190
 28 10 4 45 52 51	 => 190
 20 51 52 8 32 27	 => 190
 30 27 32 34 24 43	 => 190
 6 43 24 26 49 42	 => 190
 50 42 49 23 9 17	 => 190
 52 45 1 31 53 8	 => 190
 32 8 53 44 19 34	 => 190
 24 34 19 48 39 26	 => 190
 49 26 39 40 13 23	 => 190
 53 31 5 16 41 44	 => 190
 19 44 41 3 35 48	 => 190
 39 48 35 12 15 40	 => 189


===================[TEST 4]===================

##### START ##### Thu May 15 21:01:23 2003



##### CONVERGE ##### Thu May 15 21:07:07 2003

Elapsed time: 344 seconds
Total loop: 532 generations

Result : 187.64

9 14 43 44 42 38 1 25 52 32 10 39 46 11 4 36 45 18 37 24 29 21 54 28 2 23 8 30 48 16 26 51 22 15 49 33 7 19 5 41 50 27 20 47 35 40 17 6 13 53 12 31 34 3 

 9 14 43 44 42 38	 => 190
 1 38 42 25 52 32	 => 190
 10 32 52 39 46 11	 => 190
 43 4 36 45 18 44	 => 190
 42 44 18 37 24 25	 => 190
 52 25 24 29 21 39	 => 190
 46 39 21 54 28 2	 => 190
 36 23 8 30 48 45	 => 190
 18 45 48 16 26 37	 => 190
 24 37 26 51 22 29	 => 189
 21 29 22 15 49 54	 => 190
 28 54 49 33 7 19	 => 190
 48 30 5 41 50 16	 => 190
 26 16 50 27 20 51	 => 190
 22 51 20 47 35 15	 => 190
 49 15 35 40 17 33	 => 189
 50 41 6 13 53 27	 => 190
 20 27 53 12 31 47	 => 190
 35 47 31 34 3 40	 => 190


===================[TEST 5]===================

##### START ##### Thu May 15 21:07:07 2003



##### CONVERGE ##### Thu May 15 21:11:04 2003

Elapsed time: 237 seconds
Total loop: 367 generations

Result : 187.412

7 5 48 38 50 41 11 14 37 36 10 52 30 24 8 32 44 19 29 39 46 1 47 42 17 6 22 40 45 25 28 13 34 18 43 33 3 21 4 26 49 54 20 53 51 35 9 2 27 31 16 15 23 12 

 7 5 48 38 50 41	 => 189
 11 41 50 14 37 36	 => 189
 10 36 37 52 30 24	 => 189
 48 8 32 44 19 38	 => 189
 50 38 19 29 39 14	 => 189
 37 14 39 46 1 52	 => 189
 30 52 1 47 42 17	 => 189
 32 6 22 40 45 44	 => 189
 19 44 45 25 28 29	 => 190
 39 29 28 13 34 46	 => 189
 1 46 34 18 43 47	 => 189
 42 47 43 33 3 21	 => 189
 45 40 4 26 49 25	 => 189
 28 25 49 54 20 13	 => 189
 34 13 20 53 51 18	 => 189
 43 18 51 35 9 33	 => 189
 49 26 2 27 31 54	 => 189
 20 54 31 16 15 53	 => 189
 51 53 15 23 12 35	 => 189


===================[TEST 6]===================

##### START ##### Thu May 15 21:11:04 2003



##### CONVERGE ##### Thu May 15 21:16:20 2003

Elapsed time: 316 seconds
Total loop: 485 generations

Result : 188.306

4 22 30 45 51 37 1 8 41 52 3 47 26 21 2 40 53 20 24 42 27 25 44 34 14 12 13 43 29 33 31 28 38 6 50 36 19 7 5 32 48 35 15 54 49 39 10 18 11 46 17 23 9 16 

 4 22 30 45 51 37	 => 189
 1 37 51 8 41 52	 => 190
 3 52 41 47 26 21	 => 190
 30 2 40 53 20 45	 => 190
 51 45 20 24 42 8	 => 190
 41 8 42 27 25 47	 => 190
 26 47 25 44 34 14	 => 190
 40 12 13 43 29 53	 => 190
 20 53 29 33 31 24	 => 190
 42 24 31 28 38 27	 => 190
 25 27 38 6 50 44	 => 190
 34 44 50 36 19 7	 => 190
 29 43 5 32 48 33	 => 190
 31 33 48 35 15 28	 => 190
 38 28 15 54 49 6	 => 190
 50 6 49 39 10 36	 => 190
 48 32 18 11 46 35	 => 190
 15 35 46 17 23 54	 => 190
 49 54 23 9 16 39	 => 190


===================[TEST 7]===================

##### START ##### Thu May 15 21:16:20 2003



##### CONVERGE ##### Thu May 15 21:21:58 2003

Elapsed time: 338 seconds
Total loop: 518 generations

Result : 187.412

18 12 21 46 47 45 7 10 52 28 5 48 37 19 3 54 32 33 29 24 25 30 38 35 1 2 20 31 50 11 34 26 51 6 39 53 16 8 4 44 49 42 27 43 36 40 15 23 9 22 14 41 13 17 

 18 12 21 46 47 45	 => 189
 7 45 47 10 52 28	 => 189
 5 28 52 48 37 19	 => 189
 21 3 54 32 33 46	 => 189
 47 46 33 29 24 10	 => 189
 52 10 24 25 30 48	 => 189
 37 48 30 38 35 1	 => 189
 54 2 20 31 50 32	 => 189
 33 32 50 11 34 29	 => 189
 24 29 34 26 51 25	 => 189
 30 25 51 6 39 38	 => 189
 35 38 39 53 16 8	 => 189
 50 31 4 44 49 11	 => 189
 34 11 49 42 27 26	 => 189
 51 26 27 43 36 6	 => 189
 39 6 36 40 15 53	 => 189
 49 44 23 9 22 42	 => 189
 27 42 22 14 41 43	 => 189
 36 43 41 13 17 40	 => 190


===================[TEST 8]===================

##### START ##### Thu May 15 21:21:58 2003



##### CONVERGE ##### Thu May 15 21:28:12 2003

Elapsed time: 374 seconds
Total loop: 578 generations

Result : 188.412

5 8 36 53 48 40 6 3 46 47 9 41 34 13 2 45 43 12 32 42 35 23 50 38 4 10 1 37 54 16 33 27 21 22 39 31 25 7 11 28 44 51 19 49 52 26 20 29 14 24 17 30 18 15 

 5 8 36 53 48 40	 => 190
 6 40 48 3 46 47	 => 190
 9 47 46 41 34 13	 => 190
 36 2 45 43 12 53	 => 191
 48 53 12 32 42 3	 => 190
 46 3 42 35 23 41	 => 190
 34 41 23 50 38 4	 => 190
 45 10 1 37 54 43	 => 190
 12 43 54 16 33 32	 => 190
 42 32 33 27 21 35	 => 190
 23 35 21 22 39 50	 => 190
 38 50 39 31 25 7	 => 190
 54 37 11 28 44 16	 => 190
 33 16 44 51 19 27	 => 190
 21 27 19 49 52 22	 => 190
 39 22 52 26 20 31	 => 190
 44 28 29 14 24 51	 => 190
 19 51 24 17 30 49	 => 190
 52 49 30 18 15 26	 => 190


===================[TEST 9]===================

##### START ##### Thu May 15 21:28:12 2003



##### CONVERGE ##### Thu May 15 21:32:04 2003

Elapsed time: 232 seconds
Total loop: 359 generations

Result : 185.64

4 13 39 54 34 44 12 23 49 26 6 32 51 24 3 47 35 10 53 14 45 25 38 40 2 5 8 50 43 17 30 18 28 15 37 46 16 11 9 21 48 41 33 42 52 36 1 29 27 22 19 31 7 20 

 4 13 39 54 34 44	 => 188
 12 44 34 23 49 26	 => 188
 6 26 49 32 51 24	 => 188
 39 3 47 35 10 54	 => 188
 34 54 10 53 14 23	 => 188
 49 23 14 45 25 32	 => 188
 51 32 25 38 40 2	 => 188
 47 5 8 50 43 35	 => 188
 10 35 43 17 30 53	 => 188
 14 53 30 18 28 45	 => 188
 25 45 28 15 37 38	 => 188
 40 38 37 46 16 11	 => 188
 43 50 9 21 48 17	 => 188
 30 17 48 41 33 18	 => 187
 28 18 33 42 52 15	 => 188
 37 15 52 36 1 46	 => 187
 48 21 29 27 22 41	 => 188
 33 41 22 19 31 42	 => 188
 52 42 31 7 20 36	 => 188


===================[TEST 10]===================

##### START ##### Thu May 15 21:32:04 2003



##### CONVERGE ##### Thu May 15 21:37:48 2003

Elapsed time: 344 seconds
Total loop: 532 generations

Result : 187.794

14 15 28 54 41 39 8 23 34 46 24 49 31 7 6 33 53 17 26 29 35 21 51 37 2 10 16 27 52 13 30 45 25 11 48 38 12 5 9 42 47 36 20 40 50 43 1 18 4 44 19 32 22 3 

 14 15 28 54 41 39	 => 191
 8 39 41 23 34 46	 => 191
 24 46 34 49 31 7	 => 191
 28 6 33 53 17 54	 => 191
 41 54 17 26 29 23	 => 190
 34 23 29 35 21 49	 => 191
 31 49 21 51 37 2	 => 191
 33 10 16 27 52 53	 => 191
 17 53 52 13 30 26	 => 191
 29 26 30 45 25 35	 => 190
 21 35 25 11 48 51	 => 191
 37 51 48 38 12 5	 => 191
 52 27 9 42 47 13	 => 190
 30 13 47 36 20 45	 => 191
 25 45 20 40 50 11	 => 191
 48 11 50 43 1 38	 => 191
 47 42 18 4 44 36	 => 191
 20 36 44 19 32 40	 => 191
 50 40 32 22 3 43	 => 190



test#	fitness		sum		time
---------------------------------------------------
1	187.85				240
2	187.501				294
3	188.306				256
4	187.64				344
5	187.412				237
6	188.306				316
7	187.412				338
8	188.412				374
9	185.64				232
10	187.794				344


---------------------------------------------------
Best fitness      : 188.412 ( test# 8)
Shortest time     : 232 ( test# 9)

Average fitness   : 187.627
Average time      : 297.5
