****************** GA TEST *******************

total test#:			 10
hexa min width:			 3
hexa max width:			 5
hexa count:			 19
number count:			 54
population size:		 110
generation size:		 20

tournament winner p:		 1
do xover p:			 1
xover:				 2points
do mutation1 p:			 0.1
mutation1 p:			 0.05
do optimize p:			 1
local optimize count:		 6000
do deep better optimize p:	 1
do deep worse optimize p:	 0
do spin p:			 0
spin count:			 1000
do spin apply p:		 1
do mutation2 p:			 0.12
mutation2 p:			 0.08
force mutation2:		 0
replace bad p:			 0.195

converge rate p:		 0.99
converge count:			 1

**********************************************


===================[TEST 1]===================

##### START ##### Fri May 16 00:17:38 2003



##### CONVERGE ##### Fri May 16 00:21:53 2003

Elapsed time: 255 seconds
Total loop: 236 generations

Result : 188.412

16 4 33 53 47 38 8 10 51 36 7 45 49 2 6 43 44 11 46 23 34 27 25 32 12 20 13 28 42 26 21 35 31 19 54 39 22 18 5 48 41 52 15 50 40 37 1 17 3 29 14 30 9 24 

 16 4 33 53 47 38	 => 191
 8 38 47 10 51 36	 => 190
 7 36 51 45 49 2	 => 190
 33 6 43 44 11 53	 => 190
 47 53 11 46 23 10	 => 190
 51 10 23 34 27 45	 => 190
 49 45 27 25 32 12	 => 190
 43 20 13 28 42 44	 => 190
 11 44 42 26 21 46	 => 190
 23 46 21 35 31 34	 => 190
 27 34 31 19 54 25	 => 190
 32 25 54 39 22 18	 => 190
 42 28 5 48 41 26	 => 190
 21 26 41 52 15 35	 => 190
 31 35 15 50 40 19	 => 190
 54 19 40 37 1 39	 => 190
 41 48 17 3 29 52	 => 190
 15 52 29 14 30 50	 => 190
 40 50 30 9 24 37	 => 190


===================[TEST 2]===================

##### START ##### Fri May 16 00:21:53 2003



##### CONVERGE ##### Fri May 16 00:25:19 2003

Elapsed time: 206 seconds
Total loop: 192 generations

Result : 186.85

30 10 19 53 41 36 18 11 54 29 4 43 45 14 20 39 49 9 47 28 31 22 40 38 1 2 21 35 44 16 25 34 24 26 46 37 15 13 17 27 50 52 12 51 42 32 6 5 7 48 3 23 33 8 

 30 10 19 53 41 36	 => 189
 18 36 41 11 54 29	 => 189
 4 29 54 43 45 14	 => 189
 19 20 39 49 9 53	 => 189
 41 53 9 47 28 11	 => 189
 54 11 28 31 22 43	 => 189
 45 43 22 40 38 1	 => 189
 39 2 21 35 44 49	 => 190
 9 49 44 16 25 47	 => 190
 28 47 25 34 24 31	 => 189
 22 31 24 26 46 40	 => 189
 38 40 46 37 15 13	 => 189
 44 35 17 27 50 16	 => 189
 25 16 50 52 12 34	 => 189
 24 34 12 51 42 26	 => 189
 46 26 42 32 6 37	 => 189
 50 27 5 7 48 52	 => 189
 12 52 48 3 23 51	 => 189
 42 51 23 33 8 32	 => 189


===================[TEST 3]===================

##### START ##### Fri May 16 00:25:19 2003



##### CONVERGE ##### Fri May 16 00:28:41 2003

Elapsed time: 202 seconds
Total loop: 186 generations

Result : 187.85

8 6 40 45 38 53 5 20 44 31 25 35 52 3 2 28 51 24 17 46 34 11 39 49 4 16 12 33 50 21 27 37 29 23 54 26 9 13 1 43 42 41 22 47 32 48 7 10 18 36 15 30 14 19 

 8 6 40 45 38 53	 => 190
 5 53 38 20 44 31	 => 191
 25 31 44 35 52 3	 => 190
 40 2 28 51 24 45	 => 190
 38 45 24 17 46 20	 => 190
 44 20 46 34 11 35	 => 190
 52 35 11 39 49 4	 => 190
 28 16 12 33 50 51	 => 190
 24 51 50 21 27 17	 => 190
 46 17 27 37 29 34	 => 190
 11 34 29 23 54 39	 => 190
 49 39 54 26 9 13	 => 190
 50 33 1 43 42 21	 => 190
 27 21 42 41 22 37	 => 190
 29 37 22 47 32 23	 => 190
 54 23 32 48 7 26	 => 190
 42 43 10 18 36 41	 => 190
 22 41 36 15 30 47	 => 191
 32 47 30 14 19 48	 => 190


===================[TEST 4]===================

##### START ##### Fri May 16 00:28:41 2003



##### CONVERGE ##### Fri May 16 00:32:23 2003

Elapsed time: 222 seconds
Total loop: 205 generations

Result : 187.64

4 20 38 52 41 34 11 29 36 39 17 51 45 2 16 32 47 5 33 30 31 13 50 28 3 9 26 22 54 24 27 44 25 18 53 35 23 1 10 37 43 46 6 49 48 21 15 14 8 42 7 40 19 12 

 4 20 38 52 41 34	 => 189
 11 34 41 29 36 39	 => 190
 17 39 36 51 45 2	 => 190
 38 16 32 47 5 52	 => 190
 41 52 5 33 30 29	 => 190
 36 29 30 31 13 51	 => 190
 45 51 13 50 28 3	 => 190
 32 9 26 22 54 47	 => 190
 5 47 54 24 27 33	 => 190
 30 33 27 44 25 31	 => 190
 13 31 25 18 53 50	 => 190
 28 50 53 35 23 1	 => 190
 54 22 10 37 43 24	 => 190
 27 24 43 46 6 44	 => 190
 25 44 6 49 48 18	 => 190
 53 18 48 21 15 35	 => 190
 43 37 14 8 42 46	 => 190
 6 46 42 7 40 49	 => 190
 48 49 40 19 12 21	 => 189


===================[TEST 5]===================

##### START ##### Fri May 16 00:32:23 2003



##### CONVERGE ##### Fri May 16 00:34:57 2003

Elapsed time: 154 seconds
Total loop: 143 generations

Result : 187.478

3 20 35 54 41 37 2 13 45 52 4 33 49 7 5 28 51 17 19 46 29 24 38 31 15 8 14 36 53 11 39 26 32 23 44 40 21 16 1 43 47 42 25 34 50 27 6 18 10 30 12 48 9 22 

 3 20 35 54 41 37	 => 190
 2 37 41 13 45 52	 => 190
 4 52 45 33 49 7	 => 190
 35 5 28 51 17 54	 => 190
 41 54 17 19 46 13	 => 190
 45 13 46 29 24 33	 => 190
 49 33 24 38 31 15	 => 190
 28 8 14 36 53 51	 => 190
 17 51 53 11 39 19	 => 190
 46 19 39 26 32 29	 => 191
 24 29 32 23 44 38	 => 190
 31 38 44 40 21 16	 => 190
 53 36 1 43 47 11	 => 191
 39 11 47 42 25 26	 => 190
 32 26 25 34 50 23	 => 190
 44 23 50 27 6 40	 => 190
 47 43 18 10 30 42	 => 190
 25 42 30 12 48 34	 => 191
 50 34 48 9 22 27	 => 190


===================[TEST 6]===================

##### START ##### Fri May 16 00:34:57 2003



##### CONVERGE ##### Fri May 16 00:38:31 2003

Elapsed time: 214 seconds
Total loop: 199 generations

Result : 187.616

16 12 32 49 54 27 7 11 47 44 4 41 46 8 18 24 48 19 29 28 33 30 34 35 3 14 21 40 43 26 25 39 36 6 51 37 13 20 5 31 45 38 17 50 42 52 2 9 15 53 10 22 1 23 

 16 12 32 49 54 27	 => 190
 7 27 54 11 47 44	 => 190
 4 44 47 41 46 8	 => 190
 32 18 24 48 19 49	 => 190
 54 49 19 29 28 11	 => 190
 47 11 28 33 30 41	 => 190
 46 41 30 34 35 3	 => 189
 24 14 21 40 43 48	 => 190
 19 48 43 26 25 29	 => 190
 28 29 25 39 36 33	 => 190
 30 33 36 6 51 34	 => 190
 35 34 51 37 13 20	 => 190
 43 40 5 31 45 26	 => 190
 25 26 45 38 17 39	 => 190
 36 39 17 50 42 6	 => 190
 51 6 42 52 2 37	 => 190
 45 31 9 15 53 38	 => 191
 17 38 53 10 22 50	 => 190
 42 50 22 1 23 52	 => 190


===================[TEST 7]===================

##### START ##### Fri May 16 00:38:31 2003



##### CONVERGE ##### Fri May 16 00:41:58 2003

Elapsed time: 207 seconds
Total loop: 191 generations

Result : 187.478

12 8 34 49 51 36 14 17 41 31 1 52 47 18 3 45 44 15 26 33 40 7 46 29 9 23 5 25 48 30 27 43 21 22 54 32 20 10 2 50 35 42 13 53 39 37 6 11 24 28 16 38 4 19 

 12 8 34 49 51 36	 => 190
 14 36 51 17 41 31	 => 190
 1 31 41 52 47 18	 => 190
 34 3 45 44 15 49	 => 190
 51 49 15 26 33 17	 => 191
 41 17 33 40 7 52	 => 190
 47 52 7 46 29 9	 => 190
 45 23 5 25 48 44	 => 190
 15 44 48 30 27 26	 => 190
 33 26 27 43 21 40	 => 190
 7 40 21 22 54 46	 => 190
 29 46 54 32 20 10	 => 191
 48 25 2 50 35 30	 => 190
 27 30 35 42 13 43	 => 190
 21 43 13 53 39 22	 => 191
 54 22 39 37 6 32	 => 190
 35 50 11 24 28 42	 => 190
 13 42 28 16 38 53	 => 190
 39 53 38 4 19 37	 => 190


===================[TEST 8]===================

##### START ##### Fri May 16 00:41:58 2003



##### CONVERGE ##### Fri May 16 00:46:08 2003

Elapsed time: 250 seconds
Total loop: 232 generations

Result : 187.158

10 29 23 52 34 43 11 24 46 32 26 42 38 6 16 33 53 13 28 39 22 17 54 36 3 20 7 27 50 15 31 40 30 19 49 41 8 2 5 48 44 51 9 47 45 35 1 18 4 25 21 37 14 12 

 10 29 23 52 34 43	 => 191
 11 43 34 24 46 32	 => 190
 26 32 46 42 38 6	 => 190
 23 16 33 53 13 52	 => 190
 34 52 13 28 39 24	 => 190
 46 24 39 22 17 42	 => 190
 38 42 17 54 36 3	 => 190
 33 20 7 27 50 53	 => 190
 13 53 50 15 31 28	 => 190
 39 28 31 40 30 22	 => 190
 17 22 30 19 49 54	 => 191
 36 54 49 41 8 2	 => 190
 50 27 5 48 44 15	 => 189
 31 15 44 51 9 40	 => 190
 30 40 9 47 45 19	 => 190
 49 19 45 35 1 41	 => 190
 44 48 18 4 25 51	 => 190
 9 51 25 21 37 47	 => 190
 45 47 37 14 12 35	 => 190


===================[TEST 9]===================

##### START ##### Fri May 16 00:46:08 2003



##### CONVERGE ##### Fri May 16 00:50:16 2003

Elapsed time: 248 seconds
Total loop: 230 generations

Result : 187.85

16 4 31 49 37 53 6 19 46 29 3 52 39 22 2 33 48 27 20 38 28 7 51 40 1 14 21 30 44 25 26 24 54 15 35 43 9 13 12 32 47 50 18 34 45 42 10 17 8 36 11 41 23 5 

 16 4 31 49 37 53	 => 190
 6 53 37 19 46 29	 => 190
 3 29 46 52 39 22	 => 191
 31 2 33 48 27 49	 => 190
 37 49 27 20 38 19	 => 190
 46 19 38 28 7 52	 => 190
 39 52 7 51 40 1	 => 190
 33 14 21 30 44 48	 => 190
 27 48 44 25 26 20	 => 190
 38 20 26 24 54 28	 => 190
 7 28 54 15 35 51	 => 190
 40 51 35 43 9 13	 => 191
 44 30 12 32 47 25	 => 190
 26 25 47 50 18 24	 => 190
 54 24 18 34 45 15	 => 190
 35 15 45 42 10 43	 => 190
 47 32 17 8 36 50	 => 190
 18 50 36 11 41 34	 => 190
 45 34 41 23 5 42	 => 190


===================[TEST 10]===================

##### START ##### Fri May 16 00:50:16 2003



##### CONVERGE ##### Fri May 16 00:54:15 2003

Elapsed time: 239 seconds
Total loop: 222 generations

Result : 187.85

3 6 38 43 52 49 12 17 35 26 9 54 44 22 5 33 48 23 28 27 42 15 40 30 7 14 4 41 50 16 25 36 32 8 53 46 19 2 1 37 45 39 29 34 51 21 11 20 18 31 10 47 24 13 

 3 6 38 43 52 49	 => 191
 12 49 52 17 35 26	 => 191
 9 26 35 54 44 22	 => 190
 38 5 33 48 23 43	 => 190
 52 43 23 28 27 17	 => 190
 35 17 27 42 15 54	 => 190
 44 54 15 40 30 7	 => 190
 33 14 4 41 50 48	 => 190
 23 48 50 16 25 28	 => 190
 27 28 25 36 32 42	 => 190
 15 42 32 8 53 40	 => 190
 30 40 53 46 19 2	 => 190
 50 41 1 37 45 16	 => 190
 25 16 45 39 29 36	 => 190
 32 36 29 34 51 8	 => 190
 53 8 51 21 11 46	 => 190
 45 37 20 18 31 39	 => 190
 29 39 31 10 47 34	 => 190
 51 34 47 24 13 21	 => 190



test#	fitness		sum		time
---------------------------------------------------
1	188.412				255
2	186.85				206
3	187.85				202
4	187.64				222
5	187.478				154
6	187.616				214
7	187.478				207
8	187.158				250
9	187.85				248
10	187.85				239


---------------------------------------------------
Best fitness      : 188.412 ( test# 1)
Shortest time     : 154 ( test# 5)

Average fitness   : 187.618
Average time      : 219.7
