****************** GA TEST *******************

total test#:			 10
hexa min width:			 3
hexa max width:			 5
hexa count:			 19
number count:			 54
population size:		 100
generation size:		 20

tournament winner p:		 1
do xover p:			 1
xover:				 2points
do mutation1 p:			 0.1
mutation1 p:			 0.05
do optimize p:			 1
local optimize count:		 6000
do deep better optimize p:	 1
do deep worse optimize p:	 0
do spin p:			 0
spin count:			 1000
do spin apply p:		 1
do mutation2 p:			 0.12
mutation2 p:			 0.08
force mutation2:		 0
replace bad p:			 0.195

converge rate p:		 0.99
converge count:			 1

**********************************************


===================[TEST 1]===================

##### START ##### Thu May 15 23:47:38 2003



##### CONVERGE ##### Thu May 15 23:50:41 2003

Elapsed time: 183 seconds
Total loop: 170 generations

Result : 187.215

13 18 26 40 54 39 2 25 43 27 3 44 52 21 1 51 50 23 20 28 46 4 42 31 17 6 15 30 38 24 35 29 33 16 49 34 22 12 9 53 36 47 19 48 45 41 5 7 10 37 8 32 14 11 

 13 18 26 40 54 39	 => 190
 2 39 54 25 43 27	 => 190
 3 27 43 44 52 21	 => 190
 26 1 51 50 23 40	 => 191
 54 40 23 20 28 25	 => 190
 43 25 28 46 4 44	 => 190
 52 44 4 42 31 17	 => 190
 51 6 15 30 38 50	 => 190
 23 50 38 24 35 20	 => 190
 28 20 35 29 33 46	 => 191
 4 46 33 16 49 42	 => 190
 31 42 49 34 22 12	 => 190
 38 30 9 53 36 24	 => 190
 35 24 36 47 19 29	 => 190
 33 29 19 48 45 16	 => 190
 49 16 45 41 5 34	 => 190
 36 53 7 10 37 47	 => 190
 19 47 37 8 32 48	 => 191
 45 48 32 14 11 41	 => 191


===================[TEST 2]===================

##### START ##### Thu May 15 23:50:41 2003



##### CONVERGE ##### Thu May 15 23:53:15 2003

Elapsed time: 154 seconds
Total loop: 143 generations

Result : 186.64

9 18 33 41 52 36 1 10 51 39 7 53 35 4 20 28 48 19 42 25 34 16 47 32 6 40 3 27 43 22 15 44 29 13 50 31 5 24 14 38 45 54 8 49 46 26 23 12 2 37 11 30 17 21 

 9 18 33 41 52 36	 => 189
 1 36 52 10 51 39	 => 189
 7 39 51 53 35 4	 => 189
 33 20 28 48 19 41	 => 189
 52 41 19 42 25 10	 => 189
 51 10 25 34 16 53	 => 189
 35 53 16 47 32 6	 => 189
 28 40 3 27 43 48	 => 189
 19 48 43 22 15 42	 => 189
 25 42 15 44 29 34	 => 189
 16 34 29 13 50 47	 => 189
 32 47 50 31 5 24	 => 189
 43 27 14 38 45 22	 => 189
 15 22 45 54 8 44	 => 188
 29 44 8 49 46 13	 => 189
 50 13 46 26 23 31	 => 189
 45 38 12 2 37 54	 => 188
 8 54 37 11 30 49	 => 189
 46 49 30 17 21 26	 => 189


===================[TEST 3]===================

##### START ##### Thu May 15 23:53:15 2003



##### CONVERGE ##### Thu May 15 23:55:15 2003

Elapsed time: 120 seconds
Total loop: 110 generations

Result : 185.85

20 9 45 52 50 12 5 24 44 53 7 46 34 4 1 23 54 13 38 11 41 22 36 42 8 3 27 51 30 21 32 40 26 17 47 33 16 14 2 35 49 28 18 39 48 37 6 19 15 43 31 29 10 25 

 20 9 45 52 50 12	 => 188
 5 12 50 24 44 53	 => 188
 7 53 44 46 34 4	 => 188
 45 1 23 54 13 52	 => 188
 50 52 13 38 11 24	 => 188
 44 24 11 41 22 46	 => 188
 34 46 22 36 42 8	 => 188
 23 3 27 51 30 54	 => 188
 13 54 30 21 32 38	 => 188
 11 38 32 40 26 41	 => 188
 22 41 26 17 47 36	 => 189
 42 36 47 33 16 14	 => 188
 30 51 2 35 49 21	 => 188
 32 21 49 28 18 40	 => 188
 26 40 18 39 48 17	 => 188
 47 17 48 37 6 33	 => 188
 49 35 19 15 43 28	 => 189
 18 28 43 31 29 39	 => 188
 48 39 29 10 25 37	 => 188


===================[TEST 4]===================

##### START ##### Thu May 15 23:55:15 2003



##### CONVERGE ##### Thu May 15 23:59:17 2003

Elapsed time: 242 seconds
Total loop: 225 generations

Result : 187.85

13 10 46 36 42 43 2 30 38 35 6 45 49 17 1 40 53 14 39 29 41 7 54 32 3 4 18 31 44 15 26 27 28 11 50 37 12 5 19 34 47 51 24 52 48 23 21 16 20 22 8 33 25 9 

 13 10 46 36 42 43	 => 190
 2 43 42 30 38 35	 => 190
 6 35 38 45 49 17	 => 190
 46 1 40 53 14 36	 => 190
 42 36 14 39 29 30	 => 190
 38 30 29 41 7 45	 => 190
 49 45 7 54 32 3	 => 190
 40 4 18 31 44 53	 => 190
 14 53 44 15 26 39	 => 191
 29 39 26 27 28 41	 => 190
 7 41 28 11 50 54	 => 191
 32 54 50 37 12 5	 => 190
 44 31 19 34 47 15	 => 190
 26 15 47 51 24 27	 => 190
 28 27 24 52 48 11	 => 190
 50 11 48 23 21 37	 => 190
 47 34 16 20 22 51	 => 190
 24 51 22 8 33 52	 => 190
 48 52 33 25 9 23	 => 190


===================[TEST 5]===================

##### START ##### Thu May 15 23:59:17 2003



##### CONVERGE ##### Fri May 16 00:02:25 2003

Elapsed time: 188 seconds
Total loop: 175 generations

Result : 187.616

20 2 41 45 50 32 10 6 44 48 19 47 29 3 7 40 35 22 37 30 46 17 28 53 16 26 14 36 39 25 33 21 23 27 49 38 13 9 5 31 54 42 15 52 51 24 1 18 11 34 4 43 12 8 

 20 2 41 45 50 32	 => 190
 10 32 50 6 44 48	 => 190
 19 48 44 47 29 3	 => 190
 41 7 40 35 22 45	 => 190
 50 45 22 37 30 6	 => 190
 44 6 30 46 17 47	 => 190
 29 47 17 28 53 16	 => 190
 40 26 14 36 39 35	 => 190
 22 35 39 25 33 37	 => 191
 30 37 33 21 23 46	 => 190
 17 46 23 27 49 28	 => 190
 53 28 49 38 13 9	 => 190
 39 36 5 31 54 25	 => 190
 33 25 54 42 15 21	 => 190
 23 21 15 52 51 27	 => 189
 49 27 51 24 1 38	 => 190
 54 31 18 11 34 42	 => 190
 15 42 34 4 43 52	 => 190
 51 52 43 12 8 24	 => 190


===================[TEST 6]===================

##### START ##### Fri May 16 00:02:25 2003



##### CONVERGE ##### Fri May 16 00:05:43 2003

Elapsed time: 198 seconds
Total loop: 183 generations

Result : 187.85

14 7 47 52 40 30 5 24 45 46 6 38 43 12 1 33 54 3 36 35 20 28 41 32 8 10 15 29 49 22 26 31 42 11 48 51 17 2 4 34 53 39 19 50 37 27 16 21 18 25 13 44 23 9 

 14 7 47 52 40 30	 => 190
 5 30 40 24 45 46	 => 190
 6 46 45 38 43 12	 => 190
 47 1 33 54 3 52	 => 190
 40 52 3 36 35 24	 => 190
 45 24 35 20 28 38	 => 190
 43 38 28 41 32 8	 => 190
 33 10 15 29 49 54	 => 190
 3 54 49 22 26 36	 => 190
 35 36 26 31 42 20	 => 190
 28 20 42 11 48 41	 => 190
 32 41 48 51 17 2	 => 191
 49 29 4 34 53 22	 => 191
 26 22 53 39 19 31	 => 190
 42 31 19 50 37 11	 => 190
 48 11 37 27 16 51	 => 190
 53 34 21 18 25 39	 => 190
 19 39 25 13 44 50	 => 190
 37 50 44 23 9 27	 => 190


===================[TEST 7]===================

##### START ##### Fri May 16 00:05:43 2003



##### CONVERGE ##### Fri May 16 00:08:46 2003

Elapsed time: 183 seconds
Total loop: 171 generations

Result (Solution) : 190

4 21 45 31 53 36 1 18 48 34 12 39 35 22 2 52 49 11 40 37 23 25 51 26 14 7 5 27 50 16 24 38 28 19 44 43 6 20 9 47 41 54 17 46 42 29 13 15 3 30 10 33 32 8 

 4 21 45 31 53 36	 => 190
 1 36 53 18 48 34	 => 190
 12 34 48 39 35 22	 => 190
 45 2 52 49 11 31	 => 190
 53 31 11 40 37 18	 => 190
 48 18 37 23 25 39	 => 190
 35 39 25 51 26 14	 => 190
 52 7 5 27 50 49	 => 190
 11 49 50 16 24 40	 => 190
 37 40 24 38 28 23	 => 190
 25 23 28 19 44 51	 => 190
 26 51 44 43 6 20	 => 190
 50 27 9 47 41 16	 => 190
 24 16 41 54 17 38	 => 190
 28 38 17 46 42 19	 => 190
 44 19 42 29 13 43	 => 190
 41 47 15 3 30 54	 => 190
 17 54 30 10 33 46	 => 190
 42 46 33 32 8 29	 => 190


===================[TEST 8]===================

##### START ##### Fri May 16 00:08:46 2003



##### CONVERGE ##### Fri May 16 00:12:16 2003

Elapsed time: 210 seconds
Total loop: 195 generations

Result : 188.306

16 9 31 45 54 35 18 7 37 39 4 52 46 12 3 50 53 8 32 44 29 21 34 36 1 5 10 24 48 22 27 33 25 30 51 26 28 15 13 41 42 47 19 40 43 38 2 17 20 23 11 49 14 6 

 16 9 31 45 54 35	 => 190
 18 35 54 7 37 39	 => 190
 4 39 37 52 46 12	 => 190
 31 3 50 53 8 45	 => 190
 54 45 8 32 44 7	 => 190
 37 7 44 29 21 52	 => 190
 46 52 21 34 36 1	 => 190
 50 5 10 24 48 53	 => 190
 8 53 48 22 27 32	 => 190
 44 32 27 33 25 29	 => 190
 21 29 25 30 51 34	 => 190
 36 34 51 26 28 15	 => 190
 48 24 13 41 42 22	 => 190
 27 22 42 47 19 33	 => 190
 25 33 19 40 43 30	 => 190
 51 30 43 38 2 26	 => 190
 42 41 17 20 23 47	 => 190
 19 47 23 11 49 40	 => 189
 43 40 49 14 6 38	 => 190


===================[TEST 9]===================

##### START ##### Fri May 16 00:12:16 2003



##### CONVERGE ##### Fri May 16 00:15:07 2003

Elapsed time: 171 seconds
Total loop: 159 generations

Result : 187.412

17 4 36 45 50 37 5 6 51 40 21 49 26 2 12 29 48 19 38 31 41 11 39 54 10 18 13 47 34 28 22 33 24 32 42 30 8 16 1 44 35 46 25 52 23 53 9 7 15 43 3 20 27 14 

 17 4 36 45 50 37	 => 189
 5 37 50 6 51 40	 => 189
 21 40 51 49 26 2	 => 189
 36 12 29 48 19 45	 => 189
 50 45 19 38 31 6	 => 189
 51 6 31 41 11 49	 => 189
 26 49 11 39 54 10	 => 189
 29 18 13 47 34 48	 => 189
 19 48 34 28 22 38	 => 189
 31 38 22 33 24 41	 => 189
 11 41 24 32 42 39	 => 189
 54 39 42 30 8 16	 => 189
 34 47 1 44 35 28	 => 189
 22 28 35 46 25 33	 => 189
 24 33 25 52 23 32	 => 189
 42 32 23 53 9 30	 => 189
 35 44 7 15 43 46	 => 190
 25 46 43 3 20 52	 => 189
 23 52 20 27 14 53	 => 189


===================[TEST 10]===================

##### START ##### Fri May 16 00:15:07 2003



##### CONVERGE ##### Fri May 16 00:17:38 2003

Elapsed time: 151 seconds
Total loop: 141 generations

Result (Solution) : 188

23 4 30 53 52 26 15 18 29 48 9 47 34 21 13 31 50 11 19 35 27 32 24 39 12 10 7 41 49 17 42 28 37 25 43 54 8 20 3 33 45 40 16 44 38 22 6 5 14 51 1 36 2 46 

 23 4 30 53 52 26	 => 188
 15 26 52 18 29 48	 => 188
 9 48 29 47 34 21	 => 188
 30 13 31 50 11 53	 => 188
 52 53 11 19 35 18	 => 188
 29 18 35 27 32 47	 => 188
 34 47 32 24 39 12	 => 188
 31 10 7 41 49 50	 => 188
 11 50 49 17 42 19	 => 188
 35 19 42 28 37 27	 => 188
 32 27 37 25 43 24	 => 188
 39 24 43 54 8 20	 => 188
 49 41 3 33 45 17	 => 188
 42 17 45 40 16 28	 => 188
 37 28 16 44 38 25	 => 188
 43 25 38 22 6 54	 => 188
 45 33 5 14 51 40	 => 188
 16 40 51 1 36 44	 => 188
 38 44 36 2 46 22	 => 188



test#	fitness		sum		time
---------------------------------------------------
1	187.215				183
2	186.64				154
3	185.85				120
4	187.85				242
5	187.616				188
6	187.85				198
7	190		190		183
8	188.306				210
9	187.412				171
10	188		188		151


---------------------------------------------------
Best fitness      : 190 ( test# 7)
Best solution sum : 190 ( test# 7)
Shortest time     : 120 ( test# 3)

Average fitness   : 187.674
Average sol. sum  : 189
Average time      : 180
