****************** GA TEST *******************

total test#:			 10
hexa min width:			 3
hexa max width:			 5
hexa count:			 19
number count:			 54
population size:		 120
generation size:		 20

tournament winner p:		 1
do xover p:			 1
xover:				 2points
do mutation1 p:			 0.1
mutation1 p:			 0.05
do optimize p:			 1
local optimize count:		 6000
do deep better optimize p:	 1
do deep worse optimize p:	 0
do spin p:			 0
spin count:			 1000
do spin apply p:		 1
do mutation2 p:			 0.12
mutation2 p:			 0.08
force mutation2:		 0
replace bad p:			 0.195

converge rate p:		 0.99
converge count:			 1

**********************************************


===================[TEST 1]===================

##### START ##### Fri May 16 00:54:15 2003



##### CONVERGE ##### Fri May 16 00:58:42 2003

Elapsed time: 267 seconds
Total loop: 248 generations

Result : 187.616

16 6 31 49 46 42 3 22 44 33 20 52 27 14 9 32 51 18 25 30 34 8 53 40 10 2 19 45 41 12 43 23 35 13 47 39 7 4 5 50 36 48 28 37 54 26 11 17 1 38 15 24 21 29 

 16 6 31 49 46 42	 => 190
 3 42 46 22 44 33	 => 190
 20 33 44 52 27 14	 => 190
 31 9 32 51 18 49	 => 190
 46 49 18 25 30 22	 => 190
 44 22 30 34 8 52	 => 190
 27 52 8 53 40 10	 => 190
 32 2 19 45 41 51	 => 190
 18 51 41 12 43 25	 => 190
 30 25 43 23 35 34	 => 190
 8 34 35 13 47 53	 => 190
 40 53 47 39 7 4	 => 190
 41 45 5 50 36 12	 => 189
 43 12 36 48 28 23	 => 190
 35 23 28 37 54 13	 => 190
 47 13 54 26 11 39	 => 190
 36 50 17 1 38 48	 => 190
 28 48 38 15 24 37	 => 190
 54 37 24 21 29 26	 => 191


===================[TEST 2]===================

##### START ##### Fri May 16 00:58:42 2003



##### CONVERGE ##### Fri May 16 01:02:21 2003

Elapsed time: 219 seconds
Total loop: 203 generations

Result : 187.64

19 9 46 41 48 26 1 18 43 54 3 49 35 6 7 29 47 20 24 39 25 16 53 33 4 23 8 45 38 21 40 34 28 36 32 44 10 17 5 51 30 52 13 42 37 27 14 15 11 31 2 50 22 12 

 19 9 46 41 48 26	 => 189
 1 26 48 18 43 54	 => 190
 3 54 43 49 35 6	 => 190
 46 7 29 47 20 41	 => 190
 48 41 20 24 39 18	 => 190
 43 18 39 25 16 49	 => 190
 35 49 16 53 33 4	 => 190
 29 23 8 45 38 47	 => 190
 20 47 38 21 40 24	 => 190
 39 24 40 34 28 25	 => 190
 16 25 28 36 32 53	 => 190
 33 53 32 44 10 17	 => 189
 38 45 5 51 30 21	 => 190
 40 21 30 52 13 34	 => 190
 28 34 13 42 37 36	 => 190
 32 36 37 27 14 44	 => 190
 30 51 15 11 31 52	 => 190
 13 52 31 2 50 42	 => 190
 37 42 50 22 12 27	 => 190


===================[TEST 3]===================

##### START ##### Fri May 16 01:02:21 2003



##### CONVERGE ##### Fri May 16 01:09:31 2003

Elapsed time: 430 seconds
Total loop: 399 generations

Result : 187.64

23 8 22 51 40 46 3 20 45 36 25 39 35 10 15 33 53 16 29 34 41 11 54 50 1 5 12 44 43 21 28 31 27 32 24 52 4 6 7 26 49 47 14 48 38 30 13 9 17 42 2 37 18 19 

 23 8 22 51 40 46	 => 190
 3 46 40 20 45 36	 => 190
 25 36 45 39 35 10	 => 190
 22 15 33 53 16 51	 => 190
 40 51 16 29 34 20	 => 190
 45 20 34 41 11 39	 => 190
 35 39 11 54 50 1	 => 190
 33 5 12 44 43 53	 => 190
 16 53 43 21 28 29	 => 190
 34 29 28 31 27 41	 => 190
 11 41 27 32 24 54	 => 189
 50 54 24 52 4 6	 => 190
 43 44 7 26 49 21	 => 190
 28 21 49 47 14 31	 => 190
 27 31 14 48 38 32	 => 190
 24 32 38 30 13 52	 => 189
 49 26 9 17 42 47	 => 190
 14 47 42 2 37 48	 => 190
 38 48 37 18 19 30	 => 190


===================[TEST 4]===================

##### START ##### Fri May 16 01:09:31 2003



##### CONVERGE ##### Fri May 16 01:13:53 2003

Elapsed time: 262 seconds
Total loop: 241 generations

Result : 187.501

8 22 31 44 54 32 3 15 51 36 11 45 41 7 5 53 43 14 35 28 33 19 48 34 4 6 1 42 46 24 29 40 25 18 47 39 2 20 12 30 37 52 9 49 50 27 10 21 13 38 17 26 16 23 

 8 22 31 44 54 32	 => 191
 3 32 54 15 51 36	 => 191
 11 36 51 45 41 7	 => 191
 31 5 53 43 14 44	 => 190
 54 44 14 35 28 15	 => 190
 51 15 28 33 19 45	 => 191
 41 45 19 48 34 4	 => 191
 53 6 1 42 46 43	 => 191
 14 43 46 24 29 35	 => 191
 28 35 29 40 25 33	 => 190
 19 33 25 18 47 48	 => 190
 34 48 47 39 2 20	 => 190
 46 42 12 30 37 24	 => 191
 29 24 37 52 9 40	 => 191
 25 40 9 49 50 18	 => 191
 47 18 50 27 10 39	 => 191
 37 30 21 13 38 52	 => 191
 9 52 38 17 26 49	 => 191
 50 49 26 16 23 27	 => 191


===================[TEST 5]===================

##### START ##### Fri May 16 01:13:53 2003



##### CONVERGE ##### Fri May 16 01:17:46 2003

Elapsed time: 233 seconds
Total loop: 216 generations

Result : 187.616

23 10 25 43 50 39 8 20 52 21 12 51 41 13 14 33 49 26 27 24 28 15 47 30 6 9 19 36 44 11 34 45 32 29 38 37 16 22 4 53 42 40 18 31 35 48 3 2 7 46 1 54 17 5 

 23 10 25 43 50 39	 => 190
 8 39 50 20 52 21	 => 190
 12 21 52 51 41 13	 => 190
 25 14 33 49 26 43	 => 190
 50 43 26 27 24 20	 => 190
 52 20 24 28 15 51	 => 190
 41 51 15 47 30 6	 => 190
 33 9 19 36 44 49	 => 190
 26 49 44 11 34 27	 => 191
 24 27 34 45 32 28	 => 190
 15 28 32 29 38 47	 => 189
 30 47 38 37 16 22	 => 190
 44 36 4 53 42 11	 => 190
 34 11 42 40 18 45	 => 190
 32 45 18 31 35 29	 => 190
 38 29 35 48 3 37	 => 190
 42 53 2 7 46 40	 => 190
 18 40 46 1 54 31	 => 190
 35 31 54 17 5 48	 => 190


===================[TEST 6]===================

##### START ##### Fri May 16 01:17:46 2003



##### CONVERGE ##### Fri May 16 01:21:22 2003

Elapsed time: 216 seconds
Total loop: 198 generations

Result : 187.64

5 25 28 51 42 39 8 23 52 26 3 44 48 17 11 33 46 21 18 35 34 2 53 30 13 10 20 27 54 19 32 24 47 16 38 49 6 14 9 45 36 50 29 31 43 40 4 15 7 37 1 41 22 12 

 5 25 28 51 42 39	 => 190
 8 39 42 23 52 26	 => 190
 3 26 52 44 48 17	 => 190
 28 11 33 46 21 51	 => 190
 42 51 21 18 35 23	 => 190
 52 23 35 34 2 44	 => 190
 48 44 2 53 30 13	 => 190
 33 10 20 27 54 46	 => 190
 21 46 54 19 32 18	 => 190
 35 18 32 24 47 34	 => 190
 2 34 47 16 38 53	 => 190
 30 53 38 49 6 14	 => 190
 54 27 9 45 36 19	 => 190
 32 19 36 50 29 24	 => 190
 47 24 29 31 43 16	 => 190
 38 16 43 40 4 49	 => 190
 36 45 15 7 37 50	 => 190
 29 50 37 1 41 31	 => 189
 43 31 41 22 12 40	 => 189


===================[TEST 7]===================

##### START ##### Fri May 16 01:21:22 2003



##### CONVERGE ##### Fri May 16 01:25:10 2003

Elapsed time: 228 seconds
Total loop: 211 generations

Result : 187.478

3 18 29 47 53 40 7 15 48 28 5 52 46 11 2 32 54 26 19 30 31 14 50 27 1 10 13 36 45 12 34 33 43 8 44 23 25 21 9 37 51 41 20 38 49 42 24 22 4 35 17 39 6 16 

 3 18 29 47 53 40	 => 190
 7 40 53 15 48 28	 => 191
 5 28 48 52 46 11	 => 190
 29 2 32 54 26 47	 => 190
 53 47 26 19 30 15	 => 190
 48 15 30 31 14 52	 => 190
 46 52 14 50 27 1	 => 190
 32 10 13 36 45 54	 => 190
 26 54 45 12 34 19	 => 190
 30 19 34 33 43 31	 => 190
 14 31 43 8 44 50	 => 190
 27 50 44 23 25 21	 => 190
 45 36 9 37 51 12	 => 190
 34 12 51 41 20 33	 => 191
 43 33 20 38 49 8	 => 191
 44 8 49 42 24 23	 => 190
 51 37 22 4 35 41	 => 190
 20 41 35 17 39 38	 => 190
 49 38 39 6 16 42	 => 190


===================[TEST 8]===================

##### START ##### Fri May 16 01:25:10 2003



##### CONVERGE ##### Fri May 16 01:28:43 2003

Elapsed time: 213 seconds
Total loop: 197 generations

Result : 187.163

11 5 49 34 43 48 1 13 35 50 19 32 29 25 2 36 51 18 37 45 39 26 52 47 4 12 9 40 42 20 22 30 16 23 33 31 3 24 7 28 53 44 21 54 46 41 15 17 10 38 6 27 14 8 

 11 5 49 34 43 48	 => 190
 1 48 43 13 35 50	 => 190
 19 50 35 32 29 25	 => 190
 49 2 36 51 18 34	 => 190
 43 34 18 37 45 13	 => 190
 35 13 45 39 26 32	 => 190
 29 32 26 52 47 4	 => 190
 36 12 9 40 42 51	 => 190
 18 51 42 20 22 37	 => 190
 45 37 22 30 16 39	 => 189
 26 39 16 23 33 52	 => 189
 47 52 33 31 3 24	 => 190
 42 40 7 28 53 20	 => 190
 22 20 53 44 21 30	 => 190
 16 30 21 54 46 23	 => 190
 33 23 46 41 15 31	 => 189
 53 28 17 10 38 44	 => 190
 21 44 38 6 27 54	 => 190
 46 54 27 14 8 41	 => 190


===================[TEST 9]===================

##### START ##### Fri May 16 01:28:43 2003



##### CONVERGE ##### Fri May 16 01:35:40 2003

Elapsed time: 417 seconds
Total loop: 387 generations

Result : 187.64

14 5 40 49 45 37 11 8 48 41 3 51 24 23 4 29 43 25 31 32 44 7 54 36 18 16 19 53 30 27 34 28 21 26 38 33 12 17 6 39 35 46 20 52 42 50 1 10 13 47 2 22 9 15 

 14 5 40 49 45 37	 => 190
 11 37 45 8 48 41	 => 190
 3 41 48 51 24 23	 => 190
 40 4 29 43 25 49	 => 190
 45 49 25 31 32 8	 => 190
 48 8 32 44 7 51	 => 190
 24 51 7 54 36 18	 => 190
 29 16 19 53 30 43	 => 190
 25 43 30 27 34 31	 => 190
 32 31 34 28 21 44	 => 190
 7 44 21 26 38 54	 => 190
 36 54 38 33 12 17	 => 190
 30 53 6 39 35 27	 => 190
 34 27 35 46 20 28	 => 190
 21 28 20 52 42 26	 => 189
 38 26 42 50 1 33	 => 190
 35 39 10 13 47 46	 => 190
 20 46 47 2 22 52	 => 189
 42 52 22 9 15 50	 => 190


===================[TEST 10]===================

##### START ##### Fri May 16 01:35:40 2003



##### CONVERGE ##### Fri May 16 01:40:07 2003

Elapsed time: 267 seconds
Total loop: 247 generations

Result : 188.412

9 2 32 54 44 49 1 8 52 36 18 53 28 3 6 39 34 25 30 29 35 13 41 50 5 11 16 48 42 19 40 31 26 24 51 17 21 10 7 27 47 33 20 43 46 38 14 23 15 45 12 37 4 22 

 9 2 32 54 44 49	 => 190
 1 49 44 8 52 36	 => 190
 18 36 52 53 28 3	 => 190
 32 6 39 34 25 54	 => 190
 44 54 25 30 29 8	 => 190
 52 8 29 35 13 53	 => 190
 28 53 13 41 50 5	 => 190
 39 11 16 48 42 34	 => 190
 25 34 42 19 40 30	 => 190
 29 30 40 31 26 35	 => 191
 13 35 26 24 51 41	 => 190
 50 41 51 17 21 10	 => 190
 42 48 7 27 47 19	 => 190
 40 19 47 33 20 31	 => 190
 26 31 20 43 46 24	 => 190
 51 24 46 38 14 17	 => 190
 47 27 23 15 45 33	 => 190
 20 33 45 12 37 43	 => 190
 46 43 37 4 22 38	 => 190



test#	fitness		sum		time
---------------------------------------------------
1	187.616				267
2	187.64				219
3	187.64				430
4	187.501				262
5	187.616				233
6	187.64				216
7	187.478				228
8	187.163				213
9	187.64				417
10	188.412				267


---------------------------------------------------
Best fitness      : 188.412 ( test# 10)
Shortest time     : 213 ( test# 8)

Average fitness   : 187.634
Average time      : 275.2
