****************** GA TEST *******************

total test#:			 10
hexa min width:			 3
hexa max width:			 5
hexa count:			 19
number count:			 54
population size:		 70
generation size:		 20

tournament winner p:		 1
do xover p:			 1
xover:				 2points
do mutation1 p:			 0.1
mutation1 p:			 0.05
do optimize p:			 1
local optimize count:		 6000
do deep better optimize p:	 1
do deep worse optimize p:	 0
do spin p:			 0
spin count:			 1000
do spin apply p:		 1
do mutation2 p:			 0.12
mutation2 p:			 0.08
force mutation2:		 0
replace bad p:			 0.195

converge rate p:		 0.99
converge count:			 1

**********************************************


===================[TEST 1]===================

##### START ##### Thu May 15 22:31:15 2003



##### CONVERGE ##### Thu May 15 22:33:52 2003

Elapsed time: 157 seconds
Total loop: 146 generations

Result : 186.478

3 30 11 53 49 43 2 16 54 25 14 50 37 9 18 46 44 17 32 23 41 5 51 42 4 12 7 33 47 15 34 28 31 21 40 29 1 26 13 36 45 48 19 52 38 39 22 10 24 27 8 35 6 20 

 3 30 11 53 49 43	 => 189
 2 43 49 16 54 25	 => 189
 14 25 54 50 37 9	 => 189
 11 18 46 44 17 53	 => 189
 49 53 17 32 23 16	 => 190
 54 16 23 41 5 50	 => 189
 37 50 5 51 42 4	 => 189
 46 12 7 33 47 44	 => 189
 17 44 47 15 34 32	 => 189
 23 32 34 28 31 41	 => 189
 5 41 31 21 40 51	 => 189
 42 51 40 29 1 26	 => 189
 47 33 13 36 45 15	 => 189
 34 15 45 48 19 28	 => 189
 31 28 19 52 38 21	 => 189
 40 21 38 39 22 29	 => 189
 45 36 10 24 27 48	 => 190
 19 48 27 8 35 52	 => 189
 38 52 35 6 20 39	 => 190


===================[TEST 2]===================

##### START ##### Thu May 15 22:33:52 2003



##### CONVERGE ##### Thu May 15 22:36:33 2003

Elapsed time: 161 seconds
Total loop: 150 generations

Result : 187.268

15 19 24 52 51 29 7 23 41 39 14 46 33 18 4 48 50 12 28 25 34 22 44 38 8 1 13 36 43 26 32 37 35 16 40 53 11 5 10 27 49 45 2 54 47 31 3 6 21 42 17 30 9 20 

 15 19 24 52 51 29	 => 190
 7 29 51 23 41 39	 => 190
 14 39 41 46 33 18	 => 191
 24 4 48 50 12 52	 => 190
 51 52 12 28 25 23	 => 191
 41 23 25 34 22 46	 => 191
 33 46 22 44 38 8	 => 191
 48 1 13 36 43 50	 => 191
 12 50 43 26 32 28	 => 191
 25 28 32 37 35 34	 => 191
 22 34 35 16 40 44	 => 191
 38 44 40 53 11 5	 => 191
 43 36 10 27 49 26	 => 191
 32 26 49 45 2 37	 => 191
 35 37 2 54 47 16	 => 191
 40 16 47 31 3 53	 => 190
 49 27 6 21 42 45	 => 190
 2 45 42 17 30 54	 => 190
 47 54 30 9 20 31	 => 191


===================[TEST 3]===================

##### START ##### Thu May 15 22:36:33 2003



##### CONVERGE ##### Thu May 15 22:38:43 2003

Elapsed time: 130 seconds
Total loop: 121 generations

Result : 187.478

21 5 31 47 37 49 3 13 53 35 7 50 22 23 4 54 25 29 36 28 26 20 46 43 10 17 8 44 42 24 34 27 39 11 48 41 12 1 2 40 38 51 16 45 52 32 6 18 14 30 15 33 9 19 

 21 5 31 47 37 49	 => 190
 3 49 37 13 53 35	 => 190
 7 35 53 50 22 23	 => 190
 31 4 54 25 29 47	 => 190
 37 47 29 36 28 13	 => 190
 53 13 28 26 20 50	 => 190
 22 50 20 46 43 10	 => 191
 54 17 8 44 42 25	 => 190
 29 25 42 24 34 36	 => 190
 28 36 34 27 39 26	 => 190
 20 26 39 11 48 46	 => 190
 43 46 48 41 12 1	 => 191
 42 44 2 40 38 24	 => 190
 34 24 38 51 16 27	 => 190
 39 27 16 45 52 11	 => 190
 48 11 52 32 6 41	 => 190
 38 40 18 14 30 51	 => 191
 16 51 30 15 33 45	 => 190
 52 45 33 9 19 32	 => 190


===================[TEST 4]===================

##### START ##### Thu May 15 22:38:43 2003



##### CONVERGE ##### Thu May 15 22:42:13 2003

Elapsed time: 210 seconds
Total loop: 195 generations

Result : 187.501

1 22 49 42 50 27 2 21 48 43 6 40 34 20 7 31 52 10 29 39 24 19 47 45 5 12 13 28 54 9 37 25 36 14 51 30 15 3 8 38 53 41 26 46 44 33 18 23 4 32 11 35 16 17 

 1 22 49 42 50 27	 => 191
 2 27 50 21 48 43	 => 191
 6 43 48 40 34 20	 => 191
 49 7 31 52 10 42	 => 191
 50 42 10 29 39 21	 => 191
 48 21 39 24 19 40	 => 191
 34 40 19 47 45 5	 => 190
 31 12 13 28 54 52	 => 190
 10 52 54 9 37 29	 => 191
 39 29 37 25 36 24	 => 190
 19 24 36 14 51 47	 => 191
 45 47 51 30 15 3	 => 191
 54 28 8 38 53 9	 => 190
 37 9 53 41 26 25	 => 191
 36 25 26 46 44 14	 => 191
 51 14 44 33 18 30	 => 190
 53 38 23 4 32 41	 => 191
 26 41 32 11 35 46	 => 191
 44 46 35 16 17 33	 => 191


===================[TEST 5]===================

##### START ##### Thu May 15 22:42:13 2003



##### CONVERGE ##### Thu May 15 22:43:42 2003

Elapsed time: 89 seconds
Total loop: 83 generations

Result : 186.613

24 4 27 48 50 37 6 10 44 43 1 51 40 11 17 35 54 9 34 39 33 13 53 21 12 5 7 42 47 16 31 32 20 26 45 25 28 18 3 30 52 36 22 49 41 38 15 23 2 46 8 29 19 14 

 24 4 27 48 50 37	 => 190
 6 37 50 10 44 43	 => 190
 1 43 44 51 40 11	 => 190
 27 17 35 54 9 48	 => 190
 50 48 9 34 39 10	 => 190
 44 10 39 33 13 51	 => 190
 40 51 13 53 21 12	 => 190
 35 5 7 42 47 54	 => 190
 9 54 47 16 31 34	 => 191
 39 34 31 32 20 33	 => 189
 13 33 20 26 45 53	 => 190
 21 53 45 25 28 18	 => 190
 47 42 3 30 52 16	 => 190
 31 16 52 36 22 32	 => 189
 20 32 22 49 41 26	 => 190
 45 26 41 38 15 25	 => 190
 52 30 23 2 46 36	 => 189
 22 36 46 8 29 49	 => 190
 41 49 29 19 14 38	 => 190


===================[TEST 6]===================

##### START ##### Thu May 15 22:43:42 2003



##### CONVERGE ##### Thu May 15 22:46:09 2003

Elapsed time: 147 seconds
Total loop: 137 generations

Result : 185.951

2 24 46 45 44 29 1 41 52 22 21 26 51 18 3 40 48 7 25 28 32 11 53 37 12 10 16 27 49 23 38 35 31 20 43 33 4 19 6 34 50 36 8 54 42 39 13 5 17 47 14 30 15 9 

 2 24 46 45 44 29	 => 190
 1 29 44 41 52 22	 => 189
 21 22 52 26 51 18	 => 190
 46 3 40 48 7 45	 => 189
 44 45 7 25 28 41	 => 190
 52 41 28 32 11 26	 => 190
 51 26 11 53 37 12	 => 190
 40 10 16 27 49 48	 => 190
 7 48 49 23 38 25	 => 190
 28 25 38 35 31 32	 => 189
 11 32 31 20 43 53	 => 190
 37 53 43 33 4 19	 => 189
 49 27 6 34 50 23	 => 189
 38 23 50 36 8 35	 => 190
 31 35 8 54 42 20	 => 190
 43 20 42 39 13 33	 => 190
 50 34 5 17 47 36	 => 189
 8 36 47 14 30 54	 => 189
 42 54 30 15 9 39	 => 189


===================[TEST 7]===================

##### START ##### Thu May 15 22:46:09 2003



##### CONVERGE ##### Thu May 15 22:47:57 2003

Elapsed time: 108 seconds
Total loop: 101 generations

Result : 186.306

2 23 50 47 37 29 19 12 40 51 22 24 41 10 1 25 48 17 21 54 20 38 42 35 8 15 18 30 52 11 39 28 26 9 53 44 6 7 13 33 49 27 34 45 46 31 5 4 32 43 3 36 14 16 

 2 23 50 47 37 29	 => 188
 19 29 37 12 40 51	 => 188
 22 51 40 24 41 10	 => 188
 50 1 25 48 17 47	 => 188
 37 47 17 21 54 12	 => 188
 40 12 54 20 38 24	 => 188
 41 24 38 42 35 8	 => 188
 25 15 18 30 52 48	 => 188
 17 48 52 11 39 21	 => 188
 54 21 39 28 26 20	 => 188
 38 20 26 9 53 42	 => 188
 35 42 53 44 6 7	 => 187
 52 30 13 33 49 11	 => 188
 39 11 49 27 34 28	 => 188
 26 28 34 45 46 9	 => 188
 53 9 46 31 5 44	 => 188
 49 33 4 32 43 27	 => 188
 34 27 43 3 36 45	 => 188
 46 45 36 14 16 31	 => 188


===================[TEST 8]===================

##### START ##### Thu May 15 22:47:57 2003



##### CONVERGE ##### Thu May 15 22:49:33 2003

Elapsed time: 96 seconds
Total loop: 89 generations

Result : 188.412

3 12 43 46 52 34 5 6 49 44 15 53 28 1 2 29 47 24 35 27 33 22 36 41 10 23 21 32 38 7 39 30 26 25 48 40 14 11 17 45 51 50 13 54 42 31 4 19 9 16 20 37 8 18 

 3 12 43 46 52 34	 => 190
 5 34 52 6 49 44	 => 190
 15 44 49 53 28 1	 => 190
 43 2 29 47 24 46	 => 191
 52 46 24 35 27 6	 => 190
 49 6 27 33 22 53	 => 190
 28 53 22 36 41 10	 => 190
 29 23 21 32 38 47	 => 190
 24 47 38 7 39 35	 => 190
 27 35 39 30 26 33	 => 190
 22 33 26 25 48 36	 => 190
 41 36 48 40 14 11	 => 190
 38 32 17 45 51 7	 => 190
 39 7 51 50 13 30	 => 190
 26 30 13 54 42 25	 => 190
 48 25 42 31 4 40	 => 190
 51 45 19 9 16 50	 => 190
 13 50 16 20 37 54	 => 190
 42 54 37 8 18 31	 => 190


===================[TEST 9]===================

##### START ##### Thu May 15 22:49:33 2003



##### CONVERGE ##### Thu May 15 22:51:23 2003

Elapsed time: 110 seconds
Total loop: 102 generations

Result : 186.85

15 17 45 37 53 22 6 19 40 49 18 38 41 3 4 32 50 21 16 43 36 13 44 48 5 12 9 39 47 24 31 30 33 11 52 25 14 7 2 35 42 28 34 27 54 46 1 10 23 51 20 29 8 26 

 15 17 45 37 53 22	 => 189
 6 22 53 19 40 49	 => 189
 18 49 40 38 41 3	 => 189
 45 4 32 50 21 37	 => 189
 53 37 21 16 43 19	 => 189
 40 19 43 36 13 38	 => 189
 41 38 13 44 48 5	 => 189
 32 12 9 39 47 50	 => 189
 21 50 47 24 31 16	 => 189
 43 16 31 30 33 36	 => 189
 13 36 33 11 52 44	 => 189
 48 44 52 25 14 7	 => 190
 47 39 2 35 42 24	 => 189
 31 24 42 28 34 30	 => 189
 33 30 34 27 54 11	 => 189
 52 11 54 46 1 25	 => 189
 42 35 10 23 51 28	 => 189
 34 28 51 20 29 27	 => 189
 54 27 29 8 26 46	 => 190


===================[TEST 10]===================

##### START ##### Thu May 15 22:51:23 2003



##### CONVERGE ##### Thu May 15 22:53:14 2003

Elapsed time: 111 seconds
Total loop: 103 generations

Result : 187.85

23 7 37 36 42 46 6 18 52 26 8 53 38 13 5 51 34 27 45 22 31 14 44 40 1 4 12 48 41 19 24 35 33 21 47 29 2 28 3 25 54 49 9 43 50 32 11 17 15 30 20 39 10 16 

 23 7 37 36 42 46	 => 191
 6 46 42 18 52 26	 => 190
 8 26 52 53 38 13	 => 190
 37 5 51 34 27 36	 => 190
 42 36 27 45 22 18	 => 190
 52 18 22 31 14 53	 => 190
 38 53 14 44 40 1	 => 190
 51 4 12 48 41 34	 => 190
 27 34 41 19 24 45	 => 190
 22 45 24 35 33 31	 => 190
 14 31 33 21 47 44	 => 190
 40 44 47 29 2 28	 => 190
 41 48 3 25 54 19	 => 190
 24 19 54 49 9 35	 => 190
 33 35 9 43 50 21	 => 191
 47 21 50 32 11 29	 => 190
 54 25 17 15 30 49	 => 190
 9 49 30 20 39 43	 => 190
 50 43 39 10 16 32	 => 190



test#	fitness		sum		time
---------------------------------------------------
1	186.478				157
2	187.268				161
3	187.478				130
4	187.501				210
5	186.613				89
6	185.951				147
7	186.306				108
8	188.412				96
9	186.85				110
10	187.85				111


---------------------------------------------------
Best fitness      : 188.412 ( test# 8)
Shortest time     : 89 ( test# 5)

Average fitness   : 187.071
Average time      : 131.9
