****************** GA TEST *******************

total test#:			 10
hexa min width:			 3
hexa max width:			 5
hexa count:			 19
number count:			 54
population size:		 70
generation size:		 50

tournament winner p:		 1
do xover p:			 1
xover:				 2points
do mutation1 p:			 0.1
mutation1 p:			 0.05
do optimize p:			 1
local optimize count:		 6000
do deep better optimize p:	 1
do deep worse optimize p:	 0
do spin p:			 0
spin count:			 1000
do spin apply p:		 1
do mutation2 p:			 0.12
mutation2 p:			 0.08
force mutation2:		 0
replace bad p:			 0.195

converge rate p:		 0.99
converge count:			 1

**********************************************


===================[TEST 1]===================

##### START ##### Fri May 16 09:51:15 2003



##### CONVERGE ##### Fri May 16 09:53:35 2003

Elapsed time: 140 seconds
Total loop: 52 generations

Result : 187.478

19 17 27 38 45 44 8 10 40 43 12 51 28 16 7 42 47 29 22 46 23 20 54 31 6 9 14 26 52 11 30 36 33 13 48 37 15 5 21 41 39 50 24 49 35 53 4 2 25 34 1 32 3 18 

 19 17 27 38 45 44	 => 190
 8 44 45 10 40 43	 => 190
 12 43 40 51 28 16	 => 190
 27 7 42 47 29 38	 => 190
 45 38 29 22 46 10	 => 190
 40 10 46 23 20 51	 => 190
 28 51 20 54 31 6	 => 190
 42 9 14 26 52 47	 => 190
 29 47 52 11 30 22	 => 191
 46 22 30 36 33 23	 => 190
 20 23 33 13 48 54	 => 191
 31 54 48 37 15 5	 => 190
 52 26 21 41 39 11	 => 190
 30 11 39 50 24 36	 => 190
 33 36 24 49 35 13	 => 190
 48 13 35 53 4 37	 => 190
 39 41 2 25 34 50	 => 191
 24 50 34 1 32 49	 => 190
 35 49 32 3 18 53	 => 190


===================[TEST 2]===================

##### START ##### Fri May 16 09:53:35 2003



##### CONVERGE ##### Fri May 16 09:55:53 2003

Elapsed time: 138 seconds
Total loop: 51 generations

Result : 187.215

16 3 40 54 48 29 1 27 44 41 15 51 33 6 8 39 45 4 36 21 30 17 50 32 7 19 14 24 49 13 43 34 26 22 46 31 20 11 23 28 53 38 9 47 52 35 5 10 25 37 18 42 2 12 

 16 3 40 54 48 29	 => 190
 1 29 48 27 44 41	 => 190
 15 41 44 51 33 6	 => 190
 40 8 39 45 4 54	 => 190
 48 54 4 36 21 27	 => 190
 44 27 21 30 17 51	 => 190
 33 51 17 50 32 7	 => 190
 39 19 14 24 49 45	 => 190
 4 45 49 13 43 36	 => 190
 21 36 43 34 26 30	 => 190
 17 30 26 22 46 50	 => 191
 32 50 46 31 20 11	 => 190
 49 24 23 28 53 13	 => 190
 43 13 53 38 9 34	 => 190
 26 34 9 47 52 22	 => 190
 46 22 52 35 5 31	 => 191
 53 28 10 25 37 38	 => 191
 9 38 37 18 42 47	 => 191
 52 47 42 2 12 35	 => 190


===================[TEST 3]===================

##### START ##### Fri May 16 09:55:53 2003



##### CONVERGE ##### Fri May 16 09:58:07 2003

Elapsed time: 134 seconds
Total loop: 50 generations

Result : 186.85

8 16 34 40 43 48 6 28 50 14 30 41 45 9 7 46 37 25 29 24 44 2 54 32 15 18 5 36 47 12 39 26 27 13 49 31 3 21 20 22 52 42 19 53 51 35 10 17 23 33 4 38 11 1 

 8 16 34 40 43 48	 => 189
 6 48 43 28 50 14	 => 189
 30 14 50 41 45 9	 => 189
 34 7 46 37 25 40	 => 189
 43 40 25 29 24 28	 => 189
 50 28 24 44 2 41	 => 189
 45 41 2 54 32 15	 => 189
 46 18 5 36 47 37	 => 189
 25 37 47 12 39 29	 => 189
 24 29 39 26 27 44	 => 189
 2 44 27 13 49 54	 => 189
 32 54 49 31 3 21	 => 190
 47 36 20 22 52 12	 => 189
 39 12 52 42 19 26	 => 190
 27 26 19 53 51 13	 => 189
 49 13 51 35 10 31	 => 189
 52 22 17 23 33 42	 => 189
 19 42 33 4 38 53	 => 189
 51 53 38 11 1 35	 => 189


===================[TEST 4]===================

##### START ##### Fri May 16 09:58:07 2003



##### CONVERGE ##### Fri May 16 10:00:35 2003

Elapsed time: 148 seconds
Total loop: 55 generations

Result : 187.85

24 11 22 51 47 35 8 10 52 38 15 28 53 4 9 45 43 20 32 30 40 31 25 36 17 7 5 42 48 21 26 29 33 12 49 41 23 16 2 27 50 46 18 54 44 39 6 19 14 34 1 37 3 13 

 24 11 22 51 47 35	 => 190
 8 35 47 10 52 38	 => 190
 15 38 52 28 53 4	 => 190
 22 9 45 43 20 51	 => 190
 47 51 20 32 30 10	 => 190
 52 10 30 40 31 28	 => 191
 53 28 31 25 36 17	 => 190
 45 7 5 42 48 43	 => 190
 20 43 48 21 26 32	 => 190
 30 32 26 29 33 40	 => 190
 31 40 33 12 49 25	 => 190
 36 25 49 41 23 16	 => 190
 48 42 2 27 50 21	 => 190
 26 21 50 46 18 29	 => 190
 33 29 18 54 44 12	 => 190
 49 12 44 39 6 41	 => 191
 50 27 19 14 34 46	 => 190
 18 46 34 1 37 54	 => 190
 44 54 37 3 13 39	 => 190


===================[TEST 5]===================

##### START ##### Fri May 16 10:00:35 2003



##### CONVERGE ##### Fri May 16 10:04:13 2003

Elapsed time: 218 seconds
Total loop: 81 generations

Result : 186.616

26 7 44 39 45 28 5 12 51 48 11 43 30 6 10 41 37 17 52 24 23 36 50 29 1 20 3 35 53 14 16 42 32 8 40 47 19 4 9 33 46 49 22 31 54 27 13 2 21 38 15 34 25 18 

 26 7 44 39 45 28	 => 189
 5 28 45 12 51 48	 => 189
 11 48 51 43 30 6	 => 189
 44 10 41 37 17 39	 => 188
 45 39 17 52 24 12	 => 189
 51 12 24 23 36 43	 => 189
 30 43 36 50 29 1	 => 189
 41 20 3 35 53 37	 => 189
 17 37 53 14 16 52	 => 189
 24 52 16 42 32 23	 => 189
 36 23 32 8 40 50	 => 189
 29 50 40 47 19 4	 => 189
 53 35 9 33 46 14	 => 190
 16 14 46 49 22 42	 => 189
 32 42 22 31 54 8	 => 189
 40 8 54 27 13 47	 => 189
 46 33 2 21 38 49	 => 189
 22 49 38 15 34 31	 => 189
 54 31 34 25 18 27	 => 189


===================[TEST 6]===================

##### START ##### Fri May 16 10:04:13 2003



##### CONVERGE ##### Fri May 16 10:07:18 2003

Elapsed time: 185 seconds
Total loop: 69 generations

Result : 187.616

13 17 28 52 26 54 4 22 50 34 23 45 30 8 5 31 49 24 29 37 21 15 43 32 25 19 6 44 41 12 35 20 48 10 53 42 11 9 3 39 51 46 27 47 38 40 7 2 16 36 1 33 14 18 

 13 17 28 52 26 54	 => 190
 4 54 26 22 50 34	 => 190
 23 34 50 45 30 8	 => 190
 28 5 31 49 24 52	 => 189
 26 52 24 29 37 22	 => 190
 50 22 37 21 15 45	 => 190
 30 45 15 43 32 25	 => 190
 31 19 6 44 41 49	 => 190
 24 49 41 12 35 29	 => 190
 37 29 35 20 48 21	 => 190
 15 21 48 10 53 43	 => 190
 32 43 53 42 11 9	 => 190
 41 44 3 39 51 12	 => 190
 35 12 51 46 27 20	 => 191
 48 20 27 47 38 10	 => 190
 53 10 38 40 7 42	 => 190
 51 39 2 16 36 46	 => 190
 27 46 36 1 33 47	 => 190
 38 47 33 14 18 40	 => 190


===================[TEST 7]===================

##### START ##### Fri May 16 10:07:18 2003



##### CONVERGE ##### Fri May 16 10:09:35 2003

Elapsed time: 137 seconds
Total loop: 51 generations

Result : 186.501

6 26 46 39 36 37 15 14 50 38 7 54 33 8 1 34 41 29 27 45 22 5 52 43 2 20 17 35 42 21 30 19 47 13 51 28 3 12 11 32 49 53 18 44 48 25 24 16 9 31 4 40 23 10 

 6 26 46 39 36 37	 => 190
 15 37 36 14 50 38	 => 190
 7 38 50 54 33 8	 => 190
 46 1 34 41 29 39	 => 190
 36 39 29 27 45 14	 => 190
 50 14 45 22 5 54	 => 190
 33 54 5 52 43 2	 => 189
 34 20 17 35 42 41	 => 189
 29 41 42 21 30 27	 => 190
 45 27 30 19 47 22	 => 190
 5 22 47 13 51 52	 => 190
 43 52 51 28 3 12	 => 189
 42 35 11 32 49 21	 => 190
 30 21 49 53 18 19	 => 190
 47 19 18 44 48 13	 => 189
 51 13 48 25 24 28	 => 189
 49 32 16 9 31 53	 => 190
 18 53 31 4 40 44	 => 190
 48 44 40 23 10 25	 => 190


===================[TEST 8]===================

##### START ##### Fri May 16 10:09:35 2003



##### CONVERGE ##### Fri May 16 10:11:57 2003

Elapsed time: 142 seconds
Total loop: 53 generations

Result : 186.053

3 23 39 48 44 32 4 26 46 37 10 42 40 13 24 27 45 6 31 34 21 20 35 33 19 25 7 47 38 17 52 22 29 30 54 41 15 11 1 50 36 53 9 51 49 12 2 14 8 28 5 43 16 18 

 3 23 39 48 44 32	 => 189
 4 32 44 26 46 37	 => 189
 10 37 46 42 40 13	 => 188
 39 24 27 45 6 48	 => 189
 44 48 6 31 34 26	 => 189
 46 26 34 21 20 42	 => 189
 40 42 20 35 33 19	 => 189
 27 25 7 47 38 45	 => 189
 6 45 38 17 52 31	 => 189
 34 31 52 22 29 21	 => 189
 20 21 29 30 54 35	 => 189
 33 35 54 41 15 11	 => 189
 38 47 1 50 36 17	 => 189
 52 17 36 53 9 22	 => 189
 29 22 9 51 49 30	 => 190
 54 30 49 12 2 41	 => 188
 36 50 14 8 28 53	 => 189
 9 53 28 5 43 51	 => 189
 49 51 43 16 18 12	 => 189


===================[TEST 9]===================

##### START ##### Fri May 16 10:11:57 2003



##### CONVERGE ##### Fri May 16 10:13:45 2003

Elapsed time: 108 seconds
Total loop: 40 generations

Result : 186.478

9 27 43 47 42 21 12 13 49 52 11 54 20 3 1 36 46 16 38 33 26 14 44 51 6 7 24 35 41 19 29 23 40 15 50 31 8 5 4 53 37 48 34 32 45 39 10 22 2 28 17 30 18 25 

 9 27 43 47 42 21	 => 189
 12 21 42 13 49 52	 => 189
 11 52 49 54 20 3	 => 189
 43 1 36 46 16 47	 => 189
 42 47 16 38 33 13	 => 189
 49 13 33 26 14 54	 => 189
 20 54 14 44 51 6	 => 189
 36 7 24 35 41 46	 => 189
 16 46 41 19 29 38	 => 189
 33 38 29 23 40 26	 => 189
 14 26 40 15 50 44	 => 189
 51 44 50 31 8 5	 => 189
 41 35 4 53 37 19	 => 189
 29 19 37 48 34 23	 => 190
 40 23 34 32 45 15	 => 189
 50 15 45 39 10 31	 => 190
 37 53 22 2 28 48	 => 190
 34 48 28 17 30 32	 => 189
 45 32 30 18 25 39	 => 189


===================[TEST 10]===================

##### START ##### Fri May 16 10:13:45 2003



##### CONVERGE ##### Fri May 16 10:16:09 2003

Elapsed time: 144 seconds
Total loop: 54 generations

Result : 187.478

13 21 27 50 53 26 10 15 52 35 9 51 38 5 6 48 36 23 16 33 29 11 54 28 8 7 12 40 47 22 46 34 32 19 45 42 4 17 20 31 30 41 18 43 44 39 1 14 25 49 2 37 24 3 

 13 21 27 50 53 26	 => 190
 10 26 53 15 52 35	 => 191
 9 35 52 51 38 5	 => 190
 27 6 48 36 23 50	 => 190
 53 50 23 16 33 15	 => 190
 52 15 33 29 11 51	 => 191
 38 51 11 54 28 8	 => 190
 48 7 12 40 47 36	 => 190
 23 36 47 22 46 16	 => 190
 33 16 46 34 32 29	 => 190
 11 29 32 19 45 54	 => 190
 28 54 45 42 4 17	 => 190
 47 40 20 31 30 22	 => 190
 46 22 30 41 18 34	 => 191
 32 34 18 43 44 19	 => 190
 45 19 44 39 1 42	 => 190
 30 31 14 25 49 41	 => 190
 18 41 49 2 37 43	 => 190
 44 43 37 24 3 39	 => 190



test#	fitness		sum		time
---------------------------------------------------
1	187.478				140
2	187.215				138
3	186.85				134
4	187.85				148
5	186.616				218
6	187.616				185
7	186.501				137
8	186.053				142
9	186.478				108
10	187.478				144


---------------------------------------------------
Best fitness      : 187.85 ( test# 4)
Shortest time     : 108 ( test# 9)

Average fitness   : 187.014
Average time      : 149.4
