****************** GA TEST *******************

total test#:			 10
hexa min width:			 3
hexa max width:			 5
hexa count:			 19
number count:			 54
population size:		 140
generation size:		 30

tournament winner p:		 1
do xover p:			 1
xover:				 2points
do mutation1 p:			 0.1
mutation1 p:			 0.05
do optimize p:			 1
local optimize count:		 6000
do deep better optimize p:	 1
do deep worse optimize p:	 0
do spin p:			 0
spin count:			 1000
do spin apply p:		 1
do mutation2 p:			 0.12
mutation2 p:			 0.08
force mutation2:		 0
replace bad p:			 0.195

converge rate p:		 0.99
converge count:			 1

**********************************************


===================[TEST 1]===================

##### START ##### Fri May 16 08:06:54 2003



##### CONVERGE ##### Fri May 16 08:11:12 2003

Elapsed time: 258 seconds
Total loop: 160 generations

Result : 187.64

7 5 30 51 52 45 1 13 44 35 17 50 41 3 12 46 29 22 25 27 42 14 53 24 8 31 10 20 54 26 34 33 28 16 37 49 4 23 15 39 36 43 18 48 47 38 2 21 19 32 9 40 6 11 

 7 5 30 51 52 45	 => 190
 1 45 52 13 44 35	 => 190
 17 35 44 50 41 3	 => 190
 30 12 46 29 22 51	 => 190
 52 51 22 25 27 13	 => 190
 44 13 27 42 14 50	 => 190
 41 50 14 53 24 8	 => 190
 46 31 10 20 54 29	 => 190
 22 29 54 26 34 25	 => 190
 27 25 34 33 28 42	 => 189
 14 42 28 16 37 53	 => 190
 24 53 37 49 4 23	 => 190
 54 20 15 39 36 26	 => 190
 34 26 36 43 18 33	 => 190
 28 33 18 48 47 16	 => 190
 37 16 47 38 2 49	 => 189
 36 39 21 19 32 43	 => 190
 18 43 32 9 40 48	 => 190
 47 48 40 6 11 38	 => 190


===================[TEST 2]===================

##### START ##### Fri May 16 08:11:12 2003



##### CONVERGE ##### Fri May 16 08:15:49 2003

Elapsed time: 277 seconds
Total loop: 171 generations

Result : 188.412

21 5 50 42 53 19 3 24 51 40 18 38 33 10 1 29 54 15 31 25 32 20 43 44 12 23 7 30 47 17 26 49 27 22 46 41 14 2 13 35 48 39 11 45 36 37 8 28 6 34 9 52 4 16 

 21 5 50 42 53 19	 => 190
 3 19 53 24 51 40	 => 190
 18 40 51 38 33 10	 => 190
 50 1 29 54 15 42	 => 191
 53 42 15 31 25 24	 => 190
 51 24 25 32 20 38	 => 190
 33 38 20 43 44 12	 => 190
 29 23 7 30 47 54	 => 190
 15 54 47 17 26 31	 => 190
 25 31 26 49 27 32	 => 190
 20 32 27 22 46 43	 => 190
 44 43 46 41 14 2	 => 190
 47 30 13 35 48 17	 => 190
 26 17 48 39 11 49	 => 190
 27 49 11 45 36 22	 => 190
 46 22 36 37 8 41	 => 190
 48 35 28 6 34 39	 => 190
 11 39 34 9 52 45	 => 190
 36 45 52 4 16 37	 => 190


===================[TEST 3]===================

##### START ##### Fri May 16 08:15:49 2003



##### CONVERGE ##### Fri May 16 08:21:42 2003

Elapsed time: 353 seconds
Total loop: 218 generations

Result : 187.85

24 8 26 50 47 35 12 28 22 46 19 52 34 17 20 33 51 10 32 23 38 27 30 43 4 14 3 40 49 11 37 31 29 13 54 39 15 9 1 41 48 42 21 44 53 25 6 16 7 36 2 45 18 5 

 24 8 26 50 47 35	 => 190
 12 35 47 28 22 46	 => 190
 19 46 22 52 34 17	 => 190
 26 20 33 51 10 50	 => 190
 47 50 10 32 23 28	 => 190
 22 28 23 38 27 52	 => 190
 34 52 27 30 43 4	 => 190
 33 14 3 40 49 51	 => 190
 10 51 49 11 37 32	 => 190
 23 32 37 31 29 38	 => 190
 27 38 29 13 54 30	 => 191
 43 30 54 39 15 9	 => 190
 49 40 1 41 48 11	 => 190
 37 11 48 42 21 31	 => 190
 29 31 21 44 53 13	 => 191
 54 13 53 25 6 39	 => 190
 48 41 16 7 36 42	 => 190
 21 42 36 2 45 44	 => 190
 53 44 45 18 5 25	 => 190


===================[TEST 4]===================

##### START ##### Fri May 16 08:21:42 2003



##### CONVERGE ##### Fri May 16 08:26:58 2003

Elapsed time: 316 seconds
Total loop: 195 generations

Result : 188.412

24 1 37 53 50 25 12 19 51 33 8 44 39 15 5 38 48 9 23 36 30 10 49 41 7 3 2 47 52 13 46 29 26 21 54 22 18 6 4 31 43 32 27 45 42 34 17 16 28 40 11 35 14 20 

 24 1 37 53 50 25	 => 190
 12 25 50 19 51 33	 => 190
 8 33 51 44 39 15	 => 190
 37 5 38 48 9 53	 => 190
 50 53 9 23 36 19	 => 190
 51 19 36 30 10 44	 => 190
 39 44 10 49 41 7	 => 190
 38 3 2 47 52 48	 => 190
 9 48 52 13 46 23	 => 191
 36 23 46 29 26 30	 => 190
 10 30 26 21 54 49	 => 190
 41 49 54 22 18 6	 => 190
 52 47 4 31 43 13	 => 190
 46 13 43 32 27 29	 => 190
 26 29 27 45 42 21	 => 190
 54 21 42 34 17 22	 => 190
 43 31 16 28 40 32	 => 190
 27 32 40 11 35 45	 => 190
 42 45 35 14 20 34	 => 190


===================[TEST 5]===================

##### START ##### Fri May 16 08:26:58 2003



##### CONVERGE ##### Fri May 16 08:31:58 2003

Elapsed time: 300 seconds
Total loop: 185 generations

Result : 187.163

18 6 39 51 47 29 7 24 50 33 13 37 41 15 3 53 35 8 40 20 28 31 49 26 5 16 11 23 52 12 43 32 27 17 38 54 19 4 25 42 36 46 21 48 45 34 2 14 22 30 1 44 9 10 

 18 6 39 51 47 29	 => 190
 7 29 47 24 50 33	 => 190
 13 33 50 37 41 15	 => 189
 39 3 53 35 8 51	 => 189
 47 51 8 40 20 24	 => 190
 50 24 20 28 31 37	 => 190
 41 37 31 49 26 5	 => 189
 53 16 11 23 52 35	 => 190
 8 35 52 12 43 40	 => 190
 20 40 43 32 27 28	 => 190
 31 28 27 17 38 49	 => 190
 26 49 38 54 19 4	 => 190
 52 23 25 42 36 12	 => 190
 43 12 36 46 21 32	 => 190
 27 32 21 48 45 17	 => 190
 38 17 45 34 2 54	 => 190
 36 42 14 22 30 46	 => 190
 21 46 30 1 44 48	 => 190
 45 48 44 9 10 34	 => 190


===================[TEST 6]===================

##### START ##### Fri May 16 08:31:58 2003



##### CONVERGE ##### Fri May 16 08:36:48 2003

Elapsed time: 290 seconds
Total loop: 179 generations

Result : 187.85

7 6 46 39 40 52 5 21 38 34 10 49 42 17 2 36 53 14 33 43 28 11 44 41 3 26 1 24 51 16 23 32 31 29 47 37 13 8 22 27 50 54 15 35 48 25 4 9 20 30 12 45 18 19 

 7 6 46 39 40 52	 => 190
 5 52 40 21 38 34	 => 190
 10 34 38 49 42 17	 => 190
 46 2 36 53 14 39	 => 190
 40 39 14 33 43 21	 => 190
 38 21 43 28 11 49	 => 190
 42 49 11 44 41 3	 => 190
 36 26 1 24 51 53	 => 191
 14 53 51 16 23 33	 => 190
 43 33 23 32 31 28	 => 190
 11 28 31 29 47 44	 => 190
 41 44 47 37 13 8	 => 190
 51 24 22 27 50 16	 => 190
 23 16 50 54 15 32	 => 190
 31 32 15 35 48 29	 => 190
 47 29 48 25 4 37	 => 190
 50 27 9 20 30 54	 => 190
 15 54 30 12 45 35	 => 191
 48 35 45 18 19 25	 => 190


===================[TEST 7]===================

##### START ##### Fri May 16 08:36:48 2003



##### CONVERGE ##### Fri May 16 08:43:34 2003

Elapsed time: 406 seconds
Total loop: 251 generations

Result : 187.85

10 14 39 45 47 35 18 5 52 33 20 46 31 8 4 38 48 16 36 41 34 12 49 50 2 22 13 32 37 29 25 30 24 28 43 40 7 1 15 23 54 42 11 53 44 26 9 3 17 51 6 27 19 21 

 10 14 39 45 47 35	 => 190
 18 35 47 5 52 33	 => 190
 20 33 52 46 31 8	 => 190
 39 4 38 48 16 45	 => 190
 47 45 16 36 41 5	 => 190
 52 5 41 34 12 46	 => 190
 31 46 12 49 50 2	 => 190
 38 22 13 32 37 48	 => 190
 16 48 37 29 25 36	 => 191
 41 36 25 30 24 34	 => 190
 12 34 24 28 43 49	 => 190
 50 49 43 40 7 1	 => 190
 37 32 15 23 54 29	 => 190
 25 29 54 42 11 30	 => 191
 24 30 11 53 44 28	 => 190
 43 28 44 26 9 40	 => 190
 54 23 3 17 51 42	 => 190
 11 42 51 6 27 53	 => 190
 44 53 27 19 21 26	 => 190


===================[TEST 8]===================

##### START ##### Fri May 16 08:43:34 2003



##### CONVERGE ##### Fri May 16 08:46:35 2003

Elapsed time: 181 seconds
Total loop: 112 generations

Result : 185.794

5 25 30 53 31 45 3 19 50 41 1 52 28 17 2 42 38 23 29 34 24 10 49 39 11 18 4 46 40 7 51 14 37 21 48 33 6 13 20 22 54 36 27 47 43 32 12 35 16 26 9 44 15 8 

 5 25 30 53 31 45	 => 189
 3 45 31 19 50 41	 => 189
 1 41 50 52 28 17	 => 189
 30 2 42 38 23 53	 => 188
 31 53 23 29 34 19	 => 189
 50 19 34 24 10 52	 => 189
 28 52 10 49 39 11	 => 189
 42 18 4 46 40 38	 => 188
 23 38 40 7 51 29	 => 188
 34 29 51 14 37 24	 => 189
 10 24 37 21 48 49	 => 189
 39 49 48 33 6 13	 => 188
 40 46 20 22 54 7	 => 189
 51 7 54 36 27 14	 => 189
 37 14 27 47 43 21	 => 189
 48 21 43 32 12 33	 => 189
 54 22 35 16 26 36	 => 189
 27 36 26 9 44 47	 => 189
 43 47 44 15 8 32	 => 189


===================[TEST 9]===================

##### START ##### Fri May 16 08:46:35 2003



##### CONVERGE ##### Fri May 16 08:51:24 2003

Elapsed time: 289 seconds
Total loop: 178 generations

Result : 186.794

14 11 38 39 53 35 4 24 31 43 3 54 41 18 1 36 49 27 28 19 45 16 47 30 2 5 23 33 44 17 25 52 20 22 40 48 12 13 21 32 42 46 8 51 37 34 9 15 26 29 6 50 7 10 

 14 11 38 39 53 35	 => 190
 4 35 53 24 31 43	 => 190
 3 43 31 54 41 18	 => 190
 38 1 36 49 27 39	 => 190
 53 39 27 28 19 24	 => 190
 31 24 19 45 16 54	 => 189
 41 54 16 47 30 2	 => 190
 36 5 23 33 44 49	 => 190
 27 49 44 17 25 28	 => 190
 19 28 25 52 20 45	 => 189
 16 45 20 22 40 47	 => 190
 30 47 40 48 12 13	 => 190
 44 33 21 32 42 17	 => 189
 25 17 42 46 8 52	 => 190
 20 52 8 51 37 22	 => 190
 40 22 37 34 9 48	 => 190
 42 32 15 26 29 46	 => 190
 8 46 29 6 50 51	 => 190
 37 51 50 7 10 34	 => 189


===================[TEST 10]===================

##### START ##### Fri May 16 08:51:24 2003



##### CONVERGE ##### Fri May 16 08:57:00 2003

Elapsed time: 336 seconds
Total loop: 207 generations

Result : 188.412

11 4 44 53 40 38 7 19 37 49 23 51 21 9 3 36 46 8 41 29 30 24 54 34 6 13 18 25 52 17 27 35 28 12 42 43 15 2 1 47 48 32 31 39 45 26 22 16 14 33 5 50 20 10 

 11 4 44 53 40 38	 => 190
 7 38 40 19 37 49	 => 190
 23 49 37 51 21 9	 => 190
 44 3 36 46 8 53	 => 190
 40 53 8 41 29 19	 => 190
 37 19 29 30 24 51	 => 190
 21 51 24 54 34 6	 => 190
 36 13 18 25 52 46	 => 190
 8 46 52 17 27 41	 => 191
 29 41 27 35 28 30	 => 190
 24 30 28 12 42 54	 => 190
 34 54 42 43 15 2	 => 190
 52 25 1 47 48 17	 => 190
 27 17 48 32 31 35	 => 190
 28 35 31 39 45 12	 => 190
 42 12 45 26 22 43	 => 190
 48 47 16 14 33 32	 => 190
 31 32 33 5 50 39	 => 190
 45 39 50 20 10 26	 => 190



test#	fitness		sum		time
---------------------------------------------------
1	187.64				258
2	188.412				277
3	187.85				353
4	188.412				316
5	187.163				300
6	187.85				290
7	187.85				406
8	185.794				181
9	186.794				289
10	188.412				336


---------------------------------------------------
Best fitness      : 188.412 ( test# 2)
Shortest time     : 181 ( test# 8)

Average fitness   : 187.617
Average time      : 300.6
