****************** GA TEST *******************

total test#:			 10
hexa min width:			 3
hexa max width:			 5
hexa count:			 19
number count:			 54
population size:		 80
generation size:		 20

tournament winner p:		 1
do xover p:			 1
xover:				 2points
do mutation1 p:			 0.1
mutation1 p:			 0.05
do optimize p:			 1
local optimize count:		 6000
do deep better optimize p:	 1
do deep worse optimize p:	 0
do spin p:			 0
spin count:			 1000
do spin apply p:		 1
do mutation2 p:			 0.12
mutation2 p:			 0.08
force mutation2:		 0
replace bad p:			 0.195

converge rate p:		 0.99
converge count:			 1

**********************************************


===================[TEST 1]===================

##### START ##### Thu May 15 22:53:14 2003



##### CONVERGE ##### Thu May 15 22:56:07 2003

Elapsed time: 173 seconds
Total loop: 161 generations

Result : 187.478

3 14 27 52 46 49 4 12 36 43 5 50 47 9 15 44 33 19 30 31 38 23 37 32 1 16 11 35 51 28 29 22 40 10 42 48 18 13 7 24 45 41 25 39 54 34 2 20 8 53 6 26 17 21 

 3 14 27 52 46 49	 => 191
 4 49 46 12 36 43	 => 190
 5 43 36 50 47 9	 => 190
 27 15 44 33 19 52	 => 190
 46 52 19 30 31 12	 => 190
 36 12 31 38 23 50	 => 190
 47 50 23 37 32 1	 => 190
 44 16 11 35 51 33	 => 190
 19 33 51 28 29 30	 => 190
 31 30 29 22 40 38	 => 190
 23 38 40 10 42 37	 => 190
 32 37 42 48 18 13	 => 190
 51 35 7 24 45 28	 => 190
 29 28 45 41 25 22	 => 190
 40 22 25 39 54 10	 => 190
 42 10 54 34 2 48	 => 190
 45 24 20 8 53 41	 => 191
 25 41 53 6 26 39	 => 190
 54 39 26 17 21 34	 => 191


===================[TEST 2]===================

##### START ##### Thu May 15 22:56:07 2003



##### CONVERGE ##### Thu May 15 22:58:45 2003

Elapsed time: 158 seconds
Total loop: 145 generations

Result : 188.306

17 11 37 47 46 32 10 8 52 42 2 54 39 1 4 35 49 18 34 36 31 9 45 38 5 27 12 23 44 15 30 33 26 28 51 25 24 7 20 48 40 53 19 43 41 29 16 6 21 22 3 50 14 13 

 17 11 37 47 46 32	 => 190
 10 32 46 8 52 42	 => 190
 2 42 52 54 39 1	 => 190
 37 4 35 49 18 47	 => 190
 46 47 18 34 36 8	 => 189
 52 8 36 31 9 54	 => 190
 39 54 9 45 38 5	 => 190
 35 27 12 23 44 49	 => 190
 18 49 44 15 30 34	 => 190
 36 34 30 33 26 31	 => 190
 9 31 26 28 51 45	 => 190
 38 45 51 25 24 7	 => 190
 44 23 20 48 40 15	 => 190
 30 15 40 53 19 33	 => 190
 26 33 19 43 41 28	 => 190
 51 28 41 29 16 25	 => 190
 40 48 6 21 22 53	 => 190
 19 53 22 3 50 43	 => 190
 41 43 50 14 13 29	 => 190


===================[TEST 3]===================

##### START ##### Thu May 15 22:58:45 2003



##### CONVERGE ##### Thu May 15 23:00:51 2003

Elapsed time: 126 seconds
Total loop: 117 generations

Result : 187.306

25 6 26 43 48 41 1 17 51 30 11 49 46 2 4 50 42 24 39 18 31 23 27 28 16 7 5 33 52 10 22 44 35 19 54 37 14 29 20 21 53 47 13 38 40 36 3 15 8 45 12 34 32 9 

 25 6 26 43 48 41	 => 189
 1 41 48 17 51 30	 => 188
 11 30 51 49 46 2	 => 189
 26 4 50 42 24 43	 => 189
 48 43 24 39 18 17	 => 189
 51 17 18 31 23 49	 => 189
 46 49 23 27 28 16	 => 189
 50 7 5 33 52 42	 => 189
 24 42 52 10 22 39	 => 189
 18 39 22 44 35 31	 => 189
 23 31 35 19 54 27	 => 189
 28 27 54 37 14 29	 => 189
 52 33 20 21 53 10	 => 189
 22 10 53 47 13 44	 => 189
 35 44 13 38 40 19	 => 189
 54 19 40 36 3 37	 => 189
 53 21 15 8 45 47	 => 189
 13 47 45 12 34 38	 => 189
 40 38 34 32 9 36	 => 189


===================[TEST 4]===================

##### START ##### Thu May 15 23:00:51 2003



##### CONVERGE ##### Thu May 15 23:03:36 2003

Elapsed time: 165 seconds
Total loop: 154 generations

Result : 187.64

3 2 48 53 49 35 14 10 54 28 8 46 47 7 1 32 37 19 21 38 33 9 50 34 4 20 17 43 41 26 45 22 31 27 40 39 15 12 5 44 30 51 16 52 42 36 6 25 11 29 18 24 23 13 

 3 2 48 53 49 35	 => 190
 14 35 49 10 54 28	 => 190
 8 28 54 46 47 7	 => 190
 48 1 32 37 19 53	 => 190
 49 53 19 21 38 10	 => 190
 54 10 38 33 9 46	 => 190
 47 46 9 50 34 4	 => 190
 32 20 17 43 41 37	 => 190
 19 37 41 26 45 21	 => 189
 38 21 45 22 31 33	 => 190
 9 33 31 27 40 50	 => 190
 34 50 40 39 15 12	 => 190
 41 43 5 44 30 26	 => 189
 45 26 30 51 16 22	 => 190
 31 22 16 52 42 27	 => 190
 40 27 42 36 6 39	 => 190
 30 44 25 11 29 51	 => 190
 16 51 29 18 24 52	 => 190
 42 52 24 23 13 36	 => 190


===================[TEST 5]===================

##### START ##### Thu May 15 23:03:36 2003



##### CONVERGE ##### Thu May 15 23:05:24 2003

Elapsed time: 108 seconds
Total loop: 100 generations

Result : 187.64

27 7 26 44 38 48 6 22 41 35 2 52 46 14 12 29 47 32 24 30 37 8 54 28 1 16 5 51 42 11 34 40 25 13 53 33 18 4 3 43 39 49 17 50 45 36 10 21 15 23 20 31 9 19 

 27 7 26 44 38 48	 => 190
 6 48 38 22 41 35	 => 190
 2 35 41 52 46 14	 => 190
 26 12 29 47 32 44	 => 190
 38 44 32 24 30 22	 => 190
 41 22 30 37 8 52	 => 190
 46 52 8 54 28 1	 => 189
 29 16 5 51 42 47	 => 190
 32 47 42 11 34 24	 => 190
 30 24 34 40 25 37	 => 190
 8 37 25 13 53 54	 => 190
 28 54 53 33 18 4	 => 190
 42 51 3 43 39 11	 => 189
 34 11 39 49 17 40	 => 190
 25 40 17 50 45 13	 => 190
 53 13 45 36 10 33	 => 190
 39 43 21 15 23 49	 => 190
 17 49 23 20 31 50	 => 190
 45 50 31 9 19 36	 => 190


===================[TEST 6]===================

##### START ##### Thu May 15 23:05:24 2003



##### CONVERGE ##### Thu May 15 23:08:32 2003

Elapsed time: 188 seconds
Total loop: 176 generations

Result : 187.64

2 21 42 33 45 47 1 19 52 26 24 44 29 15 11 27 49 28 30 35 18 22 51 41 3 12 16 50 36 8 39 31 37 14 48 32 13 5 9 53 34 54 23 38 46 40 10 4 20 25 7 43 6 17 

 2 21 42 33 45 47	 => 190
 1 47 45 19 52 26	 => 190
 24 26 52 44 29 15	 => 190
 42 11 27 49 28 33	 => 190
 45 33 28 30 35 19	 => 190
 52 19 35 18 22 44	 => 190
 29 44 22 51 41 3	 => 190
 27 12 16 50 36 49	 => 190
 28 49 36 8 39 30	 => 190
 35 30 39 31 37 18	 => 190
 22 18 37 14 48 51	 => 190
 41 51 48 32 13 5	 => 190
 36 50 9 53 34 8	 => 190
 39 8 34 54 23 31	 => 189
 37 31 23 38 46 14	 => 189
 48 14 46 40 10 32	 => 190
 34 53 4 20 25 54	 => 190
 23 54 25 7 43 38	 => 190
 46 38 43 6 17 40	 => 190


===================[TEST 7]===================

##### START ##### Thu May 15 23:08:32 2003



##### CONVERGE ##### Thu May 15 23:11:58 2003

Elapsed time: 206 seconds
Total loop: 190 generations

Result : 188.163

5 3 43 51 49 40 2 24 42 34 1 44 47 23 6 41 38 12 26 29 32 20 39 30 11 13 17 28 54 16 45 27 31 19 50 35 22 15 7 37 48 46 9 53 52 25 10 8 18 33 14 36 4 21 

 5 3 43 51 49 40	 => 191
 2 40 49 24 42 34	 => 191
 1 34 42 44 47 23	 => 191
 43 6 41 38 12 51	 => 191
 49 51 12 26 29 24	 => 191
 42 24 29 32 20 44	 => 191
 47 44 20 39 30 11	 => 191
 41 13 17 28 54 38	 => 191
 12 38 54 16 45 26	 => 191
 29 26 45 27 31 32	 => 190
 20 32 31 19 50 39	 => 191
 30 39 50 35 22 15	 => 191
 54 28 7 37 48 16	 => 190
 45 16 48 46 9 27	 => 191
 31 27 9 53 52 19	 => 191
 50 19 52 25 10 35	 => 191
 48 37 8 18 33 46	 => 190
 9 46 33 14 36 53	 => 191
 52 53 36 4 21 25	 => 191


===================[TEST 8]===================

##### START ##### Thu May 15 23:11:58 2003



##### CONVERGE ##### Thu May 15 23:14:00 2003

Elapsed time: 122 seconds
Total loop: 113 generations

Result : 186.64

5 3 53 40 46 42 17 10 38 36 13 45 41 15 1 39 49 7 54 32 37 27 43 22 11 16 28 26 31 30 18 19 29 20 33 44 23 24 4 47 50 51 21 52 48 35 9 2 14 25 6 34 8 12 

 5 3 53 40 46 42	 => 189
 17 42 46 10 38 36	 => 189
 13 36 38 45 41 15	 => 188
 53 1 39 49 7 40	 => 189
 46 40 7 54 32 10	 => 189
 38 10 32 37 27 45	 => 189
 41 45 27 43 22 11	 => 189
 39 16 28 26 31 49	 => 189
 7 49 31 30 18 54	 => 189
 32 54 18 19 29 37	 => 189
 27 37 29 20 33 43	 => 189
 22 43 33 44 23 24	 => 189
 31 26 4 47 50 30	 => 188
 18 30 50 51 21 19	 => 189
 29 19 21 52 48 20	 => 189
 33 20 48 35 9 44	 => 189
 50 47 2 14 25 51	 => 189
 21 51 25 6 34 52	 => 189
 48 52 34 8 12 35	 => 189


===================[TEST 9]===================

##### START ##### Thu May 15 23:14:00 2003



##### CONVERGE ##### Thu May 15 23:16:36 2003

Elapsed time: 156 seconds
Total loop: 145 generations

Result : 187.158

11 12 21 54 47 45 2 18 36 42 20 48 38 6 5 40 51 19 23 29 35 24 31 46 3 8 14 28 49 15 34 39 30 17 52 50 4 7 13 53 32 43 27 44 33 37 1 16 22 25 10 41 9 26 

 11 12 21 54 47 45	 => 190
 2 45 47 18 36 42	 => 190
 20 42 36 48 38 6	 => 190
 21 5 40 51 19 54	 => 190
 47 54 19 23 29 18	 => 190
 36 18 29 35 24 48	 => 190
 38 48 24 31 46 3	 => 190
 40 8 14 28 49 51	 => 190
 19 51 49 15 34 23	 => 191
 29 23 34 39 30 35	 => 190
 24 35 30 17 52 31	 => 189
 46 31 52 50 4 7	 => 190
 49 28 13 53 32 15	 => 190
 34 15 32 43 27 39	 => 190
 30 39 27 44 33 17	 => 190
 52 17 33 37 1 50	 => 190
 32 53 16 22 25 43	 => 191
 27 43 25 10 41 44	 => 190
 33 44 41 9 26 37	 => 190


===================[TEST 10]===================

##### START ##### Thu May 15 23:16:36 2003



##### CONVERGE ##### Thu May 15 23:18:15 2003

Elapsed time: 99 seconds
Total loop: 92 generations

Result : 187.85

15 10 43 37 49 36 3 17 39 46 12 54 30 9 14 42 41 13 47 27 38 16 48 34 8 7 5 51 44 19 26 31 21 18 50 32 2 24 1 35 40 52 22 45 53 33 4 11 29 23 20 28 6 25 

 15 10 43 37 49 36	 => 190
 3 36 49 17 39 46	 => 190
 12 46 39 54 30 9	 => 190
 43 14 42 41 13 37	 => 190
 49 37 13 47 27 17	 => 190
 39 17 27 38 16 54	 => 191
 30 54 16 48 34 8	 => 190
 42 7 5 51 44 41	 => 190
 13 41 44 19 26 47	 => 190
 27 47 26 31 21 38	 => 190
 16 38 21 18 50 48	 => 191
 34 48 50 32 2 24	 => 190
 44 51 1 35 40 19	 => 190
 26 19 40 52 22 31	 => 190
 21 31 22 45 53 18	 => 190
 50 18 53 33 4 32	 => 190
 40 35 11 29 23 52	 => 190
 22 52 23 20 28 45	 => 190
 53 45 28 6 25 33	 => 190



test#	fitness		sum		time
---------------------------------------------------
1	187.478				173
2	188.306				158
3	187.306				126
4	187.64				165
5	187.64				108
6	187.64				188
7	188.163				206
8	186.64				122
9	187.158				156
10	187.85				99


---------------------------------------------------
Best fitness      : 188.306 ( test# 2)
Shortest time     : 99 ( test# 10)

Average fitness   : 187.582
Average time      : 150.1
