****************** GA TEST *******************

total test#:			 10
hexa min width:			 3
hexa max width:			 5
hexa count:			 19
number count:			 54
population size:		 150
generation size:		 50

tournament winner p:		 1
do xover p:			 1
xover:				 3points
do mutation1 p:			 0.1
mutation1 p:			 0.05
do optimize p:			 1
local optimize count:		 6000
do deep better optimize p:	 1
do deep worse optimize p:	 0
do spin p:			 0
spin count:			 1000
do spin apply p:		 1
do mutation2 p:			 0.12
mutation2 p:			 0.08
force mutation2:		 0
replace bad p:			 0.195

converge rate p:		 0.99
converge count:			 1

**********************************************


===================[TEST 1]===================

##### START ##### Fri May 16 20:26:28 2003



##### CONVERGE ##### Fri May 16 20:47:48 2003

Elapsed time: 1280 seconds
Total loop: 448 generations

Result : 187.794

14 9 32 51 46 39 20 5 52 29 7 53 40 10 6 34 48 19 33 37 27 17 49 31 1 12 21 26 50 13 28 35 30 25 43 42 23 3 4 44 54 45 16 47 38 41 2 15 8 24 22 36 18 11 

 14 9 32 51 46 39	 => 191
 20 39 46 5 52 29	 => 191
 7 29 52 53 40 10	 => 191
 32 6 34 48 19 51	 => 190
 46 51 19 33 37 5	 => 191
 52 5 37 27 17 53	 => 191
 40 53 17 49 31 1	 => 191
 34 12 21 26 50 48	 => 191
 19 48 50 13 28 33	 => 191
 37 33 28 35 30 27	 => 190
 17 27 30 25 43 49	 => 191
 31 49 43 42 23 3	 => 191
 50 26 4 44 54 13	 => 191
 28 13 54 45 16 35	 => 191
 30 35 16 47 38 25	 => 191
 43 25 38 41 2 42	 => 191
 54 44 15 8 24 45	 => 190
 16 45 24 22 36 47	 => 190
 38 47 36 18 11 41	 => 191


===================[TEST 2]===================

##### START ##### Fri May 16 20:47:48 2003



##### CONVERGE ##### Fri May 16 20:53:24 2003

Elapsed time: 336 seconds
Total loop: 117 generations

Result : 187.412

9 11 28 47 40 54 3 1 42 49 8 48 29 13 2 24 50 38 26 37 39 23 52 31 6 17 22 35 41 7 27 45 15 14 46 30 25 5 19 34 53 36 21 43 51 32 16 4 18 44 12 33 20 10 

 9 11 28 47 40 54	 => 189
 3 54 40 1 42 49	 => 189
 8 49 42 48 29 13	 => 189
 28 2 24 50 38 47	 => 189
 40 47 38 26 37 1	 => 189
 42 1 37 39 23 48	 => 190
 29 48 23 52 31 6	 => 189
 24 17 22 35 41 50	 => 189
 38 50 41 7 27 26	 => 189
 37 26 27 45 15 39	 => 189
 23 39 15 14 46 52	 => 189
 31 52 46 30 25 5	 => 189
 41 35 19 34 53 7	 => 189
 27 7 53 36 21 45	 => 189
 15 45 21 43 51 14	 => 189
 46 14 51 32 16 30	 => 189
 53 34 4 18 44 36	 => 189
 21 36 44 12 33 43	 => 189
 51 43 33 20 10 32	 => 189


===================[TEST 3]===================

##### START ##### Fri May 16 20:53:24 2003



##### CONVERGE ##### Fri May 16 21:00:18 2003

Elapsed time: 414 seconds
Total loop: 146 generations

Result : 187.163

25 7 53 43 30 31 17 24 52 36 16 44 41 1 4 29 42 19 35 39 21 10 51 38 6 13 9 50 46 26 22 28 45 15 48 33 2 18 5 23 40 54 20 32 49 37 8 14 12 47 3 34 11 27 

 25 7 53 43 30 31	 => 189
 17 31 30 24 52 36	 => 190
 16 36 52 44 41 1	 => 190
 53 4 29 42 19 43	 => 190
 30 43 19 35 39 24	 => 190
 52 24 39 21 10 44	 => 190
 41 44 10 51 38 6	 => 190
 29 13 9 50 46 42	 => 189
 19 42 46 26 22 35	 => 190
 39 35 22 28 45 21	 => 190
 10 21 45 15 48 51	 => 190
 38 51 48 33 2 18	 => 190
 46 50 5 23 40 26	 => 190
 22 26 40 54 20 28	 => 190
 45 28 20 32 49 15	 => 189
 48 15 49 37 8 33	 => 190
 40 23 14 12 47 54	 => 190
 20 54 47 3 34 32	 => 190
 49 32 34 11 27 37	 => 190


===================[TEST 4]===================

##### START ##### Fri May 16 21:00:18 2003



##### CONVERGE ##### Fri May 16 21:10:07 2003

Elapsed time: 589 seconds
Total loop: 207 generations

Result : 187.85

16 9 34 50 33 48 14 21 45 29 25 42 36 13 7 38 41 20 22 44 28 10 52 46 4 31 5 24 51 18 39 27 30 17 53 35 3 1 11 37 49 43 15 54 47 26 12 2 19 40 6 32 8 23 

 16 9 34 50 33 48	 => 190
 14 48 33 21 45 29	 => 190
 25 29 45 42 36 13	 => 190
 34 7 38 41 20 50	 => 190
 33 50 20 22 44 21	 => 190
 45 21 44 28 10 42	 => 190
 36 42 10 52 46 4	 => 190
 38 31 5 24 51 41	 => 190
 20 41 51 18 39 22	 => 191
 44 22 39 27 30 28	 => 190
 10 28 30 17 53 52	 => 190
 46 52 53 35 3 1	 => 190
 51 24 11 37 49 18	 => 190
 39 18 49 43 15 27	 => 191
 30 27 15 54 47 17	 => 190
 53 17 47 26 12 35	 => 190
 49 37 2 19 40 43	 => 190
 15 43 40 6 32 54	 => 190
 47 54 32 8 23 26	 => 190


===================[TEST 5]===================

##### START ##### Fri May 16 21:10:07 2003



##### CONVERGE ##### Fri May 16 21:16:54 2003

Elapsed time: 407 seconds
Total loop: 143 generations

Result : 187.85

18 12 48 35 54 24 15 20 47 30 14 53 29 17 9 33 46 19 37 26 42 2 50 49 7 10 5 44 52 13 23 34 28 25 43 39 1 8 3 27 51 38 31 40 32 45 6 16 22 36 4 41 11 21 

 18 12 48 35 54 24	 => 191
 15 24 54 20 47 30	 => 190
 14 30 47 53 29 17	 => 190
 48 9 33 46 19 35	 => 190
 54 35 19 37 26 20	 => 191
 47 20 26 42 2 53	 => 190
 29 53 2 50 49 7	 => 190
 33 10 5 44 52 46	 => 190
 19 46 52 13 23 37	 => 190
 26 37 23 34 28 42	 => 190
 2 42 28 25 43 50	 => 190
 49 50 43 39 1 8	 => 190
 52 44 3 27 51 13	 => 190
 23 13 51 38 31 34	 => 190
 28 34 31 40 32 25	 => 190
 43 25 32 45 6 39	 => 190
 51 27 16 22 36 38	 => 190
 31 38 36 4 41 40	 => 190
 32 40 41 11 21 45	 => 190


===================[TEST 6]===================

##### START ##### Fri May 16 21:16:54 2003



##### CONVERGE ##### Fri May 16 21:23:55 2003

Elapsed time: 421 seconds
Total loop: 148 generations

Result : 187.478

15 8 36 42 54 35 14 3 52 32 4 53 22 27 6 39 50 17 41 33 24 25 51 30 9 13 1 47 40 16 26 38 29 12 49 28 11 21 7 37 44 46 20 43 48 31 23 10 19 34 2 45 5 18 

 15 8 36 42 54 35	 => 190
 14 35 54 3 52 32	 => 190
 4 32 52 53 22 27	 => 190
 36 6 39 50 17 42	 => 190
 54 42 17 41 33 3	 => 190
 52 3 33 24 25 53	 => 190
 22 53 25 51 30 9	 => 190
 39 13 1 47 40 50	 => 190
 17 50 40 16 26 41	 => 190
 33 41 26 38 29 24	 => 191
 25 24 29 12 49 51	 => 190
 30 51 49 28 11 21	 => 190
 40 47 7 37 44 16	 => 191
 26 16 44 46 20 38	 => 190
 29 38 20 43 48 12	 => 190
 49 12 48 31 23 28	 => 191
 44 37 10 19 34 46	 => 190
 20 46 34 2 45 43	 => 190
 48 43 45 5 18 31	 => 190


===================[TEST 7]===================

##### START ##### Fri May 16 21:23:55 2003



##### CONVERGE ##### Fri May 16 21:35:20 2003

Elapsed time: 685 seconds
Total loop: 241 generations

Result : 187.501

3 9 28 51 46 54 2 14 49 26 8 52 31 25 1 48 40 22 24 34 37 5 41 43 19 15 10 27 50 20 35 29 32 23 53 33 4 16 7 45 42 44 21 47 39 36 6 17 12 30 11 38 18 13 

 3 9 28 51 46 54	 => 191
 2 54 46 14 49 26	 => 191
 8 26 49 52 31 25	 => 191
 28 1 48 40 22 51	 => 190
 46 51 22 24 34 14	 => 191
 49 14 34 37 5 52	 => 191
 31 52 5 41 43 19	 => 191
 48 15 10 27 50 40	 => 190
 22 40 50 20 35 24	 => 191
 34 24 35 29 32 37	 => 191
 5 37 32 23 53 41	 => 191
 43 41 53 33 4 16	 => 190
 50 27 7 45 42 20	 => 191
 35 20 42 44 21 29	 => 191
 32 29 21 47 39 23	 => 191
 53 23 39 36 6 33	 => 190
 42 45 17 12 30 44	 => 190
 21 44 30 11 38 47	 => 191
 39 47 38 18 13 36	 => 191


===================[TEST 8]===================

##### START ##### Fri May 16 21:35:20 2003



##### CONVERGE ##### Fri May 16 21:45:34 2003

Elapsed time: 614 seconds
Total loop: 216 generations

Result : 188.163

3 13 37 50 45 43 1 15 48 39 9 51 25 19 2 46 44 12 41 28 27 22 54 34 5 21 4 26 49 16 29 32 33 24 31 53 11 8 17 40 42 52 20 35 47 30 6 7 14 36 10 38 23 18 

 3 13 37 50 45 43	 => 191
 1 43 45 15 48 39	 => 191
 9 39 48 51 25 19	 => 191
 37 2 46 44 12 50	 => 191
 45 50 12 41 28 15	 => 191
 48 15 28 27 22 51	 => 191
 25 51 22 54 34 5	 => 191
 46 21 4 26 49 44	 => 190
 12 44 49 16 29 41	 => 191
 28 41 29 32 33 27	 => 190
 22 27 33 24 31 54	 => 191
 34 54 31 53 11 8	 => 191
 49 26 17 40 42 16	 => 190
 29 16 42 52 20 32	 => 191
 33 32 20 35 47 24	 => 191
 31 24 47 30 6 53	 => 191
 42 40 7 14 36 52	 => 191
 20 52 36 10 38 35	 => 191
 47 35 38 23 18 30	 => 191


===================[TEST 9]===================

##### START ##### Fri May 16 21:45:34 2003



##### CONVERGE ##### Fri May 16 21:53:27 2003

Elapsed time: 473 seconds
Total loop: 166 generations

Result : 188.412

3 4 51 44 53 35 1 21 37 43 17 52 28 13 7 38 48 2 34 36 26 18 49 24 20 5 15 30 54 10 42 19 33 25 39 40 27 11 8 41 47 50 22 46 45 29 12 6 14 32 9 31 23 16 

 3 4 51 44 53 35	 => 190
 1 35 53 21 37 43	 => 190
 17 43 37 52 28 13	 => 190
 51 7 38 48 2 44	 => 190
 53 44 2 34 36 21	 => 190
 37 21 36 26 18 52	 => 190
 28 52 18 49 24 20	 => 191
 38 5 15 30 54 48	 => 190
 2 48 54 10 42 34	 => 190
 36 34 42 19 33 26	 => 190
 18 26 33 25 39 49	 => 190
 24 49 39 40 27 11	 => 190
 54 30 8 41 47 10	 => 190
 42 10 47 50 22 19	 => 190
 33 19 22 46 45 25	 => 190
 39 25 45 29 12 40	 => 190
 47 41 6 14 32 50	 => 190
 22 50 32 9 31 46	 => 190
 45 46 31 23 16 29	 => 190


===================[TEST 10]===================

##### START ##### Fri May 16 21:53:27 2003



##### CONVERGE ##### Fri May 16 21:58:14 2003

Elapsed time: 287 seconds
Total loop: 101 generations

Result : 186.501

18 17 32 47 49 27 16 19 41 37 3 52 34 22 5 50 48 8 39 28 35 15 38 45 6 4 1 36 51 14 30 26 31 29 42 24 7 33 12 23 54 44 21 43 40 53 2 13 10 46 11 25 9 20 

 18 17 32 47 49 27	 => 190
 16 27 49 19 41 37	 => 189
 3 37 41 52 34 22	 => 189
 32 5 50 48 8 47	 => 190
 49 47 8 39 28 19	 => 190
 41 19 28 35 15 52	 => 190
 34 52 15 38 45 6	 => 190
 50 4 1 36 51 48	 => 190
 8 48 51 14 30 39	 => 190
 28 39 30 26 31 35	 => 189
 15 35 31 29 42 38	 => 190
 45 38 42 24 7 33	 => 189
 51 36 12 23 54 14	 => 190
 30 14 54 44 21 26	 => 189
 31 26 21 43 40 29	 => 190
 42 29 40 53 2 24	 => 190
 54 23 13 10 46 44	 => 190
 21 44 46 11 25 43	 => 190
 40 43 25 9 20 53	 => 190



test#	fitness		sum		time
---------------------------------------------------
1	187.794				1280
2	187.412				336
3	187.163				414
4	187.85				589
5	187.85				407
6	187.478				421
7	187.501				685
8	188.163				614
9	188.412				473
10	186.501				287


---------------------------------------------------
Best fitness      : 188.412 ( test# 9)
Shortest time     : 287 ( test# 10)

Average fitness   : 187.612
Average time      : 550.6
