****************** GA TEST *******************

total test#:			 10
hexa min width:			 3
hexa max width:			 5
hexa count:			 19
number count:			 54
population size:		 150
generation size:		 30

tournament winner p:		 1
do xover p:			 1
xover:				 2points
do mutation1 p:			 0.1
mutation1 p:			 0.05
do optimize p:			 1
local optimize count:		 6000
do deep better optimize p:	 1
do deep worse optimize p:	 0
do spin p:			 0
spin count:			 1000
do spin apply p:		 1
do mutation2 p:			 0.12
mutation2 p:			 0.08
force mutation2:		 0
replace bad p:			 0.195

converge rate p:		 0.99
converge count:			 1

**********************************************


===================[TEST 1]===================

##### START ##### Fri May 16 08:57:00 2003



##### CONVERGE ##### Fri May 16 09:03:16 2003

Elapsed time: 376 seconds
Total loop: 233 generations

Result : 188.163

23 7 41 37 40 42 1 17 38 53 16 45 27 12 5 32 52 24 29 44 26 21 43 51 4 19 9 31 48 10 28 33 30 22 49 34 6 8 13 35 54 46 20 50 36 47 3 15 2 39 11 25 14 18 

 23 7 41 37 40 42	 => 190
 1 42 40 17 38 53	 => 191
 16 53 38 45 27 12	 => 191
 41 5 32 52 24 37	 => 191
 40 37 24 29 44 17	 => 191
 38 17 44 26 21 45	 => 191
 27 45 21 43 51 4	 => 191
 32 19 9 31 48 52	 => 191
 24 52 48 10 28 29	 => 191
 44 29 28 33 30 26	 => 190
 21 26 30 22 49 43	 => 191
 51 43 49 34 6 8	 => 191
 48 31 13 35 54 10	 => 191
 28 10 54 46 20 33	 => 191
 30 33 20 50 36 22	 => 191
 49 22 36 47 3 34	 => 191
 54 35 15 2 39 46	 => 191
 20 46 39 11 25 50	 => 191
 36 50 25 14 18 47	 => 190


===================[TEST 2]===================

##### START ##### Fri May 16 09:03:16 2003



##### CONVERGE ##### Fri May 16 09:10:50 2003

Elapsed time: 454 seconds
Total loop: 282 generations

Result : 187.255

1 12 25 51 49 53 2 6 54 27 16 48 30 15 4 41 46 24 29 32 37 14 43 38 18 9 11 44 39 22 31 28 34 13 50 35 19 5 10 36 40 47 23 42 52 33 8 20 3 45 7 26 17 21 

 1 12 25 51 49 53	 => 191
 2 53 49 6 54 27	 => 191
 16 27 54 48 30 15	 => 190
 25 4 41 46 24 51	 => 191
 49 51 24 29 32 6	 => 191
 54 6 32 37 14 48	 => 191
 30 48 14 43 38 18	 => 191
 41 9 11 44 39 46	 => 190
 24 46 39 22 31 29	 => 191
 32 29 31 28 34 37	 => 191
 14 37 34 13 50 43	 => 191
 38 43 50 35 19 5	 => 190
 39 44 10 36 40 22	 => 191
 31 22 40 47 23 28	 => 191
 34 28 23 42 52 13	 => 192
 50 13 52 33 8 35	 => 191
 40 36 20 3 45 47	 => 191
 23 47 45 7 26 42	 => 190
 52 42 26 17 21 33	 => 191


===================[TEST 3]===================

##### START ##### Fri May 16 09:10:50 2003



##### CONVERGE ##### Fri May 16 09:14:59 2003

Elapsed time: 249 seconds
Total loop: 154 generations

Result : 187.85

5 19 29 42 50 45 8 18 46 23 1 49 54 17 6 53 38 22 24 34 30 13 36 31 7 11 9 32 47 26 33 27 43 20 48 44 21 10 4 41 40 52 12 51 37 25 16 3 15 39 2 35 14 28 

 5 19 29 42 50 45	 => 190
 8 45 50 18 46 23	 => 190
 1 23 46 49 54 17	 => 190
 29 6 53 38 22 42	 => 190
 50 42 22 24 34 18	 => 190
 46 18 34 30 13 49	 => 190
 54 49 13 36 31 7	 => 190
 53 11 9 32 47 38	 => 190
 22 38 47 26 33 24	 => 190
 34 24 33 27 43 30	 => 191
 13 30 43 20 48 36	 => 190
 31 36 48 44 21 10	 => 190
 47 32 4 41 40 26	 => 190
 33 26 40 52 12 27	 => 190
 43 27 12 51 37 20	 => 190
 48 20 37 25 16 44	 => 190
 40 41 3 15 39 52	 => 190
 12 52 39 2 35 51	 => 191
 37 51 35 14 28 25	 => 190


===================[TEST 4]===================

##### START ##### Fri May 16 09:14:59 2003



##### CONVERGE ##### Fri May 16 09:20:58 2003

Elapsed time: 359 seconds
Total loop: 223 generations

Result : 187.85

17 12 29 46 52 34 1 5 50 48 2 49 37 4 20 36 44 15 39 33 32 21 53 25 6 14 7 42 47 18 27 31 28 11 45 43 8 16 10 35 38 51 26 40 54 24 13 3 22 41 9 23 19 30 

 17 12 29 46 52 34	 => 190
 1 34 52 5 50 48	 => 190
 2 48 50 49 37 4	 => 190
 29 20 36 44 15 46	 => 190
 52 46 15 39 33 5	 => 190
 50 5 33 32 21 49	 => 190
 37 49 21 53 25 6	 => 191
 36 14 7 42 47 44	 => 190
 15 44 47 18 27 39	 => 190
 33 39 27 31 28 32	 => 190
 21 32 28 11 45 53	 => 190
 25 53 45 43 8 16	 => 190
 47 42 10 35 38 18	 => 190
 27 18 38 51 26 31	 => 191
 28 31 26 40 54 11	 => 190
 45 11 54 24 13 43	 => 190
 38 35 3 22 41 51	 => 190
 26 51 41 9 23 40	 => 190
 54 40 23 19 30 24	 => 190


===================[TEST 5]===================

##### START ##### Fri May 16 09:20:58 2003



##### CONVERGE ##### Fri May 16 09:26:01 2003

Elapsed time: 303 seconds
Total loop: 188 generations

Result : 187.412

17 7 37 45 52 32 5 20 46 34 3 40 51 15 2 42 44 19 26 27 47 9 30 53 6 28 10 16 49 12 39 21 29 31 43 36 4 23 8 50 54 38 25 48 35 33 11 22 1 24 13 41 14 18 

 17 7 37 45 52 32	 => 190
 5 32 52 20 46 34	 => 189
 3 34 46 40 51 15	 => 189
 37 2 42 44 19 45	 => 189
 52 45 19 26 27 20	 => 189
 46 20 27 47 9 40	 => 189
 51 40 9 30 53 6	 => 189
 42 28 10 16 49 44	 => 189
 19 44 49 12 39 26	 => 189
 27 26 39 21 29 47	 => 189
 9 47 29 31 43 30	 => 189
 53 30 43 36 4 23	 => 189
 49 16 8 50 54 12	 => 189
 39 12 54 38 25 21	 => 189
 29 21 25 48 35 31	 => 189
 43 31 35 33 11 36	 => 189
 54 50 22 1 24 38	 => 189
 25 38 24 13 41 48	 => 189
 35 48 41 14 18 33	 => 189


===================[TEST 6]===================

##### START ##### Fri May 16 09:26:01 2003



##### CONVERGE ##### Fri May 16 09:31:24 2003

Elapsed time: 323 seconds
Total loop: 200 generations

Result : 187.478

4 11 50 43 54 28 8 15 53 32 12 25 46 22 1 29 51 16 18 44 34 20 52 41 6 13 9 40 48 26 31 36 27 24 33 37 7 21 3 35 38 45 14 42 47 30 19 10 23 39 2 49 17 5 

 4 11 50 43 54 28	 => 190
 8 28 54 15 53 32	 => 190
 12 32 53 25 46 22	 => 190
 50 1 29 51 16 43	 => 190
 54 43 16 18 44 15	 => 190
 53 15 44 34 20 25	 => 191
 46 25 20 52 41 6	 => 190
 29 13 9 40 48 51	 => 190
 16 51 48 26 31 18	 => 190
 44 18 31 36 27 34	 => 190
 20 34 27 24 33 52	 => 190
 41 52 33 37 7 21	 => 191
 48 40 3 35 38 26	 => 190
 31 26 38 45 14 36	 => 190
 27 36 14 42 47 24	 => 190
 33 24 47 30 19 37	 => 190
 38 35 10 23 39 45	 => 190
 14 45 39 2 49 42	 => 191
 47 42 49 17 5 30	 => 190


===================[TEST 7]===================

##### START ##### Fri May 16 09:31:24 2003



##### CONVERGE ##### Fri May 16 09:35:07 2003

Elapsed time: 223 seconds
Total loop: 138 generations

Result : 187.215

20 2 31 41 47 49 4 13 43 34 19 51 29 14 10 36 46 26 35 28 32 24 42 37 7 6 9 45 48 11 25 30 40 8 44 33 18 16 15 22 50 53 21 52 39 54 12 1 27 38 3 23 5 17 

 20 2 31 41 47 49	 => 190
 4 49 47 13 43 34	 => 190
 19 34 43 51 29 14	 => 190
 31 10 36 46 26 41	 => 190
 47 41 26 35 28 13	 => 190
 43 13 28 32 24 51	 => 191
 29 51 24 42 37 7	 => 190
 36 6 9 45 48 46	 => 190
 26 46 48 11 25 35	 => 191
 28 35 25 30 40 32	 => 190
 24 32 40 8 44 42	 => 190
 37 42 44 33 18 16	 => 190
 48 45 15 22 50 11	 => 191
 25 11 50 53 21 30	 => 190
 40 30 21 52 39 8	 => 190
 44 8 39 54 12 33	 => 190
 50 22 1 27 38 53	 => 191
 21 53 38 3 23 52	 => 190
 39 52 23 5 17 54	 => 190


===================[TEST 8]===================

##### START ##### Fri May 16 09:35:07 2003



##### CONVERGE ##### Fri May 16 09:39:33 2003

Elapsed time: 266 seconds
Total loop: 165 generations

Result : 187.85

2 6 50 49 48 35 10 18 51 29 7 52 47 4 1 32 46 12 36 27 33 9 43 28 11 21 15 22 54 17 26 24 44 20 41 40 30 8 13 31 53 45 25 38 39 34 16 19 5 37 3 42 14 23 

 2 6 50 49 48 35	 => 190
 10 35 48 18 51 29	 => 191
 7 29 51 52 47 4	 => 190
 50 1 32 46 12 49	 => 190
 48 49 12 36 27 18	 => 190
 51 18 27 33 9 52	 => 190
 47 52 9 43 28 11	 => 190
 32 21 15 22 54 46	 => 190
 12 46 54 17 26 36	 => 191
 27 36 26 24 44 33	 => 190
 9 33 44 20 41 43	 => 190
 28 43 41 40 30 8	 => 190
 54 22 13 31 53 17	 => 190
 26 17 53 45 25 24	 => 190
 44 24 25 38 39 20	 => 190
 41 20 39 34 16 40	 => 190
 53 31 19 5 37 45	 => 190
 25 45 37 3 42 38	 => 190
 39 38 42 14 23 34	 => 190


===================[TEST 9]===================

##### START ##### Fri May 16 09:39:33 2003



##### CONVERGE ##### Fri May 16 09:45:43 2003

Elapsed time: 370 seconds
Total loop: 229 generations

Result : 186.823

2 11 48 52 46 31 13 10 47 43 9 51 36 4 1 22 49 18 30 35 21 27 45 26 5 24 17 41 37 23 33 32 38 20 39 54 7 19 3 42 44 50 8 53 40 25 12 14 6 34 16 29 15 28 

 2 11 48 52 46 31	 => 190
 13 31 46 10 47 43	 => 190
 9 43 47 51 36 4	 => 190
 48 1 22 49 18 52	 => 190
 46 52 18 30 35 10	 => 191
 47 10 35 21 27 51	 => 191
 36 51 27 45 26 5	 => 190
 22 24 17 41 37 49	 => 190
 18 49 37 23 33 30	 => 190
 35 30 33 32 38 21	 => 189
 27 21 38 20 39 45	 => 190
 26 45 39 54 7 19	 => 190
 37 41 3 42 44 23	 => 190
 33 23 44 50 8 32	 => 190
 38 32 8 53 40 20	 => 191
 39 20 40 25 12 54	 => 190
 44 42 14 6 34 50	 => 190
 8 50 34 16 29 53	 => 190
 40 53 29 15 28 25	 => 190


===================[TEST 10]===================

##### START ##### Fri May 16 09:45:43 2003



##### CONVERGE ##### Fri May 16 09:51:15 2003

Elapsed time: 332 seconds
Total loop: 206 generations

Result : 188.306

22 2 30 52 40 43 3 15 50 39 5 36 51 9 8 42 54 4 34 45 18 26 48 28 1 10 12 25 47 27 24 31 38 7 53 35 20 6 13 32 46 41 21 44 49 29 17 11 23 37 14 33 16 19 

 22 2 30 52 40 43	 => 189
 3 43 40 15 50 39	 => 190
 5 39 50 36 51 9	 => 190
 30 8 42 54 4 52	 => 190
 40 52 4 34 45 15	 => 190
 50 15 45 18 26 36	 => 190
 51 36 26 48 28 1	 => 190
 42 10 12 25 47 54	 => 190
 4 54 47 27 24 34	 => 190
 45 34 24 31 38 18	 => 190
 26 18 38 7 53 48	 => 190
 28 48 53 35 20 6	 => 190
 47 25 13 32 46 27	 => 190
 24 27 46 41 21 31	 => 190
 38 31 21 44 49 7	 => 190
 53 7 49 29 17 35	 => 190
 46 32 11 23 37 41	 => 190
 21 41 37 14 33 44	 => 190
 49 44 33 16 19 29	 => 190



test#	fitness		sum		time
---------------------------------------------------
1	188.163				376
2	187.255				454
3	187.85				249
4	187.85				359
5	187.412				303
6	187.478				323
7	187.215				223
8	187.85				266
9	186.823				370
10	188.306				332


---------------------------------------------------
Best fitness      : 188.306 ( test# 10)
Shortest time     : 223 ( test# 7)

Average fitness   : 187.62
Average time      : 325.5
