****************** GA TEST *******************

total test#:			 10
hexa min width:			 3
hexa max width:			 5
hexa count:			 19
number count:			 54
population size:		 100
generation size:		 12

tournament winner p:		 1
do xover p:			 1
xover:				 2points
do mutation1 p:			 0.1
mutation1 p:			 0.05
do optimize p:			 1
local optimize count:		 6000
do deep better optimize p:	 1
do deep worse optimize p:	 0
do spin p:			 0
spin count:			 1000
do spin apply p:		 1
do mutation2 p:			 0.12
mutation2 p:			 0.08
force mutation2:		 0
replace bad p:			 0.195

converge rate p:		 0.99
converge count:			 1

**********************************************


===================[TEST 1]===================

##### START ##### Thu May 15 18:05:32 2003



##### CONVERGE ##### Thu May 15 18:10:27 2003

Elapsed time: 295 seconds
Total loop: 419 generations

Result : 188.412

2 15 54 42 53 24 5 12 47 49 23 45 20 6 3 40 38 13 41 30 27 29 39 43 14 7 11 44 50 17 31 33 28 19 48 26 16 18 1 46 32 52 25 34 51 37 9 4 21 35 8 36 22 10 

 2 15 54 42 53 24	 => 190
 5 24 53 12 47 49	 => 190
 23 49 47 45 20 6	 => 190
 54 3 40 38 13 42	 => 190
 53 42 13 41 30 12	 => 191
 47 12 30 27 29 45	 => 190
 20 45 29 39 43 14	 => 190
 40 7 11 44 50 38	 => 190
 13 38 50 17 31 41	 => 190
 30 41 31 33 28 27	 => 190
 29 27 28 19 48 39	 => 190
 43 39 48 26 16 18	 => 190
 50 44 1 46 32 17	 => 190
 31 17 32 52 25 33	 => 190
 28 33 25 34 51 19	 => 190
 48 19 51 37 9 26	 => 190
 32 46 4 21 35 52	 => 190
 25 52 35 8 36 34	 => 190
 51 34 36 22 10 37	 => 190


===================[TEST 2]===================

##### START ##### Thu May 15 18:10:27 2003



##### CONVERGE ##### Thu May 15 18:12:15 2003

Elapsed time: 108 seconds
Total loop: 159 generations

Result : 187.053

3 14 50 47 37 39 9 11 54 40 2 32 44 18 1 35 48 8 36 51 19 23 53 31 7 10 24 30 43 26 29 22 33 21 41 46 4 15 12 34 45 49 20 42 52 25 5 17 6 38 13 28 16 27 

 3 14 50 47 37 39	 => 190
 9 39 37 11 54 40	 => 190
 2 40 54 32 44 18	 => 190
 50 1 35 48 8 47	 => 189
 37 47 8 36 51 11	 => 190
 54 11 51 19 23 32	 => 190
 44 32 23 53 31 7	 => 190
 35 10 24 30 43 48	 => 190
 8 48 43 26 29 36	 => 190
 51 36 29 22 33 19	 => 190
 23 19 33 21 41 53	 => 190
 31 53 41 46 4 15	 => 190
 43 30 12 34 45 26	 => 190
 29 26 45 49 20 22	 => 191
 33 22 20 42 52 21	 => 190
 41 21 52 25 5 46	 => 190
 45 34 17 6 38 49	 => 189
 20 49 38 13 28 42	 => 190
 52 42 28 16 27 25	 => 190


===================[TEST 3]===================

##### START ##### Thu May 15 18:12:15 2003



##### CONVERGE ##### Thu May 15 18:16:25 2003

Elapsed time: 250 seconds
Total loop: 372 generations

Result : 187.616

31 6 32 50 45 26 16 24 49 30 19 46 38 8 10 37 52 9 33 29 22 20 41 44 1 7 17 23 54 14 28 34 43 13 51 39 3 12 5 42 53 36 25 40 35 48 4 11 21 27 15 47 2 18 

 31 6 32 50 45 26	 => 190
 16 26 45 24 49 30	 => 190
 19 30 49 46 38 8	 => 190
 32 10 37 52 9 50	 => 190
 45 50 9 33 29 24	 => 190
 49 24 29 22 20 46	 => 190
 38 46 20 41 44 1	 => 190
 37 7 17 23 54 52	 => 190
 9 52 54 14 28 33	 => 190
 29 33 28 34 43 22	 => 189
 20 22 43 13 51 41	 => 190
 44 41 51 39 3 12	 => 190
 54 23 5 42 53 14	 => 191
 28 14 53 36 25 34	 => 190
 43 34 25 40 35 13	 => 190
 51 13 35 48 4 39	 => 190
 53 42 11 21 27 36	 => 190
 25 36 27 15 47 40	 => 190
 35 40 47 2 18 48	 => 190


===================[TEST 4]===================

##### START ##### Thu May 15 18:16:25 2003



##### CONVERGE ##### Thu May 15 18:19:42 2003

Elapsed time: 197 seconds
Total loop: 292 generations

Result : 187.85

5 25 27 46 53 34 4 17 50 32 23 44 29 12 1 49 47 20 30 24 39 16 38 37 26 8 6 28 52 22 19 42 36 7 54 33 18 11 9 31 48 45 14 51 40 41 15 21 3 43 2 35 13 10 

 5 25 27 46 53 34	 => 190
 4 34 53 17 50 32	 => 190
 23 32 50 44 29 12	 => 190
 27 1 49 47 20 46	 => 190
 53 46 20 30 24 17	 => 190
 50 17 24 39 16 44	 => 190
 29 44 16 38 37 26	 => 190
 49 8 6 28 52 47	 => 190
 20 47 52 22 19 30	 => 190
 24 30 19 42 36 39	 => 190
 16 39 36 7 54 38	 => 190
 37 38 54 33 18 11	 => 191
 52 28 9 31 48 22	 => 190
 19 22 48 45 14 42	 => 190
 36 42 14 51 40 7	 => 190
 54 7 40 41 15 33	 => 190
 48 31 21 3 43 45	 => 191
 14 45 43 2 35 51	 => 190
 40 51 35 13 10 41	 => 190


===================[TEST 5]===================

##### START ##### Thu May 15 18:19:42 2003



##### CONVERGE ##### Thu May 15 18:23:16 2003

Elapsed time: 214 seconds
Total loop: 306 generations

Result : 187.501

5 7 38 49 47 44 9 10 53 28 21 41 33 15 13 31 40 20 30 35 29 23 43 42 8 11 17 54 37 25 39 26 32 12 52 46 3 4 2 27 45 34 22 48 51 24 6 16 19 50 1 36 18 14 

 5 7 38 49 47 44	 => 190
 9 44 47 10 53 28	 => 191
 21 28 53 41 33 15	 => 191
 38 13 31 40 20 49	 => 191
 47 49 20 30 35 10	 => 191
 53 10 35 29 23 41	 => 191
 33 41 23 43 42 8	 => 190
 31 11 17 54 37 40	 => 190
 20 40 37 25 39 30	 => 191
 35 30 39 26 32 29	 => 191
 23 29 32 12 52 43	 => 191
 42 43 52 46 3 4	 => 190
 37 54 2 27 45 25	 => 190
 39 25 45 34 22 26	 => 191
 32 26 22 48 51 12	 => 191
 52 12 51 24 6 46	 => 191
 45 27 16 19 50 34	 => 191
 22 34 50 1 36 48	 => 191
 51 48 36 18 14 24	 => 191


===================[TEST 6]===================

##### START ##### Thu May 15 18:23:16 2003



##### CONVERGE ##### Thu May 15 18:28:54 2003

Elapsed time: 338 seconds
Total loop: 440 generations

Result : 186.794

7 22 28 48 49 36 2 9 47 46 10 51 23 13 1 54 45 14 37 33 29 21 41 39 15 4 16 27 44 30 19 34 38 8 53 43 11 3 20 26 42 40 25 35 50 31 5 18 12 52 6 32 17 24 

 7 22 28 48 49 36	 => 190
 2 36 49 9 47 46	 => 189
 10 46 47 51 23 13	 => 190
 28 1 54 45 14 48	 => 190
 49 48 14 37 33 9	 => 190
 47 9 33 29 21 51	 => 190
 23 51 21 41 39 15	 => 190
 54 4 16 27 44 45	 => 190
 14 45 44 30 19 37	 => 189
 33 37 19 34 38 29	 => 190
 21 29 38 8 53 41	 => 190
 39 41 53 43 11 3	 => 190
 44 27 20 26 42 30	 => 189
 19 30 42 40 25 34	 => 190
 38 34 25 35 50 8	 => 190
 53 8 50 31 5 43	 => 190
 42 26 18 12 52 40	 => 190
 25 40 52 6 32 35	 => 190
 50 35 32 17 24 31	 => 189


===================[TEST 7]===================

##### START ##### Thu May 15 18:28:54 2003



##### CONVERGE ##### Thu May 15 18:33:07 2003

Elapsed time: 253 seconds
Total loop: 341 generations

Result : 187.163

5 23 37 45 51 28 8 2 53 48 9 49 19 12 1 39 52 16 30 46 22 18 54 36 14 17 10 31 41 24 27 32 33 20 43 26 6 25 4 50 40 38 29 34 42 44 15 3 11 47 7 35 21 13 

 5 23 37 45 51 28	 => 189
 8 28 51 2 53 48	 => 190
 9 48 53 49 19 12	 => 190
 37 1 39 52 16 45	 => 190
 51 45 16 30 46 2	 => 190
 53 2 46 22 18 49	 => 190
 19 49 18 54 36 14	 => 190
 39 17 10 31 41 52	 => 190
 16 52 41 24 27 30	 => 190
 46 30 27 32 33 22	 => 190
 18 22 33 20 43 54	 => 190
 36 54 43 26 6 25	 => 190
 41 31 4 50 40 24	 => 190
 27 24 40 38 29 32	 => 190
 33 32 29 34 42 20	 => 190
 43 20 42 44 15 26	 => 190
 40 50 3 11 47 38	 => 189
 29 38 47 7 35 34	 => 190
 42 34 35 21 13 44	 => 189


===================[TEST 8]===================

##### START ##### Thu May 15 18:33:07 2003



##### CONVERGE ##### Thu May 15 18:36:50 2003

Elapsed time: 223 seconds
Total loop: 315 generations

Result : 187.85

10 22 38 49 52 19 8 11 47 53 12 36 41 1 7 30 44 23 26 29 40 27 32 45 9 17 14 37 48 15 34 28 33 13 46 24 25 18 16 31 43 50 20 42 54 51 2 21 6 39 4 35 3 5 

 10 22 38 49 52 19	 => 190
 8 19 52 11 47 53	 => 190
 12 53 47 36 41 1	 => 190
 38 7 30 44 23 49	 => 191
 52 49 23 26 29 11	 => 190
 47 11 29 40 27 36	 => 190
 41 36 27 32 45 9	 => 190
 30 17 14 37 48 44	 => 190
 23 44 48 15 34 26	 => 190
 29 26 34 28 33 40	 => 190
 27 40 33 13 46 32	 => 191
 45 32 46 24 25 18	 => 190
 48 37 16 31 43 15	 => 190
 34 15 43 50 20 28	 => 190
 33 28 20 42 54 13	 => 190
 46 13 54 51 2 24	 => 190
 43 31 21 6 39 50	 => 190
 20 50 39 4 35 42	 => 190
 54 42 35 3 5 51	 => 190


===================[TEST 9]===================

##### START ##### Thu May 15 18:36:50 2003



##### CONVERGE ##### Thu May 15 18:40:14 2003

Elapsed time: 204 seconds
Total loop: 272 generations

Result : 186.794

11 3 43 40 49 44 7 15 24 51 9 54 30 21 4 28 53 22 33 31 45 20 47 36 2 17 19 32 41 14 27 25 29 12 37 39 5 26 1 50 52 38 34 42 48 46 8 10 16 23 18 35 6 13 

 11 3 43 40 49 44	 => 190
 7 44 49 15 24 51	 => 190
 9 51 24 54 30 21	 => 189
 43 4 28 53 22 40	 => 190
 49 40 22 33 31 15	 => 190
 24 15 31 45 20 54	 => 189
 30 54 20 47 36 2	 => 189
 28 17 19 32 41 53	 => 190
 22 53 41 14 27 33	 => 190
 31 33 27 25 29 45	 => 190
 20 45 29 12 37 47	 => 190
 36 47 37 39 5 26	 => 190
 41 32 1 50 52 14	 => 190
 27 14 52 38 34 25	 => 190
 29 25 34 42 48 12	 => 190
 37 12 48 46 8 39	 => 190
 52 50 10 16 23 38	 => 189
 34 38 23 18 35 42	 => 190
 48 42 35 6 13 46	 => 190

2 26 34 39 41 44 18 23 46 14 17 37 51 21 10 35 40 28 22 33 43 4 50 31 13 5 11 48 47 19 30 6 52 1 36 38 15 16 3 24 45 54 32 53 42 49 20 29 7 27 12 8 9 25 

 2 26 34 39 41 44	 => 186
 18 44 41 23 46 14	 => 186
 17 14 46 37 51 21	 => 186
 34 10 35 40 28 39	 => 186
 41 39 28 22 33 23	 => 186
 46 23 33 43 4 37	 => 186
 51 37 4 50 31 13	 => 186
 35 5 11 48 47 40	 => 186
 28 40 47 19 30 22	 => 186
 33 22 30 6 52 43	 => 186
 4 43 52 1 36 50	 => 186
 31 50 36 38 15 16	 => 186
 47 48 3 24 45 19	 => 186
 30 19 45 54 32 6	 => 186
 52 6 32 53 42 1	 => 186
 36 1 42 49 20 38	 => 186
 45 24 29 7 27 54	 => 186
 32 54 27 12 8 53	 => 186
 42 53 8 9 25 49	 => 186


===================[TEST 10]===================

##### START ##### Thu May 15 18:40:14 2003



##### CONVERGE ##### Thu May 15 18:45:19 2003

Elapsed time: 305 seconds
Total loop: 293 generations

Result : 187.85

14 13 34 47 44 38 8 32 40 28 22 42 43 15 7 31 53 18 26 23 29 24 52 27 2 1 21 39 45 12 36 25 51 4 30 54 17 10 9 35 50 48 20 41 49 37 16 6 5 46 3 33 19 11 

 14 13 34 47 44 38	 => 190
 8 38 44 32 40 28	 => 190
 22 28 40 42 43 15	 => 190
 34 7 31 53 18 47	 => 190
 44 47 18 26 23 32	 => 190
 40 32 23 29 24 42	 => 190
 43 42 24 52 27 2	 => 190
 31 1 21 39 45 53	 => 190
 18 53 45 12 36 26	 => 190
 23 26 36 25 51 29	 => 190
 24 29 51 4 30 52	 => 190
 27 52 30 54 17 10	 => 190
 45 39 9 35 50 12	 => 190
 36 12 50 48 20 25	 => 191
 51 25 20 41 49 4	 => 190
 30 4 49 37 16 54	 => 190
 50 35 6 5 46 48	 => 190
 20 48 46 3 33 41	 => 191
 49 41 33 19 11 37	 => 190



test#	fitness		sum		time
---------------------------------------------------
1	188.412				295
2	187.053				108
3	187.616				250
4	187.85				197
5	187.501				214
6	186.794				338
7	187.163				253
8	187.85				223
9	186.794		186		204
10	187.85				305


---------------------------------------------------
Best fitness      : 188.412 ( test# 1)
Best solution sum : 186 ( test# 9)
Shortest time     : 108 ( test# 2)

Average fitness   : 187.488
Average sol. sum  : 186
Average time      : 238.7
