****************** GA TEST *******************

total test#:			 10
hexa min width:			 3
hexa max width:			 5
hexa count:			 19
number count:			 54
population size:		 130
generation size:		 30

tournament winner p:		 1
do xover p:			 1
xover:				 2points
do mutation1 p:			 0.1
mutation1 p:			 0.05
do optimize p:			 1
local optimize count:		 6000
do deep better optimize p:	 1
do deep worse optimize p:	 0
do spin p:			 0
spin count:			 1000
do spin apply p:		 1
do mutation2 p:			 0.12
mutation2 p:			 0.08
force mutation2:		 0
replace bad p:			 0.195

converge rate p:		 0.99
converge count:			 1

**********************************************


===================[TEST 1]===================

##### START ##### Fri May 16 07:22:06 2003



##### CONVERGE ##### Fri May 16 07:25:08 2003

Elapsed time: 182 seconds
Total loop: 113 generations

Result : 187.053

13 6 32 37 53 49 1 18 46 23 22 40 43 16 10 41 44 26 29 27 51 8 45 50 4 2 11 38 54 7 30 34 19 20 47 33 5 9 3 35 52 39 28 48 42 31 17 15 24 25 14 36 12 21 

 13 6 32 37 53 49	 => 190
 1 49 53 18 46 23	 => 190
 22 23 46 40 43 16	 => 190
 32 10 41 44 26 37	 => 190
 53 37 26 29 27 18	 => 190
 46 18 27 51 8 40	 => 190
 43 40 8 45 50 4	 => 190
 41 2 11 38 54 44	 => 190
 26 44 54 7 30 29	 => 190
 27 29 30 34 19 51	 => 190
 8 51 19 20 47 45	 => 190
 50 45 47 33 5 9	 => 189
 54 38 3 35 52 7	 => 189
 30 7 52 39 28 34	 => 190
 19 34 28 48 42 20	 => 191
 47 20 42 31 17 33	 => 190
 52 35 15 24 25 39	 => 190
 28 39 25 14 36 48	 => 190
 42 48 36 12 21 31	 => 190


===================[TEST 2]===================

##### START ##### Fri May 16 07:25:08 2003



##### CONVERGE ##### Fri May 16 07:28:48 2003

Elapsed time: 220 seconds
Total loop: 136 generations

Result : 187.306

24 22 15 46 33 49 3 14 39 51 2 53 25 19 18 44 43 23 35 38 34 11 50 40 10 30 8 27 36 20 32 29 21 31 42 28 17 12 13 41 52 47 9 54 45 37 6 16 7 26 5 48 4 1 

 24 22 15 46 33 49	 => 189
 3 49 33 14 39 51	 => 189
 2 51 39 53 25 19	 => 189
 15 18 44 43 23 46	 => 189
 33 46 23 35 38 14	 => 189
 39 14 38 34 11 53	 => 189
 25 53 11 50 40 10	 => 189
 44 30 8 27 36 43	 => 188
 23 43 36 20 32 35	 => 189
 38 35 32 29 21 34	 => 189
 11 34 21 31 42 50	 => 189
 40 50 42 28 17 12	 => 189
 36 27 13 41 52 20	 => 189
 32 20 52 47 9 29	 => 189
 21 29 9 54 45 31	 => 189
 42 31 45 37 6 28	 => 189
 52 41 16 7 26 47	 => 189
 9 47 26 5 48 54	 => 189
 45 54 48 4 1 37	 => 189


===================[TEST 3]===================

##### START ##### Fri May 16 07:28:48 2003



##### CONVERGE ##### Fri May 16 07:34:43 2003

Elapsed time: 355 seconds
Total loop: 220 generations

Result : 188.412

4 5 36 43 49 53 7 12 42 27 21 52 37 11 1 41 39 30 23 33 38 13 46 28 14 22 10 24 54 15 29 32 35 18 40 48 20 8 17 34 47 51 16 45 44 31 9 2 6 50 3 25 26 19 

 4 5 36 43 49 53	 => 190
 7 53 49 12 42 27	 => 190
 21 27 42 52 37 11	 => 190
 36 1 41 39 30 43	 => 190
 49 43 30 23 33 12	 => 190
 42 12 33 38 13 52	 => 190
 37 52 13 46 28 14	 => 190
 41 22 10 24 54 39	 => 190
 30 39 54 15 29 23	 => 190
 33 23 29 32 35 38	 => 190
 13 38 35 18 40 46	 => 190
 28 46 40 48 20 8	 => 190
 54 24 17 34 47 15	 => 191
 29 15 47 51 16 32	 => 190
 35 32 16 45 44 18	 => 190
 40 18 44 31 9 48	 => 190
 47 34 2 6 50 51	 => 190
 16 51 50 3 25 45	 => 190
 44 45 25 26 19 31	 => 190


===================[TEST 4]===================

##### START ##### Fri May 16 07:34:43 2003



##### CONVERGE ##### Fri May 16 07:39:10 2003

Elapsed time: 267 seconds
Total loop: 166 generations

Result : 188.163

7 13 37 48 45 40 6 18 52 30 8 41 36 23 2 34 46 24 27 29 32 19 43 31 21 12 16 33 50 9 35 25 42 4 51 49 3 14 20 26 53 47 22 54 44 38 5 15 11 39 1 28 17 10 

 7 13 37 48 45 40	 => 190
 6 40 45 18 52 30	 => 191
 8 30 52 41 36 23	 => 190
 37 2 34 46 24 48	 => 191
 45 48 24 27 29 18	 => 191
 52 18 29 32 19 41	 => 191
 36 41 19 43 31 21	 => 191
 34 12 16 33 50 46	 => 191
 24 46 50 9 35 27	 => 191
 29 27 35 25 42 32	 => 190
 19 32 42 4 51 43	 => 191
 31 43 51 49 3 14	 => 191
 50 33 20 26 53 9	 => 191
 35 9 53 47 22 25	 => 191
 42 25 22 54 44 4	 => 191
 51 4 44 38 5 49	 => 191
 53 26 15 11 39 47	 => 191
 22 47 39 1 28 54	 => 191
 44 54 28 17 10 38	 => 191


===================[TEST 5]===================

##### START ##### Fri May 16 07:39:10 2003



##### CONVERGE ##### Fri May 16 07:44:51 2003

Elapsed time: 341 seconds
Total loop: 211 generations

Result : 187.478

11 12 38 47 51 31 2 22 54 30 18 44 28 17 3 35 52 16 34 20 37 13 40 46 19 5 14 49 36 27 25 45 29 21 50 39 9 6 4 33 41 42 10 32 53 26 1 23 8 43 15 48 7 24 

 11 12 38 47 51 31	 => 190
 2 31 51 22 54 30	 => 190
 18 30 54 44 28 17	 => 191
 38 3 35 52 16 47	 => 191
 51 47 16 34 20 22	 => 190
 54 22 20 37 13 44	 => 190
 28 44 13 40 46 19	 => 190
 35 5 14 49 36 52	 => 191
 16 52 36 27 25 34	 => 190
 20 34 25 45 29 37	 => 190
 13 37 29 21 50 40	 => 190
 46 40 50 39 9 6	 => 190
 36 49 4 33 41 27	 => 190
 25 27 41 42 10 45	 => 190
 29 45 10 32 53 21	 => 190
 50 21 53 26 1 39	 => 190
 41 33 23 8 43 42	 => 190
 10 42 43 15 48 32	 => 190
 53 32 48 7 24 26	 => 190


===================[TEST 6]===================

##### START ##### Fri May 16 07:44:51 2003



##### CONVERGE ##### Fri May 16 07:49:52 2003

Elapsed time: 301 seconds
Total loop: 186 generations

Result : 187.794

22 2 36 41 50 39 6 21 47 28 15 46 49 5 13 27 53 20 25 34 26 17 33 42 4 14 9 37 51 12 30 31 45 16 54 29 10 23 3 40 48 52 18 43 38 35 19 11 8 32 1 44 24 7 

 22 2 36 41 50 39	 => 190
 6 39 50 21 47 28	 => 191
 15 28 47 46 49 5	 => 190
 36 13 27 53 20 41	 => 190
 50 41 20 25 34 21	 => 191
 47 21 34 26 17 46	 => 191
 49 46 17 33 42 4	 => 191
 27 14 9 37 51 53	 => 191
 20 53 51 12 30 25	 => 191
 34 25 30 31 45 26	 => 191
 17 26 45 16 54 33	 => 191
 42 33 54 29 10 23	 => 191
 51 37 3 40 48 12	 => 191
 30 12 48 52 18 31	 => 191
 45 31 18 43 38 16	 => 191
 54 16 38 35 19 29	 => 191
 48 40 11 8 32 52	 => 191
 18 52 32 1 44 43	 => 190
 38 43 44 24 7 35	 => 191


===================[TEST 7]===================

##### START ##### Fri May 16 07:49:52 2003



##### CONVERGE ##### Fri May 16 07:54:28 2003

Elapsed time: 276 seconds
Total loop: 172 generations

Result : 187.616

14 13 27 47 50 39 5 19 29 48 10 52 42 9 7 35 53 20 15 40 28 22 41 25 8 2 1 45 54 11 37 36 34 21 44 51 6 23 4 30 46 43 17 49 33 38 3 16 24 31 18 32 12 26 

 14 13 27 47 50 39	 => 190
 5 39 50 19 29 48	 => 190
 10 48 29 52 42 9	 => 190
 27 7 35 53 20 47	 => 189
 50 47 20 15 40 19	 => 191
 29 19 40 28 22 52	 => 190
 42 52 22 41 25 8	 => 190
 35 2 1 45 54 53	 => 190
 20 53 54 11 37 15	 => 190
 40 15 37 36 34 28	 => 190
 22 28 34 21 44 41	 => 190
 25 41 44 51 6 23	 => 190
 54 45 4 30 46 11	 => 190
 37 11 46 43 17 36	 => 190
 34 36 17 49 33 21	 => 190
 44 21 33 38 3 51	 => 190
 46 30 16 24 31 43	 => 190
 17 43 31 18 32 49	 => 190
 33 49 32 12 26 38	 => 190


===================[TEST 8]===================

##### START ##### Fri May 16 07:54:28 2003



##### CONVERGE ##### Fri May 16 07:58:47 2003

Elapsed time: 259 seconds
Total loop: 160 generations

Result : 187.478

17 12 35 48 49 29 16 23 37 36 11 53 34 20 7 42 45 13 26 31 21 25 33 40 5 4 2 47 50 15 41 28 43 14 54 38 6 19 8 24 46 51 9 44 52 32 1 27 3 39 18 30 22 10 

 17 12 35 48 49 29	 => 190
 16 29 49 23 37 36	 => 190
 11 36 37 53 34 20	 => 191
 35 7 42 45 13 48	 => 190
 49 48 13 26 31 23	 => 190
 37 23 31 21 25 53	 => 190
 34 53 25 33 40 5	 => 190
 42 4 2 47 50 45	 => 190
 13 45 50 15 41 26	 => 190
 31 26 41 28 43 21	 => 190
 25 21 43 14 54 33	 => 190
 40 33 54 38 6 19	 => 190
 50 47 8 24 46 15	 => 190
 41 15 46 51 9 28	 => 190
 43 28 9 44 52 14	 => 190
 54 14 52 32 1 38	 => 191
 46 24 27 3 39 51	 => 190
 9 51 39 18 30 44	 => 191
 52 44 30 22 10 32	 => 190


===================[TEST 9]===================

##### START ##### Fri May 16 07:58:47 2003



##### CONVERGE ##### Fri May 16 08:01:56 2003

Elapsed time: 189 seconds
Total loop: 117 generations

Result : 186.163

3 16 31 51 54 33 18 1 46 37 23 41 35 7 11 28 49 19 24 39 26 36 45 27 5 6 14 48 44 21 32 43 25 17 40 47 22 8 4 34 38 53 2 52 50 15 20 12 9 42 10 30 29 13 

 3 16 31 51 54 33	 => 188
 18 33 54 1 46 37	 => 189
 23 37 46 41 35 7	 => 189
 31 11 28 49 19 51	 => 189
 54 51 19 24 39 1	 => 188
 46 1 39 26 36 41	 => 189
 35 41 36 45 27 5	 => 189
 28 6 14 48 44 49	 => 189
 19 49 44 21 32 24	 => 189
 39 24 32 43 25 26	 => 189
 36 26 25 17 40 45	 => 189
 27 45 40 47 22 8	 => 189
 44 48 4 34 38 21	 => 189
 32 21 38 53 2 43	 => 189
 25 43 2 52 50 17	 => 189
 40 17 50 15 20 47	 => 189
 38 34 12 9 42 53	 => 188
 2 53 42 10 30 52	 => 189
 50 52 30 29 13 15	 => 189


===================[TEST 10]===================

##### START ##### Fri May 16 08:01:56 2003



##### CONVERGE ##### Fri May 16 08:06:54 2003

Elapsed time: 298 seconds
Total loop: 185 generations

Result : 187.412

9 18 40 34 36 52 13 10 41 37 4 51 39 17 7 32 43 33 22 54 19 14 50 30 6 25 3 38 48 8 35 31 28 29 49 23 21 16 2 46 47 53 15 44 42 45 1 5 12 26 24 27 11 20 

 9 18 40 34 36 52	 => 189
 13 52 36 10 41 37	 => 189
 4 37 41 51 39 17	 => 189
 40 7 32 43 33 34	 => 189
 36 34 33 22 54 10	 => 189
 41 10 54 19 14 51	 => 189
 39 51 14 50 30 6	 => 190
 32 25 3 38 48 43	 => 189
 33 43 48 8 35 22	 => 189
 54 22 35 31 28 19	 => 189
 14 19 28 29 49 50	 => 189
 30 50 49 23 21 16	 => 189
 48 38 2 46 47 8	 => 189
 35 8 47 53 15 31	 => 189
 28 31 15 44 42 29	 => 189
 49 29 42 45 1 23	 => 189
 47 46 5 12 26 53	 => 189
 15 53 26 24 27 44	 => 189
 42 44 27 11 20 45	 => 189



test#	fitness		sum		time
---------------------------------------------------
1	187.053				182
2	187.306				220
3	188.412				355
4	188.163				267
5	187.478				341
6	187.794				301
7	187.616				276
8	187.478				259
9	186.163				189
10	187.412				298


---------------------------------------------------
Best fitness      : 188.412 ( test# 3)
Shortest time     : 182 ( test# 1)

Average fitness   : 187.487
Average time      : 268.8
