****************** GA TEST *******************

total test#:			 10
hexa min width:			 3
hexa max width:			 5
hexa count:			 19
number count:			 54
population size:		 100
generation size:		 30

tournament winner p:		 1
do xover p:			 1
xover:				 2points
do mutation1 p:			 0.1
mutation1 p:			 0.05
do optimize p:			 1
local optimize count:		 6000
do deep better optimize p:	 1
do deep worse optimize p:	 0
do spin p:			 0
spin count:			 1000
do spin apply p:		 1
do mutation2 p:			 0.12
mutation2 p:			 0.08
force mutation2:		 0
replace bad p:			 0.195

converge rate p:		 0.99
converge count:			 1

**********************************************


===================[TEST 1]===================

##### START ##### Fri May 16 05:29:59 2003



##### CONVERGE ##### Fri May 16 05:33:07 2003

Elapsed time: 188 seconds
Total loop: 117 generations

Result : 187.268

20 5 38 53 40 34 2 18 45 51 1 50 39 4 7 46 32 15 35 30 25 23 43 24 12 8 14 48 42 26 41 31 29 17 54 37 11 22 3 27 44 36 13 52 49 28 6 21 16 47 10 33 19 9 

 20 5 38 53 40 34	 => 190
 2 34 40 18 45 51	 => 190
 1 51 45 50 39 4	 => 190
 38 7 46 32 15 53	 => 191
 40 53 15 35 30 18	 => 191
 45 18 30 25 23 50	 => 191
 39 50 23 43 24 12	 => 191
 46 8 14 48 42 32	 => 190
 15 32 42 26 41 35	 => 191
 30 35 41 31 29 25	 => 191
 23 25 29 17 54 43	 => 191
 24 43 54 37 11 22	 => 191
 42 48 3 27 44 26	 => 190
 41 26 44 36 13 31	 => 191
 29 31 13 52 49 17	 => 191
 54 17 49 28 6 37	 => 191
 44 27 21 16 47 36	 => 191
 13 36 47 10 33 52	 => 191
 49 52 33 19 9 28	 => 190


===================[TEST 2]===================

##### START ##### Fri May 16 05:33:07 2003



##### CONVERGE ##### Fri May 16 05:36:48 2003

Elapsed time: 221 seconds
Total loop: 137 generations

Result : 188.412

1 9 46 39 52 43 2 11 40 42 13 38 49 8 6 37 41 21 33 34 51 16 47 35 5 17 14 31 50 20 25 29 18 22 36 45 3 24 15 30 44 53 19 54 48 32 7 23 12 28 10 26 27 4 

 1 9 46 39 52 43	 => 190
 2 43 52 11 40 42	 => 190
 13 42 40 38 49 8	 => 190
 46 6 37 41 21 39	 => 190
 52 39 21 33 34 11	 => 190
 40 11 34 51 16 38	 => 190
 49 38 16 47 35 5	 => 190
 37 17 14 31 50 41	 => 190
 21 41 50 20 25 33	 => 190
 34 33 25 29 18 51	 => 190
 16 51 18 22 36 47	 => 190
 35 47 36 45 3 24	 => 190
 50 31 15 30 44 20	 => 190
 25 20 44 53 19 29	 => 190
 18 29 19 54 48 22	 => 190
 36 22 48 32 7 45	 => 190
 44 30 23 12 28 53	 => 190
 19 53 28 10 26 54	 => 190
 48 54 26 27 4 32	 => 191

19 7 16 49 43 53 6 18 46 21 4 51 35 30 22 38 47 15 54 8 39 25 48 26 2 10 14 44 34 5 32 37 17 31 27 42 24 20 12 40 52 33 28 29 45 41 1 3 9 50 11 36 13 23 

 19 7 16 49 43 53	 => 187
 6 53 43 18 46 21	 => 187
 4 21 46 51 35 30	 => 187
 16 22 38 47 15 49	 => 187
 43 49 15 54 8 18	 => 187
 46 18 8 39 25 51	 => 187
 35 51 25 48 26 2	 => 187
 38 10 14 44 34 47	 => 187
 15 47 34 5 32 54	 => 187
 8 54 32 37 17 39	 => 187
 25 39 17 31 27 48	 => 187
 26 48 27 42 24 20	 => 187
 34 44 12 40 52 5	 => 187
 32 5 52 33 28 37	 => 187
 17 37 28 29 45 31	 => 187
 27 31 45 41 1 42	 => 187
 52 40 3 9 50 33	 => 187
 28 33 50 11 36 29	 => 187
 45 29 36 13 23 41	 => 187


===================[TEST 3]===================

##### START ##### Fri May 16 05:36:48 2003



##### CONVERGE ##### Fri May 16 05:40:59 2003

Elapsed time: 251 seconds
Total loop: 156 generations

Result : 187.616

12 1 48 45 52 32 7 21 40 38 2 42 44 24 3 26 54 14 15 43 28 16 49 35 4 19 9 29 53 20 34 37 33 23 41 36 8 22 10 46 31 51 17 50 30 47 13 5 18 39 6 27 11 25 

 12 1 48 45 52 32	 => 190
 7 32 52 21 40 38	 => 190
 2 38 40 42 44 24	 => 190
 48 3 26 54 14 45	 => 190
 52 45 14 15 43 21	 => 190
 40 21 43 28 16 42	 => 190
 44 42 16 49 35 4	 => 190
 26 19 9 29 53 54	 => 190
 14 54 53 20 34 15	 => 190
 43 15 34 37 33 28	 => 190
 16 28 33 23 41 49	 => 190
 35 49 41 36 8 22	 => 191
 53 29 10 46 31 20	 => 189
 34 20 31 51 17 37	 => 190
 33 37 17 50 30 23	 => 190
 41 23 30 47 13 36	 => 190
 31 46 5 18 39 51	 => 190
 17 51 39 6 27 50	 => 190
 30 50 27 11 25 47	 => 190


===================[TEST 4]===================

##### START ##### Fri May 16 05:40:59 2003



##### CONVERGE ##### Fri May 16 05:45:53 2003

Elapsed time: 294 seconds
Total loop: 182 generations

Result : 187.501

22 7 45 53 37 27 15 20 44 48 1 49 41 8 3 29 50 10 39 32 40 6 54 28 13 12 18 31 51 16 25 30 24 21 46 34 17 11 14 36 42 52 26 43 47 38 5 4 23 33 2 35 9 19 

 22 7 45 53 37 27	 => 191
 15 27 37 20 44 48	 => 191
 1 48 44 49 41 8	 => 191
 45 3 29 50 10 53	 => 190
 37 53 10 39 32 20	 => 191
 44 20 32 40 6 49	 => 191
 41 49 6 54 28 13	 => 191
 29 12 18 31 51 50	 => 191
 10 50 51 16 25 39	 => 191
 32 39 25 30 24 40	 => 190
 6 40 24 21 46 54	 => 191
 28 54 46 34 17 11	 => 190
 51 31 14 36 42 16	 => 190
 25 16 42 52 26 30	 => 191
 24 30 26 43 47 21	 => 191
 46 21 47 38 5 34	 => 191
 42 36 4 23 33 52	 => 190
 26 52 33 2 35 43	 => 191
 47 43 35 9 19 38	 => 191


===================[TEST 5]===================

##### START ##### Fri May 16 05:45:53 2003



##### CONVERGE ##### Fri May 16 05:48:43 2003

Elapsed time: 170 seconds
Total loop: 105 generations

Result : 186.158

7 15 54 43 44 26 11 22 38 48 8 40 45 9 1 27 52 12 37 32 28 29 24 41 10 4 13 42 51 3 35 18 39 16 53 31 23 17 14 30 49 50 34 46 36 47 6 19 20 21 5 33 2 25 

 7 15 54 43 44 26	 => 189
 11 26 44 22 38 48	 => 189
 8 48 38 40 45 9	 => 188
 54 1 27 52 12 43	 => 189
 44 43 12 37 32 22	 => 190
 38 22 32 28 29 40	 => 189
 45 40 29 24 41 10	 => 189
 27 4 13 42 51 52	 => 189
 12 52 51 3 35 37	 => 190
 32 37 35 18 39 28	 => 189
 29 28 39 16 53 24	 => 189
 41 24 53 31 23 17	 => 189
 51 42 14 30 49 3	 => 189
 35 3 49 50 34 18	 => 189
 39 18 34 46 36 16	 => 189
 53 16 36 47 6 31	 => 189
 49 30 19 20 21 50	 => 189
 34 50 21 5 33 46	 => 189
 36 46 33 2 25 47	 => 189


===================[TEST 6]===================

##### START ##### Fri May 16 05:48:43 2003



##### CONVERGE ##### Fri May 16 05:52:19 2003

Elapsed time: 216 seconds
Total loop: 134 generations

Result : 186.85

23 5 26 46 51 38 4 19 45 32 1 36 54 21 3 43 47 24 17 33 49 7 48 28 16 9 18 20 52 22 27 34 29 6 50 37 12 14 2 53 40 31 35 41 44 39 13 11 25 30 10 42 8 15 

 23 5 26 46 51 38	 => 189
 4 38 51 19 45 32	 => 189
 1 32 45 36 54 21	 => 189
 26 3 43 47 24 46	 => 189
 51 46 24 17 33 19	 => 190
 45 19 33 49 7 36	 => 189
 54 36 7 48 28 16	 => 189
 43 9 18 20 52 47	 => 189
 24 47 52 22 27 17	 => 189
 33 17 27 34 29 49	 => 189
 7 49 29 6 50 48	 => 189
 28 48 50 37 12 14	 => 189
 52 20 2 53 40 22	 => 189
 27 22 40 31 35 34	 => 189
 29 34 35 41 44 6	 => 189
 50 6 44 39 13 37	 => 189
 40 53 11 25 30 31	 => 190
 35 31 30 10 42 41	 => 189
 44 41 42 8 15 39	 => 189


===================[TEST 7]===================

##### START ##### Fri May 16 05:52:19 2003



##### CONVERGE ##### Fri May 16 05:54:36 2003

Elapsed time: 137 seconds
Total loop: 85 generations

Result : 186.163

10 17 47 49 36 30 13 35 52 23 15 22 50 27 2 29 44 18 26 24 42 14 46 37 20 9 5 48 54 16 31 34 32 4 51 40 12 3 7 21 43 39 25 41 53 33 8 28 19 38 1 45 11 6 

 10 17 47 49 36 30	 => 189
 13 30 36 35 52 23	 => 189
 15 23 52 22 50 27	 => 189
 47 2 29 44 18 49	 => 189
 36 49 18 26 24 35	 => 188
 52 35 24 42 14 22	 => 189
 50 22 14 46 37 20	 => 189
 29 9 5 48 54 44	 => 189
 18 44 54 16 31 26	 => 189
 24 26 31 34 32 42	 => 189
 14 42 32 4 51 46	 => 189
 37 46 51 40 12 3	 => 189
 54 48 7 21 43 16	 => 189
 31 16 43 39 25 34	 => 188
 32 34 25 41 53 4	 => 189
 51 4 53 33 8 40	 => 189
 43 21 28 19 38 39	 => 188
 25 39 38 1 45 41	 => 189
 53 41 45 11 6 33	 => 189


===================[TEST 8]===================

##### START ##### Fri May 16 05:54:36 2003



##### CONVERGE ##### Fri May 16 05:59:56 2003

Elapsed time: 320 seconds
Total loop: 199 generations

Result : 188.412

23 13 39 40 43 32 10 7 44 54 3 46 35 9 1 34 50 26 27 47 30 16 51 36 6 12 24 28 42 25 20 37 29 19 45 48 2 8 5 52 38 49 21 53 31 33 14 18 11 22 4 41 17 15 

 23 13 39 40 43 32	 => 190
 10 32 43 7 44 54	 => 190
 3 54 44 46 35 9	 => 191
 39 1 34 50 26 40	 => 190
 43 40 26 27 47 7	 => 190
 44 7 47 30 16 46	 => 190
 35 46 16 51 36 6	 => 190
 34 12 24 28 42 50	 => 190
 26 50 42 25 20 27	 => 190
 47 27 20 37 29 30	 => 190
 16 30 29 19 45 51	 => 190
 36 51 45 48 2 8	 => 190
 42 28 5 52 38 25	 => 190
 20 25 38 49 21 37	 => 190
 29 37 21 53 31 19	 => 190
 45 19 31 33 14 48	 => 190
 38 52 18 11 22 49	 => 190
 21 49 22 4 41 53	 => 190
 31 53 41 17 15 33	 => 190


===================[TEST 9]===================

##### START ##### Fri May 16 05:59:56 2003



##### CONVERGE ##### Fri May 16 06:03:15 2003

Elapsed time: 199 seconds
Total loop: 123 generations

Result : 187.794

6 18 38 42 47 40 5 17 28 54 15 50 36 7 2 48 39 22 31 32 44 20 41 35 9 13 10 29 52 21 26 30 27 16 43 34 23 14 11 33 45 49 19 53 46 51 1 3 24 37 8 25 12 4 

 6 18 38 42 47 40	 => 191
 5 40 47 17 28 54	 => 191
 15 54 28 50 36 7	 => 190
 38 2 48 39 22 42	 => 191
 47 42 22 31 32 17	 => 191
 28 17 32 44 20 50	 => 191
 36 50 20 41 35 9	 => 191
 48 13 10 29 52 39	 => 191
 22 39 52 21 26 31	 => 191
 32 31 26 30 27 44	 => 190
 20 44 27 16 43 41	 => 191
 35 41 43 34 23 14	 => 190
 52 29 11 33 45 21	 => 191
 26 21 45 49 19 30	 => 190
 27 30 19 53 46 16	 => 191
 43 16 46 51 1 34	 => 191
 45 33 3 24 37 49	 => 191
 19 49 37 8 25 53	 => 191
 46 53 25 12 4 51	 => 191


===================[TEST 10]===================

##### START ##### Fri May 16 06:03:15 2003



##### CONVERGE ##### Fri May 16 06:06:01 2003

Elapsed time: 166 seconds
Total loop: 103 generations

Result : 186.794

15 4 38 36 53 44 6 21 34 31 29 50 41 5 3 40 48 25 27 28 43 14 30 47 8 23 2 24 52 18 20 39 32 16 54 22 26 11 9 42 45 49 19 33 51 46 1 7 10 37 17 35 13 12 

 15 4 38 36 53 44	 => 190
 6 44 53 21 34 31	 => 189
 29 31 34 50 41 5	 => 190
 38 3 40 48 25 36	 => 190
 53 36 25 27 28 21	 => 190
 34 21 28 43 14 50	 => 190
 41 50 14 30 47 8	 => 190
 40 23 2 24 52 48	 => 189
 25 48 52 18 20 27	 => 190
 28 27 20 39 32 43	 => 189
 14 43 32 16 54 30	 => 189
 47 30 54 22 26 11	 => 190
 52 24 9 42 45 18	 => 190
 20 18 45 49 19 39	 => 190
 32 39 19 33 51 16	 => 190
 54 16 51 46 1 22	 => 190
 45 42 7 10 37 49	 => 190
 19 49 37 17 35 33	 => 190
 51 33 35 13 12 46	 => 190



test#	fitness		sum		time
---------------------------------------------------
1	187.268				188
2	188.412		187		221
3	187.616				251
4	187.501				294
5	186.158				170
6	186.85				216
7	186.163				137
8	188.412				320
9	187.794				199
10	186.794				166


---------------------------------------------------
Best fitness      : 188.412 ( test# 2)
Best solution sum : 187 ( test# 2)
Shortest time     : 137 ( test# 7)

Average fitness   : 187.297
Average sol. sum  : 187
Average time      : 216.2
