****************** GA TEST *******************

total test#:			 10
hexa min width:			 3
hexa max width:			 5
hexa count:			 19
number count:			 54
population size:		 150
generation size:		 20

tournament winner p:		 1
do xover p:			 1
xover:				 2points
do mutation1 p:			 0.1
mutation1 p:			 0.05
do optimize p:			 1
local optimize count:		 6000
do deep better optimize p:	 1
do deep worse optimize p:	 0
do spin p:			 0
spin count:			 1000
do spin apply p:		 1
do mutation2 p:			 0.12
mutation2 p:			 0.08
force mutation2:		 0
replace bad p:			 0.195

converge rate p:		 0.99
converge count:			 1

**********************************************


===================[TEST 1]===================

##### START ##### Fri May 16 03:18:24 2003



##### CONVERGE ##### Fri May 16 03:22:28 2003

Elapsed time: 244 seconds
Total loop: 227 generations

Result : 187.412

1 13 48 52 44 31 4 14 49 47 2 54 18 19 3 26 38 22 36 21 24 27 32 50 8 28 6 40 51 10 33 34 41 30 35 46 11 15 12 23 53 43 16 39 29 42 7 20 5 45 9 37 17 25 

 1 13 48 52 44 31	 => 189
 4 31 44 14 49 47	 => 189
 2 47 49 54 18 19	 => 189
 48 3 26 38 22 52	 => 189
 44 52 22 36 21 14	 => 189
 49 14 21 24 27 54	 => 189
 18 54 27 32 50 8	 => 189
 26 28 6 40 51 38	 => 189
 22 38 51 10 33 36	 => 190
 21 36 33 34 41 24	 => 189
 27 24 41 30 35 32	 => 189
 50 32 35 46 11 15	 => 189
 51 40 12 23 53 10	 => 189
 33 10 53 43 16 34	 => 189
 41 34 16 39 29 30	 => 189
 35 30 29 42 7 46	 => 189
 53 23 20 5 45 43	 => 189
 16 43 45 9 37 39	 => 189
 29 39 37 17 25 42	 => 189


===================[TEST 2]===================

##### START ##### Fri May 16 03:22:28 2003



##### CONVERGE ##### Fri May 16 03:26:29 2003

Elapsed time: 241 seconds
Total loop: 224 generations

Result : 187.412

21 2 28 53 45 40 4 18 47 35 7 51 34 15 10 37 48 13 33 27 26 20 50 31 3 12 9 42 41 25 29 44 30 14 49 39 19 1 6 43 32 36 23 24 54 16 17 22 11 46 8 52 38 5 

 21 2 28 53 45 40	 => 189
 4 40 45 18 47 35	 => 189
 7 35 47 51 34 15	 => 189
 28 10 37 48 13 53	 => 189
 45 53 13 33 27 18	 => 189
 47 18 27 26 20 51	 => 189
 34 51 20 50 31 3	 => 189
 37 12 9 42 41 48	 => 189
 13 48 41 25 29 33	 => 189
 27 33 29 44 30 26	 => 189
 20 26 30 14 49 50	 => 189
 31 50 49 39 19 1	 => 189
 41 42 6 43 32 25	 => 189
 29 25 32 36 23 44	 => 189
 30 44 23 24 54 14	 => 189
 49 14 54 16 17 39	 => 189
 32 43 22 11 46 36	 => 190
 23 36 46 8 52 24	 => 189
 54 24 52 38 5 16	 => 189


===================[TEST 3]===================

##### START ##### Fri May 16 03:26:30 2003



##### CONVERGE ##### Fri May 16 03:32:06 2003

Elapsed time: 336 seconds
Total loop: 312 generations

Result : 187.478

1 5 48 51 47 39 7 27 45 25 23 42 34 21 2 22 54 13 24 28 31 17 50 43 4 11 16 35 53 14 32 29 46 10 36 49 9 3 6 30 52 37 26 38 41 40 15 19 8 44 12 33 20 18 

 1 5 48 51 47 39	 => 191
 7 39 47 27 45 25	 => 190
 23 25 45 42 34 21	 => 190
 48 2 22 54 13 51	 => 190
 47 51 13 24 28 27	 => 190
 45 27 28 31 17 42	 => 190
 34 42 17 50 43 4	 => 190
 22 11 16 35 53 54	 => 191
 13 54 53 14 32 24	 => 190
 28 24 32 29 46 31	 => 190
 17 31 46 10 36 50	 => 190
 43 50 36 49 9 3	 => 190
 53 35 6 30 52 14	 => 190
 32 14 52 37 26 29	 => 190
 46 29 26 38 41 10	 => 190
 36 10 41 40 15 49	 => 191
 52 30 19 8 44 37	 => 190
 26 37 44 12 33 38	 => 190
 41 38 33 20 18 40	 => 190


===================[TEST 4]===================

##### START ##### Fri May 16 03:32:06 2003



##### CONVERGE ##### Fri May 16 03:37:52 2003

Elapsed time: 346 seconds
Total loop: 321 generations

Result : 188.412

2 18 30 50 51 39 1 29 43 27 12 46 40 22 9 38 49 14 26 20 47 5 36 53 10 16 19 24 44 25 32 31 34 23 45 28 15 13 7 48 42 52 8 41 54 37 3 4 11 33 21 35 6 17 

 2 18 30 50 51 39	 => 190
 1 39 51 29 43 27	 => 190
 12 27 43 46 40 22	 => 190
 30 9 38 49 14 50	 => 190
 51 50 14 26 20 29	 => 190
 43 29 20 47 5 46	 => 190
 40 46 5 36 53 10	 => 190
 38 16 19 24 44 49	 => 190
 14 49 44 25 32 26	 => 190
 20 26 32 31 34 47	 => 190
 5 47 34 23 45 36	 => 190
 53 36 45 28 15 13	 => 190
 44 24 7 48 42 25	 => 190
 32 25 42 52 8 31	 => 190
 34 31 8 41 54 23	 => 191
 45 23 54 37 3 28	 => 190
 42 48 4 11 33 52	 => 190
 8 52 33 21 35 41	 => 190
 54 41 35 6 17 37	 => 190


===================[TEST 5]===================

##### START ##### Fri May 16 03:37:52 2003



##### CONVERGE ##### Fri May 16 03:45:45 2003

Elapsed time: 473 seconds
Total loop: 439 generations

Result : 188.412

21 4 32 53 33 47 20 9 54 27 23 45 26 15 7 40 39 19 34 42 24 16 52 48 3 11 29 28 43 17 38 22 31 18 49 30 1 10 5 46 51 37 25 44 50 41 2 8 12 36 13 35 14 6 

 21 4 32 53 33 47	 => 190
 20 47 33 9 54 27	 => 190
 23 27 54 45 26 15	 => 190
 32 7 40 39 19 53	 => 190
 33 53 19 34 42 9	 => 190
 54 9 42 24 16 45	 => 190
 26 45 16 52 48 3	 => 190
 40 11 29 28 43 39	 => 190
 19 39 43 17 38 34	 => 190
 42 34 38 22 31 24	 => 191
 16 24 31 18 49 52	 => 190
 48 52 49 30 1 10	 => 190
 43 28 5 46 51 17	 => 190
 38 17 51 37 25 22	 => 190
 31 22 25 44 50 18	 => 190
 49 18 50 41 2 30	 => 190
 51 46 8 12 36 37	 => 190
 25 37 36 13 35 44	 => 190
 50 44 35 14 6 41	 => 190


===================[TEST 6]===================

##### START ##### Fri May 16 03:45:45 2003



##### CONVERGE ##### Fri May 16 03:51:33 2003

Elapsed time: 348 seconds
Total loop: 323 generations

Result : 187.163

5 8 33 50 54 40 3 26 39 28 20 53 34 15 6 36 49 16 29 14 35 23 37 41 2 11 4 46 44 22 30 43 38 12 45 48 1 18 9 42 27 47 21 52 24 51 10 25 17 32 7 31 13 19 

 5 8 33 50 54 40	 => 190
 3 40 54 26 39 28	 => 190
 20 28 39 53 34 15	 => 189
 33 6 36 49 16 50	 => 190
 54 50 16 29 14 26	 => 189
 39 26 14 35 23 53	 => 190
 34 53 23 37 41 2	 => 190
 36 11 4 46 44 49	 => 190
 16 49 44 22 30 29	 => 190
 14 29 30 43 38 35	 => 189
 23 35 38 12 45 37	 => 190
 41 37 45 48 1 18	 => 190
 44 46 9 42 27 22	 => 190
 30 22 27 47 21 43	 => 190
 38 43 21 52 24 12	 => 190
 45 12 24 51 10 48	 => 190
 27 42 25 17 32 47	 => 190
 21 47 32 7 31 52	 => 190
 24 52 31 13 19 51	 => 190


===================[TEST 7]===================

##### START ##### Fri May 16 03:51:33 2003



##### CONVERGE ##### Fri May 16 03:58:09 2003

Elapsed time: 396 seconds
Total loop: 369 generations

Result (Solution) : 190

20 22 34 38 48 28 4 26 41 43 23 49 29 5 1 53 51 13 35 30 25 19 45 40 8 9 2 31 44 10 37 36 27 24 50 46 3 6 18 33 54 39 14 42 47 16 7 17 15 32 11 52 12 21 

 20 22 34 38 48 28	 => 190
 4 28 48 26 41 43	 => 190
 23 43 41 49 29 5	 => 190
 34 1 53 51 13 38	 => 190
 48 38 13 35 30 26	 => 190
 41 26 30 25 19 49	 => 190
 29 49 19 45 40 8	 => 190
 53 9 2 31 44 51	 => 190
 13 51 44 10 37 35	 => 190
 30 35 37 36 27 25	 => 190
 19 25 27 24 50 45	 => 190
 40 45 50 46 3 6	 => 190
 44 31 18 33 54 10	 => 190
 37 10 54 39 14 36	 => 190
 27 36 14 42 47 24	 => 190
 50 24 47 16 7 46	 => 190
 54 33 17 15 32 39	 => 190
 14 39 32 11 52 42	 => 190
 47 42 52 12 21 16	 => 190


===================[TEST 8]===================

##### START ##### Fri May 16 03:58:09 2003



##### CONVERGE ##### Fri May 16 04:02:02 2003

Elapsed time: 233 seconds
Total loop: 219 generations

Result (Solution) : 189

9 7 50 51 46 26 2 20 53 42 6 41 34 13 4 21 32 31 17 24 43 8 49 47 10 27 16 48 45 28 36 40 29 23 37 25 12 19 3 35 30 54 1 44 52 38 14 22 15 33 18 39 5 11 

 9 7 50 51 46 26	 => 189
 2 26 46 20 53 42	 => 189
 6 42 53 41 34 13	 => 189
 50 4 21 32 31 51	 => 189
 46 51 31 17 24 20	 => 189
 53 20 24 43 8 41	 => 189
 34 41 8 49 47 10	 => 189
 21 27 16 48 45 32	 => 189
 31 32 45 28 36 17	 => 189
 24 17 36 40 29 43	 => 189
 8 43 29 23 37 49	 => 189
 47 49 37 25 12 19	 => 189
 45 48 3 35 30 28	 => 189
 36 28 30 54 1 40	 => 189
 29 40 1 44 52 23	 => 189
 37 23 52 38 14 25	 => 189
 30 35 22 15 33 54	 => 189
 1 54 33 18 39 44	 => 189
 52 44 39 5 11 38	 => 189


===================[TEST 9]===================

##### START ##### Fri May 16 04:02:02 2003



##### CONVERGE ##### Fri May 16 04:06:56 2003

Elapsed time: 294 seconds
Total loop: 273 generations

Result : 187.85

8 12 26 51 41 52 2 14 54 27 24 35 44 6 3 42 49 19 25 40 34 13 47 33 18 5 7 50 37 21 39 20 32 16 48 31 17 15 11 28 43 45 23 46 53 38 4 29 9 36 10 30 22 1 

 8 12 26 51 41 52	 => 190
 2 52 41 14 54 27	 => 190
 24 27 54 35 44 6	 => 190
 26 3 42 49 19 51	 => 190
 41 51 19 25 40 14	 => 190
 54 14 40 34 13 35	 => 190
 44 35 13 47 33 18	 => 190
 42 5 7 50 37 49	 => 190
 19 49 37 21 39 25	 => 190
 40 25 39 20 32 34	 => 190
 13 34 32 16 48 47	 => 190
 33 47 48 31 17 15	 => 191
 37 50 11 28 43 21	 => 190
 39 21 43 45 23 20	 => 191
 32 20 23 46 53 16	 => 190
 48 16 53 38 4 31	 => 190
 43 28 29 9 36 45	 => 190
 23 45 36 10 30 46	 => 190
 53 46 30 22 1 38	 => 190


===================[TEST 10]===================

##### START ##### Fri May 16 04:06:56 2003



##### CONVERGE ##### Fri May 16 04:10:45 2003

Elapsed time: 229 seconds
Total loop: 213 generations

Result : 187.306

15 4 31 50 42 47 6 17 51 26 7 48 49 8 3 29 39 37 16 27 25 21 32 38 1 20 23 24 54 10 33 36 52 18 41 45 14 19 5 43 53 44 13 40 30 46 9 2 12 35 22 34 11 28 

 15 4 31 50 42 47	 => 189
 6 47 42 17 51 26	 => 189
 7 26 51 48 49 8	 => 189
 31 3 29 39 37 50	 => 189
 42 50 37 16 27 17	 => 189
 51 17 27 25 21 48	 => 189
 49 48 21 32 38 1	 => 189
 29 20 23 24 54 39	 => 189
 37 39 54 10 33 16	 => 189
 27 16 33 36 52 25	 => 189
 21 25 52 18 41 32	 => 189
 38 32 41 45 14 19	 => 189
 54 24 5 43 53 10	 => 189
 33 10 53 44 13 36	 => 189
 52 36 13 40 30 18	 => 189
 41 18 30 46 9 45	 => 189
 53 43 2 12 35 44	 => 189
 13 44 35 22 34 40	 => 188
 30 40 34 11 28 46	 => 189



test#	fitness		sum		time
---------------------------------------------------
1	187.412				244
2	187.412				241
3	187.478				336
4	188.412				346
5	188.412				473
6	187.163				348
7	190		190		396
8	189		189		233
9	187.85				294
10	187.306				229


---------------------------------------------------
Best fitness      : 190 ( test# 7)
Best solution sum : 190 ( test# 7)
Shortest time     : 229 ( test# 10)

Average fitness   : 188.044
Average sol. sum  : 189.5
Average time      : 314
