****************** GA TEST *******************

total test#:			 10
hexa min width:			 3
hexa max width:			 5
hexa count:			 19
number count:			 54
population size:		 110
generation size:		 50

tournament winner p:		 1
do xover p:			 1
xover:				 2points
do mutation1 p:			 0.1
mutation1 p:			 0.05
do optimize p:			 1
local optimize count:		 6000
do deep better optimize p:	 1
do deep worse optimize p:	 0
do spin p:			 0
spin count:			 1000
do spin apply p:		 1
do mutation2 p:			 0.12
mutation2 p:			 0.08
force mutation2:		 0
replace bad p:			 0.195

converge rate p:		 0.99
converge count:			 1

**********************************************


===================[TEST 1]===================

##### START ##### Fri May 16 12:25:02 2003



##### CONVERGE ##### Fri May 16 12:28:47 2003

Elapsed time: 225 seconds
Total loop: 69 generations

Result : 188.412

16 6 50 53 38 27 11 29 40 45 19 54 31 1 3 42 37 5 39 26 21 20 52 23 10 13 24 30 44 22 43 28 33 17 47 41 18 9 7 36 51 32 15 49 48 35 2 25 12 34 14 46 4 8 

 16 6 50 53 38 27	 => 190
 11 27 38 29 40 45	 => 190
 19 45 40 54 31 1	 => 190
 50 3 42 37 5 53	 => 190
 38 53 5 39 26 29	 => 190
 40 29 26 21 20 54	 => 190
 31 54 20 52 23 10	 => 190
 42 13 24 30 44 37	 => 190
 5 37 44 22 43 39	 => 190
 26 39 43 28 33 21	 => 190
 20 21 33 17 47 52	 => 190
 23 52 47 41 18 9	 => 190
 44 30 7 36 51 22	 => 190
 43 22 51 32 15 28	 => 191
 33 28 15 49 48 17	 => 190
 47 17 48 35 2 41	 => 190
 51 36 25 12 34 32	 => 190
 15 32 34 14 46 49	 => 190
 48 49 46 4 8 35	 => 190


===================[TEST 2]===================

##### START ##### Fri May 16 12:28:47 2003



##### CONVERGE ##### Fri May 16 12:31:44 2003

Elapsed time: 177 seconds
Total loop: 54 generations

Result : 186.85

5 21 26 48 52 37 19 11 40 30 17 43 47 13 10 35 54 16 23 39 25 31 49 18 1 15 2 45 38 22 36 42 24 9 51 44 7 20 3 53 28 34 27 41 46 32 8 29 12 33 4 50 6 14 

 5 21 26 48 52 37	 => 189
 19 37 52 11 40 30	 => 189
 17 30 40 43 47 13	 => 190
 26 10 35 54 16 48	 => 189
 52 48 16 23 39 11	 => 189
 40 11 39 25 31 43	 => 189
 47 43 31 49 18 1	 => 189
 35 15 2 45 38 54	 => 189
 16 54 38 22 36 23	 => 189
 39 23 36 42 24 25	 => 189
 31 25 24 9 51 49	 => 189
 18 49 51 44 7 20	 => 189
 38 45 3 53 28 22	 => 189
 36 22 28 34 27 42	 => 189
 24 42 27 41 46 9	 => 189
 51 9 46 32 8 44	 => 190
 28 53 29 12 33 34	 => 189
 27 34 33 4 50 41	 => 189
 46 41 50 6 14 32	 => 189


===================[TEST 3]===================

##### START ##### Fri May 16 12:31:44 2003



##### CONVERGE ##### Fri May 16 12:35:54 2003

Elapsed time: 250 seconds
Total loop: 77 generations

Result (Solution) : 189

10 15 44 41 47 32 2 22 50 36 9 51 39 4 6 34 53 11 37 31 23 12 35 45 7 3 14 42 43 24 21 25 52 29 38 28 30 13 8 18 54 48 17 40 26 49 19 20 16 33 5 46 1 27 

 10 15 44 41 47 32	 => 189
 2 32 47 22 50 36	 => 189
 9 36 50 51 39 4	 => 189
 44 6 34 53 11 41	 => 189
 47 41 11 37 31 22	 => 189
 50 22 31 23 12 51	 => 189
 39 51 12 35 45 7	 => 189
 34 3 14 42 43 53	 => 189
 11 53 43 24 21 37	 => 189
 31 37 21 25 52 23	 => 189
 12 23 52 29 38 35	 => 189
 45 35 38 28 30 13	 => 189
 43 42 8 18 54 24	 => 189
 21 24 54 48 17 25	 => 189
 52 25 17 40 26 29	 => 189
 38 29 26 49 19 28	 => 189
 54 18 20 16 33 48	 => 189
 17 48 33 5 46 40	 => 189
 26 40 46 1 27 49	 => 189


===================[TEST 4]===================

##### START ##### Fri May 16 12:35:54 2003



##### CONVERGE ##### Fri May 16 12:39:53 2003

Elapsed time: 239 seconds
Total loop: 74 generations

Result : 186.85

2 10 45 49 48 35 16 4 47 39 22 52 26 3 1 38 44 12 53 23 31 32 36 34 9 20 7 30 50 13 17 41 24 15 51 33 29 6 25 28 43 54 21 46 42 40 8 19 18 27 5 37 11 14 

 2 10 45 49 48 35	 => 189
 16 35 48 4 47 39	 => 189
 22 39 47 52 26 3	 => 189
 45 1 38 44 12 49	 => 189
 48 49 12 53 23 4	 => 189
 47 4 23 31 32 52	 => 189
 26 52 32 36 34 9	 => 189
 38 20 7 30 50 44	 => 189
 12 44 50 13 17 53	 => 189
 23 53 17 41 24 31	 => 189
 32 31 24 15 51 36	 => 189
 34 36 51 33 29 6	 => 189
 50 30 25 28 43 13	 => 189
 17 13 43 54 21 41	 => 189
 24 41 21 46 42 15	 => 189
 51 15 42 40 8 33	 => 189
 43 28 19 18 27 54	 => 189
 21 54 27 5 37 46	 => 190
 42 46 37 11 14 40	 => 190


===================[TEST 5]===================

##### START ##### Fri May 16 12:39:53 2003



##### CONVERGE ##### Fri May 16 12:43:39 2003

Elapsed time: 226 seconds
Total loop: 67 generations

Result : 187.478

17 12 54 31 48 28 8 18 47 41 16 43 29 15 5 37 42 21 33 39 24 19 45 53 1 14 4 44 49 9 36 25 34 30 38 40 3 11 10 27 51 46 23 52 26 50 6 22 13 32 2 35 20 7 

 17 12 54 31 48 28	 => 190
 8 28 48 18 47 41	 => 190
 16 41 47 43 29 15	 => 191
 54 5 37 42 21 31	 => 190
 48 31 21 33 39 18	 => 190
 47 18 39 24 19 43	 => 190
 29 43 19 45 53 1	 => 190
 37 14 4 44 49 42	 => 190
 21 42 49 9 36 33	 => 190
 39 33 36 25 34 24	 => 191
 19 24 34 30 38 45	 => 190
 53 45 38 40 3 11	 => 190
 49 44 10 27 51 9	 => 190
 36 9 51 46 23 25	 => 190
 34 25 23 52 26 30	 => 190
 38 30 26 50 6 40	 => 190
 51 27 22 13 32 46	 => 191
 23 46 32 2 35 52	 => 190
 26 52 35 20 7 50	 => 190


===================[TEST 6]===================

##### START ##### Fri May 16 12:43:39 2003



##### CONVERGE ##### Fri May 16 12:48:13 2003

Elapsed time: 274 seconds
Total loop: 79 generations

Result : 187.85

7 4 41 53 49 36 3 8 54 40 12 46 32 6 9 25 45 17 29 34 26 22 47 42 1 23 2 44 52 20 28 35 38 24 33 30 27 11 5 18 51 37 19 31 43 50 10 15 21 48 16 39 14 13 

 7 4 41 53 49 36	 => 190
 3 36 49 8 54 40	 => 190
 12 40 54 46 32 6	 => 190
 41 9 25 45 17 53	 => 190
 49 53 17 29 34 8	 => 190
 54 8 34 26 22 46	 => 190
 32 46 22 47 42 1	 => 190
 25 23 2 44 52 45	 => 191
 17 45 52 20 28 29	 => 191
 34 29 28 35 38 26	 => 190
 22 26 38 24 33 47	 => 190
 42 47 33 30 27 11	 => 190
 52 44 5 18 51 20	 => 190
 28 20 51 37 19 35	 => 190
 38 35 19 31 43 24	 => 190
 33 24 43 50 10 30	 => 190
 51 18 15 21 48 37	 => 190
 19 37 48 16 39 31	 => 190
 43 31 39 14 13 50	 => 190


===================[TEST 7]===================

##### START ##### Fri May 16 12:48:13 2003



##### CONVERGE ##### Fri May 16 12:54:05 2003

Elapsed time: 352 seconds
Total loop: 109 generations

Result : 187.616

11 6 44 50 39 40 2 26 34 49 4 54 37 12 5 33 48 10 42 23 32 21 45 30 3 28 7 27 47 18 25 38 31 8 53 35 14 13 1 51 46 43 20 52 41 29 24 19 9 22 16 36 15 17 

 11 6 44 50 39 40	 => 190
 2 40 39 26 34 49	 => 190
 4 49 34 54 37 12	 => 190
 44 5 33 48 10 50	 => 190
 39 50 10 42 23 26	 => 190
 34 26 23 32 21 54	 => 190
 37 54 21 45 30 3	 => 190
 33 28 7 27 47 48	 => 190
 10 48 47 18 25 42	 => 190
 23 42 25 38 31 32	 => 191
 21 32 31 8 53 45	 => 190
 30 45 53 35 14 13	 => 190
 47 27 1 51 46 18	 => 190
 25 18 46 43 20 38	 => 190
 31 38 20 52 41 8	 => 190
 53 8 41 29 24 35	 => 190
 46 51 19 9 22 43	 => 190
 20 43 22 16 36 52	 => 189
 41 52 36 15 17 29	 => 190


===================[TEST 8]===================

##### START ##### Fri May 16 12:54:05 2003



##### CONVERGE ##### Fri May 16 12:57:22 2003

Elapsed time: 197 seconds
Total loop: 64 generations

Result : 187.616

24 6 21 40 47 52 9 10 44 28 25 49 41 3 5 53 48 23 33 37 34 16 45 38 1 8 7 43 31 20 35 22 29 15 50 36 19 2 13 30 54 32 27 51 46 39 4 14 18 42 12 26 17 11 

 24 6 21 40 47 52	 => 190
 9 52 47 10 44 28	 => 190
 25 28 44 49 41 3	 => 190
 21 5 53 48 23 40	 => 190
 47 40 23 33 37 10	 => 190
 44 10 37 34 16 49	 => 190
 41 49 16 45 38 1	 => 190
 53 8 7 43 31 48	 => 190
 23 48 31 20 35 33	 => 190
 37 33 35 22 29 34	 => 190
 16 34 29 15 50 45	 => 189
 38 45 50 36 19 2	 => 190
 31 43 13 30 54 20	 => 191
 35 20 54 32 27 22	 => 190
 29 22 27 51 46 15	 => 190
 50 15 46 39 4 36	 => 190
 54 30 14 18 42 32	 => 190
 27 32 42 12 26 51	 => 190
 46 51 26 17 11 39	 => 190


===================[TEST 9]===================

##### START ##### Fri May 16 12:57:22 2003



##### CONVERGE ##### Fri May 16 13:00:42 2003

Elapsed time: 200 seconds
Total loop: 64 generations

Result : 187.85

26 21 30 35 52 27 13 10 54 34 7 51 41 3 11 42 50 22 38 33 28 14 49 29 6 4 2 45 47 9 24 31 36 20 43 39 15 16 1 40 48 53 25 32 46 37 5 18 12 19 17 44 8 23 

 26 21 30 35 52 27	 => 191
 13 27 52 10 54 34	 => 190
 7 34 54 51 41 3	 => 190
 30 11 42 50 22 35	 => 190
 52 35 22 38 33 10	 => 190
 54 10 33 28 14 51	 => 190
 41 51 14 49 29 6	 => 190
 42 4 2 45 47 50	 => 190
 22 50 47 9 24 38	 => 190
 33 38 24 31 36 28	 => 190
 14 28 36 20 43 49	 => 190
 29 49 43 39 15 16	 => 191
 47 45 1 40 48 9	 => 190
 24 9 48 53 25 31	 => 190
 36 31 25 32 46 20	 => 190
 43 20 46 37 5 39	 => 190
 48 40 18 12 19 53	 => 190
 25 53 19 17 44 32	 => 190
 46 32 44 8 23 37	 => 190


===================[TEST 10]===================

##### START ##### Fri May 16 13:00:42 2003



##### CONVERGE ##### Fri May 16 13:03:53 2003

Elapsed time: 191 seconds
Total loop: 58 generations

Result : 186.85

11 17 50 42 49 20 9 22 51 38 16 48 28 8 1 35 46 15 40 21 33 14 39 47 13 10 19 54 25 23 41 18 36 24 43 31 2 27 5 45 37 44 26 34 52 32 7 30 4 29 3 53 6 12 

 11 17 50 42 49 20	 => 189
 9 20 49 22 51 38	 => 189
 16 38 51 48 28 8	 => 189
 50 1 35 46 15 42	 => 189
 49 42 15 40 21 22	 => 189
 51 22 21 33 14 48	 => 189
 28 48 14 39 47 13	 => 189
 35 10 19 54 25 46	 => 189
 15 46 25 23 41 40	 => 190
 21 40 41 18 36 33	 => 189
 14 33 36 24 43 39	 => 189
 47 39 43 31 2 27	 => 189
 25 54 5 45 37 23	 => 189
 41 23 37 44 26 18	 => 189
 36 18 26 34 52 24	 => 190
 43 24 52 32 7 31	 => 189
 37 45 30 4 29 44	 => 189
 26 44 29 3 53 34	 => 189
 52 34 53 6 12 32	 => 189



test#	fitness		sum		time
---------------------------------------------------
1	188.412				225
2	186.85				177
3	189		189		250
4	186.85				239
5	187.478				226
6	187.85				274
7	187.616				352
8	187.616				197
9	187.85				200
10	186.85				191


---------------------------------------------------
Best fitness      : 189 ( test# 3)
Best solution sum : 189 ( test# 3)
Shortest time     : 177 ( test# 2)

Average fitness   : 187.637
Average sol. sum  : 189
Average time      : 233.1
