****************** GA TEST *******************

total test#:			 10
hexa min width:			 3
hexa max width:			 5
hexa count:			 19
number count:			 54
population size:		 120
generation size:		 30

tournament winner p:		 1
do xover p:			 1
xover:				 2points
do mutation1 p:			 0.1
mutation1 p:			 0.05
do optimize p:			 1
local optimize count:		 6000
do deep better optimize p:	 1
do deep worse optimize p:	 0
do spin p:			 0
spin count:			 1000
do spin apply p:		 1
do mutation2 p:			 0.12
mutation2 p:			 0.08
force mutation2:		 0
replace bad p:			 0.195

converge rate p:		 0.99
converge count:			 1

**********************************************


===================[TEST 1]===================

##### START ##### Fri May 16 06:41:31 2003



##### CONVERGE ##### Fri May 16 06:44:48 2003

Elapsed time: 197 seconds
Total loop: 122 generations

Result : 186.501

5 2 46 47 54 36 6 16 33 45 18 52 28 13 8 35 50 4 40 29 34 26 51 30 3 11 24 37 32 23 41 31 15 21 43 39 17 10 1 49 48 22 25 44 53 27 7 20 12 38 19 42 9 14 

 5 2 46 47 54 36	 => 190
 6 36 54 16 33 45	 => 190
 18 45 33 52 28 13	 => 189
 46 8 35 50 4 47	 => 190
 54 47 4 40 29 16	 => 190
 33 16 29 34 26 52	 => 190
 28 52 26 51 30 3	 => 190
 35 11 24 37 32 50	 => 189
 4 50 32 23 41 40	 => 190
 29 40 41 31 15 34	 => 190
 26 34 15 21 43 51	 => 190
 30 51 43 39 17 10	 => 190
 32 37 1 49 48 23	 => 190
 41 23 48 22 25 31	 => 190
 15 31 25 44 53 21	 => 189
 43 21 53 27 7 39	 => 190
 48 49 20 12 38 22	 => 189
 25 22 38 19 42 44	 => 190
 53 44 42 9 14 27	 => 189


===================[TEST 2]===================

##### START ##### Fri May 16 06:44:48 2003



##### CONVERGE ##### Fri May 16 06:49:37 2003

Elapsed time: 289 seconds
Total loop: 179 generations

Result : 187.158

5 15 33 43 44 50 4 19 42 31 11 52 45 10 16 38 40 20 34 30 23 24 37 29 2 21 12 32 47 27 22 35 46 7 53 54 3 14 8 25 51 39 17 36 49 26 1 6 28 41 9 48 13 18 

 5 15 33 43 44 50	 => 190
 4 50 44 19 42 31	 => 190
 11 31 42 52 45 10	 => 191
 33 16 38 40 20 43	 => 190
 44 43 20 34 30 19	 => 190
 42 19 30 23 24 52	 => 190
 45 52 24 37 29 2	 => 189
 38 21 12 32 47 40	 => 190
 20 40 47 27 22 34	 => 190
 30 34 22 35 46 23	 => 190
 24 23 46 7 53 37	 => 190
 29 37 53 54 3 14	 => 190
 47 32 8 25 51 27	 => 190
 22 27 51 39 17 35	 => 191
 46 35 17 36 49 7	 => 190
 53 7 49 26 1 54	 => 190
 51 25 6 28 41 39	 => 190
 17 39 41 9 48 36	 => 190
 49 36 48 13 18 26	 => 190


===================[TEST 3]===================

##### START ##### Fri May 16 06:49:37 2003



##### CONVERGE ##### Fri May 16 06:53:15 2003

Elapsed time: 218 seconds
Total loop: 136 generations

Result : 187.616

9 5 31 54 45 46 13 16 47 23 24 43 50 3 6 41 39 19 21 35 26 22 34 40 1 18 7 33 52 10 49 27 32 25 51 38 15 12 17 30 48 37 20 42 44 28 4 14 8 53 2 36 29 11 

 9 5 31 54 45 46	 => 190
 13 46 45 16 47 23	 => 190
 24 23 47 43 50 3	 => 190
 31 6 41 39 19 54	 => 190
 45 54 19 21 35 16	 => 190
 47 16 35 26 22 43	 => 189
 50 43 22 34 40 1	 => 190
 41 18 7 33 52 39	 => 190
 19 39 52 10 49 21	 => 190
 35 21 49 27 32 26	 => 190
 22 26 32 25 51 34	 => 190
 40 34 51 38 15 12	 => 190
 52 33 17 30 48 10	 => 190
 49 10 48 37 20 27	 => 191
 32 27 20 42 44 25	 => 190
 51 25 44 28 4 38	 => 190
 48 30 14 8 53 37	 => 190
 20 37 53 2 36 42	 => 190
 44 42 36 29 11 28	 => 190


===================[TEST 4]===================

##### START ##### Fri May 16 06:53:15 2003



##### CONVERGE ##### Fri May 16 06:57:22 2003

Elapsed time: 247 seconds
Total loop: 153 generations

Result : 187.85

25 5 40 45 51 24 1 22 49 43 3 53 33 10 6 37 41 21 31 20 42 4 47 35 18 13 27 28 44 23 30 38 29 16 52 34 12 11 15 48 32 50 17 36 54 26 8 14 7 39 2 46 9 19 

 25 5 40 45 51 24	 => 190
 1 24 51 22 49 43	 => 190
 3 43 49 53 33 10	 => 191
 40 6 37 41 21 45	 => 190
 51 45 21 31 20 22	 => 190
 49 22 20 42 4 53	 => 190
 33 53 4 47 35 18	 => 190
 37 13 27 28 44 41	 => 190
 21 41 44 23 30 31	 => 190
 20 31 30 38 29 42	 => 190
 4 42 29 16 52 47	 => 190
 35 47 52 34 12 11	 => 191
 44 28 15 48 32 23	 => 190
 30 23 32 50 17 38	 => 190
 29 38 17 36 54 16	 => 190
 52 16 54 26 8 34	 => 190
 32 48 14 7 39 50	 => 190
 17 50 39 2 46 36	 => 190
 54 36 46 9 19 26	 => 190


===================[TEST 5]===================

##### START ##### Fri May 16 06:57:22 2003



##### CONVERGE ##### Fri May 16 07:01:46 2003

Elapsed time: 264 seconds
Total loop: 164 generations

Result : 187.501

7 10 40 54 33 47 1 14 51 44 3 42 29 22 5 24 49 18 34 38 25 21 53 43 2 12 20 45 41 17 32 30 31 15 46 35 6 8 4 48 36 50 26 37 52 27 16 19 9 28 11 39 13 23 

 7 10 40 54 33 47	 => 191
 1 47 33 14 51 44	 => 190
 3 44 51 42 29 22	 => 191
 40 5 24 49 18 54	 => 190
 33 54 18 34 38 14	 => 191
 51 14 38 25 21 42	 => 191
 29 42 21 53 43 2	 => 190
 24 12 20 45 41 49	 => 191
 18 49 41 17 32 34	 => 191
 38 34 32 30 31 25	 => 190
 21 25 31 15 46 53	 => 191
 43 53 46 35 6 8	 => 191
 41 45 4 48 36 17	 => 191
 32 17 36 50 26 30	 => 191
 31 30 26 37 52 15	 => 191
 46 15 52 27 16 35	 => 191
 36 48 19 9 28 50	 => 190
 26 50 28 11 39 37	 => 191
 52 37 39 13 23 27	 => 191


===================[TEST 6]===================

##### START ##### Fri May 16 07:01:46 2003



##### CONVERGE ##### Fri May 16 07:05:13 2003

Elapsed time: 207 seconds
Total loop: 128 generations

Result : 187.501

16 17 31 49 38 39 3 13 53 45 1 33 41 18 6 36 48 20 27 44 29 19 51 34 12 15 21 24 47 23 26 37 28 22 42 30 25 9 4 50 43 52 10 40 54 32 11 8 2 35 7 46 14 5 

 16 17 31 49 38 39	 => 190
 3 39 38 13 53 45	 => 191
 1 45 53 33 41 18	 => 191
 31 6 36 48 20 49	 => 190
 38 49 20 27 44 13	 => 191
 53 13 44 29 19 33	 => 191
 41 33 19 51 34 12	 => 190
 36 15 21 24 47 48	 => 191
 20 48 47 23 26 27	 => 191
 44 27 26 37 28 29	 => 191
 19 29 28 22 42 51	 => 191
 34 51 42 30 25 9	 => 191
 47 24 4 50 43 23	 => 191
 26 23 43 52 10 37	 => 191
 28 37 10 40 54 22	 => 191
 42 22 54 32 11 30	 => 191
 43 50 8 2 35 52	 => 190
 10 52 35 7 46 40	 => 190
 54 40 46 14 5 32	 => 191


===================[TEST 7]===================

##### START ##### Fri May 16 07:05:13 2003



##### CONVERGE ##### Fri May 16 07:09:18 2003

Elapsed time: 245 seconds
Total loop: 152 generations

Result : 188.412

9 23 37 32 44 45 1 22 43 35 11 52 41 8 3 38 47 33 30 29 26 18 40 25 14 19 5 53 28 10 42 27 36 16 54 34 17 20 13 39 48 51 12 50 49 31 6 4 2 46 7 24 15 21 

 9 23 37 32 44 45	 => 190
 1 45 44 22 43 35	 => 190
 11 35 43 52 41 8	 => 190
 37 3 38 47 33 32	 => 190
 44 32 33 30 29 22	 => 190
 43 22 29 26 18 52	 => 190
 41 52 18 40 25 14	 => 190
 38 19 5 53 28 47	 => 190
 33 47 28 10 42 30	 => 190
 29 30 42 27 36 26	 => 190
 18 26 36 16 54 40	 => 190
 25 40 54 34 17 20	 => 190
 28 53 13 39 48 10	 => 191
 42 10 48 51 12 27	 => 190
 36 27 12 50 49 16	 => 190
 54 16 49 31 6 34	 => 190
 48 39 4 2 46 51	 => 190
 12 51 46 7 24 50	 => 190
 49 50 24 15 21 31	 => 190


===================[TEST 8]===================

##### START ##### Fri May 16 07:09:18 2003



##### CONVERGE ##### Fri May 16 07:12:57 2003

Elapsed time: 219 seconds
Total loop: 136 generations

Result : 187.64

16 18 22 39 48 47 4 14 32 44 21 53 28 11 10 42 52 25 26 38 36 17 49 31 12 1 7 54 34 29 24 43 23 15 50 35 5 20 3 30 40 41 13 51 45 37 8 27 19 33 6 46 9 2 

 16 18 22 39 48 47	 => 190
 4 47 48 14 32 44	 => 189
 21 44 32 53 28 11	 => 189
 22 10 42 52 25 39	 => 190
 48 39 25 26 38 14	 => 190
 32 14 38 36 17 53	 => 190
 28 53 17 49 31 12	 => 190
 42 1 7 54 34 52	 => 190
 25 52 34 29 24 26	 => 190
 38 26 24 43 23 36	 => 190
 17 36 23 15 50 49	 => 190
 31 49 50 35 5 20	 => 190
 34 54 3 30 40 29	 => 190
 24 29 40 41 13 43	 => 190
 23 43 13 51 45 15	 => 190
 50 15 45 37 8 35	 => 190
 40 30 27 19 33 41	 => 190
 13 41 33 6 46 51	 => 190
 45 51 46 9 2 37	 => 190


===================[TEST 9]===================

##### START ##### Fri May 16 07:12:57 2003



##### CONVERGE ##### Fri May 16 07:18:56 2003

Elapsed time: 359 seconds
Total loop: 223 generations

Result (Solution) : 190

18 9 36 45 39 43 22 10 51 25 14 44 33 23 2 30 48 29 21 46 24 15 47 34 17 7 26 38 41 16 35 27 37 13 54 28 8 19 1 52 42 50 20 53 40 49 6 3 11 32 4 31 12 5 

 18 9 36 45 39 43	 => 190
 22 43 39 10 51 25	 => 190
 14 25 51 44 33 23	 => 190
 36 2 30 48 29 45	 => 190
 39 45 29 21 46 10	 => 190
 51 10 46 24 15 44	 => 190
 33 44 15 47 34 17	 => 190
 30 7 26 38 41 48	 => 190
 29 48 41 16 35 21	 => 190
 46 21 35 27 37 24	 => 190
 15 24 37 13 54 47	 => 190
 34 47 54 28 8 19	 => 190
 41 38 1 52 42 16	 => 190
 35 16 42 50 20 27	 => 190
 37 27 20 53 40 13	 => 190
 54 13 40 49 6 28	 => 190
 42 52 3 11 32 50	 => 190
 20 50 32 4 31 53	 => 190
 40 53 31 12 5 49	 => 190


===================[TEST 10]===================

##### START ##### Fri May 16 07:18:56 2003



##### CONVERGE ##### Fri May 16 07:22:05 2003

Elapsed time: 189 seconds
Total loop: 117 generations

Result : 187.794

5 18 52 38 51 27 13 17 53 30 2 37 45 24 1 34 46 20 25 40 28 16 42 48 3 22 10 29 50 15 35 31 32 19 54 26 12 9 4 49 43 44 23 39 47 33 11 8 6 41 7 36 21 14 

 5 18 52 38 51 27	 => 191
 13 27 51 17 53 30	 => 191
 2 30 53 37 45 24	 => 191
 52 1 34 46 20 38	 => 191
 51 38 20 25 40 17	 => 191
 53 17 40 28 16 37	 => 191
 45 37 16 42 48 3	 => 191
 34 22 10 29 50 46	 => 191
 20 46 50 15 35 25	 => 191
 40 25 35 31 32 28	 => 191
 16 28 32 19 54 42	 => 191
 48 42 54 26 12 9	 => 191
 50 29 4 49 43 15	 => 190
 35 15 43 44 23 31	 => 191
 32 31 23 39 47 19	 => 191
 54 19 47 33 11 26	 => 190
 43 49 8 6 41 44	 => 191
 23 44 41 7 36 39	 => 190
 47 39 36 21 14 33	 => 190



test#	fitness		sum		time
---------------------------------------------------
1	186.501				197
2	187.158				289
3	187.616				218
4	187.85				247
5	187.501				264
6	187.501				207
7	188.412				245
8	187.64				219
9	190		190		359
10	187.794				189


---------------------------------------------------
Best fitness      : 190 ( test# 9)
Best solution sum : 190 ( test# 9)
Shortest time     : 189 ( test# 10)

Average fitness   : 187.797
Average sol. sum  : 190
Average time      : 243.4
