****************** GA TEST *******************

total test#:			 10
hexa min width:			 3
hexa max width:			 5
hexa count:			 19
number count:			 54
population size:		 130
generation size:		 20

tournament winner p:		 1
do xover p:			 1
xover:				 2points
do mutation1 p:			 0.1
mutation1 p:			 0.05
do optimize p:			 1
local optimize count:		 6000
do deep better optimize p:	 1
do deep worse optimize p:	 0
do spin p:			 0
spin count:			 1000
do spin apply p:		 1
do mutation2 p:			 0.12
mutation2 p:			 0.08
force mutation2:		 0
replace bad p:			 0.195

converge rate p:		 0.99
converge count:			 1

**********************************************


===================[TEST 1]===================

##### START ##### Fri May 16 01:40:07 2003



##### CONVERGE ##### Fri May 16 01:47:14 2003

Elapsed time: 427 seconds
Total loop: 397 generations

Result : 188.306

10 9 27 45 47 52 2 11 50 28 23 49 34 6 7 37 42 32 33 22 46 12 43 51 1 8 20 48 35 19 29 36 24 21 44 31 3 18 5 30 53 38 15 54 40 41 13 14 16 39 17 26 25 4 

 10 9 27 45 47 52	 => 190
 2 52 47 11 50 28	 => 190
 23 28 50 49 34 6	 => 190
 27 7 37 42 32 45	 => 190
 47 45 32 33 22 11	 => 190
 50 11 22 46 12 49	 => 190
 34 49 12 43 51 1	 => 190
 37 8 20 48 35 42	 => 190
 32 42 35 19 29 33	 => 190
 22 33 29 36 24 46	 => 190
 12 46 24 21 44 43	 => 190
 51 43 44 31 3 18	 => 190
 35 48 5 30 53 19	 => 190
 29 19 53 38 15 36	 => 190
 24 36 15 54 40 21	 => 190
 44 21 40 41 13 31	 => 190
 53 30 14 16 39 38	 => 190
 15 38 39 17 26 54	 => 189
 40 54 26 25 4 41	 => 190


===================[TEST 2]===================

##### START ##### Fri May 16 01:47:14 2003



##### CONVERGE ##### Fri May 16 01:52:46 2003

Elapsed time: 332 seconds
Total loop: 308 generations

Result : 187.85

11 13 47 38 54 27 7 25 46 32 2 49 37 24 1 40 52 12 33 28 22 20 48 31 5 10 26 21 41 23 29 44 34 16 50 39 19 4 17 53 35 51 8 45 43 36 6 3 18 30 14 42 15 9 

 11 13 47 38 54 27	 => 190
 7 27 54 25 46 32	 => 191
 2 32 46 49 37 24	 => 190
 47 1 40 52 12 38	 => 190
 54 38 12 33 28 25	 => 190
 46 25 28 22 20 49	 => 190
 37 49 20 48 31 5	 => 190
 40 10 26 21 41 52	 => 190
 12 52 41 23 29 33	 => 190
 28 33 29 44 34 22	 => 190
 20 22 34 16 50 48	 => 190
 31 48 50 39 19 4	 => 191
 41 21 17 53 35 23	 => 190
 29 23 35 51 8 44	 => 190
 34 44 8 45 43 16	 => 190
 50 16 43 36 6 39	 => 190
 35 53 3 18 30 51	 => 190
 8 51 30 14 42 45	 => 190
 43 45 42 15 9 36	 => 190


===================[TEST 3]===================

##### START ##### Fri May 16 01:52:46 2003



##### CONVERGE ##### Fri May 16 01:56:02 2003

Elapsed time: 196 seconds
Total loop: 181 generations

Result : 188.306

17 2 35 43 53 40 6 13 46 32 15 41 48 8 21 27 45 19 34 28 36 26 39 22 14 10 11 47 50 4 38 24 30 7 52 49 16 12 1 37 51 42 31 54 44 29 9 3 23 33 5 25 20 18 

 17 2 35 43 53 40	 => 190
 6 40 53 13 46 32	 => 190
 15 32 46 41 48 8	 => 190
 35 21 27 45 19 43	 => 190
 53 43 19 34 28 13	 => 190
 46 13 28 36 26 41	 => 190
 48 41 26 39 22 14	 => 190
 27 10 11 47 50 45	 => 190
 19 45 50 4 38 34	 => 190
 28 34 38 24 30 36	 => 190
 26 36 30 7 52 39	 => 190
 22 39 52 49 16 12	 => 190
 50 47 1 37 51 4	 => 190
 38 4 51 42 31 24	 => 190
 30 24 31 54 44 7	 => 190
 52 7 44 29 9 49	 => 190
 51 37 3 23 33 42	 => 189
 31 42 33 5 25 54	 => 190
 44 54 25 20 18 29	 => 190


===================[TEST 4]===================

##### START ##### Fri May 16 01:56:02 2003



##### CONVERGE ##### Fri May 16 02:01:29 2003

Elapsed time: 327 seconds
Total loop: 304 generations

Result : 187.85

1 5 49 54 48 33 4 18 40 47 12 53 31 7 11 20 50 6 28 36 27 16 52 30 8 17 22 37 44 24 39 34 26 23 46 38 9 15 2 51 32 42 19 43 45 25 13 3 21 41 10 35 29 14 

 1 5 49 54 48 33	 => 190
 4 33 48 18 40 47	 => 190
 12 47 40 53 31 7	 => 190
 49 11 20 50 6 54	 => 190
 48 54 6 28 36 18	 => 190
 40 18 36 27 16 53	 => 190
 31 53 16 52 30 8	 => 190
 20 17 22 37 44 50	 => 190
 6 50 44 24 39 28	 => 191
 36 28 39 34 26 27	 => 190
 16 27 26 23 46 52	 => 190
 30 52 46 38 9 15	 => 190
 44 37 2 51 32 24	 => 190
 39 24 32 42 19 34	 => 190
 26 34 19 43 45 23	 => 190
 46 23 45 25 13 38	 => 190
 32 51 3 21 41 42	 => 190
 19 42 41 10 35 43	 => 190
 45 43 35 29 14 25	 => 191


===================[TEST 5]===================

##### START ##### Fri May 16 02:01:29 2003



##### CONVERGE ##### Fri May 16 02:05:11 2003

Elapsed time: 222 seconds
Total loop: 206 generations

Result : 187.85

10 19 30 54 29 48 2 31 28 52 22 42 25 21 3 43 49 12 27 37 36 16 53 41 13 17 5 26 50 18 34 23 33 20 32 38 11 15 1 45 51 40 24 46 44 47 9 8 7 39 6 35 14 4 

 10 19 30 54 29 48	 => 190
 2 48 29 31 28 52	 => 190
 22 52 28 42 25 21	 => 190
 30 3 43 49 12 54	 => 191
 29 54 12 27 37 31	 => 190
 28 31 37 36 16 42	 => 190
 25 42 16 53 41 13	 => 190
 43 17 5 26 50 49	 => 190
 12 49 50 18 34 27	 => 190
 37 27 34 23 33 36	 => 190
 16 36 33 20 32 53	 => 190
 41 53 32 38 11 15	 => 190
 50 26 1 45 51 18	 => 191
 34 18 51 40 24 23	 => 190
 33 23 24 46 44 20	 => 190
 32 20 44 47 9 38	 => 190
 51 45 8 7 39 40	 => 190
 24 40 39 6 35 46	 => 190
 44 46 35 14 4 47	 => 190


===================[TEST 6]===================

##### START ##### Fri May 16 02:05:11 2003



##### CONVERGE ##### Fri May 16 02:10:03 2003

Elapsed time: 292 seconds
Total loop: 271 generations

Result : 187.794

22 8 37 45 51 28 2 18 52 40 9 44 41 5 4 42 50 13 26 38 25 14 54 30 7 15 12 29 43 23 36 31 35 10 53 27 16 11 1 47 48 33 20 49 46 34 21 24 6 32 17 39 3 19 

 22 8 37 45 51 28	 => 191
 2 28 51 18 52 40	 => 191
 9 40 52 44 41 5	 => 191
 37 4 42 50 13 45	 => 191
 51 45 13 26 38 18	 => 191
 52 18 38 25 14 44	 => 191
 41 44 14 54 30 7	 => 190
 42 15 12 29 43 50	 => 191
 13 50 43 23 36 26	 => 191
 38 26 36 31 35 25	 => 191
 14 25 35 10 53 54	 => 191
 30 54 53 27 16 11	 => 191
 43 29 1 47 48 23	 => 191
 36 23 48 33 20 31	 => 191
 35 31 20 49 46 10	 => 191
 53 10 46 34 21 27	 => 191
 48 47 24 6 32 33	 => 190
 20 33 32 17 39 49	 => 190
 46 49 39 3 19 34	 => 190


===================[TEST 7]===================

##### START ##### Fri May 16 02:10:03 2003



##### CONVERGE ##### Fri May 16 02:14:18 2003

Elapsed time: 255 seconds
Total loop: 237 generations

Result : 187.64

17 9 45 49 35 34 6 24 40 51 1 43 41 14 2 37 47 10 44 28 26 29 54 20 3 19 18 23 46 13 30 36 25 8 48 50 7 11 16 39 53 31 27 52 42 38 4 12 22 33 15 32 21 5 

 17 9 45 49 35 34	 => 189
 6 34 35 24 40 51	 => 190
 1 51 40 43 41 14	 => 190
 45 2 37 47 10 49	 => 190
 35 49 10 44 28 24	 => 190
 40 24 28 26 29 43	 => 190
 41 43 29 54 20 3	 => 190
 37 19 18 23 46 47	 => 190
 10 47 46 13 30 44	 => 190
 28 44 30 36 25 26	 => 189
 29 26 25 8 48 54	 => 190
 20 54 48 50 7 11	 => 190
 46 23 16 39 53 13	 => 190
 30 13 53 31 27 36	 => 190
 25 36 27 52 42 8	 => 190
 48 8 42 38 4 50	 => 190
 53 39 12 22 33 31	 => 190
 27 31 33 15 32 52	 => 190
 42 52 32 21 5 38	 => 190


===================[TEST 8]===================

##### START ##### Fri May 16 02:14:18 2003



##### CONVERGE ##### Fri May 16 02:19:10 2003

Elapsed time: 292 seconds
Total loop: 271 generations

Result : 187.163

2 19 46 40 47 36 9 11 48 39 3 42 44 14 4 25 52 23 38 31 41 17 54 21 12 20 15 32 45 10 22 28 29 6 43 35 7 30 13 37 53 50 27 51 49 33 24 16 8 26 1 34 18 5 

 2 19 46 40 47 36	 => 190
 9 36 47 11 48 39	 => 190
 3 39 48 42 44 14	 => 190
 46 4 25 52 23 40	 => 190
 47 40 23 38 31 11	 => 190
 48 11 31 41 17 42	 => 190
 44 42 17 54 21 12	 => 190
 25 20 15 32 45 52	 => 189
 23 52 45 10 22 38	 => 190
 31 38 22 28 29 41	 => 189
 17 41 29 6 43 54	 => 190
 21 54 43 35 7 30	 => 190
 45 32 13 37 53 10	 => 190
 22 10 53 50 27 28	 => 190
 29 28 27 51 49 6	 => 190
 43 6 49 33 24 35	 => 190
 53 37 16 8 26 50	 => 190
 27 50 26 1 34 51	 => 189
 49 51 34 18 5 33	 => 190


===================[TEST 9]===================

##### START ##### Fri May 16 02:19:10 2003



##### CONVERGE ##### Fri May 16 02:26:07 2003

Elapsed time: 417 seconds
Total loop: 388 generations

Result : 188.412

21 20 42 39 46 22 6 23 50 43 14 34 31 18 1 33 48 27 25 30 24 29 54 38 4 16 3 41 49 2 40 35 36 19 28 53 5 12 9 45 44 52 17 51 32 47 11 8 15 26 7 37 10 13 

 21 20 42 39 46 22	 => 190
 6 22 46 23 50 43	 => 190
 14 43 50 34 31 18	 => 190
 42 1 33 48 27 39	 => 190
 46 39 27 25 30 23	 => 190
 50 23 30 24 29 34	 => 190
 31 34 29 54 38 4	 => 190
 33 16 3 41 49 48	 => 190
 27 48 49 2 40 25	 => 191
 30 25 40 35 36 24	 => 190
 29 24 36 19 28 54	 => 190
 38 54 28 53 5 12	 => 190
 49 41 9 45 44 2	 => 190
 40 2 44 52 17 35	 => 190
 36 35 17 51 32 19	 => 190
 28 19 32 47 11 53	 => 190
 44 45 8 15 26 52	 => 190
 17 52 26 7 37 51	 => 190
 32 51 37 10 13 47	 => 190


===================[TEST 10]===================

##### START ##### Fri May 16 02:26:07 2003



##### CONVERGE ##### Fri May 16 02:30:29 2003

Elapsed time: 262 seconds
Total loop: 244 generations

Result : 187.478

25 7 24 49 40 45 10 18 43 34 22 51 39 1 2 48 52 15 31 37 28 14 54 23 9 6 5 26 53 12 27 33 35 17 42 47 20 4 3 46 50 38 30 44 32 41 11 8 19 29 13 36 21 16 

 25 7 24 49 40 45	 => 190
 10 45 40 18 43 34	 => 190
 22 34 43 51 39 1	 => 190
 24 2 48 52 15 49	 => 190
 40 49 15 31 37 18	 => 190
 43 18 37 28 14 51	 => 191
 39 51 14 54 23 9	 => 190
 48 6 5 26 53 52	 => 190
 15 52 53 12 27 31	 => 190
 37 31 27 33 35 28	 => 191
 14 28 35 17 42 54	 => 190
 23 54 42 47 20 4	 => 190
 53 26 3 46 50 12	 => 190
 27 12 50 38 30 33	 => 190
 35 33 30 44 32 17	 => 191
 42 17 32 41 11 47	 => 190
 50 46 8 19 29 38	 => 190
 30 38 29 13 36 44	 => 190
 32 44 36 21 16 41	 => 190



test#	fitness		sum		time
---------------------------------------------------
1	188.306				427
2	187.85				332
3	188.306				196
4	187.85				327
5	187.85				222
6	187.794				292
7	187.64				255
8	187.163				292
9	188.412				417
10	187.478				262


---------------------------------------------------
Best fitness      : 188.412 ( test# 9)
Shortest time     : 196 ( test# 3)

Average fitness   : 187.865
Average time      : 302.2
