****************** GA TEST *******************

total test#:			 10
hexa min width:			 3
hexa max width:			 5
hexa count:			 19
number count:			 54
population size:		 100
generation size:		 50

tournament winner p:		 1
do xover p:			 1
xover:				 2points
do mutation1 p:			 0.1
mutation1 p:			 0.05
do optimize p:			 1
local optimize count:		 6000
do deep better optimize p:	 1
do deep worse optimize p:	 0
do spin p:			 0
spin count:			 1000
do spin apply p:		 1
do mutation2 p:			 0.12
mutation2 p:			 0.08
force mutation2:		 0
replace bad p:			 0.195

converge rate p:		 0.99
converge count:			 1

**********************************************


===================[TEST 1]===================

##### START ##### Fri May 16 11:37:33 2003



##### CONVERGE ##### Fri May 16 11:40:41 2003

Elapsed time: 188 seconds
Total loop: 56 generations

Result : 186.158

5 11 38 50 41 44 6 26 47 25 7 35 54 20 1 28 53 19 36 17 51 13 39 46 2 18 22 37 32 15 34 30 21 23 42 49 3 10 12 45 48 29 33 43 40 31 4 16 27 24 8 52 9 14 

 5 11 38 50 41 44	 => 189
 6 44 41 26 47 25	 => 189
 7 25 47 35 54 20	 => 188
 38 1 28 53 19 50	 => 189
 41 50 19 36 17 26	 => 189
 47 26 17 51 13 35	 => 189
 54 35 13 39 46 2	 => 189
 28 18 22 37 32 53	 => 190
 19 53 32 15 34 36	 => 189
 17 36 34 30 21 51	 => 189
 13 51 21 23 42 39	 => 189
 46 39 42 49 3 10	 => 189
 32 37 12 45 48 15	 => 189
 34 15 48 29 33 30	 => 189
 21 30 33 43 40 23	 => 190
 42 23 40 31 4 49	 => 189
 48 45 16 27 24 29	 => 189
 33 29 24 8 52 43	 => 189
 40 43 52 9 14 31	 => 189


===================[TEST 2]===================

##### START ##### Fri May 16 11:40:41 2003



##### CONVERGE ##### Fri May 16 11:48:47 2003

Elapsed time: 486 seconds
Total loop: 112 generations

Result : 187.85

16 15 35 53 42 29 1 17 47 54 4 39 41 5 3 40 38 22 26 30 43 14 33 45 18 24 2 36 51 25 28 32 31 20 49 37 19 7 9 21 48 46 11 52 44 34 6 13 12 50 8 23 10 27 

 16 15 35 53 42 29	 => 190
 1 29 42 17 47 54	 => 190
 4 54 47 39 41 5	 => 190
 35 3 40 38 22 53	 => 191
 42 53 22 26 30 17	 => 190
 47 17 30 43 14 39	 => 190
 41 39 14 33 45 18	 => 190
 40 24 2 36 51 38	 => 191
 22 38 51 25 28 26	 => 190
 30 26 28 32 31 43	 => 190
 14 43 31 20 49 33	 => 190
 45 33 49 37 19 7	 => 190
 51 36 9 21 48 25	 => 190
 28 25 48 46 11 32	 => 190
 31 32 11 52 44 20	 => 190
 49 20 44 34 6 37	 => 190
 48 21 13 12 50 46	 => 190
 11 46 50 8 23 52	 => 190
 44 52 23 10 27 34	 => 190


===================[TEST 3]===================

##### START ##### Fri May 16 11:48:47 2003



##### CONVERGE ##### Fri May 16 11:54:34 2003

Elapsed time: 347 seconds
Total loop: 127 generations

Result : 188.306

29 21 23 46 35 36 1 25 53 40 10 30 52 4 18 37 54 12 38 34 45 3 49 42 14 15 9 28 47 19 20 26 27 22 44 31 8 16 5 41 50 51 24 43 48 39 6 2 13 33 7 32 11 17 

 29 21 23 46 35 36	 => 190
 1 36 35 25 53 40	 => 190
 10 40 53 30 52 4	 => 189
 23 18 37 54 12 46	 => 190
 35 46 12 38 34 25	 => 190
 53 25 34 45 3 30	 => 190
 52 30 3 49 42 14	 => 190
 37 15 9 28 47 54	 => 190
 12 54 47 19 20 38	 => 190
 34 38 20 26 27 45	 => 190
 3 45 27 22 44 49	 => 190
 42 49 44 31 8 16	 => 190
 47 28 5 41 50 19	 => 190
 20 19 50 51 24 26	 => 190
 27 26 24 43 48 22	 => 190
 44 22 48 39 6 31	 => 190
 50 41 2 13 33 51	 => 190
 24 51 33 7 32 43	 => 190
 48 43 32 11 17 39	 => 190


===================[TEST 4]===================

##### START ##### Fri May 16 11:54:34 2003



##### CONVERGE ##### Fri May 16 11:58:22 2003

Elapsed time: 228 seconds
Total loop: 83 generations

Result : 187.85

3 25 42 52 47 21 2 20 49 51 6 46 29 9 4 38 41 13 35 23 30 22 48 44 1 12 18 27 54 15 32 36 34 16 40 39 5 14 10 31 53 37 17 43 45 26 24 28 8 33 11 50 19 7 

 3 25 42 52 47 21	 => 190
 2 21 47 20 49 51	 => 190
 6 51 49 46 29 9	 => 190
 42 4 38 41 13 52	 => 190
 47 52 13 35 23 20	 => 190
 49 20 23 30 22 46	 => 190
 29 46 22 48 44 1	 => 190
 38 12 18 27 54 41	 => 190
 13 41 54 15 32 35	 => 190
 23 35 32 36 34 30	 => 190
 22 30 34 16 40 48	 => 190
 44 48 40 39 5 14	 => 190
 54 27 10 31 53 15	 => 190
 32 15 53 37 17 36	 => 190
 34 36 17 43 45 16	 => 191
 40 16 45 26 24 39	 => 190
 53 31 28 8 33 37	 => 190
 17 37 33 11 50 43	 => 191
 45 43 50 19 7 26	 => 190


===================[TEST 5]===================

##### START ##### Fri May 16 11:58:22 2003



##### CONVERGE ##### Fri May 16 12:02:22 2003

Elapsed time: 240 seconds
Total loop: 88 generations

Result : 187.64

16 1 36 51 38 48 3 15 54 32 2 53 39 10 9 46 34 14 50 22 21 25 31 37 5 7 18 42 43 19 30 27 40 24 49 45 11 17 6 28 52 41 20 44 35 33 4 29 13 26 12 47 23 8 

 16 1 36 51 38 48	 => 190
 3 48 38 15 54 32	 => 190
 2 32 54 53 39 10	 => 190
 36 9 46 34 14 51	 => 190
 38 51 14 50 22 15	 => 190
 54 15 22 21 25 53	 => 190
 39 53 25 31 37 5	 => 190
 46 7 18 42 43 34	 => 190
 14 34 43 19 30 50	 => 190
 22 50 30 27 40 21	 => 190
 25 21 40 24 49 31	 => 190
 37 31 49 45 11 17	 => 190
 43 42 6 28 52 19	 => 190
 30 19 52 41 20 27	 => 189
 40 27 20 44 35 24	 => 190
 49 24 35 33 4 45	 => 190
 52 28 29 13 26 41	 => 189
 20 41 26 12 47 44	 => 190
 35 44 47 23 8 33	 => 190


===================[TEST 6]===================

##### START ##### Fri May 16 12:02:22 2003



##### CONVERGE ##### Fri May 16 12:06:00 2003

Elapsed time: 218 seconds
Total loop: 80 generations

Result : 188.306

17 5 33 47 38 50 8 12 46 36 15 53 34 6 1 51 32 26 39 28 31 20 54 25 4 11 2 52 42 10 41 30 21 23 40 48 9 14 19 24 43 44 22 49 45 27 7 13 29 37 3 35 16 18 

 17 5 33 47 38 50	 => 190
 8 50 38 12 46 36	 => 190
 15 36 46 53 34 6	 => 190
 33 1 51 32 26 47	 => 190
 38 47 26 39 28 12	 => 190
 46 12 28 31 20 53	 => 190
 34 53 20 54 25 4	 => 190
 51 11 2 52 42 32	 => 190
 26 32 42 10 41 39	 => 190
 28 39 41 30 21 31	 => 190
 20 31 21 23 40 54	 => 189
 25 54 40 48 9 14	 => 190
 42 52 19 24 43 10	 => 190
 41 10 43 44 22 30	 => 190
 21 30 22 49 45 23	 => 190
 40 23 45 27 7 48	 => 190
 43 24 13 29 37 44	 => 190
 22 44 37 3 35 49	 => 190
 45 49 35 16 18 27	 => 190


===================[TEST 7]===================

##### START ##### Fri May 16 12:06:00 2003



##### CONVERGE ##### Fri May 16 12:10:34 2003

Elapsed time: 274 seconds
Total loop: 99 generations

Result : 187.163

3 21 35 46 44 41 1 24 52 28 17 45 40 8 10 39 51 9 36 31 16 22 54 26 2 18 6 23 53 7 34 43 30 20 48 32 5 25 19 38 50 29 27 33 37 49 4 12 13 47 11 42 14 15 

 3 21 35 46 44 41	 => 190
 1 41 44 24 52 28	 => 190
 17 28 52 45 40 8	 => 190
 35 10 39 51 9 46	 => 190
 44 46 9 36 31 24	 => 190
 52 24 31 16 22 45	 => 190
 40 45 22 54 26 2	 => 189
 39 18 6 23 53 51	 => 190
 9 51 53 7 34 36	 => 190
 31 36 34 43 30 16	 => 190
 22 16 30 20 48 54	 => 190
 26 54 48 32 5 25	 => 190
 53 23 19 38 50 7	 => 190
 34 7 50 29 27 43	 => 190
 30 43 27 33 37 20	 => 190
 48 20 37 49 4 32	 => 190
 50 38 12 13 47 29	 => 189
 27 29 47 11 42 33	 => 189
 37 33 42 14 15 49	 => 190


===================[TEST 8]===================

##### START ##### Fri May 16 12:10:34 2003



##### CONVERGE ##### Fri May 16 12:15:44 2003

Elapsed time: 310 seconds
Total loop: 95 generations

Result : 187.163

4 9 49 50 35 43 14 19 37 42 23 48 33 7 2 18 54 17 38 31 39 16 44 36 12 29 20 41 28 21 32 26 24 15 52 45 5 8 3 46 51 34 25 53 47 30 1 13 6 40 11 27 10 22 

 4 9 49 50 35 43	 => 190
 14 43 35 19 37 42	 => 190
 23 42 37 48 33 7	 => 190
 49 2 18 54 17 50	 => 190
 35 50 17 38 31 19	 => 190
 37 19 31 39 16 48	 => 190
 33 48 16 44 36 12	 => 189
 18 29 20 41 28 54	 => 190
 17 54 28 21 32 38	 => 190
 31 38 32 26 24 39	 => 190
 16 39 24 15 52 44	 => 190
 36 44 52 45 5 8	 => 190
 28 41 3 46 51 21	 => 190
 32 21 51 34 25 26	 => 189
 24 26 25 53 47 15	 => 190
 52 15 47 30 1 45	 => 190
 51 46 13 6 40 34	 => 190
 25 34 40 11 27 53	 => 190
 47 53 27 10 22 30	 => 189


===================[TEST 9]===================

##### START ##### Fri May 16 12:15:44 2003



##### CONVERGE ##### Fri May 16 12:19:56 2003

Elapsed time: 252 seconds
Total loop: 73 generations

Result : 187.64

16 20 28 44 48 34 7 29 41 31 21 53 35 9 6 39 47 26 24 19 43 5 46 38 13 10 22 27 45 23 25 49 30 12 54 33 4 15 8 36 50 32 11 51 37 40 14 17 3 52 2 42 1 18 

 16 20 28 44 48 34	 => 190
 7 34 48 29 41 31	 => 190
 21 31 41 53 35 9	 => 190
 28 6 39 47 26 44	 => 190
 48 44 26 24 19 29	 => 190
 41 29 19 43 5 53	 => 190
 35 53 5 46 38 13	 => 190
 39 10 22 27 45 47	 => 190
 26 47 45 23 25 24	 => 190
 19 24 25 49 30 43	 => 190
 5 43 30 12 54 46	 => 190
 38 46 54 33 4 15	 => 190
 45 27 8 36 50 23	 => 189
 25 23 50 32 11 49	 => 190
 30 49 11 51 37 12	 => 190
 54 12 37 40 14 33	 => 190
 50 36 17 3 52 32	 => 190
 11 32 52 2 42 51	 => 190
 37 51 42 1 18 40	 => 189


===================[TEST 10]===================

##### START ##### Fri May 16 12:19:56 2003



##### CONVERGE ##### Fri May 16 12:25:02 2003

Elapsed time: 306 seconds
Total loop: 81 generations

Result : 188.412

10 4 51 35 46 44 9 12 40 39 19 47 29 16 1 26 45 32 24 41 28 22 36 49 7 15 20 30 54 2 33 31 34 18 52 42 8 3 11 43 50 53 21 48 38 27 13 5 14 25 6 37 23 17 

 10 4 51 35 46 44	 => 190
 9 44 46 12 40 39	 => 190
 19 39 40 47 29 16	 => 190
 51 1 26 45 32 35	 => 190
 46 35 32 24 41 12	 => 190
 40 12 41 28 22 47	 => 190
 29 47 22 36 49 7	 => 190
 26 15 20 30 54 45	 => 190
 32 45 54 2 33 24	 => 190
 41 24 33 31 34 28	 => 191
 22 28 34 18 52 36	 => 190
 49 36 52 42 8 3	 => 190
 54 30 11 43 50 2	 => 190
 33 2 50 53 21 31	 => 190
 34 31 21 48 38 18	 => 190
 52 18 38 27 13 42	 => 190
 50 43 5 14 25 53	 => 190
 21 53 25 6 37 48	 => 190
 38 48 37 23 17 27	 => 190



test#	fitness		sum		time
---------------------------------------------------
1	186.158				188
2	187.85				486
3	188.306				347
4	187.85				228
5	187.64				240
6	188.306				218
7	187.163				274
8	187.163				310
9	187.64				252
10	188.412				306


---------------------------------------------------
Best fitness      : 188.412 ( test# 10)
Shortest time     : 188 ( test# 1)

Average fitness   : 187.649
Average time      : 284.9
