****************** GA TEST *******************

total test#:			 10
hexa min width:			 3
hexa max width:			 5
hexa count:			 19
number count:			 54
population size:		 110
generation size:		 30

tournament winner p:		 1
do xover p:			 1
xover:				 2points
do mutation1 p:			 0.1
mutation1 p:			 0.05
do optimize p:			 1
local optimize count:		 6000
do deep better optimize p:	 1
do deep worse optimize p:	 0
do spin p:			 0
spin count:			 1000
do spin apply p:		 1
do mutation2 p:			 0.12
mutation2 p:			 0.08
force mutation2:		 0
replace bad p:			 0.195

converge rate p:		 0.99
converge count:			 1

**********************************************


===================[TEST 1]===================

##### START ##### Fri May 16 06:06:01 2003



##### CONVERGE ##### Fri May 16 06:10:29 2003

Elapsed time: 268 seconds
Total loop: 166 generations

Result : 187.501

16 2 36 47 50 40 9 5 52 35 20 44 32 8 19 31 37 21 34 33 42 15 48 41 11 24 3 49 46 23 30 26 25 22 39 45 6 12 1 29 43 54 14 53 51 27 7 17 10 38 4 28 18 13 

 16 2 36 47 50 40	 => 191
 9 40 50 5 52 35	 => 191
 20 35 52 44 32 8	 => 191
 36 19 31 37 21 47	 => 191
 50 47 21 34 33 5	 => 190
 52 5 33 42 15 44	 => 191
 32 44 15 48 41 11	 => 191
 31 24 3 49 46 37	 => 190
 21 37 46 23 30 34	 => 191
 33 34 30 26 25 42	 => 190
 15 42 25 22 39 48	 => 191
 41 48 39 45 6 12	 => 191
 46 49 1 29 43 23	 => 191
 30 23 43 54 14 26	 => 190
 25 26 14 53 51 22	 => 191
 39 22 51 27 7 45	 => 191
 43 29 17 10 38 54	 => 191
 14 54 38 4 28 53	 => 191
 51 53 28 18 13 27	 => 190


===================[TEST 2]===================

##### START ##### Fri May 16 06:10:29 2003



##### CONVERGE ##### Fri May 16 06:14:40 2003

Elapsed time: 251 seconds
Total loop: 157 generations

Result (Solution) : 190

19 6 32 45 51 37 4 11 53 34 5 39 47 12 13 42 41 17 30 36 24 27 49 21 7 20 1 48 38 18 46 29 25 15 50 40 14 16 3 52 31 43 23 54 44 33 8 10 28 26 9 35 2 22 

 19 6 32 45 51 37	 => 190
 4 37 51 11 53 34	 => 190
 5 34 53 39 47 12	 => 190
 32 13 42 41 17 45	 => 190
 51 45 17 30 36 11	 => 190
 53 11 36 24 27 39	 => 190
 47 39 27 49 21 7	 => 190
 42 20 1 48 38 41	 => 190
 17 41 38 18 46 30	 => 190
 36 30 46 29 25 24	 => 190
 27 24 25 15 50 49	 => 190
 21 49 50 40 14 16	 => 190
 38 48 3 52 31 18	 => 190
 46 18 31 43 23 29	 => 190
 25 29 23 54 44 15	 => 190
 50 15 44 33 8 40	 => 190
 31 52 10 28 26 43	 => 190
 23 43 26 9 35 54	 => 190
 44 54 35 2 22 33	 => 190


===================[TEST 3]===================

##### START ##### Fri May 16 06:14:40 2003



##### CONVERGE ##### Fri May 16 06:18:30 2003

Elapsed time: 230 seconds
Total loop: 143 generations

Result : 188.412

7 22 26 53 38 44 1 16 54 37 12 43 35 9 4 41 39 27 24 32 28 17 51 30 15 13 18 29 50 10 40 47 19 23 52 46 3 8 14 45 42 31 20 48 33 34 2 11 25 36 6 49 5 21 

 7 22 26 53 38 44	 => 190
 1 44 38 16 54 37	 => 190
 12 37 54 43 35 9	 => 190
 26 4 41 39 27 53	 => 190
 38 53 27 24 32 16	 => 190
 54 16 32 28 17 43	 => 190
 35 43 17 51 30 15	 => 191
 41 13 18 29 50 39	 => 190
 27 39 50 10 40 24	 => 190
 32 24 40 47 19 28	 => 190
 17 28 19 23 52 51	 => 190
 30 51 52 46 3 8	 => 190
 50 29 14 45 42 10	 => 190
 40 10 42 31 20 47	 => 190
 19 47 20 48 33 23	 => 190
 52 23 33 34 2 46	 => 190
 42 45 11 25 36 31	 => 190
 20 31 36 6 49 48	 => 190
 33 48 49 5 21 34	 => 190


===================[TEST 4]===================

##### START ##### Fri May 16 06:18:30 2003



##### CONVERGE ##### Fri May 16 06:22:33 2003

Elapsed time: 243 seconds
Total loop: 151 generations

Result : 188.306

17 11 28 46 45 43 14 7 48 33 3 50 30 26 10 40 47 19 29 44 25 16 53 35 6 15 9 37 42 21 32 41 18 24 54 34 2 12 8 31 51 23 22 49 36 38 4 20 13 52 5 39 27 1 

 17 11 28 46 45 43	 => 190
 14 43 45 7 48 33	 => 190
 3 33 48 50 30 26	 => 190
 28 10 40 47 19 46	 => 190
 45 46 19 29 44 7	 => 190
 48 7 44 25 16 50	 => 190
 30 50 16 53 35 6	 => 190
 40 15 9 37 42 47	 => 190
 19 47 42 21 32 29	 => 190
 44 29 32 41 18 25	 => 189
 16 25 18 24 54 53	 => 190
 35 53 54 34 2 12	 => 190
 42 37 8 31 51 21	 => 190
 32 21 51 23 22 41	 => 190
 18 41 22 49 36 24	 => 190
 54 24 36 38 4 34	 => 190
 51 31 20 13 52 23	 => 190
 22 23 52 5 39 49	 => 190
 36 49 39 27 1 38	 => 190


===================[TEST 5]===================

##### START ##### Fri May 16 06:22:33 2003



##### CONVERGE ##### Fri May 16 06:26:07 2003

Elapsed time: 214 seconds
Total loop: 132 generations

Result : 187.268

6 9 34 54 52 35 1 12 51 40 18 46 24 11 5 43 48 7 41 25 30 27 42 50 2 4 21 36 39 23 33 29 32 13 47 38 10 3 16 28 49 37 20 44 53 31 8 14 17 45 19 26 22 15 

 6 9 34 54 52 35	 => 190
 1 35 52 12 51 40	 => 191
 18 40 51 46 24 11	 => 190
 34 5 43 48 7 54	 => 191
 52 54 7 41 25 12	 => 191
 51 12 25 30 27 46	 => 191
 24 46 27 42 50 2	 => 191
 43 4 21 36 39 48	 => 191
 7 48 39 23 33 41	 => 191
 25 41 33 29 32 30	 => 190
 27 30 32 13 47 42	 => 191
 50 42 47 38 10 3	 => 190
 39 36 16 28 49 23	 => 191
 33 23 49 37 20 29	 => 191
 32 29 20 44 53 13	 => 191
 47 13 53 31 8 38	 => 190
 49 28 14 17 45 37	 => 190
 20 37 45 19 26 44	 => 191
 53 44 26 22 15 31	 => 191


===================[TEST 6]===================

##### START ##### Fri May 16 06:26:07 2003



##### CONVERGE ##### Fri May 16 06:30:15 2003

Elapsed time: 248 seconds
Total loop: 154 generations

Result : 187.85

14 18 25 51 52 30 2 27 39 40 21 48 37 5 12 47 54 1 31 28 22 26 43 33 4 15 3 38 34 20 50 23 36 17 46 42 19 7 8 41 49 32 16 53 45 29 11 9 24 35 10 44 13 6 

 14 18 25 51 52 30	 => 190
 2 30 52 27 39 40	 => 190
 21 40 39 48 37 5	 => 190
 25 12 47 54 1 51	 => 190
 52 51 1 31 28 27	 => 190
 39 27 28 22 26 48	 => 190
 37 48 26 43 33 4	 => 191
 47 15 3 38 34 54	 => 191
 1 54 34 20 50 31	 => 190
 28 31 50 23 36 22	 => 190
 26 22 36 17 46 43	 => 190
 33 43 46 42 19 7	 => 190
 34 38 8 41 49 20	 => 190
 50 20 49 32 16 23	 => 190
 36 23 16 53 45 17	 => 190
 46 17 45 29 11 42	 => 190
 49 41 9 24 35 32	 => 190
 16 32 35 10 44 53	 => 190
 45 53 44 13 6 29	 => 190


===================[TEST 7]===================

##### START ##### Fri May 16 06:30:15 2003



##### CONVERGE ##### Fri May 16 06:34:18 2003

Elapsed time: 243 seconds
Total loop: 151 generations

Result : 188.306

11 21 45 37 53 23 16 32 36 30 8 52 49 15 1 46 47 14 29 25 39 6 50 31 2 10 7 26 54 12 34 24 38 13 44 41 19 5 4 43 51 42 27 40 48 35 9 18 3 33 20 28 22 17 

 11 21 45 37 53 23	 => 190
 16 23 53 32 36 30	 => 190
 8 30 36 52 49 15	 => 190
 45 1 46 47 14 37	 => 190
 53 37 14 29 25 32	 => 190
 36 32 25 39 6 52	 => 190
 49 52 6 50 31 2	 => 190
 46 10 7 26 54 47	 => 190
 14 47 54 12 34 29	 => 190
 25 29 34 24 38 39	 => 189
 6 39 38 13 44 50	 => 190
 31 50 44 41 19 5	 => 190
 54 26 4 43 51 12	 => 190
 34 12 51 42 27 24	 => 190
 38 24 27 40 48 13	 => 190
 44 13 48 35 9 41	 => 190
 51 43 18 3 33 42	 => 190
 27 42 33 20 28 40	 => 190
 48 40 28 22 17 35	 => 190


===================[TEST 8]===================

##### START ##### Fri May 16 06:34:18 2003



##### CONVERGE ##### Fri May 16 06:36:34 2003

Elapsed time: 136 seconds
Total loop: 84 generations

Result : 186.306

23 16 20 51 52 26 4 28 53 25 6 35 30 39 17 46 50 3 33 21 38 13 49 47 14 8 1 40 43 18 41 31 24 37 27 54 2 9 11 32 44 42 12 48 36 29 5 10 15 45 7 34 19 22 

 23 16 20 51 52 26	 => 188
 4 26 52 28 53 25	 => 188
 6 25 53 35 30 39	 => 188
 20 17 46 50 3 51	 => 187
 52 51 3 33 21 28	 => 188
 53 28 21 38 13 35	 => 188
 30 35 13 49 47 14	 => 188
 46 8 1 40 43 50	 => 188
 3 50 43 18 41 33	 => 188
 21 33 41 31 24 38	 => 188
 13 38 24 37 27 49	 => 188
 47 49 27 54 2 9	 => 188
 43 40 11 32 44 18	 => 188
 41 18 44 42 12 31	 => 188
 24 31 12 48 36 37	 => 188
 27 37 36 29 5 54	 => 188
 44 32 10 15 45 42	 => 188
 12 42 45 7 34 48	 => 188
 36 48 34 19 22 29	 => 188


===================[TEST 9]===================

##### START ##### Fri May 16 06:36:34 2003



##### CONVERGE ##### Fri May 16 06:38:50 2003

Elapsed time: 136 seconds
Total loop: 84 generations

Result : 186.85

8 12 26 44 51 48 7 21 29 33 37 52 23 15 10 41 42 27 19 28 34 25 31 47 11 5 6 50 45 16 40 36 32 13 54 38 2 17 4 35 39 49 9 46 53 30 1 20 22 24 18 43 14 3 

 8 12 26 44 51 48	 => 189
 7 48 51 21 29 33	 => 189
 37 33 29 52 23 15	 => 189
 26 10 41 42 27 44	 => 190
 51 44 27 19 28 21	 => 190
 29 21 28 34 25 52	 => 189
 23 52 25 31 47 11	 => 189
 41 5 6 50 45 42	 => 189
 27 42 45 16 40 19	 => 189
 28 19 40 36 32 34	 => 189
 25 34 32 13 54 31	 => 189
 47 31 54 38 2 17	 => 189
 45 50 4 35 39 16	 => 189
 40 16 39 49 9 36	 => 189
 32 36 9 46 53 13	 => 189
 54 13 53 30 1 38	 => 189
 39 35 20 22 24 49	 => 189
 9 49 24 18 43 46	 => 189
 53 46 43 14 3 30	 => 189


===================[TEST 10]===================

##### START ##### Fri May 16 06:38:50 2003



##### CONVERGE ##### Fri May 16 06:41:31 2003

Elapsed time: 161 seconds
Total loop: 100 generations

Result : 187.85

10 12 41 48 51 28 1 14 53 43 3 49 40 2 5 31 54 11 34 32 20 22 35 36 8 17 9 52 27 25 39 29 37 26 50 30 21 18 6 33 47 44 7 46 45 23 16 24 4 38 13 42 15 19 

 10 12 41 48 51 28	 => 190
 1 28 51 14 53 43	 => 190
 3 43 53 49 40 2	 => 190
 41 5 31 54 11 48	 => 190
 51 48 11 34 32 14	 => 190
 53 14 32 20 22 49	 => 190
 40 49 22 35 36 8	 => 190
 31 17 9 52 27 54	 => 190
 11 54 27 25 39 34	 => 190
 32 34 39 29 37 20	 => 191
 22 20 37 26 50 35	 => 190
 36 35 50 30 21 18	 => 190
 27 52 6 33 47 25	 => 190
 39 25 47 44 7 29	 => 191
 37 29 7 46 45 26	 => 190
 50 26 45 23 16 30	 => 190
 47 33 24 4 38 44	 => 190
 7 44 38 13 42 46	 => 190
 45 46 42 15 19 23	 => 190



test#	fitness		sum		time
---------------------------------------------------
1	187.501				268
2	190		190		251
3	188.412				230
4	188.306				243
5	187.268				214
6	187.85				248
7	188.306				243
8	186.306				136
9	186.85				136
10	187.85				161


---------------------------------------------------
Best fitness      : 190 ( test# 2)
Best solution sum : 190 ( test# 2)
Shortest time     : 136 ( test# 8)

Average fitness   : 187.865
Average sol. sum  : 190
Average time      : 213
