****************** GA TEST *******************

total test#:			 10
hexa min width:			 3
hexa max width:			 5
hexa count:			 19
number count:			 54
population size:		 120
generation size:		 12

tournament winner p:		 1
do xover p:			 1
xover:				 2points
do mutation1 p:			 0.1
mutation1 p:			 0.05
do optimize p:			 1
local optimize count:		 6000
do deep better optimize p:	 1
do deep worse optimize p:	 0
do spin p:			 0
spin count:			 1000
do spin apply p:		 1
do mutation2 p:			 0.12
mutation2 p:			 0.08
force mutation2:		 0
replace bad p:			 0.195

converge rate p:		 0.99
converge count:			 1

**********************************************


===================[TEST 1]===================

##### START ##### Thu May 15 19:28:02 2003



##### CONVERGE ##### Thu May 15 19:32:26 2003

Elapsed time: 264 seconds
Total loop: 405 generations

Result : 186.163

11 20 34 29 42 53 3 16 48 27 6 54 39 15 2 45 31 47 19 36 30 5 46 37 8 13 17 50 33 21 38 25 40 24 44 35 4 23 14 28 43 52 10 49 41 32 12 22 18 26 1 51 7 9 

 11 20 34 29 42 53	 => 189
 3 53 42 16 48 27	 => 189
 6 27 48 54 39 15	 => 189
 34 2 45 31 47 29	 => 188
 42 29 47 19 36 16	 => 189
 48 16 36 30 5 54	 => 189
 39 54 5 46 37 8	 => 189
 45 13 17 50 33 31	 => 189
 47 31 33 21 38 19	 => 189
 36 19 38 25 40 30	 => 188
 5 30 40 24 44 46	 => 189
 37 46 44 35 4 23	 => 189
 33 50 14 28 43 21	 => 189
 38 21 43 52 10 25	 => 189
 40 25 10 49 41 24	 => 189
 44 24 41 32 12 35	 => 188
 43 28 22 18 26 52	 => 189
 10 52 26 1 51 49	 => 189
 41 49 51 7 9 32	 => 189


===================[TEST 2]===================

##### START ##### Thu May 15 19:32:26 2003



##### CONVERGE ##### Thu May 15 19:36:00 2003

Elapsed time: 214 seconds
Total loop: 331 generations

Result : 187.412

11 3 46 43 53 33 1 12 54 36 14 45 24 16 2 52 19 27 32 22 38 18 51 44 7 9 26 41 42 20 49 25 23 30 29 40 4 21 8 31 47 35 13 48 50 34 6 28 10 39 17 37 5 15 

 11 3 46 43 53 33	 => 189
 1 33 53 12 54 36	 => 189
 14 36 54 45 24 16	 => 189
 46 2 52 19 27 43	 => 189
 53 43 27 32 22 12	 => 189
 54 12 22 38 18 45	 => 189
 24 45 18 51 44 7	 => 189
 52 9 26 41 42 19	 => 189
 27 19 42 20 49 32	 => 189
 22 32 49 25 23 38	 => 189
 18 38 23 30 29 51	 => 189
 44 51 29 40 4 21	 => 189
 42 41 8 31 47 20	 => 189
 49 20 47 35 13 25	 => 189
 23 25 13 48 50 30	 => 189
 29 30 50 34 6 40	 => 189
 47 31 28 10 39 35	 => 190
 13 35 39 17 37 48	 => 189
 50 48 37 5 15 34	 => 189


===================[TEST 3]===================

##### START ##### Thu May 15 19:36:00 2003



##### CONVERGE ##### Thu May 15 19:40:55 2003

Elapsed time: 295 seconds
Total loop: 456 generations

Result : 187.616

20 1 45 36 50 37 2 25 41 35 29 49 26 10 12 32 48 17 22 40 28 8 51 43 13 19 18 21 52 24 27 39 34 15 54 33 5 4 3 44 46 47 7 53 42 30 16 9 6 38 14 31 11 23 

 20 1 45 36 50 37	 => 189
 2 37 50 25 41 35	 => 190
 29 35 41 49 26 10	 => 190
 45 12 32 48 17 36	 => 190
 50 36 17 22 40 25	 => 190
 41 25 40 28 8 49	 => 191
 26 49 8 51 43 13	 => 190
 32 19 18 21 52 48	 => 190
 17 48 52 24 27 22	 => 190
 40 22 27 39 34 28	 => 190
 8 28 34 15 54 51	 => 190
 43 51 54 33 5 4	 => 190
 52 21 3 44 46 24	 => 190
 27 24 46 47 7 39	 => 190
 34 39 7 53 42 15	 => 190
 54 15 42 30 16 33	 => 190
 46 44 9 6 38 47	 => 190
 7 47 38 14 31 53	 => 190
 42 53 31 11 23 30	 => 190


===================[TEST 4]===================

##### START ##### Thu May 15 19:40:55 2003



##### CONVERGE ##### Thu May 15 19:44:00 2003

Elapsed time: 185 seconds
Total loop: 288 generations

Result : 187.616

1 19 31 52 48 39 11 2 53 37 13 42 33 12 10 30 49 18 25 44 29 20 40 41 14 16 24 28 43 32 23 34 35 21 45 27 22 15 5 36 46 47 8 54 38 50 9 3 7 51 4 26 17 6 

 1 19 31 52 48 39	 => 190
 11 39 48 2 53 37	 => 190
 13 37 53 42 33 12	 => 190
 31 10 30 49 18 52	 => 190
 48 52 18 25 44 2	 => 189
 53 2 44 29 20 42	 => 190
 33 42 20 40 41 14	 => 190
 30 16 24 28 43 49	 => 190
 18 49 43 32 23 25	 => 190
 44 25 23 34 35 29	 => 190
 20 29 35 21 45 40	 => 190
 41 40 45 27 22 15	 => 190
 43 28 5 36 46 32	 => 190
 23 32 46 47 8 34	 => 190
 35 34 8 54 38 21	 => 190
 45 21 38 50 9 27	 => 190
 46 36 3 7 51 47	 => 190
 8 47 51 4 26 54	 => 190
 38 54 26 17 6 50	 => 191


===================[TEST 5]===================

##### START ##### Thu May 15 19:44:00 2003



##### CONVERGE ##### Thu May 15 19:47:29 2003

Elapsed time: 209 seconds
Total loop: 323 generations

Result : 186.794

15 11 36 45 53 30 14 6 51 35 3 49 48 4 1 41 43 24 33 29 28 27 52 12 2 13 7 39 47 9 34 40 25 8 50 37 17 22 16 32 46 42 19 54 44 31 20 23 21 26 10 38 5 18 

 15 11 36 45 53 30	 => 190
 14 30 53 6 51 35	 => 189
 3 35 51 49 48 4	 => 190
 36 1 41 43 24 45	 => 190
 53 45 24 33 29 6	 => 190
 51 6 29 28 27 49	 => 190
 48 49 27 52 12 2	 => 190
 41 13 7 39 47 43	 => 190
 24 43 47 9 34 33	 => 190
 29 33 34 40 25 28	 => 189
 27 28 25 8 50 52	 => 190
 12 52 50 37 17 22	 => 190
 47 39 16 32 46 9	 => 189
 34 9 46 42 19 40	 => 190
 25 40 19 54 44 8	 => 190
 50 8 44 31 20 37	 => 190
 46 32 23 21 26 42	 => 190
 19 42 26 10 38 54	 => 189
 44 54 38 5 18 31	 => 190


===================[TEST 6]===================

##### START ##### Thu May 15 19:47:29 2003



##### CONVERGE ##### Thu May 15 19:50:59 2003

Elapsed time: 210 seconds
Total loop: 325 generations

Result : 187.85

19 2 29 47 39 54 6 12 51 28 17 52 32 10 15 40 38 21 45 26 31 18 49 36 3 9 11 42 50 16 20 46 22 27 44 34 14 13 1 33 48 35 25 30 41 37 7 23 8 43 4 53 5 24 

 19 2 29 47 39 54	 => 190
 6 54 39 12 51 28	 => 190
 17 28 51 52 32 10	 => 190
 29 15 40 38 21 47	 => 190
 39 47 21 45 26 12	 => 190
 51 12 26 31 18 52	 => 190
 32 52 18 49 36 3	 => 190
 40 9 11 42 50 38	 => 190
 21 38 50 16 20 45	 => 190
 26 45 20 46 22 31	 => 190
 18 31 22 27 44 49	 => 191
 36 49 44 34 14 13	 => 190
 50 42 1 33 48 16	 => 190
 20 16 48 35 25 46	 => 190
 22 46 25 30 41 27	 => 191
 44 27 41 37 7 34	 => 190
 48 33 23 8 43 35	 => 190
 25 35 43 4 53 30	 => 190
 41 30 53 5 24 37	 => 190


===================[TEST 7]===================

##### START ##### Thu May 15 19:50:59 2003



##### CONVERGE ##### Thu May 15 19:53:43 2003

Elapsed time: 164 seconds
Total loop: 251 generations

Result : 186.85

1 22 34 43 39 50 6 26 42 27 7 46 48 19 21 30 41 20 29 32 15 28 45 18 4 2 25 37 54 12 33 44 36 14 51 35 23 17 10 24 52 40 8 38 49 31 9 11 16 47 3 53 5 13 

 1 22 34 43 39 50	 => 189
 6 50 39 26 42 27	 => 190
 7 27 42 46 48 19	 => 189
 34 21 30 41 20 43	 => 189
 39 43 20 29 32 26	 => 189
 42 26 32 15 28 46	 => 189
 48 46 28 45 18 4	 => 189
 30 2 25 37 54 41	 => 189
 20 41 54 12 33 29	 => 189
 32 29 33 44 36 15	 => 189
 28 15 36 14 51 45	 => 189
 18 45 51 35 23 17	 => 189
 54 37 10 24 52 12	 => 189
 33 12 52 40 8 44	 => 189
 36 44 8 38 49 14	 => 189
 51 14 49 31 9 35	 => 189
 52 24 11 16 47 40	 => 190
 8 40 47 3 53 38	 => 189
 49 38 53 5 13 31	 => 189


===================[TEST 8]===================

##### START ##### Thu May 15 19:53:43 2003



##### CONVERGE ##### Thu May 15 19:57:39 2003

Elapsed time: 236 seconds
Total loop: 363 generations

Result : 188.306

20 3 40 46 34 47 9 13 48 39 7 38 44 14 4 24 53 23 25 49 30 12 50 36 10 11 16 52 33 21 35 22 29 26 43 37 18 6 1 42 41 54 17 45 51 28 5 19 2 32 15 27 31 8 

 20 3 40 46 34 47	 => 190
 9 47 34 13 48 39	 => 190
 7 39 48 38 44 14	 => 190
 40 4 24 53 23 46	 => 190
 34 46 23 25 49 13	 => 190
 48 13 49 30 12 38	 => 190
 44 38 12 50 36 10	 => 190
 24 11 16 52 33 53	 => 189
 23 53 33 21 35 25	 => 190
 49 25 35 22 29 30	 => 190
 12 30 29 26 43 50	 => 190
 36 50 43 37 18 6	 => 190
 33 52 1 42 41 21	 => 190
 35 21 41 54 17 22	 => 190
 29 22 17 45 51 26	 => 190
 43 26 51 28 5 37	 => 190
 41 42 19 2 32 54	 => 190
 17 54 32 15 27 45	 => 190
 51 45 27 31 8 28	 => 190


===================[TEST 9]===================

##### START ##### Thu May 15 19:57:39 2003



##### CONVERGE ##### Thu May 15 20:02:27 2003

Elapsed time: 288 seconds
Total loop: 446 generations

Result : 187.478

8 15 54 33 38 42 10 20 36 44 12 46 40 13 4 27 49 23 28 48 21 19 51 29 5 18 11 35 50 9 31 32 30 24 45 39 26 1 2 41 53 52 14 47 43 22 17 7 3 34 6 37 16 25 

 8 15 54 33 38 42	 => 190
 10 42 38 20 36 44	 => 190
 12 44 36 46 40 13	 => 191
 54 4 27 49 23 33	 => 190
 38 33 23 28 48 20	 => 190
 36 20 48 21 19 46	 => 190
 40 46 19 51 29 5	 => 190
 27 18 11 35 50 49	 => 190
 23 49 50 9 31 28	 => 190
 48 28 31 32 30 21	 => 190
 19 21 30 24 45 51	 => 190
 29 51 45 39 26 1	 => 191
 50 35 2 41 53 9	 => 190
 31 9 53 52 14 32	 => 191
 30 32 14 47 43 24	 => 190
 45 24 43 22 17 39	 => 190
 53 41 7 3 34 52	 => 190
 14 52 34 6 37 47	 => 190
 43 47 37 16 25 22	 => 190


===================[TEST 10]===================

##### START ##### Thu May 15 20:02:27 2003



##### CONVERGE ##### Thu May 15 20:05:23 2003

Elapsed time: 176 seconds
Total loop: 271 generations

Result : 187.85

7 2 34 45 54 48 1 6 52 30 9 49 38 12 3 26 50 32 25 28 44 11 47 42 4 19 15 43 37 22 24 29 40 13 35 53 8 5 10 27 51 41 23 46 39 36 14 18 20 33 16 31 21 17 

 7 2 34 45 54 48	 => 190
 1 48 54 6 52 30	 => 191
 9 30 52 49 38 12	 => 190
 34 3 26 50 32 45	 => 190
 54 45 32 25 28 6	 => 190
 52 6 28 44 11 49	 => 190
 38 49 11 47 42 4	 => 191
 26 19 15 43 37 50	 => 190
 32 50 37 22 24 25	 => 190
 28 25 24 29 40 44	 => 190
 11 44 40 13 35 47	 => 190
 42 47 35 53 8 5	 => 190
 37 43 10 27 51 22	 => 190
 24 22 51 41 23 29	 => 190
 40 29 23 46 39 13	 => 190
 35 13 39 36 14 53	 => 190
 51 27 18 20 33 41	 => 190
 23 41 33 16 31 46	 => 190
 39 46 31 21 17 36	 => 190



test#	fitness		sum		time
---------------------------------------------------
1	186.163				264
2	187.412				214
3	187.616				295
4	187.616				185
5	186.794				209
6	187.85				210
7	186.85				164
8	188.306				236
9	187.478				288
10	187.85				176


---------------------------------------------------
Best fitness      : 188.306 ( test# 8)
Shortest time     : 164 ( test# 7)

Average fitness   : 187.393
Average time      : 224.1
