****************** GA TEST *******************

total test#:			 10
hexa min width:			 3
hexa max width:			 5
hexa count:			 19
number count:			 54
population size:		 90
generation size:		 20

tournament winner p:		 1
do xover p:			 1
xover:				 2points
do mutation1 p:			 0.1
mutation1 p:			 0.05
do optimize p:			 1
local optimize count:		 6000
do deep better optimize p:	 1
do deep worse optimize p:	 0
do spin p:			 0
spin count:			 1000
do spin apply p:		 1
do mutation2 p:			 0.12
mutation2 p:			 0.08
force mutation2:		 0
replace bad p:			 0.195

converge rate p:		 0.99
converge count:			 1

**********************************************


===================[TEST 1]===================

##### START ##### Thu May 15 23:18:15 2003



##### CONVERGE ##### Thu May 15 23:21:29 2003

Elapsed time: 194 seconds
Total loop: 180 generations

Result : 187.794

18 6 32 44 52 39 1 10 54 35 8 40 49 5 4 43 47 21 33 31 36 20 48 30 3 12 2 46 41 22 27 38 25 17 45 26 19 23 11 29 42 53 9 50 51 28 24 14 16 37 7 34 13 15 

 18 6 32 44 52 39	 => 191
 1 39 52 10 54 35	 => 191
 8 35 54 40 49 5	 => 191
 32 4 43 47 21 44	 => 191
 52 44 21 33 31 10	 => 191
 54 10 31 36 20 40	 => 191
 49 40 20 48 30 3	 => 190
 43 12 2 46 41 47	 => 191
 21 47 41 22 27 33	 => 191
 31 33 27 38 25 36	 => 190
 20 36 25 17 45 48	 => 191
 30 48 45 26 19 23	 => 191
 41 46 11 29 42 22	 => 191
 27 22 42 53 9 38	 => 191
 25 38 9 50 51 17	 => 190
 45 17 51 28 24 26	 => 191
 42 29 14 16 37 53	 => 191
 9 53 37 7 34 50	 => 190
 51 50 34 13 15 28	 => 191


===================[TEST 2]===================

##### START ##### Thu May 15 23:21:29 2003



##### CONVERGE ##### Thu May 15 23:23:49 2003

Elapsed time: 140 seconds
Total loop: 130 generations

Result : 187.158

20 10 40 47 50 23 4 29 46 38 7 54 30 15 14 31 42 16 28 21 27 13 49 36 8 22 19 33 43 24 37 32 45 9 48 53 1 3 5 44 41 39 17 52 35 34 11 12 2 51 6 25 26 18 

 20 10 40 47 50 23	 => 190
 4 23 50 29 46 38	 => 190
 7 38 46 54 30 15	 => 190
 40 14 31 42 16 47	 => 190
 50 47 16 28 21 29	 => 191
 46 29 21 27 13 54	 => 190
 30 54 13 49 36 8	 => 190
 31 22 19 33 43 42	 => 190
 16 42 43 24 37 28	 => 190
 21 28 37 32 45 27	 => 190
 13 27 45 9 48 49	 => 191
 36 49 48 53 1 3	 => 190
 43 33 5 44 41 24	 => 190
 37 24 41 39 17 32	 => 190
 45 32 17 52 35 9	 => 190
 48 9 35 34 11 53	 => 190
 41 44 12 2 51 39	 => 189
 17 39 51 6 25 52	 => 190
 35 52 25 26 18 34	 => 190


===================[TEST 3]===================

##### START ##### Thu May 15 23:23:49 2003



##### CONVERGE ##### Thu May 15 23:25:43 2003

Elapsed time: 114 seconds
Total loop: 106 generations

Result : 186.616

7 24 29 43 45 41 11 17 48 27 2 40 47 25 13 32 54 18 28 38 14 31 35 33 3 4 9 39 51 16 22 50 37 19 53 46 10 12 8 23 52 44 5 42 36 30 6 20 1 49 15 34 21 26 

 7 24 29 43 45 41	 => 189
 11 41 45 17 48 27	 => 189
 2 27 48 40 47 25	 => 189
 29 13 32 54 18 43	 => 189
 45 43 18 28 38 17	 => 189
 48 17 38 14 31 40	 => 188
 47 40 31 35 33 3	 => 189
 32 4 9 39 51 54	 => 189
 18 54 51 16 22 28	 => 189
 38 28 22 50 37 14	 => 189
 31 14 37 19 53 35	 => 189
 33 35 53 46 10 12	 => 189
 51 39 8 23 52 16	 => 189
 22 16 52 44 5 50	 => 189
 37 50 5 42 36 19	 => 189
 53 19 36 30 6 46	 => 190
 52 23 20 1 49 44	 => 189
 5 44 49 15 34 42	 => 189
 36 42 34 21 26 30	 => 189


===================[TEST 4]===================

##### START ##### Thu May 15 23:25:43 2003



##### CONVERGE ##### Thu May 15 23:28:39 2003

Elapsed time: 176 seconds
Total loop: 164 generations

Result : 186.478

9 23 41 30 51 35 5 18 47 33 25 50 31 3 6 49 42 21 40 29 34 11 37 52 8 16 20 38 24 19 43 12 32 28 48 39 10 4 1 54 53 36 26 46 45 27 2 17 7 22 15 44 13 14 

 9 23 41 30 51 35	 => 189
 5 35 51 18 47 33	 => 189
 25 33 47 50 31 3	 => 189
 41 6 49 42 21 30	 => 189
 51 30 21 40 29 18	 => 189
 47 18 29 34 11 50	 => 189
 31 50 11 37 52 8	 => 189
 49 16 20 38 24 42	 => 189
 21 42 24 19 43 40	 => 189
 29 40 43 12 32 34	 => 190
 11 34 32 28 48 37	 => 190
 52 37 48 39 10 4	 => 190
 24 38 1 54 53 19	 => 189
 43 19 53 36 26 12	 => 189
 32 12 26 46 45 28	 => 189
 48 28 45 27 2 39	 => 189
 53 54 17 7 22 36	 => 189
 26 36 22 15 44 46	 => 189
 45 46 44 13 14 27	 => 189


===================[TEST 5]===================

##### START ##### Thu May 15 23:28:39 2003



##### CONVERGE ##### Thu May 15 23:31:55 2003

Elapsed time: 196 seconds
Total loop: 182 generations

Result : 187.158

3 25 28 52 34 48 7 13 38 50 2 46 35 19 5 29 53 23 24 44 33 16 49 36 8 6 12 47 43 21 26 31 32 15 45 37 14 9 1 40 39 54 20 51 41 42 10 22 4 30 17 18 11 27 

 3 25 28 52 34 48	 => 190
 7 48 34 13 38 50	 => 190
 2 50 38 46 35 19	 => 190
 28 5 29 53 23 52	 => 190
 34 52 23 24 44 13	 => 190
 38 13 44 33 16 46	 => 190
 35 46 16 49 36 8	 => 190
 29 6 12 47 43 53	 => 190
 23 53 43 21 26 24	 => 190
 44 24 26 31 32 33	 => 190
 16 33 32 15 45 49	 => 190
 36 49 45 37 14 9	 => 190
 43 47 1 40 39 21	 => 191
 26 21 39 54 20 31	 => 191
 32 31 20 51 41 15	 => 190
 45 15 41 42 10 37	 => 190
 39 40 22 4 30 54	 => 189
 20 54 30 17 18 51	 => 190
 41 51 18 11 27 42	 => 190


===================[TEST 6]===================

##### START ##### Thu May 15 23:31:55 2003



##### CONVERGE ##### Thu May 15 23:34:11 2003

Elapsed time: 136 seconds
Total loop: 126 generations

Result : 186.85

28 2 38 51 42 29 9 32 50 27 4 41 43 24 5 21 52 22 23 19 36 11 34 44 16 8 14 49 45 17 31 33 47 7 54 35 10 12 1 37 40 53 15 39 48 25 20 3 26 30 6 46 13 18 

 28 2 38 51 42 29	 => 190
 9 29 42 32 50 27	 => 189
 4 27 50 41 43 24	 => 189
 38 5 21 52 22 51	 => 189
 42 51 22 23 19 32	 => 189
 50 32 19 36 11 41	 => 189
 43 41 11 34 44 16	 => 189
 21 8 14 49 45 52	 => 189
 22 52 45 17 31 23	 => 190
 19 23 31 33 47 36	 => 189
 11 36 47 7 54 34	 => 189
 44 34 54 35 10 12	 => 189
 45 49 1 37 40 17	 => 189
 31 17 40 53 15 33	 => 189
 47 33 15 39 48 7	 => 189
 54 7 48 25 20 35	 => 189
 40 37 3 26 30 53	 => 189
 15 53 30 6 46 39	 => 189
 48 39 46 13 18 25	 => 189


===================[TEST 7]===================

##### START ##### Thu May 15 23:34:11 2003



##### CONVERGE ##### Thu May 15 23:37:24 2003

Elapsed time: 193 seconds
Total loop: 182 generations

Result : 185.794

27 5 34 35 45 42 1 26 43 32 11 47 38 18 8 51 52 9 41 33 16 24 53 14 13 4 20 25 36 21 30 29 40 7 49 54 2 17 15 48 44 37 28 39 46 23 10 6 22 31 3 50 19 12 

 27 5 34 35 45 42	 => 188
 1 42 45 26 43 32	 => 189
 11 32 43 47 38 18	 => 189
 34 8 51 52 9 35	 => 189
 45 35 9 41 33 26	 => 189
 43 26 33 16 24 47	 => 189
 38 47 24 53 14 13	 => 189
 51 4 20 25 36 52	 => 188
 9 52 36 21 30 41	 => 189
 33 41 30 29 40 16	 => 189
 24 16 40 7 49 53	 => 189
 14 53 49 54 2 17	 => 189
 36 25 15 48 44 21	 => 189
 30 21 44 37 28 29	 => 189
 40 29 28 39 46 7	 => 189
 49 7 46 23 10 54	 => 189
 44 48 6 22 31 37	 => 188
 28 37 31 3 50 39	 => 188
 46 39 50 19 12 23	 => 189


===================[TEST 8]===================

##### START ##### Thu May 15 23:37:24 2003



##### CONVERGE ##### Thu May 15 23:41:30 2003

Elapsed time: 246 seconds
Total loop: 225 generations

Result : 187.85

11 10 29 51 45 44 1 13 50 37 2 40 43 18 14 25 54 17 30 34 35 19 47 21 20 8 3 49 52 9 28 32 31 16 42 39 26 15 4 23 53 46 22 41 48 38 7 27 5 36 12 33 6 24 

 11 10 29 51 45 44	 => 190
 1 44 45 13 50 37	 => 190
 2 37 50 40 43 18	 => 190
 29 14 25 54 17 51	 => 190
 45 51 17 30 34 13	 => 190
 50 13 34 35 19 40	 => 191
 43 40 19 47 21 20	 => 190
 25 8 3 49 52 54	 => 191
 17 54 52 9 28 30	 => 190
 34 30 28 32 31 35	 => 190
 19 35 31 16 42 47	 => 190
 21 47 42 39 26 15	 => 190
 52 49 4 23 53 9	 => 190
 28 9 53 46 22 32	 => 190
 31 32 22 41 48 16	 => 190
 42 16 48 38 7 39	 => 190
 53 23 27 5 36 46	 => 190
 22 46 36 12 33 41	 => 190
 48 41 33 6 24 38	 => 190


===================[TEST 9]===================

##### START ##### Thu May 15 23:41:30 2003



##### CONVERGE ##### Thu May 15 23:44:30 2003

Elapsed time: 180 seconds
Total loop: 168 generations

Result : 187.64

20 12 31 53 29 45 15 19 40 42 18 47 33 10 6 30 48 22 26 41 16 27 54 28 1 25 4 39 43 17 34 49 24 23 46 32 21 9 3 50 38 44 8 51 35 52 2 14 7 37 13 36 11 5 

 20 12 31 53 29 45	 => 190
 15 45 29 19 40 42	 => 190
 18 42 40 47 33 10	 => 190
 31 6 30 48 22 53	 => 190
 29 53 22 26 41 19	 => 190
 40 19 41 16 27 47	 => 190
 33 47 27 54 28 1	 => 190
 30 25 4 39 43 48	 => 189
 22 48 43 17 34 26	 => 190
 41 26 34 49 24 16	 => 190
 27 16 24 23 46 54	 => 190
 28 54 46 32 21 9	 => 190
 43 39 3 50 38 17	 => 190
 34 17 38 44 8 49	 => 190
 24 49 8 51 35 23	 => 190
 46 23 35 52 2 32	 => 190
 38 50 14 7 37 44	 => 190
 8 44 37 13 36 51	 => 189
 35 51 36 11 5 52	 => 190


===================[TEST 10]===================

##### START ##### Thu May 15 23:44:30 2003



##### CONVERGE ##### Thu May 15 23:47:38 2003

Elapsed time: 188 seconds
Total loop: 174 generations

Result : 188.412

25 1 37 54 49 24 10 29 32 46 13 50 33 16 2 43 47 7 21 30 26 23 44 34 6 5 15 27 53 22 40 31 42 20 35 51 9 18 8 39 41 52 4 48 45 28 11 17 3 38 12 36 14 19 

 25 1 37 54 49 24	 => 190
 10 24 49 29 32 46	 => 190
 13 46 32 50 33 16	 => 190
 37 2 43 47 7 54	 => 190
 49 54 7 21 30 29	 => 190
 32 29 30 26 23 50	 => 190
 33 50 23 44 34 6	 => 190
 43 5 15 27 53 47	 => 190
 7 47 53 22 40 21	 => 190
 30 21 40 31 42 26	 => 190
 23 26 42 20 35 44	 => 190
 34 44 35 51 9 18	 => 191
 53 27 8 39 41 22	 => 190
 40 22 41 52 4 31	 => 190
 42 31 4 48 45 20	 => 190
 35 20 45 28 11 51	 => 190
 41 39 17 3 38 52	 => 190
 4 52 38 12 36 48	 => 190
 45 48 36 14 19 28	 => 190



test#	fitness		sum		time
---------------------------------------------------
1	187.794				194
2	187.158				140
3	186.616				114
4	186.478				176
5	187.158				196
6	186.85				136
7	185.794				193
8	187.85				246
9	187.64				180
10	188.412				188


---------------------------------------------------
Best fitness      : 188.412 ( test# 10)
Shortest time     : 114 ( test# 3)

Average fitness   : 187.175
Average time      : 176.3
