****************** GA TEST *******************

total test#:			 10
hexa min width:			 3
hexa max width:			 5
hexa count:			 19
number count:			 54
population size:		 130
generation size:		 50

tournament winner p:		 1
do xover p:			 1
xover:				 2points
do mutation1 p:			 0.1
mutation1 p:			 0.05
do optimize p:			 1
local optimize count:		 6000
do deep better optimize p:	 1
do deep worse optimize p:	 0
do spin p:			 0
spin count:			 1000
do spin apply p:		 1
do mutation2 p:			 0.12
mutation2 p:			 0.08
force mutation2:		 0
replace bad p:			 0.195

converge rate p:		 0.99
converge count:			 1

**********************************************


===================[TEST 1]===================

##### START ##### Fri May 16 13:58:30 2003



##### CONVERGE ##### Fri May 16 14:05:13 2003

Elapsed time: 403 seconds
Total loop: 122 generations

Result (Solution) : 190

10 15 38 50 49 28 9 19 51 34 21 41 32 11 1 42 47 12 31 29 26 24 46 44 3 6 20 27 48 30 22 45 37 18 39 52 2 7 16 33 36 43 14 53 23 54 4 13 25 40 5 35 8 17 

 10 15 38 50 49 28	 => 190
 9 28 49 19 51 34	 => 190
 21 34 51 41 32 11	 => 190
 38 1 42 47 12 50	 => 190
 49 50 12 31 29 19	 => 190
 51 19 29 26 24 41	 => 190
 32 41 24 46 44 3	 => 190
 42 6 20 27 48 47	 => 190
 12 47 48 30 22 31	 => 190
 29 31 22 45 37 26	 => 190
 24 26 37 18 39 46	 => 190
 44 46 39 52 2 7	 => 190
 48 27 16 33 36 30	 => 190
 22 30 36 43 14 45	 => 190
 37 45 14 53 23 18	 => 190
 39 18 23 54 4 52	 => 190
 36 33 13 25 40 43	 => 190
 14 43 40 5 35 53	 => 190
 23 53 35 8 17 54	 => 190


===================[TEST 2]===================

##### START ##### Fri May 16 14:05:13 2003



##### CONVERGE ##### Fri May 16 14:09:29 2003

Elapsed time: 256 seconds
Total loop: 83 generations

Result : 187.64

19 5 34 53 29 50 3 30 54 24 21 44 42 4 9 38 31 25 33 20 32 10 51 27 16 13 7 52 49 12 40 37 28 22 46 35 8 23 2 36 39 47 15 43 45 41 1 14 6 48 11 26 18 17 

 19 5 34 53 29 50	 => 190
 3 50 29 30 54 24	 => 190
 21 24 54 44 42 4	 => 189
 34 9 38 31 25 53	 => 190
 29 53 25 33 20 30	 => 190
 54 30 20 32 10 44	 => 190
 42 44 10 51 27 16	 => 190
 38 13 7 52 49 31	 => 190
 25 31 49 12 40 33	 => 190
 20 33 40 37 28 32	 => 190
 10 32 28 22 46 51	 => 189
 27 51 46 35 8 23	 => 190
 49 52 2 36 39 12	 => 190
 40 12 39 47 15 37	 => 190
 28 37 15 43 45 22	 => 190
 46 22 45 41 1 35	 => 190
 39 36 14 6 48 47	 => 190
 15 47 48 11 26 43	 => 190
 45 43 26 18 17 41	 => 190


===================[TEST 3]===================

##### START ##### Fri May 16 14:09:29 2003



##### CONVERGE ##### Fri May 16 14:14:33 2003

Elapsed time: 304 seconds
Total loop: 98 generations

Result : 187.85

3 6 42 54 35 50 4 19 53 29 9 43 44 12 2 40 36 16 46 20 31 25 41 27 10 8 7 51 48 11 33 39 21 24 49 37 14 22 1 47 32 52 23 38 45 30 5 13 18 28 15 34 17 26 

 3 6 42 54 35 50	 => 190
 4 50 35 19 53 29	 => 190
 9 29 53 43 44 12	 => 190
 42 2 40 36 16 54	 => 190
 35 54 16 46 20 19	 => 190
 53 19 20 31 25 43	 => 191
 44 43 25 41 27 10	 => 190
 40 8 7 51 48 36	 => 190
 16 36 48 11 33 46	 => 190
 20 46 33 39 21 31	 => 190
 25 31 21 24 49 41	 => 191
 27 41 49 37 14 22	 => 190
 48 51 1 47 32 11	 => 190
 33 11 32 52 23 39	 => 190
 21 39 23 38 45 24	 => 190
 49 24 45 30 5 37	 => 190
 32 47 13 18 28 52	 => 190
 23 52 28 15 34 38	 => 190
 45 38 34 17 26 30	 => 190


===================[TEST 4]===================

##### START ##### Fri May 16 14:14:33 2003



##### CONVERGE ##### Fri May 16 14:23:18 2003

Elapsed time: 525 seconds
Total loop: 141 generations

Result : 188.163

7 5 47 54 49 29 9 17 43 44 15 51 28 10 3 32 46 8 33 30 36 14 52 34 12 2 23 35 53 24 27 39 25 19 45 37 22 1 6 31 41 40 20 50 38 48 4 16 21 42 13 26 11 18 

 7 5 47 54 49 29	 => 191
 9 29 49 17 43 44	 => 191
 15 44 43 51 28 10	 => 191
 47 3 32 46 8 54	 => 190
 49 54 8 33 30 17	 => 191
 43 17 30 36 14 51	 => 191
 28 51 14 52 34 12	 => 191
 32 2 23 35 53 46	 => 191
 8 46 53 24 27 33	 => 191
 30 33 27 39 25 36	 => 190
 14 36 25 19 45 52	 => 191
 34 52 45 37 22 1	 => 191
 53 35 6 31 41 24	 => 190
 27 24 41 40 20 39	 => 191
 25 39 20 50 38 19	 => 191
 45 19 38 48 4 37	 => 191
 41 31 16 21 42 40	 => 191
 20 40 42 13 26 50	 => 191
 38 50 26 11 18 48	 => 191


===================[TEST 5]===================

##### START ##### Fri May 16 14:23:18 2003



##### CONVERGE ##### Fri May 16 14:33:48 2003

Elapsed time: 630 seconds
Total loop: 141 generations

Result : 187.85

9 13 32 54 39 43 2 6 47 53 4 48 37 1 5 38 45 17 40 34 29 26 44 25 11 23 7 28 49 21 18 42 27 12 52 35 19 15 10 31 51 36 22 46 41 30 20 8 14 50 3 33 16 24 

 9 13 32 54 39 43	 => 190
 2 43 39 6 47 53	 => 190
 4 53 47 48 37 1	 => 190
 32 5 38 45 17 54	 => 191
 39 54 17 40 34 6	 => 190
 47 6 34 29 26 48	 => 190
 37 48 26 44 25 11	 => 191
 38 23 7 28 49 45	 => 190
 17 45 49 21 18 40	 => 190
 34 40 18 42 27 29	 => 190
 26 29 27 12 52 44	 => 190
 25 44 52 35 19 15	 => 190
 49 28 10 31 51 21	 => 190
 18 21 51 36 22 42	 => 190
 27 42 22 46 41 12	 => 190
 52 12 41 30 20 35	 => 190
 51 31 8 14 50 36	 => 190
 22 36 50 3 33 46	 => 190
 41 46 33 16 24 30	 => 190


===================[TEST 6]===================

##### START ##### Fri May 16 14:33:48 2003



##### CONVERGE ##### Fri May 16 14:40:14 2003

Elapsed time: 386 seconds
Total loop: 87 generations

Result : 187.163

11 5 46 37 48 43 8 15 36 40 13 50 34 17 4 51 30 21 38 31 32 26 53 25 2 16 7 45 41 20 39 28 22 24 33 42 14 23 6 29 49 44 10 52 54 35 1 12 9 47 18 19 3 27 

 11 5 46 37 48 43	 => 190
 8 43 48 15 36 40	 => 190
 13 40 36 50 34 17	 => 190
 46 4 51 30 21 37	 => 189
 48 37 21 38 31 15	 => 190
 36 15 31 32 26 50	 => 190
 34 50 26 53 25 2	 => 190
 51 16 7 45 41 30	 => 190
 21 30 41 20 39 38	 => 189
 31 38 39 28 22 32	 => 190
 26 32 22 24 33 53	 => 190
 25 53 33 42 14 23	 => 190
 41 45 6 29 49 20	 => 190
 39 20 49 44 10 28	 => 190
 22 28 10 52 54 24	 => 190
 33 24 54 35 1 42	 => 189
 49 29 12 9 47 44	 => 190
 10 44 47 18 19 52	 => 190
 54 52 19 3 27 35	 => 190


===================[TEST 7]===================

##### START ##### Fri May 16 14:40:14 2003



##### CONVERGE ##### Fri May 16 14:50:55 2003

Elapsed time: 641 seconds
Total loop: 141 generations

Result (Solution) : 190

4 7 41 50 52 36 18 8 51 25 16 47 48 3 6 32 49 12 33 35 38 11 43 39 2 15 22 27 45 28 23 31 30 24 44 37 26 1 10 34 46 53 9 54 42 29 14 19 17 21 13 40 5 20 

 4 7 41 50 52 36	 => 190
 18 36 52 8 51 25	 => 190
 16 25 51 47 48 3	 => 190
 41 6 32 49 12 50	 => 190
 52 50 12 33 35 8	 => 190
 51 8 35 38 11 47	 => 190
 48 47 11 43 39 2	 => 190
 32 15 22 27 45 49	 => 190
 12 49 45 28 23 33	 => 190
 35 33 23 31 30 38	 => 190
 11 38 30 24 44 43	 => 190
 39 43 44 37 26 1	 => 190
 45 27 10 34 46 28	 => 190
 23 28 46 53 9 31	 => 190
 30 31 9 54 42 24	 => 190
 44 24 42 29 14 37	 => 190
 46 34 19 17 21 53	 => 190
 9 53 21 13 40 54	 => 190
 42 54 40 5 20 29	 => 190


===================[TEST 8]===================

##### START ##### Fri May 16 14:50:55 2003



##### CONVERGE ##### Fri May 16 14:57:35 2003

Elapsed time: 400 seconds
Total loop: 113 generations

Result : 187.794

2 9 30 54 43 53 1 14 50 29 17 51 27 16 6 48 34 18 37 25 28 23 47 36 7 8 11 41 49 20 33 42 26 21 46 44 15 3 4 31 45 39 12 52 38 32 10 22 19 35 13 40 24 5 

 2 9 30 54 43 53	 => 191
 1 53 43 14 50 29	 => 190
 17 29 50 51 27 16	 => 190
 30 6 48 34 18 54	 => 190
 43 54 18 37 25 14	 => 191
 50 14 25 28 23 51	 => 191
 27 51 23 47 36 7	 => 191
 48 8 11 41 49 34	 => 191
 18 34 49 20 33 37	 => 191
 25 37 33 42 26 28	 => 191
 23 28 26 21 46 47	 => 191
 36 47 46 44 15 3	 => 191
 49 41 4 31 45 20	 => 190
 33 20 45 39 12 42	 => 191
 26 42 12 52 38 21	 => 191
 46 21 38 32 10 44	 => 191
 45 31 22 19 35 39	 => 191
 12 39 35 13 40 52	 => 191
 38 52 40 24 5 32	 => 191


===================[TEST 9]===================

##### START ##### Fri May 16 14:57:35 2003



##### CONVERGE ##### Fri May 16 15:03:37 2003

Elapsed time: 362 seconds
Total loop: 101 generations

Result : 187.478

5 9 37 50 51 38 2 18 54 27 15 48 35 11 20 33 34 16 30 26 32 12 42 49 4 25 13 40 45 24 41 17 44 7 53 43 3 1 14 28 39 46 23 47 52 29 6 19 22 36 8 31 21 10 

 5 9 37 50 51 38	 => 190
 2 38 51 18 54 27	 => 190
 15 27 54 48 35 11	 => 190
 37 20 33 34 16 50	 => 190
 51 50 16 30 26 18	 => 191
 54 18 26 32 12 48	 => 190
 35 48 12 42 49 4	 => 190
 33 25 13 40 45 34	 => 190
 16 34 45 24 41 30	 => 190
 26 30 41 17 44 32	 => 190
 12 32 44 7 53 42	 => 190
 49 42 53 43 3 1	 => 191
 45 40 14 28 39 24	 => 190
 41 24 39 46 23 17	 => 190
 44 17 23 47 52 7	 => 190
 53 7 52 29 6 43	 => 190
 39 28 19 22 36 46	 => 190
 23 46 36 8 31 47	 => 191
 52 47 31 21 10 29	 => 190


===================[TEST 10]===================

##### START ##### Fri May 16 15:03:37 2003



##### CONVERGE ##### Fri May 16 15:08:50 2003

Elapsed time: 313 seconds
Total loop: 87 generations

Result (Solution) : 188

4 1 46 48 45 44 5 22 35 37 17 50 36 13 8 24 39 23 18 32 42 7 47 38 10 3 30 40 52 2 54 27 15 34 43 26 14 20 12 49 33 41 31 53 28 51 6 19 21 25 9 29 16 11 

 4 1 46 48 45 44	 => 188
 5 44 45 22 35 37	 => 188
 17 37 35 50 36 13	 => 188
 46 8 24 39 23 48	 => 188
 45 48 23 18 32 22	 => 188
 35 22 32 42 7 50	 => 188
 36 50 7 47 38 10	 => 188
 24 3 30 40 52 39	 => 188
 23 39 52 2 54 18	 => 188
 32 18 54 27 15 42	 => 188
 7 42 15 34 43 47	 => 188
 38 47 43 26 14 20	 => 188
 52 40 12 49 33 2	 => 188
 54 2 33 41 31 27	 => 188
 15 27 31 53 28 34	 => 188
 43 34 28 51 6 26	 => 188
 33 49 19 21 25 41	 => 188
 31 41 25 9 29 53	 => 188
 28 53 29 16 11 51	 => 188



test#	fitness		sum		time
---------------------------------------------------
1	190		190		403
2	187.64				256
3	187.85				304
4	188.163				525
5	187.85				630
6	187.163				386
7	190		190		641
8	187.794				400
9	187.478				362
10	188		188		313


---------------------------------------------------
Best fitness      : 190 ( test# 1)
Best solution sum : 190 ( test# 1)
Shortest time     : 256 ( test# 2)

Average fitness   : 188.194
Average sol. sum  : 189.333
Average time      : 422
