****************** GA TEST *******************

total test#:			 10
hexa min width:			 3
hexa max width:			 5
hexa count:			 19
number count:			 54
population size:		 90
generation size:		 50

tournament winner p:		 1
do xover p:			 1
xover:				 2points
do mutation1 p:			 0.1
mutation1 p:			 0.05
do optimize p:			 1
local optimize count:		 6000
do deep better optimize p:	 1
do deep worse optimize p:	 0
do spin p:			 0
spin count:			 1000
do spin apply p:		 1
do mutation2 p:			 0.12
mutation2 p:			 0.08
force mutation2:		 0
replace bad p:			 0.195

converge rate p:		 0.99
converge count:			 1

**********************************************


===================[TEST 1]===================

##### START ##### Fri May 16 10:51:58 2003



##### CONVERGE ##### Fri May 16 10:55:15 2003

Elapsed time: 197 seconds
Total loop: 62 generations

Result : 186.64

11 6 46 54 45 27 7 18 52 40 12 48 20 17 14 21 51 3 39 30 19 22 49 26 24 15 10 50 42 23 31 34 36 16 47 53 5 9 1 43 29 44 28 38 37 32 4 13 25 35 2 41 33 8 

 11 6 46 54 45 27	 => 189
 7 27 45 18 52 40	 => 189
 12 40 52 48 20 17	 => 189
 46 14 21 51 3 54	 => 189
 45 54 3 39 30 18	 => 189
 52 18 30 19 22 48	 => 189
 20 48 22 49 26 24	 => 189
 21 15 10 50 42 51	 => 189
 3 51 42 23 31 39	 => 189
 30 39 31 34 36 19	 => 189
 22 19 36 16 47 49	 => 189
 26 49 47 53 5 9	 => 189
 42 50 1 43 29 23	 => 188
 31 23 29 44 28 34	 => 189
 36 34 28 38 37 16	 => 189
 47 16 37 32 4 53	 => 189
 29 43 13 25 35 44	 => 189
 28 44 35 2 41 38	 => 188
 37 38 41 33 8 32	 => 189


===================[TEST 2]===================

##### START ##### Fri May 16 10:55:15 2003



##### CONVERGE ##### Fri May 16 10:59:26 2003

Elapsed time: 251 seconds
Total loop: 81 generations

Result : 187.478

8 10 51 46 52 23 4 21 54 37 15 41 40 3 5 33 53 2 43 26 31 17 47 36 9 19 14 42 29 25 38 22 30 20 45 49 6 7 11 35 48 34 24 50 44 32 1 18 28 27 16 39 13 12 

 8 10 51 46 52 23	 => 190
 4 23 52 21 54 37	 => 191
 15 37 54 41 40 3	 => 190
 51 5 33 53 2 46	 => 190
 52 46 2 43 26 21	 => 190
 54 21 26 31 17 41	 => 190
 40 41 17 47 36 9	 => 190
 33 19 14 42 29 53	 => 190
 2 53 29 25 38 43	 => 190
 26 43 38 22 30 31	 => 190
 17 31 30 20 45 47	 => 190
 36 47 45 49 6 7	 => 190
 29 42 11 35 48 25	 => 190
 38 25 48 34 24 22	 => 191
 30 22 24 50 44 20	 => 190
 45 20 44 32 1 49	 => 191
 48 35 18 28 27 34	 => 190
 24 34 27 16 39 50	 => 190
 44 50 39 13 12 32	 => 190


===================[TEST 3]===================

##### START ##### Fri May 16 10:59:26 2003



##### CONVERGE ##### Fri May 16 11:03:34 2003

Elapsed time: 248 seconds
Total loop: 72 generations

Result : 187.85

17 24 33 44 43 29 7 28 46 37 8 47 41 11 5 31 51 26 27 22 35 13 54 23 12 21 3 34 50 4 32 49 25 10 53 40 18 2 16 39 48 38 19 45 42 36 9 20 15 30 6 52 1 14 

 17 24 33 44 43 29	 => 190
 7 29 43 28 46 37	 => 190
 8 37 46 47 41 11	 => 190
 33 5 31 51 26 44	 => 190
 43 44 26 27 22 28	 => 190
 46 28 22 35 13 47	 => 191
 41 47 13 54 23 12	 => 190
 31 21 3 34 50 51	 => 190
 26 51 50 4 32 27	 => 190
 22 27 32 49 25 35	 => 190
 13 35 25 10 53 54	 => 190
 23 54 53 40 18 2	 => 190
 50 34 16 39 48 4	 => 191
 32 4 48 38 19 49	 => 190
 25 49 19 45 42 10	 => 190
 53 10 42 36 9 40	 => 190
 48 39 20 15 30 38	 => 190
 19 38 30 6 52 45	 => 190
 42 45 52 1 14 36	 => 190


===================[TEST 4]===================

##### START ##### Fri May 16 11:03:35 2003



##### CONVERGE ##### Fri May 16 11:08:26 2003

Elapsed time: 291 seconds
Total loop: 89 generations

Result : 187.85

17 13 32 46 35 47 5 10 53 40 2 39 49 7 9 25 45 33 37 29 43 16 44 41 1 22 20 48 30 21 24 31 26 12 50 28 4 23 3 34 54 42 18 52 51 38 11 14 19 27 15 36 8 6 

 17 13 32 46 35 47	 => 190
 5 47 35 10 53 40	 => 190
 2 40 53 39 49 7	 => 190
 32 9 25 45 33 46	 => 190
 35 46 33 37 29 10	 => 190
 53 10 29 43 16 39	 => 190
 49 39 16 44 41 1	 => 190
 25 22 20 48 30 45	 => 190
 33 45 30 21 24 37	 => 190
 29 37 24 31 26 43	 => 190
 16 43 26 12 50 44	 => 191
 41 44 50 28 4 23	 => 190
 30 48 3 34 54 21	 => 190
 24 21 54 42 18 31	 => 190
 26 31 18 52 51 12	 => 190
 50 12 51 38 11 28	 => 190
 54 34 14 19 27 42	 => 190
 18 42 27 15 36 52	 => 190
 51 52 36 8 6 38	 => 191


===================[TEST 5]===================

##### START ##### Fri May 16 11:08:26 2003



##### CONVERGE ##### Fri May 16 11:11:49 2003

Elapsed time: 203 seconds
Total loop: 65 generations

Result : 187.85

22 5 47 41 48 27 6 17 42 50 1 51 28 18 3 44 25 30 20 34 31 15 46 38 12 21 9 37 54 19 43 26 36 13 49 29 24 4 2 33 45 35 23 40 52 39 8 14 10 53 7 32 16 11 

 22 5 47 41 48 27	 => 190
 6 27 48 17 42 50	 => 190
 1 50 42 51 28 18	 => 190
 47 3 44 25 30 41	 => 190
 48 41 30 20 34 17	 => 190
 42 17 34 31 15 51	 => 190
 28 51 15 46 38 12	 => 190
 44 21 9 37 54 25	 => 190
 30 25 54 19 43 20	 => 191
 34 20 43 26 36 31	 => 190
 15 31 36 13 49 46	 => 190
 38 46 49 29 24 4	 => 190
 54 37 2 33 45 19	 => 190
 43 19 45 35 23 26	 => 191
 36 26 23 40 52 13	 => 190
 49 13 52 39 8 29	 => 190
 45 33 14 10 53 35	 => 190
 23 35 53 7 32 40	 => 190
 52 40 32 16 11 39	 => 190


===================[TEST 6]===================

##### START ##### Fri May 16 11:11:49 2003



##### CONVERGE ##### Fri May 16 11:16:59 2003

Elapsed time: 310 seconds
Total loop: 93 generations

Result : 186.85

15 27 32 40 37 38 2 24 39 49 10 48 30 13 7 34 53 23 20 45 25 9 50 52 1 5 16 46 35 11 47 31 21 33 51 29 3 4 12 43 42 44 14 54 36 22 18 6 26 28 8 41 17 19 

 15 27 32 40 37 38	 => 189
 2 38 37 24 39 49	 => 189
 10 49 39 48 30 13	 => 189
 32 7 34 53 23 40	 => 189
 37 40 23 20 45 24	 => 189
 39 24 45 25 9 48	 => 190
 30 48 9 50 52 1	 => 190
 34 5 16 46 35 53	 => 189
 23 53 35 11 47 20	 => 189
 45 20 47 31 21 25	 => 189
 9 25 21 33 51 50	 => 189
 52 50 51 29 3 4	 => 189
 35 46 12 43 42 11	 => 189
 47 11 42 44 14 31	 => 189
 21 31 14 54 36 33	 => 189
 51 33 36 22 18 29	 => 189
 42 43 6 26 28 44	 => 189
 14 44 28 8 41 54	 => 189
 36 54 41 17 19 22	 => 189


===================[TEST 7]===================

##### START ##### Fri May 16 11:16:59 2003



##### CONVERGE ##### Fri May 16 11:20:50 2003

Elapsed time: 231 seconds
Total loop: 65 generations

Result : 187.215

12 11 49 35 54 29 1 10 46 50 6 48 25 15 9 31 44 22 37 32 36 18 52 40 7 16 20 45 34 26 28 19 38 13 33 47 4 14 17 27 42 51 24 43 53 39 5 21 8 41 2 30 23 3 

 12 11 49 35 54 29	 => 190
 1 29 54 10 46 50	 => 190
 6 50 46 48 25 15	 => 190
 49 9 31 44 22 35	 => 190
 54 35 22 37 32 10	 => 190
 46 10 32 36 18 48	 => 190
 25 48 18 52 40 7	 => 190
 31 16 20 45 34 44	 => 190
 22 44 34 26 28 37	 => 191
 32 37 28 19 38 36	 => 190
 18 36 38 13 33 52	 => 190
 40 52 33 47 4 14	 => 190
 34 45 17 27 42 26	 => 191
 28 26 42 51 24 19	 => 190
 38 19 24 43 53 13	 => 190
 33 13 53 39 5 47	 => 190
 42 27 21 8 41 51	 => 190
 24 51 41 2 30 43	 => 191
 53 43 30 23 3 39	 => 191


===================[TEST 8]===================

##### START ##### Fri May 16 11:20:51 2003



##### CONVERGE ##### Fri May 16 11:24:04 2003

Elapsed time: 193 seconds
Total loop: 52 generations

Result : 188.412

17 9 34 33 54 43 3 10 44 36 7 46 37 20 5 53 41 24 29 40 27 23 35 48 1 12 11 26 47 21 28 16 50 25 30 45 13 19 15 31 51 52 22 38 39 49 2 8 6 42 4 32 14 18 

 17 9 34 33 54 43	 => 190
 3 43 54 10 44 36	 => 190
 7 36 44 46 37 20	 => 190
 34 5 53 41 24 33	 => 190
 54 33 24 29 40 10	 => 190
 44 10 40 27 23 46	 => 190
 37 46 23 35 48 1	 => 190
 53 12 11 26 47 41	 => 190
 24 41 47 21 28 29	 => 190
 40 29 28 16 50 27	 => 190
 23 27 50 25 30 35	 => 190
 48 35 30 45 13 19	 => 190
 47 26 15 31 51 21	 => 191
 28 21 51 52 22 16	 => 190
 50 16 22 38 39 25	 => 190
 30 25 39 49 2 45	 => 190
 51 31 8 6 42 52	 => 190
 22 52 42 4 32 38	 => 190
 39 38 32 14 18 49	 => 190


===================[TEST 9]===================

##### START ##### Fri May 16 11:24:04 2003



##### CONVERGE ##### Fri May 16 11:34:55 2003

Elapsed time: 651 seconds
Total loop: 158 generations

Result : 188.163

10 20 38 54 34 35 3 15 51 53 14 40 29 4 5 30 47 17 39 32 31 22 50 43 7 6 23 48 37 24 27 33 28 18 42 36 1 19 9 26 46 45 16 52 44 49 2 21 11 41 12 25 8 13 

 10 20 38 54 34 35	 => 191
 3 35 34 15 51 53	 => 191
 14 53 51 40 29 4	 => 191
 38 5 30 47 17 54	 => 191
 34 54 17 39 32 15	 => 191
 51 15 32 31 22 40	 => 191
 29 40 22 50 43 7	 => 191
 30 6 23 48 37 47	 => 191
 17 47 37 24 27 39	 => 191
 32 39 27 33 28 31	 => 190
 22 31 28 18 42 50	 => 191
 43 50 42 36 1 19	 => 191
 37 48 9 26 46 24	 => 190
 27 24 46 45 16 33	 => 191
 28 33 16 52 44 18	 => 191
 42 18 44 49 2 36	 => 191
 46 26 21 11 41 45	 => 190
 16 45 41 12 25 52	 => 191
 44 52 25 8 13 49	 => 191


===================[TEST 10]===================

##### START ##### Fri May 16 11:34:55 2003



##### CONVERGE ##### Fri May 16 11:37:33 2003

Elapsed time: 158 seconds
Total loop: 47 generations

Result : 187.306

16 25 15 53 37 43 11 20 46 32 9 52 29 21 6 51 50 14 30 35 28 8 42 54 3 5 13 31 39 34 22 27 47 24 40 33 18 2 4 36 45 49 12 38 41 44 7 1 10 48 19 23 26 17 

 16 25 15 53 37 43	 => 189
 11 43 37 20 46 32	 => 189
 9 32 46 52 29 21	 => 189
 15 6 51 50 14 53	 => 189
 37 53 14 30 35 20	 => 189
 46 20 35 28 8 52	 => 189
 29 52 8 42 54 3	 => 188
 51 5 13 31 39 50	 => 189
 14 50 39 34 22 30	 => 189
 35 30 22 27 47 28	 => 189
 8 28 47 24 40 42	 => 189
 54 42 40 33 18 2	 => 189
 39 31 4 36 45 34	 => 189
 22 34 45 49 12 27	 => 189
 47 27 12 38 41 24	 => 189
 40 24 41 44 7 33	 => 189
 45 36 1 10 48 49	 => 189
 12 49 48 19 23 38	 => 189
 41 38 23 26 17 44	 => 189



test#	fitness		sum		time
---------------------------------------------------
1	186.64				197
2	187.478				251
3	187.85				248
4	187.85				291
5	187.85				203
6	186.85				310
7	187.215				231
8	188.412				193
9	188.163				651
10	187.306				158


---------------------------------------------------
Best fitness      : 188.412 ( test# 8)
Shortest time     : 158 ( test# 10)

Average fitness   : 187.561
Average time      : 273.3
