****************** GA TEST *******************

total test#:			 10
hexa min width:			 3
hexa max width:			 5
hexa count:			 19
number count:			 54
population size:		 110
generation size:		 12

tournament winner p:		 1
do xover p:			 1
xover:				 2points
do mutation1 p:			 0.1
mutation1 p:			 0.05
do optimize p:			 1
local optimize count:		 6000
do deep better optimize p:	 1
do deep worse optimize p:	 0
do spin p:			 0
spin count:			 1000
do spin apply p:		 1
do mutation2 p:			 0.12
mutation2 p:			 0.08
force mutation2:		 0
replace bad p:			 0.195

converge rate p:		 0.99
converge count:			 1

**********************************************


===================[TEST 1]===================

##### START ##### Thu May 15 18:45:19 2003



##### CONVERGE ##### Thu May 15 18:49:10 2003

Elapsed time: 231 seconds
Total loop: 248 generations

Result : 186.163

2 19 25 44 50 49 4 18 27 41 6 54 39 22 12 28 47 33 13 31 51 8 48 38 1 20 16 26 52 9 35 36 23 17 42 32 7 21 11 46 45 34 30 43 40 53 5 3 24 37 15 29 10 14 

 2 19 25 44 50 49	 => 189
 4 49 50 18 27 41	 => 189
 6 41 27 54 39 22	 => 189
 25 12 28 47 33 44	 => 189
 50 44 33 13 31 18	 => 189
 27 18 31 51 8 54	 => 189
 39 54 8 48 38 1	 => 188
 28 20 16 26 52 47	 => 189
 33 47 52 9 35 13	 => 189
 31 13 35 36 23 51	 => 189
 8 51 23 17 42 48	 => 189
 38 48 42 32 7 21	 => 188
 52 26 11 46 45 9	 => 189
 35 9 45 34 30 36	 => 189
 23 36 30 43 40 17	 => 189
 42 17 40 53 5 32	 => 189
 45 46 3 24 37 34	 => 189
 30 34 37 15 29 43	 => 188
 40 43 29 10 14 53	 => 189


===================[TEST 2]===================

##### START ##### Thu May 15 18:49:10 2003



##### CONVERGE ##### Thu May 15 18:53:35 2003

Elapsed time: 265 seconds
Total loop: 261 generations

Result : 187.412

3 8 42 47 52 37 1 20 50 29 6 46 49 9 7 44 45 5 54 11 43 19 22 40 13 12 16 39 33 28 24 26 31 21 53 41 18 15 2 36 51 35 25 48 38 32 4 10 23 34 17 30 14 27 

 3 8 42 47 52 37	 => 189
 1 37 52 20 50 29	 => 189
 6 29 50 46 49 9	 => 189
 42 7 44 45 5 47	 => 190
 52 47 5 54 11 20	 => 189
 50 20 11 43 19 46	 => 189
 49 46 19 22 40 13	 => 189
 44 12 16 39 33 45	 => 189
 5 45 33 28 24 54	 => 189
 11 54 24 26 31 43	 => 189
 19 43 31 21 53 22	 => 189
 40 22 53 41 18 15	 => 189
 33 39 2 36 51 28	 => 189
 24 28 51 35 25 26	 => 189
 31 26 25 48 38 21	 => 189
 53 21 38 32 4 41	 => 189
 51 36 10 23 34 35	 => 189
 25 35 34 17 30 48	 => 189
 38 48 30 14 27 32	 => 189


===================[TEST 3]===================

##### START ##### Thu May 15 18:53:35 2003



##### CONVERGE ##### Thu May 15 18:58:25 2003

Elapsed time: 290 seconds
Total loop: 441 generations

Result : 187.85

13 2 37 49 41 48 1 14 50 36 9 33 54 8 5 39 42 18 21 47 29 17 51 31 4 7 27 23 52 19 38 30 25 26 43 40 15 10 16 34 46 45 12 53 44 35 3 11 22 32 20 28 6 24 

 13 2 37 49 41 48	 => 190
 1 48 41 14 50 36	 => 190
 9 36 50 33 54 8	 => 190
 37 5 39 42 18 49	 => 190
 41 49 18 21 47 14	 => 190
 50 14 47 29 17 33	 => 190
 54 33 17 51 31 4	 => 190
 39 7 27 23 52 42	 => 190
 18 42 52 19 38 21	 => 190
 47 21 38 30 25 29	 => 190
 17 29 25 26 43 51	 => 191
 31 51 43 40 15 10	 => 190
 52 23 16 34 46 19	 => 190
 38 19 46 45 12 30	 => 190
 25 30 12 53 44 26	 => 190
 43 26 44 35 3 40	 => 191
 46 34 11 22 32 45	 => 190
 12 45 32 20 28 53	 => 190
 44 53 28 6 24 35	 => 190


===================[TEST 4]===================

##### START ##### Thu May 15 18:58:25 2003



##### CONVERGE ##### Thu May 15 19:01:57 2003

Elapsed time: 212 seconds
Total loop: 327 generations

Result : 187.163

18 7 54 27 53 31 2 17 48 39 5 50 44 4 10 41 32 26 43 24 30 20 29 38 9 14 16 42 45 21 23 33 37 25 49 51 11 12 1 34 47 52 13 46 35 22 8 6 15 36 3 40 28 19 

 18 7 54 27 53 31	 => 190
 2 31 53 17 48 39	 => 190
 5 39 48 50 44 4	 => 190
 54 10 41 32 26 27	 => 190
 53 27 26 43 24 17	 => 190
 48 17 24 30 20 50	 => 189
 44 50 20 29 38 9	 => 190
 41 14 16 42 45 32	 => 190
 26 32 45 21 23 43	 => 190
 24 43 23 33 37 30	 => 190
 20 30 37 25 49 29	 => 190
 38 29 49 51 11 12	 => 190
 45 42 1 34 47 21	 => 190
 23 21 47 52 13 33	 => 189
 37 33 13 46 35 25	 => 189
 49 25 35 22 8 51	 => 190
 47 34 6 15 36 52	 => 190
 13 52 36 3 40 46	 => 190
 35 46 40 28 19 22	 => 190


===================[TEST 5]===================

##### START ##### Thu May 15 19:01:57 2003



##### CONVERGE ##### Thu May 15 19:05:06 2003

Elapsed time: 189 seconds
Total loop: 294 generations

Result : 187.85

4 18 42 46 52 28 3 25 44 38 9 43 49 8 2 40 45 15 29 24 48 6 30 50 12 5 10 37 53 22 26 31 32 27 47 35 7 21 1 36 41 54 16 51 33 34 14 23 17 19 11 39 20 13 

 4 18 42 46 52 28	 => 190
 3 28 52 25 44 38	 => 190
 9 38 44 43 49 8	 => 191
 42 2 40 45 15 46	 => 190
 52 46 15 29 24 25	 => 191
 44 25 24 48 6 43	 => 190
 49 43 6 30 50 12	 => 190
 40 5 10 37 53 45	 => 190
 15 45 53 22 26 29	 => 190
 24 29 26 31 32 48	 => 190
 6 48 32 27 47 30	 => 190
 50 30 47 35 7 21	 => 190
 53 37 1 36 41 22	 => 190
 26 22 41 54 16 31	 => 190
 32 31 16 51 33 27	 => 190
 47 27 33 34 14 35	 => 190
 41 36 23 17 19 54	 => 190
 16 54 19 11 39 51	 => 190
 33 51 39 20 13 34	 => 190


===================[TEST 6]===================

##### START ##### Thu May 15 19:05:06 2003



##### CONVERGE ##### Thu May 15 19:09:22 2003

Elapsed time: 256 seconds
Total loop: 397 generations

Result : 187.85

9 16 43 48 39 36 10 22 53 30 21 51 34 2 8 32 42 17 33 31 27 6 46 50 3 18 19 38 41 28 29 26 44 15 52 37 1 4 14 20 49 47 11 40 54 25 7 5 24 45 12 35 13 23 

 9 16 43 48 39 36	 => 191
 10 36 39 22 53 30	 => 190
 21 30 53 51 34 2	 => 191
 43 8 32 42 17 48	 => 190
 39 48 17 33 31 22	 => 190
 53 22 31 27 6 51	 => 190
 34 51 6 46 50 3	 => 190
 32 18 19 38 41 42	 => 190
 17 42 41 28 29 33	 => 190
 31 33 29 26 44 27	 => 190
 6 27 44 15 52 46	 => 190
 50 46 52 37 1 4	 => 190
 41 38 14 20 49 28	 => 190
 29 28 49 47 11 26	 => 190
 44 26 11 40 54 15	 => 190
 52 15 54 25 7 37	 => 190
 49 20 5 24 45 47	 => 190
 11 47 45 12 35 40	 => 190
 54 40 35 13 23 25	 => 190


===================[TEST 7]===================

##### START ##### Thu May 15 19:09:22 2003



##### CONVERGE ##### Thu May 15 19:14:07 2003

Elapsed time: 285 seconds
Total loop: 441 generations

Result : 187.158

9 15 50 34 47 35 7 13 39 49 11 25 52 14 1 37 42 26 22 48 41 24 40 43 5 16 10 31 54 18 29 27 23 30 32 44 12 19 6 36 45 51 20 38 53 28 3 8 4 46 2 33 17 21 

 9 15 50 34 47 35	 => 190
 7 35 47 13 39 49	 => 190
 11 49 39 25 52 14	 => 190
 50 1 37 42 26 34	 => 190
 47 34 26 22 48 13	 => 190
 39 13 48 41 24 25	 => 190
 52 25 24 40 43 5	 => 189
 37 16 10 31 54 42	 => 190
 26 42 54 18 29 22	 => 191
 48 22 29 27 23 41	 => 190
 24 41 23 30 32 40	 => 190
 43 40 32 44 12 19	 => 190
 54 31 6 36 45 18	 => 190
 29 18 45 51 20 27	 => 190
 23 27 20 38 53 30	 => 191
 32 30 53 28 3 44	 => 190
 45 36 8 4 46 51	 => 190
 20 51 46 2 33 38	 => 190
 53 38 33 17 21 28	 => 190


===================[TEST 8]===================

##### START ##### Thu May 15 19:14:07 2003



##### CONVERGE ##### Thu May 15 19:18:34 2003

Elapsed time: 267 seconds
Total loop: 415 generations

Result : 187.616

4 19 30 49 54 34 6 26 39 31 20 50 29 21 14 37 44 16 28 17 33 25 40 32 13 22 12 24 52 23 27 43 42 2 48 53 8 9 10 46 35 51 11 47 45 41 1 15 5 38 7 36 3 18 

 4 19 30 49 54 34	 => 190
 6 34 54 26 39 31	 => 190
 20 31 39 50 29 21	 => 190
 30 14 37 44 16 49	 => 190
 54 49 16 28 17 26	 => 190
 39 26 17 33 25 50	 => 190
 29 50 25 40 32 13	 => 189
 37 22 12 24 52 44	 => 191
 16 44 52 23 27 28	 => 190
 17 28 27 43 42 33	 => 190
 25 33 42 2 48 40	 => 190
 32 40 48 53 8 9	 => 190
 52 24 10 46 35 23	 => 190
 27 23 35 51 11 43	 => 190
 42 43 11 47 45 2	 => 190
 48 2 45 41 1 53	 => 190
 35 46 15 5 38 51	 => 190
 11 51 38 7 36 47	 => 190
 45 47 36 3 18 41	 => 190


===================[TEST 9]===================

##### START ##### Thu May 15 19:18:34 2003



##### CONVERGE ##### Thu May 15 19:23:15 2003

Elapsed time: 281 seconds
Total loop: 435 generations

Result : 186.794

21 10 34 45 43 37 17 18 48 26 15 33 42 25 3 30 54 24 32 28 36 27 47 29 12 8 7 40 50 16 14 38 41 4 35 53 20 6 2 31 51 52 19 39 49 44 5 1 9 46 11 23 13 22 

 21 10 34 45 43 37	 => 190
 17 37 43 18 48 26	 => 189
 15 26 48 33 42 25	 => 189
 34 3 30 54 24 45	 => 190
 43 45 24 32 28 18	 => 190
 48 18 28 36 27 33	 => 190
 42 33 27 47 29 12	 => 190
 30 8 7 40 50 54	 => 189
 24 54 50 16 14 32	 => 190
 28 32 14 38 41 36	 => 189
 27 36 41 4 35 47	 => 190
 29 47 35 53 20 6	 => 190
 50 40 2 31 51 16	 => 190
 14 16 51 52 19 38	 => 190
 41 38 19 39 49 4	 => 190
 35 4 49 44 5 53	 => 190
 51 31 1 9 46 52	 => 190
 19 52 46 11 23 39	 => 190
 49 39 23 13 22 44	 => 190


===================[TEST 10]===================

##### START ##### Thu May 15 19:23:15 2003



##### CONVERGE ##### Thu May 15 19:28:02 2003

Elapsed time: 287 seconds
Total loop: 445 generations

Result : 187.478

13 7 46 38 50 36 8 26 47 23 17 42 53 9 4 44 40 18 34 24 31 20 25 48 3 12 14 28 52 16 30 39 33 27 54 32 21 10 6 37 51 49 5 45 41 35 1 2 22 29 19 43 11 15 

 13 7 46 38 50 36	 => 190
 8 36 50 26 47 23	 => 190
 17 23 47 42 53 9	 => 191
 46 4 44 40 18 38	 => 190
 50 38 18 34 24 26	 => 190
 47 26 24 31 20 42	 => 190
 53 42 20 25 48 3	 => 191
 44 12 14 28 52 40	 => 190
 18 40 52 16 30 34	 => 190
 24 34 30 39 33 31	 => 191
 20 31 33 27 54 25	 => 190
 48 25 54 32 21 10	 => 190
 52 28 6 37 51 16	 => 190
 30 16 51 49 5 39	 => 190
 33 39 5 45 41 27	 => 190
 54 27 41 35 1 32	 => 190
 51 37 2 22 29 49	 => 190
 5 49 29 19 43 45	 => 190
 41 45 43 11 15 35	 => 190



test#	fitness		sum		time
---------------------------------------------------
1	186.163				231
2	187.412				265
3	187.85				290
4	187.163				212
5	187.85				189
6	187.85				256
7	187.158				285
8	187.616				267
9	186.794				281
10	187.478				287


---------------------------------------------------
Best fitness      : 187.85 ( test# 3)
Shortest time     : 189 ( test# 5)

Average fitness   : 187.333
Average time      : 256.3
