****************** GA TEST *******************

total test#:			 10
hexa min width:			 3
hexa max width:			 5
hexa count:			 19
number count:			 54
population size:		 120
generation size:		 50

tournament winner p:		 1
do xover p:			 1
xover:				 2points
do mutation1 p:			 0.1
mutation1 p:			 0.05
do optimize p:			 1
local optimize count:		 6000
do deep better optimize p:	 1
do deep worse optimize p:	 0
do spin p:			 0
spin count:			 1000
do spin apply p:		 1
do mutation2 p:			 0.12
mutation2 p:			 0.08
force mutation2:		 0
replace bad p:			 0.195

converge rate p:		 0.99
converge count:			 1

**********************************************


===================[TEST 1]===================

##### START ##### Fri May 16 13:03:53 2003



##### CONVERGE ##### Fri May 16 13:10:51 2003

Elapsed time: 418 seconds
Total loop: 134 generations

Result : 187.64

21 10 50 43 49 17 4 27 41 51 1 30 53 14 3 34 52 8 28 35 37 20 39 42 6 5 7 38 54 12 36 31 23 25 46 32 22 9 2 40 44 48 19 47 45 26 16 11 18 29 13 33 24 15 

 21 10 50 43 49 17	 => 190
 4 17 49 27 41 51	 => 189
 1 51 41 30 53 14	 => 190
 50 3 34 52 8 43	 => 190
 49 43 8 28 35 27	 => 190
 41 27 35 37 20 30	 => 190
 53 30 20 39 42 6	 => 190
 34 5 7 38 54 52	 => 190
 8 52 54 12 36 28	 => 190
 35 28 36 31 23 37	 => 190
 20 37 23 25 46 39	 => 190
 42 39 46 32 22 9	 => 190
 54 38 2 40 44 12	 => 190
 36 12 44 48 19 31	 => 190
 23 31 19 47 45 25	 => 190
 46 25 45 26 16 32	 => 190
 44 40 11 18 29 48	 => 190
 19 48 29 13 33 47	 => 189
 45 47 33 24 15 26	 => 190


===================[TEST 2]===================

##### START ##### Fri May 16 13:10:51 2003



##### CONVERGE ##### Fri May 16 13:16:42 2003

Elapsed time: 351 seconds
Total loop: 113 generations

Result : 187.163

6 14 24 45 52 49 1 5 51 32 17 47 35 7 18 33 50 20 43 25 39 23 48 34 3 4 16 44 42 15 19 38 26 13 41 29 10 28 22 30 37 54 27 40 46 53 8 21 12 36 2 31 11 9 

 6 14 24 45 52 49	 => 190
 1 49 52 5 51 32	 => 190
 17 32 51 47 35 7	 => 189
 24 18 33 50 20 45	 => 190
 52 45 20 43 25 5	 => 190
 51 5 25 39 23 47	 => 190
 35 47 23 48 34 3	 => 190
 33 4 16 44 42 50	 => 189
 20 50 42 15 19 43	 => 189
 25 43 19 38 26 39	 => 190
 23 39 26 13 41 48	 => 190
 34 48 41 29 10 28	 => 190
 42 44 22 30 37 15	 => 190
 19 15 37 54 27 38	 => 190
 26 38 27 40 46 13	 => 190
 41 13 46 53 8 29	 => 190
 37 30 21 12 36 54	 => 190
 27 54 36 2 31 40	 => 190
 46 40 31 11 9 53	 => 190


===================[TEST 3]===================

##### START ##### Fri May 16 13:16:42 2003



##### CONVERGE ##### Fri May 16 13:21:28 2003

Elapsed time: 286 seconds
Total loop: 92 generations

Result (Solution) : 190

13 10 28 54 33 52 1 29 49 26 17 36 53 9 6 40 43 19 30 25 44 7 51 32 11 20 3 45 39 21 38 22 31 23 34 42 4 27 2 37 46 47 16 50 48 35 8 5 14 41 12 24 15 18 

 13 10 28 54 33 52	 => 190
 1 52 33 29 49 26	 => 190
 17 26 49 36 53 9	 => 190
 28 6 40 43 19 54	 => 190
 33 54 19 30 25 29	 => 190
 49 29 25 44 7 36	 => 190
 53 36 7 51 32 11	 => 190
 40 20 3 45 39 43	 => 190
 19 43 39 21 38 30	 => 190
 25 30 38 22 31 44	 => 190
 7 44 31 23 34 51	 => 190
 32 51 34 42 4 27	 => 190
 39 45 2 37 46 21	 => 190
 38 21 46 47 16 22	 => 190
 31 22 16 50 48 23	 => 190
 34 23 48 35 8 42	 => 190
 46 37 5 14 41 47	 => 190
 16 47 41 12 24 50	 => 190
 48 50 24 15 18 35	 => 190


===================[TEST 4]===================

##### START ##### Fri May 16 13:21:28 2003



##### CONVERGE ##### Fri May 16 13:26:30 2003

Elapsed time: 302 seconds
Total loop: 97 generations

Result : 187.412

26 5 48 34 54 22 9 25 36 43 13 52 27 19 15 38 46 8 35 33 41 2 50 51 7 20 3 42 40 21 39 23 18 31 47 24 11 6 4 53 29 49 28 44 45 32 10 16 12 30 1 37 14 17 

 26 5 48 34 54 22	 => 189
 9 22 54 25 36 43	 => 189
 13 43 36 52 27 19	 => 190
 48 15 38 46 8 34	 => 189
 54 34 8 35 33 25	 => 189
 36 25 33 41 2 52	 => 189
 27 52 2 50 51 7	 => 189
 38 20 3 42 40 46	 => 189
 8 46 40 21 39 35	 => 189
 33 35 39 23 18 41	 => 189
 2 41 18 31 47 50	 => 189
 51 50 47 24 11 6	 => 189
 40 42 4 53 29 21	 => 189
 39 21 29 49 28 23	 => 189
 18 23 28 44 45 31	 => 189
 47 31 45 32 10 24	 => 189
 29 53 16 12 30 49	 => 189
 28 49 30 1 37 44	 => 189
 45 44 37 14 17 32	 => 189


===================[TEST 5]===================

##### START ##### Fri May 16 13:26:30 2003



##### CONVERGE ##### Fri May 16 13:31:44 2003

Elapsed time: 314 seconds
Total loop: 100 generations

Result : 187.616

18 12 43 28 41 48 1 23 44 33 16 54 37 6 3 39 47 30 42 27 29 13 50 34 2 11 19 53 21 25 24 36 32 17 49 40 7 10 9 31 51 46 8 52 45 35 4 14 22 26 20 38 5 15 

 18 12 43 28 41 48	 => 190
 1 48 41 23 44 33	 => 190
 16 33 44 54 37 6	 => 190
 43 3 39 47 30 28	 => 190
 41 28 30 42 27 23	 => 191
 44 23 27 29 13 54	 => 190
 37 54 13 50 34 2	 => 190
 39 11 19 53 21 47	 => 190
 30 47 21 25 24 42	 => 189
 27 42 24 36 32 29	 => 190
 13 29 32 17 49 50	 => 190
 34 50 49 40 7 10	 => 190
 21 53 9 31 51 25	 => 190
 24 25 51 46 8 36	 => 190
 32 36 8 52 45 17	 => 190
 49 17 45 35 4 40	 => 190
 51 31 14 22 26 46	 => 190
 8 46 26 20 38 52	 => 190
 45 52 38 5 15 35	 => 190


===================[TEST 6]===================

##### START ##### Fri May 16 13:31:44 2003



##### CONVERGE ##### Fri May 16 13:37:32 2003

Elapsed time: 348 seconds
Total loop: 111 generations

Result : 187.64

16 18 24 49 42 41 6 23 51 27 10 36 48 17 13 39 46 19 25 32 34 14 45 38 9 2 28 21 54 20 26 33 40 22 35 53 11 8 4 47 44 52 15 50 30 43 7 12 3 31 5 37 29 1 

 16 18 24 49 42 41	 => 190
 6 41 42 23 51 27	 => 190
 10 27 51 36 48 17	 => 189
 24 13 39 46 19 49	 => 190
 42 49 19 25 32 23	 => 190
 51 23 32 34 14 36	 => 190
 48 36 14 45 38 9	 => 190
 39 2 28 21 54 46	 => 190
 19 46 54 20 26 25	 => 190
 32 25 26 33 40 34	 => 190
 14 34 40 22 35 45	 => 190
 38 45 35 53 11 8	 => 190
 54 21 4 47 44 20	 => 190
 26 20 44 52 15 33	 => 190
 40 33 15 50 30 22	 => 190
 35 22 30 43 7 53	 => 190
 44 47 12 3 31 52	 => 189
 15 52 31 5 37 50	 => 190
 30 50 37 29 1 43	 => 190


===================[TEST 7]===================

##### START ##### Fri May 16 13:37:32 2003



##### CONVERGE ##### Fri May 16 13:42:40 2003

Elapsed time: 308 seconds
Total loop: 98 generations

Result (Solution) : 190

15 23 37 41 49 25 5 24 48 39 26 36 40 1 17 35 46 14 28 34 21 27 52 29 6 12 16 30 51 7 44 31 32 20 38 54 8 9 10 50 42 47 19 45 43 33 2 18 11 22 4 53 3 13 

 15 23 37 41 49 25	 => 190
 5 25 49 24 48 39	 => 190
 26 39 48 36 40 1	 => 190
 37 17 35 46 14 41	 => 190
 49 41 14 28 34 24	 => 190
 48 24 34 21 27 36	 => 190
 40 36 27 52 29 6	 => 190
 35 12 16 30 51 46	 => 190
 14 46 51 7 44 28	 => 190
 34 28 44 31 32 21	 => 190
 27 21 32 20 38 52	 => 190
 29 52 38 54 8 9	 => 190
 51 30 10 50 42 7	 => 190
 44 7 42 47 19 31	 => 190
 32 31 19 45 43 20	 => 190
 38 20 43 33 2 54	 => 190
 42 50 18 11 22 47	 => 190
 19 47 22 4 53 45	 => 190
 43 45 53 3 13 33	 => 190


===================[TEST 8]===================

##### START ##### Fri May 16 13:42:40 2003



##### CONVERGE ##### Fri May 16 13:46:04 2003

Elapsed time: 204 seconds
Total loop: 64 generations

Result : 186.412

26 8 28 39 47 40 3 10 53 35 6 49 33 12 15 22 43 41 14 37 32 7 44 30 25 21 20 31 51 16 23 29 54 17 34 48 13 19 2 36 52 50 18 24 46 38 5 4 1 45 9 42 27 11 

 26 8 28 39 47 40	 => 188
 3 40 47 10 53 35	 => 188
 6 35 53 49 33 12	 => 188
 28 15 22 43 41 39	 => 188
 47 39 41 14 37 10	 => 188
 53 10 37 32 7 49	 => 188
 33 49 7 44 30 25	 => 188
 22 21 20 31 51 43	 => 188
 41 43 51 16 23 14	 => 188
 37 14 23 29 54 32	 => 189
 7 32 54 17 34 44	 => 188
 30 44 34 48 13 19	 => 188
 51 31 2 36 52 16	 => 188
 23 16 52 50 18 29	 => 188
 54 29 18 24 46 17	 => 188
 34 17 46 38 5 48	 => 188
 52 36 4 1 45 50	 => 188
 18 50 45 9 42 24	 => 188
 46 24 42 27 11 38	 => 188


===================[TEST 9]===================

##### START ##### Fri May 16 13:46:04 2003



##### CONVERGE ##### Fri May 16 13:52:12 2003

Elapsed time: 368 seconds
Total loop: 116 generations

Result : 187.163

14 11 33 46 36 50 4 21 49 30 6 53 32 20 2 48 38 23 24 40 19 8 52 27 18 13 9 42 39 22 44 28 35 31 45 41 10 15 1 34 51 29 16 37 43 26 3 17 12 47 7 54 5 25 

 14 11 33 46 36 50	 => 190
 4 50 36 21 49 30	 => 190
 6 30 49 53 32 20	 => 190
 33 2 48 38 23 46	 => 190
 36 46 23 24 40 21	 => 190
 49 21 40 19 8 53	 => 190
 32 53 8 52 27 18	 => 190
 48 13 9 42 39 38	 => 189
 23 38 39 22 44 24	 => 190
 40 24 44 28 35 19	 => 190
 8 19 35 31 45 52	 => 190
 27 52 45 41 10 15	 => 190
 39 42 1 34 51 22	 => 189
 44 22 51 29 16 28	 => 190
 35 28 16 37 43 31	 => 190
 45 31 43 26 3 41	 => 189
 51 34 17 12 47 29	 => 190
 16 29 47 7 54 37	 => 190
 43 37 54 5 25 26	 => 190


===================[TEST 10]===================

##### START ##### Fri May 16 13:52:12 2003



##### CONVERGE ##### Fri May 16 13:58:29 2003

Elapsed time: 377 seconds
Total loop: 118 generations

Result : 188.412

14 1 53 45 48 29 7 13 39 54 2 50 41 4 6 26 44 16 33 36 43 9 46 32 12 22 18 28 52 24 21 27 30 11 51 37 5 19 8 38 40 47 31 49 42 34 15 17 23 25 3 35 10 20 

 14 1 53 45 48 29	 => 190
 7 29 48 13 39 54	 => 190
 2 54 39 50 41 4	 => 190
 53 6 26 44 16 45	 => 190
 48 45 16 33 36 13	 => 191
 39 13 36 43 9 50	 => 190
 41 50 9 46 32 12	 => 190
 26 22 18 28 52 44	 => 190
 16 44 52 24 21 33	 => 190
 36 33 21 27 30 43	 => 190
 9 43 30 11 51 46	 => 190
 32 46 51 37 5 19	 => 190
 52 28 8 38 40 24	 => 190
 21 24 40 47 31 27	 => 190
 30 27 31 49 42 11	 => 190
 51 11 42 34 15 37	 => 190
 40 38 17 23 25 47	 => 190
 31 47 25 3 35 49	 => 190
 42 49 35 10 20 34	 => 190



test#	fitness		sum		time
---------------------------------------------------
1	187.64				418
2	187.163				351
3	190		190		286
4	187.412				302
5	187.616				314
6	187.64				348
7	190		190		308
8	186.412				204
9	187.163				368
10	188.412				377


---------------------------------------------------
Best fitness      : 190 ( test# 3)
Best solution sum : 190 ( test# 3)
Shortest time     : 204 ( test# 8)

Average fitness   : 187.946
Average sol. sum  : 190
Average time      : 327.6
