****************** GA TEST *******************

total test#:			 5
hexa min width:			 3
hexa max width:			 7
hexa count:			 43
number count:			 110
population size:		 200
generation size:		 80

tournament winner p:		 1
do xover p:			 0.85
xover:				 2points
do mutation1 p:			 0.1
mutation1 p:			 0.05
do optimize p:			 0.65
local optimize count:		 20000
do deep better optimize p:	 1
do deep worse optimize p:	 0
do spin p:			 0
spin count:			 1000
do spin apply p:		 1
do mutation2 p:			 0.12
mutation2 p:			 0.08
force mutation2:		 0
replace bad p:			 0.195

converge rate p:		 0.99
converge count:			 1

**********************************************


===================[TEST 1]===================

##### START ##### Fri May 23 10:13:52 2003



##### CONVERGE ##### Fri May 23 11:18:20 2003

Elapsed time: 3868 seconds
Total loop: 121 generations

Result : 358.017

21 53 51 92 56 89 11 52 45 110 38 102 33 35 34 96 4 86 31 46 90 28 104 91 5 13 77 69 103 37 101 71 23 106 12 107 40 8 7 99 67 44 25 85 47 22 78 63 32 43 58 100 15 75 18 30 74 81 72 50 84 62 70 26 94 41 95 93 6 10 14 87 76 65 19 39 109 79 17 97 88 36 9 2 73 59 98 82 24 29 80 61 54 27 1 64 68 48 42 83 105 3 60 20 55 108 16 66 57 49 

 21 53 51 92 56 89	 => 362
 11 89 56 52 45 110	 => 363
 38 110 45 102 33 35	 => 363
 51 34 96 4 86 92	 => 363
 56 92 86 31 46 52	 => 363
 45 52 46 90 28 102	 => 363
 33 102 28 104 91 5	 => 363
 96 13 77 69 103 4	 => 362
 86 4 103 37 101 31	 => 362
 46 31 101 71 23 90	 => 362
 28 90 23 106 12 104	 => 363
 91 104 12 107 40 8	 => 362
 77 7 99 67 44 69	 => 363
 103 69 44 25 85 37	 => 363
 101 37 85 47 22 71	 => 363
 23 71 22 78 63 106	 => 363
 12 106 63 32 43 107	 => 363
 40 107 43 58 100 15	 => 363
 99 75 18 30 74 67	 => 363
 44 67 74 81 72 25	 => 363
 85 25 72 50 84 47	 => 363
 22 47 84 62 70 78	 => 363
 63 78 70 26 94 32	 => 363
 43 32 94 41 95 58	 => 363
 100 58 95 93 6 10	 => 362
 74 30 14 87 76 81	 => 362
 72 81 76 65 19 50	 => 363
 84 50 19 39 109 62	 => 363
 70 62 109 79 17 26	 => 363
 94 26 17 97 88 41	 => 363
 95 41 88 36 9 93	 => 362
 76 87 2 73 59 65	 => 362
 19 65 59 98 82 39	 => 362
 109 39 82 24 29 79	 => 362
 17 79 29 80 61 97	 => 363
 88 97 61 54 27 36	 => 363
 59 73 1 64 68 98	 => 363
 82 98 68 48 42 24	 => 362
 29 24 42 83 105 80	 => 363
 61 80 105 3 60 54	 => 363
 68 64 20 55 108 48	 => 363
 42 48 108 16 66 83	 => 363
 105 83 66 57 49 3	 => 363


===================[TEST 2]===================

##### START ##### Fri May 23 11:18:20 2003



##### CONVERGE ##### Fri May 23 12:12:02 2003

Elapsed time: 3222 seconds
Total loop: 113 generations

Result : 359.76

10 13 69 109 61 103 25 7 95 74 66 105 15 9 1 85 30 71 100 16 36 106 45 92 2 41 49 93 67 64 33 102 78 4 96 87 37 8 58 21 108 35 59 47 80 38 54 89 31 57 84 46 53 72 14 99 51 24 88 18 73 76 44 83 63 39 90 79 40 26 29 110 52 82 101 32 65 68 28 55 97 42 17 12 75 34 60 56 81 62 48 104 43 23 19 86 91 50 27 77 70 94 5 11 20 107 6 98 3 22 

 10 13 69 109 61 103	 => 365
 25 103 61 7 95 74	 => 365
 66 74 95 105 15 9	 => 364
 69 1 85 30 71 109	 => 365
 61 109 71 100 16 7	 => 364
 95 7 16 36 106 105	 => 365
 15 105 106 45 92 2	 => 365
 85 41 49 93 67 30	 => 365
 71 30 67 64 33 100	 => 365
 16 100 33 102 78 36	 => 365
 106 36 78 4 96 45	 => 365
 92 45 96 87 37 8	 => 365
 49 58 21 108 35 93	 => 364
 67 93 35 59 47 64	 => 365
 33 64 47 80 38 102	 => 364
 78 102 38 54 89 4	 => 365
 96 4 89 31 57 87	 => 364
 37 87 57 84 46 53	 => 364
 21 72 14 99 51 108	 => 365
 35 108 51 24 88 59	 => 365
 47 59 88 18 73 80	 => 365
 38 80 73 76 44 54	 => 365
 89 54 44 83 63 31	 => 364
 57 31 63 39 90 84	 => 364
 46 84 90 79 40 26	 => 365
 51 99 29 110 52 24	 => 365
 88 24 52 82 101 18	 => 365
 73 18 101 32 65 76	 => 365
 44 76 65 68 28 83	 => 364
 63 83 28 55 97 39	 => 365
 90 39 97 42 17 79	 => 364
 52 110 12 75 34 82	 => 365
 101 82 34 60 56 32	 => 365
 65 32 56 81 62 68	 => 364
 28 68 62 48 104 55	 => 365
 97 55 104 43 23 42	 => 364
 34 75 19 86 91 60	 => 365
 56 60 91 50 27 81	 => 365
 62 81 27 77 70 48	 => 365
 104 48 70 94 5 43	 => 364
 91 86 11 20 107 50	 => 365
 27 50 107 6 98 77	 => 365
 70 77 98 3 22 94	 => 364


===================[TEST 3]===================

##### START ##### Fri May 23 12:12:02 2003



##### CONVERGE ##### Fri May 23 12:56:27 2003

Elapsed time: 2665 seconds
Total loop: 109 generations

Result : 361.407

86 13 15 96 95 61 46 19 89 57 41 71 98 10 5 58 109 84 28 44 101 43 53 68 34 9 12 107 72 21 52 104 38 56 75 91 79 1 7 94 97 49 30 88 35 67 36 66 55 24 87 80 6 18 20 60 77 63 50 74 90 99 40 100 69 29 103 48 16 32 25 59 83 70 26 51 27 78 22 81 65 110 11 17 33 105 23 92 37 82 42 62 45 3 73 39 93 108 14 106 85 102 31 47 4 76 54 8 2 64 

 86 13 15 96 95 61	 => 366
 46 61 95 19 89 57	 => 367
 41 57 89 71 98 10	 => 366
 15 5 58 109 84 96	 => 367
 95 96 84 28 44 19	 => 366
 89 19 44 101 43 71	 => 367
 98 71 43 53 68 34	 => 367
 58 9 12 107 72 109	 => 367
 84 109 72 21 52 28	 => 366
 44 28 52 104 38 101	 => 367
 43 101 38 56 75 53	 => 366
 68 53 75 91 79 1	 => 367
 12 7 94 97 49 107	 => 366
 72 107 49 30 88 21	 => 367
 52 21 88 35 67 104	 => 367
 38 104 67 36 66 56	 => 367
 75 56 66 55 24 91	 => 367
 79 91 24 87 80 6	 => 367
 94 18 20 60 77 97	 => 366
 49 97 77 63 50 30	 => 366
 88 30 50 74 90 35	 => 367
 67 35 90 99 40 36	 => 367
 66 36 40 100 69 55	 => 366
 24 55 69 29 103 87	 => 367
 80 87 103 48 16 32	 => 366
 77 60 25 59 83 63	 => 367
 50 63 83 70 26 74	 => 366
 90 74 26 51 27 99	 => 367
 40 99 27 78 22 100	 => 366
 69 100 22 81 65 29	 => 366
 103 29 65 110 11 48	 => 366
 83 59 17 33 105 70	 => 367
 26 70 105 23 92 51	 => 367
 27 51 92 37 82 78	 => 367
 22 78 82 42 62 81	 => 367
 65 81 62 45 3 110	 => 366
 105 33 73 39 93 23	 => 366
 92 23 93 108 14 37	 => 367
 82 37 14 106 85 42	 => 366
 62 42 85 102 31 45	 => 367
 93 39 47 4 76 108	 => 367
 14 108 76 54 8 106	 => 366
 85 106 8 2 64 102	 => 367


===================[TEST 4]===================

##### START ##### Fri May 23 12:56:27 2003



##### CONVERGE ##### Fri May 23 13:38:49 2003

Elapsed time: 2542 seconds
Total loop: 103 generations

Result : 359.505

16 23 46 98 95 85 11 31 104 37 4 96 109 13 82 73 17 47 67 25 8 99 30 5 24 12 72 92 97 34 101 55 107 14 105 90 70 63 1 77 100 21 60 59 74 40 66 81 22 51 87 26 39 53 27 75 32 106 45 83 43 78 62 68 64 29 110 102 36 2 10 86 54 57 18 94 48 28 79 65 58 61 3 41 49 76 84 35 89 69 19 103 33 44 9 93 52 88 15 91 80 108 20 50 38 42 56 71 7 6 

 16 23 46 98 95 85	 => 363
 11 85 95 31 104 37	 => 363
 4 37 104 96 109 13	 => 363
 46 82 73 17 47 98	 => 363
 95 98 47 67 25 31	 => 363
 104 31 25 8 99 96	 => 363
 109 96 99 30 5 24	 => 363
 73 12 72 92 97 17	 => 363
 47 17 97 34 101 67	 => 363
 25 67 101 55 107 8	 => 363
 99 8 107 14 105 30	 => 363
 5 30 105 90 70 63	 => 363
 72 1 77 100 21 92	 => 363
 97 92 21 60 59 34	 => 363
 101 34 59 74 40 55	 => 363
 107 55 40 66 81 14	 => 363
 105 14 81 22 51 90	 => 363
 70 90 51 87 26 39	 => 363
 77 53 27 75 32 100	 => 364
 21 100 32 106 45 60	 => 364
 59 60 45 83 43 74	 => 364
 40 74 43 78 62 66	 => 363
 81 66 62 68 64 22	 => 363
 51 22 64 29 110 87	 => 363
 26 87 110 102 36 2	 => 363
 32 75 10 86 54 106	 => 363
 45 106 54 57 18 83	 => 363
 43 83 18 94 48 78	 => 364
 62 78 48 28 79 68	 => 363
 64 68 79 65 58 29	 => 363
 110 29 58 61 3 102	 => 363
 54 86 41 49 76 57	 => 363
 18 57 76 84 35 94	 => 364
 48 94 35 89 69 28	 => 363
 79 28 69 19 103 65	 => 363
 58 65 103 33 44 61	 => 364
 76 49 9 93 52 84	 => 363
 35 84 52 88 15 89	 => 363
 69 89 15 91 80 19	 => 363
 103 19 80 108 20 33	 => 363
 52 93 50 38 42 88	 => 363
 15 88 42 56 71 91	 => 363
 80 91 71 7 6 108	 => 363


===================[TEST 5]===================

##### START ##### Fri May 23 13:38:49 2003



##### CONVERGE ##### Fri May 23 14:47:59 2003

Elapsed time: 4150 seconds
Total loop: 151 generations

Result : 366.13

36 21 81 104 98 31 38 33 80 91 34 106 19 42 20 62 72 32 75 29 54 69 100 49 27 4 73 102 58 48 86 67 60 17 71 109 41 1 23 52 77 44 24 95 45 30 107 90 15 68 88 57 8 51 22 76 94 25 108 43 56 85 47 87 26 83 92 89 40 5 9 101 66 64 65 59 63 61 28 97 50 2 55 6 35 99 46 39 79 70 12 103 82 37 11 96 84 110 13 105 93 78 3 18 10 53 16 74 7 14 

 36 21 81 104 98 31	 => 371
 38 31 98 33 80 91	 => 371
 34 91 80 106 19 42	 => 372
 81 20 62 72 32 104	 => 371
 98 104 32 75 29 33	 => 371
 80 33 29 54 69 106	 => 371
 19 106 69 100 49 27	 => 370
 62 4 73 102 58 72	 => 371
 32 72 58 48 86 75	 => 371
 29 75 86 67 60 54	 => 371
 69 54 60 17 71 100	 => 371
 49 100 71 109 41 1	 => 371
 73 23 52 77 44 102	 => 371
 58 102 44 24 95 48	 => 371
 86 48 95 45 30 67	 => 371
 60 67 30 107 90 17	 => 371
 71 17 90 15 68 109	 => 370
 41 109 68 88 57 8	 => 371
 52 51 22 76 94 77	 => 372
 44 77 94 25 108 24	 => 372
 95 24 108 43 56 45	 => 371
 30 45 56 85 47 107	 => 370
 90 107 47 87 26 15	 => 372
 68 15 26 83 92 88	 => 372
 57 88 92 89 40 5	 => 371
 94 76 9 101 66 25	 => 371
 108 25 66 64 65 43	 => 371
 56 43 65 59 63 85	 => 371
 47 85 63 61 28 87	 => 371
 26 87 28 97 50 83	 => 371
 92 83 50 2 55 89	 => 371
 66 101 6 35 99 64	 => 371
 65 64 99 46 39 59	 => 372
 63 59 39 79 70 61	 => 371
 28 61 70 12 103 97	 => 371
 50 97 103 82 37 2	 => 371
 99 35 11 96 84 46	 => 371
 39 46 84 110 13 79	 => 371
 70 79 13 105 93 12	 => 372
 103 12 93 78 3 82	 => 371
 84 96 18 10 53 110	 => 371
 13 110 53 16 74 105	 => 371
 93 105 74 7 14 78	 => 371



test#	fitness		sum		time
---------------------------------------------------
1	358.017				3868
2	359.76				3222
3	361.407				2665
4	359.505				2542
5	366.13				4150


---------------------------------------------------
Best fitness      : 366.13 ( test# 5)
Shortest time     : 2542 ( test# 4)

Average fitness   : 360.964
Average time      : 3289.4
