****************** GA TEST *******************

total test#:			 100
hexa min width:			 3
hexa max width:			 5
hexa count:			 19
number count:			 54
population size:		 150
generation size:		 50

tournament winner p:		 0.9
do xover p:			 1
xover:				 2points
do mutation1 p:			 0.1
mutation1 p:			 0.05
do optimize p:			 1
local optimize count:		 6000
do deep better optimize p:	 1
do deep worse optimize p:	 0
do spin p:			 0
spin count:			 1000
do spin apply p:		 1
do mutation2 p:			 0.12
mutation2 p:			 0.08
force mutation2:		 0
replace bad p:			 0.195

converge rate p:		 0.99
converge count:			 5

**********************************************


===================[TEST 1]===================

##### START ##### Thu May 22 19:01:05 2003



##### CONVERGE ##### Thu May 22 19:02:43 2003

Elapsed time: 98 seconds
Total loop: 171 generations

Result : 187.794

20 1 45 46 29 50 3 25 41 43 10 42 33 22 6 26 48 19 38 34 28 21 52 36 7 12 16 40 49 2 35 31 24 15 51 30 9 13 8 39 53 47 23 44 54 37 4 14 5 32 18 27 17 11 

 20 1 45 46 29 50	 => 191
 3 50 29 25 41 43	 => 191
 10 43 41 42 33 22	 => 191
 45 6 26 48 19 46	 => 190
 29 46 19 38 34 25	 => 191
 41 25 34 28 21 42	 => 191
 33 42 21 52 36 7	 => 191
 26 12 16 40 49 48	 => 191
 19 48 49 2 35 38	 => 191
 34 38 35 31 24 28	 => 190
 21 28 24 15 51 52	 => 191
 36 52 51 30 9 13	 => 191
 49 40 8 39 53 2	 => 191
 35 2 53 47 23 31	 => 191
 24 31 23 44 54 15	 => 191
 51 15 54 37 4 30	 => 191
 53 39 14 5 32 47	 => 190
 23 47 32 18 27 44	 => 191
 54 44 27 17 11 37	 => 190


===================[TEST 2]===================

##### START ##### Thu May 22 19:02:43 2003



##### CONVERGE ##### Thu May 22 19:04:52 2003

Elapsed time: 129 seconds
Total loop: 226 generations

Result : 188.412

11 24 40 27 50 38 6 25 41 30 4 53 42 20 13 37 52 21 36 31 35 5 54 28 8 7 17 43 34 14 33 29 26 22 48 47 12 1 10 45 44 51 19 46 49 15 9 16 2 32 3 39 23 18 

 11 24 40 27 50 38	 => 190
 6 38 50 25 41 30	 => 190
 4 30 41 53 42 20	 => 190
 40 13 37 52 21 27	 => 190
 50 27 21 36 31 25	 => 190
 41 25 31 35 5 53	 => 190
 42 53 5 54 28 8	 => 190
 37 7 17 43 34 52	 => 190
 21 52 34 14 33 36	 => 190
 31 36 33 29 26 35	 => 190
 5 35 26 22 48 54	 => 190
 28 54 48 47 12 1	 => 190
 34 43 10 45 44 14	 => 190
 33 14 44 51 19 29	 => 190
 26 29 19 46 49 22	 => 191
 48 22 49 15 9 47	 => 190
 44 45 16 2 32 51	 => 190
 19 51 32 3 39 46	 => 190
 49 46 39 23 18 15	 => 190


===================[TEST 3]===================

##### START ##### Thu May 22 19:04:52 2003



##### CONVERGE ##### Thu May 22 19:05:52 2003

Elapsed time: 60 seconds
Total loop: 106 generations

Result : 187.478

10 21 28 48 50 33 2 12 46 47 7 49 24 17 8 54 34 18 40 22 39 23 30 51 13 3 20 35 44 29 25 37 27 19 53 45 6 5 4 36 42 43 14 52 41 31 1 16 15 38 11 32 9 26 

 10 21 28 48 50 33	 => 190
 2 33 50 12 46 47	 => 190
 7 47 46 49 24 17	 => 190
 28 8 54 34 18 48	 => 190
 50 48 18 40 22 12	 => 190
 46 12 22 39 23 49	 => 191
 24 49 23 30 51 13	 => 190
 54 3 20 35 44 34	 => 190
 18 34 44 29 25 40	 => 190
 22 40 25 37 27 39	 => 190
 23 39 27 19 53 30	 => 191
 51 30 53 45 6 5	 => 190
 44 35 4 36 42 29	 => 190
 25 29 42 43 14 37	 => 190
 27 37 14 52 41 19	 => 190
 53 19 41 31 1 45	 => 190
 42 36 16 15 38 43	 => 190
 14 43 38 11 32 52	 => 190
 41 52 32 9 26 31	 => 191


===================[TEST 4]===================

##### START ##### Thu May 22 19:05:52 2003



##### CONVERGE ##### Thu May 22 19:07:08 2003

Elapsed time: 76 seconds
Total loop: 132 generations

Result : 187.478

21 3 32 50 40 44 9 23 38 36 10 48 33 25 1 39 52 17 29 31 22 28 30 49 2 11 18 26 45 20 27 35 46 13 51 41 5 14 4 53 42 47 19 34 43 37 6 16 8 24 12 54 15 7 

 21 3 32 50 40 44	 => 190
 9 44 40 23 38 36	 => 190
 10 36 38 48 33 25	 => 190
 32 1 39 52 17 50	 => 191
 40 50 17 29 31 23	 => 190
 38 23 31 22 28 48	 => 190
 33 48 28 30 49 2	 => 190
 39 11 18 26 45 52	 => 191
 17 52 45 20 27 29	 => 190
 31 29 27 35 46 22	 => 190
 28 22 46 13 51 30	 => 190
 49 30 51 41 5 14	 => 190
 45 26 4 53 42 20	 => 190
 27 20 42 47 19 35	 => 190
 46 35 19 34 43 13	 => 190
 51 13 43 37 6 41	 => 191
 42 53 16 8 24 47	 => 190
 19 47 24 12 54 34	 => 190
 43 34 54 15 7 37	 => 190


===================[TEST 5]===================

##### START ##### Thu May 22 19:07:08 2003



##### CONVERGE ##### Thu May 22 19:09:43 2003

Elapsed time: 155 seconds
Total loop: 272 generations

Result : 187.85

4 11 34 50 45 46 8 6 48 37 12 53 25 15 10 51 22 24 36 29 35 19 42 44 7 14 17 32 54 23 31 26 33 20 41 43 2 18 3 39 40 49 21 52 38 47 1 30 5 27 13 28 16 9 

 4 11 34 50 45 46	 => 190
 8 46 45 6 48 37	 => 190
 12 37 48 53 25 15	 => 190
 34 10 51 22 24 50	 => 191
 45 50 24 36 29 6	 => 190
 48 6 29 35 19 53	 => 190
 25 53 19 42 44 7	 => 190
 51 14 17 32 54 22	 => 190
 24 22 54 23 31 36	 => 190
 29 36 31 26 33 35	 => 190
 19 35 33 20 41 42	 => 190
 44 42 41 43 2 18	 => 190
 54 32 3 39 40 23	 => 191
 31 23 40 49 21 26	 => 190
 33 26 21 52 38 20	 => 190
 41 20 38 47 1 43	 => 190
 40 39 30 5 27 49	 => 190
 21 49 27 13 28 52	 => 190
 38 52 28 16 9 47	 => 190


===================[TEST 6]===================

##### START ##### Thu May 22 19:09:43 2003



##### CONVERGE ##### Thu May 22 19:11:30 2003

Elapsed time: 107 seconds
Total loop: 188 generations

Result : 188.412

9 6 29 42 54 50 2 8 52 24 10 48 44 12 11 41 45 22 28 36 25 21 46 27 4 17 1 33 53 19 23 47 31 18 49 39 26 3 15 37 34 51 16 40 38 32 14 13 20 35 5 43 30 7 

 9 6 29 42 54 50	 => 190
 2 50 54 8 52 24	 => 190
 10 24 52 48 44 12	 => 190
 29 11 41 45 22 42	 => 190
 54 42 22 28 36 8	 => 190
 52 8 36 25 21 48	 => 190
 44 48 21 46 27 4	 => 190
 41 17 1 33 53 45	 => 190
 22 45 53 19 23 28	 => 190
 36 28 23 47 31 25	 => 190
 21 25 31 18 49 46	 => 190
 27 46 49 39 26 3	 => 190
 53 33 15 37 34 19	 => 191
 23 19 34 51 16 47	 => 190
 31 47 16 40 38 18	 => 190
 49 18 38 32 14 39	 => 190
 34 37 13 20 35 51	 => 190
 16 51 35 5 43 40	 => 190
 38 40 43 30 7 32	 => 190


===================[TEST 7]===================

##### START ##### Thu May 22 19:11:30 2003



##### CONVERGE ##### Thu May 22 19:12:37 2003

Elapsed time: 67 seconds
Total loop: 117 generations

Result : 188.412

8 16 28 44 52 42 1 17 41 37 13 54 26 19 10 36 50 22 34 21 46 11 51 45 3 7 15 35 47 9 29 33 27 23 32 48 2 12 6 53 40 49 30 38 39 43 5 20 4 24 18 31 25 14 

 8 16 28 44 52 42	 => 190
 1 42 52 17 41 37	 => 190
 13 37 41 54 26 19	 => 190
 28 10 36 50 22 44	 => 190
 52 44 22 34 21 17	 => 190
 41 17 21 46 11 54	 => 190
 26 54 11 51 45 3	 => 190
 36 7 15 35 47 50	 => 190
 22 50 47 9 29 34	 => 191
 21 34 29 33 27 46	 => 190
 11 46 27 23 32 51	 => 190
 45 51 32 48 2 12	 => 190
 47 35 6 53 40 9	 => 190
 29 9 40 49 30 33	 => 190
 27 33 30 38 39 23	 => 190
 32 23 39 43 5 48	 => 190
 40 53 20 4 24 49	 => 190
 30 49 24 18 31 38	 => 190
 39 38 31 25 14 43	 => 190


===================[TEST 8]===================

##### START ##### Thu May 22 19:12:37 2003



##### CONVERGE ##### Thu May 22 19:14:11 2003

Elapsed time: 94 seconds
Total loop: 165 generations

Result : 188.306

18 2 34 42 54 40 7 10 48 31 8 53 46 4 3 47 41 23 29 32 22 25 35 26 5 11 27 20 44 17 36 28 43 13 52 50 15 12 9 49 51 37 21 45 39 30 6 14 1 38 16 33 19 24 

 18 2 34 42 54 40	 => 190
 7 40 54 10 48 31	 => 190
 8 31 48 53 46 4	 => 190
 34 3 47 41 23 42	 => 190
 54 42 23 29 32 10	 => 190
 48 10 32 22 25 53	 => 190
 46 53 25 35 26 5	 => 190
 47 11 27 20 44 41	 => 190
 23 41 44 17 36 29	 => 190
 32 29 36 28 43 22	 => 190
 25 22 43 13 52 35	 => 190
 26 35 52 50 15 12	 => 190
 44 20 9 49 51 17	 => 190
 36 17 51 37 21 28	 => 190
 43 28 21 45 39 13	 => 189
 52 13 39 30 6 50	 => 190
 51 49 14 1 38 37	 => 190
 21 37 38 16 33 45	 => 190
 39 45 33 19 24 30	 => 190


===================[TEST 9]===================

##### START ##### Thu May 22 19:14:11 2003



##### CONVERGE ##### Thu May 22 19:15:16 2003

Elapsed time: 65 seconds
Total loop: 115 generations

Result : 188.306

12 22 38 41 47 30 8 15 37 53 23 42 26 9 2 52 39 18 40 29 46 21 45 50 6 13 1 33 51 14 28 31 16 27 35 36 4 20 5 43 44 54 19 48 49 32 11 17 7 25 10 34 24 3 

 12 22 38 41 47 30	 => 190
 8 30 47 15 37 53	 => 190
 23 53 37 42 26 9	 => 190
 38 2 52 39 18 41	 => 190
 47 41 18 40 29 15	 => 190
 37 15 29 46 21 42	 => 190
 26 42 21 45 50 6	 => 190
 52 13 1 33 51 39	 => 189
 18 39 51 14 28 40	 => 190
 29 40 28 31 16 46	 => 190
 21 46 16 27 35 45	 => 190
 50 45 35 36 4 20	 => 190
 51 33 5 43 44 14	 => 190
 28 14 44 54 19 31	 => 190
 16 31 19 48 49 27	 => 190
 35 27 49 32 11 36	 => 190
 44 43 17 7 25 54	 => 190
 19 54 25 10 34 48	 => 190
 49 48 34 24 3 32	 => 190


===================[TEST 10]===================

##### START ##### Thu May 22 19:15:16 2003



##### CONVERGE ##### Thu May 22 19:17:44 2003

Elapsed time: 148 seconds
Total loop: 259 generations

Result (Solution) : 190

11 8 47 49 50 25 17 4 42 52 16 54 21 5 2 35 37 20 34 33 28 29 45 40 1 6 18 46 48 12 39 24 32 13 43 30 10 22 7 41 36 53 26 44 51 38 15 19 14 27 9 31 23 3 

 11 8 47 49 50 25	 => 190
 17 25 50 4 42 52	 => 190
 16 52 42 54 21 5	 => 190
 47 2 35 37 20 49	 => 190
 50 49 20 34 33 4	 => 190
 42 4 33 28 29 54	 => 190
 21 54 29 45 40 1	 => 190
 35 6 18 46 48 37	 => 190
 20 37 48 12 39 34	 => 190
 33 34 39 24 32 28	 => 190
 29 28 32 13 43 45	 => 190
 40 45 43 30 10 22	 => 190
 48 46 7 41 36 12	 => 190
 39 12 36 53 26 24	 => 190
 32 24 26 44 51 13	 => 190
 43 13 51 38 15 30	 => 190
 36 41 19 14 27 53	 => 190
 26 53 27 9 31 44	 => 190
 51 44 31 23 3 38	 => 190


===================[TEST 11]===================

##### START ##### Thu May 22 19:17:44 2003



##### CONVERGE ##### Thu May 22 19:18:42 2003

Elapsed time: 58 seconds
Total loop: 102 generations

Result : 186.794

13 16 26 52 48 35 5 3 50 49 6 36 28 21 7 29 53 23 17 47 24 30 33 54 8 25 12 27 44 22 31 32 38 14 51 37 4 10 9 45 43 42 19 41 46 40 2 20 1 39 15 34 18 11 

 13 16 26 52 48 35	 => 190
 5 35 48 3 50 49	 => 190
 6 49 50 36 28 21	 => 190
 26 7 29 53 23 52	 => 190
 48 52 23 17 47 3	 => 190
 50 3 47 24 30 36	 => 190
 28 36 30 33 54 8	 => 189
 29 25 12 27 44 53	 => 190
 23 53 44 22 31 17	 => 190
 47 17 31 32 38 24	 => 189
 30 24 38 14 51 33	 => 190
 54 33 51 37 4 10	 => 189
 44 27 9 45 43 22	 => 190
 31 22 43 42 19 32	 => 189
 38 32 19 41 46 14	 => 190
 51 14 46 40 2 37	 => 190
 43 45 20 1 39 42	 => 190
 19 42 39 15 34 41	 => 190
 46 41 34 18 11 40	 => 190


===================[TEST 12]===================

##### START ##### Thu May 22 19:18:42 2003



##### CONVERGE ##### Thu May 22 19:20:17 2003

Elapsed time: 95 seconds
Total loop: 166 generations

Result : 188.412

3 19 49 46 39 34 9 28 27 53 15 52 21 22 2 24 54 16 25 36 30 17 50 44 6 4 14 51 43 23 29 38 32 26 35 45 5 11 1 31 41 47 12 42 40 37 7 10 13 48 8 33 20 18 

 3 19 49 46 39 34	 => 190
 9 34 39 28 27 53	 => 190
 15 53 27 52 21 22	 => 190
 49 2 24 54 16 46	 => 191
 39 46 16 25 36 28	 => 190
 27 28 36 30 17 52	 => 190
 21 52 17 50 44 6	 => 190
 24 4 14 51 43 54	 => 190
 16 54 43 23 29 25	 => 190
 36 25 29 38 32 30	 => 190
 17 30 32 26 35 50	 => 190
 44 50 35 45 5 11	 => 190
 43 51 1 31 41 23	 => 190
 29 23 41 47 12 38	 => 190
 32 38 12 42 40 26	 => 190
 35 26 40 37 7 45	 => 190
 41 31 10 13 48 47	 => 190
 12 47 48 8 33 42	 => 190
 40 42 33 20 18 37	 => 190


===================[TEST 13]===================

##### START ##### Thu May 22 19:20:17 2003



##### CONVERGE ##### Thu May 22 19:21:29 2003

Elapsed time: 72 seconds
Total loop: 127 generations

Result : 187.478

7 20 36 53 45 29 1 17 47 51 4 40 43 5 2 39 42 18 26 31 44 11 52 32 12 8 14 37 50 19 35 22 33 16 34 54 15 3 13 30 41 48 25 46 49 28 9 21 27 23 10 38 24 6 

 7 20 36 53 45 29	 => 190
 1 29 45 17 47 51	 => 190
 4 51 47 40 43 5	 => 190
 36 2 39 42 18 53	 => 190
 45 53 18 26 31 17	 => 190
 47 17 31 44 11 40	 => 190
 43 40 11 52 32 12	 => 190
 39 8 14 37 50 42	 => 190
 18 42 50 19 35 26	 => 190
 31 26 35 22 33 44	 => 191
 11 44 33 16 34 52	 => 190
 32 52 34 54 15 3	 => 190
 50 37 13 30 41 19	 => 190
 35 19 41 48 25 22	 => 190
 33 22 25 46 49 16	 => 191
 34 16 49 28 9 54	 => 190
 41 30 21 27 23 48	 => 190
 25 48 23 10 38 46	 => 190
 49 46 38 24 6 28	 => 191


===================[TEST 14]===================

##### START ##### Thu May 22 19:21:29 2003



##### CONVERGE ##### Thu May 22 19:23:00 2003

Elapsed time: 91 seconds
Total loop: 159 generations

Result : 188.412

8 5 51 50 36 40 11 20 45 38 6 42 33 27 1 19 46 23 29 32 26 25 44 39 7 21 3 49 52 9 31 35 37 10 48 34 12 13 2 24 54 47 14 41 53 30 15 4 18 43 17 28 22 16 

 8 5 51 50 36 40	 => 190
 11 40 36 20 45 38	 => 190
 6 38 45 42 33 27	 => 191
 51 1 19 46 23 50	 => 190
 36 50 23 29 32 20	 => 190
 45 20 32 26 25 42	 => 190
 33 42 25 44 39 7	 => 190
 19 21 3 49 52 46	 => 190
 23 46 52 9 31 29	 => 190
 32 29 31 35 37 26	 => 190
 25 26 37 10 48 44	 => 190
 39 44 48 34 12 13	 => 190
 52 49 2 24 54 9	 => 190
 31 9 54 47 14 35	 => 190
 37 35 14 41 53 10	 => 190
 48 10 53 30 15 34	 => 190
 54 24 4 18 43 47	 => 190
 14 47 43 17 28 41	 => 190
 53 41 28 22 16 30	 => 190


===================[TEST 15]===================

##### START ##### Thu May 22 19:23:00 2003



##### CONVERGE ##### Thu May 22 19:24:09 2003

Elapsed time: 69 seconds
Total loop: 120 generations

Result : 188.306

10 4 32 51 53 40 2 17 39 38 11 54 29 19 1 49 37 20 26 23 30 27 45 28 7 13 21 18 52 24 31 33 47 5 36 42 25 14 12 50 34 46 22 35 48 44 15 8 9 43 3 41 6 16 

 10 4 32 51 53 40	 => 190
 2 40 53 17 39 38	 => 189
 11 38 39 54 29 19	 => 190
 32 1 49 37 20 51	 => 190
 53 51 20 26 23 17	 => 190
 39 17 23 30 27 54	 => 190
 29 54 27 45 28 7	 => 190
 49 13 21 18 52 37	 => 190
 20 37 52 24 31 26	 => 190
 23 26 31 33 47 30	 => 190
 27 30 47 5 36 45	 => 190
 28 45 36 42 25 14	 => 190
 52 18 12 50 34 24	 => 190
 31 24 34 46 22 33	 => 190
 47 33 22 35 48 5	 => 190
 36 5 48 44 15 42	 => 190
 34 50 8 9 43 46	 => 190
 22 46 43 3 41 35	 => 190
 48 35 41 6 16 44	 => 190


===================[TEST 16]===================

##### START ##### Thu May 22 19:24:09 2003



##### CONVERGE ##### Thu May 22 19:25:30 2003

Elapsed time: 81 seconds
Total loop: 142 generations

Result : 188.306

15 9 43 46 54 22 8 16 51 39 11 49 34 6 20 29 33 19 31 24 37 13 47 42 5 23 12 48 45 18 44 26 28 27 38 32 1 30 3 35 41 40 21 52 36 53 4 14 10 50 2 25 7 17 

 15 9 43 46 54 22	 => 189
 8 22 54 16 51 39	 => 190
 11 39 51 49 34 6	 => 190
 43 20 29 33 19 46	 => 190
 54 46 19 31 24 16	 => 190
 51 16 24 37 13 49	 => 190
 34 49 13 47 42 5	 => 190
 29 23 12 48 45 33	 => 190
 19 33 45 18 44 31	 => 190
 24 31 44 26 28 37	 => 190
 13 37 28 27 38 47	 => 190
 42 47 38 32 1 30	 => 190
 45 48 3 35 41 18	 => 190
 44 18 41 40 21 26	 => 190
 28 26 21 52 36 27	 => 190
 38 27 36 53 4 32	 => 190
 41 35 14 10 50 40	 => 190
 21 40 50 2 25 52	 => 190
 36 52 25 7 17 53	 => 190


===================[TEST 17]===================

##### START ##### Thu May 22 19:25:30 2003



##### CONVERGE ##### Thu May 22 19:27:14 2003

Elapsed time: 104 seconds
Total loop: 183 generations

Result (Solution) : 189

17 7 34 52 29 50 5 20 54 31 2 35 53 14 23 24 43 13 26 49 25 6 44 48 3 22 16 33 51 18 38 19 32 37 45 28 15 9 4 36 47 46 21 39 41 27 11 8 10 42 1 40 30 12 

 17 7 34 52 29 50	 => 189
 5 50 29 20 54 31	 => 189
 2 31 54 35 53 14	 => 189
 34 23 24 43 13 52	 => 189
 29 52 13 26 49 20	 => 189
 54 20 49 25 6 35	 => 189
 53 35 6 44 48 3	 => 189
 24 22 16 33 51 43	 => 189
 13 43 51 18 38 26	 => 189
 49 26 38 19 32 25	 => 189
 6 25 32 37 45 44	 => 189
 48 44 45 28 15 9	 => 189
 51 33 4 36 47 18	 => 189
 38 18 47 46 21 19	 => 189
 32 19 21 39 41 37	 => 189
 45 37 41 27 11 28	 => 189
 47 36 8 10 42 46	 => 189
 21 46 42 1 40 39	 => 189
 41 39 40 30 12 27	 => 189


===================[TEST 18]===================

##### START ##### Thu May 22 19:27:14 2003



##### CONVERGE ##### Thu May 22 19:28:56 2003

Elapsed time: 102 seconds
Total loop: 178 generations

Result : 187.501

22 4 26 49 44 45 7 18 48 28 12 46 36 21 24 27 51 14 31 35 25 19 52 32 6 9 11 38 54 10 30 41 29 16 50 47 2 8 3 33 53 37 20 42 43 34 1 5 23 40 13 39 15 17 

 22 4 26 49 44 45	 => 190
 7 45 44 18 48 28	 => 190
 12 28 48 46 36 21	 => 191
 26 24 27 51 14 49	 => 191
 44 49 14 31 35 18	 => 191
 48 18 35 25 19 46	 => 191
 36 46 19 52 32 6	 => 191
 27 9 11 38 54 51	 => 190
 14 51 54 10 30 31	 => 190
 35 31 30 41 29 25	 => 191
 19 25 29 16 50 52	 => 191
 32 52 50 47 2 8	 => 191
 54 38 3 33 53 10	 => 191
 30 10 53 37 20 41	 => 191
 29 41 20 42 43 16	 => 191
 50 16 43 34 1 47	 => 191
 53 33 5 23 40 37	 => 191
 20 37 40 13 39 42	 => 191
 43 42 39 15 17 34	 => 190


===================[TEST 19]===================

##### START ##### Thu May 22 19:28:56 2003



##### CONVERGE ##### Thu May 22 19:30:25 2003

Elapsed time: 89 seconds
Total loop: 157 generations

Result (Solution) : 190

25 9 33 45 47 31 3 8 53 48 5 46 27 11 10 52 38 12 36 42 21 20 54 39 4 6 22 23 49 29 26 30 35 17 43 32 15 7 1 37 51 40 14 50 44 41 13 16 18 28 24 34 2 19 

 25 9 33 45 47 31	 => 190
 3 31 47 8 53 48	 => 190
 5 48 53 46 27 11	 => 190
 33 10 52 38 12 45	 => 190
 47 45 12 36 42 8	 => 190
 53 8 42 21 20 46	 => 190
 27 46 20 54 39 4	 => 190
 52 6 22 23 49 38	 => 190
 12 38 49 29 26 36	 => 190
 42 36 26 30 35 21	 => 190
 20 21 35 17 43 54	 => 190
 39 54 43 32 15 7	 => 190
 49 23 1 37 51 29	 => 190
 26 29 51 40 14 30	 => 190
 35 30 14 50 44 17	 => 190
 43 17 44 41 13 32	 => 190
 51 37 16 18 28 40	 => 190
 14 40 28 24 34 50	 => 190
 44 50 34 2 19 41	 => 190


===================[TEST 20]===================

##### START ##### Thu May 22 19:30:25 2003



##### CONVERGE ##### Thu May 22 19:31:33 2003

Elapsed time: 68 seconds
Total loop: 119 generations

Result : 187.478

18 11 48 35 54 24 7 13 43 50 6 53 30 9 3 38 46 20 32 36 33 12 52 29 14 10 1 44 51 19 22 42 25 21 47 45 15 2 5 40 31 49 27 41 34 39 4 26 17 28 8 37 23 16 

 18 11 48 35 54 24	 => 190
 7 24 54 13 43 50	 => 191
 6 50 43 53 30 9	 => 191
 48 3 38 46 20 35	 => 190
 54 35 20 32 36 13	 => 190
 43 13 36 33 12 53	 => 190
 30 53 12 52 29 14	 => 190
 38 10 1 44 51 46	 => 190
 20 46 51 19 22 32	 => 190
 36 32 22 42 25 33	 => 190
 12 33 25 21 47 52	 => 190
 29 52 47 45 15 2	 => 190
 51 44 5 40 31 19	 => 190
 22 19 31 49 27 42	 => 190
 25 42 27 41 34 21	 => 190
 47 21 34 39 4 45	 => 190
 31 40 26 17 28 49	 => 191
 27 49 28 8 37 41	 => 190
 34 41 37 23 16 39	 => 190


===================[TEST 21]===================

##### START ##### Thu May 22 19:31:33 2003



##### CONVERGE ##### Thu May 22 19:33:05 2003

Elapsed time: 92 seconds
Total loop: 161 generations

Result : 188.412

17 5 48 49 34 37 6 14 54 45 1 42 23 25 11 32 41 9 51 33 20 27 46 50 2 24 18 36 39 21 29 26 31 22 44 40 7 3 4 38 52 47 15 53 43 28 13 16 8 30 10 35 19 12 

 17 5 48 49 34 37	 => 190
 6 37 34 14 54 45	 => 190
 1 45 54 42 23 25	 => 190
 48 11 32 41 9 49	 => 190
 34 49 9 51 33 14	 => 190
 54 14 33 20 27 42	 => 190
 23 42 27 46 50 2	 => 190
 32 24 18 36 39 41	 => 190
 9 41 39 21 29 51	 => 190
 33 51 29 26 31 20	 => 190
 27 20 31 22 44 46	 => 190
 50 46 44 40 7 3	 => 190
 39 36 4 38 52 21	 => 190
 29 21 52 47 15 26	 => 190
 31 26 15 53 43 22	 => 190
 44 22 43 28 13 40	 => 190
 52 38 16 8 30 47	 => 191
 15 47 30 10 35 53	 => 190
 43 53 35 19 12 28	 => 190


===================[TEST 22]===================

##### START ##### Thu May 22 19:33:05 2003



##### CONVERGE ##### Thu May 22 19:34:44 2003

Elapsed time: 99 seconds
Total loop: 174 generations

Result : 187.794

1 18 48 47 31 45 6 23 51 35 14 49 34 8 4 28 40 24 37 29 30 9 54 39 5 11 13 53 46 17 27 42 26 20 52 33 10 2 7 25 43 41 21 44 38 36 12 15 16 50 3 32 19 22 

 1 18 48 47 31 45	 => 190
 6 45 31 23 51 35	 => 191
 14 35 51 49 34 8	 => 191
 48 4 28 40 24 47	 => 191
 31 47 24 37 29 23	 => 191
 51 23 29 30 9 49	 => 191
 34 49 9 54 39 5	 => 190
 28 11 13 53 46 40	 => 191
 24 40 46 17 27 37	 => 191
 29 37 27 42 26 30	 => 191
 9 30 26 20 52 54	 => 191
 39 54 52 33 10 2	 => 190
 46 53 7 25 43 17	 => 191
 27 17 43 41 21 42	 => 191
 26 42 21 44 38 20	 => 191
 52 20 38 36 12 33	 => 191
 43 25 15 16 50 41	 => 190
 21 41 50 3 32 44	 => 191
 38 44 32 19 22 36	 => 191


===================[TEST 23]===================

##### START ##### Thu May 22 19:34:44 2003



##### CONVERGE ##### Thu May 22 19:35:50 2003

Elapsed time: 66 seconds
Total loop: 116 generations

Result : 188.306

15 16 32 54 36 37 2 26 48 41 7 39 45 10 5 49 28 22 25 27 31 19 40 46 1 14 8 38 53 9 52 34 21 29 50 33 17 4 12 43 35 47 13 51 42 30 6 23 18 24 11 44 3 20 

 15 16 32 54 36 37	 => 190
 2 37 36 26 48 41	 => 190
 7 41 48 39 45 10	 => 190
 32 5 49 28 22 54	 => 190
 36 54 22 25 27 26	 => 190
 48 26 27 31 19 39	 => 190
 45 39 19 40 46 1	 => 190
 49 14 8 38 53 28	 => 190
 22 28 53 9 52 25	 => 189
 27 25 52 34 21 31	 => 190
 19 31 21 29 50 40	 => 190
 46 40 50 33 17 4	 => 190
 53 38 12 43 35 9	 => 190
 52 9 35 47 13 34	 => 190
 21 34 13 51 42 29	 => 190
 50 29 42 30 6 33	 => 190
 35 43 23 18 24 47	 => 190
 13 47 24 11 44 51	 => 190
 42 51 44 3 20 30	 => 190


===================[TEST 24]===================

##### START ##### Thu May 22 19:35:50 2003



##### CONVERGE ##### Thu May 22 19:37:55 2003

Elapsed time: 125 seconds
Total loop: 218 generations

Result : 188.306

5 8 41 50 52 34 6 19 53 26 24 36 42 9 1 29 47 22 30 17 44 21 40 49 2 10 13 54 37 23 31 33 35 12 38 48 4 11 3 27 46 43 14 51 45 32 15 20 28 25 18 39 7 16 

 5 8 41 50 52 34	 => 190
 6 34 52 19 53 26	 => 190
 24 26 53 36 42 9	 => 190
 41 1 29 47 22 50	 => 190
 52 50 22 30 17 19	 => 190
 53 19 17 44 21 36	 => 190
 42 36 21 40 49 2	 => 190
 29 10 13 54 37 47	 => 190
 22 47 37 23 31 30	 => 190
 17 30 31 33 35 44	 => 190
 21 44 35 12 38 40	 => 190
 49 40 38 48 4 11	 => 190
 37 54 3 27 46 23	 => 190
 31 23 46 43 14 33	 => 190
 35 33 14 51 45 12	 => 190
 38 12 45 32 15 48	 => 190
 46 27 20 28 25 43	 => 189
 14 43 25 18 39 51	 => 190
 45 51 39 7 16 32	 => 190


===================[TEST 25]===================

##### START ##### Thu May 22 19:37:55 2003



##### CONVERGE ##### Thu May 22 19:39:34 2003

Elapsed time: 99 seconds
Total loop: 173 generations

Result : 187.794

14 11 27 42 51 46 3 17 39 35 16 54 29 18 6 41 53 22 28 31 43 7 52 44 5 2 8 48 38 23 26 30 32 20 37 36 13 9 10 25 47 50 15 49 45 34 19 12 24 33 4 40 1 21 

 14 11 27 42 51 46	 => 191
 3 46 51 17 39 35	 => 191
 16 35 39 54 29 18	 => 191
 27 6 41 53 22 42	 => 191
 51 42 22 28 31 17	 => 191
 39 17 31 43 7 54	 => 191
 29 54 7 52 44 5	 => 191
 41 2 8 48 38 53	 => 190
 22 53 38 23 26 28	 => 190
 31 28 26 30 32 43	 => 190
 7 43 32 20 37 52	 => 191
 44 52 37 36 13 9	 => 191
 38 48 10 25 47 23	 => 191
 26 23 47 50 15 30	 => 191
 32 30 15 49 45 20	 => 191
 37 20 45 34 19 36	 => 191
 47 25 12 24 33 50	 => 191
 15 50 33 4 40 49	 => 191
 45 49 40 1 21 34	 => 190


===================[TEST 26]===================

##### START ##### Thu May 22 19:39:34 2003



##### CONVERGE ##### Thu May 22 19:41:01 2003

Elapsed time: 87 seconds
Total loop: 153 generations

Result : 187.616

11 7 49 39 52 32 3 20 40 43 19 53 26 9 17 28 51 6 44 29 33 15 46 34 16 8 14 35 54 10 25 37 21 27 48 42 2 18 5 41 45 50 23 47 36 24 13 12 4 38 1 31 22 30 

 11 7 49 39 52 32	 => 190
 3 32 52 20 40 43	 => 190
 19 43 40 53 26 9	 => 190
 49 17 28 51 6 39	 => 190
 52 39 6 44 29 20	 => 190
 40 20 29 33 15 53	 => 190
 26 53 15 46 34 16	 => 190
 28 8 14 35 54 51	 => 190
 6 51 54 10 25 44	 => 190
 29 44 25 37 21 33	 => 189
 15 33 21 27 48 46	 => 190
 34 46 48 42 2 18	 => 190
 54 35 5 41 45 10	 => 190
 25 10 45 50 23 37	 => 190
 21 37 23 47 36 27	 => 191
 48 27 36 24 13 42	 => 190
 45 41 12 4 38 50	 => 190
 23 50 38 1 31 47	 => 190
 36 47 31 22 30 24	 => 190


===================[TEST 27]===================

##### START ##### Thu May 22 19:41:01 2003



##### CONVERGE ##### Thu May 22 19:42:27 2003

Elapsed time: 86 seconds
Total loop: 151 generations

Result (Solution) : 190

12 18 27 52 51 30 2 13 49 45 14 43 19 20 16 44 34 17 25 32 31 22 50 47 9 8 5 46 53 24 37 39 26 21 40 38 4 11 6 28 33 42 15 41 48 36 7 23 10 54 3 35 29 1 

 12 18 27 52 51 30	 => 190
 2 30 51 13 49 45	 => 190
 14 45 49 43 19 20	 => 190
 27 16 44 34 17 52	 => 190
 51 52 17 25 32 13	 => 190
 49 13 32 31 22 43	 => 190
 19 43 22 50 47 9	 => 190
 44 8 5 46 53 34	 => 190
 17 34 53 24 37 25	 => 190
 32 25 37 39 26 31	 => 190
 22 31 26 21 40 50	 => 190
 47 50 40 38 4 11	 => 190
 53 46 6 28 33 24	 => 190
 37 24 33 42 15 39	 => 190
 26 39 15 41 48 21	 => 190
 40 21 48 36 7 38	 => 190
 33 28 23 10 54 42	 => 190
 15 42 54 3 35 41	 => 190
 48 41 35 29 1 36	 => 190


===================[TEST 28]===================

##### START ##### Thu May 22 19:42:27 2003



##### CONVERGE ##### Thu May 22 19:43:41 2003

Elapsed time: 74 seconds
Total loop: 130 generations

Result : 187.85

16 3 39 41 54 37 18 13 47 21 2 43 49 28 9 25 53 23 24 35 30 22 42 33 1 14 15 32 51 10 29 45 27 26 44 34 17 20 5 40 52 46 8 36 48 31 7 11 4 38 12 50 19 6 

 16 3 39 41 54 37	 => 190
 18 37 54 13 47 21	 => 190
 2 21 47 43 49 28	 => 190
 39 9 25 53 23 41	 => 190
 54 41 23 24 35 13	 => 190
 47 13 35 30 22 43	 => 190
 49 43 22 42 33 1	 => 190
 25 14 15 32 51 53	 => 190
 23 53 51 10 29 24	 => 190
 35 24 29 45 27 30	 => 190
 22 30 27 26 44 42	 => 191
 33 42 44 34 17 20	 => 190
 51 32 5 40 52 10	 => 190
 29 10 52 46 8 45	 => 190
 27 45 8 36 48 26	 => 190
 44 26 48 31 7 34	 => 190
 52 40 11 4 38 46	 => 191
 8 46 38 12 50 36	 => 190
 48 36 50 19 6 31	 => 190


===================[TEST 29]===================

##### START ##### Thu May 22 19:43:41 2003



##### CONVERGE ##### Thu May 22 19:46:04 2003

Elapsed time: 143 seconds
Total loop: 252 generations

Result : 187.85

26 17 37 34 48 28 11 14 54 35 4 42 33 22 2 53 40 24 32 38 23 19 39 51 6 9 3 36 49 25 20 31 46 16 47 30 15 8 1 27 52 44 18 29 50 43 5 10 12 45 13 41 7 21 

 26 17 37 34 48 28	 => 190
 11 28 48 14 54 35	 => 190
 4 35 54 42 33 22	 => 190
 37 2 53 40 24 34	 => 190
 48 34 24 32 38 14	 => 190
 54 14 38 23 19 42	 => 190
 33 42 19 39 51 6	 => 190
 53 9 3 36 49 40	 => 190
 24 40 49 25 20 32	 => 190
 38 32 20 31 46 23	 => 190
 19 23 46 16 47 39	 => 190
 51 39 47 30 15 8	 => 190
 49 36 1 27 52 25	 => 190
 20 25 52 44 18 31	 => 190
 46 31 18 29 50 16	 => 190
 47 16 50 43 5 30	 => 191
 52 27 10 12 45 44	 => 190
 18 44 45 13 41 29	 => 190
 50 29 41 7 21 43	 => 191


===================[TEST 30]===================

##### START ##### Thu May 22 19:46:04 2003



##### CONVERGE ##### Thu May 22 19:47:28 2003

Elapsed time: 84 seconds
Total loop: 147 generations

Result : 187.85

4 14 52 42 51 27 6 25 43 38 8 54 32 15 17 39 30 10 41 22 31 16 49 36 3 9 18 44 50 13 46 29 21 20 53 26 24 2 1 48 34 40 28 47 45 35 11 23 12 33 5 37 19 7 

 4 14 52 42 51 27	 => 190
 6 27 51 25 43 38	 => 190
 8 38 43 54 32 15	 => 190
 52 17 39 30 10 42	 => 190
 51 42 10 41 22 25	 => 191
 43 25 22 31 16 54	 => 191
 32 54 16 49 36 3	 => 190
 39 9 18 44 50 30	 => 190
 10 30 50 13 46 41	 => 190
 22 41 46 29 21 31	 => 190
 16 31 21 20 53 49	 => 190
 36 49 53 26 24 2	 => 190
 50 44 1 48 34 13	 => 190
 46 13 34 40 28 29	 => 190
 21 29 28 47 45 20	 => 190
 53 20 45 35 11 26	 => 190
 34 48 23 12 33 40	 => 190
 28 40 33 5 37 47	 => 190
 45 47 37 19 7 35	 => 190


===================[TEST 31]===================

##### START ##### Thu May 22 19:47:28 2003



##### CONVERGE ##### Thu May 22 19:48:42 2003

Elapsed time: 74 seconds
Total loop: 129 generations

Result : 188.306

12 5 48 39 54 32 4 24 42 34 17 40 46 11 3 31 43 26 19 28 38 18 53 27 6 13 2 49 52 9 41 35 29 7 45 36 15 14 10 37 33 47 25 44 50 51 1 23 20 30 22 21 8 16 

 12 5 48 39 54 32	 => 190
 4 32 54 24 42 34	 => 190
 17 34 42 40 46 11	 => 190
 48 3 31 43 26 39	 => 190
 54 39 26 19 28 24	 => 190
 42 24 28 38 18 40	 => 190
 46 40 18 53 27 6	 => 190
 31 13 2 49 52 43	 => 190
 26 43 52 9 41 19	 => 190
 28 19 41 35 29 38	 => 190
 18 38 29 7 45 53	 => 190
 27 53 45 36 15 14	 => 190
 52 49 10 37 33 9	 => 190
 41 9 33 47 25 35	 => 190
 29 35 25 44 50 7	 => 190
 45 7 50 51 1 36	 => 190
 33 37 23 20 30 47	 => 190
 25 47 30 22 21 44	 => 189
 50 44 21 8 16 51	 => 190


===================[TEST 32]===================

##### START ##### Thu May 22 19:48:42 2003



##### CONVERGE ##### Thu May 22 19:50:07 2003

Elapsed time: 85 seconds
Total loop: 150 generations

Result : 188.163

22 5 33 53 50 27 4 20 54 35 3 36 44 19 9 31 51 14 25 29 37 15 41 49 6 8 2 47 52 17 32 28 39 16 43 30 7 21 1 26 48 42 24 38 46 45 11 23 12 40 13 34 18 10 

 22 5 33 53 50 27	 => 190
 4 27 50 20 54 35	 => 190
 3 35 54 36 44 19	 => 191
 33 9 31 51 14 53	 => 191
 50 53 14 25 29 20	 => 191
 54 20 29 37 15 36	 => 191
 44 36 15 41 49 6	 => 191
 31 8 2 47 52 51	 => 191
 14 51 52 17 32 25	 => 191
 29 25 32 28 39 37	 => 190
 15 37 39 16 43 41	 => 191
 49 41 43 30 7 21	 => 191
 52 47 1 26 48 17	 => 191
 32 17 48 42 24 28	 => 191
 39 28 24 38 46 16	 => 191
 43 16 46 45 11 30	 => 191
 48 26 23 12 40 42	 => 191
 24 42 40 13 34 38	 => 191
 46 38 34 18 10 45	 => 191


===================[TEST 33]===================

##### START ##### Thu May 22 19:50:07 2003



##### CONVERGE ##### Thu May 22 19:51:15 2003

Elapsed time: 68 seconds
Total loop: 118 generations

Result (Solution) : 189

2 9 43 53 28 54 7 24 51 25 33 38 34 8 3 29 35 26 37 21 36 19 45 41 12 18 11 49 47 13 31 50 14 23 52 30 15 6 1 40 39 46 10 44 48 32 4 17 5 42 20 27 22 16 

 2 9 43 53 28 54	 => 189
 7 54 28 24 51 25	 => 189
 33 25 51 38 34 8	 => 189
 43 3 29 35 26 53	 => 189
 28 53 26 37 21 24	 => 189
 51 24 21 36 19 38	 => 189
 34 38 19 45 41 12	 => 189
 29 18 11 49 47 35	 => 189
 26 35 47 13 31 37	 => 189
 21 37 31 50 14 36	 => 189
 19 36 14 23 52 45	 => 189
 41 45 52 30 15 6	 => 189
 47 49 1 40 39 13	 => 189
 31 13 39 46 10 50	 => 189
 14 50 10 44 48 23	 => 189
 52 23 48 32 4 30	 => 189
 39 40 17 5 42 46	 => 189
 10 46 42 20 27 44	 => 189
 48 44 27 22 16 32	 => 189


===================[TEST 34]===================

##### START ##### Thu May 22 19:51:15 2003



##### CONVERGE ##### Thu May 22 19:53:17 2003

Elapsed time: 122 seconds
Total loop: 214 generations

Result : 188.412

17 14 30 43 34 52 11 25 45 23 24 42 37 19 4 49 38 26 35 27 32 20 54 36 1 2 10 44 47 15 29 39 28 16 40 33 5 22 12 31 41 53 13 46 48 50 3 6 8 51 9 18 21 7 

 17 14 30 43 34 52	 => 190
 11 52 34 25 45 23	 => 190
 24 23 45 42 37 19	 => 190
 30 4 49 38 26 43	 => 190
 34 43 26 35 27 25	 => 190
 45 25 27 32 20 42	 => 191
 37 42 20 54 36 1	 => 190
 49 2 10 44 47 38	 => 190
 26 38 47 15 29 35	 => 190
 27 35 29 39 28 32	 => 190
 20 32 28 16 40 54	 => 190
 36 54 40 33 5 22	 => 190
 47 44 12 31 41 15	 => 190
 29 15 41 53 13 39	 => 190
 28 39 13 46 48 16	 => 190
 40 16 48 50 3 33	 => 190
 41 31 6 8 51 53	 => 190
 13 53 51 9 18 46	 => 190
 48 46 18 21 7 50	 => 190


===================[TEST 35]===================

##### START ##### Thu May 22 19:53:17 2003



##### CONVERGE ##### Thu May 22 19:54:31 2003

Elapsed time: 74 seconds
Total loop: 130 generations

Result (Solution) : 190

10 12 29 52 39 48 4 14 53 32 16 47 40 2 5 37 42 25 34 26 35 15 49 33 6 18 7 41 45 20 24 43 28 13 50 46 9 3 19 27 38 54 11 51 44 36 1 23 17 31 22 21 8 30 

 10 12 29 52 39 48	 => 190
 4 48 39 14 53 32	 => 190
 16 32 53 47 40 2	 => 190
 29 5 37 42 25 52	 => 190
 39 52 25 34 26 14	 => 190
 53 14 26 35 15 47	 => 190
 40 47 15 49 33 6	 => 190
 37 18 7 41 45 42	 => 190
 25 42 45 20 24 34	 => 190
 26 34 24 43 28 35	 => 190
 15 35 28 13 50 49	 => 190
 33 49 50 46 9 3	 => 190
 45 41 19 27 38 20	 => 190
 24 20 38 54 11 43	 => 190
 28 43 11 51 44 13	 => 190
 50 13 44 36 1 46	 => 190
 38 27 23 17 31 54	 => 190
 11 54 31 22 21 51	 => 190
 44 51 21 8 30 36	 => 190


===================[TEST 36]===================

##### START ##### Thu May 22 19:54:31 2003



##### CONVERGE ##### Thu May 22 19:55:38 2003

Elapsed time: 67 seconds
Total loop: 117 generations

Result : 187.85

11 21 28 50 43 37 2 19 49 40 25 39 36 1 10 46 34 22 29 27 26 30 42 31 12 20 13 23 54 7 44 24 41 6 45 48 15 9 18 35 53 47 16 52 51 32 8 5 17 33 4 38 14 3 

 11 21 28 50 43 37	 => 190
 2 37 43 19 49 40	 => 190
 25 40 49 39 36 1	 => 190
 28 10 46 34 22 50	 => 190
 43 50 22 29 27 19	 => 190
 49 19 27 26 30 39	 => 190
 36 39 30 42 31 12	 => 190
 46 20 13 23 54 34	 => 190
 22 34 54 7 44 29	 => 190
 27 29 44 24 41 26	 => 191
 30 26 41 6 45 42	 => 190
 31 42 45 48 15 9	 => 190
 54 23 18 35 53 7	 => 190
 44 7 53 47 16 24	 => 191
 41 24 16 52 51 6	 => 190
 45 6 51 32 8 48	 => 190
 53 35 5 17 33 47	 => 190
 16 47 33 4 38 52	 => 190
 51 52 38 14 3 32	 => 190


===================[TEST 37]===================

##### START ##### Thu May 22 19:55:38 2003



##### CONVERGE ##### Thu May 22 19:57:08 2003

Elapsed time: 90 seconds
Total loop: 159 generations

Result : 188.412

20 16 27 49 52 26 25 7 37 43 3 53 42 12 2 38 44 30 21 31 47 15 40 35 5 13 11 39 45 22 28 34 29 9 50 51 8 6 4 32 48 41 18 54 46 33 1 23 10 36 17 24 14 19 

 20 16 27 49 52 26	 => 190
 25 26 52 7 37 43	 => 190
 3 43 37 53 42 12	 => 190
 27 2 38 44 30 49	 => 190
 52 49 30 21 31 7	 => 190
 37 7 31 47 15 53	 => 190
 42 53 15 40 35 5	 => 190
 38 13 11 39 45 44	 => 190
 30 44 45 22 28 21	 => 190
 31 21 28 34 29 47	 => 190
 15 47 29 9 50 40	 => 190
 35 40 50 51 8 6	 => 190
 45 39 4 32 48 22	 => 190
 28 22 48 41 18 34	 => 191
 29 34 18 54 46 9	 => 190
 50 9 46 33 1 51	 => 190
 48 32 23 10 36 41	 => 190
 18 41 36 17 24 54	 => 190
 46 54 24 14 19 33	 => 190


===================[TEST 38]===================

##### START ##### Thu May 22 19:57:08 2003



##### CONVERGE ##### Thu May 22 19:58:45 2003

Elapsed time: 97 seconds
Total loop: 169 generations

Result : 187.412

10 13 54 27 51 34 12 18 46 28 11 47 43 14 5 53 24 26 35 32 30 16 44 38 2 22 15 25 50 33 21 31 40 23 36 41 29 1 9 20 52 48 4 49 42 39 8 7 17 45 6 37 19 3 

 10 13 54 27 51 34	 => 189
 12 34 51 18 46 28	 => 189
 11 28 46 47 43 14	 => 189
 54 5 53 24 26 27	 => 189
 51 27 26 35 32 18	 => 189
 46 18 32 30 16 47	 => 189
 43 47 16 44 38 2	 => 190
 53 22 15 25 50 24	 => 189
 26 24 50 33 21 35	 => 189
 32 35 21 31 40 30	 => 189
 16 30 40 23 36 44	 => 189
 38 44 36 41 29 1	 => 189
 50 25 9 20 52 33	 => 189
 21 33 52 48 4 31	 => 189
 40 31 4 49 42 23	 => 189
 36 23 42 39 8 41	 => 189
 52 20 7 17 45 48	 => 189
 4 48 45 6 37 49	 => 189
 42 49 37 19 3 39	 => 189


===================[TEST 39]===================

##### START ##### Thu May 22 19:58:45 2003



##### CONVERGE ##### Thu May 22 19:59:59 2003

Elapsed time: 74 seconds
Total loop: 130 generations

Result : 187.85

8 9 37 45 50 41 1 24 49 26 14 51 38 12 7 43 54 4 36 31 17 18 48 34 2 6 15 33 39 25 32 28 46 21 40 44 13 11 5 53 35 47 23 42 30 52 3 16 10 29 22 27 19 20 

 8 9 37 45 50 41	 => 190
 1 41 50 24 49 26	 => 191
 14 26 49 51 38 12	 => 190
 37 7 43 54 4 45	 => 190
 50 45 4 36 31 24	 => 190
 49 24 31 17 18 51	 => 190
 38 51 18 48 34 2	 => 191
 43 6 15 33 39 54	 => 190
 4 54 39 25 32 36	 => 190
 31 36 32 28 46 17	 => 190
 18 17 46 21 40 48	 => 190
 34 48 40 44 13 11	 => 190
 39 33 5 53 35 25	 => 190
 32 25 35 47 23 28	 => 190
 46 28 23 42 30 21	 => 190
 40 21 30 52 3 44	 => 190
 35 53 16 10 29 47	 => 190
 23 47 29 22 27 42	 => 190
 30 42 27 19 20 52	 => 190


===================[TEST 40]===================

##### START ##### Thu May 22 19:59:59 2003



##### CONVERGE ##### Thu May 22 20:01:24 2003

Elapsed time: 85 seconds
Total loop: 148 generations

Result : 188.412

18 7 40 50 52 23 12 16 41 46 1 42 45 15 4 38 49 9 28 35 37 19 34 39 11 5 10 36 53 21 30 27 33 13 54 29 20 14 8 25 47 43 22 44 51 26 17 3 24 48 2 31 6 32 

 18 7 40 50 52 23	 => 190
 12 23 52 16 41 46	 => 190
 1 46 41 42 45 15	 => 190
 40 4 38 49 9 50	 => 190
 52 50 9 28 35 16	 => 190
 41 16 35 37 19 42	 => 190
 45 42 19 34 39 11	 => 190
 38 5 10 36 53 49	 => 191
 9 49 53 21 30 28	 => 190
 35 28 30 27 33 37	 => 190
 19 37 33 13 54 34	 => 190
 39 34 54 29 20 14	 => 190
 53 36 8 25 47 21	 => 190
 30 21 47 43 22 27	 => 190
 33 27 22 44 51 13	 => 190
 54 13 51 26 17 29	 => 190
 47 25 3 24 48 43	 => 190
 22 43 48 2 31 44	 => 190
 51 44 31 6 32 26	 => 190

3 27 49 33 53 20 15 21 24 52 4 44 50 11 9 39 48 7 41 30 31 35 46 8 2 28 1 26 43 17 29 38 16 6 51 47 10 23 22 32 45 19 37 54 34 42 5 40 13 36 14 25 18 12 

 3 27 49 33 53 20	 => 185
 15 20 53 21 24 52	 => 185
 4 52 24 44 50 11	 => 185
 49 9 39 48 7 33	 => 185
 53 33 7 41 30 21	 => 185
 24 21 30 31 35 44	 => 185
 50 44 35 46 8 2	 => 185
 39 28 1 26 43 48	 => 185
 7 48 43 17 29 41	 => 185
 30 41 29 38 16 31	 => 185
 35 31 16 6 51 46	 => 185
 8 46 51 47 10 23	 => 185
 43 26 22 32 45 17	 => 185
 29 17 45 19 37 38	 => 185
 16 38 37 54 34 6	 => 185
 51 6 34 42 5 47	 => 185
 45 32 40 13 36 19	 => 185
 37 19 36 14 25 54	 => 185
 34 54 25 18 12 42	 => 185


===================[TEST 41]===================

##### START ##### Thu May 22 20:01:24 2003



##### CONVERGE ##### Thu May 22 20:03:25 2003

Elapsed time: 121 seconds
Total loop: 213 generations

Result : 188.163

7 10 31 50 53 40 3 5 54 36 20 45 32 4 2 44 52 12 37 34 29 24 47 30 13 18 6 28 42 23 25 39 26 22 43 46 17 8 1 49 48 41 15 51 38 27 14 11 9 33 16 35 19 21 

 7 10 31 50 53 40	 => 191
 3 40 53 5 54 36	 => 191
 20 36 54 45 32 4	 => 191
 31 2 44 52 12 50	 => 191
 53 50 12 37 34 5	 => 191
 54 5 34 29 24 45	 => 191
 32 45 24 47 30 13	 => 191
 44 18 6 28 42 52	 => 190
 12 52 42 23 25 37	 => 191
 34 37 25 39 26 29	 => 190
 24 29 26 22 43 47	 => 191
 30 47 43 46 17 8	 => 191
 42 28 1 49 48 23	 => 191
 25 23 48 41 15 39	 => 191
 26 39 15 51 38 22	 => 191
 43 22 38 27 14 46	 => 190
 48 49 11 9 33 41	 => 191
 15 41 33 16 35 51	 => 191
 38 51 35 19 21 27	 => 191


===================[TEST 42]===================

##### START ##### Thu May 22 20:03:25 2003



##### CONVERGE ##### Thu May 22 20:04:52 2003

Elapsed time: 87 seconds
Total loop: 152 generations

Result : 188.306

8 10 43 53 48 28 7 4 51 52 5 54 17 11 3 24 47 20 39 26 30 25 38 44 12 19 14 49 37 15 32 34 29 18 50 36 21 1 13 31 45 41 23 40 46 33 6 22 16 35 9 42 2 27 

 8 10 43 53 48 28	 => 190
 7 28 48 4 51 52	 => 190
 5 52 51 54 17 11	 => 190
 43 3 24 47 20 53	 => 190
 48 53 20 39 26 4	 => 190
 51 4 26 30 25 54	 => 190
 17 54 25 38 44 12	 => 190
 24 19 14 49 37 47	 => 190
 20 47 37 15 32 39	 => 190
 26 39 32 34 29 30	 => 190
 25 30 29 18 50 38	 => 190
 44 38 50 36 21 1	 => 190
 37 49 13 31 45 15	 => 190
 32 15 45 41 23 34	 => 190
 29 34 23 40 46 18	 => 190
 50 18 46 33 6 36	 => 189
 45 31 22 16 35 41	 => 190
 23 41 35 9 42 40	 => 190
 46 40 42 2 27 33	 => 190


===================[TEST 43]===================

##### START ##### Thu May 22 20:04:52 2003



##### CONVERGE ##### Thu May 22 20:06:35 2003

Elapsed time: 103 seconds
Total loop: 182 generations

Result : 187.64

25 10 22 52 47 33 2 23 41 44 1 54 46 4 24 35 50 7 43 18 36 17 38 27 8 5 21 34 45 15 30 31 32 14 53 40 20 12 3 42 51 37 26 39 48 29 6 19 13 28 11 49 9 16 

 25 10 22 52 47 33	 => 189
 2 33 47 23 41 44	 => 190
 1 44 41 54 46 4	 => 190
 22 24 35 50 7 52	 => 190
 47 52 7 43 18 23	 => 190
 41 23 18 36 17 54	 => 189
 46 54 17 38 27 8	 => 190
 35 5 21 34 45 50	 => 190
 7 50 45 15 30 43	 => 190
 18 43 30 31 32 36	 => 190
 17 36 32 14 53 38	 => 190
 27 38 53 40 20 12	 => 190
 45 34 3 42 51 15	 => 190
 30 15 51 37 26 31	 => 190
 32 31 26 39 48 14	 => 190
 53 14 48 29 6 40	 => 190
 51 42 19 13 28 37	 => 190
 26 37 28 11 49 39	 => 190
 48 39 49 9 16 29	 => 190


===================[TEST 44]===================

##### START ##### Thu May 22 20:06:35 2003



##### CONVERGE ##### Thu May 22 20:07:45 2003

Elapsed time: 70 seconds
Total loop: 121 generations

Result : 187.85

1 11 36 53 51 38 7 5 54 35 3 43 39 16 6 29 52 14 26 41 30 17 49 34 8 2 13 47 48 18 32 33 28 23 44 22 10 31 4 27 46 37 24 40 42 50 9 15 20 45 19 25 21 12 

 1 11 36 53 51 38	 => 190
 7 38 51 5 54 35	 => 190
 3 35 54 43 39 16	 => 190
 36 6 29 52 14 53	 => 190
 51 53 14 26 41 5	 => 190
 54 5 41 30 17 43	 => 190
 39 43 17 49 34 8	 => 190
 29 2 13 47 48 52	 => 191
 14 52 48 18 32 26	 => 190
 41 26 32 33 28 30	 => 190
 17 30 28 23 44 49	 => 191
 34 49 44 22 10 31	 => 190
 48 47 4 27 46 18	 => 190
 32 18 46 37 24 33	 => 190
 28 33 24 40 42 23	 => 190
 44 23 42 50 9 22	 => 190
 46 27 15 20 45 37	 => 190
 24 37 45 19 25 40	 => 190
 42 40 25 21 12 50	 => 190


===================[TEST 45]===================

##### START ##### Thu May 22 20:07:45 2003



##### CONVERGE ##### Thu May 22 20:08:45 2003

Elapsed time: 60 seconds
Total loop: 106 generations

Result : 188.412

21 3 16 54 44 52 7 8 53 26 12 43 47 9 10 49 42 19 36 29 32 25 38 37 1 15 4 46 34 24 35 31 27 18 50 40 5 20 2 39 45 33 22 51 41 28 13 11 14 48 6 30 17 23 

 21 3 16 54 44 52	 => 190
 7 52 44 8 53 26	 => 190
 12 26 53 43 47 9	 => 190
 16 10 49 42 19 54	 => 190
 44 54 19 36 29 8	 => 190
 53 8 29 32 25 43	 => 190
 47 43 25 38 37 1	 => 191
 49 15 4 46 34 42	 => 190
 19 42 34 24 35 36	 => 190
 29 36 35 31 27 32	 => 190
 25 32 27 18 50 38	 => 190
 37 38 50 40 5 20	 => 190
 34 46 2 39 45 24	 => 190
 35 24 45 33 22 31	 => 190
 27 31 22 51 41 18	 => 190
 50 18 41 28 13 40	 => 190
 45 39 11 14 48 33	 => 190
 22 33 48 6 30 51	 => 190
 41 51 30 17 23 28	 => 190


===================[TEST 46]===================

##### START ##### Thu May 22 20:08:45 2003



##### CONVERGE ##### Thu May 22 20:09:55 2003

Elapsed time: 70 seconds
Total loop: 122 generations

Result : 188.163

13 20 32 49 41 36 8 23 53 30 15 47 42 3 1 33 54 22 25 31 27 10 52 29 11 2 7 51 44 12 34 38 35 17 50 45 9 6 4 39 40 46 21 43 37 26 16 14 24 28 5 48 19 18 

 13 20 32 49 41 36	 => 191
 8 36 41 23 53 30	 => 191
 15 30 53 47 42 3	 => 190
 32 1 33 54 22 49	 => 191
 41 49 22 25 31 23	 => 191
 53 23 31 27 10 47	 => 191
 42 47 10 52 29 11	 => 191
 33 2 7 51 44 54	 => 191
 22 54 44 12 34 25	 => 191
 31 25 34 38 35 27	 => 190
 10 27 35 17 50 52	 => 191
 29 52 50 45 9 6	 => 191
 44 51 4 39 40 12	 => 190
 34 12 40 46 21 38	 => 191
 35 38 21 43 37 17	 => 191
 50 17 37 26 16 45	 => 191
 40 39 14 24 28 46	 => 191
 21 46 28 5 48 43	 => 191
 37 43 48 19 18 26	 => 191


===================[TEST 47]===================

##### START ##### Thu May 22 20:09:55 2003



##### CONVERGE ##### Thu May 22 20:11:28 2003

Elapsed time: 93 seconds
Total loop: 163 generations

Result : 188.306

3 10 36 42 52 47 5 18 37 31 12 48 53 9 6 34 46 26 29 23 49 15 40 27 7 14 13 33 50 8 30 38 21 22 43 32 28 20 1 44 54 41 19 39 51 25 17 4 2 45 11 35 16 24 

 3 10 36 42 52 47	 => 190
 5 47 52 18 37 31	 => 190
 12 31 37 48 53 9	 => 190
 36 6 34 46 26 42	 => 190
 52 42 26 29 23 18	 => 190
 37 18 23 49 15 48	 => 190
 53 48 15 40 27 7	 => 190
 34 14 13 33 50 46	 => 190
 26 46 50 8 30 29	 => 189
 23 29 30 38 21 49	 => 190
 15 49 21 22 43 40	 => 190
 27 40 43 32 28 20	 => 190
 50 33 1 44 54 8	 => 190
 30 8 54 41 19 38	 => 190
 21 38 19 39 51 22	 => 190
 43 22 51 25 17 32	 => 190
 54 44 4 2 45 41	 => 190
 19 41 45 11 35 39	 => 190
 51 39 35 16 24 25	 => 190


===================[TEST 48]===================

##### START ##### Thu May 22 20:11:28 2003



##### CONVERGE ##### Thu May 22 20:12:43 2003

Elapsed time: 75 seconds
Total loop: 132 generations

Result : 187.85

8 14 31 52 44 41 2 19 48 36 4 46 49 7 6 26 54 21 22 32 35 10 40 42 3 24 5 37 45 15 33 30 38 17 50 39 18 1 13 27 53 34 25 51 29 43 12 9 20 47 11 23 16 28 

 8 14 31 52 44 41	 => 190
 2 41 44 19 48 36	 => 190
 4 36 48 46 49 7	 => 190
 31 6 26 54 21 52	 => 190
 44 52 21 22 32 19	 => 190
 48 19 32 35 10 46	 => 190
 49 46 10 40 42 3	 => 190
 26 24 5 37 45 54	 => 191
 21 54 45 15 33 22	 => 190
 32 22 33 30 38 35	 => 190
 10 35 38 17 50 40	 => 190
 42 40 50 39 18 1	 => 190
 45 37 13 27 53 15	 => 190
 33 15 53 34 25 30	 => 190
 38 30 25 51 29 17	 => 190
 50 17 29 43 12 39	 => 190
 53 27 9 20 47 34	 => 190
 25 34 47 11 23 51	 => 191
 29 51 23 16 28 43	 => 190


===================[TEST 49]===================

##### START ##### Thu May 22 20:12:43 2003



##### CONVERGE ##### Thu May 22 20:14:01 2003

Elapsed time: 78 seconds
Total loop: 137 generations

Result : 187.501

20 19 35 39 46 32 14 7 54 37 5 40 44 11 1 50 41 24 30 45 27 18 53 33 3 17 9 26 48 23 25 36 28 13 52 42 2 8 21 29 43 49 15 51 47 31 6 22 10 38 4 34 16 12 

 20 19 35 39 46 32	 => 191
 14 32 46 7 54 37	 => 190
 5 37 54 40 44 11	 => 191
 35 1 50 41 24 39	 => 190
 46 39 24 30 45 7	 => 191
 54 7 45 27 18 40	 => 191
 44 40 18 53 33 3	 => 191
 50 17 9 26 48 41	 => 191
 24 41 48 23 25 30	 => 191
 45 30 25 36 28 27	 => 191
 18 27 28 13 52 53	 => 191
 33 53 52 42 2 8	 => 190
 48 26 21 29 43 23	 => 190
 25 23 43 49 15 36	 => 191
 28 36 15 51 47 13	 => 190
 52 13 47 31 6 42	 => 191
 43 29 22 10 38 49	 => 191
 15 49 38 4 34 51	 => 191
 47 51 34 16 12 31	 => 191


===================[TEST 50]===================

##### START ##### Thu May 22 20:14:01 2003



##### CONVERGE ##### Thu May 22 20:15:26 2003

Elapsed time: 85 seconds
Total loop: 149 generations

Result : 187.794

12 13 30 44 52 40 1 16 50 32 22 33 48 6 4 46 45 21 24 34 35 23 42 26 19 7 10 28 54 18 29 41 27 15 49 43 17 14 2 53 36 47 20 51 37 38 9 5 11 39 3 31 25 8 

 12 13 30 44 52 40	 => 191
 1 40 52 16 50 32	 => 191
 22 32 50 33 48 6	 => 191
 30 4 46 45 21 44	 => 190
 52 44 21 24 34 16	 => 191
 50 16 34 35 23 33	 => 191
 48 33 23 42 26 19	 => 191
 46 7 10 28 54 45	 => 190
 21 45 54 18 29 24	 => 191
 34 24 29 41 27 35	 => 190
 23 35 27 15 49 42	 => 191
 26 42 49 43 17 14	 => 191
 54 28 2 53 36 18	 => 191
 29 18 36 47 20 41	 => 191
 27 41 20 51 37 15	 => 191
 49 15 37 38 9 43	 => 191
 36 53 5 11 39 47	 => 191
 20 47 39 3 31 51	 => 191
 37 51 31 25 8 38	 => 190


===================[TEST 51]===================

##### START ##### Thu May 22 20:15:26 2003



##### CONVERGE ##### Thu May 22 20:16:42 2003

Elapsed time: 76 seconds
Total loop: 133 generations

Result : 188.412

21 17 36 49 27 40 19 20 53 31 4 46 41 15 10 28 42 25 47 22 33 16 48 38 1 24 8 54 35 2 39 26 23 18 52 30 9 13 3 45 51 43 29 44 50 34 6 7 12 32 5 37 14 11 

 21 17 36 49 27 40	 => 190
 19 40 27 20 53 31	 => 190
 4 31 53 46 41 15	 => 190
 36 10 28 42 25 49	 => 190
 27 49 25 47 22 20	 => 190
 53 20 22 33 16 46	 => 190
 41 46 16 48 38 1	 => 190
 28 24 8 54 35 42	 => 191
 25 42 35 2 39 47	 => 190
 22 47 39 26 23 33	 => 190
 16 33 23 18 52 48	 => 190
 38 48 52 30 9 13	 => 190
 35 54 3 45 51 2	 => 190
 39 2 51 43 29 26	 => 190
 23 26 29 44 50 18	 => 190
 52 18 50 34 6 30	 => 190
 51 45 7 12 32 43	 => 190
 29 43 32 5 37 44	 => 190
 50 44 37 14 11 34	 => 190


===================[TEST 52]===================

##### START ##### Thu May 22 20:16:42 2003



##### CONVERGE ##### Thu May 22 20:18:03 2003

Elapsed time: 81 seconds
Total loop: 141 generations

Result : 187.64

9 3 46 43 50 39 5 23 51 22 14 36 45 21 2 41 52 6 37 31 20 29 38 30 12 7 11 32 47 15 33 34 35 24 44 54 16 8 19 28 49 42 17 53 27 40 1 10 13 48 4 26 25 18 

 9 3 46 43 50 39	 => 190
 5 39 50 23 51 22	 => 190
 14 22 51 36 45 21	 => 189
 46 2 41 52 6 43	 => 190
 50 43 6 37 31 23	 => 190
 51 23 31 20 29 36	 => 190
 45 36 29 38 30 12	 => 190
 41 7 11 32 47 52	 => 190
 6 52 47 15 33 37	 => 190
 31 37 33 34 35 20	 => 190
 29 20 35 24 44 38	 => 190
 30 38 44 54 16 8	 => 190
 47 32 19 28 49 15	 => 190
 33 15 49 42 17 34	 => 190
 35 34 17 53 27 24	 => 190
 44 24 27 40 1 54	 => 190
 49 28 10 13 48 42	 => 190
 17 42 48 4 26 53	 => 190
 27 53 26 25 18 40	 => 189


===================[TEST 53]===================

##### START ##### Thu May 22 20:18:03 2003



##### CONVERGE ##### Thu May 22 20:19:46 2003

Elapsed time: 103 seconds
Total loop: 181 generations

Result : 187.64

5 9 42 47 54 33 7 6 51 39 12 50 34 3 1 31 53 16 35 32 21 29 52 23 2 20 10 46 30 18 38 27 37 8 43 49 19 4 11 45 40 41 26 44 48 25 17 14 22 28 15 36 13 24 

 5 9 42 47 54 33	 => 190
 7 33 54 6 51 39	 => 190
 12 39 51 50 34 3	 => 189
 42 1 31 53 16 47	 => 190
 54 47 16 35 32 6	 => 190
 51 6 32 21 29 50	 => 189
 34 50 29 52 23 2	 => 190
 31 20 10 46 30 53	 => 190
 16 53 30 18 38 35	 => 190
 32 35 38 27 37 21	 => 190
 29 21 37 8 43 52	 => 190
 23 52 43 49 19 4	 => 190
 30 46 11 45 40 18	 => 190
 38 18 40 41 26 27	 => 190
 37 27 26 44 48 8	 => 190
 43 8 48 25 17 49	 => 190
 40 45 14 22 28 41	 => 190
 26 41 28 15 36 44	 => 190
 48 44 36 13 24 25	 => 190


===================[TEST 54]===================

##### START ##### Thu May 22 20:19:46 2003



##### CONVERGE ##### Thu May 22 20:20:57 2003

Elapsed time: 71 seconds
Total loop: 125 generations

Result : 188.412

18 12 30 51 46 33 1 21 40 49 7 47 34 13 3 44 38 24 29 19 37 26 36 42 5 10 14 39 45 22 32 50 23 15 53 35 20 4 16 27 41 43 2 52 48 28 11 17 9 54 8 31 6 25 

 18 12 30 51 46 33	 => 190
 1 33 46 21 40 49	 => 190
 7 49 40 47 34 13	 => 190
 30 3 44 38 24 51	 => 190
 46 51 24 29 19 21	 => 190
 40 21 19 37 26 47	 => 190
 34 47 26 36 42 5	 => 190
 44 10 14 39 45 38	 => 190
 24 38 45 22 32 29	 => 190
 19 29 32 50 23 37	 => 190
 26 37 23 15 53 36	 => 190
 42 36 53 35 20 4	 => 190
 45 39 16 27 41 22	 => 190
 32 22 41 43 2 50	 => 190
 23 50 2 52 48 15	 => 190
 53 15 48 28 11 35	 => 190
 41 27 17 9 54 43	 => 191
 2 43 54 8 31 52	 => 190
 48 52 31 6 25 28	 => 190


===================[TEST 55]===================

##### START ##### Thu May 22 20:20:57 2003



##### CONVERGE ##### Thu May 22 20:22:42 2003

Elapsed time: 105 seconds
Total loop: 184 generations

Result : 188.163

4 9 30 50 45 53 2 13 51 27 17 42 39 14 3 32 54 22 26 35 31 19 49 29 12 5 20 34 46 18 25 33 40 15 37 36 24 16 6 43 44 48 23 28 52 41 10 1 8 47 7 38 21 11 

 4 9 30 50 45 53	 => 191
 2 53 45 13 51 27	 => 191
 17 27 51 42 39 14	 => 190
 30 3 32 54 22 50	 => 191
 45 50 22 26 35 13	 => 191
 51 13 35 31 19 42	 => 191
 39 42 19 49 29 12	 => 190
 32 5 20 34 46 54	 => 191
 22 54 46 18 25 26	 => 191
 35 26 25 33 40 31	 => 190
 19 31 40 15 37 49	 => 191
 29 49 37 36 24 16	 => 191
 46 34 6 43 44 18	 => 191
 25 18 44 48 23 33	 => 191
 40 33 23 28 52 15	 => 191
 37 15 52 41 10 36	 => 191
 44 43 1 8 47 48	 => 191
 23 48 47 7 38 28	 => 191
 52 28 38 21 11 41	 => 191


===================[TEST 56]===================

##### START ##### Thu May 22 20:22:42 2003



##### CONVERGE ##### Thu May 22 20:23:33 2003

Elapsed time: 51 seconds
Total loop: 89 generations

Result : 187.478

12 16 36 45 49 33 8 22 50 28 23 52 27 10 3 38 53 15 24 35 29 2 54 44 11 25 1 34 39 18 41 30 31 26 48 19 5 20 6 51 42 43 17 40 46 47 4 13 9 32 21 37 14 7 

 12 16 36 45 49 33	 => 191
 8 33 49 22 50 28	 => 190
 23 28 50 52 27 10	 => 190
 36 3 38 53 15 45	 => 190
 49 45 15 24 35 22	 => 190
 50 22 35 29 2 52	 => 190
 27 52 2 54 44 11	 => 190
 38 25 1 34 39 53	 => 190
 15 53 39 18 41 24	 => 190
 35 24 41 30 31 29	 => 190
 2 29 31 26 48 54	 => 190
 44 54 48 19 5 20	 => 190
 39 34 6 51 42 18	 => 190
 41 18 42 43 17 30	 => 191
 31 30 17 40 46 26	 => 190
 48 26 46 47 4 19	 => 190
 42 51 13 9 32 43	 => 190
 17 43 32 21 37 40	 => 190
 46 40 37 14 7 47	 => 191


===================[TEST 57]===================

##### START ##### Thu May 22 20:23:33 2003



##### CONVERGE ##### Thu May 22 20:24:53 2003

Elapsed time: 80 seconds
Total loop: 141 generations

Result (Solution) : 190

15 4 40 48 49 34 5 20 45 37 7 51 39 11 9 28 53 12 29 32 23 19 33 35 13 26 1 30 52 17 27 43 36 25 54 44 10 14 3 38 50 31 22 46 18 47 2 24 6 41 8 42 21 16 

 15 4 40 48 49 34	 => 190
 5 34 49 20 45 37	 => 190
 7 37 45 51 39 11	 => 190
 40 9 28 53 12 48	 => 190
 49 48 12 29 32 20	 => 190
 45 20 32 23 19 51	 => 190
 39 51 19 33 35 13	 => 190
 28 26 1 30 52 53	 => 190
 12 53 52 17 27 29	 => 190
 32 29 27 43 36 23	 => 190
 19 23 36 25 54 33	 => 190
 35 33 54 44 10 14	 => 190
 52 30 3 38 50 17	 => 190
 27 17 50 31 22 43	 => 190
 36 43 22 46 18 25	 => 190
 54 25 18 47 2 44	 => 190
 50 38 24 6 41 31	 => 190
 22 31 41 8 42 46	 => 190
 18 46 42 21 16 47	 => 190


===================[TEST 58]===================

##### START ##### Thu May 22 20:24:53 2003



##### CONVERGE ##### Thu May 22 20:26:30 2003

Elapsed time: 97 seconds
Total loop: 170 generations

Result : 187.85

2 17 50 30 45 46 3 16 53 27 4 49 48 9 11 36 34 29 33 37 28 7 42 38 6 12 14 54 40 22 32 21 39 23 51 25 10 24 5 26 44 52 19 41 47 43 1 15 18 35 13 31 20 8 

 2 17 50 30 45 46	 => 190
 3 46 45 16 53 27	 => 190
 4 27 53 49 48 9	 => 190
 50 11 36 34 29 30	 => 190
 45 30 29 33 37 16	 => 190
 53 16 37 28 7 49	 => 190
 48 49 7 42 38 6	 => 190
 36 12 14 54 40 34	 => 190
 29 34 40 22 32 33	 => 190
 37 33 32 21 39 28	 => 190
 7 28 39 23 51 42	 => 190
 38 42 51 25 10 24	 => 190
 40 54 5 26 44 22	 => 191
 32 22 44 52 19 21	 => 190
 39 21 19 41 47 23	 => 190
 51 23 47 43 1 25	 => 190
 44 26 15 18 35 52	 => 190
 19 52 35 13 31 41	 => 191
 47 41 31 20 8 43	 => 190


===================[TEST 59]===================

##### START ##### Thu May 22 20:26:30 2003



##### CONVERGE ##### Thu May 22 20:27:59 2003

Elapsed time: 89 seconds
Total loop: 155 generations

Result : 187.85

4 18 28 46 53 41 1 16 47 32 5 45 49 12 6 43 42 25 27 23 52 7 33 36 21 8 13 34 50 24 22 35 31 17 51 37 19 14 3 39 40 54 15 48 44 30 11 29 2 26 9 38 10 20 

 4 18 28 46 53 41	 => 190
 1 41 53 16 47 32	 => 190
 5 32 47 45 49 12	 => 190
 28 6 43 42 25 46	 => 190
 53 46 25 27 23 16	 => 190
 47 16 23 52 7 45	 => 190
 49 45 7 33 36 21	 => 191
 43 8 13 34 50 42	 => 190
 25 42 50 24 22 27	 => 190
 23 27 22 35 31 52	 => 190
 7 52 31 17 51 33	 => 191
 36 33 51 37 19 14	 => 190
 50 34 3 39 40 24	 => 190
 22 24 40 54 15 35	 => 190
 31 35 15 48 44 17	 => 190
 51 17 44 30 11 37	 => 190
 40 39 29 2 26 54	 => 190
 15 54 26 9 38 48	 => 190
 44 48 38 10 20 30	 => 190


===================[TEST 60]===================

##### START ##### Thu May 22 20:27:59 2003



##### CONVERGE ##### Thu May 22 20:29:11 2003

Elapsed time: 72 seconds
Total loop: 126 generations

Result : 187.163

18 9 28 53 37 45 5 22 54 27 6 50 49 4 11 39 30 29 32 17 40 7 43 38 3 20 12 41 47 19 33 42 26 23 51 34 16 8 10 48 25 46 24 31 44 35 2 21 14 36 1 52 13 15 

 18 9 28 53 37 45	 => 190
 5 45 37 22 54 27	 => 190
 6 27 54 50 49 4	 => 190
 28 11 39 30 29 53	 => 190
 37 53 29 32 17 22	 => 190
 54 22 17 40 7 50	 => 190
 49 50 7 43 38 3	 => 190
 39 20 12 41 47 30	 => 189
 29 30 47 19 33 32	 => 190
 17 32 33 42 26 40	 => 190
 7 40 26 23 51 43	 => 190
 38 43 51 34 16 8	 => 190
 47 41 10 48 25 19	 => 190
 33 19 25 46 24 42	 => 189
 26 42 24 31 44 23	 => 190
 51 23 44 35 2 34	 => 189
 25 48 21 14 36 46	 => 190
 24 46 36 1 52 31	 => 190
 44 31 52 13 15 35	 => 190


===================[TEST 61]===================

##### START ##### Thu May 22 20:29:11 2003



##### CONVERGE ##### Thu May 22 20:30:41 2003

Elapsed time: 90 seconds
Total loop: 158 generations

Result : 188.412

12 13 44 46 49 26 11 17 54 33 19 36 45 3 7 35 52 6 38 34 24 25 43 32 9 4 5 42 53 14 27 39 28 23 47 31 22 15 10 41 30 51 29 21 50 37 2 20 8 40 1 48 16 18 

 12 13 44 46 49 26	 => 190
 11 26 49 17 54 33	 => 190
 19 33 54 36 45 3	 => 190
 44 7 35 52 6 46	 => 190
 49 46 6 38 34 17	 => 190
 54 17 34 24 25 36	 => 190
 45 36 25 43 32 9	 => 190
 35 4 5 42 53 52	 => 191
 6 52 53 14 27 38	 => 190
 34 38 27 39 28 24	 => 190
 25 24 28 23 47 43	 => 190
 32 43 47 31 22 15	 => 190
 53 42 10 41 30 14	 => 190
 27 14 30 51 29 39	 => 190
 28 39 29 21 50 23	 => 190
 47 23 50 37 2 31	 => 190
 30 41 20 8 40 51	 => 190
 29 51 40 1 48 21	 => 190
 50 21 48 16 18 37	 => 190


===================[TEST 62]===================

##### START ##### Thu May 22 20:30:41 2003



##### CONVERGE ##### Thu May 22 20:31:45 2003

Elapsed time: 64 seconds
Total loop: 112 generations

Result : 187.85

13 19 44 52 36 27 5 28 49 45 8 51 34 3 2 53 35 4 47 23 22 17 54 33 1 6 11 39 46 18 40 32 26 21 50 31 12 10 15 30 42 38 20 48 43 29 16 14 25 41 7 37 24 9 

 13 19 44 52 36 27	 => 191
 5 27 36 28 49 45	 => 190
 8 45 49 51 34 3	 => 190
 44 2 53 35 4 52	 => 190
 36 52 4 47 23 28	 => 190
 49 28 23 22 17 51	 => 190
 34 51 17 54 33 1	 => 190
 53 6 11 39 46 35	 => 190
 4 35 46 18 40 47	 => 190
 23 47 40 32 26 22	 => 190
 17 22 26 21 50 54	 => 190
 33 54 50 31 12 10	 => 190
 46 39 15 30 42 18	 => 190
 40 18 42 38 20 32	 => 190
 26 32 20 48 43 21	 => 190
 50 21 43 29 16 31	 => 190
 42 30 14 25 41 38	 => 190
 20 38 41 7 37 48	 => 191
 43 48 37 24 9 29	 => 190


===================[TEST 63]===================

##### START ##### Thu May 22 20:31:45 2003



##### CONVERGE ##### Thu May 22 20:34:00 2003

Elapsed time: 135 seconds
Total loop: 237 generations

Result : 188.163

2 5 38 54 53 39 1 11 37 49 22 46 27 10 6 29 47 17 25 31 45 21 40 41 16 12 23 28 52 24 26 33 30 20 35 44 13 18 3 34 50 43 15 42 51 32 9 19 8 36 7 48 14 4 

 2 5 38 54 53 39	 => 191
 1 39 53 11 37 49	 => 190
 22 49 37 46 27 10	 => 191
 38 6 29 47 17 54	 => 191
 53 54 17 25 31 11	 => 191
 37 11 31 45 21 46	 => 191
 27 46 21 40 41 16	 => 191
 29 12 23 28 52 47	 => 191
 17 47 52 24 26 25	 => 191
 31 25 26 33 30 45	 => 190
 21 45 30 20 35 40	 => 191
 41 40 35 44 13 18	 => 191
 52 28 3 34 50 24	 => 191
 26 24 50 43 15 33	 => 191
 30 33 15 42 51 20	 => 191
 35 20 51 32 9 44	 => 191
 50 34 19 8 36 43	 => 190
 15 43 36 7 48 42	 => 191
 51 42 48 14 4 32	 => 191


===================[TEST 64]===================

##### START ##### Thu May 22 20:34:00 2003



##### CONVERGE ##### Thu May 22 20:35:51 2003

Elapsed time: 111 seconds
Total loop: 194 generations

Result : 187.64

20 10 33 47 51 29 2 17 42 49 7 41 37 14 9 48 35 18 30 27 31 32 44 23 13 16 3 34 54 25 28 52 22 15 46 36 21 19 11 26 40 39 6 50 45 43 5 8 24 53 4 38 1 12 

 20 10 33 47 51 29	 => 190
 2 29 51 17 42 49	 => 190
 7 49 42 41 37 14	 => 190
 33 9 48 35 18 47	 => 190
 51 47 18 30 27 17	 => 190
 42 17 27 31 32 41	 => 190
 37 41 32 44 23 13	 => 190
 48 16 3 34 54 35	 => 190
 18 35 54 25 28 30	 => 190
 27 30 28 52 22 31	 => 190
 32 31 22 15 46 44	 => 190
 23 44 46 36 21 19	 => 189
 54 34 11 26 40 25	 => 190
 28 25 40 39 6 52	 => 190
 22 52 6 50 45 15	 => 190
 46 15 45 43 5 36	 => 190
 40 26 8 24 53 39	 => 190
 6 39 53 4 38 50	 => 190
 45 50 38 1 12 43	 => 189


===================[TEST 65]===================

##### START ##### Thu May 22 20:35:51 2003



##### CONVERGE ##### Thu May 22 20:37:05 2003

Elapsed time: 74 seconds
Total loop: 129 generations

Result : 187.85

7 12 39 50 49 33 4 14 42 48 23 36 30 11 1 35 47 18 27 32 37 29 45 40 10 5 25 24 54 16 28 41 26 9 44 53 2 6 13 31 52 34 20 51 43 38 3 19 8 46 17 22 21 15 

 7 12 39 50 49 33	 => 190
 4 33 49 14 42 48	 => 190
 23 48 42 36 30 11	 => 190
 39 1 35 47 18 50	 => 190
 49 50 18 27 32 14	 => 190
 42 14 32 37 29 36	 => 190
 30 36 29 45 40 10	 => 190
 35 5 25 24 54 47	 => 190
 18 47 54 16 28 27	 => 190
 32 27 28 41 26 37	 => 191
 29 37 26 9 44 45	 => 190
 40 45 44 53 2 6	 => 190
 54 24 13 31 52 16	 => 190
 28 16 52 34 20 41	 => 191
 26 41 20 51 43 9	 => 190
 44 9 43 38 3 53	 => 190
 52 31 19 8 46 34	 => 190
 20 34 46 17 22 51	 => 190
 43 51 22 21 15 38	 => 190


===================[TEST 66]===================

##### START ##### Thu May 22 20:37:05 2003



##### CONVERGE ##### Thu May 22 20:37:59 2003

Elapsed time: 54 seconds
Total loop: 95 generations

Result : 186.85

22 12 50 33 51 21 8 11 45 53 5 42 35 9 13 31 39 23 25 46 29 16 54 38 4 41 3 27 48 20 34 32 24 19 47 30 14 6 2 43 49 37 18 44 52 40 1 17 15 28 26 36 10 7 

 22 12 50 33 51 21	 => 189
 8 21 51 11 45 53	 => 189
 5 53 45 42 35 9	 => 189
 50 13 31 39 23 33	 => 189
 51 33 23 25 46 11	 => 189
 45 11 46 29 16 42	 => 189
 35 42 16 54 38 4	 => 189
 31 41 3 27 48 39	 => 189
 23 39 48 20 34 25	 => 189
 46 25 34 32 24 29	 => 190
 16 29 24 19 47 54	 => 189
 38 54 47 30 14 6	 => 189
 48 27 2 43 49 20	 => 189
 34 20 49 37 18 32	 => 190
 24 32 18 44 52 19	 => 189
 47 19 52 40 1 30	 => 189
 49 43 17 15 28 37	 => 189
 18 37 28 26 36 44	 => 189
 52 44 36 10 7 40	 => 189


===================[TEST 67]===================

##### START ##### Thu May 22 20:37:59 2003



##### CONVERGE ##### Thu May 22 20:39:39 2003

Elapsed time: 100 seconds
Total loop: 175 generations

Result (Solution) : 189

13 2 44 27 51 52 1 11 40 34 7 47 38 23 8 32 54 24 37 39 21 31 45 18 10 5 3 53 42 6 26 36 30 14 48 41 17 20 16 22 50 46 25 35 49 33 4 19 9 43 12 28 29 15 

 13 2 44 27 51 52	 => 189
 1 52 51 11 40 34	 => 189
 7 34 40 47 38 23	 => 189
 44 8 32 54 24 27	 => 189
 51 27 24 37 39 11	 => 189
 40 11 39 21 31 47	 => 189
 38 47 31 45 18 10	 => 189
 32 5 3 53 42 54	 => 189
 24 54 42 6 26 37	 => 189
 39 37 26 36 30 21	 => 189
 31 21 30 14 48 45	 => 189
 18 45 48 41 17 20	 => 189
 42 53 16 22 50 6	 => 189
 26 6 50 46 25 36	 => 189
 30 36 25 35 49 14	 => 189
 48 14 49 33 4 41	 => 189
 50 22 19 9 43 46	 => 189
 25 46 43 12 28 35	 => 189
 49 35 28 29 15 33	 => 189


===================[TEST 68]===================

##### START ##### Thu May 22 20:39:39 2003



##### CONVERGE ##### Thu May 22 20:41:06 2003

Elapsed time: 87 seconds
Total loop: 153 generations

Result : 187.85

5 24 27 53 48 33 6 30 45 28 19 51 26 21 3 43 52 12 25 22 29 13 54 37 9 17 2 32 44 16 41 31 42 18 34 35 23 7 10 39 50 38 14 36 49 46 8 4 20 40 15 47 11 1 

 5 24 27 53 48 33	 => 190
 6 33 48 30 45 28	 => 190
 19 28 45 51 26 21	 => 190
 27 3 43 52 12 53	 => 190
 48 53 12 25 22 30	 => 190
 45 30 22 29 13 51	 => 190
 26 51 13 54 37 9	 => 190
 43 17 2 32 44 52	 => 190
 12 52 44 16 41 25	 => 190
 22 25 41 31 42 29	 => 190
 13 29 42 18 34 54	 => 190
 37 54 34 35 23 7	 => 190
 44 32 10 39 50 16	 => 191
 41 16 50 38 14 31	 => 190
 42 31 14 36 49 18	 => 190
 34 18 49 46 8 35	 => 190
 50 39 4 20 40 38	 => 191
 14 38 40 15 47 36	 => 190
 49 36 47 11 1 46	 => 190


===================[TEST 69]===================

##### START ##### Thu May 22 20:41:06 2003



##### CONVERGE ##### Thu May 22 20:42:08 2003

Elapsed time: 62 seconds
Total loop: 109 generations

Result : 187.85

17 20 50 39 42 22 6 30 36 54 2 47 40 11 5 28 48 21 31 27 32 18 46 35 4 10 14 52 38 15 37 29 34 16 44 49 9 7 1 51 33 53 23 45 43 25 13 8 19 26 3 41 24 12 

 17 20 50 39 42 22	 => 190
 6 22 42 30 36 54	 => 190
 2 54 36 47 40 11	 => 190
 50 5 28 48 21 39	 => 191
 42 39 21 31 27 30	 => 190
 36 30 27 32 18 47	 => 190
 40 47 18 46 35 4	 => 190
 28 10 14 52 38 48	 => 190
 21 48 38 15 37 31	 => 190
 27 31 37 29 34 32	 => 190
 18 32 34 16 44 46	 => 190
 35 46 44 49 9 7	 => 190
 38 52 1 51 33 15	 => 190
 37 15 33 53 23 29	 => 190
 34 29 23 45 43 16	 => 190
 44 16 43 25 13 49	 => 190
 33 51 8 19 26 53	 => 190
 23 53 26 3 41 45	 => 191
 43 45 41 24 12 25	 => 190


===================[TEST 70]===================

##### START ##### Thu May 22 20:42:08 2003



##### CONVERGE ##### Thu May 22 20:43:41 2003

Elapsed time: 93 seconds
Total loop: 162 generations

Result : 188.412

5 12 44 46 43 40 3 18 49 37 2 54 33 15 1 39 51 9 53 21 26 22 41 32 8 24 7 35 34 13 30 25 36 20 45 42 11 19 6 50 52 47 23 48 38 31 14 4 10 27 17 28 29 16 

 5 12 44 46 43 40	 => 190
 3 40 43 18 49 37	 => 190
 2 37 49 54 33 15	 => 190
 44 1 39 51 9 46	 => 190
 43 46 9 53 21 18	 => 190
 49 18 21 26 22 54	 => 190
 33 54 22 41 32 8	 => 190
 39 24 7 35 34 51	 => 190
 9 51 34 13 30 53	 => 190
 21 53 30 25 36 26	 => 191
 22 26 36 20 45 41	 => 190
 32 41 45 42 11 19	 => 190
 34 35 6 50 52 13	 => 190
 30 13 52 47 23 25	 => 190
 36 25 23 48 38 20	 => 190
 45 20 38 31 14 42	 => 190
 52 50 4 10 27 47	 => 190
 23 47 27 17 28 48	 => 190
 38 48 28 29 16 31	 => 190


===================[TEST 71]===================

##### START ##### Thu May 22 20:43:41 2003



##### CONVERGE ##### Thu May 22 20:44:57 2003

Elapsed time: 76 seconds
Total loop: 133 generations

Result : 188.306

7 14 38 51 44 36 9 22 52 27 21 33 31 26 8 30 47 16 37 20 45 18 48 49 11 13 10 40 50 12 28 35 25 15 39 46 5 3 2 32 54 42 19 53 43 24 23 4 17 41 1 34 29 6 

 7 14 38 51 44 36	 => 190
 9 36 44 22 52 27	 => 190
 21 27 52 33 31 26	 => 190
 38 8 30 47 16 51	 => 190
 44 51 16 37 20 22	 => 190
 52 22 20 45 18 33	 => 190
 31 33 18 48 49 11	 => 190
 30 13 10 40 50 47	 => 190
 16 47 50 12 28 37	 => 190
 20 37 28 35 25 45	 => 190
 18 45 25 15 39 48	 => 190
 49 48 39 46 5 3	 => 190
 50 40 2 32 54 12	 => 190
 28 12 54 42 19 35	 => 190
 25 35 19 53 43 15	 => 190
 39 15 43 24 23 46	 => 190
 54 32 4 17 41 42	 => 190
 19 42 41 1 34 53	 => 190
 43 53 34 29 6 24	 => 189


===================[TEST 72]===================

##### START ##### Thu May 22 20:44:57 2003



##### CONVERGE ##### Thu May 22 20:46:31 2003

Elapsed time: 94 seconds
Total loop: 166 generations

Result : 187.616

9 13 27 51 54 36 2 24 46 28 23 52 35 6 1 42 53 16 30 15 50 3 49 31 19 12 18 25 40 22 29 34 32 8 48 44 14 4 17 45 41 39 26 47 43 37 10 11 21 33 7 38 5 20 

 9 13 27 51 54 36	 => 190
 2 36 54 24 46 28	 => 190
 23 28 46 52 35 6	 => 190
 27 1 42 53 16 51	 => 190
 54 51 16 30 15 24	 => 190
 46 24 15 50 3 52	 => 190
 35 52 3 49 31 19	 => 189
 42 12 18 25 40 53	 => 190
 16 53 40 22 29 30	 => 190
 15 30 29 34 32 50	 => 190
 3 50 32 8 48 49	 => 190
 31 49 48 44 14 4	 => 190
 40 25 17 45 41 22	 => 190
 29 22 41 39 26 34	 => 191
 32 34 26 47 43 8	 => 190
 48 8 43 37 10 44	 => 190
 41 45 11 21 33 39	 => 190
 26 39 33 7 38 47	 => 190
 43 47 38 5 20 37	 => 190


===================[TEST 73]===================

##### START ##### Thu May 22 20:46:31 2003



##### CONVERGE ##### Thu May 22 20:48:31 2003

Elapsed time: 120 seconds
Total loop: 210 generations

Result : 188.412

11 5 52 39 54 29 6 7 53 41 8 46 28 14 1 31 43 24 30 36 21 27 49 38 2 4 17 45 50 18 25 44 34 19 40 51 3 9 12 23 42 48 13 47 33 37 10 22 20 35 15 32 26 16 

 11 5 52 39 54 29	 => 190
 6 29 54 7 53 41	 => 190
 8 41 53 46 28 14	 => 190
 52 1 31 43 24 39	 => 190
 54 39 24 30 36 7	 => 190
 53 7 36 21 27 46	 => 190
 28 46 27 49 38 2	 => 190
 31 4 17 45 50 43	 => 190
 24 43 50 18 25 30	 => 190
 36 30 25 44 34 21	 => 190
 27 21 34 19 40 49	 => 190
 38 49 40 51 3 9	 => 190
 50 45 12 23 42 18	 => 190
 25 18 42 48 13 44	 => 190
 34 44 13 47 33 19	 => 190
 40 19 33 37 10 51	 => 190
 42 23 22 20 35 48	 => 190
 13 48 35 15 32 47	 => 190
 33 47 32 26 16 37	 => 191


===================[TEST 74]===================

##### START ##### Thu May 22 20:48:31 2003



##### CONVERGE ##### Thu May 22 20:49:52 2003

Elapsed time: 81 seconds
Total loop: 141 generations

Result : 187.85

17 19 43 48 38 25 14 20 52 41 11 46 36 4 5 32 47 16 35 33 29 10 51 34 13 8 6 53 44 18 30 40 23 27 50 31 22 2 12 24 39 54 9 42 49 26 7 21 15 37 3 45 28 1 

 17 19 43 48 38 25	 => 190
 14 25 38 20 52 41	 => 190
 11 41 52 46 36 4	 => 190
 43 5 32 47 16 48	 => 191
 38 48 16 35 33 20	 => 190
 52 20 33 29 10 46	 => 190
 36 46 10 51 34 13	 => 190
 32 8 6 53 44 47	 => 190
 16 47 44 18 30 35	 => 190
 33 35 30 40 23 29	 => 190
 10 29 23 27 50 51	 => 190
 34 51 50 31 22 2	 => 190
 44 53 12 24 39 18	 => 190
 30 18 39 54 9 40	 => 190
 23 40 9 42 49 27	 => 190
 50 27 49 26 7 31	 => 190
 39 24 21 15 37 54	 => 190
 9 54 37 3 45 42	 => 190
 49 42 45 28 1 26	 => 191


===================[TEST 75]===================

##### START ##### Thu May 22 20:49:52 2003



##### CONVERGE ##### Thu May 22 20:51:25 2003

Elapsed time: 93 seconds
Total loop: 163 generations

Result : 187.85

9 1 54 43 52 31 8 20 45 34 3 47 51 10 7 26 46 14 24 37 19 22 39 29 2 25 12 28 53 18 36 41 33 27 50 38 13 21 16 40 35 49 11 48 30 42 4 5 17 44 6 32 15 23 

 9 1 54 43 52 31	 => 190
 8 31 52 20 45 34	 => 190
 3 34 45 47 51 10	 => 190
 54 7 26 46 14 43	 => 190
 52 43 14 24 37 20	 => 190
 45 20 37 19 22 47	 => 190
 51 47 22 39 29 2	 => 190
 26 25 12 28 53 46	 => 190
 14 46 53 18 36 24	 => 191
 37 24 36 41 33 19	 => 190
 22 19 33 27 50 39	 => 190
 29 39 50 38 13 21	 => 190
 53 28 16 40 35 18	 => 190
 36 18 35 49 11 41	 => 190
 33 41 11 48 30 27	 => 190
 50 27 30 42 4 38	 => 191
 35 40 5 17 44 49	 => 190
 11 49 44 6 32 48	 => 190
 30 48 32 15 23 42	 => 190


===================[TEST 76]===================

##### START ##### Thu May 22 20:51:25 2003



##### CONVERGE ##### Thu May 22 20:52:54 2003

Elapsed time: 89 seconds
Total loop: 157 generations

Result : 187.64

5 28 33 49 48 27 4 13 54 44 2 40 47 3 11 26 52 19 31 30 35 18 51 20 14 6 25 39 42 24 22 43 29 7 50 37 21 10 8 32 45 38 17 41 53 34 9 23 16 36 12 46 15 1 

 5 28 33 49 48 27	 => 190
 4 27 48 13 54 44	 => 190
 2 44 54 40 47 3	 => 190
 33 11 26 52 19 49	 => 190
 48 49 19 31 30 13	 => 190
 54 13 30 35 18 40	 => 190
 47 40 18 51 20 14	 => 190
 26 6 25 39 42 52	 => 190
 19 52 42 24 22 31	 => 190
 30 31 22 43 29 35	 => 190
 18 35 29 7 50 51	 => 190
 20 51 50 37 21 10	 => 189
 42 39 8 32 45 24	 => 190
 22 24 45 38 17 43	 => 189
 29 43 17 41 53 7	 => 190
 50 7 53 34 9 37	 => 190
 45 32 23 16 36 38	 => 190
 17 38 36 12 46 41	 => 190
 53 41 46 15 1 34	 => 190


===================[TEST 77]===================

##### START ##### Thu May 22 20:52:54 2003



##### CONVERGE ##### Thu May 22 20:54:13 2003

Elapsed time: 79 seconds
Total loop: 138 generations

Result : 188.412

6 8 40 43 51 42 5 9 54 29 11 33 53 10 18 32 45 12 38 37 30 27 34 36 7 4 17 44 48 25 22 28 35 14 50 47 21 2 1 23 49 46 20 41 52 24 3 26 15 31 13 39 19 16 

 6 8 40 43 51 42	 => 190
 5 42 51 9 54 29	 => 190
 11 29 54 33 53 10	 => 190
 40 18 32 45 12 43	 => 190
 51 43 12 38 37 9	 => 190
 54 9 37 30 27 33	 => 190
 53 33 27 34 36 7	 => 190
 32 4 17 44 48 45	 => 190
 12 45 48 25 22 38	 => 190
 37 38 22 28 35 30	 => 190
 27 30 35 14 50 34	 => 190
 36 34 50 47 21 2	 => 190
 48 44 1 23 49 25	 => 190
 22 25 49 46 20 28	 => 190
 35 28 20 41 52 14	 => 190
 50 14 52 24 3 47	 => 190
 49 23 26 15 31 46	 => 190
 20 46 31 13 39 41	 => 190
 52 41 39 19 16 24	 => 191


===================[TEST 78]===================

##### START ##### Thu May 22 20:54:13 2003



##### CONVERGE ##### Thu May 22 20:55:52 2003

Elapsed time: 99 seconds
Total loop: 174 generations

Result : 188.412

19 8 28 53 44 38 4 25 48 31 16 46 35 15 6 34 52 17 24 27 30 14 54 29 12 7 13 51 33 23 41 18 50 5 37 40 20 10 2 36 45 42 21 49 47 39 22 26 9 32 3 43 11 1 

 19 8 28 53 44 38	 => 190
 4 38 44 25 48 31	 => 190
 16 31 48 46 35 15	 => 191
 28 6 34 52 17 53	 => 190
 44 53 17 24 27 25	 => 190
 48 25 27 30 14 46	 => 190
 35 46 14 54 29 12	 => 190
 34 7 13 51 33 52	 => 190
 17 52 33 23 41 24	 => 190
 27 24 41 18 50 30	 => 190
 14 30 50 5 37 54	 => 190
 29 54 37 40 20 10	 => 190
 33 51 2 36 45 23	 => 190
 41 23 45 42 21 18	 => 190
 50 18 21 49 47 5	 => 190
 37 5 47 39 22 40	 => 190
 45 36 26 9 32 42	 => 190
 21 42 32 3 43 49	 => 190
 47 49 43 11 1 39	 => 190


===================[TEST 79]===================

##### START ##### Thu May 22 20:55:52 2003



##### CONVERGE ##### Thu May 22 20:57:27 2003

Elapsed time: 95 seconds
Total loop: 166 generations

Result : 187.85

4 17 22 52 42 54 8 19 37 30 12 53 32 26 11 40 49 16 33 28 29 24 36 44 1 3 10 43 46 7 39 38 23 27 51 25 14 20 2 45 47 41 18 50 34 48 5 9 13 35 15 31 21 6 

 4 17 22 52 42 54	 => 191
 8 54 42 19 37 30	 => 190
 12 30 37 53 32 26	 => 190
 22 11 40 49 16 52	 => 190
 42 52 16 33 28 19	 => 190
 37 19 28 29 24 53	 => 190
 32 53 24 36 44 1	 => 190
 40 3 10 43 46 49	 => 191
 16 49 46 7 39 33	 => 190
 28 33 39 38 23 29	 => 190
 24 29 23 27 51 36	 => 190
 44 36 51 25 14 20	 => 190
 46 43 2 45 47 7	 => 190
 39 7 47 41 18 38	 => 190
 23 38 18 50 34 27	 => 190
 51 27 34 48 5 25	 => 190
 47 45 9 13 35 41	 => 190
 18 41 35 15 31 50	 => 190
 34 50 31 21 6 48	 => 190


===================[TEST 80]===================

##### START ##### Thu May 22 20:57:27 2003



##### CONVERGE ##### Thu May 22 20:58:38 2003

Elapsed time: 71 seconds
Total loop: 124 generations

Result : 187.64

20 5 26 46 40 52 2 23 28 45 25 48 38 6 12 31 51 24 27 30 43 17 50 34 3 4 10 53 41 15 32 21 37 7 36 44 8 18 9 33 39 54 29 49 47 42 14 13 16 35 1 22 19 11 

 20 5 26 46 40 52	 => 189
 2 52 40 23 28 45	 => 190
 25 45 28 48 38 6	 => 190
 26 12 31 51 24 46	 => 190
 40 46 24 27 30 23	 => 190
 28 23 30 43 17 48	 => 189
 38 48 17 50 34 3	 => 190
 31 4 10 53 41 51	 => 190
 24 51 41 15 32 27	 => 190
 30 27 32 21 37 43	 => 190
 17 43 37 7 36 50	 => 190
 34 50 36 44 8 18	 => 190
 41 53 9 33 39 15	 => 190
 32 15 39 54 29 21	 => 190
 37 21 29 49 47 7	 => 190
 36 7 47 42 14 44	 => 190
 39 33 13 16 35 54	 => 190
 29 54 35 1 22 49	 => 190
 47 49 22 19 11 42	 => 190


===================[TEST 81]===================

##### START ##### Thu May 22 20:58:38 2003



##### CONVERGE ##### Thu May 22 21:00:18 2003

Elapsed time: 100 seconds
Total loop: 176 generations

Result : 188.412

19 28 27 33 52 31 4 14 53 36 17 49 26 9 18 43 46 23 39 29 21 25 48 32 10 1 2 54 44 8 30 37 34 11 51 40 13 6 12 22 50 45 20 41 47 38 3 16 15 42 7 35 24 5 

 19 28 27 33 52 31	 => 190
 4 31 52 14 53 36	 => 190
 17 36 53 49 26 9	 => 190
 27 18 43 46 23 33	 => 190
 52 33 23 39 29 14	 => 190
 53 14 29 21 25 49	 => 191
 26 49 25 48 32 10	 => 190
 43 1 2 54 44 46	 => 190
 23 46 44 8 30 39	 => 190
 29 39 30 37 34 21	 => 190
 25 21 34 11 51 48	 => 190
 32 48 51 40 13 6	 => 190
 44 54 12 22 50 8	 => 190
 30 8 50 45 20 37	 => 190
 34 37 20 41 47 11	 => 190
 51 11 47 38 3 40	 => 190
 50 22 16 15 42 45	 => 190
 20 45 42 7 35 41	 => 190
 47 41 35 24 5 38	 => 190


===================[TEST 82]===================

##### START ##### Thu May 22 21:00:18 2003



##### CONVERGE ##### Thu May 22 21:01:49 2003

Elapsed time: 91 seconds
Total loop: 160 generations

Result : 188.412

17 2 36 54 38 43 5 23 50 31 12 48 29 20 1 39 49 11 37 27 26 16 52 41 4 10 6 51 35 18 40 32 28 15 53 22 3 19 21 24 42 33 25 44 46 45 9 14 30 47 7 34 13 8 

 17 2 36 54 38 43	 => 190
 5 43 38 23 50 31	 => 190
 12 31 50 48 29 20	 => 190
 36 1 39 49 11 54	 => 190
 38 54 11 37 27 23	 => 190
 50 23 27 26 16 48	 => 190
 29 48 16 52 41 4	 => 190
 39 10 6 51 35 49	 => 190
 11 49 35 18 40 37	 => 190
 27 37 40 32 28 26	 => 190
 16 26 28 15 53 52	 => 190
 41 52 53 22 3 19	 => 190
 35 51 21 24 42 18	 => 191
 40 18 42 33 25 32	 => 190
 28 32 25 44 46 15	 => 190
 53 15 46 45 9 22	 => 190
 42 24 14 30 47 33	 => 190
 25 33 47 7 34 44	 => 190
 46 44 34 13 8 45	 => 190


===================[TEST 83]===================

##### START ##### Thu May 22 21:01:49 2003



##### CONVERGE ##### Thu May 22 21:03:12 2003

Elapsed time: 83 seconds
Total loop: 146 generations

Result : 187.616

13 5 29 54 51 38 10 9 46 36 3 47 52 6 7 33 50 17 22 37 21 30 26 34 1 14 18 35 40 19 43 27 39 25 49 45 16 20 11 41 44 42 15 53 31 32 8 12 23 28 4 48 2 24 

 13 5 29 54 51 38	 => 190
 10 38 51 9 46 36	 => 190
 3 36 46 47 52 6	 => 190
 29 7 33 50 17 54	 => 190
 51 54 17 22 37 9	 => 190
 46 9 37 21 30 47	 => 190
 52 47 30 26 34 1	 => 190
 33 14 18 35 40 50	 => 190
 17 50 40 19 43 22	 => 191
 37 22 43 27 39 21	 => 189
 30 21 39 25 49 26	 => 190
 34 26 49 45 16 20	 => 190
 40 35 11 41 44 19	 => 190
 43 19 44 42 15 27	 => 190
 39 27 15 53 31 25	 => 190
 49 25 31 32 8 45	 => 190
 44 41 12 23 28 42	 => 190
 15 42 28 4 48 53	 => 190
 31 53 48 2 24 32	 => 190


===================[TEST 84]===================

##### START ##### Thu May 22 21:03:12 2003



##### CONVERGE ##### Thu May 22 21:04:14 2003

Elapsed time: 62 seconds
Total loop: 107 generations

Result : 186.478

14 10 31 48 34 52 2 24 47 30 5 51 41 15 3 32 53 22 35 27 29 11 50 23 13 25 7 54 18 21 40 19 39 16 45 36 9 26 4 43 49 28 33 44 38 42 12 6 17 46 1 37 8 20 

 14 10 31 48 34 52	 => 189
 2 52 34 24 47 30	 => 189
 5 30 47 51 41 15	 => 189
 31 3 32 53 22 48	 => 189
 34 48 22 35 27 24	 => 190
 47 24 27 29 11 51	 => 189
 41 51 11 50 23 13	 => 189
 32 25 7 54 18 53	 => 189
 22 53 18 21 40 35	 => 189
 27 35 40 19 39 29	 => 189
 11 29 39 16 45 50	 => 190
 23 50 45 36 9 26	 => 189
 18 54 4 43 49 21	 => 189
 40 21 49 28 33 19	 => 190
 39 19 33 44 38 16	 => 189
 45 16 38 42 12 36	 => 189
 49 43 6 17 46 28	 => 189
 33 28 46 1 37 44	 => 189
 38 44 37 8 20 42	 => 189


===================[TEST 85]===================

##### START ##### Thu May 22 21:04:14 2003



##### CONVERGE ##### Thu May 22 21:05:31 2003

Elapsed time: 77 seconds
Total loop: 136 generations

Result : 188.163

3 16 41 54 48 29 6 18 49 40 19 44 34 5 2 28 52 14 27 30 26 24 39 46 4 7 8 45 51 15 32 38 37 23 42 25 22 17 1 36 43 53 10 33 50 31 20 11 13 35 12 47 9 21 

 3 16 41 54 48 29	 => 191
 6 29 48 18 49 40	 => 190
 19 40 49 44 34 5	 => 191
 41 2 28 52 14 54	 => 191
 48 54 14 27 30 18	 => 191
 49 18 30 26 24 44	 => 191
 34 44 24 39 46 4	 => 191
 28 7 8 45 51 52	 => 191
 14 52 51 15 32 27	 => 191
 30 27 32 38 37 26	 => 190
 24 26 37 23 42 39	 => 191
 46 39 42 25 22 17	 => 191
 51 45 1 36 43 15	 => 191
 32 15 43 53 10 38	 => 191
 37 38 10 33 50 23	 => 191
 42 23 50 31 20 25	 => 191
 43 36 11 13 35 53	 => 191
 10 53 35 12 47 33	 => 190
 50 33 47 9 21 31	 => 191


===================[TEST 86]===================

##### START ##### Thu May 22 21:05:31 2003



##### CONVERGE ##### Thu May 22 21:06:49 2003

Elapsed time: 78 seconds
Total loop: 136 generations

Result : 187.85

14 3 47 54 38 34 15 20 45 39 7 51 36 12 8 25 46 10 40 28 27 19 48 31 5 21 26 43 29 23 42 18 35 24 37 41 16 17 1 50 44 52 11 49 53 30 6 9 2 33 13 32 4 22 

 14 3 47 54 38 34	 => 190
 15 34 38 20 45 39	 => 191
 7 39 45 51 36 12	 => 190
 47 8 25 46 10 54	 => 190
 38 54 10 40 28 20	 => 190
 45 20 28 27 19 51	 => 190
 36 51 19 48 31 5	 => 190
 25 21 26 43 29 46	 => 190
 10 46 29 23 42 40	 => 190
 28 40 42 18 35 27	 => 190
 19 27 35 24 37 48	 => 190
 31 48 37 41 16 17	 => 190
 29 43 1 50 44 23	 => 190
 42 23 44 52 11 18	 => 190
 35 18 11 49 53 24	 => 190
 37 24 53 30 6 41	 => 191
 44 50 9 2 33 52	 => 190
 11 52 33 13 32 49	 => 190
 53 49 32 4 22 30	 => 190

11 39 26 9 53 42 15 28 32 10 40 50 45 3 12 54 49 30 33 27 41 2 24 51 8 22 13 17 25 23 20 16 43 18 52 35 14 4 21 48 46 44 31 38 34 5 36 7 6 29 1 37 19 47 

 11 39 26 9 53 42	 => 180
 15 42 53 28 32 10	 => 180
 40 10 32 50 45 3	 => 180
 26 12 54 49 30 9	 => 180
 53 9 30 33 27 28	 => 180
 32 28 27 41 2 50	 => 180
 45 50 2 24 51 8	 => 180
 54 22 13 17 25 49	 => 180
 30 49 25 23 20 33	 => 180
 27 33 20 16 43 41	 => 180
 2 41 43 18 52 24	 => 180
 51 24 52 35 14 4	 => 180
 25 17 21 48 46 23	 => 180
 20 23 46 44 31 16	 => 180
 43 16 31 38 34 18	 => 180
 52 18 34 5 36 35	 => 180
 46 48 7 6 29 44	 => 180
 31 44 29 1 37 38	 => 180
 34 38 37 19 47 5	 => 180


===================[TEST 87]===================

##### START ##### Thu May 22 21:06:49 2003



##### CONVERGE ##### Thu May 22 21:07:50 2003

Elapsed time: 61 seconds
Total loop: 108 generations

Result : 187.412

13 6 47 37 41 45 2 9 44 48 23 40 30 5 16 21 51 17 35 50 14 32 53 33 1 7 22 42 46 15 25 31 34 20 36 38 11 18 3 29 54 52 12 49 43 28 24 8 19 27 10 39 4 26 

 13 6 47 37 41 45	 => 189
 2 45 41 9 44 48	 => 189
 23 48 44 40 30 5	 => 190
 47 16 21 51 17 37	 => 189
 41 37 17 35 50 9	 => 189
 44 9 50 14 32 40	 => 189
 30 40 32 53 33 1	 => 189
 21 7 22 42 46 51	 => 189
 17 51 46 15 25 35	 => 189
 50 35 25 31 34 14	 => 189
 32 14 34 20 36 53	 => 189
 33 53 36 38 11 18	 => 189
 46 42 3 29 54 15	 => 189
 25 15 54 52 12 31	 => 189
 34 31 12 49 43 20	 => 189
 36 20 43 28 24 38	 => 189
 54 29 8 19 27 52	 => 189
 12 52 27 10 39 49	 => 189
 43 49 39 4 26 28	 => 189


===================[TEST 88]===================

##### START ##### Thu May 22 21:07:50 2003



##### CONVERGE ##### Thu May 22 21:09:09 2003

Elapsed time: 79 seconds
Total loop: 137 generations

Result : 187.478

15 2 30 54 41 48 1 14 50 36 4 52 39 9 3 35 42 27 21 33 24 17 46 31 6 23 10 29 51 11 38 40 34 20 49 26 22 16 18 37 44 32 25 28 43 47 5 13 19 45 8 53 7 12 

 15 2 30 54 41 48	 => 190
 1 48 41 14 50 36	 => 190
 4 36 50 52 39 9	 => 190
 30 3 35 42 27 54	 => 191
 41 54 27 21 33 14	 => 190
 50 14 33 24 17 52	 => 190
 39 52 17 46 31 6	 => 191
 35 23 10 29 51 42	 => 190
 27 42 51 11 38 21	 => 190
 33 21 38 40 34 24	 => 190
 17 24 34 20 49 46	 => 190
 31 46 49 26 22 16	 => 190
 51 29 18 37 44 11	 => 190
 38 11 44 32 25 40	 => 190
 34 40 25 28 43 20	 => 190
 49 20 43 47 5 26	 => 190
 44 37 13 19 45 32	 => 190
 25 32 45 8 53 28	 => 191
 43 28 53 7 12 47	 => 190


===================[TEST 89]===================

##### START ##### Thu May 22 21:09:09 2003



##### CONVERGE ##### Thu May 22 21:10:10 2003

Elapsed time: 61 seconds
Total loop: 108 generations

Result : 188.306

5 9 44 37 53 42 1 6 48 40 18 43 33 8 2 46 41 20 38 35 27 31 52 21 10 24 12 28 39 23 29 25 36 14 30 51 17 19 4 49 47 50 16 45 54 26 15 3 7 34 13 32 11 22 

 5 9 44 37 53 42	 => 190
 1 42 53 6 48 40	 => 190
 18 40 48 43 33 8	 => 190
 44 2 46 41 20 37	 => 190
 53 37 20 38 35 6	 => 189
 48 6 35 27 31 43	 => 190
 33 43 31 52 21 10	 => 190
 46 24 12 28 39 41	 => 190
 20 41 39 23 29 38	 => 190
 35 38 29 25 36 27	 => 190
 31 27 36 14 30 52	 => 190
 21 52 30 51 17 19	 => 190
 39 28 4 49 47 23	 => 190
 29 23 47 50 16 25	 => 190
 36 25 16 45 54 14	 => 190
 30 14 54 26 15 51	 => 190
 47 49 3 7 34 50	 => 190
 16 50 34 13 32 45	 => 190
 54 45 32 11 22 26	 => 190


===================[TEST 90]===================

##### START ##### Thu May 22 21:10:10 2003



##### CONVERGE ##### Thu May 22 21:11:35 2003

Elapsed time: 85 seconds
Total loop: 148 generations

Result : 187.85

22 6 31 54 33 44 2 25 50 36 9 42 46 7 3 28 51 23 26 29 30 15 37 39 11 4 14 49 45 13 32 35 38 18 52 34 1 27 17 19 47 53 10 48 41 40 5 20 8 43 12 24 16 21 

 22 6 31 54 33 44	 => 190
 2 44 33 25 50 36	 => 190
 9 36 50 42 46 7	 => 190
 31 3 28 51 23 54	 => 190
 33 54 23 26 29 25	 => 190
 50 25 29 30 15 42	 => 191
 46 42 15 37 39 11	 => 190
 28 4 14 49 45 51	 => 191
 23 51 45 13 32 26	 => 190
 29 26 32 35 38 30	 => 190
 15 30 38 18 52 37	 => 190
 39 37 52 34 1 27	 => 190
 45 49 17 19 47 13	 => 190
 32 13 47 53 10 35	 => 190
 38 35 10 48 41 18	 => 190
 52 18 41 40 5 34	 => 190
 47 19 20 8 43 53	 => 190
 10 53 43 12 24 48	 => 190
 41 48 24 16 21 40	 => 190


===================[TEST 91]===================

##### START ##### Thu May 22 21:11:35 2003



##### CONVERGE ##### Thu May 22 21:12:52 2003

Elapsed time: 77 seconds
Total loop: 135 generations

Result : 187.412

9 21 28 35 53 43 3 18 46 26 19 52 41 5 14 40 50 22 37 24 34 15 47 30 4 1 17 32 49 2 29 54 11 31 51 36 10 16 20 38 48 44 12 42 39 25 7 6 8 45 13 33 23 27 

 9 21 28 35 53 43	 => 189
 3 43 53 18 46 26	 => 189
 19 26 46 52 41 5	 => 189
 28 14 40 50 22 35	 => 189
 53 35 22 37 24 18	 => 189
 46 18 24 34 15 52	 => 189
 41 52 15 47 30 4	 => 189
 40 1 17 32 49 50	 => 189
 22 50 49 2 29 37	 => 189
 24 37 29 54 11 34	 => 189
 15 34 11 31 51 47	 => 189
 30 47 51 36 10 16	 => 190
 49 32 20 38 48 2	 => 189
 29 2 48 44 12 54	 => 189
 11 54 12 42 39 31	 => 189
 51 31 39 25 7 36	 => 189
 48 38 6 8 45 44	 => 189
 12 44 45 13 33 42	 => 189
 39 42 33 23 27 25	 => 189


===================[TEST 92]===================

##### START ##### Thu May 22 21:12:52 2003



##### CONVERGE ##### Thu May 22 21:14:39 2003

Elapsed time: 107 seconds
Total loop: 189 generations

Result : 188.306

4 9 45 51 49 32 8 17 50 34 13 48 44 1 3 18 52 21 24 28 36 11 42 39 5 19 26 35 40 15 38 33 31 16 54 29 12 14 10 43 47 30 27 37 46 25 20 23 6 41 2 53 7 22 

 4 9 45 51 49 32	 => 190
 8 32 49 17 50 34	 => 190
 13 34 50 48 44 1	 => 190
 45 3 18 52 21 51	 => 190
 49 51 21 24 28 17	 => 190
 50 17 28 36 11 48	 => 190
 44 48 11 42 39 5	 => 189
 18 19 26 35 40 52	 => 190
 21 52 40 15 38 24	 => 190
 28 24 38 33 31 36	 => 190
 11 36 31 16 54 42	 => 190
 39 42 54 29 12 14	 => 190
 40 35 10 43 47 15	 => 190
 38 15 47 30 27 33	 => 190
 31 33 27 37 46 16	 => 190
 54 16 46 25 20 29	 => 190
 47 43 23 6 41 30	 => 190
 27 30 41 2 53 37	 => 190
 46 37 53 7 22 25	 => 190


===================[TEST 93]===================

##### START ##### Thu May 22 21:14:39 2003



##### CONVERGE ##### Thu May 22 21:15:52 2003

Elapsed time: 73 seconds
Total loop: 128 generations

Result : 188.412

21 4 39 51 45 30 8 13 52 42 6 34 53 3 2 43 50 5 35 41 31 19 47 25 12 16 1 26 54 14 32 28 23 22 48 37 18 15 9 49 38 46 33 44 40 36 7 10 20 27 11 29 24 17 

 21 4 39 51 45 30	 => 190
 8 30 45 13 52 42	 => 190
 6 42 52 34 53 3	 => 190
 39 2 43 50 5 51	 => 190
 45 51 5 35 41 13	 => 190
 52 13 41 31 19 34	 => 190
 53 34 19 47 25 12	 => 190
 43 16 1 26 54 50	 => 190
 5 50 54 14 32 35	 => 190
 41 35 32 28 23 31	 => 190
 19 31 23 22 48 47	 => 190
 25 47 48 37 18 15	 => 190
 54 26 9 49 38 14	 => 190
 32 14 38 46 33 28	 => 191
 23 28 33 44 40 22	 => 190
 48 22 40 36 7 37	 => 190
 38 49 10 20 27 46	 => 190
 33 46 27 11 29 44	 => 190
 40 44 29 24 17 36	 => 190


===================[TEST 94]===================

##### START ##### Thu May 22 21:15:52 2003



##### CONVERGE ##### Thu May 22 21:17:29 2003

Elapsed time: 97 seconds
Total loop: 169 generations

Result : 187.85

21 9 34 53 44 29 18 19 41 40 20 48 33 8 22 24 50 7 36 31 25 26 54 27 2 28 3 38 47 13 37 30 32 11 42 45 5 17 6 35 51 43 16 52 49 39 4 14 1 46 10 23 12 15 

 21 9 34 53 44 29	 => 190
 18 29 44 19 41 40	 => 191
 20 40 41 48 33 8	 => 190
 34 22 24 50 7 53	 => 190
 44 53 7 36 31 19	 => 190
 41 19 31 25 26 48	 => 190
 33 48 26 54 27 2	 => 190
 24 28 3 38 47 50	 => 190
 7 50 47 13 37 36	 => 190
 31 36 37 30 32 25	 => 191
 26 25 32 11 42 54	 => 190
 27 54 42 45 5 17	 => 190
 47 38 6 35 51 13	 => 190
 37 13 51 43 16 30	 => 190
 32 30 16 52 49 11	 => 190
 42 11 49 39 4 45	 => 190
 51 35 14 1 46 43	 => 190
 16 43 46 10 23 52	 => 190
 49 52 23 12 15 39	 => 190


===================[TEST 95]===================

##### START ##### Thu May 22 21:17:29 2003



##### CONVERGE ##### Thu May 22 21:18:40 2003

Elapsed time: 71 seconds
Total loop: 124 generations

Result : 187.64

13 25 31 45 34 42 6 24 51 33 11 43 36 16 19 32 49 14 44 29 23 20 47 40 4 15 7 41 46 10 27 39 28 21 50 22 1 30 3 37 53 48 12 52 38 54 5 8 18 26 17 35 9 2 

 13 25 31 45 34 42	 => 190
 6 42 34 24 51 33	 => 190
 11 33 51 43 36 16	 => 190
 31 19 32 49 14 45	 => 190
 34 45 14 44 29 24	 => 190
 51 24 29 23 20 43	 => 190
 36 43 20 47 40 4	 => 190
 32 15 7 41 46 49	 => 190
 14 49 46 10 27 44	 => 190
 29 44 27 39 28 23	 => 190
 20 23 28 21 50 47	 => 189
 40 47 50 22 1 30	 => 190
 46 41 3 37 53 10	 => 190
 27 10 53 48 12 39	 => 189
 28 39 12 52 38 21	 => 190
 50 21 38 54 5 22	 => 190
 53 37 8 18 26 48	 => 190
 12 48 26 17 35 52	 => 190
 38 52 35 9 2 54	 => 190


===================[TEST 96]===================

##### START ##### Thu May 22 21:18:40 2003



##### CONVERGE ##### Thu May 22 21:20:03 2003

Elapsed time: 83 seconds
Total loop: 146 generations

Result : 188.306

12 2 41 42 46 47 3 6 48 39 9 44 30 20 1 52 29 25 22 49 24 19 50 43 4 13 16 27 53 23 38 26 31 32 34 37 21 5 7 45 35 54 14 51 36 40 11 15 8 33 10 28 17 18 

 12 2 41 42 46 47	 => 190
 3 47 46 6 48 39	 => 189
 9 39 48 44 30 20	 => 190
 41 1 52 29 25 42	 => 190
 46 42 25 22 49 6	 => 190
 48 6 49 24 19 44	 => 190
 30 44 19 50 43 4	 => 190
 52 13 16 27 53 29	 => 190
 25 29 53 23 38 22	 => 190
 49 22 38 26 31 24	 => 190
 19 24 31 32 34 50	 => 190
 43 50 34 37 21 5	 => 190
 53 27 7 45 35 23	 => 190
 38 23 35 54 14 26	 => 190
 31 26 14 51 36 32	 => 190
 34 32 36 40 11 37	 => 190
 35 45 15 8 33 54	 => 190
 14 54 33 10 28 51	 => 190
 36 51 28 17 18 40	 => 190


===================[TEST 97]===================

##### START ##### Thu May 22 21:20:03 2003



##### CONVERGE ##### Thu May 22 21:21:16 2003

Elapsed time: 73 seconds
Total loop: 128 generations

Result : 187.478

2 8 46 51 47 36 11 7 35 54 1 53 38 9 4 24 52 13 29 43 37 16 41 28 14 21 17 34 42 23 31 20 30 27 39 45 15 22 12 32 48 49 19 50 44 33 3 25 10 26 6 40 5 18 

 2 8 46 51 47 36	 => 190
 11 36 47 7 35 54	 => 190
 1 54 35 53 38 9	 => 190
 46 4 24 52 13 51	 => 190
 47 51 13 29 43 7	 => 190
 35 7 43 37 16 53	 => 191
 38 53 16 41 28 14	 => 190
 24 21 17 34 42 52	 => 190
 13 52 42 23 31 29	 => 190
 43 29 31 20 30 37	 => 190
 16 37 30 27 39 41	 => 190
 28 41 39 45 15 22	 => 190
 42 34 12 32 48 23	 => 191
 31 23 48 49 19 20	 => 190
 30 20 19 50 44 27	 => 190
 39 27 44 33 3 45	 => 191
 48 32 25 10 26 49	 => 190
 19 49 26 6 40 50	 => 190
 44 50 40 5 18 33	 => 190


===================[TEST 98]===================

##### START ##### Thu May 22 21:21:16 2003



##### CONVERGE ##### Thu May 22 21:22:17 2003

Elapsed time: 61 seconds
Total loop: 106 generations

Result : 187.478

8 16 33 35 53 45 3 11 50 29 14 42 54 1 4 51 44 23 38 30 32 26 43 20 5 13 2 31 49 10 27 41 22 19 48 46 12 21 9 39 52 36 24 47 37 34 6 17 18 28 15 40 7 25 

 8 16 33 35 53 45	 => 190
 3 45 53 11 50 29	 => 191
 14 29 50 42 54 1	 => 190
 33 4 51 44 23 35	 => 190
 53 35 23 38 30 11	 => 190
 50 11 30 32 26 42	 => 191
 54 42 26 43 20 5	 => 190
 51 13 2 31 49 44	 => 190
 23 44 49 10 27 38	 => 191
 30 38 27 41 22 32	 => 190
 26 32 22 19 48 43	 => 190
 20 43 48 46 12 21	 => 190
 49 31 9 39 52 10	 => 190
 27 10 52 36 24 41	 => 190
 22 41 24 47 37 19	 => 190
 48 19 37 34 6 46	 => 190
 52 39 17 18 28 36	 => 190
 24 36 28 15 40 47	 => 190
 37 47 40 7 25 34	 => 190


===================[TEST 99]===================

##### START ##### Thu May 22 21:22:17 2003



##### CONVERGE ##### Thu May 22 21:23:58 2003

Elapsed time: 101 seconds
Total loop: 177 generations

Result : 188.306

13 22 21 53 37 44 1 11 49 48 5 34 51 3 4 47 42 23 31 35 33 28 39 36 2 8 17 26 50 14 30 29 32 18 40 41 7 27 9 45 46 54 16 52 43 38 10 15 6 24 19 25 12 20 

 13 22 21 53 37 44	 => 190
 1 44 37 11 49 48	 => 190
 5 48 49 34 51 3	 => 190
 21 4 47 42 23 53	 => 190
 37 53 23 31 35 11	 => 190
 49 11 35 33 28 34	 => 190
 51 34 28 39 36 2	 => 190
 47 8 17 26 50 42	 => 190
 23 42 50 14 30 31	 => 190
 35 31 30 29 32 33	 => 190
 28 33 32 18 40 39	 => 190
 36 39 40 41 7 27	 => 190
 50 26 9 45 46 14	 => 190
 30 14 46 54 16 29	 => 189
 32 29 16 52 43 18	 => 190
 40 18 43 38 10 41	 => 190
 46 45 15 6 24 54	 => 190
 16 54 24 19 25 52	 => 190
 43 52 25 12 20 38	 => 190


===================[TEST 100]===================

##### START ##### Thu May 22 21:23:58 2003



##### CONVERGE ##### Thu May 22 21:25:39 2003

Elapsed time: 101 seconds
Total loop: 177 generations

Result : 188.412

5 10 28 46 54 47 8 14 32 35 18 44 48 13 2 37 53 24 21 31 52 17 30 50 1 9 19 34 38 22 33 27 26 20 45 42 11 12 4 49 43 40 25 51 41 39 3 29 6 23 15 36 7 16 

 5 10 28 46 54 47	 => 190
 8 47 54 14 32 35	 => 190
 18 35 32 44 48 13	 => 190
 28 2 37 53 24 46	 => 190
 54 46 24 21 31 14	 => 190
 32 14 31 52 17 44	 => 190
 48 44 17 30 50 1	 => 190
 37 9 19 34 38 53	 => 190
 24 53 38 22 33 21	 => 191
 31 21 33 27 26 52	 => 190
 17 52 26 20 45 30	 => 190
 50 30 45 42 11 12	 => 190
 38 34 4 49 43 22	 => 190
 33 22 43 40 25 27	 => 190
 26 27 25 51 41 20	 => 190
 45 20 41 39 3 42	 => 190
 43 49 29 6 23 40	 => 190
 25 40 23 15 36 51	 => 190
 41 51 36 7 16 39	 => 190



test#	fitness		sum		time
---------------------------------------------------
1	187.794				98
2	188.412				129
3	187.478				60
4	187.478				76
5	187.85				155
6	188.412				107
7	188.412				67
8	188.306				94
9	188.306				65
10	190		190		148
11	186.794				58
12	188.412				95
13	187.478				72
14	188.412				91
15	188.306				69
16	188.306				81
17	189		189		104
18	187.501				102
19	190		190		89
20	187.478				68
21	188.412				92
22	187.794				99
23	188.306				66
24	188.306				125
25	187.794				99
26	187.616				87
27	190		190		86
28	187.85				74
29	187.85				143
30	187.85				84
31	188.306				74
32	188.163				85
33	189		189		68
34	188.412				122
35	190		190		74
36	187.85				67
37	188.412				90
38	187.412				97
39	187.85				74
40	188.412		185		85
41	188.163				121
42	188.306				87
43	187.64				103
44	187.85				70
45	188.412				60
46	188.163				70
47	188.306				93
48	187.85				75
49	187.501				78
50	187.794				85
51	188.412				76
52	187.64				81
53	187.64				103
54	188.412				71
55	188.163				105
56	187.478				51
57	190		190		80
58	187.85				97
59	187.85				89
60	187.163				72
61	188.412				90
62	187.85				64
63	188.163				135
64	187.64				111
65	187.85				74
66	186.85				54
67	189		189		100
68	187.85				87
69	187.85				62
70	188.412				93
71	188.306				76
72	187.616				94
73	188.412				120
74	187.85				81
75	187.85				93
76	187.64				89
77	188.412				79
78	188.412				99
79	187.85				95
80	187.64				71
81	188.412				100
82	188.412				91
83	187.616				83
84	186.478				62
85	188.163				77
86	187.85		180		78
87	187.412				61
88	187.478				79
89	188.306				61
90	187.85				85
91	187.412				77
92	188.306				107
93	188.412				73
94	187.85				97
95	187.64				71
96	188.306				83
97	187.478				73
98	187.478				61
99	188.306				101
100	188.412				101


---------------------------------------------------
Best fitness      : 190 ( test# 10)
Best solution sum : 190 ( test# 10)
Shortest time     : 51 ( test# 56)

Average fitness   : 188.078
Average sol. sum  : 188.2
Average time      : 86.74
