****************** GA TEST *******************

total test#:			 3
hexa min width:			 3
hexa max width:			 7
hexa count:			 43
number count:			 110
population size:		 130
generation size:		 50

tournament winner p:		 1
do xover p:			 1
xover:				 2points
do mutation1 p:			 0.1
mutation1 p:			 0.05
do optimize p:			 0.65
local optimize count:		 6000
do deep better optimize p:	 1
do deep worse optimize p:	 0
do spin p:			 0
spin count:			 1000
do spin apply p:		 1
do mutation2 p:			 0.12
mutation2 p:			 0.08
force mutation2:		 0
replace bad p:			 0.195

converge rate p:		 0.99
converge count:			 1

**********************************************


===================[TEST 1]===================

##### START ##### Wed May 21 16:21:00 2003



##### CONVERGE ##### Wed May 21 16:34:31 2003

Elapsed time: 811 seconds
Total loop: 163 generations

Result : 358.58

27 16 108 97 101 14 102 6 105 35 57 54 103 9 5 43 92 18 36 104 21 72 100 33 1 2 98 61 67 64 86 60 56 95 19 99 74 38 20 12 87 85 45 40 110 3 84 65 32 53 82 30 25 55 58 83 68 52 26 69 73 50 42 81 59 28 109 93 8 41 17 80 63 62 90 34 48 91 51 37 107 22 4 44 39 75 78 23 79 88 7 89 77 31 11 66 94 76 13 106 70 96 24 10 46 71 49 47 15 29 

 27 16 108 97 101 14	 => 363
 102 14 101 6 105 35	 => 363
 57 35 105 54 103 9	 => 363
 108 5 43 92 18 97	 => 363
 101 97 18 36 104 6	 => 362
 105 6 104 21 72 54	 => 362
 103 54 72 100 33 1	 => 363
 43 2 98 61 67 92	 => 363
 18 92 67 64 86 36	 => 363
 104 36 86 60 56 21	 => 363
 72 21 56 95 19 100	 => 363
 33 100 19 99 74 38	 => 363
 98 20 12 87 85 61	 => 363
 67 61 85 45 40 64	 => 362
 86 64 40 110 3 60	 => 363
 56 60 3 84 65 95	 => 363
 19 95 65 32 53 99	 => 363
 74 99 53 82 30 25	 => 363
 12 55 58 83 68 87	 => 363
 85 87 68 52 26 45	 => 363
 40 45 26 69 73 110	 => 363
 3 110 73 50 42 84	 => 362
 65 84 42 81 59 32	 => 363
 53 32 59 28 109 82	 => 363
 30 82 109 93 8 41	 => 363
 68 83 17 80 63 52	 => 363
 26 52 63 62 90 69	 => 362
 73 69 90 34 48 50	 => 364
 42 50 48 91 51 81	 => 363
 59 81 51 37 107 28	 => 363
 109 28 107 22 4 93	 => 363
 63 80 44 39 75 62	 => 363
 90 62 75 78 23 34	 => 362
 48 34 23 79 88 91	 => 363
 51 91 88 7 89 37	 => 363
 107 37 89 77 31 22	 => 363
 75 39 11 66 94 78	 => 363
 23 78 94 76 13 79	 => 363
 88 79 13 106 70 7	 => 363
 89 7 70 96 24 77	 => 363
 94 66 10 46 71 76	 => 363
 13 76 71 49 47 106	 => 362
 70 106 47 15 29 96	 => 363


===================[TEST 2]===================

##### START ##### Wed May 21 16:34:31 2003



##### CONVERGE ##### Wed May 21 16:44:36 2003

Elapsed time: 605 seconds
Total loop: 115 generations

Result : 354.679

14 9 87 107 32 110 29 30 60 98 25 95 79 2 1 88 71 6 85 99 4 72 59 37 17 28 108 42 22 93 83 33 55 67 102 45 78 38 8 106 18 77 105 20 69 61 62 82 15 48 91 70 27 64 54 94 23 96 40 76 49 75 43 84 73 58 74 50 35 39 24 65 57 80 11 51 97 44 16 81 47 68 63 3 53 101 90 26 41 100 52 66 86 10 19 5 92 89 21 36 109 34 12 56 13 104 7 103 31 46 

 14 9 87 107 32 110	 => 359
 29 110 32 30 60 98	 => 359
 25 98 60 95 79 2	 => 359
 87 1 88 71 6 107	 => 360
 32 107 6 85 99 30	 => 359
 60 30 99 4 72 95	 => 360
 79 95 72 59 37 17	 => 359
 88 28 108 42 22 71	 => 359
 6 71 22 93 83 85	 => 360
 99 85 83 33 55 4	 => 359
 72 4 55 67 102 59	 => 359
 37 59 102 45 78 38	 => 359
 108 8 106 18 77 42	 => 359
 22 42 77 105 20 93	 => 359
 83 93 20 69 61 33	 => 359
 55 33 61 62 82 67	 => 360
 102 67 82 15 48 45	 => 359
 78 45 48 91 70 27	 => 359
 106 64 54 94 23 18	 => 359
 77 18 23 96 40 105	 => 359
 20 105 40 76 49 69	 => 359
 61 69 49 75 43 62	 => 359
 82 62 43 84 73 15	 => 359
 48 15 73 58 74 91	 => 359
 70 91 74 50 35 39	 => 359
 23 94 24 65 57 96	 => 359
 40 96 57 80 11 76	 => 360
 49 76 11 51 97 75	 => 359
 43 75 97 44 16 84	 => 359
 73 84 16 81 47 58	 => 359
 74 58 47 68 63 50	 => 360
 57 65 3 53 101 80	 => 359
 11 80 101 90 26 51	 => 359
 97 51 26 41 100 44	 => 359
 16 44 100 52 66 81	 => 359
 47 81 66 86 10 68	 => 358
 101 53 19 5 92 90	 => 360
 26 90 92 89 21 41	 => 359
 100 41 21 36 109 52	 => 359
 66 52 109 34 12 86	 => 359
 92 5 56 13 104 89	 => 359
 21 89 104 7 103 36	 => 360
 109 36 103 31 46 34	 => 359


===================[TEST 3]===================

##### START ##### Wed May 21 16:44:36 2003



##### CONVERGE ##### Wed May 21 16:58:39 2003

Elapsed time: 843 seconds
Total loop: 186 generations

Result : 352.168

9 6 106 86 66 84 4 37 88 78 25 67 87 12 15 41 90 19 60 89 36 40 107 21 35 39 64 43 80 26 82 18 72 1 100 96 30 3 2 94 104 50 49 108 17 105 109 52 11 97 32 93 8 16 7 98 38 61 55 95 33 34 59 27 99 47 71 75 29 57 22 83 54 28 63 31 101 44 92 69 23 73 68 53 58 81 51 102 13 65 77 10 103 79 5 85 76 24 91 62 48 74 45 70 46 56 14 110 42 20 

 9 6 106 86 66 84	 => 357
 4 84 66 37 88 78	 => 357
 25 78 88 67 87 12	 => 357
 106 15 41 90 19 86	 => 357
 66 86 19 60 89 37	 => 357
 88 37 89 36 40 67	 => 357
 87 67 40 107 21 35	 => 357
 41 39 64 43 80 90	 => 357
 19 90 80 26 82 60	 => 357
 89 60 82 18 72 36	 => 357
 40 36 72 1 100 107	 => 356
 21 107 100 96 30 3	 => 357
 64 2 94 104 50 43	 => 357
 80 43 50 49 108 26	 => 356
 82 26 108 17 105 18	 => 356
 72 18 105 109 52 1	 => 357
 100 1 52 11 97 96	 => 357
 30 96 97 32 93 8	 => 356
 94 16 7 98 38 104	 => 357
 50 104 38 61 55 49	 => 357
 108 49 55 95 33 17	 => 357
 105 17 33 34 59 109	 => 357
 52 109 59 27 99 11	 => 357
 97 11 99 47 71 32	 => 357
 93 32 71 75 29 57	 => 357
 38 98 22 83 54 61	 => 356
 55 61 54 28 63 95	 => 356
 33 95 63 31 101 34	 => 357
 59 34 101 44 92 27	 => 357
 99 27 92 69 23 47	 => 357
 71 47 23 73 68 75	 => 357
 54 83 53 58 81 28	 => 357
 63 28 81 51 102 31	 => 356
 101 31 102 13 65 44	 => 356
 92 44 65 77 10 69	 => 357
 23 69 10 103 79 73	 => 357
 81 58 5 85 76 51	 => 356
 102 51 76 24 91 13	 => 357
 65 13 91 62 48 77	 => 356
 10 77 48 74 45 103	 => 357
 76 85 70 46 56 24	 => 357
 91 24 56 14 110 62	 => 357
 48 62 110 42 20 74	 => 356



test#	fitness		sum		time
---------------------------------------------------
1	358.58				811
2	354.679				605
3	352.168				843


---------------------------------------------------
Best fitness      : 358.58 ( test# 1)
Shortest time     : 605 ( test# 2)

Average fitness   : 355.142
Average time      : 753
