****************** GA TEST *******************

total test#:			 3
hexa min width:			 3
hexa max width:			 7
hexa count:			 43
number count:			 110
population size:		 130
generation size:		 50

tournament winner p:		 1
do xover p:			 1
xover:				 2points
do mutation1 p:			 0.1
mutation1 p:			 0.05
do optimize p:			 0.65
local optimize count:		 6000
do deep better optimize p:	 1
do deep worse optimize p:	 0
do spin p:			 0
spin count:			 1000
do spin apply p:		 1
do mutation2 p:			 0.12
mutation2 p:			 0.08
force mutation2:		 0
replace bad p:			 0.195

converge rate p:		 0.99
converge count:			 1

**********************************************


===================[TEST 1]===================

##### START ##### Wed May 21 17:02:38 2003



##### CONVERGE ##### Wed May 21 17:15:00 2003

Elapsed time: 742 seconds
Total loop: 136 generations

Result : 353.628

11 94 40 67 43 104 34 1 107 70 21 81 56 23 8 92 63 89 84 75 12 83 69 66 4 15 79 93 17 33 73 19 95 47 53 96 45 29 5 7 88 87 48 80 99 54 62 82 37 44 108 28 38 58 49 106 51 72 13 18 102 16 26 78 74 61 35 97 85 6 10 42 77 103 76 41 105 98 36 24 86 60 20 68 65 3 110 27 32 55 46 100 64 25 9 71 101 30 59 109 57 90 2 52 14 91 39 31 22 50 

 11 94 40 67 43 104	 => 359
 34 104 43 1 107 70	 => 359
 21 70 107 81 56 23	 => 358
 40 8 92 63 89 67	 => 359
 43 67 89 84 75 1	 => 359
 107 1 75 12 83 81	 => 359
 56 81 83 69 66 4	 => 359
 92 15 79 93 17 63	 => 359
 89 63 17 33 73 84	 => 359
 75 84 73 19 95 12	 => 358
 83 12 95 47 53 69	 => 359
 66 69 53 96 45 29	 => 358
 79 5 7 88 87 93	 => 359
 17 93 87 48 80 33	 => 358
 73 33 80 99 54 19	 => 358
 95 19 54 62 82 47	 => 359
 53 47 82 37 44 96	 => 359
 45 96 44 108 28 38	 => 359
 7 58 49 106 51 88	 => 359
 87 88 51 72 13 48	 => 359
 80 48 13 18 102 99	 => 360
 54 99 102 16 26 62	 => 359
 82 62 26 78 74 37	 => 359
 44 37 74 61 35 108	 => 359
 28 108 35 97 85 6	 => 359
 51 106 10 42 77 72	 => 358
 13 72 77 103 76 18	 => 359
 102 18 76 41 105 16	 => 358
 26 16 105 98 36 78	 => 359
 74 78 36 24 86 61	 => 359
 35 61 86 60 20 97	 => 359
 77 42 68 65 3 103	 => 358
 76 103 3 110 27 41	 => 360
 105 41 27 32 55 98	 => 358
 36 98 55 46 100 24	 => 359
 86 24 100 64 25 60	 => 359
 3 65 9 71 101 110	 => 359
 27 110 101 30 59 32	 => 359
 55 32 59 109 57 46	 => 358
 100 46 57 90 2 64	 => 359
 101 71 52 14 91 30	 => 359
 59 30 91 39 31 109	 => 359
 57 109 31 22 50 90	 => 359


===================[TEST 2]===================

##### START ##### Wed May 21 17:15:00 2003



##### CONVERGE ##### Wed May 21 17:25:03 2003

Elapsed time: 603 seconds
Total loop: 164 generations

Result : 356.569

26 52 104 8 91 79 24 14 86 66 18 87 82 21 6 98 35 109 96 42 94 37 102 43 9 30 41 105 51 67 2 107 19 72 36 73 101 5 13 75 70 56 32 49 71 64 45 53 57 69 58 44 15 7 88 29 90 20 93 50 65 12 103 55 48 60 68 106 61 23 40 84 97 17 83 77 74 89 27 108 62 33 31 16 54 92 11 80 39 1 59 76 78 3 47 110 46 99 85 81 95 28 25 4 38 63 10 22 100 34 

 26 52 104 8 91 79	 => 360
 24 79 91 14 86 66	 => 360
 18 66 86 87 82 21	 => 360
 104 6 98 35 109 8	 => 360
 91 8 109 96 42 14	 => 360
 86 14 42 94 37 87	 => 360
 82 87 37 102 43 9	 => 360
 98 30 41 105 51 35	 => 360
 109 35 51 67 2 96	 => 360
 42 96 2 107 19 94	 => 360
 37 94 19 72 36 102	 => 360
 43 102 36 73 101 5	 => 360
 41 13 75 70 56 105	 => 360
 51 105 56 32 49 67	 => 360
 2 67 49 71 64 107	 => 360
 19 107 64 45 53 72	 => 360
 36 72 53 57 69 73	 => 360
 101 73 69 58 44 15	 => 360
 75 7 88 29 90 70	 => 359
 56 70 90 20 93 32	 => 361
 49 32 93 50 65 71	 => 360
 64 71 65 12 103 45	 => 360
 53 45 103 55 48 57	 => 361
 69 57 48 60 68 58	 => 360
 44 58 68 106 61 23	 => 360
 90 29 40 84 97 20	 => 360
 93 20 97 17 83 50	 => 360
 65 50 83 77 74 12	 => 361
 103 12 74 89 27 55	 => 360
 48 55 27 108 62 60	 => 360
 68 60 62 33 31 106	 => 360
 97 84 16 54 92 17	 => 360
 83 17 92 11 80 77	 => 360
 74 77 80 39 1 89	 => 360
 27 89 1 59 76 108	 => 360
 62 108 76 78 3 33	 => 360
 92 54 47 110 46 11	 => 360
 80 11 46 99 85 39	 => 360
 1 39 85 81 95 59	 => 360
 76 59 95 28 25 78	 => 361
 46 110 4 38 63 99	 => 360
 85 99 63 10 22 81	 => 360
 95 81 22 100 34 28	 => 360


===================[TEST 3]===================

##### START ##### Wed May 21 17:25:03 2003



##### CONVERGE ##### Wed May 21 17:31:32 2003

Elapsed time: 389 seconds
Total loop: 108 generations

Result : 358.529

1 2 99 92 106 64 3 78 83 30 56 90 61 45 15 10 79 69 4 16 53 44 34 107 28 36 47 87 105 13 95 97 98 26 110 80 8 25 9 89 86 46 39 74 67 19 91 33 38 77 66 102 31 11 7 70 101 41 52 32 100 65 21 94 88 54 42 103 24 27 17 60 75 96 68 23 76 93 14 72 43 104 18 12 40 82 58 37 84 51 73 62 35 48 20 109 55 108 22 71 63 81 50 6 57 29 49 85 5 59 

 1 2 99 92 106 64	 => 364
 3 64 106 78 83 30	 => 364
 56 30 83 90 61 45	 => 365
 99 15 10 79 69 92	 => 364
 106 92 69 4 16 78	 => 365
 83 78 16 53 44 90	 => 364
 61 90 44 34 107 28	 => 364
 10 36 47 87 105 79	 => 364
 69 79 105 13 95 4	 => 365
 16 4 95 97 98 53	 => 363
 44 53 98 26 110 34	 => 365
 107 34 110 80 8 25	 => 364
 47 9 89 86 46 87	 => 364
 105 87 46 39 74 13	 => 364
 95 13 74 67 19 97	 => 365
 98 97 19 91 33 26	 => 364
 110 26 33 38 77 80	 => 364
 8 80 77 66 102 31	 => 364
 89 11 7 70 101 86	 => 364
 46 86 101 41 52 39	 => 365
 74 39 52 32 100 67	 => 364
 19 67 100 65 21 91	 => 363
 33 91 21 94 88 38	 => 365
 77 38 88 54 42 66	 => 365
 102 66 42 103 24 27	 => 364
 101 70 17 60 75 41	 => 364
 52 41 75 96 68 32	 => 364
 100 32 68 23 76 65	 => 364
 21 65 76 93 14 94	 => 363
 88 94 14 72 43 54	 => 365
 42 54 43 104 18 103	 => 364
 75 60 12 40 82 96	 => 365
 68 96 82 58 37 23	 => 364
 76 23 37 84 51 93	 => 364
 14 93 51 73 62 72	 => 365
 43 72 62 35 48 104	 => 364
 82 40 20 109 55 58	 => 364
 37 58 55 108 22 84	 => 364
 51 84 22 71 63 73	 => 364
 62 73 63 81 50 35	 => 364
 55 109 6 57 29 108	 => 364
 22 108 29 49 85 71	 => 364
 63 71 85 5 59 81	 => 364



test#	fitness		sum		time
---------------------------------------------------
1	353.628				742
2	356.569				603
3	358.529				389


---------------------------------------------------
Best fitness      : 358.529 ( test# 3)
Shortest time     : 389 ( test# 3)

Average fitness   : 356.242
Average time      : 578
