****************** GA TEST *******************

total test#:			 3
hexa min width:			 3
hexa max width:			 7
hexa count:			 43
number count:			 110
population size:		 130
generation size:		 50

tournament winner p:		 1
do xover p:			 1
xover:				 2points
do mutation1 p:			 0.1
mutation1 p:			 0.05
do optimize p:			 0.6
local optimize count:		 6000
do deep better optimize p:	 1
do deep worse optimize p:	 0
do spin p:			 0
spin count:			 1000
do spin apply p:		 1
do mutation2 p:			 0.12
mutation2 p:			 0.08
force mutation2:		 0
replace bad p:			 0.195

converge rate p:		 0.99
converge count:			 1

**********************************************


===================[TEST 1]===================

##### START ##### Wed May 21 17:31:32 2003



##### CONVERGE ##### Wed May 21 17:38:54 2003

Elapsed time: 442 seconds
Total loop: 131 generations

Result : 361.353

15 32 94 80 103 41 4 9 107 102 27 77 48 5 1 10 110 71 35 68 29 75 59 99 8 56 36 97 57 19 73 60 100 31 72 96 2 38 18 81 52 82 46 65 83 67 45 63 79 24 108 93 43 7 13 109 104 12 69 78 25 106 40 88 51 34 70 42 14 39 17 23 101 76 30 61 66 16 50 55 87 86 47 53 49 64 37 98 33 92 58 95 22 20 26 85 105 90 3 91 89 74 28 21 11 54 84 44 62 6 

 15 32 94 80 103 41	 => 365
 4 41 103 9 107 102	 => 366
 27 102 107 77 48 5	 => 366
 94 1 10 110 71 80	 => 366
 103 80 71 35 68 9	 => 366
 107 9 68 29 75 77	 => 365
 48 77 75 59 99 8	 => 366
 10 56 36 97 57 110	 => 366
 71 110 57 19 73 35	 => 365
 68 35 73 60 100 29	 => 365
 75 29 100 31 72 59	 => 366
 99 59 72 96 2 38	 => 366
 36 18 81 52 82 97	 => 366
 57 97 82 46 65 19	 => 366
 73 19 65 83 67 60	 => 367
 100 60 67 45 63 31	 => 366
 72 31 63 79 24 96	 => 365
 2 96 24 108 93 43	 => 366
 81 7 13 109 104 52	 => 366
 82 52 104 12 69 46	 => 365
 65 46 69 78 25 83	 => 366
 67 83 25 106 40 45	 => 366
 63 45 40 88 51 79	 => 366
 24 79 51 34 70 108	 => 366
 93 108 70 42 14 39	 => 366
 104 109 17 23 101 12	 => 366
 69 12 101 76 30 78	 => 366
 25 78 30 61 66 106	 => 366
 40 106 66 16 50 88	 => 366
 51 88 50 55 87 34	 => 365
 70 34 87 86 47 42	 => 366
 101 23 53 49 64 76	 => 366
 30 76 64 37 98 61	 => 366
 66 61 98 33 92 16	 => 366
 50 16 92 58 95 55	 => 366
 87 55 95 22 20 86	 => 365
 64 49 26 85 105 37	 => 366
 98 37 105 90 3 33	 => 366
 92 33 3 91 89 58	 => 366
 95 58 89 74 28 22	 => 366
 105 85 21 11 54 90	 => 366
 3 90 54 84 44 91	 => 366
 89 91 44 62 6 74	 => 366


===================[TEST 2]===================

##### START ##### Wed May 21 17:38:55 2003



##### CONVERGE ##### Wed May 21 17:45:50 2003

Elapsed time: 415 seconds
Total loop: 124 generations

Result : 347.109

13 56 25 95 85 81 16 33 106 34 38 5 98 73 61 44 88 42 45 55 57 100 108 41 2 17 50 83 74 22 84 105 7 64 19 77 91 18 4 102 12 103 48 24 72 47 96 36 99 59 30 89 9 70 1 60 109 75 8 94 110 20 10 104 11 63 93 26 51 66 43 14 54 101 21 28 82 62 76 23 78 92 3 40 68 79 39 86 31 65 71 58 97 6 15 87 67 80 52 90 46 53 29 35 49 37 69 27 107 32 

 13 56 25 95 85 81	 => 355
 16 81 85 33 106 34	 => 355
 38 34 106 5 98 73	 => 354
 25 61 44 88 42 95	 => 355
 85 95 42 45 55 33	 => 355
 106 33 55 57 100 5	 => 356
 98 5 100 108 41 2	 => 354
 44 17 50 83 74 88	 => 356
 42 88 74 22 84 45	 => 355
 55 45 84 105 7 57	 => 353
 100 57 7 64 19 108	 => 355
 41 108 19 77 91 18	 => 354
 50 4 102 12 103 83	 => 354
 74 83 103 48 24 22	 => 354
 84 22 24 72 47 105	 => 354
 7 105 47 96 36 64	 => 355
 19 64 36 99 59 77	 => 354
 91 77 59 30 89 9	 => 355
 102 70 1 60 109 12	 => 354
 103 12 109 75 8 48	 => 355
 24 48 8 94 110 72	 => 356
 47 72 110 20 10 96	 => 355
 36 96 10 104 11 99	 => 356
 59 99 11 63 93 30	 => 355
 89 30 93 26 51 66	 => 355
 109 60 43 14 54 75	 => 355
 8 75 54 101 21 94	 => 353
 110 94 21 28 82 20	 => 355
 10 20 82 62 76 104	 => 354
 11 104 76 23 78 63	 => 355
 93 63 78 92 3 26	 => 355
 54 14 40 68 79 101	 => 356
 21 101 79 39 86 28	 => 354
 82 28 86 31 65 62	 => 354
 76 62 65 71 58 23	 => 355
 78 23 58 97 6 92	 => 354
 79 68 15 87 67 39	 => 355
 86 39 67 80 52 31	 => 355
 65 31 52 90 46 71	 => 355
 58 71 46 53 29 97	 => 354
 67 87 35 49 37 80	 => 355
 52 80 37 69 27 90	 => 355
 46 90 27 107 32 53	 => 355


===================[TEST 3]===================

##### START ##### Wed May 21 17:45:50 2003



##### CONVERGE ##### Wed May 21 17:54:57 2003

Elapsed time: 547 seconds
Total loop: 164 generations

Result : 359.151

10 34 105 47 70 99 32 76 82 5 54 106 86 31 16 64 95 37 109 26 46 29 93 33 17 58 9 94 45 22 56 92 35 65 96 72 60 11 21 50 103 87 15 101 8 85 48 39 79 13 108 59 53 4 38 89 80 18 61 69 110 44 68 102 28 30 107 51 19 20 14 88 75 98 43 91 7 71 73 49 83 57 36 2 77 25 67 40 90 66 42 63 100 12 52 81 62 78 27 55 84 74 1 24 23 97 3 104 41 6 

 10 34 105 47 70 99	 => 365
 32 99 70 76 82 5	 => 364
 54 5 82 106 86 31	 => 364
 105 16 64 95 37 47	 => 364
 70 47 37 109 26 76	 => 365
 82 76 26 46 29 106	 => 365
 86 106 29 93 33 17	 => 364
 64 58 9 94 45 95	 => 365
 37 95 45 22 56 109	 => 364
 26 109 56 92 35 46	 => 364
 29 46 35 65 96 93	 => 364
 33 93 96 72 60 11	 => 365
 9 21 50 103 87 94	 => 364
 45 94 87 15 101 22	 => 364
 56 22 101 8 85 92	 => 364
 35 92 85 48 39 65	 => 364
 96 65 39 79 13 72	 => 364
 60 72 13 108 59 53	 => 365
 50 4 38 89 80 103	 => 364
 87 103 80 18 61 15	 => 364
 101 15 61 69 110 8	 => 364
 85 8 110 44 68 48	 => 363
 39 48 68 102 28 79	 => 364
 13 79 28 30 107 108	 => 365
 59 108 107 51 19 20	 => 364
 80 89 14 88 75 18	 => 364
 61 18 75 98 43 69	 => 364
 110 69 43 91 7 44	 => 364
 68 44 7 71 73 102	 => 365
 28 102 73 49 83 30	 => 365
 107 30 83 57 36 51	 => 364
 75 88 2 77 25 98	 => 365
 43 98 25 67 40 91	 => 364
 7 91 40 90 66 71	 => 365
 73 71 66 42 63 49	 => 364
 83 49 63 100 12 57	 => 364
 25 77 52 81 62 67	 => 364
 40 67 62 78 27 90	 => 364
 66 90 27 55 84 42	 => 364
 63 42 84 74 1 100	 => 364
 62 81 24 23 97 78	 => 365
 27 78 97 3 104 55	 => 364
 84 55 104 41 6 74	 => 364



test#	fitness		sum		time
---------------------------------------------------
1	361.353				442
2	347.109				415
3	359.151				547


---------------------------------------------------
Best fitness      : 361.353 ( test# 1)
Shortest time     : 415 ( test# 2)

Average fitness   : 355.871
Average time      : 468
