****************** GA TEST *******************

total test#:			 3
hexa min width:			 3
hexa max width:			 7
hexa count:			 43
number count:			 110
population size:		 130
generation size:		 50

tournament winner p:		 1
do xover p:			 1
xover:				 2points
do mutation1 p:			 0.1
mutation1 p:			 0.05
do optimize p:			 0.7
local optimize count:		 6000
do deep better optimize p:	 1
do deep worse optimize p:	 0
do spin p:			 0
spin count:			 1000
do spin apply p:		 1
do mutation2 p:			 0.12
mutation2 p:			 0.08
force mutation2:		 0
replace bad p:			 0.195

converge rate p:		 0.99
converge count:			 1

**********************************************


===================[TEST 1]===================

##### START ##### Wed May 21 17:54:59 2003



##### CONVERGE ##### Wed May 21 18:06:46 2003

Elapsed time: 707 seconds
Total loop: 183 generations

Result : 354.168

16 29 93 101 106 14 83 13 98 45 33 108 43 32 9 24 77 54 25 60 27 53 86 65 3 56 38 97 67 31 105 81 61 50 82 40 34 51 12 92 102 18 70 75 66 1 109 57 35 95 19 103 68 74 2 30 58 104 6 69 73 64 46 36 76 39 94 110 28 5 72 10 85 78 17 89 47 79 87 80 41 55 20 62 23 100 11 63 37 44 48 21 71 91 42 84 99 96 52 88 90 107 22 26 4 49 15 59 8 7 

 16 29 93 101 106 14	 => 359
 83 14 106 13 98 45	 => 359
 33 45 98 108 43 32	 => 359
 93 9 24 77 54 101	 => 358
 106 101 54 25 60 13	 => 359
 98 13 60 27 53 108	 => 359
 43 108 53 86 65 3	 => 358
 24 56 38 97 67 77	 => 359
 54 77 67 31 105 25	 => 359
 60 25 105 81 61 27	 => 359
 53 27 61 50 82 86	 => 359
 65 86 82 40 34 51	 => 358
 38 12 92 102 18 97	 => 359
 67 97 18 70 75 31	 => 358
 105 31 75 66 1 81	 => 359
 61 81 1 109 57 50	 => 359
 82 50 57 35 95 40	 => 359
 34 40 95 19 103 68	 => 359
 92 74 2 30 58 102	 => 358
 18 102 58 104 6 70	 => 358
 75 70 6 69 73 66	 => 359
 1 66 73 64 46 109	 => 359
 57 109 46 36 76 35	 => 359
 95 35 76 39 94 19	 => 358
 103 19 94 110 28 5	 => 359
 58 30 72 10 85 104	 => 359
 6 104 85 78 17 69	 => 359
 73 69 17 89 47 64	 => 359
 46 64 47 79 87 36	 => 359
 76 36 87 80 41 39	 => 359
 94 39 41 55 20 110	 => 359
 85 10 62 23 100 78	 => 358
 17 78 100 11 63 89	 => 358
 47 89 63 37 44 79	 => 359
 87 79 44 48 21 80	 => 359
 41 80 21 71 91 55	 => 359
 100 23 42 84 99 11	 => 359
 63 11 99 96 52 37	 => 358
 44 37 52 88 90 48	 => 359
 21 48 90 107 22 71	 => 359
 99 84 26 4 49 96	 => 358
 52 96 49 15 59 88	 => 359
 90 88 59 8 7 107	 => 359


===================[TEST 2]===================

##### START ##### Wed May 21 18:06:46 2003



##### CONVERGE ##### Wed May 21 18:17:05 2003

Elapsed time: 619 seconds
Total loop: 158 generations

Result : 361.49

63 22 102 97 57 25 49 51 86 98 7 104 66 5 3 82 56 26 71 64 13 48 99 37 12 14 16 110 88 73 52 90 76 38 92 96 36 6 21 95 109 15 35 45 77 30 72 60 27 53 80 43 58 4 1 70 87 31 89 39 81 2 105 17 85 28 93 50 67 33 18 69 91 42 74 101 68 79 94 34 108 46 41 19 61 83 54 11 78 29 24 106 62 10 40 44 84 107 32 103 100 65 8 47 75 9 59 55 23 20 

 63 22 102 97 57 25	 => 366
 49 25 57 51 86 98	 => 366
 7 98 86 104 66 5	 => 366
 102 3 82 56 26 97	 => 366
 57 97 26 71 64 51	 => 366
 86 51 64 13 48 104	 => 366
 66 104 48 99 37 12	 => 366
 82 14 16 110 88 56	 => 366
 26 56 88 73 52 71	 => 366
 64 71 52 90 76 13	 => 366
 48 13 76 38 92 99	 => 366
 37 99 92 96 36 6	 => 366
 16 21 95 109 15 110	 => 366
 88 110 15 35 45 73	 => 366
 52 73 45 77 30 90	 => 367
 76 90 30 72 60 38	 => 366
 92 38 60 27 53 96	 => 366
 36 96 53 80 43 58	 => 366
 95 4 1 70 87 109	 => 366
 15 109 87 31 89 35	 => 366
 45 35 89 39 81 77	 => 366
 30 77 81 2 105 72	 => 367
 60 72 105 17 85 27	 => 366
 53 27 85 28 93 80	 => 366
 43 80 93 50 67 33	 => 366
 87 70 18 69 91 31	 => 366
 89 31 91 42 74 39	 => 366
 81 39 74 101 68 2	 => 365
 105 2 68 79 94 17	 => 365
 85 17 94 34 108 28	 => 366
 93 28 108 46 41 50	 => 366
 91 69 19 61 83 42	 => 365
 74 42 83 54 11 101	 => 365
 68 101 11 78 29 79	 => 366
 94 79 29 24 106 34	 => 366
 108 34 106 62 10 46	 => 366
 83 61 40 44 84 54	 => 366
 11 54 84 107 32 78	 => 366
 29 78 32 103 100 24	 => 366
 106 24 100 65 8 62	 => 365
 84 44 47 75 9 107	 => 366
 32 107 9 59 55 103	 => 365
 100 103 55 23 20 65	 => 366


===================[TEST 3]===================

##### START ##### Wed May 21 18:17:05 2003



##### CONVERGE ##### Wed May 21 18:26:43 2003

Elapsed time: 578 seconds
Total loop: 149 generations

Result : 353.435

1 7 71 109 85 87 22 18 104 43 33 91 57 31 12 68 75 24 83 41 45 61 35 100 16 2 13 99 103 42 32 78 81 27 110 17 90 8 67 72 102 6 56 55 101 52 30 92 28 86 76 82 9 59 3 74 50 95 51 25 70 48 58 107 46 26 97 66 10 29 20 77 44 105 40 98 79 15 53 39 88 21 62 5 60 69 14 34 37 96 73 84 65 63 19 108 89 94 93 23 38 64 36 11 4 54 47 49 106 80 

 1 7 71 109 85 87	 => 360
 22 87 85 18 104 43	 => 359
 33 43 104 91 57 31	 => 359
 71 12 68 75 24 109	 => 359
 85 109 24 83 41 18	 => 360
 104 18 41 45 61 91	 => 360
 57 91 61 35 100 16	 => 360
 68 2 13 99 103 75	 => 360
 24 75 103 42 32 83	 => 359
 41 83 32 78 81 45	 => 360
 61 45 81 27 110 35	 => 359
 100 35 110 17 90 8	 => 360
 13 67 72 102 6 99	 => 359
 103 99 6 56 55 42	 => 361
 32 42 55 101 52 78	 => 360
 81 78 52 30 92 27	 => 360
 110 27 92 28 86 17	 => 360
 90 17 86 76 82 9	 => 360
 72 59 3 74 50 102	 => 360
 6 102 50 95 51 56	 => 360
 55 56 51 25 70 101	 => 358
 52 101 70 48 58 30	 => 359
 92 30 58 107 46 28	 => 361
 86 28 46 26 97 76	 => 359
 82 76 97 66 10 29	 => 360
 50 74 20 77 44 95	 => 360
 51 95 44 105 40 25	 => 360
 70 25 40 98 79 48	 => 360
 58 48 79 15 53 107	 => 360
 46 107 53 39 88 26	 => 359
 97 26 88 21 62 66	 => 360
 44 77 5 60 69 105	 => 360
 40 105 69 14 34 98	 => 360
 79 98 34 37 96 15	 => 359
 53 15 96 73 84 39	 => 360
 88 39 84 65 63 21	 => 360
 69 60 19 108 89 14	 => 359
 34 14 89 94 93 37	 => 361
 96 37 93 23 38 73	 => 360
 84 73 38 64 36 65	 => 360
 89 108 11 4 54 94	 => 360
 93 94 54 47 49 23	 => 360
 38 23 49 106 80 64	 => 360



test#	fitness		sum		time
---------------------------------------------------
1	354.168				707
2	361.49				619
3	353.435				578


---------------------------------------------------
Best fitness      : 361.49 ( test# 2)
Shortest time     : 578 ( test# 3)

Average fitness   : 356.364
Average time      : 634.667
