****************** GA TEST *******************

total test#:			 3
hexa min width:			 3
hexa max width:			 7
hexa count:			 43
number count:			 110
population size:		 130
generation size:		 50

tournament winner p:		 1
do xover p:			 1
xover:				 2points
do mutation1 p:			 0.1
mutation1 p:			 0.05
do optimize p:			 0.65
local optimize count:		 6000
do deep better optimize p:	 1
do deep worse optimize p:	 0
do spin p:			 0
spin count:			 1000
do spin apply p:		 1
do mutation2 p:			 0.12
mutation2 p:			 0.08
force mutation2:		 0
replace bad p:			 0.195

converge rate p:		 0.99
converge count:			 1

**********************************************


===================[TEST 1]===================

##### START ##### Wed May 21 18:40:11 2003



##### CONVERGE ##### Wed May 21 18:54:47 2003

Elapsed time: 876 seconds
Total loop: 163 generations

Result : 356.019

64 15 89 109 79 5 86 80 45 65 32 97 76 46 1 42 102 18 68 6 103 30 53 82 23 25 29 106 57 75 41 87 56 34 85 91 47 3 72 59 88 7 105 11 69 77 10 96 12 43 90 74 16 20 21 100 73 35 52 63 62 50 93 92 58 51 107 84 2 4 28 17 108 66 37 94 55 44 27 95 38 26 54 9 60 101 14 49 48 71 13 110 61 31 22 83 81 70 99 98 33 104 40 67 24 36 19 39 78 8 

 64 15 89 109 79 5	 => 361
 86 5 79 80 45 65	 => 360
 32 65 45 97 76 46	 => 361
 89 1 42 102 18 109	 => 361
 79 109 18 68 6 80	 => 360
 45 80 6 103 30 97	 => 361
 76 97 30 53 82 23	 => 361
 42 25 29 106 57 102	 => 361
 18 102 57 75 41 68	 => 361
 6 68 41 87 56 103	 => 361
 30 103 56 34 85 53	 => 361
 82 53 85 91 47 3	 => 361
 29 72 59 88 7 106	 => 361
 57 106 7 105 11 75	 => 361
 41 75 11 69 77 87	 => 360
 56 87 77 10 96 34	 => 360
 85 34 96 12 43 91	 => 361
 47 91 43 90 74 16	 => 361
 59 20 21 100 73 88	 => 361
 7 88 73 35 52 105	 => 360
 11 105 52 63 62 69	 => 362
 77 69 62 50 93 10	 => 361
 96 10 93 92 58 12	 => 361
 43 12 58 51 107 90	 => 361
 74 90 107 84 2 4	 => 361
 73 100 28 17 108 35	 => 361
 52 35 108 66 37 63	 => 361
 62 63 37 94 55 50	 => 361
 93 50 55 44 27 92	 => 361
 58 92 27 95 38 51	 => 361
 107 51 38 26 54 84	 => 360
 108 17 9 60 101 66	 => 361
 37 66 101 14 49 94	 => 361
 55 94 49 48 71 44	 => 361
 27 44 71 13 110 95	 => 360
 38 95 110 61 31 26	 => 361
 101 60 22 83 81 14	 => 361
 49 14 81 70 99 48	 => 361
 71 48 99 98 33 13	 => 362
 110 13 33 104 40 61	 => 361
 81 83 67 24 36 70	 => 361
 99 70 36 19 39 98	 => 361
 33 98 39 78 8 104	 => 360


===================[TEST 2]===================

##### START ##### Wed May 21 18:54:47 2003



##### CONVERGE ##### Wed May 21 19:06:42 2003

Elapsed time: 715 seconds
Total loop: 147 generations

Result : 354.877

42 6 108 76 75 53 8 11 109 104 29 23 91 4 22 14 77 63 81 55 74 88 95 38 25 13 64 106 86 15 39 59 52 10 41 57 78 51 3 37 96 54 33 65 85 98 43 99 107 46 48 100 31 56 24 89 58 27 93 44 40 62 32 50 30 61 68 28 16 101 9 94 83 34 79 70 66 105 45 72 102 82 19 1 80 69 73 36 35 47 84 7 92 5 2 110 26 103 87 18 90 67 20 49 12 60 21 71 97 17 

 42 6 108 76 75 53	 => 360
 8 53 75 11 109 104	 => 360
 29 104 109 23 91 4	 => 360
 108 22 14 77 63 76	 => 360
 75 76 63 81 55 11	 => 361
 109 11 55 74 88 23	 => 360
 91 23 88 95 38 25	 => 360
 14 13 64 106 86 77	 => 360
 63 77 86 15 39 81	 => 361
 55 81 39 59 52 74	 => 360
 88 74 52 10 41 95	 => 360
 38 95 41 57 78 51	 => 360
 64 3 37 96 54 106	 => 360
 86 106 54 33 65 15	 => 359
 39 15 65 85 98 59	 => 361
 52 59 98 43 99 10	 => 361
 41 10 99 107 46 57	 => 360
 78 57 46 48 100 31	 => 360
 37 56 24 89 58 96	 => 360
 54 96 58 27 93 33	 => 361
 65 33 93 44 40 85	 => 360
 98 85 40 62 32 43	 => 360
 99 43 32 50 30 107	 => 361
 46 107 30 61 68 48	 => 360
 100 48 68 28 16 101	 => 361
 58 89 9 94 83 27	 => 360
 93 27 83 34 79 44	 => 360
 40 44 79 70 66 62	 => 361
 32 62 66 105 45 50	 => 360
 30 50 45 72 102 61	 => 360
 68 61 102 82 19 28	 => 360
 83 94 1 80 69 34	 => 361
 79 34 69 73 36 70	 => 361
 66 70 36 35 47 105	 => 359
 45 105 47 84 7 72	 => 360
 102 72 7 92 5 82	 => 360
 69 80 2 110 26 73	 => 360
 36 73 26 103 87 35	 => 360
 47 35 87 18 90 84	 => 361
 7 84 90 67 20 92	 => 360
 26 110 49 12 60 103	 => 360
 87 103 60 21 71 18	 => 360
 90 18 71 97 17 67	 => 360


===================[TEST 3]===================

##### START ##### Wed May 21 19:06:42 2003



##### CONVERGE ##### Wed May 21 19:23:40 2003

Elapsed time: 1018 seconds
Total loop: 217 generations

Result : 360

31 5 71 95 91 73 3 76 15 107 72 101 68 2 40 32 100 27 21 55 105 14 104 9 70 8 92 53 81 88 49 103 33 24 85 106 45 17 11 97 69 43 78 22 86 18 99 89 57 4 109 66 35 16 23 51 110 29 37 80 63 41 59 48 13 90 93 36 7 54 1 79 96 84 39 34 108 61 50 67 98 38 10 20 28 58 77 74 46 42 64 82 62 19 26 94 83 60 25 102 87 65 6 30 52 47 75 56 44 12 

 31 5 71 95 91 73	 => 366
 3 73 91 76 15 107	 => 365
 72 107 15 101 68 2	 => 365
 71 40 32 100 27 95	 => 365
 91 95 27 21 55 76	 => 365
 15 76 55 105 14 101	 => 366
 68 101 14 104 9 70	 => 366
 32 8 92 53 81 100	 => 366
 27 100 81 88 49 21	 => 366
 55 21 49 103 33 105	 => 366
 14 105 33 24 85 104	 => 365
 9 104 85 106 45 17	 => 366
 92 11 97 69 43 53	 => 365
 81 53 43 78 22 88	 => 365
 49 88 22 86 18 103	 => 366
 33 103 18 99 89 24	 => 366
 85 24 89 57 4 106	 => 365
 45 106 4 109 66 35	 => 365
 97 16 23 51 110 69	 => 366
 43 69 110 29 37 78	 => 366
 22 78 37 80 63 86	 => 366
 18 86 63 41 59 99	 => 366
 89 99 59 48 13 57	 => 365
 4 57 13 90 93 109	 => 366
 66 109 93 36 7 54	 => 365
 110 51 1 79 96 29	 => 366
 37 29 96 84 39 80	 => 365
 63 80 39 34 108 41	 => 365
 59 41 108 61 50 48	 => 367
 13 48 50 67 98 90	 => 366
 93 90 98 38 10 36	 => 365
 96 79 20 28 58 84	 => 365
 39 84 58 77 74 34	 => 366
 108 34 74 46 42 61	 => 365
 50 61 42 64 82 67	 => 366
 98 67 82 62 19 38	 => 366
 58 28 26 94 83 77	 => 366
 74 77 83 60 25 46	 => 365
 42 46 25 102 87 64	 => 366
 82 64 87 65 6 62	 => 366
 83 94 30 52 47 60	 => 366
 25 60 47 75 56 102	 => 365
 87 102 56 44 12 65	 => 366



test#	fitness		sum		time
---------------------------------------------------
1	356.019				876
2	354.877				715
3	360				1018


---------------------------------------------------
Best fitness      : 360 ( test# 3)
Shortest time     : 715 ( test# 2)

Average fitness   : 356.965
Average time      : 869.667
