****************** GA TEST *******************

total test#:			 3
hexa min width:			 3
hexa max width:			 7
hexa count:			 43
number count:			 110
population size:		 130
generation size:		 50

tournament winner p:		 1
do xover p:			 1
xover:				 2points
do mutation1 p:			 0.1
mutation1 p:			 0.05
do optimize p:			 0.65
local optimize count:		 7000
do deep better optimize p:	 1
do deep worse optimize p:	 0
do spin p:			 0
spin count:			 1000
do spin apply p:		 1
do mutation2 p:			 0.12
mutation2 p:			 0.08
force mutation2:		 0
replace bad p:			 0.195

converge rate p:		 0.99
converge count:			 1

**********************************************


===================[TEST 1]===================

##### START ##### Wed May 21 19:23:40 2003



##### CONVERGE ##### Wed May 21 19:37:44 2003

Elapsed time: 844 seconds
Total loop: 131 generations

Result : 349.954

19 2 103 56 81 94 13 21 84 62 15 109 60 25 59 24 74 39 80 78 8 55 77 50 4 1 88 68 100 33 29 70 90 26 98 48 42 40 30 34 107 27 18 110 22 91 36 43 72 69 85 101 10 23 3 102 86 11 106 52 47 96 63 41 99 17 14 51 9 95 35 67 54 49 83 46 31 45 79 16 104 61 108 37 73 75 38 65 76 92 57 66 89 20 12 93 64 105 7 53 71 44 28 5 82 6 87 97 32 58 

 19 2 103 56 81 94	 => 355
 13 94 81 21 84 62	 => 355
 15 62 84 109 60 25	 => 355
 103 59 24 74 39 56	 => 355
 81 56 39 80 78 21	 => 355
 84 21 78 8 55 109	 => 355
 60 109 55 77 50 4	 => 355
 24 1 88 68 100 74	 => 355
 39 74 100 33 29 80	 => 355
 78 80 29 70 90 8	 => 355
 55 8 90 26 98 77	 => 354
 50 77 98 48 42 40	 => 355
 88 30 34 107 27 68	 => 354
 100 68 27 18 110 33	 => 356
 29 33 110 22 91 70	 => 355
 90 70 91 36 43 26	 => 356
 98 26 43 72 69 48	 => 356
 42 48 69 85 101 10	 => 355
 34 23 3 102 86 107	 => 355
 27 107 86 11 106 18	 => 355
 110 18 106 52 47 22	 => 355
 91 22 47 96 63 36	 => 355
 43 36 63 41 99 72	 => 354
 69 72 99 17 14 85	 => 356
 101 85 14 51 9 95	 => 355
 86 102 35 67 54 11	 => 355
 106 11 54 49 83 52	 => 355
 47 52 83 46 31 96	 => 355
 63 96 31 45 79 41	 => 355
 99 41 79 16 104 17	 => 356
 14 17 104 61 108 51	 => 355
 54 67 37 73 75 49	 => 355
 83 49 75 38 65 46	 => 356
 31 46 65 76 92 45	 => 355
 79 45 92 57 66 16	 => 355
 104 16 66 89 20 61	 => 356
 75 73 12 93 64 38	 => 355
 65 38 64 105 7 76	 => 355
 92 76 7 53 71 57	 => 356
 66 57 71 44 28 89	 => 355
 64 93 5 82 6 105	 => 355
 7 105 6 87 97 53	 => 355
 71 53 97 32 58 44	 => 355


===================[TEST 2]===================

##### START ##### Wed May 21 19:37:44 2003



##### CONVERGE ##### Wed May 21 19:54:53 2003

Elapsed time: 1029 seconds
Total loop: 145 generations

Result : 354.148

7 62 55 60 105 70 14 18 106 45 5 88 91 24 77 109 23 35 102 39 19 89 4 86 1 26 25 103 73 67 59 57 82 85 80 87 93 9 8 74 96 53 11 52 83 40 63 32 10 65 71 29 13 17 28 98 46 92 61 110 42 31 100 51 101 34 78 94 21 66 6 97 20 64 12 68 95 33 49 48 76 41 36 58 16 104 54 56 69 38 84 107 43 44 2 108 75 90 15 81 72 50 3 22 37 27 99 47 30 79 

 7 62 55 60 105 70	 => 359
 14 70 105 18 106 45	 => 358
 5 45 106 88 91 24	 => 359
 55 77 109 23 35 60	 => 359
 105 60 35 102 39 18	 => 359
 106 18 39 19 89 88	 => 359
 91 88 89 4 86 1	 => 359
 109 26 25 103 73 23	 => 359
 35 23 73 67 59 102	 => 359
 39 102 59 57 82 19	 => 358
 89 19 82 85 80 4	 => 359
 86 4 80 87 93 9	 => 359
 25 8 74 96 53 103	 => 359
 73 103 53 11 52 67	 => 359
 59 67 52 83 40 57	 => 358
 82 57 40 63 32 85	 => 359
 80 85 32 10 65 87	 => 359
 93 87 65 71 29 13	 => 358
 74 17 28 98 46 96	 => 359
 53 96 46 92 61 11	 => 359
 52 11 61 110 42 83	 => 359
 40 83 42 31 100 63	 => 359
 32 63 100 51 101 10	 => 357
 65 10 101 34 78 71	 => 359
 29 71 78 94 21 66	 => 359
 46 98 6 97 20 92	 => 359
 61 92 20 64 12 110	 => 359
 42 110 12 68 95 31	 => 358
 100 31 95 33 49 51	 => 359
 101 51 49 48 76 34	 => 359
 78 34 76 41 36 94	 => 359
 20 97 58 16 104 64	 => 359
 12 64 104 54 56 68	 => 358
 95 68 56 69 38 33	 => 359
 49 33 38 84 107 48	 => 359
 76 48 107 43 44 41	 => 359
 104 16 2 108 75 54	 => 359
 56 54 75 90 15 69	 => 359
 38 69 15 81 72 84	 => 359
 107 84 72 50 3 43	 => 359
 75 108 22 37 27 90	 => 359
 15 90 27 99 47 81	 => 359
 72 81 47 30 79 50	 => 359


===================[TEST 3]===================

##### START ##### Wed May 21 19:54:53 2003



##### CONVERGE ##### Wed May 21 20:11:12 2003

Elapsed time: 979 seconds
Total loop: 131 generations

Result : 354.058

59 1 68 71 95 66 17 42 56 83 21 97 85 18 32 33 93 62 6 84 57 24 110 35 10 3 106 100 25 81 94 65 53 55 61 105 46 2 15 54 74 11 99 43 37 40 98 50 26 63 90 51 5 82 104 19 27 102 47 45 89 16 79 76 30 64 87 22 103 7 41 91 80 36 49 73 88 78 23 58 109 34 44 4 48 101 92 9 39 72 60 70 77 12 14 67 38 96 86 28 75 69 8 20 31 108 13 29 107 52 

 59 1 68 71 95 66	 => 360
 17 66 95 42 56 83	 => 359
 21 83 56 97 85 18	 => 360
 68 32 33 93 62 71	 => 359
 95 71 62 6 84 42	 => 360
 56 42 84 57 24 97	 => 360
 85 97 24 110 35 10	 => 361
 33 3 106 100 25 93	 => 360
 62 93 25 81 94 6	 => 361
 84 6 94 65 53 57	 => 359
 24 57 53 55 61 110	 => 360
 35 110 61 105 46 2	 => 359
 106 15 54 74 11 100	 => 360
 25 100 11 99 43 81	 => 359
 94 81 43 37 40 65	 => 360
 53 65 40 98 50 55	 => 361
 61 55 50 26 63 105	 => 360
 46 105 63 90 51 5	 => 360
 54 82 104 19 27 74	 => 360
 11 74 27 102 47 99	 => 360
 43 99 47 45 89 37	 => 360
 40 37 89 16 79 98	 => 359
 50 98 79 76 30 26	 => 359
 63 26 30 64 87 90	 => 360
 51 90 87 22 103 7	 => 360
 27 19 41 91 80 102	 => 360
 47 102 80 36 49 45	 => 359
 89 45 49 73 88 16	 => 360
 79 16 88 78 23 76	 => 360
 30 76 23 58 109 64	 => 360
 87 64 109 34 44 22	 => 360
 80 91 4 48 101 36	 => 360
 49 36 101 92 9 73	 => 360
 88 73 9 39 72 78	 => 359
 23 78 72 60 70 58	 => 361
 109 58 70 77 12 34	 => 360
 101 48 14 67 38 92	 => 360
 9 92 38 96 86 39	 => 360
 72 39 86 28 75 60	 => 360
 70 60 75 69 8 77	 => 359
 38 67 20 31 108 96	 => 360
 86 96 108 13 29 28	 => 360
 75 28 29 107 52 69	 => 360



test#	fitness		sum		time
---------------------------------------------------
1	349.954				844
2	354.148				1029
3	354.058				979


---------------------------------------------------
Best fitness      : 354.148 ( test# 2)
Shortest time     : 844 ( test# 1)

Average fitness   : 352.72
Average time      : 950.667
