****************** GA TEST *******************

total test#:			 3
hexa min width:			 3
hexa max width:			 7
hexa count:			 43
number count:			 110
population size:		 130
generation size:		 50

tournament winner p:		 1
do xover p:			 1
xover:				 2points
do mutation1 p:			 0.1
mutation1 p:			 0.05
do optimize p:			 0.65
local optimize count:		 5000
do deep better optimize p:	 1
do deep worse optimize p:	 0
do spin p:			 0
spin count:			 1000
do spin apply p:		 1
do mutation2 p:			 0.12
mutation2 p:			 0.08
force mutation2:		 0
replace bad p:			 0.195

converge rate p:		 0.99
converge count:			 1

**********************************************


===================[TEST 1]===================

##### START ##### Wed May 21 20:11:17 2003



##### CONVERGE ##### Wed May 21 20:21:31 2003

Elapsed time: 614 seconds
Total loop: 122 generations

Result : 357.016

12 15 102 67 81 86 56 45 66 29 21 108 105 34 57 59 24 53 70 48 22 74 52 17 7 16 90 80 94 44 78 61 84 101 30 93 89 82 2 46 91 54 3 88 73 18 25 75 23 41 77 62 1 64 26 39 97 85 33 58 109 72 65 76 99 28 95 107 13 8 4 60 79 69 38 55 31 100 20 36 104 19 10 14 35 106 47 49 96 32 71 103 92 9 27 110 37 83 51 63 50 42 5 40 6 87 11 68 43 98 

 12 15 102 67 81 86	 => 363
 56 86 81 45 66 29	 => 363
 21 29 66 108 105 34	 => 363
 102 57 59 24 53 67	 => 362
 81 67 53 70 48 45	 => 364
 66 45 48 22 74 108	 => 363
 105 108 74 52 17 7	 => 363
 59 16 90 80 94 24	 => 363
 53 24 94 44 78 70	 => 363
 48 70 78 61 84 22	 => 363
 74 22 84 101 30 52	 => 363
 17 52 30 93 89 82	 => 363
 90 2 46 91 54 80	 => 363
 94 80 54 3 88 44	 => 363
 78 44 88 73 18 61	 => 362
 84 61 18 25 75 101	 => 364
 30 101 75 23 41 93	 => 363
 89 93 41 77 62 1	 => 363
 46 64 26 39 97 91	 => 363
 54 91 97 85 33 3	 => 363
 88 3 33 58 109 73	 => 364
 18 73 109 72 65 25	 => 362
 75 25 65 76 99 23	 => 363
 41 23 99 28 95 77	 => 363
 62 77 95 107 13 8	 => 362
 97 39 4 60 79 85	 => 364
 33 85 79 69 38 58	 => 362
 109 58 38 55 31 72	 => 363
 65 72 31 100 20 76	 => 364
 99 76 20 36 104 28	 => 363
 95 28 104 19 10 107	 => 363
 79 60 14 35 106 69	 => 363
 38 69 106 47 49 55	 => 364
 31 55 49 96 32 100	 => 363
 20 100 32 71 103 36	 => 362
 104 36 103 92 9 19	 => 363
 106 35 27 110 37 47	 => 362
 49 47 37 83 51 96	 => 363
 32 96 51 63 50 71	 => 363
 103 71 50 42 5 92	 => 363
 37 110 40 6 87 83	 => 363
 51 83 87 11 68 63	 => 363
 50 63 68 43 98 42	 => 364


===================[TEST 2]===================

##### START ##### Wed May 21 20:21:31 2003



##### CONVERGE ##### Wed May 21 20:34:26 2003

Elapsed time: 775 seconds
Total loop: 135 generations

Result : 346.768

102 42 25 92 22 69 108 34 70 49 74 88 66 5 13 75 100 47 109 48 14 99 39 44 16 33 61 77 6 35 55 85 41 81 79 80 93 17 46 73 4 91 86 57 105 15 104 26 8 78 65 36 1 3 107 98 67 83 21 60 24 72 32 101 82 9 110 50 23 68 2 58 45 89 54 103 40 97 10 62 87 37 59 28 95 38 51 18 31 63 27 94 53 19 7 84 76 106 71 64 96 30 52 11 20 56 12 43 29 90 

 102 42 25 92 22 69	 => 352
 108 69 22 34 70 49	 => 352
 74 49 70 88 66 5	 => 352
 25 13 75 100 47 92	 => 352
 22 92 47 109 48 34	 => 352
 70 34 48 14 99 88	 => 353
 66 88 99 39 44 16	 => 352
 75 33 61 77 6 100	 => 352
 47 100 6 35 55 109	 => 352
 48 109 55 85 41 14	 => 352
 99 14 41 81 79 39	 => 353
 44 39 79 80 93 17	 => 352
 61 46 73 4 91 77	 => 352
 6 77 91 86 57 35	 => 352
 55 35 57 105 15 85	 => 352
 41 85 15 104 26 81	 => 352
 79 81 26 8 78 80	 => 352
 93 80 78 65 36 1	 => 353
 73 3 107 98 67 4	 => 352
 91 4 67 83 21 86	 => 352
 57 86 21 60 24 105	 => 353
 15 105 24 72 32 104	 => 352
 26 104 32 101 82 8	 => 353
 78 8 82 9 110 65	 => 352
 36 65 110 50 23 68	 => 352
 67 98 2 58 45 83	 => 353
 21 83 45 89 54 60	 => 352
 24 60 54 103 40 72	 => 353
 32 72 40 97 10 101	 => 352
 82 101 10 62 87 9	 => 351
 110 9 87 37 59 50	 => 352
 45 58 28 95 38 89	 => 353
 54 89 38 51 18 103	 => 353
 40 103 18 31 63 97	 => 352
 10 97 63 27 94 62	 => 353
 87 62 94 53 19 37	 => 352
 38 95 7 84 76 51	 => 351
 18 51 76 106 71 31	 => 353
 63 31 71 64 96 27	 => 352
 94 27 96 30 52 53	 => 352
 76 84 11 20 56 106	 => 353
 71 106 56 12 43 64	 => 352
 96 64 43 29 90 30	 => 352


===================[TEST 3]===================

##### START ##### Wed May 21 20:34:27 2003



##### CONVERGE ##### Wed May 21 20:52:18 2003

Elapsed time: 1071 seconds
Total loop: 132 generations

Result : 359.796

13 19 89 101 110 33 18 64 58 81 43 98 53 32 24 86 61 4 42 45 78 23 102 62 27 11 21 99 88 80 90 25 84 44 34 107 5 55 59 83 96 7 50 41 26 103 15 95 63 22 91 105 35 16 3 73 94 14 104 37 108 36 77 69 46 67 76 82 10 1 70 8 106 87 17 97 71 56 57 74 52 60 28 31 48 85 51 29 92 20 49 109 68 2 30 72 79 66 47 65 93 40 6 9 39 100 12 75 54 38 

 13 19 89 101 110 33	 => 365
 18 33 110 64 58 81	 => 364
 43 81 58 98 53 32	 => 365
 89 24 86 61 4 101	 => 365
 110 101 4 42 45 64	 => 366
 58 64 45 78 23 98	 => 366
 53 98 23 102 62 27	 => 365
 86 11 21 99 88 61	 => 366
 4 61 88 80 90 42	 => 365
 45 42 90 25 84 78	 => 364
 23 78 84 44 34 102	 => 365
 62 102 34 107 5 55	 => 365
 21 59 83 96 7 99	 => 365
 88 99 7 50 41 80	 => 365
 90 80 41 26 103 25	 => 365
 84 25 103 15 95 44	 => 366
 34 44 95 63 22 107	 => 365
 5 107 22 91 105 35	 => 365
 83 16 3 73 94 96	 => 365
 7 96 94 14 104 50	 => 365
 41 50 104 37 108 26	 => 366
 103 26 108 36 77 15	 => 365
 95 15 77 69 46 63	 => 365
 22 63 46 67 76 91	 => 365
 105 91 76 82 10 1	 => 365
 94 73 70 8 106 14	 => 365
 104 14 106 87 17 37	 => 365
 108 37 17 97 71 36	 => 366
 77 36 71 56 57 69	 => 366
 46 69 57 74 52 67	 => 365
 76 67 52 60 28 82	 => 365
 106 8 31 48 85 87	 => 365
 17 87 85 51 29 97	 => 366
 71 97 29 92 20 56	 => 365
 57 56 20 49 109 74	 => 365
 52 74 109 68 2 60	 => 365
 85 48 30 72 79 51	 => 365
 29 51 79 66 47 92	 => 364
 20 92 47 65 93 49	 => 366
 109 49 93 40 6 68	 => 365
 79 72 9 39 100 66	 => 365
 47 66 100 12 75 65	 => 365
 93 65 75 54 38 40	 => 365



test#	fitness		sum		time
---------------------------------------------------
1	357.016				614
2	346.768				775
3	359.796				1071


---------------------------------------------------
Best fitness      : 359.796 ( test# 3)
Shortest time     : 614 ( test# 1)

Average fitness   : 354.526
Average time      : 820
