****************** GA TEST *******************

total test#:			 3
hexa min width:			 3
hexa max width:			 7
hexa count:			 43
number count:			 110
population size:		 130
generation size:		 50

tournament winner p:		 1
do xover p:			 1
xover:				 2points
do mutation1 p:			 0.1
mutation1 p:			 0.05
do optimize p:			 0.65
local optimize count:		 7000
do deep better optimize p:	 1
do deep worse optimize p:	 0
do spin p:			 0
spin count:			 1000
do spin apply p:		 1
do mutation2 p:			 0.12
mutation2 p:			 0.08
force mutation2:		 0
replace bad p:			 0.195

converge rate p:		 0.99
converge count:			 1

**********************************************


===================[TEST 1]===================

##### START ##### Wed May 21 20:52:23 2003



##### CONVERGE ##### Wed May 21 21:06:51 2003

Elapsed time: 868 seconds
Total loop: 152 generations

Result : 359.58

7 45 109 98 57 48 26 72 56 105 32 95 68 8 4 23 87 43 33 62 77 2 93 10 96 15 79 63 97 5 99 38 55 37 100 76 67 18 27 89 90 16 94 88 31 103 81 50 75 25 107 70 19 6 13 64 102 34 28 82 41 29 78 59 21 83 53 74 24 36 12 51 101 58 61 46 104 91 3 92 106 47 1 20 49 85 84 30 40 52 54 71 39 9 66 35 44 86 80 65 73 110 17 69 22 108 11 14 42 60 

 7 45 109 98 57 48	 => 364
 26 48 57 72 56 105	 => 364
 32 105 56 95 68 8	 => 364
 109 4 23 87 43 98	 => 364
 57 98 43 33 62 72	 => 365
 56 72 62 77 2 95	 => 364
 68 95 2 93 10 96	 => 364
 23 15 79 63 97 87	 => 364
 43 87 97 5 99 33	 => 364
 62 33 99 38 55 77	 => 364
 2 77 55 37 100 93	 => 364
 10 93 100 76 67 18	 => 364
 79 27 89 90 16 63	 => 364
 97 63 16 94 88 5	 => 363
 99 5 88 31 103 38	 => 364
 55 38 103 81 50 37	 => 364
 100 37 50 75 25 76	 => 363
 67 76 25 107 70 19	 => 364
 89 6 13 64 102 90	 => 364
 16 90 102 34 28 94	 => 364
 88 94 28 82 41 31	 => 364
 103 31 41 29 78 81	 => 363
 50 81 78 59 21 75	 => 364
 25 75 21 83 53 107	 => 364
 70 107 53 74 24 36	 => 364
 102 64 12 51 101 34	 => 364
 28 34 101 58 61 82	 => 364
 41 82 61 46 104 29	 => 363
 78 29 104 91 3 59	 => 364
 21 59 3 92 106 83	 => 364
 53 83 106 47 1 74	 => 364
 101 51 20 49 85 58	 => 364
 61 58 85 84 30 46	 => 364
 104 46 30 40 52 91	 => 363
 3 91 52 54 71 92	 => 363
 106 92 71 39 9 47	 => 364
 85 49 66 35 44 84	 => 363
 30 84 44 86 80 40	 => 364
 52 40 80 65 73 54	 => 364
 71 54 73 110 17 39	 => 364
 44 35 69 22 108 86	 => 364
 80 86 108 11 14 65	 => 364
 73 65 14 42 60 110	 => 364


===================[TEST 2]===================

##### START ##### Wed May 21 21:06:51 2003



##### CONVERGE ##### Wed May 21 21:21:05 2003

Elapsed time: 854 seconds
Total loop: 124 generations

Result : 354.476

17 12 54 110 106 60 18 35 90 50 71 101 45 3 24 58 102 11 79 19 39 75 44 31 63 4 76 87 32 38 97 37 88 22 91 107 81 5 21 57 33 85 62 55 80 53 65 95 16 28 67 56 20 68 46 83 72 77 30 59 73 47 40 43 100 41 108 66 10 52 1 48 78 86 29 42 109 15 105 64 6 104 34 36 27 84 26 92 93 8 94 74 98 13 23 103 96 2 51 99 14 70 9 61 7 89 49 69 82 25 

 17 12 54 110 106 60	 => 359
 18 60 106 35 90 50	 => 359
 71 50 90 101 45 3	 => 360
 54 24 58 102 11 110	 => 359
 106 110 11 79 19 35	 => 360
 90 35 19 39 75 101	 => 359
 45 101 75 44 31 63	 => 359
 58 4 76 87 32 102	 => 359
 11 102 32 38 97 79	 => 359
 19 79 97 37 88 39	 => 359
 75 39 88 22 91 44	 => 359
 31 44 91 107 81 5	 => 359
 76 21 57 33 85 87	 => 359
 32 87 85 62 55 38	 => 359
 97 38 55 80 53 37	 => 360
 88 37 53 65 95 22	 => 360
 91 22 95 16 28 107	 => 359
 81 107 28 67 56 20	 => 359
 57 68 46 83 72 33	 => 359
 85 33 72 77 30 62	 => 359
 55 62 30 59 73 80	 => 359
 53 80 73 47 40 65	 => 358
 95 65 40 43 100 16	 => 359
 28 16 100 41 108 67	 => 360
 56 67 108 66 10 52	 => 359
 72 83 1 48 78 77	 => 359
 30 77 78 86 29 59	 => 359
 73 59 29 42 109 47	 => 359
 40 47 109 15 105 43	 => 359
 100 43 105 64 6 41	 => 359
 108 41 6 104 34 66	 => 359
 78 48 36 27 84 86	 => 359
 29 86 84 26 92 42	 => 359
 109 42 92 93 8 15	 => 359
 105 15 8 94 74 64	 => 360
 6 64 74 98 13 104	 => 359
 84 27 23 103 96 26	 => 359
 92 26 96 2 51 93	 => 360
 8 93 51 99 14 94	 => 359
 74 94 14 70 9 98	 => 359
 96 103 61 7 89 2	 => 358
 51 2 89 49 69 99	 => 359
 14 99 69 82 25 70	 => 359


===================[TEST 3]===================

##### START ##### Wed May 21 21:21:05 2003



##### CONVERGE ##### Wed May 21 21:33:43 2003

Elapsed time: 758 seconds
Total loop: 118 generations

Result : 354.376

20 31 107 90 85 27 42 61 98 48 80 83 51 1 16 108 33 7 77 41 18 60 36 88 43 25 92 64 39 103 102 34 89 54 104 75 55 2 22 105 70 8 110 37 15 71 87 26 78 24 95 101 11 29 19 81 57 72 44 59 94 86 10 93 67 28 69 68 23 5 32 45 73 96 17 56 49 84 38 30 106 76 14 4 79 63 82 46 62 65 47 97 40 12 35 50 52 53 66 21 100 74 3 6 91 109 13 99 58 9 

 20 31 107 90 85 27	 => 360
 42 27 85 61 98 48	 => 361
 80 48 98 83 51 1	 => 361
 107 16 108 33 7 90	 => 361
 85 90 7 77 41 61	 => 361
 98 61 41 18 60 83	 => 361
 51 83 60 36 88 43	 => 361
 108 25 92 64 39 33	 => 361
 7 33 39 103 102 77	 => 361
 41 77 102 34 89 18	 => 361
 60 18 89 54 104 36	 => 361
 88 36 104 75 55 2	 => 360
 92 22 105 70 8 64	 => 361
 39 64 8 110 37 103	 => 361
 102 103 37 15 71 34	 => 362
 89 34 71 87 26 54	 => 361
 104 54 26 78 24 75	 => 361
 55 75 24 95 101 11	 => 361
 105 29 19 81 57 70	 => 361
 8 70 57 72 44 110	 => 361
 37 110 44 59 94 15	 => 359
 71 15 94 86 10 87	 => 363
 26 87 10 93 67 78	 => 361
 24 78 67 28 69 95	 => 361
 101 95 69 68 23 5	 => 361
 57 81 32 45 73 72	 => 360
 44 72 73 96 17 59	 => 361
 94 59 17 56 49 86	 => 361
 10 86 49 84 38 93	 => 360
 67 93 38 30 106 28	 => 362
 69 28 106 76 14 68	 => 361
 73 45 4 79 63 96	 => 360
 17 96 63 82 46 56	 => 360
 49 56 46 62 65 84	 => 362
 38 84 65 47 97 30	 => 361
 106 30 97 40 12 76	 => 361
 63 79 35 50 52 82	 => 361
 46 82 52 53 66 62	 => 361
 65 62 66 21 100 47	 => 361
 97 47 100 74 3 40	 => 361
 52 50 6 91 109 53	 => 361
 66 53 109 13 99 21	 => 361
 100 21 99 58 9 74	 => 361



test#	fitness		sum		time
---------------------------------------------------
1	359.58				868
2	354.476				854
3	354.376				758


---------------------------------------------------
Best fitness      : 359.58 ( test# 1)
Shortest time     : 758 ( test# 3)

Average fitness   : 356.144
Average time      : 826.667
