****************** GA TEST *******************

total test#:			 3
hexa min width:			 3
hexa max width:			 7
hexa count:			 43
number count:			 110
population size:		 130
generation size:		 50

tournament winner p:		 1
do xover p:			 1
xover:				 2points
do mutation1 p:			 0.1
mutation1 p:			 0.05
do optimize p:			 0.65
local optimize count:		 5000
do deep better optimize p:	 1
do deep worse optimize p:	 0
do spin p:			 0
spin count:			 1000
do spin apply p:		 1
do mutation2 p:			 0.12
mutation2 p:			 0.08
force mutation2:		 0
replace bad p:			 0.195

converge rate p:		 0.99
converge count:			 1

**********************************************


===================[TEST 1]===================

##### START ##### Wed May 21 21:33:45 2003



##### CONVERGE ##### Wed May 21 21:45:26 2003

Elapsed time: 701 seconds
Total loop: 167 generations

Result : 356.337

94 19 60 56 87 44 18 12 95 105 6 70 50 35 9 103 45 88 21 96 14 73 52 66 49 16 100 5 92 62 53 67 110 34 78 63 101 1 11 65 72 108 8 86 82 10 91 48 39 99 54 29 15 17 81 47 79 57 37 97 51 23 104 77 2 68 98 69 85 25 22 80 76 33 61 58 71 55 31 90 93 26 7 24 41 107 28 74 27 75 4 106 43 3 46 30 109 59 64 102 89 83 36 40 38 84 20 32 13 42 

 94 19 60 56 87 44	 => 360
 18 44 87 12 95 105	 => 361
 6 105 95 70 50 35	 => 361
 60 9 103 45 88 56	 => 361
 87 56 88 21 96 12	 => 360
 95 12 96 14 73 70	 => 360
 50 70 73 52 66 49	 => 360
 103 16 100 5 92 45	 => 361
 88 45 92 62 53 21	 => 361
 96 21 53 67 110 14	 => 361
 73 14 110 34 78 52	 => 361
 66 52 78 63 101 1	 => 361
 100 11 65 72 108 5	 => 361
 92 5 108 8 86 62	 => 361
 53 62 86 82 10 67	 => 360
 110 67 10 91 48 34	 => 360
 78 34 48 39 99 63	 => 361
 101 63 99 54 29 15	 => 361
 65 17 81 47 79 72	 => 361
 108 72 79 57 37 8	 => 361
 86 8 37 97 51 82	 => 361
 10 82 51 23 104 91	 => 361
 48 91 104 77 2 39	 => 361
 99 39 2 68 98 54	 => 360
 29 54 98 69 85 25	 => 360
 79 47 22 80 76 57	 => 361
 37 57 76 33 61 97	 => 361
 51 97 61 58 71 23	 => 361
 104 23 71 55 31 77	 => 361
 2 77 31 90 93 68	 => 361
 98 68 93 26 7 69	 => 361
 76 80 24 41 107 33	 => 361
 61 33 107 28 74 58	 => 361
 71 58 74 27 75 55	 => 360
 31 55 75 4 106 90	 => 361
 93 90 106 43 3 26	 => 361
 107 41 46 30 109 28	 => 361
 74 28 109 59 64 27	 => 361
 75 27 64 102 89 4	 => 361
 106 4 89 83 36 43	 => 361
 109 30 40 38 84 59	 => 360
 64 59 84 20 32 102	 => 361
 89 102 32 13 42 83	 => 361


===================[TEST 2]===================

##### START ##### Wed May 21 21:45:27 2003



##### CONVERGE ##### Wed May 21 21:57:25 2003

Elapsed time: 718 seconds
Total loop: 175 generations

Result : 355.676

17 15 41 106 72 109 4 3 101 71 50 94 11 33 2 22 93 96 49 34 85 43 107 92 14 37 63 83 62 20 40 104 48 53 24 100 30 7 12 99 57 46 79 70 82 45 32 78 84 21 67 108 35 52 6 86 60 102 16 23 90 36 75 28 64 66 58 54 42 31 13 44 55 95 68 39 105 29 87 38 77 97 8 19 88 59 18 80 9 98 81 27 65 56 1 91 103 76 74 47 51 110 26 25 61 5 89 69 10 73 

 17 15 41 106 72 109	 => 360
 4 109 72 3 101 71	 => 360
 50 71 101 94 11 33	 => 360
 41 2 22 93 96 106	 => 360
 72 106 96 49 34 3	 => 360
 101 3 34 85 43 94	 => 360
 11 94 43 107 92 14	 => 361
 22 37 63 83 62 93	 => 360
 96 93 62 20 40 49	 => 360
 34 49 40 104 48 85	 => 360
 43 85 48 53 24 107	 => 360
 92 107 24 100 30 7	 => 360
 63 12 99 57 46 83	 => 360
 62 83 46 79 70 20	 => 360
 40 20 70 82 45 104	 => 361
 48 104 45 32 78 53	 => 360
 24 53 78 84 21 100	 => 360
 30 100 21 67 108 35	 => 361
 99 52 6 86 60 57	 => 360
 46 57 60 102 16 79	 => 360
 70 79 16 23 90 82	 => 360
 45 82 90 36 75 32	 => 360
 78 32 75 28 64 84	 => 361
 21 84 64 66 58 67	 => 360
 108 67 58 54 42 31	 => 360
 60 86 13 44 55 102	 => 360
 16 102 55 95 68 23	 => 359
 90 23 68 39 105 36	 => 361
 75 36 105 29 87 28	 => 360
 64 28 87 38 77 66	 => 360
 58 66 77 97 8 54	 => 360
 55 44 19 88 59 95	 => 360
 68 95 59 18 80 39	 => 359
 105 39 80 9 98 29	 => 360
 87 29 98 81 27 38	 => 360
 77 38 27 65 56 97	 => 360
 59 88 1 91 103 18	 => 360
 80 18 103 76 74 9	 => 360
 98 9 74 47 51 81	 => 360
 27 81 51 110 26 65	 => 360
 103 91 25 61 5 76	 => 361
 74 76 5 89 69 47	 => 360
 51 47 69 10 73 110	 => 360


===================[TEST 3]===================

##### START ##### Wed May 21 21:57:25 2003



##### CONVERGE ##### Wed May 21 22:05:18 2003

Elapsed time: 473 seconds
Total loop: 118 generations

Result : 359.477

24 17 64 104 94 61 32 19 81 78 6 100 91 9 3 70 101 23 88 36 50 79 68 18 8 20 53 87 33 51 69 67 55 30 83 108 48 39 4 77 82 62 25 107 28 43 106 63 35 45 99 58 7 11 13 110 71 65 60 49 96 12 80 59 22 54 109 73 16 10 14 2 102 42 46 86 76 44 93 38 98 5 26 90 34 95 75 21 40 97 1 92 29 103 31 74 56 89 84 37 105 85 52 72 27 47 41 66 15 57 

 24 17 64 104 94 61	 => 364
 32 61 94 19 81 78	 => 365
 6 78 81 100 91 9	 => 365
 64 3 70 101 23 104	 => 365
 94 104 23 88 36 19	 => 364
 81 19 36 50 79 100	 => 365
 91 100 79 68 18 8	 => 364
 70 20 53 87 33 101	 => 364
 23 101 33 51 69 88	 => 365
 36 88 69 67 55 50	 => 365
 79 50 55 30 83 68	 => 365
 18 68 83 108 48 39	 => 364
 53 4 77 82 62 87	 => 365
 33 87 62 25 107 51	 => 365
 69 51 107 28 43 67	 => 365
 55 67 43 106 63 30	 => 364
 83 30 63 35 45 108	 => 364
 48 108 45 99 58 7	 => 365
 77 11 13 110 71 82	 => 364
 62 82 71 65 60 25	 => 365
 107 25 60 49 96 28	 => 365
 43 28 96 12 80 106	 => 365
 63 106 80 59 22 35	 => 365
 45 35 22 54 109 99	 => 364
 58 99 109 73 16 10	 => 365
 71 110 14 2 102 65	 => 364
 60 65 102 42 46 49	 => 364
 96 49 46 86 76 12	 => 365
 80 12 76 44 93 59	 => 364
 22 59 93 38 98 54	 => 364
 109 54 98 5 26 73	 => 365
 102 2 90 34 95 42	 => 365
 46 42 95 75 21 86	 => 365
 76 86 21 40 97 44	 => 364
 93 44 97 1 92 38	 => 365
 98 38 92 29 103 5	 => 365
 95 34 31 74 56 75	 => 365
 21 75 56 89 84 40	 => 365
 97 40 84 37 105 1	 => 364
 92 1 105 85 52 29	 => 364
 56 74 72 27 47 89	 => 365
 84 89 47 41 66 37	 => 364
 105 37 66 15 57 85	 => 365



test#	fitness		sum		time
---------------------------------------------------
1	356.337				701
2	355.676				718
3	359.477				473


---------------------------------------------------
Best fitness      : 359.477 ( test# 3)
Shortest time     : 473 ( test# 3)

Average fitness   : 357.163
Average time      : 630.667
