****************** GA TEST *******************

total test#:			 3
hexa min width:			 3
hexa max width:			 7
hexa count:			 43
number count:			 110
population size:		 130
generation size:		 50

tournament winner p:		 1
do xover p:			 1
xover:				 2points
do mutation1 p:			 0.1
mutation1 p:			 0.05
do optimize p:			 0.65
local optimize count:		 7000
do deep better optimize p:	 1
do deep worse optimize p:	 0
do spin p:			 0
spin count:			 1000
do spin apply p:		 1
do mutation2 p:			 0.12
mutation2 p:			 0.08
force mutation2:		 0
replace bad p:			 0.195

converge rate p:		 0.99
converge count:			 1

**********************************************


===================[TEST 1]===================

##### START ##### Wed May 21 22:05:19 2003



##### CONVERGE ##### Wed May 21 22:13:30 2003

Elapsed time: 491 seconds
Total loop: 99 generations

Result : 352.902

3 5 103 70 76 100 24 2 98 57 16 79 94 13 14 11 109 50 72 87 74 18 101 55 10 82 59 45 52 34 40 22 61 84 19 58 20 104 15 107 53 78 65 83 81 97 30 64 47 85 56 99 39 25 33 110 29 106 26 71 31 67 51 69 95 46 28 90 63 21 7 96 9 102 43 54 91 73 6 49 93 68 32 4 80 66 48 44 35 60 77 92 17 38 62 12 89 105 36 41 108 37 27 23 42 86 1 88 8 75 

 3 5 103 70 76 100	 => 357
 24 100 76 2 98 57	 => 357
 16 57 98 79 94 13	 => 357
 103 14 11 109 50 70	 => 357
 76 70 50 72 87 2	 => 357
 98 2 87 74 18 79	 => 358
 94 79 18 101 55 10	 => 357
 11 82 59 45 52 109	 => 358
 50 109 52 34 40 72	 => 357
 87 72 40 22 61 74	 => 356
 18 74 61 84 19 101	 => 357
 55 101 19 58 20 104	 => 357
 59 15 107 53 78 45	 => 357
 52 45 78 65 83 34	 => 357
 40 34 83 81 97 22	 => 357
 61 22 97 30 64 84	 => 358
 19 84 64 47 85 58	 => 357
 20 58 85 56 99 39	 => 357
 107 25 33 110 29 53	 => 357
 78 53 29 106 26 65	 => 357
 83 65 26 71 31 81	 => 357
 97 81 31 67 51 30	 => 357
 64 30 51 69 95 47	 => 356
 85 47 95 46 28 56	 => 357
 99 56 28 90 63 21	 => 357
 29 110 7 96 9 106	 => 357
 26 106 9 102 43 71	 => 357
 31 71 43 54 91 67	 => 357
 51 67 91 73 6 69	 => 357
 95 69 6 49 93 46	 => 358
 28 46 93 68 32 90	 => 357
 9 96 4 80 66 102	 => 357
 43 102 66 48 44 54	 => 357
 91 54 44 35 60 73	 => 357
 6 73 60 77 92 49	 => 357
 93 49 92 17 38 68	 => 357
 66 80 62 12 89 48	 => 357
 44 48 89 105 36 35	 => 357
 60 35 36 41 108 77	 => 357
 92 77 108 37 27 17	 => 358
 89 12 23 42 86 105	 => 357
 36 105 86 1 88 41	 => 357
 108 41 88 8 75 37	 => 357


===================[TEST 2]===================

##### START ##### Wed May 21 22:13:31 2003



##### CONVERGE ##### Wed May 21 22:27:27 2003

Elapsed time: 836 seconds
Total loop: 156 generations

Result : 357.653

20 11 75 107 106 44 6 32 78 97 21 83 81 2 18 90 14 59 19 40 82 48 89 34 28 1 98 66 94 84 93 26 102 3 39 104 61 36 16 60 99 24 50 45 80 35 110 87 74 55 109 29 5 33 31 51 88 53 49 77 62 37 38 41 13 69 42 100 9 73 96 52 22 95 67 63 57 86 103 58 79 46 27 15 108 70 4 64 85 7 17 92 76 12 65 43 72 91 47 105 101 68 8 56 30 71 23 25 54 10 

 20 11 75 107 106 44	 => 363
 6 44 106 32 78 97	 => 363
 21 97 78 83 81 2	 => 362
 75 18 90 14 59 107	 => 363
 106 107 59 19 40 32	 => 363
 78 32 40 82 48 83	 => 363
 81 83 48 89 34 28	 => 363
 90 1 98 66 94 14	 => 363
 59 14 94 84 93 19	 => 363
 40 19 93 26 102 82	 => 362
 48 82 102 3 39 89	 => 363
 34 89 39 104 61 36	 => 363
 98 16 60 99 24 66	 => 363
 94 66 24 50 45 84	 => 363
 93 84 45 80 35 26	 => 363
 102 26 35 110 87 3	 => 363
 39 3 87 74 55 104	 => 362
 61 104 55 109 29 5	 => 363
 60 33 31 51 88 99	 => 362
 24 99 88 53 49 50	 => 363
 45 50 49 77 62 80	 => 363
 35 80 62 37 38 110	 => 362
 87 110 38 41 13 74	 => 363
 55 74 13 69 42 109	 => 362
 29 109 42 100 9 73	 => 362
 88 51 96 52 22 53	 => 362
 49 53 22 95 67 77	 => 363
 62 77 67 63 57 37	 => 363
 38 37 57 86 103 41	 => 362
 13 41 103 58 79 69	 => 363
 42 69 79 46 27 100	 => 363
 22 52 15 108 70 95	 => 362
 67 95 70 4 64 63	 => 363
 57 63 64 85 7 86	 => 362
 103 86 7 17 92 58	 => 363
 79 58 92 76 12 46	 => 363
 70 108 65 43 72 4	 => 362
 64 4 72 91 47 85	 => 363
 7 85 47 105 101 17	 => 362
 92 17 101 68 8 76	 => 362
 72 43 56 30 71 91	 => 363
 47 91 71 23 25 105	 => 362
 101 105 25 54 10 68	 => 363


===================[TEST 3]===================

##### START ##### Wed May 21 22:27:27 2003



##### CONVERGE ##### Wed May 21 22:39:18 2003

Elapsed time: 711 seconds
Total loop: 135 generations

Result : 356.768

14 13 98 110 23 104 43 17 67 108 5 84 27 71 12 28 82 33 76 103 2 89 109 45 8 11 75 85 81 41 50 102 30 24 107 32 62 7 15 96 90 1 68 87 26 56 44 106 37 57 79 93 40 9 10 77 80 63 60 25 97 66 74 47 54 73 61 53 34 42 21 51 70 86 58 52 64 95 16 72 101 55 19 29 78 48 83 35 99 18 69 92 39 3 22 100 31 49 65 91 20 105 38 36 88 59 4 94 6 46 

 14 13 98 110 23 104	 => 362
 43 104 23 17 67 108	 => 362
 5 108 67 84 27 71	 => 362
 98 12 28 82 33 110	 => 363
 23 110 33 76 103 17	 => 362
 67 17 103 2 89 84	 => 362
 27 84 89 109 45 8	 => 362
 28 11 75 85 81 82	 => 362
 33 82 81 41 50 76	 => 363
 103 76 50 102 30 2	 => 363
 89 2 30 24 107 109	 => 361
 45 109 107 32 62 7	 => 362
 75 15 96 90 1 85	 => 362
 81 85 1 68 87 41	 => 363
 50 41 87 26 56 102	 => 362
 30 102 56 44 106 24	 => 362
 107 24 106 37 57 32	 => 363
 62 32 57 79 93 40	 => 363
 96 9 10 77 80 90	 => 362
 1 90 80 63 60 68	 => 362
 87 68 60 25 97 26	 => 363
 56 26 97 66 74 44	 => 363
 106 44 74 47 54 37	 => 362
 57 37 54 73 61 79	 => 361
 93 79 61 53 34 42	 => 362
 80 77 21 51 70 63	 => 362
 60 63 70 86 58 25	 => 362
 97 25 58 52 64 66	 => 362
 74 66 64 95 16 47	 => 362
 54 47 16 72 101 73	 => 363
 61 73 101 55 19 53	 => 362
 70 51 29 78 48 86	 => 362
 58 86 48 83 35 52	 => 362
 64 52 35 99 18 95	 => 363
 16 95 18 69 92 72	 => 362
 101 72 92 39 3 55	 => 362
 48 78 22 100 31 83	 => 362
 35 83 31 49 65 99	 => 362
 18 99 65 91 20 69	 => 362
 92 69 20 105 38 39	 => 363
 31 100 36 88 59 49	 => 363
 65 49 59 4 94 91	 => 362
 20 91 94 6 46 105	 => 362



test#	fitness		sum		time
---------------------------------------------------
1	352.902				491
2	357.653				836
3	356.768				711


---------------------------------------------------
Best fitness      : 357.653 ( test# 2)
Shortest time     : 491 ( test# 1)

Average fitness   : 355.774
Average time      : 679.333
