****************** GA TEST *******************

total test#:			 100
hexa min width:			 3
hexa max width:			 5
hexa count:			 19
number count:			 54
population size:		 150
generation size:		 50

tournament winner p:		 1
do xover p:			 1
xover:				 2points
do mutation1 p:			 0.1
mutation1 p:			 0.05
do optimize p:			 1
local optimize count:		 6000
do deep better optimize p:	 1
do deep worse optimize p:	 0
do spin p:			 0
spin count:			 1000
do spin apply p:		 1
do mutation2 p:			 0.12
mutation2 p:			 0.08
force mutation2:		 0
replace bad p:			 0.195

converge rate p:		 0.99
converge count:			 5

**********************************************


===================[TEST 1]===================

##### START ##### Thu May 22 04:15:14 2003



##### CONVERGE ##### Thu May 22 04:16:25 2003

Elapsed time: 71 seconds
Total loop: 124 generations

Result : 187.412

16 7 33 54 42 37 4 22 49 35 18 41 44 2 1 34 53 14 38 19 52 6 47 26 25 15 3 45 39 17 28 21 31 13 40 48 5 23 9 36 43 51 29 50 46 32 10 8 24 27 12 20 11 30 

 16 7 33 54 42 37	 => 189
 4 37 42 22 49 35	 => 189
 18 35 49 41 44 2	 => 189
 33 1 34 53 14 54	 => 189
 42 54 14 38 19 22	 => 189
 49 22 19 52 6 41	 => 189
 44 41 6 47 26 25	 => 189
 34 15 3 45 39 53	 => 189
 14 53 39 17 28 38	 => 189
 19 38 28 21 31 52	 => 189
 6 52 31 13 40 47	 => 189
 26 47 40 48 5 23	 => 189
 39 45 9 36 43 17	 => 189
 28 17 43 51 29 21	 => 189
 31 21 29 50 46 13	 => 190
 40 13 46 32 10 48	 => 189
 43 36 8 24 27 51	 => 189
 29 51 27 12 20 50	 => 189
 46 50 20 11 30 32	 => 189


===================[TEST 2]===================

##### START ##### Thu May 22 04:16:25 2003



##### CONVERGE ##### Thu May 22 04:17:56 2003

Elapsed time: 91 seconds
Total loop: 159 generations

Result : 187.64

11 24 32 45 49 29 5 18 53 36 4 40 50 7 3 26 52 31 19 28 43 8 42 41 9 15 2 44 51 10 27 39 34 16 47 38 1 21 6 25 54 37 23 48 30 46 13 22 17 35 14 33 12 20 

 11 24 32 45 49 29	 => 190
 5 29 49 18 53 36	 => 190
 4 36 53 40 50 7	 => 190
 32 3 26 52 31 45	 => 189
 49 45 31 19 28 18	 => 190
 53 18 28 43 8 40	 => 190
 50 40 8 42 41 9	 => 190
 26 15 2 44 51 52	 => 190
 31 52 51 10 27 19	 => 190
 28 19 27 39 34 43	 => 190
 8 43 34 16 47 42	 => 190
 41 42 47 38 1 21	 => 190
 51 44 6 25 54 10	 => 190
 27 10 54 37 23 39	 => 190
 34 39 23 48 30 16	 => 190
 47 16 30 46 13 38	 => 190
 54 25 22 17 35 37	 => 190
 23 37 35 14 33 48	 => 190
 30 48 33 12 20 46	 => 189


===================[TEST 3]===================

##### START ##### Thu May 22 04:17:56 2003



##### CONVERGE ##### Thu May 22 04:19:33 2003

Elapsed time: 97 seconds
Total loop: 170 generations

Result : 188.163

23 2 25 51 47 43 5 12 45 39 6 50 26 24 13 31 54 17 30 34 28 22 40 42 11 18 9 35 44 10 36 29 33 19 49 37 14 8 4 46 52 48 16 41 53 32 1 3 15 27 21 38 7 20 

 23 2 25 51 47 43	 => 191
 5 43 47 12 45 39	 => 191
 6 39 45 50 26 24	 => 190
 25 13 31 54 17 51	 => 191
 47 51 17 30 34 12	 => 191
 45 12 34 28 22 50	 => 191
 26 50 22 40 42 11	 => 191
 31 18 9 35 44 54	 => 191
 17 54 44 10 36 30	 => 191
 34 30 36 29 33 28	 => 190
 22 28 33 19 49 40	 => 191
 42 40 49 37 14 8	 => 190
 44 35 4 46 52 10	 => 191
 36 10 52 48 16 29	 => 191
 33 29 16 41 53 19	 => 191
 49 19 53 32 1 37	 => 191
 52 46 3 15 27 48	 => 191
 16 48 27 21 38 41	 => 191
 53 41 38 7 20 32	 => 191


===================[TEST 4]===================

##### START ##### Thu May 22 04:19:33 2003



##### CONVERGE ##### Thu May 22 04:20:59 2003

Elapsed time: 86 seconds
Total loop: 150 generations

Result : 188.306

8 12 48 49 46 27 2 18 53 44 19 36 34 4 1 39 45 7 38 32 30 21 52 42 5 29 6 28 43 26 31 35 24 22 41 25 16 14 10 50 33 54 11 51 47 40 15 13 3 37 17 20 23 9 

 8 12 48 49 46 27	 => 190
 2 27 46 18 53 44	 => 190
 19 44 53 36 34 4	 => 190
 48 1 39 45 7 49	 => 189
 46 49 7 38 32 18	 => 190
 53 18 32 30 21 36	 => 190
 34 36 21 52 42 5	 => 190
 39 29 6 28 43 45	 => 190
 7 45 43 26 31 38	 => 190
 32 38 31 35 24 30	 => 190
 21 30 24 22 41 52	 => 190
 42 52 41 25 16 14	 => 190
 43 28 10 50 33 26	 => 190
 31 26 33 54 11 35	 => 190
 24 35 11 51 47 22	 => 190
 41 22 47 40 15 25	 => 190
 33 50 13 3 37 54	 => 190
 11 54 37 17 20 51	 => 190
 47 51 20 23 9 40	 => 190


===================[TEST 5]===================

##### START ##### Thu May 22 04:20:59 2003



##### CONVERGE ##### Thu May 22 04:22:26 2003

Elapsed time: 87 seconds
Total loop: 153 generations

Result : 187.794

11 6 32 49 54 39 10 4 53 31 1 51 47 8 13 29 44 24 27 33 41 9 40 42 2 18 16 38 46 15 35 26 28 21 52 25 14 17 7 36 48 45 22 50 43 30 20 5 23 34 3 37 12 19 

 11 6 32 49 54 39	 => 191
 10 39 54 4 53 31	 => 191
 1 31 53 51 47 8	 => 191
 32 13 29 44 24 49	 => 191
 54 49 24 27 33 4	 => 191
 53 4 33 41 9 51	 => 191
 47 51 9 40 42 2	 => 191
 29 18 16 38 46 44	 => 191
 24 44 46 15 35 27	 => 191
 33 27 35 26 28 41	 => 190
 9 41 28 21 52 40	 => 191
 42 40 52 25 14 17	 => 190
 46 38 7 36 48 15	 => 190
 35 15 48 45 22 26	 => 191
 28 26 22 50 43 21	 => 190
 52 21 43 30 20 25	 => 191
 48 36 5 23 34 45	 => 191
 22 45 34 3 37 50	 => 191
 43 50 37 12 19 30	 => 191


===================[TEST 6]===================

##### START ##### Thu May 22 04:22:26 2003



##### CONVERGE ##### Thu May 22 04:23:23 2003

Elapsed time: 57 seconds
Total loop: 99 generations

Result : 188.306

10 7 33 51 45 44 8 21 46 26 16 49 29 24 1 42 36 27 28 18 34 22 54 31 5 12 13 39 47 9 43 32 35 15 30 48 2 25 17 38 40 52 14 53 41 50 6 3 20 37 11 23 19 4 

 10 7 33 51 45 44	 => 190
 8 44 45 21 46 26	 => 190
 16 26 46 49 29 24	 => 190
 33 1 42 36 27 51	 => 190
 45 51 27 28 18 21	 => 190
 46 21 18 34 22 49	 => 190
 29 49 22 54 31 5	 => 190
 42 12 13 39 47 36	 => 189
 27 36 47 9 43 28	 => 190
 18 28 43 32 35 34	 => 190
 22 34 35 15 30 54	 => 190
 31 54 30 48 2 25	 => 190
 47 39 17 38 40 9	 => 190
 43 9 40 52 14 32	 => 190
 35 32 14 53 41 15	 => 190
 30 15 41 50 6 48	 => 190
 40 38 3 20 37 52	 => 190
 14 52 37 11 23 53	 => 190
 41 53 23 19 4 50	 => 190


===================[TEST 7]===================

##### START ##### Thu May 22 04:23:23 2003



##### CONVERGE ##### Thu May 22 04:24:48 2003

Elapsed time: 85 seconds
Total loop: 150 generations

Result : 188.412

23 12 36 34 52 33 3 14 39 49 25 44 24 9 7 48 37 29 26 35 43 15 42 54 11 4 18 32 51 20 27 38 21 22 47 28 13 6 2 40 45 50 10 53 46 30 17 16 8 31 5 41 1 19 

 23 12 36 34 52 33	 => 190
 3 33 52 14 39 49	 => 190
 25 49 39 44 24 9	 => 190
 36 7 48 37 29 34	 => 191
 52 34 29 26 35 14	 => 190
 39 14 35 43 15 44	 => 190
 24 44 15 42 54 11	 => 190
 48 4 18 32 51 37	 => 190
 29 37 51 20 27 26	 => 190
 35 26 27 38 21 43	 => 190
 15 43 21 22 47 42	 => 190
 54 42 47 28 13 6	 => 190
 51 32 2 40 45 20	 => 190
 27 20 45 50 10 38	 => 190
 21 38 10 53 46 22	 => 190
 47 22 46 30 17 28	 => 190
 45 40 16 8 31 50	 => 190
 10 50 31 5 41 53	 => 190
 46 53 41 1 19 30	 => 190


===================[TEST 8]===================

##### START ##### Thu May 22 04:24:48 2003



##### CONVERGE ##### Thu May 22 04:26:20 2003

Elapsed time: 92 seconds
Total loop: 160 generations

Result : 187.64

15 5 52 39 44 35 17 23 40 31 16 48 37 18 9 51 26 12 38 34 21 24 49 29 3 13 22 25 53 19 42 27 28 32 36 46 10 20 1 47 45 50 7 54 41 33 2 14 4 30 6 43 8 11 

 15 5 52 39 44 35	 => 190
 17 35 44 23 40 31	 => 190
 16 31 40 48 37 18	 => 190
 52 9 51 26 12 39	 => 189
 44 39 12 38 34 23	 => 190
 40 23 34 21 24 48	 => 190
 37 48 24 49 29 3	 => 190
 51 13 22 25 53 26	 => 190
 12 26 53 19 42 38	 => 190
 34 38 42 27 28 21	 => 190
 24 21 28 32 36 49	 => 190
 29 49 36 46 10 20	 => 190
 53 25 1 47 45 19	 => 190
 42 19 45 50 7 27	 => 190
 28 27 7 54 41 32	 => 189
 36 32 41 33 2 46	 => 190
 45 47 14 4 30 50	 => 190
 7 50 30 6 43 54	 => 190
 41 54 43 8 11 33	 => 190


===================[TEST 9]===================

##### START ##### Thu May 22 04:26:20 2003



##### CONVERGE ##### Thu May 22 04:27:13 2003

Elapsed time: 53 seconds
Total loop: 93 generations

Result : 187.85

5 17 48 53 36 31 12 32 50 29 14 35 44 18 1 30 38 20 25 24 27 22 49 37 3 21 2 45 54 7 46 40 28 13 51 34 11 8 9 33 42 39 16 41 52 26 15 10 23 43 4 47 6 19 

 5 17 48 53 36 31	 => 190
 12 31 36 32 50 29	 => 190
 14 29 50 35 44 18	 => 190
 48 1 30 38 20 53	 => 190
 36 53 20 25 24 32	 => 190
 50 32 24 27 22 35	 => 190
 44 35 22 49 37 3	 => 190
 30 21 2 45 54 38	 => 190
 20 38 54 7 46 25	 => 190
 24 25 46 40 28 27	 => 190
 22 27 28 13 51 49	 => 190
 37 49 51 34 11 8	 => 190
 54 45 9 33 42 7	 => 190
 46 7 42 39 16 40	 => 190
 28 40 16 41 52 13	 => 190
 51 13 52 26 15 34	 => 191
 42 33 10 23 43 39	 => 190
 16 39 43 4 47 41	 => 190
 52 41 47 6 19 26	 => 191


===================[TEST 10]===================

##### START ##### Thu May 22 04:27:13 2003



##### CONVERGE ##### Thu May 22 04:28:45 2003

Elapsed time: 92 seconds
Total loop: 162 generations

Result : 188.163

20 18 28 46 41 37 4 24 54 31 6 53 43 3 2 48 44 23 32 25 30 5 50 33 7 10 9 45 35 21 36 29 38 17 51 34 22 1 8 40 42 52 11 47 49 27 13 12 19 26 16 39 14 15 

 20 18 28 46 41 37	 => 190
 4 37 41 24 54 31	 => 191
 6 31 54 53 43 3	 => 190
 28 2 48 44 23 46	 => 191
 41 46 23 32 25 24	 => 191
 54 24 25 30 5 53	 => 191
 43 53 5 50 33 7	 => 191
 48 10 9 45 35 44	 => 191
 23 44 35 21 36 32	 => 191
 25 32 36 29 38 30	 => 190
 5 30 38 17 51 50	 => 191
 33 50 51 34 22 1	 => 191
 35 45 8 40 42 21	 => 191
 36 21 42 52 11 29	 => 191
 38 29 11 47 49 17	 => 191
 51 17 49 27 13 34	 => 191
 42 40 12 19 26 52	 => 191
 11 52 26 16 39 47	 => 191
 49 47 39 14 15 27	 => 191


===================[TEST 11]===================

##### START ##### Thu May 22 04:28:45 2003



##### CONVERGE ##### Thu May 22 04:29:50 2003

Elapsed time: 65 seconds
Total loop: 113 generations

Result : 187.64

26 9 38 37 46 33 15 10 44 42 7 43 35 19 6 41 47 21 36 40 31 22 53 34 3 20 23 27 32 24 30 14 39 16 29 45 17 11 8 49 50 54 18 52 51 48 1 4 5 28 13 25 12 2 

 26 9 38 37 46 33	 => 189
 15 33 46 10 44 42	 => 190
 7 42 44 43 35 19	 => 190
 38 6 41 47 21 37	 => 190
 46 37 21 36 40 10	 => 190
 44 10 40 31 22 43	 => 190
 35 43 22 53 34 3	 => 190
 41 20 23 27 32 47	 => 190
 21 47 32 24 30 36	 => 190
 40 36 30 14 39 31	 => 190
 22 31 39 16 29 53	 => 190
 34 53 29 45 17 11	 => 189
 32 27 8 49 50 24	 => 190
 30 24 50 54 18 14	 => 190
 39 14 18 52 51 16	 => 190
 29 16 51 48 1 45	 => 190
 50 49 4 5 28 54	 => 190
 18 54 28 13 25 52	 => 190
 51 52 25 12 2 48	 => 190


===================[TEST 12]===================

##### START ##### Thu May 22 04:29:50 2003



##### CONVERGE ##### Thu May 22 04:31:45 2003

Elapsed time: 115 seconds
Total loop: 202 generations

Result (Solution) : 190

21 3 48 43 50 25 8 24 34 49 15 52 35 5 16 17 54 12 30 31 36 13 44 39 7 18 22 37 42 14 38 26 29 23 45 41 1 20 6 51 40 53 19 47 46 33 2 4 10 32 11 28 9 27 

 21 3 48 43 50 25	 => 190
 8 25 50 24 34 49	 => 190
 15 49 34 52 35 5	 => 190
 48 16 17 54 12 43	 => 190
 50 43 12 30 31 24	 => 190
 34 24 31 36 13 52	 => 190
 35 52 13 44 39 7	 => 190
 17 18 22 37 42 54	 => 190
 12 54 42 14 38 30	 => 190
 31 30 38 26 29 36	 => 190
 13 36 29 23 45 44	 => 190
 39 44 45 41 1 20	 => 190
 42 37 6 51 40 14	 => 190
 38 14 40 53 19 26	 => 190
 29 26 19 47 46 23	 => 190
 45 23 46 33 2 41	 => 190
 40 51 4 10 32 53	 => 190
 19 53 32 11 28 47	 => 190
 46 47 28 9 27 33	 => 190


===================[TEST 13]===================

##### START ##### Thu May 22 04:31:45 2003



##### CONVERGE ##### Thu May 22 04:33:10 2003

Elapsed time: 85 seconds
Total loop: 149 generations

Result : 188.306

11 13 43 44 39 40 2 19 54 36 18 45 28 9 6 30 46 21 33 34 26 12 47 49 8 10 14 48 42 17 31 29 37 15 53 32 4 5 7 35 41 52 20 51 38 25 27 24 22 16 1 50 3 23 

 11 13 43 44 39 40	 => 190
 2 40 39 19 54 36	 => 190
 18 36 54 45 28 9	 => 190
 43 6 30 46 21 44	 => 190
 39 44 21 33 34 19	 => 190
 54 19 34 26 12 45	 => 190
 28 45 12 47 49 8	 => 189
 30 10 14 48 42 46	 => 190
 21 46 42 17 31 33	 => 190
 34 33 31 29 37 26	 => 190
 12 26 37 15 53 47	 => 190
 49 47 53 32 4 5	 => 190
 42 48 7 35 41 17	 => 190
 31 17 41 52 20 29	 => 190
 37 29 20 51 38 15	 => 190
 53 15 38 25 27 32	 => 190
 41 35 24 22 16 52	 => 190
 20 52 16 1 50 51	 => 190
 38 51 50 3 23 25	 => 190


===================[TEST 14]===================

##### START ##### Thu May 22 04:33:10 2003



##### CONVERGE ##### Thu May 22 04:34:18 2003

Elapsed time: 68 seconds
Total loop: 119 generations

Result : 187.158

11 19 31 47 40 42 17 10 52 29 3 48 32 26 6 43 50 13 39 41 25 14 54 33 9 1 2 51 44 16 28 20 36 27 35 45 5 18 4 22 53 49 24 46 37 38 8 21 15 30 7 34 12 23 

 11 19 31 47 40 42	 => 190
 17 42 40 10 52 29	 => 190
 3 29 52 48 32 26	 => 190
 31 6 43 50 13 47	 => 190
 40 47 13 39 41 10	 => 190
 52 10 41 25 14 48	 => 190
 32 48 14 54 33 9	 => 190
 43 1 2 51 44 50	 => 191
 13 50 44 16 28 39	 => 190
 41 39 28 20 36 25	 => 189
 14 25 36 27 35 54	 => 191
 33 54 35 45 5 18	 => 190
 44 51 4 22 53 16	 => 190
 28 16 53 49 24 20	 => 190
 36 20 24 46 37 27	 => 190
 35 27 37 38 8 45	 => 190
 53 22 21 15 30 49	 => 190
 24 49 30 7 34 46	 => 190
 37 46 34 12 23 38	 => 190


===================[TEST 15]===================

##### START ##### Thu May 22 04:34:18 2003



##### CONVERGE ##### Thu May 22 04:35:33 2003

Elapsed time: 75 seconds
Total loop: 132 generations

Result : 187.616

14 26 32 39 46 33 6 24 38 43 9 49 41 10 17 27 45 30 22 29 48 2 53 34 11 19 12 37 50 18 25 31 35 16 36 51 3 13 7 23 54 47 15 52 42 44 1 5 21 40 8 28 4 20 

 14 26 32 39 46 33	 => 190
 6 33 46 24 38 43	 => 190
 9 43 38 49 41 10	 => 190
 32 17 27 45 30 39	 => 190
 46 39 30 22 29 24	 => 190
 38 24 29 48 2 49	 => 190
 41 49 2 53 34 11	 => 190
 27 19 12 37 50 45	 => 190
 30 45 50 18 25 22	 => 190
 29 22 25 31 35 48	 => 190
 2 48 35 16 36 53	 => 190
 34 53 36 51 3 13	 => 190
 50 37 7 23 54 18	 => 189
 25 18 54 47 15 31	 => 190
 35 31 15 52 42 16	 => 191
 36 16 42 44 1 51	 => 190
 54 23 5 21 40 47	 => 190
 15 47 40 8 28 52	 => 190
 42 52 28 4 20 44	 => 190


===================[TEST 16]===================

##### START ##### Thu May 22 04:35:33 2003



##### CONVERGE ##### Thu May 22 04:36:41 2003

Elapsed time: 68 seconds
Total loop: 118 generations

Result : 187.85

25 2 32 48 49 34 6 15 45 41 24 43 28 9 5 40 38 27 29 22 47 18 42 51 8 14 13 31 54 16 26 37 30 20 33 44 3 17 1 35 53 46 12 52 39 50 4 11 10 36 21 23 7 19 

 25 2 32 48 49 34	 => 190
 6 34 49 15 45 41	 => 190
 24 41 45 43 28 9	 => 190
 32 5 40 38 27 48	 => 190
 49 48 27 29 22 15	 => 190
 45 15 22 47 18 43	 => 190
 28 43 18 42 51 8	 => 190
 40 14 13 31 54 38	 => 190
 27 38 54 16 26 29	 => 190
 22 29 26 37 30 47	 => 191
 18 47 30 20 33 42	 => 190
 51 42 33 44 3 17	 => 190
 54 31 1 35 53 16	 => 190
 26 16 53 46 12 37	 => 190
 30 37 12 52 39 20	 => 190
 33 20 39 50 4 44	 => 190
 53 35 11 10 36 46	 => 191
 12 46 36 21 23 52	 => 190
 39 52 23 7 19 50	 => 190


===================[TEST 17]===================

##### START ##### Thu May 22 04:36:41 2003



##### CONVERGE ##### Thu May 22 04:38:15 2003

Elapsed time: 94 seconds
Total loop: 166 generations

Result : 187.616

20 12 44 40 49 25 9 17 53 37 4 46 35 15 6 36 41 23 32 29 27 18 54 34 3 11 13 39 50 14 30 48 24 16 51 28 1 21 2 38 47 45 7 52 43 42 10 19 8 33 31 22 26 5 

 20 12 44 40 49 25	 => 190
 9 25 49 17 53 37	 => 190
 4 37 53 46 35 15	 => 190
 44 6 36 41 23 40	 => 190
 49 40 23 32 29 17	 => 190
 53 17 29 27 18 46	 => 190
 35 46 18 54 34 3	 => 190
 36 11 13 39 50 41	 => 190
 23 41 50 14 30 32	 => 190
 29 32 30 48 24 27	 => 190
 18 27 24 16 51 54	 => 190
 34 54 51 28 1 21	 => 189
 50 39 2 38 47 14	 => 190
 30 14 47 45 7 48	 => 191
 24 48 7 52 43 16	 => 190
 51 16 43 42 10 28	 => 190
 47 38 19 8 33 45	 => 190
 7 45 33 31 22 52	 => 190
 43 52 22 26 5 42	 => 190


===================[TEST 18]===================

##### START ##### Thu May 22 04:38:15 2003



##### CONVERGE ##### Thu May 22 04:39:17 2003

Elapsed time: 62 seconds
Total loop: 108 generations

Result : 188.412

27 2 29 47 46 39 16 13 41 35 7 44 43 20 24 21 53 17 33 34 40 18 37 38 10 12 5 45 54 8 25 28 30 15 50 32 22 11 1 31 51 52 26 49 42 48 3 14 6 36 4 23 19 9 

 27 2 29 47 46 39	 => 190
 16 39 46 13 41 35	 => 190
 7 35 41 44 43 20	 => 190
 29 24 21 53 17 47	 => 191
 46 47 17 33 34 13	 => 190
 41 13 34 40 18 44	 => 190
 43 44 18 37 38 10	 => 190
 21 12 5 45 54 53	 => 190
 17 53 54 8 25 33	 => 190
 34 33 25 28 30 40	 => 190
 18 40 30 15 50 37	 => 190
 38 37 50 32 22 11	 => 190
 54 45 1 31 51 8	 => 190
 25 8 51 52 26 28	 => 190
 30 28 26 49 42 15	 => 190
 50 15 42 48 3 32	 => 190
 51 31 14 6 36 52	 => 190
 26 52 36 4 23 49	 => 190
 42 49 23 19 9 48	 => 190


===================[TEST 19]===================

##### START ##### Thu May 22 04:39:17 2003



##### CONVERGE ##### Thu May 22 04:40:39 2003

Elapsed time: 82 seconds
Total loop: 144 generations

Result : 187.64

14 5 33 51 40 47 1 19 52 31 21 54 26 6 3 37 48 18 38 24 25 16 49 42 2 9 17 45 34 22 30 23 50 15 35 36 8 20 4 46 39 44 32 29 41 53 10 11 7 43 13 28 12 27 

 14 5 33 51 40 47	 => 190
 1 47 40 19 52 31	 => 190
 21 31 52 54 26 6	 => 190
 33 3 37 48 18 51	 => 190
 40 51 18 38 24 19	 => 190
 52 19 24 25 16 54	 => 190
 26 54 16 49 42 2	 => 189
 37 9 17 45 34 48	 => 190
 18 48 34 22 30 38	 => 190
 24 38 30 23 50 25	 => 190
 16 25 50 15 35 49	 => 190
 42 49 35 36 8 20	 => 190
 34 45 4 46 39 22	 => 190
 30 22 39 44 32 23	 => 190
 50 23 32 29 41 15	 => 190
 35 15 41 53 10 36	 => 190
 39 46 11 7 43 44	 => 190
 32 44 43 13 28 29	 => 189
 41 29 28 12 27 53	 => 190


===================[TEST 20]===================

##### START ##### Thu May 22 04:40:39 2003



##### CONVERGE ##### Thu May 22 04:41:44 2003

Elapsed time: 65 seconds
Total loop: 113 generations

Result : 188.412

13 9 34 49 52 33 3 23 54 25 26 44 35 6 1 41 53 12 32 22 27 20 46 24 21 7 2 40 47 15 31 50 28 19 51 29 30 10 5 45 38 48 8 42 43 37 11 4 16 39 17 36 18 14 

 13 9 34 49 52 33	 => 190
 3 33 52 23 54 25	 => 190
 26 25 54 44 35 6	 => 190
 34 1 41 53 12 49	 => 190
 52 49 12 32 22 23	 => 190
 54 23 22 27 20 44	 => 190
 35 44 20 46 24 21	 => 190
 41 7 2 40 47 53	 => 190
 12 53 47 15 31 32	 => 190
 22 32 31 50 28 27	 => 190
 20 27 28 19 51 46	 => 191
 24 46 51 29 30 10	 => 190
 47 40 5 45 38 15	 => 190
 31 15 38 48 8 50	 => 190
 28 50 8 42 43 19	 => 190
 51 19 43 37 11 29	 => 190
 38 45 4 16 39 48	 => 190
 8 48 39 17 36 42	 => 190
 43 42 36 18 14 37	 => 190


===================[TEST 21]===================

##### START ##### Thu May 22 04:41:44 2003



##### CONVERGE ##### Thu May 22 04:42:57 2003

Elapsed time: 73 seconds
Total loop: 128 generations

Result : 187.616

28 5 33 43 52 29 3 26 45 34 6 53 39 13 18 44 41 11 35 23 27 16 54 21 7 4 14 36 51 10 42 38 25 22 46 30 24 15 12 50 31 49 20 48 37 47 8 2 19 40 1 32 9 17 

 28 5 33 43 52 29	 => 190
 3 29 52 26 45 34	 => 189
 6 34 45 53 39 13	 => 190
 33 18 44 41 11 43	 => 190
 52 43 11 35 23 26	 => 190
 45 26 23 27 16 53	 => 190
 39 53 16 54 21 7	 => 190
 44 4 14 36 51 41	 => 190
 11 41 51 10 42 35	 => 190
 23 35 42 38 25 27	 => 190
 16 27 25 22 46 54	 => 190
 21 54 46 30 24 15	 => 190
 51 36 12 50 31 10	 => 190
 42 10 31 49 20 38	 => 190
 25 38 20 48 37 22	 => 190
 46 22 37 47 8 30	 => 190
 31 50 2 19 40 49	 => 191
 20 49 40 1 32 48	 => 190
 37 48 32 9 17 47	 => 190


===================[TEST 22]===================

##### START ##### Thu May 22 04:42:57 2003



##### CONVERGE ##### Thu May 22 04:44:04 2003

Elapsed time: 67 seconds
Total loop: 117 generations

Result : 186.85

11 27 24 52 35 40 16 20 30 48 26 54 17 14 9 39 53 12 32 38 33 15 51 50 2 6 5 41 45 28 19 44 23 18 49 31 1 7 3 29 43 34 21 47 36 42 13 22 25 37 4 46 10 8 

 11 27 24 52 35 40	 => 189
 16 40 35 20 30 48	 => 189
 26 48 30 54 17 14	 => 189
 24 9 39 53 12 52	 => 189
 35 52 12 32 38 20	 => 189
 30 20 38 33 15 54	 => 190
 17 54 15 51 50 2	 => 189
 39 6 5 41 45 53	 => 189
 12 53 45 28 19 32	 => 189
 38 32 19 44 23 33	 => 189
 15 33 23 18 49 51	 => 189
 50 51 49 31 1 7	 => 189
 45 41 3 29 43 28	 => 189
 19 28 43 34 21 44	 => 189
 23 44 21 47 36 18	 => 189
 49 18 36 42 13 31	 => 189
 43 29 22 25 37 34	 => 190
 21 34 37 4 46 47	 => 189
 36 47 46 10 8 42	 => 189


===================[TEST 23]===================

##### START ##### Thu May 22 04:44:04 2003



##### CONVERGE ##### Thu May 22 04:45:26 2003

Elapsed time: 82 seconds
Total loop: 144 generations

Result : 188.306

26 1 20 50 54 39 4 18 48 27 17 33 42 23 7 45 49 19 24 25 44 21 36 52 6 2 3 38 53 16 29 37 31 15 43 41 5 13 8 35 40 46 22 51 34 47 10 11 28 30 9 32 12 14 

 26 1 20 50 54 39	 => 190
 4 39 54 18 48 27	 => 190
 17 27 48 33 42 23	 => 190
 20 7 45 49 19 50	 => 190
 54 50 19 24 25 18	 => 190
 48 18 25 44 21 33	 => 189
 42 33 21 36 52 6	 => 190
 45 2 3 38 53 49	 => 190
 19 49 53 16 29 24	 => 190
 25 24 29 37 31 44	 => 190
 21 44 31 15 43 36	 => 190
 52 36 43 41 5 13	 => 190
 53 38 8 35 40 16	 => 190
 29 16 40 46 22 37	 => 190
 31 37 22 51 34 15	 => 190
 43 15 34 47 10 41	 => 190
 40 35 11 28 30 46	 => 190
 22 46 30 9 32 51	 => 190
 34 51 32 12 14 47	 => 190


===================[TEST 24]===================

##### START ##### Thu May 22 04:45:26 2003



##### CONVERGE ##### Thu May 22 04:46:41 2003

Elapsed time: 75 seconds
Total loop: 130 generations

Result : 188.306

22 8 35 48 46 31 12 10 37 54 7 53 30 9 3 36 44 24 20 42 27 21 25 47 14 4 18 43 45 19 38 23 40 26 51 49 13 5 2 39 41 52 17 50 34 29 1 11 15 32 6 33 16 28 

 22 8 35 48 46 31	 => 190
 12 31 46 10 37 54	 => 190
 7 54 37 53 30 9	 => 190
 35 3 36 44 24 48	 => 190
 46 48 24 20 42 10	 => 190
 37 10 42 27 21 53	 => 190
 30 53 21 25 47 14	 => 190
 36 4 18 43 45 44	 => 190
 24 44 45 19 38 20	 => 190
 42 20 38 23 40 27	 => 190
 21 27 40 26 51 25	 => 190
 47 25 51 49 13 5	 => 190
 45 43 2 39 41 19	 => 189
 38 19 41 52 17 23	 => 190
 40 23 17 50 34 26	 => 190
 51 26 34 29 1 49	 => 190
 41 39 11 15 32 52	 => 190
 17 52 32 6 33 50	 => 190
 34 50 33 16 28 29	 => 190


===================[TEST 25]===================

##### START ##### Thu May 22 04:46:41 2003



##### CONVERGE ##### Thu May 22 04:48:15 2003

Elapsed time: 94 seconds
Total loop: 165 generations

Result : 188.306

11 26 27 53 41 32 13 18 52 34 5 39 37 23 1 30 51 28 21 29 44 8 42 45 19 12 10 38 49 6 35 25 36 14 46 31 24 2 3 40 54 50 20 48 47 43 9 17 7 22 16 33 4 15 

 11 26 27 53 41 32	 => 190
 13 32 41 18 52 34	 => 190
 5 34 52 39 37 23	 => 190
 27 1 30 51 28 53	 => 190
 41 53 28 21 29 18	 => 190
 52 18 29 44 8 39	 => 190
 37 39 8 42 45 19	 => 190
 30 12 10 38 49 51	 => 190
 28 51 49 6 35 21	 => 190
 29 21 35 25 36 44	 => 190
 8 44 36 14 46 42	 => 190
 45 42 46 31 24 2	 => 190
 49 38 3 40 54 6	 => 190
 35 6 54 50 20 25	 => 190
 36 25 20 48 47 14	 => 190
 46 14 47 43 9 31	 => 190
 54 40 17 7 22 50	 => 190
 20 50 22 16 33 48	 => 189
 47 48 33 4 15 43	 => 190


===================[TEST 26]===================

##### START ##### Thu May 22 04:48:15 2003



##### CONVERGE ##### Thu May 22 04:49:57 2003

Elapsed time: 102 seconds
Total loop: 178 generations

Result : 188.412

9 11 34 48 45 43 10 28 27 37 17 51 36 22 6 54 41 7 32 30 25 29 46 24 4 14 2 26 53 19 38 42 23 15 52 31 21 16 13 39 40 33 18 49 44 47 1 8 20 50 5 35 3 12 

 9 11 34 48 45 43	 => 190
 10 43 45 28 27 37	 => 190
 17 37 27 51 36 22	 => 190
 34 6 54 41 7 48	 => 190
 45 48 7 32 30 28	 => 190
 27 28 30 25 29 51	 => 190
 36 51 29 46 24 4	 => 190
 54 14 2 26 53 41	 => 190
 7 41 53 19 38 32	 => 190
 30 32 38 42 23 25	 => 190
 29 25 23 15 52 46	 => 190
 24 46 52 31 21 16	 => 190
 53 26 13 39 40 19	 => 190
 38 19 40 33 18 42	 => 190
 23 42 18 49 44 15	 => 191
 52 15 44 47 1 31	 => 190
 40 39 8 20 50 33	 => 190
 18 33 50 5 35 49	 => 190
 44 49 35 3 12 47	 => 190


===================[TEST 27]===================

##### START ##### Thu May 22 04:49:57 2003



##### CONVERGE ##### Thu May 22 04:51:30 2003

Elapsed time: 93 seconds
Total loop: 164 generations

Result : 188.412

4 13 41 34 47 51 1 10 52 29 12 30 44 23 7 33 49 26 28 45 31 22 54 35 5 9 8 43 48 14 25 42 19 18 46 38 2 15 3 32 50 39 21 37 53 24 11 27 6 36 17 40 16 20 

 4 13 41 34 47 51	 => 190
 1 51 47 10 52 29	 => 190
 12 29 52 30 44 23	 => 190
 41 7 33 49 26 34	 => 190
 47 34 26 28 45 10	 => 190
 52 10 45 31 22 30	 => 190
 44 30 22 54 35 5	 => 190
 33 9 8 43 48 49	 => 190
 26 49 48 14 25 28	 => 190
 45 28 25 42 19 31	 => 190
 22 31 19 18 46 54	 => 190
 35 54 46 38 2 15	 => 190
 48 43 3 32 50 14	 => 190
 25 14 50 39 21 42	 => 191
 19 42 21 37 53 18	 => 190
 46 18 53 24 11 38	 => 190
 50 32 27 6 36 39	 => 190
 21 39 36 17 40 37	 => 190
 53 37 40 16 20 24	 => 190


===================[TEST 28]===================

##### START ##### Thu May 22 04:51:30 2003



##### CONVERGE ##### Thu May 22 04:52:31 2003

Elapsed time: 61 seconds
Total loop: 107 generations

Result : 187.85

16 10 47 35 51 31 2 24 34 48 15 27 54 12 5 46 49 9 26 45 38 22 42 41 4 8 7 30 50 20 37 19 25 23 40 29 21 17 1 36 53 33 28 43 52 32 14 18 11 39 3 44 13 6 

 16 10 47 35 51 31	 => 190
 2 31 51 24 34 48	 => 190
 15 48 34 27 54 12	 => 190
 47 5 46 49 9 35	 => 191
 51 35 9 26 45 24	 => 190
 34 24 45 38 22 27	 => 190
 54 27 22 42 41 4	 => 190
 46 8 7 30 50 49	 => 190
 9 49 50 20 37 26	 => 191
 45 26 37 19 25 38	 => 190
 22 38 25 23 40 42	 => 190
 41 42 40 29 21 17	 => 190
 50 30 1 36 53 20	 => 190
 37 20 53 33 28 19	 => 190
 25 19 28 43 52 23	 => 190
 40 23 52 32 14 29	 => 190
 53 36 18 11 39 33	 => 190
 28 33 39 3 44 43	 => 190
 52 43 44 13 6 32	 => 190


===================[TEST 29]===================

##### START ##### Thu May 22 04:52:31 2003



##### CONVERGE ##### Thu May 22 04:53:59 2003

Elapsed time: 88 seconds
Total loop: 153 generations

Result : 187.85

4 20 43 48 40 35 6 19 53 37 3 50 33 14 1 25 47 26 29 28 22 18 46 34 9 27 15 44 32 11 45 31 36 17 51 38 16 5 2 52 49 41 13 54 39 24 21 7 12 30 10 42 23 8 

 4 20 43 48 40 35	 => 190
 6 35 40 19 53 37	 => 190
 3 37 53 50 33 14	 => 190
 43 1 25 47 26 48	 => 190
 40 48 26 29 28 19	 => 190
 53 19 28 22 18 50	 => 190
 33 50 18 46 34 9	 => 190
 25 27 15 44 32 47	 => 190
 26 47 32 11 45 29	 => 190
 28 29 45 31 36 22	 => 191
 18 22 36 17 51 46	 => 190
 34 46 51 38 16 5	 => 190
 32 44 2 52 49 11	 => 190
 45 11 49 41 13 31	 => 190
 36 31 13 54 39 17	 => 190
 51 17 39 24 21 38	 => 190
 49 52 7 12 30 41	 => 191
 13 41 30 10 42 54	 => 190
 39 54 42 23 8 24	 => 190


===================[TEST 30]===================

##### START ##### Thu May 22 04:53:59 2003



##### CONVERGE ##### Thu May 22 04:55:17 2003

Elapsed time: 78 seconds
Total loop: 136 generations

Result : 188.412

4 15 33 42 49 47 2 20 41 31 6 54 45 13 7 40 51 17 32 30 29 16 50 24 1 8 9 36 46 23 21 53 25 18 52 27 11 26 3 48 35 44 14 43 37 34 22 5 19 39 12 38 10 28 

 4 15 33 42 49 47	 => 190
 2 47 49 20 41 31	 => 190
 6 31 41 54 45 13	 => 190
 33 7 40 51 17 42	 => 190
 49 42 17 32 30 20	 => 190
 41 20 30 29 16 54	 => 190
 45 54 16 50 24 1	 => 190
 40 8 9 36 46 51	 => 190
 17 51 46 23 21 32	 => 190
 30 32 21 53 25 29	 => 190
 16 29 25 18 52 50	 => 190
 24 50 52 27 11 26	 => 190
 46 36 3 48 35 23	 => 191
 21 23 35 44 14 53	 => 190
 25 53 14 43 37 18	 => 190
 52 18 37 34 22 27	 => 190
 35 48 5 19 39 44	 => 190
 14 44 39 12 38 43	 => 190
 37 43 38 10 28 34	 => 190


===================[TEST 31]===================

##### START ##### Thu May 22 04:55:17 2003



##### CONVERGE ##### Thu May 22 04:56:43 2003

Elapsed time: 86 seconds
Total loop: 151 generations

Result : 188.412

7 4 49 31 46 53 1 23 52 15 20 43 50 10 2 38 45 25 36 30 26 16 51 27 3 14 9 47 37 13 34 29 35 21 41 44 19 8 6 33 54 42 18 48 39 40 5 12 17 32 22 28 24 11 

 7 4 49 31 46 53	 => 190
 1 53 46 23 52 15	 => 190
 20 15 52 43 50 10	 => 190
 49 2 38 45 25 31	 => 190
 46 31 25 36 30 23	 => 191
 52 23 30 26 16 43	 => 190
 50 43 16 51 27 3	 => 190
 38 14 9 47 37 45	 => 190
 25 45 37 13 34 36	 => 190
 30 36 34 29 35 26	 => 190
 16 26 35 21 41 51	 => 190
 27 51 41 44 19 8	 => 190
 37 47 6 33 54 13	 => 190
 34 13 54 42 18 29	 => 190
 35 29 18 48 39 21	 => 190
 41 21 39 40 5 44	 => 190
 54 33 12 17 32 42	 => 190
 18 42 32 22 28 48	 => 190
 39 48 28 24 11 40	 => 190

11 1 24 51 54 44 5 6 46 30 13 43 45 8 22 23 49 16 19 39 25 26 15 52 4 3 29 28 53 21 27 38 37 35 47 40 14 17 2 31 50 42 7 48 20 33 10 32 12 18 36 34 9 41 

 11 1 24 51 54 44	 => 185
 5 44 54 6 46 30	 => 185
 13 30 46 43 45 8	 => 185
 24 22 23 49 16 51	 => 185
 54 51 16 19 39 6	 => 185
 46 6 39 25 26 43	 => 185
 45 43 26 15 52 4	 => 185
 23 3 29 28 53 49	 => 185
 16 49 53 21 27 19	 => 185
 39 19 27 38 37 25	 => 185
 26 25 37 35 47 15	 => 185
 52 15 47 40 14 17	 => 185
 53 28 2 31 50 21	 => 185
 27 21 50 42 7 38	 => 185
 37 38 7 48 20 35	 => 185
 47 35 20 33 10 40	 => 185
 50 31 32 12 18 42	 => 185
 7 42 18 36 34 48	 => 185
 20 48 34 9 41 33	 => 185


===================[TEST 32]===================

##### START ##### Thu May 22 04:56:43 2003



##### CONVERGE ##### Thu May 22 04:57:51 2003

Elapsed time: 68 seconds
Total loop: 118 generations

Result : 187.501

14 18 32 48 45 34 2 25 44 40 1 52 35 19 12 31 50 17 26 30 24 15 39 42 7 22 5 36 47 23 28 33 49 10 54 27 21 8 3 29 53 38 16 37 46 41 13 9 11 51 6 43 20 4 

 14 18 32 48 45 34	 => 191
 2 34 45 25 44 40	 => 190
 1 40 44 52 35 19	 => 191
 32 12 31 50 17 48	 => 190
 45 48 17 26 30 25	 => 191
 44 25 30 24 15 52	 => 190
 35 52 15 39 42 7	 => 190
 31 22 5 36 47 50	 => 191
 17 50 47 23 28 26	 => 191
 30 26 28 33 49 24	 => 190
 15 24 49 10 54 39	 => 191
 42 39 54 27 21 8	 => 191
 47 36 3 29 53 23	 => 191
 28 23 53 38 16 33	 => 191
 49 33 16 37 46 10	 => 191
 54 10 46 41 13 27	 => 191
 53 29 9 11 51 38	 => 191
 16 38 51 6 43 37	 => 191
 46 37 43 20 4 41	 => 191


===================[TEST 33]===================

##### START ##### Thu May 22 04:57:51 2003



##### CONVERGE ##### Thu May 22 04:59:03 2003

Elapsed time: 72 seconds
Total loop: 126 generations

Result : 188.412

23 1 51 37 49 29 9 28 45 30 17 40 54 4 8 34 42 18 36 22 41 14 52 27 3 7 24 35 48 25 21 38 32 13 39 46 11 15 6 33 43 53 10 50 47 26 19 12 5 44 2 31 16 20 

 23 1 51 37 49 29	 => 190
 9 29 49 28 45 30	 => 190
 17 30 45 40 54 4	 => 190
 51 8 34 42 18 37	 => 190
 49 37 18 36 22 28	 => 190
 45 28 22 41 14 40	 => 190
 54 40 14 52 27 3	 => 190
 34 7 24 35 48 42	 => 190
 18 42 48 25 21 36	 => 190
 22 36 21 38 32 41	 => 190
 14 41 32 13 39 52	 => 191
 27 52 39 46 11 15	 => 190
 48 35 6 33 43 25	 => 190
 21 25 43 53 10 38	 => 190
 32 38 10 50 47 13	 => 190
 39 13 47 26 19 46	 => 190
 43 33 12 5 44 53	 => 190
 10 53 44 2 31 50	 => 190
 47 50 31 16 20 26	 => 190


===================[TEST 34]===================

##### START ##### Thu May 22 04:59:03 2003



##### CONVERGE ##### Thu May 22 04:59:54 2003

Elapsed time: 51 seconds
Total loop: 90 generations

Result : 186.85

10 19 33 44 45 38 1 32 30 43 24 51 26 15 20 25 54 13 34 22 42 12 50 39 11 2 31 41 36 23 29 35 27 21 37 48 9 6 3 40 46 52 4 53 49 18 16 7 17 28 5 47 8 14 

 10 19 33 44 45 38	 => 189
 1 38 45 32 30 43	 => 189
 24 43 30 51 26 15	 => 189
 33 20 25 54 13 44	 => 189
 45 44 13 34 22 32	 => 190
 30 32 22 42 12 51	 => 189
 26 51 12 50 39 11	 => 189
 25 2 31 41 36 54	 => 189
 13 54 36 23 29 34	 => 189
 22 34 29 35 27 42	 => 189
 12 42 27 21 37 50	 => 189
 39 50 37 48 9 6	 => 189
 36 41 3 40 46 23	 => 189
 29 23 46 52 4 35	 => 189
 27 35 4 53 49 21	 => 189
 37 21 49 18 16 48	 => 189
 46 40 7 17 28 52	 => 190
 4 52 28 5 47 53	 => 189
 49 53 47 8 14 18	 => 189


===================[TEST 35]===================

##### START ##### Thu May 22 04:59:54 2003



##### CONVERGE ##### Thu May 22 05:00:38 2003

Elapsed time: 44 seconds
Total loop: 76 generations

Result : 186.306

20 6 37 41 53 31 8 28 36 32 12 50 45 13 11 54 35 10 47 9 48 17 39 33 4 26 1 23 49 18 29 30 25 15 44 51 14 7 3 43 52 24 34 46 38 21 19 5 22 42 2 40 27 16 

 20 6 37 41 53 31	 => 188
 8 31 53 28 36 32	 => 188
 12 32 36 50 45 13	 => 188
 37 11 54 35 10 41	 => 188
 53 41 10 47 9 28	 => 188
 36 28 9 48 17 50	 => 188
 45 50 17 39 33 4	 => 188
 54 26 1 23 49 35	 => 188
 10 35 49 18 29 47	 => 188
 9 47 29 30 25 48	 => 188
 17 48 25 15 44 39	 => 188
 33 39 44 51 14 7	 => 188
 49 23 3 43 52 18	 => 188
 29 18 52 24 34 30	 => 187
 25 30 34 46 38 15	 => 188
 44 15 38 21 19 51	 => 188
 52 43 5 22 42 24	 => 188
 34 24 42 2 40 46	 => 188
 38 46 40 27 16 21	 => 188


===================[TEST 36]===================

##### START ##### Thu May 22 05:00:38 2003



##### CONVERGE ##### Thu May 22 05:01:58 2003

Elapsed time: 80 seconds
Total loop: 140 generations

Result : 188.412

19 18 24 51 29 49 6 31 47 28 15 46 44 10 9 35 54 17 40 22 36 8 48 43 1 21 3 38 39 13 27 32 33 20 45 37 5 12 7 52 41 53 25 30 50 34 4 2 16 26 14 42 23 11 

 19 18 24 51 29 49	 => 190
 6 49 29 31 47 28	 => 190
 15 28 47 46 44 10	 => 190
 24 9 35 54 17 51	 => 190
 29 51 17 40 22 31	 => 190
 47 31 22 36 8 46	 => 190
 44 46 8 48 43 1	 => 190
 35 21 3 38 39 54	 => 190
 17 54 39 13 27 40	 => 190
 22 40 27 32 33 36	 => 190
 8 36 33 20 45 48	 => 190
 43 48 45 37 5 12	 => 190
 39 38 7 52 41 13	 => 190
 27 13 41 53 25 32	 => 191
 33 32 25 30 50 20	 => 190
 45 20 50 34 4 37	 => 190
 41 52 2 16 26 53	 => 190
 25 53 26 14 42 30	 => 190
 50 30 42 23 11 34	 => 190


===================[TEST 37]===================

##### START ##### Thu May 22 05:01:58 2003



##### CONVERGE ##### Thu May 22 05:03:23 2003

Elapsed time: 85 seconds
Total loop: 149 generations

Result : 187.64

9 6 40 49 54 32 7 5 46 45 12 53 29 4 3 31 44 23 24 35 38 13 51 28 16 20 8 39 48 30 21 47 25 11 52 41 1 17 2 37 34 36 22 42 43 33 10 18 15 50 14 26 27 19 

 9 6 40 49 54 32	 => 190
 7 32 54 5 46 45	 => 189
 12 45 46 53 29 4	 => 189
 40 3 31 44 23 49	 => 190
 54 49 23 24 35 5	 => 190
 46 5 35 38 13 53	 => 190
 29 53 13 51 28 16	 => 190
 31 20 8 39 48 44	 => 190
 23 44 48 30 21 24	 => 190
 35 24 21 47 25 38	 => 190
 13 38 25 11 52 51	 => 190
 28 51 52 41 1 17	 => 190
 48 39 2 37 34 30	 => 190
 21 30 34 36 22 47	 => 190
 25 47 22 42 43 11	 => 190
 52 11 43 33 10 41	 => 190
 34 37 18 15 50 36	 => 190
 22 36 50 14 26 42	 => 190
 43 42 26 27 19 33	 => 190


===================[TEST 38]===================

##### START ##### Thu May 22 05:03:23 2003



##### CONVERGE ##### Thu May 22 05:04:54 2003

Elapsed time: 91 seconds
Total loop: 159 generations

Result : 188.163

5 4 38 46 50 48 6 13 47 27 24 54 30 9 1 39 44 23 28 31 26 20 43 37 7 18 12 25 53 14 29 36 40 10 52 45 3 11 17 32 49 42 21 51 33 35 16 8 19 41 2 34 22 15 

 5 4 38 46 50 48	 => 191
 6 48 50 13 47 27	 => 191
 24 27 47 54 30 9	 => 191
 38 1 39 44 23 46	 => 191
 50 46 23 28 31 13	 => 191
 47 13 31 26 20 54	 => 191
 30 54 20 43 37 7	 => 191
 39 18 12 25 53 44	 => 191
 23 44 53 14 29 28	 => 191
 31 28 29 36 40 26	 => 190
 20 26 40 10 52 43	 => 191
 37 43 52 45 3 11	 => 191
 53 25 17 32 49 14	 => 190
 29 14 49 42 21 36	 => 191
 40 36 21 51 33 10	 => 191
 52 10 33 35 16 45	 => 191
 49 32 8 19 41 42	 => 191
 21 42 41 2 34 51	 => 191
 33 51 34 22 15 35	 => 190


===================[TEST 39]===================

##### START ##### Thu May 22 05:04:54 2003



##### CONVERGE ##### Thu May 22 05:05:47 2003

Elapsed time: 53 seconds
Total loop: 94 generations

Result : 187.85

1 24 33 47 52 34 17 6 46 36 25 49 21 13 2 32 50 26 28 31 42 16 54 39 11 4 10 53 41 23 22 38 29 9 40 35 8 14 3 27 43 45 19 44 51 48 7 18 20 37 15 30 5 12 

 1 24 33 47 52 34	 => 191
 17 34 52 6 46 36	 => 191
 25 36 46 49 21 13	 => 190
 33 2 32 50 26 47	 => 190
 52 47 26 28 31 6	 => 190
 46 6 31 42 16 49	 => 190
 21 49 16 54 39 11	 => 190
 32 4 10 53 41 50	 => 190
 26 50 41 23 22 28	 => 190
 31 28 22 38 29 42	 => 190
 16 42 29 9 40 54	 => 190
 39 54 40 35 8 14	 => 190
 41 53 3 27 43 23	 => 190
 22 23 43 45 19 38	 => 190
 29 38 19 44 51 9	 => 190
 40 9 51 48 7 35	 => 190
 43 27 18 20 37 45	 => 190
 19 45 37 15 30 44	 => 190
 51 44 30 5 12 48	 => 190


===================[TEST 40]===================

##### START ##### Thu May 22 05:05:47 2003



##### CONVERGE ##### Thu May 22 05:07:02 2003

Elapsed time: 75 seconds
Total loop: 131 generations

Result : 187.64

29 5 44 52 36 24 20 14 53 43 7 41 34 11 2 26 47 19 31 37 33 12 49 46 8 16 28 25 48 23 22 27 40 18 38 30 21 6 1 39 54 51 13 42 50 45 9 10 4 32 17 35 15 3 

 29 5 44 52 36 24	 => 190
 20 24 36 14 53 43	 => 190
 7 43 53 41 34 11	 => 189
 44 2 26 47 19 52	 => 190
 36 52 19 31 37 14	 => 189
 53 14 37 33 12 41	 => 190
 34 41 12 49 46 8	 => 190
 26 16 28 25 48 47	 => 190
 19 47 48 23 22 31	 => 190
 37 31 22 27 40 33	 => 190
 12 33 40 18 38 49	 => 190
 46 49 38 30 21 6	 => 190
 48 25 1 39 54 23	 => 190
 22 23 54 51 13 27	 => 190
 40 27 13 42 50 18	 => 190
 38 18 50 45 9 30	 => 190
 54 39 10 4 32 51	 => 190
 13 51 32 17 35 42	 => 190
 50 42 35 15 3 45	 => 190


===================[TEST 41]===================

##### START ##### Thu May 22 05:07:02 2003



##### CONVERGE ##### Thu May 22 05:08:19 2003

Elapsed time: 77 seconds
Total loop: 135 generations

Result : 187.85

13 20 26 44 40 47 1 31 34 37 5 51 42 21 16 52 46 6 39 30 33 11 45 38 3 7 4 28 54 10 35 24 29 19 53 23 17 14 8 41 49 48 25 43 50 36 9 2 18 32 15 27 12 22 

 13 20 26 44 40 47	 => 190
 1 47 40 31 34 37	 => 190
 5 37 34 51 42 21	 => 190
 26 16 52 46 6 44	 => 190
 40 44 6 39 30 31	 => 190
 34 31 30 33 11 51	 => 190
 42 51 11 45 38 3	 => 190
 52 7 4 28 54 46	 => 191
 6 46 54 10 35 39	 => 190
 30 39 35 24 29 33	 => 190
 11 33 29 19 53 45	 => 190
 38 45 53 23 17 14	 => 190
 54 28 8 41 49 10	 => 190
 35 10 49 48 25 24	 => 191
 29 24 25 43 50 19	 => 190
 53 19 50 36 9 23	 => 190
 49 41 2 18 32 48	 => 190
 25 48 32 15 27 43	 => 190
 50 43 27 12 22 36	 => 190


===================[TEST 42]===================

##### START ##### Thu May 22 05:08:19 2003



##### CONVERGE ##### Thu May 22 05:09:45 2003

Elapsed time: 86 seconds
Total loop: 149 generations

Result : 188.412

32 1 29 40 43 45 5 11 51 35 4 49 27 24 19 52 36 15 42 39 23 17 53 34 10 8 21 26 47 20 30 31 25 18 54 28 7 14 3 48 46 41 22 50 44 33 13 12 6 37 2 38 9 16 

 32 1 29 40 43 45	 => 190
 5 45 43 11 51 35	 => 190
 4 35 51 49 27 24	 => 190
 29 19 52 36 15 40	 => 191
 43 40 15 42 39 11	 => 190
 51 11 39 23 17 49	 => 190
 27 49 17 53 34 10	 => 190
 52 8 21 26 47 36	 => 190
 15 36 47 20 30 42	 => 190
 39 42 30 31 25 23	 => 190
 17 23 25 18 54 53	 => 190
 34 53 54 28 7 14	 => 190
 47 26 3 48 46 20	 => 190
 30 20 46 41 22 31	 => 190
 25 31 22 50 44 18	 => 190
 54 18 44 33 13 28	 => 190
 46 48 12 6 37 41	 => 190
 22 41 37 2 38 50	 => 190
 44 50 38 9 16 33	 => 190


===================[TEST 43]===================

##### START ##### Thu May 22 05:09:45 2003



##### CONVERGE ##### Thu May 22 05:11:17 2003

Elapsed time: 92 seconds
Total loop: 160 generations

Result : 187.158

17 12 39 34 43 45 2 10 40 49 6 46 38 11 13 36 47 21 29 53 25 16 48 41 1 8 18 30 51 19 24 32 28 23 50 33 14 4 3 52 35 54 26 44 37 42 5 7 22 20 15 31 27 9 

 17 12 39 34 43 45	 => 190
 2 45 43 10 40 49	 => 189
 6 49 40 46 38 11	 => 190
 39 13 36 47 21 34	 => 190
 43 34 21 29 53 10	 => 190
 40 10 53 25 16 46	 => 190
 38 46 16 48 41 1	 => 190
 36 8 18 30 51 47	 => 190
 21 47 51 19 24 29	 => 191
 53 29 24 32 28 25	 => 191
 16 25 28 23 50 48	 => 190
 41 48 50 33 14 4	 => 190
 51 30 3 52 35 19	 => 190
 24 19 35 54 26 32	 => 190
 28 32 26 44 37 23	 => 190
 50 23 37 42 5 33	 => 190
 35 52 7 22 20 54	 => 190
 26 54 20 15 31 44	 => 190
 37 44 31 27 9 42	 => 190


===================[TEST 44]===================

##### START ##### Thu May 22 05:11:17 2003



##### CONVERGE ##### Thu May 22 05:12:15 2003

Elapsed time: 58 seconds
Total loop: 102 generations

Result : 186.478

31 2 30 49 45 32 13 20 43 36 25 28 38 19 3 47 54 6 35 34 41 23 50 40 10 8 11 24 46 26 22 42 15 21 39 33 12 16 4 52 37 48 14 53 44 51 1 17 9 27 18 29 7 5 

 31 2 30 49 45 32	 => 189
 13 32 45 20 43 36	 => 189
 25 36 43 28 38 19	 => 189
 30 3 47 54 6 49	 => 189
 45 49 6 35 34 20	 => 189
 43 20 34 41 23 28	 => 189
 38 28 23 50 40 10	 => 189
 47 8 11 24 46 54	 => 190
 6 54 46 26 22 35	 => 189
 34 35 22 42 15 41	 => 189
 23 41 15 21 39 50	 => 189
 40 50 39 33 12 16	 => 190
 46 24 4 52 37 26	 => 189
 22 26 37 48 14 42	 => 189
 15 42 14 53 44 21	 => 189
 39 21 44 51 1 33	 => 189
 37 52 17 9 27 48	 => 190
 14 48 27 18 29 53	 => 189
 44 53 29 7 5 51	 => 189


===================[TEST 45]===================

##### START ##### Thu May 22 05:12:15 2003



##### CONVERGE ##### Thu May 22 05:13:48 2003

Elapsed time: 93 seconds
Total loop: 162 generations

Result : 187.85

23 7 30 49 48 33 5 13 52 39 16 50 22 11 2 51 44 14 42 24 32 19 54 36 9 15 1 45 34 31 26 37 29 17 40 38 4 18 6 27 47 41 8 53 46 28 21 12 20 43 10 35 25 3 

 23 7 30 49 48 33	 => 190
 5 33 48 13 52 39	 => 190
 16 39 52 50 22 11	 => 190
 30 2 51 44 14 49	 => 190
 48 49 14 42 24 13	 => 190
 52 13 24 32 19 50	 => 190
 22 50 19 54 36 9	 => 190
 51 15 1 45 34 44	 => 190
 14 44 34 31 26 42	 => 191
 24 42 26 37 29 32	 => 190
 19 32 29 17 40 54	 => 191
 36 54 40 38 4 18	 => 190
 34 45 6 27 47 31	 => 190
 26 31 47 41 8 37	 => 190
 29 37 8 53 46 17	 => 190
 40 17 46 28 21 38	 => 190
 47 27 12 20 43 41	 => 190
 8 41 43 10 35 53	 => 190
 46 53 35 25 3 28	 => 190


===================[TEST 46]===================

##### START ##### Thu May 22 05:13:48 2003



##### CONVERGE ##### Thu May 22 05:15:09 2003

Elapsed time: 81 seconds
Total loop: 140 generations

Result : 187.794

2 16 43 44 37 49 9 15 54 27 3 39 46 22 1 30 51 21 32 42 28 13 52 36 4 25 14 26 45 18 24 33 31 19 48 29 20 6 10 38 53 40 23 35 50 34 11 7 12 41 5 47 8 17 

 2 16 43 44 37 49	 => 191
 9 49 37 15 54 27	 => 191
 3 27 54 39 46 22	 => 191
 43 1 30 51 21 44	 => 190
 37 44 21 32 42 15	 => 191
 54 15 42 28 13 39	 => 191
 46 39 13 52 36 4	 => 190
 30 25 14 26 45 51	 => 191
 21 51 45 18 24 32	 => 191
 42 32 24 33 31 28	 => 190
 13 28 31 19 48 52	 => 191
 36 52 48 29 20 6	 => 191
 45 26 10 38 53 18	 => 190
 24 18 53 40 23 33	 => 191
 31 33 23 35 50 19	 => 191
 48 19 50 34 11 29	 => 191
 53 38 7 12 41 40	 => 191
 23 40 41 5 47 35	 => 191
 50 35 47 8 17 34	 => 191


===================[TEST 47]===================

##### START ##### Thu May 22 05:15:09 2003



##### CONVERGE ##### Thu May 22 05:16:07 2003

Elapsed time: 58 seconds
Total loop: 101 generations

Result : 188.306

19 16 44 31 47 33 2 11 46 51 7 41 42 3 9 24 54 28 30 43 35 14 50 39 4 12 13 38 49 6 23 34 25 29 37 32 15 17 18 27 52 53 21 45 36 48 8 22 10 26 5 40 20 1 

 19 16 44 31 47 33	 => 190
 2 33 47 11 46 51	 => 190
 7 51 46 41 42 3	 => 190
 44 9 24 54 28 31	 => 190
 47 31 28 30 43 11	 => 190
 46 11 43 35 14 41	 => 190
 42 41 14 50 39 4	 => 190
 24 12 13 38 49 54	 => 190
 28 54 49 6 23 30	 => 190
 43 30 23 34 25 35	 => 190
 14 35 25 29 37 50	 => 190
 39 50 37 32 15 17	 => 190
 49 38 18 27 52 6	 => 190
 23 6 52 53 21 34	 => 189
 25 34 21 45 36 29	 => 190
 37 29 36 48 8 32	 => 190
 52 27 22 10 26 53	 => 190
 21 53 26 5 40 45	 => 190
 36 45 40 20 1 48	 => 190


===================[TEST 48]===================

##### START ##### Thu May 22 05:16:07 2003



##### CONVERGE ##### Thu May 22 05:17:00 2003

Elapsed time: 53 seconds
Total loop: 93 generations

Result : 188.412

9 3 43 49 34 52 14 13 53 24 10 54 28 21 4 39 32 23 35 36 27 7 51 29 22 26 11 37 45 25 30 18 44 20 41 46 8 15 2 33 48 50 19 47 42 40 1 16 12 31 5 38 6 17 

 9 3 43 49 34 52	 => 190
 14 52 34 13 53 24	 => 190
 10 24 53 54 28 21	 => 190
 43 4 39 32 23 49	 => 190
 34 49 23 35 36 13	 => 190
 53 13 36 27 7 54	 => 190
 28 54 7 51 29 22	 => 191
 39 26 11 37 45 32	 => 190
 23 32 45 25 30 35	 => 190
 36 35 30 18 44 27	 => 190
 7 27 44 20 41 51	 => 190
 29 51 41 46 8 15	 => 190
 45 37 2 33 48 25	 => 190
 30 25 48 50 19 18	 => 190
 44 18 19 47 42 20	 => 190
 41 20 42 40 1 46	 => 190
 48 33 16 12 31 50	 => 190
 19 50 31 5 38 47	 => 190
 42 47 38 6 17 40	 => 190


===================[TEST 49]===================

##### START ##### Thu May 22 05:17:00 2003



##### CONVERGE ##### Thu May 22 05:18:22 2003

Elapsed time: 82 seconds
Total loop: 144 generations

Result : 187.64

15 6 52 49 44 24 11 18 50 43 9 38 31 19 1 41 42 5 51 23 39 22 47 48 3 21 7 33 46 26 20 27 30 17 35 37 10 13 8 40 36 53 28 34 54 45 2 4 25 32 14 29 16 12 

 15 6 52 49 44 24	 => 190
 11 24 44 18 50 43	 => 190
 9 43 50 38 31 19	 => 190
 52 1 41 42 5 49	 => 190
 44 49 5 51 23 18	 => 190
 50 18 23 39 22 38	 => 190
 31 38 22 47 48 3	 => 189
 41 21 7 33 46 42	 => 190
 5 42 46 26 20 51	 => 190
 23 51 20 27 30 39	 => 190
 22 39 30 17 35 47	 => 190
 48 47 35 37 10 13	 => 190
 46 33 8 40 36 26	 => 189
 20 26 36 53 28 27	 => 190
 30 27 28 34 54 17	 => 190
 35 17 54 45 2 37	 => 190
 36 40 4 25 32 53	 => 190
 28 53 32 14 29 34	 => 190
 54 34 29 16 12 45	 => 190


===================[TEST 50]===================

##### START ##### Thu May 22 05:18:22 2003



##### CONVERGE ##### Thu May 22 05:19:30 2003

Elapsed time: 68 seconds
Total loop: 118 generations

Result : 187.163

7 12 39 53 45 34 1 29 30 51 19 46 41 3 2 33 50 13 22 28 32 25 44 24 10 6 8 40 52 15 38 43 26 14 49 35 18 20 16 31 36 47 11 42 54 21 17 23 4 48 5 37 9 27 

 7 12 39 53 45 34	 => 190
 1 34 45 29 30 51	 => 190
 19 51 30 46 41 3	 => 190
 39 2 33 50 13 53	 => 190
 45 53 13 22 28 29	 => 190
 30 29 28 32 25 46	 => 190
 41 46 25 44 24 10	 => 190
 33 6 8 40 52 50	 => 189
 13 50 52 15 38 22	 => 190
 28 22 38 43 26 32	 => 189
 25 32 26 14 49 44	 => 190
 24 44 49 35 18 20	 => 190
 52 40 16 31 36 15	 => 190
 38 15 36 47 11 43	 => 190
 26 43 11 42 54 14	 => 190
 49 14 54 21 17 35	 => 190
 36 31 23 4 48 47	 => 189
 11 47 48 5 37 42	 => 190
 54 42 37 9 27 21	 => 190


===================[TEST 51]===================

##### START ##### Thu May 22 05:19:30 2003



##### CONVERGE ##### Thu May 22 05:20:48 2003

Elapsed time: 78 seconds
Total loop: 137 generations

Result : 187.794

21 6 37 41 51 35 10 9 54 32 20 52 31 2 8 45 38 22 40 28 25 23 46 27 12 7 14 36 50 11 30 39 29 15 53 33 18 13 1 44 49 43 19 42 47 26 17 4 16 34 5 48 24 3 

 21 6 37 41 51 35	 => 191
 10 35 51 9 54 32	 => 191
 20 32 54 52 31 2	 => 191
 37 8 45 38 22 41	 => 191
 51 41 22 40 28 9	 => 191
 54 9 28 25 23 52	 => 191
 31 52 23 46 27 12	 => 191
 45 7 14 36 50 38	 => 190
 22 38 50 11 30 40	 => 191
 28 40 30 39 29 25	 => 191
 23 25 29 15 53 46	 => 191
 27 46 53 33 18 13	 => 190
 50 36 1 44 49 11	 => 191
 30 11 49 43 19 39	 => 191
 29 39 19 42 47 15	 => 191
 53 15 47 26 17 33	 => 191
 49 44 4 16 34 43	 => 190
 19 43 34 5 48 42	 => 191
 47 42 48 24 3 26	 => 190


===================[TEST 52]===================

##### START ##### Thu May 22 05:20:48 2003



##### CONVERGE ##### Thu May 22 05:21:47 2003

Elapsed time: 59 seconds
Total loop: 103 generations

Result (Solution) : 189

20 15 29 54 49 22 14 21 40 43 18 53 26 9 6 31 44 25 27 13 28 34 36 32 8 12 10 50 42 5 46 37 38 23 30 51 16 24 4 41 47 35 19 33 39 45 1 11 7 48 2 52 3 17 

 20 15 29 54 49 22	 => 189
 14 22 49 21 40 43	 => 189
 18 43 40 53 26 9	 => 189
 29 6 31 44 25 54	 => 189
 49 54 25 27 13 21	 => 189
 40 21 13 28 34 53	 => 189
 26 53 34 36 32 8	 => 189
 31 12 10 50 42 44	 => 189
 25 44 42 5 46 27	 => 189
 13 27 46 37 38 28	 => 189
 34 28 38 23 30 36	 => 189
 32 36 30 51 16 24	 => 189
 42 50 4 41 47 5	 => 189
 46 5 47 35 19 37	 => 189
 38 37 19 33 39 23	 => 189
 30 23 39 45 1 51	 => 189
 47 41 11 7 48 35	 => 189
 19 35 48 2 52 33	 => 189
 39 33 52 3 17 45	 => 189


===================[TEST 53]===================

##### START ##### Thu May 22 05:21:47 2003



##### CONVERGE ##### Thu May 22 05:23:15 2003

Elapsed time: 88 seconds
Total loop: 154 generations

Result : 188.412

2 20 49 45 44 30 9 24 51 32 11 42 47 7 1 39 48 8 43 27 33 13 35 50 3 22 5 36 40 25 26 23 38 19 52 28 10 15 6 37 46 54 16 41 53 21 17 18 4 31 14 34 29 12 

 2 20 49 45 44 30	 => 190
 9 30 44 24 51 32	 => 190
 11 32 51 42 47 7	 => 190
 49 1 39 48 8 45	 => 190
 44 45 8 43 27 24	 => 191
 51 24 27 33 13 42	 => 190
 47 42 13 35 50 3	 => 190
 39 22 5 36 40 48	 => 190
 8 48 40 25 26 43	 => 190
 27 43 26 23 38 33	 => 190
 13 33 38 19 52 35	 => 190
 50 35 52 28 10 15	 => 190
 40 36 6 37 46 25	 => 190
 26 25 46 54 16 23	 => 190
 38 23 16 41 53 19	 => 190
 52 19 53 21 17 28	 => 190
 46 37 18 4 31 54	 => 190
 16 54 31 14 34 41	 => 190
 53 41 34 29 12 21	 => 190


===================[TEST 54]===================

##### START ##### Thu May 22 05:23:15 2003



##### CONVERGE ##### Thu May 22 05:24:59 2003

Elapsed time: 104 seconds
Total loop: 182 generations

Result : 187.794

13 7 28 53 54 35 6 12 52 32 10 49 44 4 2 38 50 20 25 27 29 22 30 36 9 14 17 34 37 16 43 26 41 23 46 42 15 21 18 39 47 40 19 51 31 48 1 8 24 33 3 45 5 11 

 13 7 28 53 54 35	 => 190
 6 35 54 12 52 32	 => 191
 10 32 52 49 44 4	 => 191
 28 2 38 50 20 53	 => 191
 54 53 20 25 27 12	 => 191
 52 12 27 29 22 49	 => 191
 44 49 22 30 36 9	 => 190
 38 14 17 34 37 50	 => 190
 20 50 37 16 43 25	 => 191
 27 25 43 26 41 29	 => 191
 22 29 41 23 46 30	 => 191
 36 30 46 42 15 21	 => 190
 37 34 18 39 47 16	 => 191
 43 16 47 40 19 26	 => 191
 41 26 19 51 31 23	 => 191
 46 23 31 48 1 42	 => 191
 47 39 8 24 33 40	 => 191
 19 40 33 3 45 51	 => 191
 31 51 45 5 11 48	 => 191


===================[TEST 55]===================

##### START ##### Thu May 22 05:24:59 2003



##### CONVERGE ##### Thu May 22 05:25:41 2003

Elapsed time: 42 seconds
Total loop: 73 generations

Result : 187.306

23 15 47 30 52 22 4 8 53 50 13 44 26 3 2 48 35 27 39 33 32 19 54 41 5 17 12 28 49 20 18 38 29 9 46 24 14 10 1 40 51 37 25 45 43 31 36 11 16 34 6 42 21 7 

 23 15 47 30 52 22	 => 189
 4 22 52 8 53 50	 => 189
 13 50 53 44 26 3	 => 189
 47 2 48 35 27 30	 => 189
 52 30 27 39 33 8	 => 189
 53 8 33 32 19 44	 => 189
 26 44 19 54 41 5	 => 189
 48 17 12 28 49 35	 => 189
 27 35 49 20 18 39	 => 188
 33 39 18 38 29 32	 => 189
 19 32 29 9 46 54	 => 189
 41 54 46 24 14 10	 => 189
 49 28 1 40 51 20	 => 189
 18 20 51 37 25 38	 => 189
 29 38 25 45 43 9	 => 189
 46 9 43 31 36 24	 => 189
 51 40 11 16 34 37	 => 189
 25 37 34 6 42 45	 => 189
 43 45 42 21 7 31	 => 189


===================[TEST 56]===================

##### START ##### Thu May 22 05:25:41 2003



##### CONVERGE ##### Thu May 22 05:27:02 2003

Elapsed time: 81 seconds
Total loop: 143 generations

Result : 188.306

6 26 31 37 54 36 5 10 47 38 4 49 33 19 2 52 39 29 20 40 32 12 48 34 14 7 22 27 43 15 44 24 30 23 45 28 18 17 13 42 50 41 16 46 51 35 8 1 3 53 9 25 11 21 

 6 26 31 37 54 36	 => 190
 5 36 54 10 47 38	 => 190
 4 38 47 49 33 19	 => 190
 31 2 52 39 29 37	 => 190
 54 37 29 20 40 10	 => 190
 47 10 40 32 12 49	 => 190
 33 49 12 48 34 14	 => 190
 52 7 22 27 43 39	 => 190
 29 39 43 15 44 20	 => 190
 40 20 44 24 30 32	 => 190
 12 32 30 23 45 48	 => 190
 34 48 45 28 18 17	 => 190
 43 27 13 42 50 15	 => 190
 44 15 50 41 16 24	 => 190
 30 24 16 46 51 23	 => 190
 45 23 51 35 8 28	 => 190
 50 42 1 3 53 41	 => 190
 16 41 53 9 25 46	 => 190
 51 46 25 11 21 35	 => 189


===================[TEST 57]===================

##### START ##### Thu May 22 05:27:02 2003



##### CONVERGE ##### Thu May 22 05:28:05 2003

Elapsed time: 63 seconds
Total loop: 110 generations

Result : 187.85

19 13 39 44 46 29 10 6 51 48 8 43 40 1 2 34 54 17 28 49 27 14 53 35 5 22 4 31 45 23 24 25 37 33 26 41 15 20 3 38 50 52 16 32 47 36 7 11 9 30 18 42 12 21 

 19 13 39 44 46 29	 => 190
 10 29 46 6 51 48	 => 190
 8 48 51 43 40 1	 => 191
 39 2 34 54 17 44	 => 190
 46 44 17 28 49 6	 => 190
 51 6 49 27 14 43	 => 190
 40 43 14 53 35 5	 => 190
 34 22 4 31 45 54	 => 190
 17 54 45 23 24 28	 => 191
 49 28 24 25 37 27	 => 190
 14 27 37 33 26 53	 => 190
 35 53 26 41 15 20	 => 190
 45 31 3 38 50 23	 => 190
 24 23 50 52 16 25	 => 190
 37 25 16 32 47 33	 => 190
 26 33 47 36 7 41	 => 190
 50 38 11 9 30 52	 => 190
 16 52 30 18 42 32	 => 190
 47 32 42 12 21 36	 => 190


===================[TEST 58]===================

##### START ##### Thu May 22 05:28:05 2003



##### CONVERGE ##### Thu May 22 05:29:33 2003

Elapsed time: 88 seconds
Total loop: 153 generations

Result : 188.163

20 19 32 41 40 39 1 22 54 35 3 33 53 13 14 37 51 16 27 45 28 9 52 42 2 11 15 34 43 23 31 30 29 24 49 36 5 6 17 26 48 47 12 46 50 25 7 21 10 38 4 44 8 18 

 20 19 32 41 40 39	 => 191
 1 39 40 22 54 35	 => 191
 3 35 54 33 53 13	 => 191
 32 14 37 51 16 41	 => 191
 40 41 16 27 45 22	 => 191
 54 22 45 28 9 33	 => 191
 53 33 9 52 42 2	 => 191
 37 11 15 34 43 51	 => 191
 16 51 43 23 31 27	 => 191
 45 27 31 30 29 28	 => 190
 9 28 29 24 49 52	 => 191
 42 52 49 36 5 6	 => 190
 43 34 17 26 48 23	 => 191
 31 23 48 47 12 30	 => 191
 29 30 12 46 50 24	 => 191
 49 24 50 25 7 36	 => 191
 48 26 21 10 38 47	 => 190
 12 47 38 4 44 46	 => 191
 50 46 44 8 18 25	 => 191


===================[TEST 59]===================

##### START ##### Thu May 22 05:29:33 2003



##### CONVERGE ##### Thu May 22 05:30:49 2003

Elapsed time: 76 seconds
Total loop: 133 generations

Result : 187.64

5 8 50 41 53 33 3 15 54 32 10 44 34 16 1 43 31 24 40 17 35 25 51 29 7 4 26 46 39 18 37 38 23 14 42 45 21 2 11 28 48 30 19 47 49 27 13 20 12 52 6 36 22 9 

 5 8 50 41 53 33	 => 190
 3 33 53 15 54 32	 => 190
 10 32 54 44 34 16	 => 190
 50 1 43 31 24 41	 => 190
 53 41 24 40 17 15	 => 190
 54 15 17 35 25 44	 => 190
 34 44 25 51 29 7	 => 190
 43 4 26 46 39 31	 => 189
 24 31 39 18 37 40	 => 189
 17 40 37 38 23 35	 => 190
 25 35 23 14 42 51	 => 190
 29 51 42 45 21 2	 => 190
 39 46 11 28 48 18	 => 190
 37 18 48 30 19 38	 => 190
 23 38 19 47 49 14	 => 190
 42 14 49 27 13 45	 => 190
 48 28 20 12 52 30	 => 190
 19 30 52 6 36 47	 => 190
 49 47 36 22 9 27	 => 190


===================[TEST 60]===================

##### START ##### Thu May 22 05:30:49 2003



##### CONVERGE ##### Thu May 22 05:31:42 2003

Elapsed time: 53 seconds
Total loop: 94 generations

Result : 187.306

12 1 50 32 51 43 7 26 45 17 37 54 34 2 15 41 40 11 42 27 21 16 46 35 4 6 19 30 53 18 25 38 36 22 48 28 9 23 8 31 49 39 20 44 29 52 10 13 24 33 5 47 3 14 

 12 1 50 32 51 43	 => 189
 7 43 51 26 45 17	 => 189
 37 17 45 54 34 2	 => 189
 50 15 41 40 11 32	 => 189
 51 32 11 42 27 26	 => 189
 45 26 27 21 16 54	 => 189
 34 54 16 46 35 4	 => 189
 41 6 19 30 53 40	 => 189
 11 40 53 18 25 42	 => 189
 27 42 25 38 36 21	 => 189
 16 21 36 22 48 46	 => 189
 35 46 48 28 9 23	 => 189
 53 30 8 31 49 18	 => 189
 25 18 49 39 20 38	 => 189
 36 38 20 44 29 22	 => 189
 48 22 29 52 10 28	 => 189
 49 31 13 24 33 39	 => 189
 20 39 33 5 47 44	 => 188
 29 44 47 3 14 52	 => 189


===================[TEST 61]===================

##### START ##### Thu May 22 05:31:42 2003



##### CONVERGE ##### Thu May 22 05:32:54 2003

Elapsed time: 72 seconds
Total loop: 127 generations

Result : 187.64

19 8 46 28 54 35 4 24 34 39 14 43 50 10 1 52 40 23 20 41 29 18 42 32 5 6 3 44 45 25 37 30 33 16 51 31 13 21 2 36 38 49 11 47 53 22 17 12 7 48 9 26 27 15 

 19 8 46 28 54 35	 => 190
 4 35 54 24 34 39	 => 190
 14 39 34 43 50 10	 => 190
 46 1 52 40 23 28	 => 190
 54 28 23 20 41 24	 => 190
 34 24 41 29 18 43	 => 189
 50 43 18 42 32 5	 => 190
 52 6 3 44 45 40	 => 190
 23 40 45 25 37 20	 => 190
 41 20 37 30 33 29	 => 190
 18 29 33 16 51 42	 => 189
 32 42 51 31 13 21	 => 190
 45 44 2 36 38 25	 => 190
 37 25 38 49 11 30	 => 190
 33 30 11 47 53 16	 => 190
 51 16 53 22 17 31	 => 190
 38 36 12 7 48 49	 => 190
 11 49 48 9 26 47	 => 190
 53 47 26 27 15 22	 => 190


===================[TEST 62]===================

##### START ##### Thu May 22 05:32:54 2003



##### CONVERGE ##### Thu May 22 05:34:01 2003

Elapsed time: 67 seconds
Total loop: 116 generations

Result : 187.501

20 8 42 46 49 26 1 19 52 44 10 54 28 3 7 45 29 22 32 23 31 12 38 43 16 25 6 37 48 24 36 27 41 18 51 33 15 11 2 39 40 47 17 53 35 50 4 21 13 30 9 34 14 5 

 20 8 42 46 49 26	 => 191
 1 26 49 19 52 44	 => 191
 10 44 52 54 28 3	 => 191
 42 7 45 29 22 46	 => 191
 49 46 22 32 23 19	 => 191
 52 19 23 31 12 54	 => 191
 28 54 12 38 43 16	 => 191
 45 25 6 37 48 29	 => 190
 22 29 48 24 36 32	 => 191
 23 32 36 27 41 31	 => 190
 12 31 41 18 51 38	 => 191
 43 38 51 33 15 11	 => 191
 48 37 2 39 40 24	 => 190
 36 24 40 47 17 27	 => 191
 41 27 17 53 35 18	 => 191
 51 18 35 50 4 33	 => 191
 40 39 21 13 30 47	 => 190
 17 47 30 9 34 53	 => 190
 35 53 34 14 5 50	 => 191


===================[TEST 63]===================

##### START ##### Thu May 22 05:34:01 2003



##### CONVERGE ##### Thu May 22 05:35:06 2003

Elapsed time: 65 seconds
Total loop: 114 generations

Result : 187.85

27 5 26 52 39 41 12 15 51 32 6 38 49 14 7 42 45 18 35 31 34 21 53 19 10 11 13 30 50 17 25 29 36 3 43 46 9 20 8 37 48 47 24 44 54 28 16 22 4 33 2 40 1 23 

 27 5 26 52 39 41	 => 190
 12 41 39 15 51 32	 => 190
 6 32 51 38 49 14	 => 190
 26 7 42 45 18 52	 => 190
 39 52 18 35 31 15	 => 190
 51 15 31 34 21 38	 => 190
 49 38 21 53 19 10	 => 190
 42 11 13 30 50 45	 => 191
 18 45 50 17 25 35	 => 190
 31 35 25 29 36 34	 => 190
 21 34 36 3 43 53	 => 190
 19 53 43 46 9 20	 => 190
 50 30 8 37 48 17	 => 190
 25 17 48 47 24 29	 => 190
 36 29 24 44 54 3	 => 190
 43 3 54 28 16 46	 => 190
 48 37 22 4 33 47	 => 191
 24 47 33 2 40 44	 => 190
 54 44 40 1 23 28	 => 190


===================[TEST 64]===================

##### START ##### Thu May 22 05:35:06 2003



##### CONVERGE ##### Thu May 22 05:36:16 2003

Elapsed time: 70 seconds
Total loop: 123 generations

Result : 187.64

20 5 46 39 45 35 2 23 36 49 12 43 32 18 1 38 47 19 34 29 33 26 51 31 7 17 13 22 53 15 21 48 25 14 41 54 10 3 4 44 52 30 24 37 42 28 11 16 8 40 9 50 27 6 

 20 5 46 39 45 35	 => 190
 2 35 45 23 36 49	 => 190
 12 49 36 43 32 18	 => 190
 46 1 38 47 19 39	 => 190
 45 39 19 34 29 23	 => 189
 36 23 29 33 26 43	 => 190
 32 43 26 51 31 7	 => 190
 38 17 13 22 53 47	 => 190
 19 47 53 15 21 34	 => 189
 29 34 21 48 25 33	 => 190
 26 33 25 14 41 51	 => 190
 31 51 41 54 10 3	 => 190
 53 22 4 44 52 15	 => 190
 21 15 52 30 24 48	 => 190
 25 48 24 37 42 14	 => 190
 41 14 42 28 11 54	 => 190
 52 44 16 8 40 30	 => 190
 24 30 40 9 50 37	 => 190
 42 37 50 27 6 28	 => 190


===================[TEST 65]===================

##### START ##### Thu May 22 05:36:16 2003



##### CONVERGE ##### Thu May 22 05:37:25 2003

Elapsed time: 69 seconds
Total loop: 119 generations

Result : 187.85

13 10 38 54 53 22 24 6 52 33 17 46 31 11 16 23 47 12 29 36 37 14 43 49 7 5 30 34 51 25 27 26 35 21 40 39 4 15 2 28 50 44 18 42 48 41 1 20 3 45 9 32 8 19 

 13 10 38 54 53 22	 => 190
 24 22 53 6 52 33	 => 190
 17 33 52 46 31 11	 => 190
 38 16 23 47 12 54	 => 190
 53 54 12 29 36 6	 => 190
 52 6 36 37 14 46	 => 191
 31 46 14 43 49 7	 => 190
 23 5 30 34 51 47	 => 190
 12 47 51 25 27 29	 => 191
 36 29 27 26 35 37	 => 190
 14 37 35 21 40 43	 => 190
 49 43 40 39 4 15	 => 190
 51 34 2 28 50 25	 => 190
 27 25 50 44 18 26	 => 190
 35 26 18 42 48 21	 => 190
 40 21 48 41 1 39	 => 190
 50 28 20 3 45 44	 => 190
 18 44 45 9 32 42	 => 190
 48 42 32 8 19 41	 => 190


===================[TEST 66]===================

##### START ##### Thu May 22 05:37:25 2003



##### CONVERGE ##### Thu May 22 05:38:23 2003

Elapsed time: 58 seconds
Total loop: 102 generations

Result : 188.306

2 1 51 48 42 46 8 15 47 32 5 41 45 20 3 21 43 24 28 33 29 25 44 31 4 9 13 50 54 6 35 38 27 16 49 26 22 18 17 23 40 52 19 37 53 39 7 30 10 34 12 36 11 14 

 2 1 51 48 42 46	 => 190
 8 46 42 15 47 32	 => 190
 5 32 47 41 45 20	 => 190
 51 3 21 43 24 48	 => 190
 42 48 24 28 33 15	 => 190
 47 15 33 29 25 41	 => 190
 45 41 25 44 31 4	 => 190
 21 9 13 50 54 43	 => 190
 24 43 54 6 35 28	 => 190
 33 28 35 38 27 29	 => 190
 25 29 27 16 49 44	 => 190
 31 44 49 26 22 18	 => 190
 54 50 17 23 40 6	 => 190
 35 6 40 52 19 38	 => 190
 27 38 19 37 53 16	 => 190
 49 16 53 39 7 26	 => 190
 40 23 30 10 34 52	 => 189
 19 52 34 12 36 37	 => 190
 53 37 36 11 14 39	 => 190


===================[TEST 67]===================

##### START ##### Thu May 22 05:38:23 2003



##### CONVERGE ##### Thu May 22 05:39:18 2003

Elapsed time: 55 seconds
Total loop: 95 generations

Result : 187.64

8 9 36 49 53 35 1 22 42 37 24 54 30 3 14 29 47 15 32 19 41 12 44 39 11 18 16 34 46 17 33 27 38 4 51 28 2 26 10 40 43 50 20 48 52 31 23 7 5 45 6 21 13 25 

 8 9 36 49 53 35	 => 190
 1 35 53 22 42 37	 => 190
 24 37 42 54 30 3	 => 190
 36 14 29 47 15 49	 => 190
 53 49 15 32 19 22	 => 190
 42 22 19 41 12 54	 => 190
 30 54 12 44 39 11	 => 190
 29 18 16 34 46 47	 => 190
 15 47 46 17 33 32	 => 190
 19 32 33 27 38 41	 => 190
 12 41 38 4 51 44	 => 190
 39 44 51 28 2 26	 => 190
 46 34 10 40 43 17	 => 190
 33 17 43 50 20 27	 => 190
 38 27 20 48 52 4	 => 189
 51 4 52 31 23 28	 => 189
 43 40 7 5 45 50	 => 190
 20 50 45 6 21 48	 => 190
 52 48 21 13 25 31	 => 190


===================[TEST 68]===================

##### START ##### Thu May 22 05:39:18 2003



##### CONVERGE ##### Thu May 22 05:40:35 2003

Elapsed time: 77 seconds
Total loop: 135 generations

Result : 187.412

10 24 30 49 25 51 17 16 35 45 5 54 43 7 1 39 33 38 29 32 44 8 40 31 13 18 12 37 50 19 20 23 41 3 53 42 2 21 4 27 52 47 28 48 46 36 9 14 15 34 6 26 22 11 

 10 24 30 49 25 51	 => 189
 17 51 25 16 35 45	 => 189
 5 45 35 54 43 7	 => 189
 30 1 39 33 38 49	 => 190
 25 49 38 29 32 16	 => 189
 35 16 32 44 8 54	 => 189
 43 54 8 40 31 13	 => 189
 39 18 12 37 50 33	 => 189
 38 33 50 19 20 29	 => 189
 32 29 20 23 41 44	 => 189
 8 44 41 3 53 40	 => 189
 31 40 53 42 2 21	 => 189
 50 37 4 27 52 19	 => 189
 20 19 52 47 28 23	 => 189
 41 23 28 48 46 3	 => 189
 53 3 46 36 9 42	 => 189
 52 27 14 15 34 47	 => 189
 28 47 34 6 26 48	 => 189
 46 48 26 22 11 36	 => 189


===================[TEST 69]===================

##### START ##### Thu May 22 05:40:35 2003



##### CONVERGE ##### Thu May 22 05:41:20 2003

Elapsed time: 45 seconds
Total loop: 78 generations

Result : 187.64

2 18 50 45 49 26 9 13 46 47 8 44 21 24 3 22 53 17 28 38 33 16 52 37 20 7 25 43 40 23 29 34 27 30 32 42 12 15 1 35 48 41 14 54 31 51 4 19 11 36 6 39 5 10 

 2 18 50 45 49 26	 => 190
 9 26 49 13 46 47	 => 190
 8 47 46 44 21 24	 => 190
 50 3 22 53 17 45	 => 190
 49 45 17 28 38 13	 => 190
 46 13 38 33 16 44	 => 190
 21 44 16 52 37 20	 => 190
 22 7 25 43 40 53	 => 190
 17 53 40 23 29 28	 => 190
 38 28 29 34 27 33	 => 189
 16 33 27 30 32 52	 => 190
 37 52 32 42 12 15	 => 190
 40 43 1 35 48 23	 => 190
 29 23 48 41 14 34	 => 189
 27 34 14 54 31 30	 => 190
 32 30 31 51 4 42	 => 190
 48 35 19 11 36 41	 => 190
 14 41 36 6 39 54	 => 190
 31 54 39 5 10 51	 => 190


===================[TEST 70]===================

##### START ##### Thu May 22 05:41:20 2003



##### CONVERGE ##### Thu May 22 05:42:49 2003

Elapsed time: 89 seconds
Total loop: 155 generations

Result : 188.306

19 25 27 37 53 29 4 24 44 36 11 48 42 9 20 41 51 13 32 31 17 26 34 38 2 6 3 54 35 16 43 28 39 22 52 33 18 15 12 23 50 46 7 49 45 30 8 10 21 40 1 47 5 14 

 19 25 27 37 53 29	 => 190
 4 29 53 24 44 36	 => 190
 11 36 44 48 42 9	 => 190
 27 20 41 51 13 37	 => 189
 53 37 13 32 31 24	 => 190
 44 24 31 17 26 48	 => 190
 42 48 26 34 38 2	 => 190
 41 6 3 54 35 51	 => 190
 13 51 35 16 43 32	 => 190
 31 32 43 28 39 17	 => 190
 26 17 39 22 52 34	 => 190
 38 34 52 33 18 15	 => 190
 35 54 12 23 50 16	 => 190
 43 16 50 46 7 28	 => 190
 39 28 7 49 45 22	 => 190
 52 22 45 30 8 33	 => 190
 50 23 10 21 40 46	 => 190
 7 46 40 1 47 49	 => 190
 45 49 47 5 14 30	 => 190


===================[TEST 71]===================

##### START ##### Thu May 22 05:42:49 2003



##### CONVERGE ##### Thu May 22 05:43:57 2003

Elapsed time: 68 seconds
Total loop: 118 generations

Result : 187.85

12 18 31 51 28 50 14 21 45 32 16 41 53 3 5 24 52 27 19 44 29 10 38 40 9 11 20 36 47 15 30 26 42 17 54 33 23 2 7 39 46 49 25 43 37 48 1 13 8 35 4 34 22 6 

 12 18 31 51 28 50	 => 190
 14 50 28 21 45 32	 => 190
 16 32 45 41 53 3	 => 190
 31 5 24 52 27 51	 => 190
 28 51 27 19 44 21	 => 190
 45 21 44 29 10 41	 => 190
 53 41 10 38 40 9	 => 191
 24 11 20 36 47 52	 => 190
 27 52 47 15 30 19	 => 190
 44 19 30 26 42 29	 => 190
 10 29 42 17 54 38	 => 190
 40 38 54 33 23 2	 => 190
 47 36 7 39 46 15	 => 190
 30 15 46 49 25 26	 => 191
 42 26 25 43 37 17	 => 190
 54 17 37 48 1 33	 => 190
 46 39 13 8 35 49	 => 190
 25 49 35 4 34 43	 => 190
 37 43 34 22 6 48	 => 190


===================[TEST 72]===================

##### START ##### Thu May 22 05:43:57 2003



##### CONVERGE ##### Thu May 22 05:45:12 2003

Elapsed time: 75 seconds
Total loop: 131 generations

Result : 187.616

21 6 30 43 38 52 2 17 49 32 19 47 35 7 4 45 46 22 33 37 28 12 36 50 10 1 16 42 40 24 25 41 26 34 54 23 14 13 9 31 44 53 3 48 39 29 11 15 20 27 8 51 18 5 

 21 6 30 43 38 52	 => 190
 2 52 38 17 49 32	 => 190
 19 32 49 47 35 7	 => 189
 30 4 45 46 22 43	 => 190
 38 43 22 33 37 17	 => 190
 49 17 37 28 12 47	 => 190
 35 47 12 36 50 10	 => 190
 45 1 16 42 40 46	 => 190
 22 46 40 24 25 33	 => 190
 37 33 25 41 26 28	 => 190
 12 28 26 34 54 36	 => 190
 50 36 54 23 14 13	 => 190
 40 42 9 31 44 24	 => 190
 25 24 44 53 3 41	 => 190
 26 41 3 48 39 34	 => 191
 54 34 39 29 11 23	 => 190
 44 31 15 20 27 53	 => 190
 3 53 27 8 51 48	 => 190
 39 48 51 18 5 29	 => 190


===================[TEST 73]===================

##### START ##### Thu May 22 05:45:12 2003



##### CONVERGE ##### Thu May 22 05:46:23 2003

Elapsed time: 71 seconds
Total loop: 124 generations

Result : 187.85

5 12 34 54 44 41 7 14 48 36 8 43 49 6 3 35 51 13 38 27 40 18 37 33 10 25 11 23 45 21 22 32 31 19 46 28 29 17 24 30 47 52 16 53 39 50 9 4 15 42 1 26 2 20 

 5 12 34 54 44 41	 => 190
 7 41 44 14 48 36	 => 190
 8 36 48 43 49 6	 => 190
 34 3 35 51 13 54	 => 190
 44 54 13 38 27 14	 => 190
 48 14 27 40 18 43	 => 190
 49 43 18 37 33 10	 => 190
 35 25 11 23 45 51	 => 190
 13 51 45 21 22 38	 => 190
 27 38 22 32 31 40	 => 190
 18 40 31 19 46 37	 => 191
 33 37 46 28 29 17	 => 190
 45 23 24 30 47 21	 => 190
 22 21 47 52 16 32	 => 190
 31 32 16 53 39 19	 => 190
 46 19 39 50 9 28	 => 191
 47 30 4 15 42 52	 => 190
 16 52 42 1 26 53	 => 190
 39 53 26 2 20 50	 => 190


===================[TEST 74]===================

##### START ##### Thu May 22 05:46:23 2003



##### CONVERGE ##### Thu May 22 05:47:29 2003

Elapsed time: 66 seconds
Total loop: 116 generations

Result : 187.85

27 13 44 37 49 20 1 23 51 46 8 35 48 3 4 42 53 10 33 38 29 14 54 31 9 16 6 26 47 19 28 30 32 21 40 45 2 18 5 41 52 36 25 43 39 34 11 22 15 24 12 50 7 17 

 27 13 44 37 49 20	 => 190
 1 20 49 23 51 46	 => 190
 8 46 51 35 48 3	 => 191
 44 4 42 53 10 37	 => 190
 49 37 10 33 38 23	 => 190
 51 23 38 29 14 35	 => 190
 48 35 14 54 31 9	 => 191
 42 16 6 26 47 53	 => 190
 10 53 47 19 28 33	 => 190
 38 33 28 30 32 29	 => 190
 14 29 32 21 40 54	 => 190
 31 54 40 45 2 18	 => 190
 47 26 5 41 52 19	 => 190
 28 19 52 36 25 30	 => 190
 32 30 25 43 39 21	 => 190
 40 21 39 34 11 45	 => 190
 52 41 22 15 24 36	 => 190
 25 36 24 12 50 43	 => 190
 39 43 50 7 17 34	 => 190


===================[TEST 75]===================

##### START ##### Thu May 22 05:47:29 2003



##### CONVERGE ##### Thu May 22 05:48:50 2003

Elapsed time: 81 seconds
Total loop: 140 generations

Result : 186.85

14 17 34 52 19 53 3 26 51 37 4 47 49 1 5 24 46 28 31 33 21 11 44 32 6 10 20 50 40 23 22 39 43 16 54 29 18 12 7 27 42 48 15 35 41 36 13 9 25 38 8 45 2 30 

 14 17 34 52 19 53	 => 189
 3 53 19 26 51 37	 => 189
 4 37 51 47 49 1	 => 189
 34 5 24 46 28 52	 => 189
 19 52 28 31 33 26	 => 189
 51 26 33 21 11 47	 => 189
 49 47 11 44 32 6	 => 189
 24 10 20 50 40 46	 => 190
 28 46 40 23 22 31	 => 190
 33 31 22 39 43 21	 => 189
 11 21 43 16 54 44	 => 189
 32 44 54 29 18 12	 => 189
 40 50 7 27 42 23	 => 189
 22 23 42 48 15 39	 => 189
 43 39 15 35 41 16	 => 189
 54 16 41 36 13 29	 => 189
 42 27 9 25 38 48	 => 189
 15 48 38 8 45 35	 => 189
 41 35 45 2 30 36	 => 189


===================[TEST 76]===================

##### START ##### Thu May 22 05:48:50 2003



##### CONVERGE ##### Thu May 22 05:50:07 2003

Elapsed time: 77 seconds
Total loop: 135 generations

Result : 188.412

6 3 37 49 50 45 2 9 46 38 7 51 26 22 4 52 34 14 36 32 25 27 47 31 8 5 15 41 44 29 33 40 24 19 48 30 13 21 18 35 23 54 11 43 53 28 12 16 20 42 1 39 17 10 

 6 3 37 49 50 45	 => 190
 2 45 50 9 46 38	 => 190
 7 38 46 51 26 22	 => 190
 37 4 52 34 14 49	 => 190
 50 49 14 36 32 9	 => 190
 46 9 32 25 27 51	 => 190
 26 51 27 47 31 8	 => 190
 52 5 15 41 44 34	 => 191
 14 34 44 29 33 36	 => 190
 32 36 33 40 24 25	 => 190
 27 25 24 19 48 47	 => 190
 31 47 48 30 13 21	 => 190
 44 41 18 35 23 29	 => 190
 33 29 23 54 11 40	 => 190
 24 40 11 43 53 19	 => 190
 48 19 53 28 12 30	 => 190
 23 35 16 20 42 54	 => 190
 11 54 42 1 39 43	 => 190
 53 43 39 17 10 28	 => 190


===================[TEST 77]===================

##### START ##### Thu May 22 05:50:07 2003



##### CONVERGE ##### Thu May 22 05:51:22 2003

Elapsed time: 75 seconds
Total loop: 131 generations

Result : 187.85

21 12 27 35 51 44 2 10 45 39 8 42 31 25 4 49 53 22 26 46 28 19 43 37 18 11 1 29 48 17 24 32 34 14 52 23 5 30 13 33 50 47 20 36 54 41 6 15 7 38 9 40 16 3 

 21 12 27 35 51 44	 => 190
 2 44 51 10 45 39	 => 191
 8 39 45 42 31 25	 => 190
 27 4 49 53 22 35	 => 190
 51 35 22 26 46 10	 => 190
 45 10 46 28 19 42	 => 190
 31 42 19 43 37 18	 => 190
 49 11 1 29 48 53	 => 191
 22 53 48 17 24 26	 => 190
 46 26 24 32 34 28	 => 190
 19 28 34 14 52 43	 => 190
 37 43 52 23 5 30	 => 190
 48 29 13 33 50 17	 => 190
 24 17 50 47 20 32	 => 190
 34 32 20 36 54 14	 => 190
 52 14 54 41 6 23	 => 190
 50 33 15 7 38 47	 => 190
 20 47 38 9 40 36	 => 190
 54 36 40 16 3 41	 => 190


===================[TEST 78]===================

##### START ##### Thu May 22 05:51:22 2003



##### CONVERGE ##### Thu May 22 05:52:30 2003

Elapsed time: 68 seconds
Total loop: 119 generations

Result : 187.85

17 11 47 53 38 24 16 19 52 41 15 44 37 1 5 27 45 14 35 31 34 10 50 40 9 13 25 32 48 20 28 39 23 30 43 33 18 6 12 29 49 46 8 36 54 26 4 2 22 42 7 51 3 21 

 17 11 47 53 38 24	 => 190
 16 24 38 19 52 41	 => 190
 15 41 52 44 37 1	 => 190
 47 5 27 45 14 53	 => 191
 38 53 14 35 31 19	 => 190
 52 19 31 34 10 44	 => 190
 37 44 10 50 40 9	 => 190
 27 13 25 32 48 45	 => 190
 14 45 48 20 28 35	 => 190
 31 35 28 39 23 34	 => 190
 10 34 23 30 43 50	 => 190
 40 50 43 33 18 6	 => 190
 48 32 12 29 49 20	 => 190
 28 20 49 46 8 39	 => 190
 23 39 8 36 54 30	 => 190
 43 30 54 26 4 33	 => 190
 49 29 2 22 42 46	 => 190
 8 46 42 7 51 36	 => 190
 54 36 51 3 21 26	 => 191


===================[TEST 79]===================

##### START ##### Thu May 22 05:52:30 2003



##### CONVERGE ##### Thu May 22 05:53:40 2003

Elapsed time: 70 seconds
Total loop: 122 generations

Result : 187.64

13 11 40 46 45 35 1 33 39 37 24 47 25 18 4 53 44 3 36 27 23 20 43 41 14 8 5 31 49 16 42 28 34 22 48 26 17 15 12 50 32 51 21 30 54 38 2 9 19 29 7 52 6 10 

 13 11 40 46 45 35	 => 190
 1 35 45 33 39 37	 => 190
 24 37 39 47 25 18	 => 190
 40 4 53 44 3 46	 => 190
 45 46 3 36 27 33	 => 190
 39 33 27 23 20 47	 => 189
 25 47 20 43 41 14	 => 190
 53 8 5 31 49 44	 => 190
 3 44 49 16 42 36	 => 190
 27 36 42 28 34 23	 => 190
 20 23 34 22 48 43	 => 190
 41 43 48 26 17 15	 => 190
 49 31 12 50 32 16	 => 190
 42 16 32 51 21 28	 => 190
 34 28 21 30 54 22	 => 189
 48 22 54 38 2 26	 => 190
 32 50 9 19 29 51	 => 190
 21 51 29 7 52 30	 => 190
 54 30 52 6 10 38	 => 190


===================[TEST 80]===================

##### START ##### Thu May 22 05:53:40 2003



##### CONVERGE ##### Thu May 22 05:54:47 2003

Elapsed time: 67 seconds
Total loop: 117 generations

Result : 188.412

6 11 36 53 45 39 1 20 52 33 2 51 48 4 3 44 37 17 27 28 32 7 43 31 10 5 14 41 49 22 38 35 30 24 54 21 29 12 8 23 47 40 9 42 50 26 15 16 18 46 19 34 25 13 

 6 11 36 53 45 39	 => 190
 1 39 45 20 52 33	 => 190
 2 33 52 51 48 4	 => 190
 36 3 44 37 17 53	 => 190
 45 53 17 27 28 20	 => 190
 52 20 28 32 7 51	 => 190
 48 51 7 43 31 10	 => 190
 44 5 14 41 49 37	 => 190
 17 37 49 22 38 27	 => 190
 28 27 38 35 30 32	 => 190
 7 32 30 24 54 43	 => 190
 31 43 54 21 29 12	 => 190
 49 41 8 23 47 22	 => 190
 38 22 47 40 9 35	 => 191
 30 35 9 42 50 24	 => 190
 54 24 50 26 15 21	 => 190
 47 23 16 18 46 40	 => 190
 9 40 46 19 34 42	 => 190
 50 42 34 25 13 26	 => 190


===================[TEST 81]===================

##### START ##### Thu May 22 05:54:47 2003



##### CONVERGE ##### Thu May 22 05:56:15 2003

Elapsed time: 88 seconds
Total loop: 153 generations

Result : 188.306

18 2 30 54 53 33 9 11 52 32 8 51 24 23 1 40 37 28 19 25 36 15 43 47 10 14 26 34 39 21 46 29 35 17 44 27 12 16 13 42 41 31 22 38 49 48 5 20 6 50 4 45 3 7 

 18 2 30 54 53 33	 => 190
 9 33 53 11 52 32	 => 190
 8 32 52 51 24 23	 => 190
 30 1 40 37 28 54	 => 190
 53 54 28 19 25 11	 => 190
 52 11 25 36 15 51	 => 190
 24 51 15 43 47 10	 => 190
 40 14 26 34 39 37	 => 190
 28 37 39 21 46 19	 => 190
 25 19 46 29 35 36	 => 190
 15 36 35 17 44 43	 => 190
 47 43 44 27 12 16	 => 189
 39 34 13 42 41 21	 => 190
 46 21 41 31 22 29	 => 190
 35 29 22 38 49 17	 => 190
 44 17 49 48 5 27	 => 190
 41 42 20 6 50 31	 => 190
 22 31 50 4 45 38	 => 190
 49 38 45 3 7 48	 => 190


===================[TEST 82]===================

##### START ##### Thu May 22 05:56:15 2003



##### CONVERGE ##### Thu May 22 05:57:10 2003

Elapsed time: 55 seconds
Total loop: 97 generations

Result : 187.64

11 5 36 53 51 34 9 23 54 19 16 47 35 18 1 38 52 10 22 31 29 6 48 33 21 7 3 49 41 26 39 25 44 13 50 37 2 20 4 30 40 43 17 45 46 32 12 27 8 42 15 28 24 14 

 11 5 36 53 51 34	 => 190
 9 34 51 23 54 19	 => 190
 16 19 54 47 35 18	 => 189
 36 1 38 52 10 53	 => 190
 51 53 10 22 31 23	 => 190
 54 23 31 29 6 47	 => 190
 35 47 6 48 33 21	 => 190
 38 7 3 49 41 52	 => 190
 10 52 41 26 39 22	 => 190
 31 22 39 25 44 29	 => 190
 6 29 44 13 50 48	 => 190
 33 48 50 37 2 20	 => 190
 41 49 4 30 40 26	 => 190
 39 26 40 43 17 25	 => 190
 44 25 17 45 46 13	 => 190
 50 13 46 32 12 37	 => 190
 40 30 27 8 42 43	 => 190
 17 43 42 15 28 45	 => 190
 46 45 28 24 14 32	 => 189


===================[TEST 83]===================

##### START ##### Thu May 22 05:57:10 2003



##### CONVERGE ##### Thu May 22 05:58:19 2003

Elapsed time: 69 seconds
Total loop: 121 generations

Result (Solution) : 190

18 2 36 51 49 34 6 8 46 47 1 54 28 14 5 22 52 24 38 20 41 21 35 48 4 10 27 50 29 15 32 26 33 23 37 42 17 11 12 31 53 39 25 43 40 45 3 7 16 44 9 30 19 13 

 18 2 36 51 49 34	 => 190
 6 34 49 8 46 47	 => 190
 1 47 46 54 28 14	 => 190
 36 5 22 52 24 51	 => 190
 49 51 24 38 20 8	 => 190
 46 8 20 41 21 54	 => 190
 28 54 21 35 48 4	 => 190
 22 10 27 50 29 52	 => 190
 24 52 29 15 32 38	 => 190
 20 38 32 26 33 41	 => 190
 21 41 33 23 37 35	 => 190
 48 35 37 42 17 11	 => 190
 29 50 12 31 53 15	 => 190
 32 15 53 39 25 26	 => 190
 33 26 25 43 40 23	 => 190
 37 23 40 45 3 42	 => 190
 53 31 7 16 44 39	 => 190
 25 39 44 9 30 43	 => 190
 40 43 30 19 13 45	 => 190


===================[TEST 84]===================

##### START ##### Thu May 22 05:58:19 2003



##### CONVERGE ##### Thu May 22 05:59:13 2003

Elapsed time: 54 seconds
Total loop: 95 generations

Result : 187.616

7 2 53 47 44 37 3 24 43 39 1 54 25 28 9 34 40 8 46 21 29 19 49 27 16 17 15 32 52 13 31 33 30 22 41 42 11 20 6 36 50 51 12 48 45 35 5 4 26 23 18 38 10 14 

 7 2 53 47 44 37	 => 190
 3 37 44 24 43 39	 => 190
 1 39 43 54 25 28	 => 190
 53 9 34 40 8 47	 => 191
 44 47 8 46 21 24	 => 190
 43 24 21 29 19 54	 => 190
 25 54 19 49 27 16	 => 190
 34 17 15 32 52 40	 => 190
 8 40 52 13 31 46	 => 190
 21 46 31 33 30 29	 => 190
 19 29 30 22 41 49	 => 190
 27 49 41 42 11 20	 => 190
 52 32 6 36 50 13	 => 189
 31 13 50 51 12 33	 => 190
 30 33 12 48 45 22	 => 190
 41 22 45 35 5 42	 => 190
 50 36 4 26 23 51	 => 190
 12 51 23 18 38 48	 => 190
 45 48 38 10 14 35	 => 190


===================[TEST 85]===================

##### START ##### Thu May 22 05:59:13 2003



##### CONVERGE ##### Thu May 22 06:00:18 2003

Elapsed time: 65 seconds
Total loop: 113 generations

Result : 188.412

5 33 46 30 44 32 9 16 54 35 8 45 36 12 14 42 43 15 51 34 28 13 52 41 3 20 10 38 37 17 27 24 26 21 50 25 4 18 11 40 47 53 22 48 49 39 6 2 19 29 7 31 23 1 

 5 33 46 30 44 32	 => 190
 9 32 44 16 54 35	 => 190
 8 35 54 45 36 12	 => 190
 46 14 42 43 15 30	 => 190
 44 30 15 51 34 16	 => 190
 54 16 34 28 13 45	 => 190
 36 45 13 52 41 3	 => 190
 42 20 10 38 37 43	 => 190
 15 43 37 17 27 51	 => 190
 34 51 27 24 26 28	 => 190
 13 28 26 21 50 52	 => 190
 41 52 50 25 4 18	 => 190
 37 38 11 40 47 17	 => 190
 27 17 47 53 22 24	 => 190
 26 24 22 48 49 21	 => 190
 50 21 49 39 6 25	 => 190
 47 40 2 19 29 53	 => 190
 22 53 29 7 31 48	 => 190
 49 48 31 23 1 39	 => 191


===================[TEST 86]===================

##### START ##### Thu May 22 06:00:18 2003



##### CONVERGE ##### Thu May 22 06:01:37 2003

Elapsed time: 79 seconds
Total loop: 139 generations

Result : 187.64

12 8 30 54 40 46 2 21 49 32 16 43 41 9 6 47 39 14 28 33 31 13 53 36 4 5 10 38 51 24 34 44 19 22 52 27 15 7 3 48 26 45 17 50 37 23 29 25 11 35 1 42 20 18 

 12 8 30 54 40 46	 => 190
 2 46 40 21 49 32	 => 190
 16 32 49 43 41 9	 => 190
 30 6 47 39 14 54	 => 190
 40 54 14 28 33 21	 => 190
 49 21 33 31 13 43	 => 190
 41 43 13 53 36 4	 => 190
 47 5 10 38 51 39	 => 190
 14 39 51 24 34 28	 => 190
 33 28 34 44 19 31	 => 189
 13 31 19 22 52 53	 => 190
 36 53 52 27 15 7	 => 190
 51 38 3 48 26 24	 => 190
 34 24 26 45 17 44	 => 190
 19 44 17 50 37 22	 => 189
 52 22 37 23 29 27	 => 190
 26 48 25 11 35 45	 => 190
 17 45 35 1 42 50	 => 190
 37 50 42 20 18 23	 => 190


===================[TEST 87]===================

##### START ##### Thu May 22 06:01:37 2003



##### CONVERGE ##### Thu May 22 06:02:53 2003

Elapsed time: 76 seconds
Total loop: 133 generations

Result : 187.215

5 24 54 26 53 28 2 25 51 31 19 47 32 11 9 49 37 15 42 29 20 18 50 36 7 10 14 45 35 21 40 33 27 23 52 38 6 8 12 44 34 46 16 48 43 30 4 22 3 41 1 39 13 17 

 5 24 54 26 53 28	 => 190
 2 28 53 25 51 31	 => 190
 19 31 51 47 32 11	 => 191
 54 9 49 37 15 26	 => 190
 53 26 15 42 29 25	 => 190
 51 25 29 20 18 47	 => 190
 32 47 18 50 36 7	 => 190
 49 10 14 45 35 37	 => 190
 15 37 35 21 40 42	 => 190
 29 42 40 33 27 20	 => 191
 18 20 27 23 52 50	 => 190
 36 50 52 38 6 8	 => 190
 35 45 12 44 34 21	 => 191
 40 21 34 46 16 33	 => 190
 27 33 16 48 43 23	 => 190
 52 23 43 30 4 38	 => 190
 34 44 22 3 41 46	 => 190
 16 46 41 1 39 48	 => 191
 43 48 39 13 17 30	 => 190


===================[TEST 88]===================

##### START ##### Thu May 22 06:02:53 2003



##### CONVERGE ##### Thu May 22 06:03:45 2003

Elapsed time: 52 seconds
Total loop: 90 generations

Result : 187.64

7 10 52 27 49 44 1 17 41 38 22 53 29 6 3 47 28 33 30 34 21 24 40 32 12 8 20 36 51 13 35 31 39 18 48 43 11 16 2 46 42 54 15 37 50 26 5 19 4 25 14 45 9 23 

 7 10 52 27 49 44	 => 189
 1 44 49 17 41 38	 => 190
 22 38 41 53 29 6	 => 189
 52 3 47 28 33 27	 => 190
 49 27 33 30 34 17	 => 190
 41 17 34 21 24 53	 => 190
 29 53 24 40 32 12	 => 190
 47 8 20 36 51 28	 => 190
 33 28 51 13 35 30	 => 190
 34 30 35 31 39 21	 => 190
 24 21 39 18 48 40	 => 190
 32 40 48 43 11 16	 => 190
 51 36 2 46 42 13	 => 190
 35 13 42 54 15 31	 => 190
 39 31 15 37 50 18	 => 190
 48 18 50 26 5 43	 => 190
 42 46 19 4 25 54	 => 190
 15 54 25 14 45 37	 => 190
 50 37 45 9 23 26	 => 190


===================[TEST 89]===================

##### START ##### Thu May 22 06:03:45 2003



##### CONVERGE ##### Thu May 22 06:04:42 2003

Elapsed time: 57 seconds
Total loop: 101 generations

Result : 185.9

4 32 35 51 49 19 12 26 42 41 1 54 28 23 3 39 46 15 29 20 40 7 44 36 21 8 16 33 47 25 27 30 43 18 38 48 13 10 6 34 45 53 9 52 37 31 17 22 11 24 2 50 5 14 

 4 32 35 51 49 19	 => 190
 12 19 49 26 42 41	 => 189
 1 41 42 54 28 23	 => 189
 35 3 39 46 15 51	 => 189
 49 51 15 29 20 26	 => 190
 42 26 20 40 7 54	 => 189
 28 54 7 44 36 21	 => 190
 39 8 16 33 47 46	 => 189
 15 46 47 25 27 29	 => 189
 20 29 27 30 43 40	 => 189
 7 40 43 18 38 44	 => 190
 36 44 38 48 13 10	 => 189
 47 33 6 34 45 25	 => 190
 27 25 45 53 9 30	 => 189
 43 30 9 52 37 18	 => 189
 38 18 37 31 17 48	 => 189
 45 34 22 11 24 53	 => 189
 9 53 24 2 50 52	 => 190
 37 52 50 5 14 31	 => 189


===================[TEST 90]===================

##### START ##### Thu May 22 06:04:42 2003



##### CONVERGE ##### Thu May 22 06:05:46 2003

Elapsed time: 64 seconds
Total loop: 112 generations

Result : 188.306

4 13 42 39 52 40 12 10 33 43 18 47 46 3 6 34 41 28 17 44 36 20 49 27 1 24 7 30 53 22 29 38 26 8 51 31 23 9 5 48 32 50 19 45 54 35 11 21 2 37 14 25 15 16 

 4 13 42 39 52 40	 => 190
 12 40 52 10 33 43	 => 190
 18 43 33 47 46 3	 => 190
 42 6 34 41 28 39	 => 190
 52 39 28 17 44 10	 => 190
 33 10 44 36 20 47	 => 190
 46 47 20 49 27 1	 => 190
 34 24 7 30 53 41	 => 189
 28 41 53 22 29 17	 => 190
 44 17 29 38 26 36	 => 190
 20 36 26 8 51 49	 => 190
 27 49 51 31 23 9	 => 190
 53 30 5 48 32 22	 => 190
 29 22 32 50 19 38	 => 190
 26 38 19 45 54 8	 => 190
 51 8 54 35 11 31	 => 190
 32 48 21 2 37 50	 => 190
 19 50 37 14 25 45	 => 190
 54 45 25 15 16 35	 => 190


===================[TEST 91]===================

##### START ##### Thu May 22 06:05:46 2003



##### CONVERGE ##### Thu May 22 06:07:00 2003

Elapsed time: 74 seconds
Total loop: 129 generations

Result : 188.412

19 2 53 45 38 33 20 22 36 41 10 52 35 16 7 27 44 14 37 34 21 25 51 26 1 28 6 31 54 11 30 39 29 15 49 32 24 9 4 40 50 47 13 48 46 43 5 18 12 23 17 42 3 8 

 19 2 53 45 38 33	 => 190
 20 33 38 22 36 41	 => 190
 10 41 36 52 35 16	 => 190
 53 7 27 44 14 45	 => 190
 38 45 14 37 34 22	 => 190
 36 22 34 21 25 52	 => 190
 35 52 25 51 26 1	 => 190
 27 28 6 31 54 44	 => 190
 14 44 54 11 30 37	 => 190
 34 37 30 39 29 21	 => 190
 25 21 29 15 49 51	 => 190
 26 51 49 32 24 9	 => 191
 54 31 4 40 50 11	 => 190
 30 11 50 47 13 39	 => 190
 29 39 13 48 46 15	 => 190
 49 15 46 43 5 32	 => 190
 50 40 18 12 23 47	 => 190
 13 47 23 17 42 48	 => 190
 46 48 42 3 8 43	 => 190


===================[TEST 92]===================

##### START ##### Thu May 22 06:07:00 2003



##### CONVERGE ##### Thu May 22 06:08:02 2003

Elapsed time: 62 seconds
Total loop: 108 generations

Result : 187.85

21 11 22 46 53 37 4 3 51 42 10 47 27 13 12 31 49 30 34 24 43 23 45 40 9 18 1 50 41 8 28 29 32 14 33 35 20 17 5 38 48 52 25 36 54 39 15 6 2 44 7 26 16 19 

 21 11 22 46 53 37	 => 190
 4 37 53 3 51 42	 => 190
 10 42 51 47 27 13	 => 190
 22 12 31 49 30 46	 => 190
 53 46 30 34 24 3	 => 190
 51 3 24 43 23 47	 => 191
 27 47 23 45 40 9	 => 191
 31 18 1 50 41 49	 => 190
 30 49 41 8 28 34	 => 190
 24 34 28 29 32 43	 => 190
 23 43 32 14 33 45	 => 190
 40 45 33 35 20 17	 => 190
 41 50 5 38 48 8	 => 190
 28 8 48 52 25 29	 => 190
 32 29 25 36 54 14	 => 190
 33 14 54 39 15 35	 => 190
 48 38 6 2 44 52	 => 190
 25 52 44 7 26 36	 => 190
 54 36 26 16 19 39	 => 190


===================[TEST 93]===================

##### START ##### Thu May 22 06:08:02 2003



##### CONVERGE ##### Thu May 22 06:09:42 2003

Elapsed time: 100 seconds
Total loop: 176 generations

Result : 188.306

6 24 38 41 53 28 4 17 48 40 10 54 32 5 13 29 44 25 36 18 26 27 52 23 2 14 22 47 34 21 30 49 31 12 42 39 15 19 1 50 37 33 20 35 43 51 3 16 9 45 11 46 7 8 

 6 24 38 41 53 28	 => 190
 4 28 53 17 48 40	 => 190
 10 40 48 54 32 5	 => 189
 38 13 29 44 25 41	 => 190
 53 41 25 36 18 17	 => 190
 48 17 18 26 27 54	 => 190
 32 54 27 52 23 2	 => 190
 29 14 22 47 34 44	 => 190
 25 44 34 21 30 36	 => 190
 18 36 30 49 31 26	 => 190
 27 26 31 12 42 52	 => 190
 23 52 42 39 15 19	 => 190
 34 47 1 50 37 21	 => 190
 30 21 37 33 20 49	 => 190
 31 49 20 35 43 12	 => 190
 42 12 43 51 3 39	 => 190
 37 50 16 9 45 33	 => 190
 20 33 45 11 46 35	 => 190
 43 35 46 7 8 51	 => 190


===================[TEST 94]===================

##### START ##### Thu May 22 06:09:42 2003



##### CONVERGE ##### Thu May 22 06:10:52 2003

Elapsed time: 70 seconds
Total loop: 121 generations

Result : 187.64

11 22 30 39 53 34 5 16 54 28 7 36 51 14 2 42 52 25 20 37 38 9 48 33 13 26 6 29 35 27 31 24 40 12 43 41 15 10 8 45 46 44 17 47 50 23 21 19 4 32 1 49 18 3 

 11 22 30 39 53 34	 => 189
 5 34 53 16 54 28	 => 190
 7 28 54 36 51 14	 => 190
 30 2 42 52 25 39	 => 190
 53 39 25 20 37 16	 => 190
 54 16 37 38 9 36	 => 190
 51 36 9 48 33 13	 => 190
 42 26 6 29 35 52	 => 190
 25 52 35 27 31 20	 => 190
 37 20 31 24 40 38	 => 190
 9 38 40 12 43 48	 => 190
 33 48 43 41 15 10	 => 190
 35 29 8 45 46 27	 => 190
 31 27 46 44 17 24	 => 189
 40 24 17 47 50 12	 => 190
 43 12 50 23 21 41	 => 190
 46 45 19 4 32 44	 => 190
 17 44 32 1 49 47	 => 190
 50 47 49 18 3 23	 => 190


===================[TEST 95]===================

##### START ##### Thu May 22 06:10:52 2003



##### CONVERGE ##### Thu May 22 06:12:32 2003

Elapsed time: 100 seconds
Total loop: 176 generations

Result : 187.794

22 6 31 49 53 30 12 17 44 34 24 40 42 7 15 29 54 13 32 27 47 16 39 52 2 9 10 51 38 20 33 26 25 19 45 37 14 3 4 35 43 46 23 50 48 41 1 18 21 28 8 36 11 5 

 22 6 31 49 53 30	 => 191
 12 30 53 17 44 34	 => 190
 24 34 44 40 42 7	 => 191
 31 15 29 54 13 49	 => 191
 53 49 13 32 27 17	 => 191
 44 17 27 47 16 40	 => 191
 42 40 16 39 52 2	 => 191
 29 9 10 51 38 54	 => 191
 13 54 38 20 33 32	 => 190
 27 32 33 26 25 47	 => 190
 16 47 25 19 45 39	 => 191
 52 39 45 37 14 3	 => 190
 38 51 4 35 43 20	 => 191
 33 20 43 46 23 26	 => 191
 25 26 23 50 48 19	 => 191
 45 19 48 41 1 37	 => 191
 43 35 18 21 28 46	 => 191
 23 46 28 8 36 50	 => 191
 48 50 36 11 5 41	 => 191


===================[TEST 96]===================

##### START ##### Thu May 22 06:12:32 2003



##### CONVERGE ##### Thu May 22 06:14:04 2003

Elapsed time: 92 seconds
Total loop: 160 generations

Result : 187.794

12 3 35 51 46 44 6 16 37 42 15 52 40 5 2 32 50 21 29 28 47 11 39 34 14 19 10 31 48 17 26 36 25 20 49 43 4 22 9 45 41 53 18 54 38 33 7 1 24 27 8 30 23 13 

 12 3 35 51 46 44	 => 191
 6 44 46 16 37 42	 => 191
 15 42 37 52 40 5	 => 191
 35 2 32 50 21 51	 => 191
 46 51 21 29 28 16	 => 191
 37 16 28 47 11 52	 => 191
 40 52 11 39 34 14	 => 190
 32 19 10 31 48 50	 => 190
 21 50 48 17 26 29	 => 191
 28 29 26 36 25 47	 => 191
 11 47 25 20 49 39	 => 191
 34 39 49 43 4 22	 => 191
 48 31 9 45 41 17	 => 191
 26 17 41 53 18 36	 => 191
 25 36 18 54 38 20	 => 191
 49 20 38 33 7 43	 => 190
 41 45 1 24 27 53	 => 191
 18 53 27 8 30 54	 => 190
 38 54 30 23 13 33	 => 191


===================[TEST 97]===================

##### START ##### Thu May 22 06:14:04 2003



##### CONVERGE ##### Thu May 22 06:15:12 2003

Elapsed time: 68 seconds
Total loop: 119 generations

Result : 187.85

8 19 24 53 37 50 3 21 46 33 23 36 48 4 9 29 49 26 22 31 38 18 39 47 2 1 28 30 54 14 25 42 32 12 51 27 6 20 5 35 52 41 16 45 43 40 17 11 7 44 10 34 13 15 

 8 19 24 53 37 50	 => 191
 3 50 37 21 46 33	 => 190
 23 33 46 36 48 4	 => 190
 24 9 29 49 26 53	 => 190
 37 53 26 22 31 21	 => 190
 46 21 31 38 18 36	 => 190
 48 36 18 39 47 2	 => 190
 29 1 28 30 54 49	 => 191
 26 49 54 14 25 22	 => 190
 31 22 25 42 32 38	 => 190
 18 38 32 12 51 39	 => 190
 47 39 51 27 6 20	 => 190
 54 30 5 35 52 14	 => 190
 25 14 52 41 16 42	 => 190
 32 42 16 45 43 12	 => 190
 51 12 43 40 17 27	 => 190
 52 35 11 7 44 41	 => 190
 16 41 44 10 34 45	 => 190
 43 45 34 13 15 40	 => 190


===================[TEST 98]===================

##### START ##### Thu May 22 06:15:12 2003



##### CONVERGE ##### Thu May 22 06:16:44 2003

Elapsed time: 92 seconds
Total loop: 161 generations

Result : 187.85

7 3 28 51 48 53 1 8 49 31 17 54 27 12 4 43 38 26 23 34 32 13 52 29 16 14 6 45 44 18 41 36 24 20 50 39 11 9 15 35 33 40 22 42 46 25 10 30 5 47 2 37 21 19 

 7 3 28 51 48 53	 => 190
 1 53 48 8 49 31	 => 190
 17 31 49 54 27 12	 => 190
 28 4 43 38 26 51	 => 190
 48 51 26 23 34 8	 => 190
 49 8 34 32 13 54	 => 190
 27 54 13 52 29 16	 => 191
 43 14 6 45 44 38	 => 190
 26 38 44 18 41 23	 => 190
 34 23 41 36 24 32	 => 190
 13 32 24 20 50 52	 => 191
 29 52 50 39 11 9	 => 190
 44 45 15 35 33 18	 => 190
 41 18 33 40 22 36	 => 190
 24 36 22 42 46 20	 => 190
 50 20 46 25 10 39	 => 190
 33 35 30 5 47 40	 => 190
 22 40 47 2 37 42	 => 190
 46 42 37 21 19 25	 => 190


===================[TEST 99]===================

##### START ##### Thu May 22 06:16:44 2003



##### CONVERGE ##### Thu May 22 06:18:09 2003

Elapsed time: 85 seconds
Total loop: 149 generations

Result : 187.85

5 3 45 42 46 49 2 8 47 38 7 44 37 17 1 40 51 12 34 48 28 15 52 32 10 21 13 24 41 25 27 31 22 19 54 30 6 16 4 53 43 35 29 39 50 26 11 14 9 36 18 33 20 23 

 5 3 45 42 46 49	 => 190
 2 49 46 8 47 38	 => 190
 7 38 47 44 37 17	 => 190
 45 1 40 51 12 42	 => 191
 46 42 12 34 48 8	 => 190
 47 8 48 28 15 44	 => 190
 37 44 15 52 32 10	 => 190
 40 21 13 24 41 51	 => 190
 12 51 41 25 27 34	 => 190
 48 34 27 31 22 28	 => 190
 15 28 22 19 54 52	 => 190
 32 52 54 30 6 16	 => 190
 41 24 4 53 43 25	 => 190
 27 25 43 35 29 31	 => 190
 22 31 29 39 50 19	 => 190
 54 19 50 26 11 30	 => 190
 43 53 14 9 36 35	 => 190
 29 35 36 18 33 39	 => 190
 50 39 33 20 23 26	 => 191


===================[TEST 100]===================

##### START ##### Thu May 22 06:18:09 2003



##### CONVERGE ##### Thu May 22 06:19:11 2003

Elapsed time: 62 seconds
Total loop: 109 generations

Result : 187.64

17 9 37 46 53 27 6 8 52 44 15 54 21 4 2 49 33 22 35 26 43 7 48 41 19 25 14 29 40 24 36 20 30 23 39 34 18 10 5 42 50 32 28 51 38 45 11 16 3 47 1 31 13 12 

 17 9 37 46 53 27	 => 189
 6 27 53 8 52 44	 => 190
 15 44 52 54 21 4	 => 190
 37 2 49 33 22 46	 => 189
 53 46 22 35 26 8	 => 190
 52 8 26 43 7 54	 => 190
 21 54 7 48 41 19	 => 190
 49 25 14 29 40 33	 => 190
 22 33 40 24 36 35	 => 190
 26 35 36 20 30 43	 => 190
 7 43 30 23 39 48	 => 190
 41 48 39 34 18 10	 => 190
 40 29 5 42 50 24	 => 190
 36 24 50 32 28 20	 => 190
 30 20 28 51 38 23	 => 190
 39 23 38 45 11 34	 => 190
 50 42 16 3 47 32	 => 190
 28 32 47 1 31 51	 => 190
 38 51 31 13 12 45	 => 190



test#	fitness		sum		time
---------------------------------------------------
1	187.412				71
2	187.64				91
3	188.163				97
4	188.306				86
5	187.794				87
6	188.306				57
7	188.412				85
8	187.64				92
9	187.85				53
10	188.163				92
11	187.64				65
12	190		190		115
13	188.306				85
14	187.158				68
15	187.616				75
16	187.85				68
17	187.616				94
18	188.412				62
19	187.64				82
20	188.412				65
21	187.616				73
22	186.85				67
23	188.306				82
24	188.306				75
25	188.306				94
26	188.412				102
27	188.412				93
28	187.85				61
29	187.85				88
30	188.412				78
31	188.412		185		86
32	187.501				68
33	188.412				72
34	186.85				51
35	186.306				44
36	188.412				80
37	187.64				85
38	188.163				91
39	187.85				53
40	187.64				75
41	187.85				77
42	188.412				86
43	187.158				92
44	186.478				58
45	187.85				93
46	187.794				81
47	188.306				58
48	188.412				53
49	187.64				82
50	187.163				68
51	187.794				78
52	189		189		59
53	188.412				88
54	187.794				104
55	187.306				42
56	188.306				81
57	187.85				63
58	188.163				88
59	187.64				76
60	187.306				53
61	187.64				72
62	187.501				67
63	187.85				65
64	187.64				70
65	187.85				69
66	188.306				58
67	187.64				55
68	187.412				77
69	187.64				45
70	188.306				89
71	187.85				68
72	187.616				75
73	187.85				71
74	187.85				66
75	186.85				81
76	188.412				77
77	187.85				75
78	187.85				68
79	187.64				70
80	188.412				67
81	188.306				88
82	187.64				55
83	190		190		69
84	187.616				54
85	188.412				65
86	187.64				79
87	187.215				76
88	187.64				52
89	185.9				57
90	188.306				64
91	188.412				74
92	187.85				62
93	188.306				100
94	187.64				70
95	187.794				100
96	187.794				92
97	187.85				68
98	187.85				92
99	187.85				85
100	187.64				62


---------------------------------------------------
Best fitness      : 190 ( test# 12)
Best solution sum : 190 ( test# 12)
Shortest time     : 42 ( test# 55)

Average fitness   : 187.881
Average sol. sum  : 188.5
Average time      : 74.37
