****************** GA TEST *******************

total test#:			 100
hexa min width:			 3
hexa max width:			 5
hexa count:			 19
number count:			 54
population size:		 160
generation size:		 50

tournament winner p:		 1
do xover p:			 1
xover:				 2points
do mutation1 p:			 0.1
mutation1 p:			 0.05
do optimize p:			 1
local optimize count:		 6000
do deep better optimize p:	 1
do deep worse optimize p:	 0
do spin p:			 0
spin count:			 1000
do spin apply p:		 1
do mutation2 p:			 0.12
mutation2 p:			 0.08
force mutation2:		 0
replace bad p:			 0.195

converge rate p:		 0.99
converge count:			 5

**********************************************


===================[TEST 1]===================

##### START ##### Thu May 22 06:19:15 2003



##### CONVERGE ##### Thu May 22 06:20:49 2003

Elapsed time: 94 seconds
Total loop: 165 generations

Result : 188.412

4 17 39 34 51 45 1 16 54 24 12 53 38 9 7 33 47 30 36 23 31 13 35 48 3 14 11 43 42 6 29 27 44 21 46 37 2 22 19 28 52 50 26 32 40 41 5 15 20 25 8 49 10 18 

 4 17 39 34 51 45	 => 190
 1 45 51 16 54 24	 => 191
 12 24 54 53 38 9	 => 190
 39 7 33 47 30 34	 => 190
 51 34 30 36 23 16	 => 190
 54 16 23 31 13 53	 => 190
 38 53 13 35 48 3	 => 190
 33 14 11 43 42 47	 => 190
 30 47 42 6 29 36	 => 190
 23 36 29 27 44 31	 => 190
 13 31 44 21 46 35	 => 190
 48 35 46 37 2 22	 => 190
 42 43 19 28 52 6	 => 190
 29 6 52 50 26 27	 => 190
 44 27 26 32 40 21	 => 190
 46 21 40 41 5 37	 => 190
 52 28 15 20 25 50	 => 190
 26 50 25 8 49 32	 => 190
 40 32 49 10 18 41	 => 190


===================[TEST 2]===================

##### START ##### Thu May 22 06:20:49 2003



##### CONVERGE ##### Thu May 22 06:22:22 2003

Elapsed time: 93 seconds
Total loop: 161 generations

Result : 187.64

13 10 30 42 47 48 2 1 39 53 14 45 34 5 7 40 46 25 26 49 37 18 51 36 6 3 20 29 52 22 19 31 28 15 41 38 8 16 12 32 43 54 21 50 44 35 17 11 27 23 9 33 24 4 

 13 10 30 42 47 48	 => 190
 2 48 47 1 39 53	 => 190
 14 53 39 45 34 5	 => 190
 30 7 40 46 25 42	 => 190
 47 42 25 26 49 1	 => 190
 39 1 49 37 18 45	 => 189
 34 45 18 51 36 6	 => 190
 40 3 20 29 52 46	 => 190
 25 46 52 22 19 26	 => 190
 49 26 19 31 28 37	 => 190
 18 37 28 15 41 51	 => 190
 36 51 41 38 8 16	 => 190
 52 29 12 32 43 22	 => 190
 19 22 43 54 21 31	 => 190
 28 31 21 50 44 15	 => 189
 41 15 44 35 17 38	 => 190
 43 32 11 27 23 54	 => 190
 21 54 23 9 33 50	 => 190
 44 50 33 24 4 35	 => 190


===================[TEST 3]===================

##### START ##### Thu May 22 06:22:22 2003



##### CONVERGE ##### Thu May 22 06:23:48 2003

Elapsed time: 86 seconds
Total loop: 151 generations

Result : 187.85

13 25 36 35 48 34 15 19 45 29 8 53 33 22 17 32 47 23 26 39 18 16 43 44 1 9 11 40 51 12 31 27 50 21 42 38 20 3 5 30 52 54 14 41 37 46 6 24 2 28 4 49 7 10 

 13 25 36 35 48 34	 => 191
 15 34 48 19 45 29	 => 190
 8 29 45 53 33 22	 => 190
 36 17 32 47 23 35	 => 190
 48 35 23 26 39 19	 => 190
 45 19 39 18 16 53	 => 190
 33 53 16 43 44 1	 => 190
 32 9 11 40 51 47	 => 190
 23 47 51 12 31 26	 => 190
 39 26 31 27 50 18	 => 191
 16 18 50 21 42 43	 => 190
 44 43 42 38 20 3	 => 190
 51 40 5 30 52 12	 => 190
 31 12 52 54 14 27	 => 190
 50 27 14 41 37 21	 => 190
 42 21 37 46 6 38	 => 190
 52 30 24 2 28 54	 => 190
 14 54 28 4 49 41	 => 190
 37 41 49 7 10 46	 => 190


===================[TEST 4]===================

##### START ##### Thu May 22 06:23:48 2003



##### CONVERGE ##### Thu May 22 06:25:20 2003

Elapsed time: 92 seconds
Total loop: 161 generations

Result : 187.64

12 10 33 47 38 50 5 15 54 28 4 49 30 25 14 42 35 19 27 43 18 11 51 32 17 21 3 37 52 23 34 22 46 20 44 39 8 16 2 31 45 53 13 48 41 36 9 26 6 29 7 40 1 24 

 12 10 33 47 38 50	 => 190
 5 50 38 15 54 28	 => 190
 4 28 54 49 30 25	 => 190
 33 14 42 35 19 47	 => 190
 38 47 19 27 43 15	 => 189
 54 15 43 18 11 49	 => 190
 30 49 11 51 32 17	 => 190
 42 21 3 37 52 35	 => 190
 19 35 52 23 34 27	 => 190
 43 27 34 22 46 18	 => 190
 11 18 46 20 44 51	 => 190
 32 51 44 39 8 16	 => 190
 52 37 2 31 45 23	 => 190
 34 23 45 53 13 22	 => 190
 46 22 13 48 41 20	 => 190
 44 20 41 36 9 39	 => 189
 45 31 26 6 29 53	 => 190
 13 53 29 7 40 48	 => 190
 41 48 40 1 24 36	 => 190


===================[TEST 5]===================

##### START ##### Thu May 22 06:25:20 2003



##### CONVERGE ##### Thu May 22 06:26:26 2003

Elapsed time: 66 seconds
Total loop: 116 generations

Result (Solution) : 190

27 18 31 33 53 28 4 16 43 46 5 34 37 25 15 41 50 20 19 49 26 22 38 51 8 17 14 23 45 24 32 35 29 21 54 30 6 11 9 42 47 39 13 44 48 36 1 10 12 40 2 52 7 3 

 27 18 31 33 53 28	 => 190
 4 28 53 16 43 46	 => 190
 5 46 43 34 37 25	 => 190
 31 15 41 50 20 33	 => 190
 53 33 20 19 49 16	 => 190
 43 16 49 26 22 34	 => 190
 37 34 22 38 51 8	 => 190
 41 17 14 23 45 50	 => 190
 20 50 45 24 32 19	 => 190
 49 19 32 35 29 26	 => 190
 22 26 29 21 54 38	 => 190
 51 38 54 30 6 11	 => 190
 45 23 9 42 47 24	 => 190
 32 24 47 39 13 35	 => 190
 29 35 13 44 48 21	 => 190
 54 21 48 36 1 30	 => 190
 47 42 10 12 40 39	 => 190
 13 39 40 2 52 44	 => 190
 48 44 52 7 3 36	 => 190


===================[TEST 6]===================

##### START ##### Thu May 22 06:26:26 2003



##### CONVERGE ##### Thu May 22 06:27:36 2003

Elapsed time: 70 seconds
Total loop: 123 generations

Result (Solution) : 189

7 17 35 47 50 33 20 10 53 23 8 39 51 15 1 41 52 13 26 43 32 12 49 34 4 16 3 46 31 30 37 11 40 18 38 44 2 22 5 29 48 42 21 54 45 25 19 6 28 36 9 27 24 14 

 7 17 35 47 50 33	 => 189
 20 33 50 10 53 23	 => 189
 8 23 53 39 51 15	 => 189
 35 1 41 52 13 47	 => 189
 50 47 13 26 43 10	 => 189
 53 10 43 32 12 39	 => 189
 51 39 12 49 34 4	 => 189
 41 16 3 46 31 52	 => 189
 13 52 31 30 37 26	 => 189
 43 26 37 11 40 32	 => 189
 12 32 40 18 38 49	 => 189
 34 49 38 44 2 22	 => 189
 31 46 5 29 48 30	 => 189
 37 30 48 42 21 11	 => 189
 40 11 21 54 45 18	 => 189
 38 18 45 25 19 44	 => 189
 48 29 6 28 36 42	 => 189
 21 42 36 9 27 54	 => 189
 45 54 27 24 14 25	 => 189


===================[TEST 7]===================

##### START ##### Thu May 22 06:27:36 2003



##### CONVERGE ##### Thu May 22 06:28:38 2003

Elapsed time: 62 seconds
Total loop: 109 generations

Result : 188.412

15 1 30 39 53 52 5 6 43 31 16 45 37 18 3 44 49 25 26 41 32 23 54 29 2 24 10 21 42 12 36 33 22 11 48 34 17 8 19 50 47 35 27 51 46 38 13 14 4 40 9 28 20 7 

 15 1 30 39 53 52	 => 190
 5 52 53 6 43 31	 => 190
 16 31 43 45 37 18	 => 190
 30 3 44 49 25 39	 => 190
 53 39 25 26 41 6	 => 190
 43 6 41 32 23 45	 => 190
 37 45 23 54 29 2	 => 190
 44 24 10 21 42 49	 => 190
 25 49 42 12 36 26	 => 190
 41 26 36 33 22 32	 => 190
 23 32 22 11 48 54	 => 190
 29 54 48 34 17 8	 => 190
 42 21 19 50 47 12	 => 191
 36 12 47 35 27 33	 => 190
 22 33 27 51 46 11	 => 190
 48 11 46 38 13 34	 => 190
 47 50 14 4 40 35	 => 190
 27 35 40 9 28 51	 => 190
 46 51 28 20 7 38	 => 190


===================[TEST 8]===================

##### START ##### Thu May 22 06:28:38 2003



##### CONVERGE ##### Thu May 22 06:30:30 2003

Elapsed time: 112 seconds
Total loop: 196 generations

Result : 187.85

15 24 52 41 33 25 2 32 53 45 5 39 37 11 8 34 38 17 44 23 27 16 48 40 10 21 4 43 50 12 29 31 36 9 54 28 1 19 3 35 47 49 22 42 51 30 18 13 20 26 6 46 14 7 

 15 24 52 41 33 25	 => 190
 2 25 33 32 53 45	 => 190
 5 45 53 39 37 11	 => 190
 52 8 34 38 17 41	 => 190
 33 41 17 44 23 32	 => 190
 53 32 23 27 16 39	 => 190
 37 39 16 48 40 10	 => 190
 34 21 4 43 50 38	 => 190
 17 38 50 12 29 44	 => 190
 23 44 29 31 36 27	 => 190
 16 27 36 9 54 48	 => 190
 40 48 54 28 1 19	 => 190
 50 43 3 35 47 12	 => 190
 29 12 47 49 22 31	 => 190
 36 31 22 42 51 9	 => 191
 54 9 51 30 18 28	 => 190
 47 35 13 20 26 49	 => 190
 22 49 26 6 46 42	 => 191
 51 42 46 14 7 30	 => 190


===================[TEST 9]===================

##### START ##### Thu May 22 06:30:30 2003



##### CONVERGE ##### Thu May 22 06:31:36 2003

Elapsed time: 66 seconds
Total loop: 116 generations

Result : 188.412

6 18 37 53 54 22 8 27 51 28 14 42 43 12 3 41 52 4 32 21 30 19 45 39 2 16 5 29 47 24 31 40 36 10 50 46 1 9 17 35 38 34 23 33 48 25 11 13 26 44 7 49 20 15 

 6 18 37 53 54 22	 => 190
 8 22 54 27 51 28	 => 190
 14 28 51 42 43 12	 => 190
 37 3 41 52 4 53	 => 190
 54 53 4 32 21 27	 => 191
 51 27 21 30 19 42	 => 190
 43 42 19 45 39 2	 => 190
 41 16 5 29 47 52	 => 190
 4 52 47 24 31 32	 => 190
 21 32 31 40 36 30	 => 190
 19 30 36 10 50 45	 => 190
 39 45 50 46 1 9	 => 190
 47 29 17 35 38 24	 => 190
 31 24 38 34 23 40	 => 190
 36 40 23 33 48 10	 => 190
 50 10 48 25 11 46	 => 190
 38 35 13 26 44 34	 => 190
 23 34 44 7 49 33	 => 190
 48 33 49 20 15 25	 => 190


===================[TEST 10]===================

##### START ##### Thu May 22 06:31:36 2003



##### CONVERGE ##### Thu May 22 06:32:38 2003

Elapsed time: 62 seconds
Total loop: 109 generations

Result : 188.412

4 16 34 47 54 35 1 12 52 36 17 38 20 27 14 39 48 8 43 26 37 25 45 50 13 5 24 28 46 22 23 32 29 21 33 51 9 2 10 31 53 41 19 49 40 42 3 6 15 44 7 30 18 11 

 4 16 34 47 54 35	 => 190
 1 35 54 12 52 36	 => 190
 17 36 52 38 20 27	 => 190
 34 14 39 48 8 47	 => 190
 54 47 8 43 26 12	 => 190
 52 12 26 37 25 38	 => 190
 20 38 25 45 50 13	 => 191
 39 5 24 28 46 48	 => 190
 8 48 46 22 23 43	 => 190
 26 43 23 32 29 37	 => 190
 25 37 29 21 33 45	 => 190
 50 45 33 51 9 2	 => 190
 46 28 10 31 53 22	 => 190
 23 22 53 41 19 32	 => 190
 29 32 19 49 40 21	 => 190
 33 21 40 42 3 51	 => 190
 53 31 6 15 44 41	 => 190
 19 41 44 7 30 49	 => 190
 40 49 30 18 11 42	 => 190


===================[TEST 11]===================

##### START ##### Thu May 22 06:32:38 2003



##### CONVERGE ##### Thu May 22 06:34:09 2003

Elapsed time: 91 seconds
Total loop: 159 generations

Result (Solution) : 189

12 25 16 35 54 47 5 13 29 41 15 52 32 20 17 51 46 24 33 30 43 22 40 34 9 2 14 27 49 26 11 44 28 6 50 39 23 3 8 42 37 53 18 45 48 36 10 7 19 31 4 38 21 1 

 12 25 16 35 54 47	 => 189
 5 47 54 13 29 41	 => 189
 15 41 29 52 32 20	 => 189
 16 17 51 46 24 35	 => 189
 54 35 24 33 30 13	 => 189
 29 13 30 43 22 52	 => 189
 32 52 22 40 34 9	 => 189
 51 2 14 27 49 46	 => 189
 24 46 49 26 11 33	 => 189
 30 33 11 44 28 43	 => 189
 22 43 28 6 50 40	 => 189
 34 40 50 39 23 3	 => 189
 49 27 8 42 37 26	 => 189
 11 26 37 53 18 44	 => 189
 28 44 18 45 48 6	 => 189
 50 6 48 36 10 39	 => 189
 37 42 7 19 31 53	 => 189
 18 53 31 4 38 45	 => 189
 48 45 38 21 1 36	 => 189


===================[TEST 12]===================

##### START ##### Thu May 22 06:34:09 2003



##### CONVERGE ##### Thu May 22 06:35:43 2003

Elapsed time: 94 seconds
Total loop: 164 generations

Result : 188.412

4 11 52 39 49 35 3 24 34 45 5 51 36 19 2 44 41 12 26 40 28 13 46 38 6 18 10 29 48 32 31 22 43 23 37 54 1 14 9 25 47 50 8 53 42 27 7 15 20 33 16 30 17 21 

 4 11 52 39 49 35	 => 190
 3 35 49 24 34 45	 => 190
 5 45 34 51 36 19	 => 190
 52 2 44 41 12 39	 => 190
 49 39 12 26 40 24	 => 190
 34 24 40 28 13 51	 => 190
 36 51 13 46 38 6	 => 190
 44 18 10 29 48 41	 => 190
 12 41 48 32 31 26	 => 190
 40 26 31 22 43 28	 => 190
 13 28 43 23 37 46	 => 190
 38 46 37 54 1 14	 => 190
 48 29 9 25 47 32	 => 190
 31 32 47 50 8 22	 => 190
 43 22 8 53 42 23	 => 191
 37 23 42 27 7 54	 => 190
 47 25 15 20 33 50	 => 190
 8 50 33 16 30 53	 => 190
 42 53 30 17 21 27	 => 190


===================[TEST 13]===================

##### START ##### Thu May 22 06:35:43 2003



##### CONVERGE ##### Thu May 22 06:36:43 2003

Elapsed time: 60 seconds
Total loop: 106 generations

Result : 188.306

6 4 46 50 48 36 13 15 52 26 19 34 54 5 2 47 33 12 42 22 37 30 28 35 9 10 8 49 43 21 39 23 27 17 51 41 11 24 1 32 44 38 25 53 45 29 7 20 16 40 3 31 18 14 

 6 4 46 50 48 36	 => 190
 13 36 48 15 52 26	 => 190
 19 26 52 34 54 5	 => 190
 46 2 47 33 12 50	 => 190
 48 50 12 42 22 15	 => 189
 52 15 22 37 30 34	 => 190
 54 34 30 28 35 9	 => 190
 47 10 8 49 43 33	 => 190
 12 33 43 21 39 42	 => 190
 22 42 39 23 27 37	 => 190
 30 37 27 17 51 28	 => 190
 35 28 51 41 11 24	 => 190
 43 49 1 32 44 21	 => 190
 39 21 44 38 25 23	 => 190
 27 23 25 53 45 17	 => 190
 51 17 45 29 7 41	 => 190
 44 32 20 16 40 38	 => 190
 25 38 40 3 31 53	 => 190
 45 53 31 18 14 29	 => 190


===================[TEST 14]===================

##### START ##### Thu May 22 06:36:43 2003



##### CONVERGE ##### Thu May 22 06:38:04 2003

Elapsed time: 81 seconds
Total loop: 141 generations

Result : 187.306

14 3 52 33 42 45 11 15 54 22 12 48 47 6 4 53 27 20 49 30 25 17 41 34 2 7 23 28 51 13 29 32 24 44 38 36 21 19 8 43 46 50 18 40 31 39 1 10 5 35 9 37 26 16 

 14 3 52 33 42 45	 => 189
 11 45 42 15 54 22	 => 189
 12 22 54 48 47 6	 => 189
 52 4 53 27 20 33	 => 189
 42 33 20 49 30 15	 => 189
 54 15 30 25 17 48	 => 189
 47 48 17 41 34 2	 => 189
 53 7 23 28 51 27	 => 189
 20 27 51 13 29 49	 => 189
 30 49 29 32 24 25	 => 189
 17 25 24 44 38 41	 => 189
 34 41 38 36 21 19	 => 189
 51 28 8 43 46 13	 => 189
 29 13 46 50 18 32	 => 188
 24 32 18 40 31 44	 => 189
 38 44 31 39 1 36	 => 189
 46 43 10 5 35 50	 => 189
 18 50 35 9 37 40	 => 189
 31 40 37 26 16 39	 => 189


===================[TEST 15]===================

##### START ##### Thu May 22 06:38:04 2003



##### CONVERGE ##### Thu May 22 06:38:59 2003

Elapsed time: 55 seconds
Total loop: 96 generations

Result : 186.85

31 5 28 51 41 33 10 17 52 36 16 53 26 6 4 50 42 14 45 21 24 22 47 39 2 3 32 27 35 29 25 30 44 15 37 40 8 18 9 46 43 49 13 34 54 23 20 1 12 38 7 48 19 11 

 31 5 28 51 41 33	 => 189
 10 33 41 17 52 36	 => 189
 16 36 52 53 26 6	 => 189
 28 4 50 42 14 51	 => 189
 41 51 14 45 21 17	 => 189
 52 17 21 24 22 53	 => 189
 26 53 22 47 39 2	 => 189
 50 3 32 27 35 42	 => 189
 14 42 35 29 25 45	 => 190
 21 45 25 30 44 24	 => 189
 22 24 44 15 37 47	 => 189
 39 47 37 40 8 18	 => 189
 35 27 9 46 43 29	 => 189
 25 29 43 49 13 30	 => 189
 44 30 13 34 54 15	 => 190
 37 15 54 23 20 40	 => 189
 43 46 1 12 38 49	 => 189
 13 49 38 7 48 34	 => 189
 54 34 48 19 11 23	 => 189


===================[TEST 16]===================

##### START ##### Thu May 22 06:38:59 2003



##### CONVERGE ##### Thu May 22 06:40:03 2003

Elapsed time: 64 seconds
Total loop: 112 generations

Result : 187.85

18 10 40 41 44 37 1 25 51 32 24 48 29 6 8 43 46 12 38 30 23 13 45 52 4 11 9 27 54 15 26 34 39 20 50 21 17 5 14 31 49 47 19 36 42 35 22 7 3 53 2 33 28 16 

 18 10 40 41 44 37	 => 190
 1 37 44 25 51 32	 => 190
 24 32 51 48 29 6	 => 190
 40 8 43 46 12 41	 => 190
 44 41 12 38 30 25	 => 190
 51 25 30 23 13 48	 => 190
 29 48 13 45 52 4	 => 191
 43 11 9 27 54 46	 => 190
 12 46 54 15 26 38	 => 191
 30 38 26 34 39 23	 => 190
 13 23 39 20 50 45	 => 190
 52 45 50 21 17 5	 => 190
 54 27 14 31 49 15	 => 190
 26 15 49 47 19 34	 => 190
 39 34 19 36 42 20	 => 190
 50 20 42 35 22 21	 => 190
 49 31 7 3 53 47	 => 190
 19 47 53 2 33 36	 => 190
 42 36 33 28 16 35	 => 190


===================[TEST 17]===================

##### START ##### Thu May 22 06:40:03 2003



##### CONVERGE ##### Thu May 22 06:41:18 2003

Elapsed time: 75 seconds
Total loop: 131 generations

Result : 188.163

3 23 26 54 51 34 12 13 52 29 21 44 43 2 15 41 45 10 38 25 33 24 47 32 1 4 20 31 49 19 30 36 28 11 48 42 16 6 5 37 50 39 17 46 53 27 9 8 22 35 14 40 7 18 

 3 23 26 54 51 34	 => 191
 12 34 51 13 52 29	 => 191
 21 29 52 44 43 2	 => 191
 26 15 41 45 10 54	 => 191
 51 54 10 38 25 13	 => 191
 52 13 25 33 24 44	 => 191
 43 44 24 47 32 1	 => 191
 41 4 20 31 49 45	 => 190
 10 45 49 19 30 38	 => 191
 25 38 30 36 28 33	 => 190
 24 33 28 11 48 47	 => 191
 32 47 48 42 16 6	 => 191
 49 31 5 37 50 19	 => 191
 30 19 50 39 17 36	 => 191
 28 36 17 46 53 11	 => 191
 48 11 53 27 9 42	 => 190
 50 37 8 22 35 39	 => 191
 17 39 35 14 40 46	 => 191
 53 46 40 7 18 27	 => 191


===================[TEST 18]===================

##### START ##### Thu May 22 06:41:18 2003



##### CONVERGE ##### Thu May 22 06:42:14 2003

Elapsed time: 56 seconds
Total loop: 99 generations

Result : 187.616

16 11 30 54 35 44 5 19 42 45 7 51 43 1 9 34 48 15 40 27 22 29 33 24 10 3 21 38 46 14 28 36 37 17 52 50 13 18 6 47 39 53 20 49 31 32 8 2 26 23 4 41 25 12 

 16 11 30 54 35 44	 => 190
 5 44 35 19 42 45	 => 190
 7 45 42 51 43 1	 => 189
 30 9 34 48 15 54	 => 190
 35 54 15 40 27 19	 => 190
 42 19 27 22 29 51	 => 190
 43 51 29 33 24 10	 => 190
 34 3 21 38 46 48	 => 190
 15 48 46 14 28 40	 => 191
 27 40 28 36 37 22	 => 190
 29 22 37 17 52 33	 => 190
 24 33 52 50 13 18	 => 190
 46 38 6 47 39 14	 => 190
 28 14 39 53 20 36	 => 190
 37 36 20 49 31 17	 => 190
 52 17 31 32 8 50	 => 190
 39 47 2 26 23 53	 => 190
 20 53 23 4 41 49	 => 190
 31 49 41 25 12 32	 => 190


===================[TEST 19]===================

##### START ##### Thu May 22 06:42:14 2003



##### CONVERGE ##### Thu May 22 06:43:11 2003

Elapsed time: 57 seconds
Total loop: 100 generations

Result : 186.794

16 6 51 46 47 24 10 21 50 37 8 36 52 7 15 26 43 9 44 23 33 27 45 29 1 18 20 35 48 17 28 40 22 25 38 42 5 30 3 34 53 39 13 41 49 32 4 19 14 31 12 54 11 2 

 16 6 51 46 47 24	 => 190
 10 24 47 21 50 37	 => 189
 8 37 50 36 52 7	 => 190
 51 15 26 43 9 46	 => 190
 47 46 9 44 23 21	 => 190
 50 21 23 33 27 36	 => 190
 52 36 27 45 29 1	 => 190
 26 18 20 35 48 43	 => 190
 9 43 48 17 28 44	 => 189
 23 44 28 40 22 33	 => 190
 27 33 22 25 38 45	 => 190
 29 45 38 42 5 30	 => 189
 48 35 3 34 53 17	 => 190
 28 17 53 39 13 40	 => 190
 22 40 13 41 49 25	 => 190
 38 25 49 32 4 42	 => 190
 53 34 19 14 31 39	 => 190
 13 39 31 12 54 41	 => 190
 49 41 54 11 2 32	 => 189


===================[TEST 20]===================

##### START ##### Thu May 22 06:43:11 2003



##### CONVERGE ##### Thu May 22 06:44:27 2003

Elapsed time: 76 seconds
Total loop: 132 generations

Result : 187.85

17 7 39 43 53 31 6 14 50 36 11 44 46 3 8 21 52 27 24 29 37 16 28 54 2 9 22 45 42 13 32 30 38 20 51 41 4 12 1 40 49 47 19 48 35 33 10 5 15 34 18 25 26 23 

 17 7 39 43 53 31	 => 190
 6 31 53 14 50 36	 => 190
 11 36 50 44 46 3	 => 190
 39 8 21 52 27 43	 => 190
 53 43 27 24 29 14	 => 190
 50 14 29 37 16 44	 => 190
 46 44 16 28 54 2	 => 190
 21 9 22 45 42 52	 => 191
 27 52 42 13 32 24	 => 190
 29 24 32 30 38 37	 => 190
 16 37 38 20 51 28	 => 190
 54 28 51 41 4 12	 => 190
 42 45 1 40 49 13	 => 190
 32 13 49 47 19 30	 => 190
 38 30 19 48 35 20	 => 190
 51 20 35 33 10 41	 => 190
 49 40 5 15 34 47	 => 190
 19 47 34 18 25 48	 => 191
 35 48 25 26 23 33	 => 190


===================[TEST 21]===================

##### START ##### Thu May 22 06:44:27 2003



##### CONVERGE ##### Thu May 22 06:45:26 2003

Elapsed time: 59 seconds
Total loop: 104 generations

Result : 186.823

2 15 32 53 51 37 8 17 47 29 20 38 49 7 6 45 44 10 23 36 22 31 26 34 12 18 5 28 50 25 39 27 43 14 54 46 19 11 4 48 35 40 24 41 42 33 1 21 16 30 3 52 9 13 

 2 15 32 53 51 37	 => 190
 8 37 51 17 47 29	 => 189
 20 29 47 38 49 7	 => 190
 32 6 45 44 10 53	 => 190
 51 53 10 23 36 17	 => 190
 47 17 36 22 31 38	 => 191
 49 38 31 26 34 12	 => 190
 45 18 5 28 50 44	 => 190
 10 44 50 25 39 23	 => 191
 36 23 39 27 43 22	 => 190
 31 22 43 14 54 26	 => 190
 34 26 54 46 19 11	 => 190
 50 28 4 48 35 25	 => 190
 39 25 35 40 24 27	 => 190
 43 27 24 41 42 14	 => 191
 54 14 42 33 1 46	 => 190
 35 48 21 16 30 40	 => 190
 24 40 30 3 52 41	 => 190
 42 41 52 9 13 33	 => 190


===================[TEST 22]===================

##### START ##### Thu May 22 06:45:26 2003



##### CONVERGE ##### Thu May 22 06:46:35 2003

Elapsed time: 69 seconds
Total loop: 120 generations

Result : 187.616

18 5 32 43 52 40 1 14 53 30 15 39 49 4 9 27 54 26 19 36 41 7 50 35 10 24 2 38 45 12 34 31 29 16 47 37 13 8 23 28 44 48 21 42 51 33 6 20 3 46 11 22 17 25 

 18 5 32 43 52 40	 => 190
 1 40 52 14 53 30	 => 190
 15 30 53 39 49 4	 => 190
 32 9 27 54 26 43	 => 191
 52 43 26 19 36 14	 => 190
 53 14 36 41 7 39	 => 190
 49 39 7 50 35 10	 => 190
 27 24 2 38 45 54	 => 190
 26 54 45 12 34 19	 => 190
 36 19 34 31 29 41	 => 190
 7 41 29 16 47 50	 => 190
 35 50 47 37 13 8	 => 190
 45 38 23 28 44 12	 => 190
 34 12 44 48 21 31	 => 190
 29 31 21 42 51 16	 => 190
 47 16 51 33 6 37	 => 190
 44 28 20 3 46 48	 => 189
 21 48 46 11 22 42	 => 190
 51 42 22 17 25 33	 => 190


===================[TEST 23]===================

##### START ##### Thu May 22 06:46:35 2003



##### CONVERGE ##### Thu May 22 06:47:57 2003

Elapsed time: 82 seconds
Total loop: 144 generations

Result : 187.163

12 10 49 42 46 31 1 18 40 54 17 38 26 15 3 27 48 21 24 39 36 19 45 52 9 13 11 41 50 4 43 25 23 32 35 33 22 2 14 30 51 47 20 53 37 44 8 28 5 29 7 34 6 16 

 12 10 49 42 46 31	 => 190
 1 31 46 18 40 54	 => 190
 17 54 40 38 26 15	 => 190
 49 3 27 48 21 42	 => 190
 46 42 21 24 39 18	 => 190
 40 18 39 36 19 38	 => 190
 26 38 19 45 52 9	 => 189
 27 13 11 41 50 48	 => 190
 21 48 50 4 43 24	 => 190
 39 24 43 25 23 36	 => 190
 19 36 23 32 35 45	 => 190
 52 45 35 33 22 2	 => 189
 50 41 14 30 51 4	 => 190
 43 4 51 47 20 25	 => 190
 23 25 20 53 37 32	 => 190
 35 32 37 44 8 33	 => 189
 51 30 28 5 29 47	 => 190
 20 47 29 7 34 53	 => 190
 37 53 34 6 16 44	 => 190


===================[TEST 24]===================

##### START ##### Thu May 22 06:47:57 2003



##### CONVERGE ##### Thu May 22 06:49:22 2003

Elapsed time: 85 seconds
Total loop: 149 generations

Result : 186.85

8 17 39 43 32 50 7 20 35 45 3 52 36 19 5 34 37 31 22 41 38 4 47 26 24 15 27 23 53 28 18 30 40 14 46 54 10 6 1 33 51 49 13 44 48 25 2 16 11 29 12 42 21 9 

 8 17 39 43 32 50	 => 189
 7 50 32 20 35 45	 => 189
 3 45 35 52 36 19	 => 190
 39 5 34 37 31 43	 => 189
 32 43 31 22 41 20	 => 189
 35 20 41 38 4 52	 => 190
 36 52 4 47 26 24	 => 189
 34 15 27 23 53 37	 => 189
 31 37 53 28 18 22	 => 189
 41 22 18 30 40 38	 => 189
 4 38 40 14 46 47	 => 189
 26 47 46 54 10 6	 => 189
 53 23 1 33 51 28	 => 189
 18 28 51 49 13 30	 => 189
 40 30 13 44 48 14	 => 189
 46 14 48 25 2 54	 => 189
 51 33 16 11 29 49	 => 189
 13 49 29 12 42 44	 => 189
 48 44 42 21 9 25	 => 189


===================[TEST 25]===================

##### START ##### Thu May 22 06:49:22 2003



##### CONVERGE ##### Thu May 22 06:50:23 2003

Elapsed time: 61 seconds
Total loop: 106 generations

Result : 187.412

5 20 30 54 42 38 16 15 53 25 18 51 19 23 4 52 35 14 47 17 31 22 50 44 3 26 1 29 46 6 41 32 21 28 37 33 13 12 11 48 49 34 27 43 39 45 7 8 10 40 9 36 2 24 

 5 20 30 54 42 38	 => 189
 16 38 42 15 53 25	 => 189
 18 25 53 51 19 23	 => 189
 30 4 52 35 14 54	 => 189
 42 54 14 47 17 15	 => 189
 53 15 17 31 22 51	 => 189
 19 51 22 50 44 3	 => 189
 52 26 1 29 46 35	 => 189
 14 35 46 6 41 47	 => 189
 17 47 41 32 21 31	 => 189
 22 31 21 28 37 50	 => 189
 44 50 37 33 13 12	 => 189
 46 29 11 48 49 6	 => 189
 41 6 49 34 27 32	 => 189
 21 32 27 43 39 28	 => 190
 37 28 39 45 7 33	 => 189
 49 48 8 10 40 34	 => 189
 27 34 40 9 36 43	 => 189
 39 43 36 2 24 45	 => 189


===================[TEST 26]===================

##### START ##### Thu May 22 06:50:23 2003



##### CONVERGE ##### Thu May 22 06:51:15 2003

Elapsed time: 52 seconds
Total loop: 91 generations

Result : 187.478

27 4 30 49 45 35 20 18 46 26 12 43 53 10 6 40 36 29 25 24 39 21 48 23 2 7 19 34 54 14 32 42 28 11 44 37 16 22 8 33 47 38 17 51 41 52 5 13 9 50 3 31 15 1 

 27 4 30 49 45 35	 => 190
 20 35 45 18 46 26	 => 190
 12 26 46 43 53 10	 => 190
 30 6 40 36 29 49	 => 190
 45 49 29 25 24 18	 => 190
 46 18 24 39 21 43	 => 191
 53 43 21 48 23 2	 => 190
 40 7 19 34 54 36	 => 190
 29 36 54 14 32 25	 => 190
 24 25 32 42 28 39	 => 190
 21 39 28 11 44 48	 => 191
 23 48 44 37 16 22	 => 190
 54 34 8 33 47 14	 => 190
 32 14 47 38 17 42	 => 190
 28 42 17 51 41 11	 => 190
 44 11 41 52 5 37	 => 190
 47 33 13 9 50 38	 => 190
 17 38 50 3 31 51	 => 190
 41 51 31 15 1 52	 => 191


===================[TEST 27]===================

##### START ##### Thu May 22 06:51:15 2003



##### CONVERGE ##### Thu May 22 06:52:59 2003

Elapsed time: 104 seconds
Total loop: 183 generations

Result : 187.794

4 10 35 49 42 51 3 20 45 30 21 46 36 13 2 39 41 24 31 25 37 18 43 26 22 19 8 50 34 23 38 28 32 9 52 48 17 5 7 29 47 40 15 53 54 27 1 14 16 44 6 33 12 11 

 4 10 35 49 42 51	 => 191
 3 51 42 20 45 30	 => 191
 21 30 45 46 36 13	 => 191
 35 2 39 41 24 49	 => 190
 42 49 24 31 25 20	 => 191
 45 20 25 37 18 46	 => 191
 36 46 18 43 26 22	 => 191
 39 19 8 50 34 41	 => 191
 24 41 34 23 38 31	 => 191
 25 31 38 28 32 37	 => 191
 18 37 32 9 52 43	 => 191
 26 43 52 48 17 5	 => 191
 34 50 7 29 47 23	 => 190
 38 23 47 40 15 28	 => 191
 32 28 15 53 54 9	 => 191
 52 9 54 27 1 48	 => 191
 47 29 14 16 44 40	 => 190
 15 40 44 6 33 53	 => 191
 54 53 33 12 11 27	 => 190


===================[TEST 28]===================

##### START ##### Thu May 22 06:52:59 2003



##### CONVERGE ##### Thu May 22 06:54:05 2003

Elapsed time: 66 seconds
Total loop: 115 generations

Result : 187.215

8 19 40 41 51 31 15 3 54 36 12 35 37 16 10 34 49 17 25 53 27 18 50 39 11 2 30 28 48 22 29 33 23 21 52 26 14 9 7 43 42 44 20 46 47 38 6 5 24 32 4 45 1 13 

 8 19 40 41 51 31	 => 190
 15 31 51 3 54 36	 => 190
 12 36 54 35 37 16	 => 190
 40 10 34 49 17 41	 => 191
 51 41 17 25 53 3	 => 190
 54 3 53 27 18 35	 => 190
 37 35 18 50 39 11	 => 190
 34 2 30 28 48 49	 => 191
 17 49 48 22 29 25	 => 190
 53 25 29 33 23 27	 => 190
 18 27 23 21 52 50	 => 191
 39 50 52 26 14 9	 => 190
 48 28 7 43 42 22	 => 190
 29 22 42 44 20 33	 => 190
 23 33 20 46 47 21	 => 190
 52 21 47 38 6 26	 => 190
 42 43 5 24 32 44	 => 190
 20 44 32 4 45 46	 => 191
 47 46 45 1 13 38	 => 190


===================[TEST 29]===================

##### START ##### Thu May 22 06:54:05 2003



##### CONVERGE ##### Thu May 22 06:55:45 2003

Elapsed time: 100 seconds
Total loop: 174 generations

Result : 186.85

14 17 20 52 33 53 2 9 44 48 6 47 39 5 3 42 50 22 30 43 19 27 40 35 1 10 8 41 38 26 24 36 37 21 45 46 12 11 7 23 54 34 15 51 29 32 16 4 25 49 13 28 18 31 

 14 17 20 52 33 53	 => 189
 2 53 33 9 44 48	 => 189
 6 48 44 47 39 5	 => 189
 20 3 42 50 22 52	 => 189
 33 52 22 30 43 9	 => 189
 44 9 43 19 27 47	 => 189
 39 47 27 40 35 1	 => 189
 42 10 8 41 38 50	 => 189
 22 50 38 26 24 30	 => 190
 43 30 24 36 37 19	 => 189
 27 19 37 21 45 40	 => 189
 35 40 45 46 12 11	 => 189
 38 41 7 23 54 26	 => 189
 24 26 54 34 15 36	 => 189
 37 36 15 51 29 21	 => 189
 45 21 29 32 16 46	 => 189
 54 23 4 25 49 34	 => 189
 15 34 49 13 28 51	 => 190
 29 51 28 18 31 32	 => 189


===================[TEST 30]===================

##### START ##### Thu May 22 06:55:45 2003



##### CONVERGE ##### Thu May 22 06:57:02 2003

Elapsed time: 77 seconds
Total loop: 135 generations

Result : 188.306

12 14 46 41 53 24 6 11 52 44 13 48 30 3 2 34 49 18 27 40 23 16 43 36 17 10 28 31 38 22 35 33 32 29 47 39 4 21 19 26 54 37 9 42 45 25 5 8 15 50 1 51 7 20 

 12 14 46 41 53 24	 => 190
 6 24 53 11 52 44	 => 190
 13 44 52 48 30 3	 => 190
 46 2 34 49 18 41	 => 190
 53 41 18 27 40 11	 => 190
 52 11 40 23 16 48	 => 190
 30 48 16 43 36 17	 => 190
 34 10 28 31 38 49	 => 190
 18 49 38 22 35 27	 => 189
 40 27 35 33 32 23	 => 190
 16 23 32 29 47 43	 => 190
 36 43 47 39 4 21	 => 190
 38 31 19 26 54 22	 => 190
 35 22 54 37 9 33	 => 190
 32 33 9 42 45 29	 => 190
 47 29 45 25 5 39	 => 190
 54 26 8 15 50 37	 => 190
 9 37 50 1 51 42	 => 190
 45 42 51 7 20 25	 => 190


===================[TEST 31]===================

##### START ##### Thu May 22 06:57:02 2003



##### CONVERGE ##### Thu May 22 06:58:08 2003

Elapsed time: 66 seconds
Total loop: 116 generations

Result : 187.64

19 10 26 54 50 31 4 11 49 45 7 53 35 1 6 41 47 16 27 32 20 24 46 30 2 8 23 37 34 28 38 21 51 5 44 43 13 14 3 40 48 33 22 39 52 29 17 15 12 42 18 36 9 25 

 19 10 26 54 50 31	 => 190
 4 31 50 11 49 45	 => 190
 7 45 49 53 35 1	 => 190
 26 6 41 47 16 54	 => 190
 50 54 16 27 32 11	 => 190
 49 11 32 20 24 53	 => 189
 35 53 24 46 30 2	 => 190
 41 8 23 37 34 47	 => 190
 16 47 34 28 38 27	 => 190
 32 27 38 21 51 20	 => 189
 24 20 51 5 44 46	 => 190
 30 46 44 43 13 14	 => 190
 34 37 3 40 48 28	 => 190
 38 28 48 33 22 21	 => 190
 51 21 22 39 52 5	 => 190
 44 5 52 29 17 43	 => 190
 48 40 15 12 42 33	 => 190
 22 33 42 18 36 39	 => 190
 52 39 36 9 25 29	 => 190


===================[TEST 32]===================

##### START ##### Thu May 22 06:58:08 2003



##### CONVERGE ##### Thu May 22 06:59:19 2003

Elapsed time: 71 seconds
Total loop: 123 generations

Result : 188.306

6 9 54 52 47 22 4 16 48 53 3 41 35 10 5 23 38 18 31 26 39 20 42 45 7 11 21 46 51 12 40 25 29 28 32 50 13 8 1 43 37 49 27 36 44 34 2 17 14 30 15 33 24 19 

 6 9 54 52 47 22	 => 190
 4 22 47 16 48 53	 => 190
 3 53 48 41 35 10	 => 190
 54 5 23 38 18 52	 => 190
 47 52 18 31 26 16	 => 190
 48 16 26 39 20 41	 => 190
 35 41 20 42 45 7	 => 190
 23 11 21 46 51 38	 => 190
 18 38 51 12 40 31	 => 190
 26 31 40 25 29 39	 => 190
 20 39 29 28 32 42	 => 190
 45 42 32 50 13 8	 => 190
 51 46 1 43 37 12	 => 190
 40 12 37 49 27 25	 => 190
 29 25 27 36 44 28	 => 189
 32 28 44 34 2 50	 => 190
 37 43 17 14 30 49	 => 190
 27 49 30 15 33 36	 => 190
 44 36 33 24 19 34	 => 190


===================[TEST 33]===================

##### START ##### Thu May 22 06:59:19 2003



##### CONVERGE ##### Thu May 22 07:00:39 2003

Elapsed time: 80 seconds
Total loop: 141 generations

Result : 187.794

16 10 39 45 48 33 1 23 54 32 5 46 35 19 2 41 52 12 38 25 28 14 49 42 4 13 8 30 47 6 36 37 26 21 53 27 11 9 22 34 51 44 17 50 40 43 7 15 18 29 20 31 3 24 

 16 10 39 45 48 33	 => 191
 1 33 48 23 54 32	 => 191
 5 32 54 46 35 19	 => 191
 39 2 41 52 12 45	 => 191
 48 45 12 38 25 23	 => 191
 54 23 25 28 14 46	 => 190
 35 46 14 49 42 4	 => 190
 41 13 8 30 47 52	 => 191
 12 52 47 6 36 38	 => 191
 25 38 36 37 26 28	 => 190
 14 28 26 21 53 49	 => 191
 42 49 53 27 11 9	 => 191
 47 30 22 34 51 6	 => 190
 36 6 51 44 17 37	 => 191
 26 37 17 50 40 21	 => 191
 53 21 40 43 7 27	 => 191
 51 34 15 18 29 44	 => 191
 17 44 29 20 31 50	 => 191
 40 50 31 3 24 43	 => 191


===================[TEST 34]===================

##### START ##### Thu May 22 07:00:39 2003



##### CONVERGE ##### Thu May 22 07:02:17 2003

Elapsed time: 98 seconds
Total loop: 171 generations

Result : 187.478

11 8 52 45 48 26 5 18 44 49 6 46 41 4 1 36 43 13 37 30 38 14 35 39 15 20 10 34 47 22 28 25 32 17 54 51 9 2 16 29 42 50 24 53 40 21 7 23 19 27 3 33 31 12 

 11 8 52 45 48 26	 => 190
 5 26 48 18 44 49	 => 190
 6 49 44 46 41 4	 => 190
 52 1 36 43 13 45	 => 190
 48 45 13 37 30 18	 => 191
 44 18 30 38 14 46	 => 190
 41 46 14 35 39 15	 => 190
 36 20 10 34 47 43	 => 190
 13 43 47 22 28 37	 => 190
 30 37 28 25 32 38	 => 190
 14 38 32 17 54 35	 => 190
 39 35 54 51 9 2	 => 190
 47 34 16 29 42 22	 => 190
 28 22 42 50 24 25	 => 191
 32 25 24 53 40 17	 => 191
 54 17 40 21 7 51	 => 190
 42 29 23 19 27 50	 => 190
 24 50 27 3 33 53	 => 190
 40 53 33 31 12 21	 => 190


===================[TEST 35]===================

##### START ##### Thu May 22 07:02:17 2003



##### CONVERGE ##### Thu May 22 07:03:07 2003

Elapsed time: 50 seconds
Total loop: 88 generations

Result : 186.85

4 11 41 48 45 40 2 15 50 37 6 54 26 16 7 49 21 23 39 19 34 17 32 42 18 14 30 24 51 22 33 36 28 31 47 44 5 20 12 27 53 35 10 46 38 29 1 13 9 52 3 43 8 25 

 4 11 41 48 45 40	 => 189
 2 40 45 15 50 37	 => 189
 6 37 50 54 26 16	 => 189
 41 7 49 21 23 48	 => 189
 45 48 23 39 19 15	 => 189
 50 15 19 34 17 54	 => 189
 26 54 17 32 42 18	 => 189
 49 14 30 24 51 21	 => 189
 23 21 51 22 33 39	 => 189
 19 39 33 36 28 34	 => 189
 17 34 28 31 47 32	 => 189
 42 32 47 44 5 20	 => 190
 51 24 12 27 53 22	 => 189
 33 22 53 35 10 36	 => 189
 28 36 10 46 38 31	 => 189
 47 31 38 29 1 44	 => 190
 53 27 13 9 52 35	 => 189
 10 35 52 3 43 46	 => 189
 38 46 43 8 25 29	 => 189


===================[TEST 36]===================

##### START ##### Thu May 22 07:03:07 2003



##### CONVERGE ##### Thu May 22 07:04:39 2003

Elapsed time: 92 seconds
Total loop: 161 generations

Result : 188.306

16 3 49 37 47 38 11 12 39 43 7 42 29 30 1 35 54 14 32 48 28 20 40 53 6 2 10 45 44 22 24 33 25 27 50 26 8 13 4 23 52 41 18 36 51 31 5 21 19 34 15 46 9 17 

 16 3 49 37 47 38	 => 190
 11 38 47 12 39 43	 => 190
 7 43 39 42 29 30	 => 190
 49 1 35 54 14 37	 => 190
 47 37 14 32 48 12	 => 190
 39 12 48 28 20 42	 => 189
 29 42 20 40 53 6	 => 190
 35 2 10 45 44 54	 => 190
 14 54 44 22 24 32	 => 190
 48 32 24 33 25 28	 => 190
 20 28 25 27 50 40	 => 190
 53 40 50 26 8 13	 => 190
 44 45 4 23 52 22	 => 190
 24 22 52 41 18 33	 => 190
 25 33 18 36 51 27	 => 190
 50 27 51 31 5 26	 => 190
 52 23 21 19 34 41	 => 190
 18 41 34 15 46 36	 => 190
 51 36 46 9 17 31	 => 190


===================[TEST 37]===================

##### START ##### Thu May 22 07:04:39 2003



##### CONVERGE ##### Thu May 22 07:05:51 2003

Elapsed time: 72 seconds
Total loop: 125 generations

Result : 187.501

6 18 27 54 37 48 5 25 52 24 19 45 47 4 10 38 50 12 29 34 32 3 44 39 13 14 1 42 46 21 33 26 36 23 53 30 9 15 2 31 49 41 20 51 35 43 7 22 8 40 11 28 16 17 

 6 18 27 54 37 48	 => 190
 5 48 37 25 52 24	 => 191
 19 24 52 45 47 4	 => 191
 27 10 38 50 12 54	 => 191
 37 54 12 29 34 25	 => 191
 52 25 34 32 3 45	 => 191
 47 45 3 44 39 13	 => 191
 38 14 1 42 46 50	 => 191
 12 50 46 21 33 29	 => 191
 34 29 33 26 36 32	 => 190
 3 32 36 23 53 44	 => 191
 39 44 53 30 9 15	 => 190
 46 42 2 31 49 21	 => 191
 33 21 49 41 20 26	 => 190
 36 26 20 51 35 23	 => 191
 53 23 35 43 7 30	 => 191
 49 31 22 8 40 41	 => 191
 20 41 40 11 28 51	 => 191
 35 51 28 16 17 43	 => 190


===================[TEST 38]===================

##### START ##### Thu May 22 07:05:51 2003



##### CONVERGE ##### Thu May 22 07:06:45 2003

Elapsed time: 54 seconds
Total loop: 95 generations

Result : 187.163

6 3 46 47 45 43 11 20 40 31 13 42 50 14 5 21 54 17 24 37 41 9 39 49 1 12 16 35 52 15 28 26 34 23 44 33 18 7 4 36 48 51 22 53 32 38 19 27 2 25 10 29 8 30 

 6 3 46 47 45 43	 => 190
 11 43 45 20 40 31	 => 190
 13 31 40 42 50 14	 => 190
 46 5 21 54 17 47	 => 190
 45 47 17 24 37 20	 => 190
 40 20 37 41 9 42	 => 189
 50 42 9 39 49 1	 => 190
 21 12 16 35 52 54	 => 190
 17 54 52 15 28 24	 => 190
 37 24 28 26 34 41	 => 190
 9 41 34 23 44 39	 => 190
 49 39 44 33 18 7	 => 190
 52 35 4 36 48 15	 => 190
 28 15 48 51 22 26	 => 190
 34 26 22 53 32 23	 => 190
 44 23 32 38 19 33	 => 189
 48 36 27 2 25 51	 => 189
 22 51 25 10 29 53	 => 190
 32 53 29 8 30 38	 => 190


===================[TEST 39]===================

##### START ##### Thu May 22 07:06:45 2003



##### CONVERGE ##### Thu May 22 07:08:10 2003

Elapsed time: 85 seconds
Total loop: 149 generations

Result (Solution) : 188

22 21 36 29 39 41 4 13 49 42 5 46 37 9 1 30 47 45 24 38 23 19 43 40 3 15 18 53 25 14 33 26 44 8 51 20 32 2 7 54 35 52 28 34 48 50 11 6 10 31 16 27 17 12 

 22 21 36 29 39 41	 => 188
 4 41 39 13 49 42	 => 188
 5 42 49 46 37 9	 => 188
 36 1 30 47 45 29	 => 188
 39 29 45 24 38 13	 => 188
 49 13 38 23 19 46	 => 188
 37 46 19 43 40 3	 => 188
 30 15 18 53 25 47	 => 188
 45 47 25 14 33 24	 => 188
 38 24 33 26 44 23	 => 188
 19 23 44 8 51 43	 => 188
 40 43 51 20 32 2	 => 188
 25 53 7 54 35 14	 => 188
 33 14 35 52 28 26	 => 188
 44 26 28 34 48 8	 => 188
 51 8 48 50 11 20	 => 188
 35 54 6 10 31 52	 => 188
 28 52 31 16 27 34	 => 188
 48 34 27 17 12 50	 => 188


===================[TEST 40]===================

##### START ##### Thu May 22 07:08:10 2003



##### CONVERGE ##### Thu May 22 07:10:02 2003

Elapsed time: 112 seconds
Total loop: 196 generations

Result : 187.478

16 22 23 49 34 46 8 17 44 41 5 37 38 25 2 53 36 27 28 35 42 15 45 51 4 13 6 32 50 19 30 29 26 24 39 43 9 3 14 21 54 47 11 48 52 31 1 10 18 40 12 33 7 20 

 16 22 23 49 34 46	 => 190
 8 46 34 17 44 41	 => 190
 5 41 44 37 38 25	 => 190
 23 2 53 36 27 49	 => 190
 34 49 27 28 35 17	 => 190
 44 17 35 42 15 37	 => 190
 38 37 15 45 51 4	 => 190
 53 13 6 32 50 36	 => 190
 27 36 50 19 30 28	 => 190
 35 28 30 29 26 42	 => 190
 15 42 26 24 39 45	 => 191
 51 45 39 43 9 3	 => 190
 50 32 14 21 54 19	 => 190
 30 19 54 47 11 29	 => 190
 26 29 11 48 52 24	 => 190
 39 24 52 31 1 43	 => 190
 54 21 10 18 40 47	 => 190
 11 47 40 12 33 48	 => 191
 52 48 33 7 20 31	 => 191


===================[TEST 41]===================

##### START ##### Thu May 22 07:10:02 2003



##### CONVERGE ##### Thu May 22 07:11:06 2003

Elapsed time: 64 seconds
Total loop: 112 generations

Result : 187.85

7 12 30 47 51 44 3 15 52 25 20 38 53 2 11 41 48 14 35 28 33 24 36 34 5 4 16 31 50 17 26 39 29 22 46 43 23 8 10 37 45 54 9 49 42 19 18 21 1 32 6 40 27 13 

 7 12 30 47 51 44	 => 191
 3 44 51 15 52 25	 => 190
 20 25 52 38 53 2	 => 190
 30 11 41 48 14 47	 => 191
 51 47 14 35 28 15	 => 190
 52 15 28 33 24 38	 => 190
 53 38 24 36 34 5	 => 190
 41 4 16 31 50 48	 => 190
 14 48 50 17 26 35	 => 190
 28 35 26 39 29 33	 => 190
 24 33 29 22 46 36	 => 190
 34 36 46 43 23 8	 => 190
 50 31 10 37 45 17	 => 190
 26 17 45 54 9 39	 => 190
 29 39 9 49 42 22	 => 190
 46 22 42 19 18 43	 => 190
 45 37 21 1 32 54	 => 190
 9 54 32 6 40 49	 => 190
 42 49 40 27 13 19	 => 190


===================[TEST 42]===================

##### START ##### Thu May 22 07:11:06 2003



##### CONVERGE ##### Thu May 22 07:12:23 2003

Elapsed time: 77 seconds
Total loop: 134 generations

Result : 187.85

3 23 29 49 40 46 1 16 52 35 15 50 21 17 9 48 37 18 41 27 25 20 51 36 12 6 2 44 53 11 30 39 28 24 42 26 31 4 10 34 38 54 19 33 47 43 8 14 5 45 7 32 13 22 

 3 23 29 49 40 46	 => 190
 1 46 40 16 52 35	 => 190
 15 35 52 50 21 17	 => 190
 29 9 48 37 18 49	 => 190
 40 49 18 41 27 16	 => 191
 52 16 27 25 20 50	 => 190
 21 50 20 51 36 12	 => 190
 48 6 2 44 53 37	 => 190
 18 37 53 11 30 41	 => 190
 27 41 30 39 28 25	 => 190
 20 25 28 24 42 51	 => 190
 36 51 42 26 31 4	 => 190
 53 44 10 34 38 11	 => 190
 30 11 38 54 19 39	 => 191
 28 39 19 33 47 24	 => 190
 42 24 47 43 8 26	 => 190
 38 34 14 5 45 54	 => 190
 19 54 45 7 32 33	 => 190
 47 33 32 13 22 43	 => 190


===================[TEST 43]===================

##### START ##### Thu May 22 07:12:23 2003



##### CONVERGE ##### Thu May 22 07:13:27 2003

Elapsed time: 64 seconds
Total loop: 112 generations

Result (Solution) : 189

7 16 47 52 29 38 1 31 49 41 11 54 24 10 6 33 26 25 30 22 20 13 44 51 3 15 34 28 53 19 36 35 46 21 45 32 5 12 8 39 42 40 17 43 27 50 14 18 2 48 4 37 9 23 

 7 16 47 52 29 38	 => 189
 1 38 29 31 49 41	 => 189
 11 41 49 54 24 10	 => 189
 47 6 33 26 25 52	 => 189
 29 52 25 30 22 31	 => 189
 49 31 22 20 13 54	 => 189
 24 54 13 44 51 3	 => 189
 33 15 34 28 53 26	 => 189
 25 26 53 19 36 30	 => 189
 22 30 36 35 46 20	 => 189
 13 20 46 21 45 44	 => 189
 51 44 45 32 5 12	 => 189
 53 28 8 39 42 19	 => 189
 36 19 42 40 17 35	 => 189
 46 35 17 43 27 21	 => 189
 45 21 27 50 14 32	 => 189
 42 39 18 2 48 40	 => 189
 17 40 48 4 37 43	 => 189
 27 43 37 9 23 50	 => 189


===================[TEST 44]===================

##### START ##### Thu May 22 07:13:27 2003



##### CONVERGE ##### Thu May 22 07:15:24 2003

Elapsed time: 117 seconds
Total loop: 205 generations

Result : 187.794

18 13 34 48 38 39 17 21 45 30 2 51 47 16 8 46 33 22 25 37 27 10 53 26 4 6 15 41 50 19 42 28 32 20 49 29 23 11 1 44 36 52 14 54 43 40 9 3 24 31 5 35 7 12 

 18 13 34 48 38 39	 => 190
 17 39 38 21 45 30	 => 190
 2 30 45 51 47 16	 => 191
 34 8 46 33 22 48	 => 191
 38 48 22 25 37 21	 => 191
 45 21 37 27 10 51	 => 191
 47 51 10 53 26 4	 => 191
 46 6 15 41 50 33	 => 191
 22 33 50 19 42 25	 => 191
 37 25 42 28 32 27	 => 191
 10 27 32 20 49 53	 => 191
 26 53 49 29 23 11	 => 191
 50 41 1 44 36 19	 => 191
 42 19 36 52 14 28	 => 191
 32 28 14 54 43 20	 => 191
 49 20 43 40 9 29	 => 190
 36 44 3 24 31 52	 => 190
 14 52 31 5 35 54	 => 191
 43 54 35 7 12 40	 => 191


===================[TEST 45]===================

##### START ##### Thu May 22 07:15:24 2003



##### CONVERGE ##### Thu May 22 07:16:25 2003

Elapsed time: 61 seconds
Total loop: 108 generations

Result : 187.85

16 15 28 52 36 43 8 13 40 50 5 42 46 7 1 48 34 27 23 39 32 24 41 35 3 17 2 38 51 11 44 31 21 19 53 30 9 22 4 49 37 47 20 54 45 33 10 25 6 26 14 29 18 12 

 16 15 28 52 36 43	 => 190
 8 43 36 13 40 50	 => 190
 5 50 40 42 46 7	 => 190
 28 1 48 34 27 52	 => 190
 36 52 27 23 39 13	 => 190
 40 13 39 32 24 42	 => 190
 46 42 24 41 35 3	 => 191
 48 17 2 38 51 34	 => 190
 27 34 51 11 44 23	 => 190
 39 23 44 31 21 32	 => 190
 24 32 21 19 53 41	 => 190
 35 41 53 30 9 22	 => 190
 51 38 4 49 37 11	 => 190
 44 11 37 47 20 31	 => 190
 21 31 20 54 45 19	 => 190
 53 19 45 33 10 30	 => 190
 37 49 25 6 26 47	 => 190
 20 47 26 14 29 54	 => 190
 45 54 29 18 12 33	 => 191


===================[TEST 46]===================

##### START ##### Thu May 22 07:16:25 2003



##### CONVERGE ##### Thu May 22 07:17:59 2003

Elapsed time: 94 seconds
Total loop: 163 generations

Result : 187.85

9 6 45 43 51 36 4 15 53 31 20 47 34 5 2 38 44 18 39 24 25 26 41 40 3 11 14 54 29 27 33 32 37 12 49 30 8 22 7 28 46 35 17 42 50 48 1 10 19 52 23 21 16 13 

 9 6 45 43 51 36	 => 190
 4 36 51 15 53 31	 => 190
 20 31 53 47 34 5	 => 190
 45 2 38 44 18 43	 => 190
 51 43 18 39 24 15	 => 190
 53 15 24 25 26 47	 => 190
 34 47 26 41 40 3	 => 191
 38 11 14 54 29 44	 => 190
 18 44 29 27 33 39	 => 190
 24 39 33 32 37 25	 => 190
 26 25 37 12 49 41	 => 190
 40 41 49 30 8 22	 => 190
 29 54 7 28 46 27	 => 191
 33 27 46 35 17 32	 => 190
 37 32 17 42 50 12	 => 190
 49 12 50 48 1 30	 => 190
 46 28 10 19 52 35	 => 190
 17 35 52 23 21 42	 => 190
 50 42 21 16 13 48	 => 190


===================[TEST 47]===================

##### START ##### Thu May 22 07:17:59 2003



##### CONVERGE ##### Thu May 22 07:19:02 2003

Elapsed time: 63 seconds
Total loop: 111 generations

Result : 187.616

7 17 50 44 41 31 8 23 53 34 16 36 32 19 3 42 47 4 48 30 21 27 51 24 20 1 15 33 52 14 25 38 28 10 54 43 5 13 2 40 49 35 29 46 39 37 6 18 22 26 9 45 11 12 

 7 17 50 44 41 31	 => 190
 8 31 41 23 53 34	 => 190
 16 34 53 36 32 19	 => 190
 50 3 42 47 4 44	 => 190
 41 44 4 48 30 23	 => 190
 53 23 30 21 27 36	 => 190
 32 36 27 51 24 20	 => 190
 42 1 15 33 52 47	 => 190
 4 47 52 14 25 48	 => 190
 30 48 25 38 28 21	 => 190
 27 21 28 10 54 51	 => 191
 24 51 54 43 5 13	 => 190
 52 33 2 40 49 14	 => 190
 25 14 49 35 29 38	 => 190
 28 38 29 46 39 10	 => 190
 54 10 39 37 6 43	 => 189
 49 40 18 22 26 35	 => 190
 29 35 26 9 45 46	 => 190
 39 46 45 11 12 37	 => 190


===================[TEST 48]===================

##### START ##### Thu May 22 07:19:02 2003



##### CONVERGE ##### Thu May 22 07:20:36 2003

Elapsed time: 94 seconds
Total loop: 165 generations

Result : 188.412

9 2 41 47 39 52 8 21 53 17 19 42 37 23 3 44 35 20 33 30 28 16 48 46 1 11 6 45 49 15 38 27 34 14 50 29 12 5 18 31 32 54 24 40 51 36 10 26 22 25 4 43 7 13 

 9 2 41 47 39 52	 => 190
 8 52 39 21 53 17	 => 190
 19 17 53 42 37 23	 => 191
 41 3 44 35 20 47	 => 190
 39 47 20 33 30 21	 => 190
 53 21 30 28 16 42	 => 190
 37 42 16 48 46 1	 => 190
 44 11 6 45 49 35	 => 190
 20 35 49 15 38 33	 => 190
 30 33 38 27 34 28	 => 190
 16 28 34 14 50 48	 => 190
 46 48 50 29 12 5	 => 190
 49 45 18 31 32 15	 => 190
 38 15 32 54 24 27	 => 190
 34 27 24 40 51 14	 => 190
 50 14 51 36 10 29	 => 190
 32 31 26 22 25 54	 => 190
 24 54 25 4 43 40	 => 190
 51 40 43 7 13 36	 => 190


===================[TEST 49]===================

##### START ##### Thu May 22 07:20:36 2003



##### CONVERGE ##### Thu May 22 07:22:01 2003

Elapsed time: 85 seconds
Total loop: 149 generations

Result : 187.794

9 2 49 35 52 43 7 24 38 27 12 54 42 18 5 31 50 21 29 30 25 20 45 28 1 17 10 47 36 23 32 34 41 16 44 51 19 3 4 33 48 46 8 53 39 26 15 11 13 40 6 37 14 22 

 9 2 49 35 52 43	 => 190
 7 43 52 24 38 27	 => 191
 12 27 38 54 42 18	 => 191
 49 5 31 50 21 35	 => 191
 52 35 21 29 30 24	 => 191
 38 24 30 25 20 54	 => 191
 42 54 20 45 28 1	 => 190
 31 17 10 47 36 50	 => 191
 21 50 36 23 32 29	 => 191
 30 29 32 34 41 25	 => 191
 20 25 41 16 44 45	 => 191
 28 45 44 51 19 3	 => 190
 36 47 4 33 48 23	 => 191
 32 23 48 46 8 34	 => 191
 41 34 8 53 39 16	 => 191
 44 16 39 26 15 51	 => 191
 48 33 11 13 40 46	 => 191
 8 46 40 6 37 53	 => 190
 39 53 37 14 22 26	 => 191


===================[TEST 50]===================

##### START ##### Thu May 22 07:22:01 2003



##### CONVERGE ##### Thu May 22 07:23:33 2003

Elapsed time: 92 seconds
Total loop: 160 generations

Result : 187.85

14 5 42 38 44 47 3 8 53 36 12 54 28 7 13 45 32 20 49 31 29 15 43 41 9 30 6 37 40 25 24 22 35 16 52 27 10 17 4 33 51 48 21 46 50 26 19 1 23 34 2 39 11 18 

 14 5 42 38 44 47	 => 190
 3 47 44 8 53 36	 => 191
 12 36 53 54 28 7	 => 190
 42 13 45 32 20 38	 => 190
 44 38 20 49 31 8	 => 190
 53 8 31 29 15 54	 => 190
 28 54 15 43 41 9	 => 190
 45 30 6 37 40 32	 => 190
 20 32 40 25 24 49	 => 190
 31 49 24 22 35 29	 => 190
 15 29 35 16 52 43	 => 190
 41 43 52 27 10 17	 => 190
 40 37 4 33 51 25	 => 190
 24 25 51 48 21 22	 => 191
 35 22 21 46 50 16	 => 190
 52 16 50 26 19 27	 => 190
 51 33 1 23 34 48	 => 190
 21 48 34 2 39 46	 => 190
 50 46 39 11 18 26	 => 190


===================[TEST 51]===================

##### START ##### Thu May 22 07:23:33 2003



##### CONVERGE ##### Thu May 22 07:25:22 2003

Elapsed time: 109 seconds
Total loop: 191 generations

Result : 187.794

21 4 50 45 46 25 11 17 51 41 6 38 34 20 13 33 40 10 37 35 27 23 43 49 3 15 19 31 53 22 29 36 26 18 54 30 14 1 9 28 48 44 12 47 52 32 5 8 24 39 7 42 16 2 

 21 4 50 45 46 25	 => 191
 11 25 46 17 51 41	 => 191
 6 41 51 38 34 20	 => 190
 50 13 33 40 10 45	 => 191
 46 45 10 37 35 17	 => 190
 51 17 35 27 23 38	 => 191
 34 38 23 43 49 3	 => 190
 33 15 19 31 53 40	 => 191
 10 40 53 22 29 37	 => 191
 35 37 29 36 26 27	 => 190
 23 27 26 18 54 43	 => 191
 49 43 54 30 14 1	 => 191
 53 31 9 28 48 22	 => 191
 29 22 48 44 12 36	 => 191
 26 36 12 47 52 18	 => 191
 54 18 52 32 5 30	 => 191
 48 28 8 24 39 44	 => 191
 12 44 39 7 42 47	 => 191
 52 47 42 16 2 32	 => 191


===================[TEST 52]===================

##### START ##### Thu May 22 07:25:22 2003



##### CONVERGE ##### Thu May 22 07:27:41 2003

Elapsed time: 139 seconds
Total loop: 244 generations

Result : 187.616

1 11 40 52 42 44 6 18 54 26 3 39 45 23 2 35 48 13 36 29 41 9 47 34 16 14 27 28 38 22 33 30 21 19 53 37 4 15 8 43 50 31 25 46 49 20 12 10 24 32 5 51 17 7 

 1 11 40 52 42 44	 => 190
 6 44 42 18 54 26	 => 190
 3 26 54 39 45 23	 => 190
 40 2 35 48 13 52	 => 190
 42 52 13 36 29 18	 => 190
 54 18 29 41 9 39	 => 190
 45 39 9 47 34 16	 => 190
 35 14 27 28 38 48	 => 190
 13 48 38 22 33 36	 => 190
 29 36 33 30 21 41	 => 190
 9 41 21 19 53 47	 => 190
 34 47 53 37 4 15	 => 190
 38 28 8 43 50 22	 => 189
 33 22 50 31 25 30	 => 191
 21 30 25 46 49 19	 => 190
 53 19 49 20 12 37	 => 190
 50 43 10 24 32 31	 => 190
 25 31 32 5 51 46	 => 190
 49 46 51 17 7 20	 => 190


===================[TEST 53]===================

##### START ##### Thu May 22 07:27:41 2003



##### CONVERGE ##### Thu May 22 07:29:00 2003

Elapsed time: 79 seconds
Total loop: 139 generations

Result : 187.794

9 6 41 50 42 43 21 7 47 31 11 53 39 10 3 34 49 13 33 46 24 14 51 30 4 2 25 36 44 23 29 26 32 18 52 38 19 1 5 28 54 37 22 45 48 27 8 17 20 35 12 40 16 15 

 9 6 41 50 42 43	 => 191
 21 43 42 7 47 31	 => 191
 11 31 47 53 39 10	 => 191
 41 3 34 49 13 50	 => 190
 42 50 13 33 46 7	 => 191
 47 7 46 24 14 53	 => 191
 39 53 14 51 30 4	 => 191
 34 2 25 36 44 49	 => 190
 13 49 44 23 29 33	 => 191
 46 33 29 26 32 24	 => 190
 14 24 32 18 52 51	 => 191
 30 51 52 38 19 1	 => 191
 44 36 5 28 54 23	 => 190
 29 23 54 37 22 26	 => 191
 32 26 22 45 48 18	 => 191
 52 18 48 27 8 38	 => 191
 54 28 17 20 35 37	 => 191
 22 37 35 12 40 45	 => 191
 48 45 40 16 15 27	 => 191


===================[TEST 54]===================

##### START ##### Thu May 22 07:29:00 2003



##### CONVERGE ##### Thu May 22 07:29:58 2003

Elapsed time: 58 seconds
Total loop: 100 generations

Result : 187.306

5 14 53 47 33 37 12 24 51 32 16 44 39 6 18 40 28 3 52 30 31 9 50 46 1 27 8 38 48 22 36 17 23 34 42 26 15 10 7 29 45 49 20 54 41 35 11 4 19 43 2 21 13 25 

 5 14 53 47 33 37	 => 189
 12 37 33 24 51 32	 => 189
 16 32 51 44 39 6	 => 188
 53 18 40 28 3 47	 => 189
 33 47 3 52 30 24	 => 189
 51 24 30 31 9 44	 => 189
 39 44 9 50 46 1	 => 189
 40 27 8 38 48 28	 => 189
 3 28 48 22 36 52	 => 189
 30 52 36 17 23 31	 => 189
 9 31 23 34 42 50	 => 189
 46 50 42 26 15 10	 => 189
 48 38 7 29 45 22	 => 189
 36 22 45 49 20 17	 => 189
 23 17 20 54 41 34	 => 189
 42 34 41 35 11 26	 => 189
 45 29 4 19 43 49	 => 189
 20 49 43 2 21 54	 => 189
 41 54 21 13 25 35	 => 189


===================[TEST 55]===================

##### START ##### Thu May 22 07:29:58 2003



##### CONVERGE ##### Thu May 22 07:31:19 2003

Elapsed time: 81 seconds
Total loop: 143 generations

Result : 187.478

25 8 54 37 46 20 14 17 53 40 13 32 43 9 2 33 45 19 41 30 34 24 52 35 4 15 1 47 49 11 26 36 23 10 48 38 12 5 3 29 51 39 27 44 50 28 16 22 18 31 7 42 6 21 

 25 8 54 37 46 20	 => 190
 14 20 46 17 53 40	 => 190
 13 40 53 32 43 9	 => 190
 54 2 33 45 19 37	 => 190
 46 37 19 41 30 17	 => 190
 53 17 30 34 24 32	 => 190
 43 32 24 52 35 4	 => 190
 33 15 1 47 49 45	 => 190
 19 45 49 11 26 41	 => 191
 30 41 26 36 23 34	 => 190
 24 34 23 10 48 52	 => 191
 35 52 48 38 12 5	 => 190
 49 47 3 29 51 11	 => 190
 26 11 51 39 27 36	 => 190
 23 36 27 44 50 10	 => 190
 48 10 50 28 16 38	 => 190
 51 29 22 18 31 39	 => 190
 27 39 31 7 42 44	 => 190
 50 44 42 6 21 28	 => 191


===================[TEST 56]===================

##### START ##### Thu May 22 07:31:19 2003



##### CONVERGE ##### Thu May 22 07:32:46 2003

Elapsed time: 87 seconds
Total loop: 153 generations

Result : 188.306

3 17 51 32 46 41 7 21 47 28 20 44 35 16 10 29 50 18 33 40 13 25 54 30 2 19 11 42 39 23 27 45 31 14 53 38 6 9 15 37 34 49 12 52 36 48 1 5 22 43 8 26 24 4 

 3 17 51 32 46 41	 => 190
 7 41 46 21 47 28	 => 190
 20 28 47 44 35 16	 => 190
 51 10 29 50 18 32	 => 190
 46 32 18 33 40 21	 => 190
 47 21 40 13 25 44	 => 190
 35 44 25 54 30 2	 => 190
 29 19 11 42 39 50	 => 190
 18 50 39 23 27 33	 => 190
 40 33 27 45 31 13	 => 189
 25 13 31 14 53 54	 => 190
 30 54 53 38 6 9	 => 190
 39 42 15 37 34 23	 => 190
 27 23 34 49 12 45	 => 190
 31 45 12 52 36 14	 => 190
 53 14 36 48 1 38	 => 190
 34 37 5 22 43 49	 => 190
 12 49 43 8 26 52	 => 190
 36 52 26 24 4 48	 => 190


===================[TEST 57]===================

##### START ##### Thu May 22 07:32:46 2003



##### CONVERGE ##### Thu May 22 07:34:02 2003

Elapsed time: 76 seconds
Total loop: 133 generations

Result : 187.85

7 18 28 52 39 46 1 20 54 30 22 50 24 10 8 42 44 16 37 26 25 15 47 36 19 21 2 33 48 11 34 45 23 27 53 31 17 6 9 51 38 49 13 40 43 32 4 14 3 35 12 41 5 29 

 7 18 28 52 39 46	 => 190
 1 46 39 20 54 30	 => 190
 22 30 54 50 24 10	 => 190
 28 8 42 44 16 52	 => 190
 39 52 16 37 26 20	 => 190
 54 20 26 25 15 50	 => 190
 24 50 15 47 36 19	 => 191
 42 21 2 33 48 44	 => 190
 16 44 48 11 34 37	 => 190
 26 37 34 45 23 25	 => 190
 15 25 23 27 53 47	 => 190
 36 47 53 31 17 6	 => 190
 48 33 9 51 38 11	 => 190
 34 11 38 49 13 45	 => 190
 23 45 13 40 43 27	 => 191
 53 27 43 32 4 31	 => 190
 38 51 14 3 35 49	 => 190
 13 49 35 12 41 40	 => 190
 43 40 41 5 29 32	 => 190


===================[TEST 58]===================

##### START ##### Thu May 22 07:34:02 2003



##### CONVERGE ##### Thu May 22 07:35:15 2003

Elapsed time: 73 seconds
Total loop: 127 generations

Result : 188.412

21 15 43 34 48 29 3 24 46 40 14 51 23 16 5 50 41 17 35 32 26 11 53 44 8 2 20 30 47 28 22 42 33 19 49 39 1 4 6 25 54 31 13 45 38 36 9 18 10 52 12 37 27 7 

 21 15 43 34 48 29	 => 190
 3 29 48 24 46 40	 => 190
 14 40 46 51 23 16	 => 190
 43 5 50 41 17 34	 => 190
 48 34 17 35 32 24	 => 190
 46 24 32 26 11 51	 => 190
 23 51 11 53 44 8	 => 190
 50 2 20 30 47 41	 => 190
 17 41 47 28 22 35	 => 190
 32 35 22 42 33 26	 => 190
 11 26 33 19 49 53	 => 191
 44 53 49 39 1 4	 => 190
 47 30 6 25 54 28	 => 190
 22 28 54 31 13 42	 => 190
 33 42 13 45 38 19	 => 190
 49 19 38 36 9 39	 => 190
 54 25 18 10 52 31	 => 190
 13 31 52 12 37 45	 => 190
 38 45 37 27 7 36	 => 190


===================[TEST 59]===================

##### START ##### Thu May 22 07:35:15 2003



##### CONVERGE ##### Thu May 22 07:36:21 2003

Elapsed time: 66 seconds
Total loop: 115 generations

Result : 187.478

15 4 37 47 53 34 13 17 50 24 6 52 36 22 3 43 46 14 28 31 29 12 49 32 9 7 1 39 54 8 40 27 35 21 45 30 23 11 20 18 51 38 26 33 48 44 2 25 16 42 10 41 5 19 

 15 4 37 47 53 34	 => 190
 13 34 53 17 50 24	 => 191
 6 24 50 52 36 22	 => 190
 37 3 43 46 14 47	 => 190
 53 47 14 28 31 17	 => 190
 50 17 31 29 12 52	 => 191
 36 52 12 49 32 9	 => 190
 43 7 1 39 54 46	 => 190
 14 46 54 8 40 28	 => 190
 31 28 40 27 35 29	 => 190
 12 29 35 21 45 49	 => 191
 32 49 45 30 23 11	 => 190
 54 39 20 18 51 8	 => 190
 40 8 51 38 26 27	 => 190
 35 27 26 33 48 21	 => 190
 45 21 48 44 2 30	 => 190
 51 18 25 16 42 38	 => 190
 26 38 42 10 41 33	 => 190
 48 33 41 5 19 44	 => 190


===================[TEST 60]===================

##### START ##### Thu May 22 07:36:21 2003



##### CONVERGE ##### Thu May 22 07:37:19 2003

Elapsed time: 58 seconds
Total loop: 101 generations

Result : 187.85

21 6 41 45 50 27 8 18 44 43 5 49 33 16 1 35 51 17 24 36 23 20 40 29 19 13 10 39 42 26 30 32 46 14 47 52 7 15 4 25 54 37 11 53 34 31 12 28 9 38 3 48 22 2 

 21 6 41 45 50 27	 => 190
 8 27 50 18 44 43	 => 190
 5 43 44 49 33 16	 => 190
 41 1 35 51 17 45	 => 190
 50 45 17 24 36 18	 => 190
 44 18 36 23 20 49	 => 190
 33 49 20 40 29 19	 => 190
 35 13 10 39 42 51	 => 190
 17 51 42 26 30 24	 => 190
 36 24 30 32 46 23	 => 191
 20 23 46 14 47 40	 => 190
 29 40 47 52 7 15	 => 190
 42 39 4 25 54 26	 => 190
 30 26 54 37 11 32	 => 190
 46 32 11 53 34 14	 => 190
 47 14 34 31 12 52	 => 190
 54 25 28 9 38 37	 => 191
 11 37 38 3 48 53	 => 190
 34 53 48 22 2 31	 => 190


===================[TEST 61]===================

##### START ##### Thu May 22 07:37:19 2003



##### CONVERGE ##### Thu May 22 07:38:22 2003

Elapsed time: 63 seconds
Total loop: 111 generations

Result (Solution) : 189

13 10 20 46 47 53 5 14 41 29 30 49 31 9 17 38 44 24 21 37 23 25 39 42 3 27 2 26 52 12 36 22 50 1 51 45 4 8 11 40 48 43 28 34 54 32 6 7 18 33 16 35 19 15 

 13 10 20 46 47 53	 => 189
 5 53 47 14 41 29	 => 189
 30 29 41 49 31 9	 => 189
 20 17 38 44 24 46	 => 189
 47 46 24 21 37 14	 => 189
 41 14 37 23 25 49	 => 189
 31 49 25 39 42 3	 => 189
 38 27 2 26 52 44	 => 189
 24 44 52 12 36 21	 => 189
 37 21 36 22 50 23	 => 189
 25 23 50 1 51 39	 => 189
 42 39 51 45 4 8	 => 189
 52 26 11 40 48 12	 => 189
 36 12 48 43 28 22	 => 189
 50 22 28 34 54 1	 => 189
 51 1 54 32 6 45	 => 189
 48 40 7 18 33 43	 => 189
 28 43 33 16 35 34	 => 189
 54 34 35 19 15 32	 => 189


===================[TEST 62]===================

##### START ##### Thu May 22 07:38:22 2003



##### CONVERGE ##### Thu May 22 07:39:20 2003

Elapsed time: 58 seconds
Total loop: 102 generations

Result : 186.85

4 11 28 51 47 48 5 8 49 32 1 50 43 14 15 29 46 20 30 34 36 12 42 23 19 16 17 27 54 18 21 25 44 2 53 38 26 7 3 35 52 33 40 37 41 45 10 6 24 39 9 31 22 13 

 4 11 28 51 47 48	 => 189
 5 48 47 8 49 32	 => 189
 1 32 49 50 43 14	 => 189
 28 15 29 46 20 51	 => 189
 47 51 20 30 34 8	 => 190
 49 8 34 36 12 50	 => 189
 43 50 12 42 23 19	 => 189
 29 16 17 27 54 46	 => 189
 20 46 54 18 21 30	 => 189
 34 30 21 25 44 36	 => 190
 12 36 44 2 53 42	 => 189
 23 42 53 38 26 7	 => 189
 54 27 3 35 52 18	 => 189
 21 18 52 33 40 25	 => 189
 44 25 40 37 41 2	 => 189
 53 2 41 45 10 38	 => 189
 52 35 6 24 39 33	 => 189
 40 33 39 9 31 37	 => 189
 41 37 31 22 13 45	 => 189


===================[TEST 63]===================

##### START ##### Thu May 22 07:39:20 2003



##### CONVERGE ##### Thu May 22 07:40:49 2003

Elapsed time: 89 seconds
Total loop: 155 generations

Result : 188.412

6 20 38 46 50 30 13 19 54 25 23 35 32 21 1 42 53 10 22 43 24 15 49 45 14 2 17 29 47 27 31 37 33 28 41 26 18 11 12 36 39 52 4 40 48 44 3 7 5 51 9 34 8 16 

 6 20 38 46 50 30	 => 190
 13 30 50 19 54 25	 => 191
 23 25 54 35 32 21	 => 190
 38 1 42 53 10 46	 => 190
 50 46 10 22 43 19	 => 190
 54 19 43 24 15 35	 => 190
 32 35 15 49 45 14	 => 190
 42 2 17 29 47 53	 => 190
 10 53 47 27 31 22	 => 190
 43 22 31 37 33 24	 => 190
 15 24 33 28 41 49	 => 190
 45 49 41 26 18 11	 => 190
 47 29 12 36 39 27	 => 190
 31 27 39 52 4 37	 => 190
 33 37 4 40 48 28	 => 190
 41 28 48 44 3 26	 => 190
 39 36 7 5 51 52	 => 190
 4 52 51 9 34 40	 => 190
 48 40 34 8 16 44	 => 190


===================[TEST 64]===================

##### START ##### Thu May 22 07:40:49 2003



##### CONVERGE ##### Thu May 22 07:42:04 2003

Elapsed time: 75 seconds
Total loop: 131 generations

Result : 188.412

21 12 31 46 51 29 5 11 49 45 1 48 24 23 6 50 41 17 33 32 35 15 53 42 8 19 14 36 30 25 44 28 18 22 47 37 9 2 20 40 39 38 16 52 54 27 3 13 26 34 7 43 10 4 

 21 12 31 46 51 29	 => 190
 5 29 51 11 49 45	 => 190
 1 45 49 48 24 23	 => 190
 31 6 50 41 17 46	 => 191
 51 46 17 33 32 11	 => 190
 49 11 32 35 15 48	 => 190
 24 48 15 53 42 8	 => 190
 50 19 14 36 30 41	 => 190
 17 41 30 25 44 33	 => 190
 32 33 44 28 18 35	 => 190
 15 35 18 22 47 53	 => 190
 42 53 47 37 9 2	 => 190
 30 36 20 40 39 25	 => 190
 44 25 39 38 16 28	 => 190
 18 28 16 52 54 22	 => 190
 47 22 54 27 3 37	 => 190
 39 40 13 26 34 38	 => 190
 16 38 34 7 43 52	 => 190
 54 52 43 10 4 27	 => 190


===================[TEST 65]===================

##### START ##### Thu May 22 07:42:04 2003



##### CONVERGE ##### Thu May 22 07:43:39 2003

Elapsed time: 95 seconds
Total loop: 167 generations

Result : 187.64

15 5 43 42 50 35 8 10 40 46 14 54 33 3 2 30 52 21 29 38 39 9 51 31 12 6 4 53 45 19 24 28 32 17 41 25 26 16 7 18 48 44 27 37 49 36 22 20 13 47 1 34 11 23 

 15 5 43 42 50 35	 => 190
 8 35 50 10 40 46	 => 189
 14 46 40 54 33 3	 => 190
 43 2 30 52 21 42	 => 190
 50 42 21 29 38 10	 => 190
 40 10 38 39 9 54	 => 190
 33 54 9 51 31 12	 => 190
 30 6 4 53 45 52	 => 190
 21 52 45 19 24 29	 => 190
 38 29 24 28 32 39	 => 190
 9 39 32 17 41 51	 => 189
 31 51 41 25 26 16	 => 190
 45 53 7 18 48 19	 => 190
 24 19 48 44 27 28	 => 190
 32 28 27 37 49 17	 => 190
 41 17 49 36 22 25	 => 190
 48 18 20 13 47 44	 => 190
 27 44 47 1 34 37	 => 190
 49 37 34 11 23 36	 => 190


===================[TEST 66]===================

##### START ##### Thu May 22 07:43:39 2003



##### CONVERGE ##### Thu May 22 07:44:51 2003

Elapsed time: 72 seconds
Total loop: 127 generations

Result : 187.478

21 7 41 48 45 28 24 4 53 36 3 51 39 8 6 27 54 14 44 35 30 17 40 31 13 19 10 38 42 16 20 32 29 22 52 37 12 18 11 33 50 47 25 49 34 43 2 9 5 46 1 23 15 26 

 21 7 41 48 45 28	 => 190
 24 28 45 4 53 36	 => 190
 3 36 53 51 39 8	 => 190
 41 6 27 54 14 48	 => 190
 45 48 14 44 35 4	 => 190
 53 4 35 30 17 51	 => 190
 39 51 17 40 31 13	 => 191
 27 19 10 38 42 54	 => 190
 14 54 42 16 20 44	 => 190
 35 44 20 32 29 30	 => 190
 17 30 29 22 52 40	 => 190
 31 40 52 37 12 18	 => 190
 42 38 11 33 50 16	 => 190
 20 16 50 47 25 32	 => 190
 29 32 25 49 34 22	 => 191
 52 22 34 43 2 37	 => 190
 50 33 9 5 46 47	 => 190
 25 47 46 1 23 49	 => 191
 34 49 23 15 26 43	 => 190


===================[TEST 67]===================

##### START ##### Thu May 22 07:44:51 2003



##### CONVERGE ##### Thu May 22 07:46:11 2003

Elapsed time: 80 seconds
Total loop: 139 generations

Result : 187.616

14 5 44 42 39 46 13 24 36 32 17 51 53 1 8 33 38 25 34 26 37 16 47 19 4 28 20 31 40 18 35 30 27 15 48 49 6 21 10 41 50 45 12 52 54 23 2 22 3 29 9 43 7 11 

 14 5 44 42 39 46	 => 190
 13 46 39 24 36 32	 => 190
 17 32 36 51 53 1	 => 190
 44 8 33 38 25 42	 => 190
 39 42 25 34 26 24	 => 190
 36 24 26 37 16 51	 => 190
 53 51 16 47 19 4	 => 190
 33 28 20 31 40 38	 => 190
 25 38 40 18 35 34	 => 190
 26 34 35 30 27 37	 => 189
 16 37 27 15 48 47	 => 190
 19 47 48 49 6 21	 => 190
 40 31 10 41 50 18	 => 190
 35 18 50 45 12 30	 => 190
 27 30 12 52 54 15	 => 190
 48 15 54 23 2 49	 => 191
 50 41 22 3 29 45	 => 190
 12 45 29 9 43 52	 => 190
 54 52 43 7 11 23	 => 190


===================[TEST 68]===================

##### START ##### Thu May 22 07:46:11 2003



##### CONVERGE ##### Thu May 22 07:47:30 2003

Elapsed time: 79 seconds
Total loop: 138 generations

Result : 186.64

10 8 46 36 45 44 7 4 41 48 17 51 27 5 3 42 23 39 30 35 32 26 24 47 14 21 22 37 43 20 34 18 40 13 54 38 1 25 9 28 52 50 15 53 49 33 2 12 16 31 11 29 19 6 

 10 8 46 36 45 44	 => 189
 7 44 45 4 41 48	 => 189
 17 48 41 51 27 5	 => 189
 46 3 42 23 39 36	 => 189
 45 36 39 30 35 4	 => 189
 41 4 35 32 26 51	 => 189
 27 51 26 24 47 14	 => 189
 42 21 22 37 43 23	 => 188
 39 23 43 20 34 30	 => 189
 35 30 34 18 40 32	 => 189
 26 32 40 13 54 24	 => 189
 47 24 54 38 1 25	 => 189
 43 37 9 28 52 20	 => 189
 34 20 52 50 15 18	 => 189
 40 18 15 53 49 13	 => 188
 54 13 49 33 2 38	 => 189
 52 28 12 16 31 50	 => 189
 15 50 31 11 29 53	 => 189
 49 53 29 19 6 33	 => 189


===================[TEST 69]===================

##### START ##### Thu May 22 07:47:30 2003



##### CONVERGE ##### Thu May 22 07:48:12 2003

Elapsed time: 42 seconds
Total loop: 75 generations

Result : 186.478

12 18 28 48 31 52 6 13 41 46 27 24 36 15 8 26 54 25 19 53 23 35 44 45 5 10 17 40 42 16 33 32 29 7 51 34 14 1 9 43 39 47 22 50 49 38 11 4 20 37 3 30 2 21 

 12 18 28 48 31 52	 => 189
 6 52 31 13 41 46	 => 189
 27 46 41 24 36 15	 => 189
 28 8 26 54 25 48	 => 189
 31 48 25 19 53 13	 => 189
 41 13 53 23 35 24	 => 189
 36 24 35 44 45 5	 => 189
 26 10 17 40 42 54	 => 189
 25 54 42 16 33 19	 => 189
 53 19 33 32 29 23	 => 189
 35 23 29 7 51 44	 => 189
 45 44 51 34 14 1	 => 189
 42 40 9 43 39 16	 => 189
 33 16 39 47 22 32	 => 189
 29 32 22 50 49 7	 => 189
 51 7 49 38 11 34	 => 190
 39 43 4 20 37 47	 => 190
 22 47 37 3 30 50	 => 189
 49 50 30 2 21 38	 => 190


===================[TEST 70]===================

##### START ##### Thu May 22 07:48:12 2003



##### CONVERGE ##### Thu May 22 07:50:32 2003

Elapsed time: 140 seconds
Total loop: 245 generations

Result : 188.412

12 8 36 50 49 35 14 10 42 40 2 48 28 30 17 22 47 18 24 39 26 25 52 32 6 20 7 43 51 21 29 41 31 3 53 33 1 19 11 27 37 46 16 45 54 38 9 13 23 44 5 34 4 15 

 12 8 36 50 49 35	 => 190
 14 35 49 10 42 40	 => 190
 2 40 42 48 28 30	 => 190
 36 17 22 47 18 50	 => 190
 49 50 18 24 39 10	 => 190
 42 10 39 26 25 48	 => 190
 28 48 25 52 32 6	 => 191
 22 20 7 43 51 47	 => 190
 18 47 51 21 29 24	 => 190
 39 24 29 41 31 26	 => 190
 25 26 31 3 53 52	 => 190
 32 52 53 33 1 19	 => 190
 51 43 11 27 37 21	 => 190
 29 21 37 46 16 41	 => 190
 31 41 16 45 54 3	 => 190
 53 3 54 38 9 33	 => 190
 37 27 13 23 44 46	 => 190
 16 46 44 5 34 45	 => 190
 54 45 34 4 15 38	 => 190


===================[TEST 71]===================

##### START ##### Thu May 22 07:50:32 2003



##### CONVERGE ##### Thu May 22 07:52:34 2003

Elapsed time: 122 seconds
Total loop: 213 generations

Result : 188.412

13 4 37 54 51 31 3 23 53 29 10 50 33 15 20 30 47 2 36 24 21 19 52 35 1 6 16 48 44 18 43 34 32 28 38 45 12 8 11 27 42 46 7 40 49 25 5 22 14 39 17 41 26 9 

 13 4 37 54 51 31	 => 190
 3 31 51 23 53 29	 => 190
 10 29 53 50 33 15	 => 190
 37 20 30 47 2 54	 => 190
 51 54 2 36 24 23	 => 190
 53 23 24 21 19 50	 => 190
 33 50 19 52 35 1	 => 190
 30 6 16 48 44 47	 => 191
 2 47 44 18 43 36	 => 190
 24 36 43 34 32 21	 => 190
 19 21 32 28 38 52	 => 190
 35 52 38 45 12 8	 => 190
 44 48 11 27 42 18	 => 190
 43 18 42 46 7 34	 => 190
 32 34 7 40 49 28	 => 190
 38 28 49 25 5 45	 => 190
 42 27 22 14 39 46	 => 190
 7 46 39 17 41 40	 => 190
 49 40 41 26 9 25	 => 190


===================[TEST 72]===================

##### START ##### Thu May 22 07:52:34 2003



##### CONVERGE ##### Thu May 22 07:53:55 2003

Elapsed time: 81 seconds
Total loop: 141 generations

Result : 188.412

9 15 26 52 53 35 4 20 31 47 16 50 43 3 13 45 48 6 29 30 37 22 36 38 1 19 7 25 46 33 28 32 34 12 49 51 11 5 18 27 42 41 14 54 44 24 10 23 17 40 2 39 21 8 

 9 15 26 52 53 35	 => 190
 4 35 53 20 31 47	 => 190
 16 47 31 50 43 3	 => 190
 26 13 45 48 6 52	 => 190
 53 52 6 29 30 20	 => 190
 31 20 30 37 22 50	 => 190
 43 50 22 36 38 1	 => 190
 45 19 7 25 46 48	 => 190
 6 48 46 33 28 29	 => 190
 30 29 28 32 34 37	 => 190
 22 37 34 12 49 36	 => 190
 38 36 49 51 11 5	 => 190
 46 25 18 27 42 33	 => 191
 28 33 42 41 14 32	 => 190
 34 32 14 54 44 12	 => 190
 49 12 44 24 10 51	 => 190
 42 27 23 17 40 41	 => 190
 14 41 40 2 39 54	 => 190
 44 54 39 21 8 24	 => 190


===================[TEST 73]===================

##### START ##### Thu May 22 07:53:55 2003



##### CONVERGE ##### Thu May 22 07:55:37 2003

Elapsed time: 102 seconds
Total loop: 180 generations

Result (Solution) : 189

1 15 40 50 41 42 9 27 32 38 14 52 36 17 2 28 45 24 34 13 49 16 44 33 8 5 26 31 54 10 22 46 25 7 48 35 11 18 6 37 51 39 21 47 43 53 3 20 19 23 29 30 4 12 

 1 15 40 50 41 42	 => 189
 9 42 41 27 32 38	 => 189
 14 38 32 52 36 17	 => 189
 40 2 28 45 24 50	 => 189
 41 50 24 34 13 27	 => 189
 32 27 13 49 16 52	 => 189
 36 52 16 44 33 8	 => 189
 28 5 26 31 54 45	 => 189
 24 45 54 10 22 34	 => 189
 13 34 22 46 25 49	 => 189
 16 49 25 7 48 44	 => 189
 33 44 48 35 11 18	 => 189
 54 31 6 37 51 10	 => 189
 22 10 51 39 21 46	 => 189
 25 46 21 47 43 7	 => 189
 48 7 43 53 3 35	 => 189
 51 37 20 19 23 39	 => 189
 21 39 23 29 30 47	 => 189
 43 47 30 4 12 53	 => 189


===================[TEST 74]===================

##### START ##### Thu May 22 07:55:37 2003



##### CONVERGE ##### Thu May 22 07:57:01 2003

Elapsed time: 84 seconds
Total loop: 146 generations

Result : 187.85

14 10 41 43 54 28 4 11 48 45 18 42 25 12 1 26 52 27 19 36 29 24 40 46 13 17 9 47 39 15 38 31 37 7 53 30 20 2 3 35 51 33 22 49 44 50 6 16 23 32 21 34 8 5 

 14 10 41 43 54 28	 => 190
 4 28 54 11 48 45	 => 190
 18 45 48 42 25 12	 => 190
 41 1 26 52 27 43	 => 190
 54 43 27 19 36 11	 => 190
 48 11 36 29 24 42	 => 190
 25 42 24 40 46 13	 => 190
 26 17 9 47 39 52	 => 190
 27 52 39 15 38 19	 => 190
 36 19 38 31 37 29	 => 190
 24 29 37 7 53 40	 => 190
 46 40 53 30 20 2	 => 191
 39 47 3 35 51 15	 => 190
 38 15 51 33 22 31	 => 190
 37 31 22 49 44 7	 => 190
 53 7 44 50 6 30	 => 190
 51 35 16 23 32 33	 => 190
 22 33 32 21 34 49	 => 191
 44 49 34 8 5 50	 => 190


===================[TEST 75]===================

##### START ##### Thu May 22 07:57:01 2003



##### CONVERGE ##### Thu May 22 07:58:56 2003

Elapsed time: 115 seconds
Total loop: 203 generations

Result (Solution) : 190

21 2 37 46 49 35 16 12 38 40 22 51 28 11 1 41 48 17 30 36 29 24 50 31 6 3 15 39 44 8 43 19 33 7 47 45 4 13 14 32 53 42 25 54 52 34 5 10 27 26 20 23 9 18 

 21 2 37 46 49 35	 => 190
 16 35 49 12 38 40	 => 190
 22 40 38 51 28 11	 => 190
 37 1 41 48 17 46	 => 190
 49 46 17 30 36 12	 => 190
 38 12 36 29 24 51	 => 190
 28 51 24 50 31 6	 => 190
 41 3 15 39 44 48	 => 190
 17 48 44 8 43 30	 => 190
 36 30 43 19 33 29	 => 190
 24 29 33 7 47 50	 => 190
 31 50 47 45 4 13	 => 190
 44 39 14 32 53 8	 => 190
 43 8 53 42 25 19	 => 190
 33 19 25 54 52 7	 => 190
 47 7 52 34 5 45	 => 190
 53 32 10 27 26 42	 => 190
 25 42 26 20 23 54	 => 190
 52 54 23 9 18 34	 => 190


===================[TEST 76]===================

##### START ##### Thu May 22 07:58:56 2003



##### CONVERGE ##### Thu May 22 08:00:05 2003

Elapsed time: 69 seconds
Total loop: 120 generations

Result : 188.306

5 11 35 45 40 54 3 32 34 27 12 49 50 18 2 48 41 19 21 33 29 13 44 30 4 15 6 28 52 20 37 31 39 14 51 25 16 23 1 47 42 43 17 36 53 38 9 8 24 26 22 46 10 7 

 5 11 35 45 40 54	 => 190
 3 54 40 32 34 27	 => 190
 12 27 34 49 50 18	 => 190
 35 2 48 41 19 45	 => 190
 40 45 19 21 33 32	 => 190
 34 32 33 29 13 49	 => 190
 50 49 13 44 30 4	 => 190
 48 15 6 28 52 41	 => 190
 19 41 52 20 37 21	 => 190
 33 21 37 31 39 29	 => 190
 13 29 39 14 51 44	 => 190
 30 44 51 25 16 23	 => 189
 52 28 1 47 42 20	 => 190
 37 20 42 43 17 31	 => 190
 39 31 17 36 53 14	 => 190
 51 14 53 38 9 25	 => 190
 42 47 8 24 26 43	 => 190
 17 43 26 22 46 36	 => 190
 53 36 46 10 7 38	 => 190


===================[TEST 77]===================

##### START ##### Thu May 22 08:00:05 2003



##### CONVERGE ##### Thu May 22 08:01:20 2003

Elapsed time: 75 seconds
Total loop: 132 generations

Result : 187.85

15 10 50 34 54 27 3 12 41 53 7 32 48 9 2 44 43 17 31 42 39 24 46 35 5 6 13 33 51 19 29 26 23 20 38 45 8 18 11 36 40 52 25 47 49 37 1 28 4 30 16 21 14 22 

 15 10 50 34 54 27	 => 190
 3 27 54 12 41 53	 => 190
 7 53 41 32 48 9	 => 190
 50 2 44 43 17 34	 => 190
 54 34 17 31 42 12	 => 190
 41 12 42 39 24 32	 => 190
 48 32 24 46 35 5	 => 190
 44 6 13 33 51 43	 => 190
 17 43 51 19 29 31	 => 190
 42 31 29 26 23 39	 => 190
 24 39 23 20 38 46	 => 190
 35 46 38 45 8 18	 => 190
 51 33 11 36 40 19	 => 190
 29 19 40 52 25 26	 => 191
 23 26 25 47 49 20	 => 190
 38 20 49 37 1 45	 => 190
 40 36 28 4 30 52	 => 190
 25 52 30 16 21 47	 => 191
 49 47 21 14 22 37	 => 190


===================[TEST 78]===================

##### START ##### Thu May 22 08:01:20 2003



##### CONVERGE ##### Thu May 22 08:03:05 2003

Elapsed time: 105 seconds
Total loop: 184 generations

Result : 188.412

12 10 24 44 49 51 4 7 40 39 14 47 42 8 19 34 52 17 32 41 29 26 43 30 2 18 13 27 46 23 20 33 35 21 36 31 22 28 16 25 53 50 11 37 54 45 3 15 9 38 6 48 1 5 

 12 10 24 44 49 51	 => 190
 4 51 49 7 40 39	 => 190
 14 39 40 47 42 8	 => 190
 24 19 34 52 17 44	 => 190
 49 44 17 32 41 7	 => 190
 40 7 41 29 26 47	 => 190
 42 47 26 43 30 2	 => 190
 34 18 13 27 46 52	 => 190
 17 52 46 23 20 32	 => 190
 41 32 20 33 35 29	 => 190
 26 29 35 21 36 43	 => 190
 30 43 36 31 22 28	 => 190
 46 27 16 25 53 23	 => 190
 20 23 53 50 11 33	 => 190
 35 33 11 37 54 21	 => 191
 36 21 54 45 3 31	 => 190
 53 25 15 9 38 50	 => 190
 11 50 38 6 48 37	 => 190
 54 37 48 1 5 45	 => 190


===================[TEST 79]===================

##### START ##### Thu May 22 08:03:05 2003



##### CONVERGE ##### Thu May 22 08:04:53 2003

Elapsed time: 108 seconds
Total loop: 189 generations

Result : 187.64

2 9 43 51 47 38 6 13 41 45 8 40 46 10 5 27 52 12 28 39 32 24 54 25 1 7 18 42 44 19 35 34 21 22 37 31 26 17 3 29 53 33 16 48 49 36 15 11 14 50 20 23 4 30 

 2 9 43 51 47 38	 => 190
 6 38 47 13 41 45	 => 190
 8 45 41 40 46 10	 => 190
 43 5 27 52 12 51	 => 190
 47 51 12 28 39 13	 => 190
 41 13 39 32 24 40	 => 189
 46 40 24 54 25 1	 => 190
 27 7 18 42 44 52	 => 190
 12 52 44 19 35 28	 => 190
 39 28 35 34 21 32	 => 189
 24 32 21 22 37 54	 => 190
 25 54 37 31 26 17	 => 190
 44 42 3 29 53 19	 => 190
 35 19 53 33 16 34	 => 190
 21 34 16 48 49 22	 => 190
 37 22 49 36 15 31	 => 190
 53 29 11 14 50 33	 => 190
 16 33 50 20 23 48	 => 190
 49 48 23 4 30 36	 => 190


===================[TEST 80]===================

##### START ##### Thu May 22 08:04:53 2003



##### CONVERGE ##### Thu May 22 08:06:10 2003

Elapsed time: 77 seconds
Total loop: 134 generations

Result : 188.412

13 14 39 53 45 26 1 25 51 42 17 38 32 10 5 35 49 9 31 27 30 19 52 43 6 24 2 34 46 18 37 36 29 16 44 33 11 7 23 28 41 50 8 48 54 40 3 4 20 47 22 15 12 21 

 13 14 39 53 45 26	 => 190
 1 26 45 25 51 42	 => 190
 17 42 51 38 32 10	 => 190
 39 5 35 49 9 53	 => 190
 45 53 9 31 27 25	 => 190
 51 25 27 30 19 38	 => 190
 32 38 19 52 43 6	 => 190
 35 24 2 34 46 49	 => 190
 9 49 46 18 37 31	 => 190
 27 31 37 36 29 30	 => 190
 19 30 29 16 44 52	 => 190
 43 52 44 33 11 7	 => 190
 46 34 23 28 41 18	 => 190
 37 18 41 50 8 36	 => 190
 29 36 8 48 54 16	 => 191
 44 16 54 40 3 33	 => 190
 41 28 4 20 47 50	 => 190
 8 50 47 22 15 48	 => 190
 54 48 15 12 21 40	 => 190


===================[TEST 81]===================

##### START ##### Thu May 22 08:06:10 2003



##### CONVERGE ##### Thu May 22 08:07:58 2003

Elapsed time: 108 seconds
Total loop: 190 generations

Result : 187.85

14 22 46 41 43 24 17 30 40 36 19 32 50 13 9 25 53 16 23 37 33 18 54 34 2 5 12 51 44 26 28 42 27 20 39 48 11 4 3 31 35 52 7 49 45 38 1 15 10 47 6 29 21 8 

 14 22 46 41 43 24	 => 190
 17 24 43 30 40 36	 => 190
 19 36 40 32 50 13	 => 190
 46 9 25 53 16 41	 => 190
 43 41 16 23 37 30	 => 190
 40 30 37 33 18 32	 => 190
 50 32 18 54 34 2	 => 190
 25 5 12 51 44 53	 => 190
 16 53 44 26 28 23	 => 190
 37 23 28 42 27 33	 => 190
 18 33 27 20 39 54	 => 191
 34 54 39 48 11 4	 => 190
 44 51 3 31 35 26	 => 190
 28 26 35 52 7 42	 => 190
 27 42 7 49 45 20	 => 190
 39 20 45 38 1 48	 => 191
 35 31 15 10 47 52	 => 190
 7 52 47 6 29 49	 => 190
 45 49 29 21 8 38	 => 190


===================[TEST 82]===================

##### START ##### Thu May 22 08:07:58 2003



##### CONVERGE ##### Thu May 22 08:09:32 2003

Elapsed time: 94 seconds
Total loop: 165 generations

Result : 187.794

24 4 28 52 44 39 5 23 49 31 6 48 40 17 3 46 41 21 26 25 27 19 35 42 7 1 20 32 51 22 29 33 50 13 47 37 12 18 2 30 54 45 8 53 34 43 16 10 14 38 11 36 9 15 

 24 4 28 52 44 39	 => 191
 5 39 44 23 49 31	 => 191
 6 31 49 48 40 17	 => 191
 28 3 46 41 21 52	 => 191
 44 52 21 26 25 23	 => 191
 49 23 25 27 19 48	 => 191
 40 48 19 35 42 7	 => 191
 46 1 20 32 51 41	 => 191
 21 41 51 22 29 26	 => 190
 25 26 29 33 50 27	 => 190
 19 27 50 13 47 35	 => 191
 42 35 47 37 12 18	 => 191
 51 32 2 30 54 22	 => 191
 29 22 54 45 8 33	 => 191
 50 33 8 53 34 13	 => 191
 47 13 34 43 16 37	 => 190
 54 30 10 14 38 45	 => 191
 8 45 38 11 36 53	 => 191
 34 53 36 9 15 43	 => 190


===================[TEST 83]===================

##### START ##### Thu May 22 08:09:32 2003



##### CONVERGE ##### Thu May 22 08:11:00 2003

Elapsed time: 88 seconds
Total loop: 153 generations

Result : 187.478

5 11 50 47 29 48 2 17 51 43 15 31 40 10 7 27 35 24 32 41 30 20 49 38 12 9 21 46 52 13 34 25 28 26 37 45 4 18 6 19 54 42 22 53 36 44 3 23 14 39 1 33 16 8 

 5 11 50 47 29 48	 => 190
 2 48 29 17 51 43	 => 190
 15 43 51 31 40 10	 => 190
 50 7 27 35 24 47	 => 190
 29 47 24 32 41 17	 => 190
 51 17 41 30 20 31	 => 190
 40 31 20 49 38 12	 => 190
 27 9 21 46 52 35	 => 190
 24 35 52 13 34 32	 => 190
 41 32 34 25 28 30	 => 190
 20 30 28 26 37 49	 => 190
 38 49 37 45 4 18	 => 191
 52 46 6 19 54 13	 => 190
 34 13 54 42 22 25	 => 190
 28 25 22 53 36 26	 => 190
 37 26 36 44 3 45	 => 191
 54 19 23 14 39 42	 => 191
 22 42 39 1 33 53	 => 190
 36 53 33 16 8 44	 => 190


===================[TEST 84]===================

##### START ##### Thu May 22 08:11:00 2003



##### CONVERGE ##### Thu May 22 08:12:37 2003

Elapsed time: 97 seconds
Total loop: 170 generations

Result : 188.163

12 2 45 43 37 52 3 23 49 27 13 42 41 19 6 25 54 18 34 36 31 10 51 38 9 5 24 48 35 22 28 29 32 17 50 30 14 8 1 40 44 47 21 39 53 26 15 11 16 33 4 46 20 7 

 12 2 45 43 37 52	 => 191
 3 52 37 23 49 27	 => 191
 13 27 49 42 41 19	 => 191
 45 6 25 54 18 43	 => 191
 37 43 18 34 36 23	 => 191
 49 23 36 31 10 42	 => 191
 41 42 10 51 38 9	 => 191
 25 5 24 48 35 54	 => 191
 18 54 35 22 28 34	 => 191
 36 34 28 29 32 31	 => 190
 10 31 32 17 50 51	 => 191
 38 51 50 30 14 8	 => 191
 35 48 1 40 44 22	 => 190
 28 22 44 47 21 29	 => 191
 32 29 21 39 53 17	 => 191
 50 17 53 26 15 30	 => 191
 44 40 11 16 33 47	 => 191
 21 47 33 4 46 39	 => 190
 53 39 46 20 7 26	 => 191


===================[TEST 85]===================

##### START ##### Thu May 22 08:12:37 2003



##### CONVERGE ##### Thu May 22 08:13:51 2003

Elapsed time: 74 seconds
Total loop: 130 generations

Result : 187.64

6 19 32 52 33 48 8 15 47 39 18 31 44 11 3 37 42 24 20 46 25 26 54 29 5 9 13 36 53 17 34 38 27 14 43 51 12 1 16 23 45 35 21 40 50 30 2 28 10 49 4 41 7 22 

 6 19 32 52 33 48	 => 190
 8 48 33 15 47 39	 => 190
 18 39 47 31 44 11	 => 190
 32 3 37 42 24 52	 => 190
 33 52 24 20 46 15	 => 190
 47 15 46 25 26 31	 => 190
 44 31 26 54 29 5	 => 189
 37 9 13 36 53 42	 => 190
 24 42 53 17 34 20	 => 190
 46 20 34 38 27 25	 => 190
 26 25 27 14 43 54	 => 189
 29 54 43 51 12 1	 => 190
 53 36 16 23 45 17	 => 190
 34 17 45 35 21 38	 => 190
 27 38 21 40 50 14	 => 190
 43 14 50 30 2 51	 => 190
 45 23 28 10 49 35	 => 190
 21 35 49 4 41 40	 => 190
 50 40 41 7 22 30	 => 190


===================[TEST 86]===================

##### START ##### Thu May 22 08:13:51 2003



##### CONVERGE ##### Thu May 22 08:14:55 2003

Elapsed time: 64 seconds
Total loop: 112 generations

Result : 187.163

5 18 33 38 49 47 3 13 46 31 10 52 50 1 15 43 45 16 42 32 35 12 48 26 2 6 4 53 39 21 27 37 17 24 54 34 8 19 7 30 40 44 20 51 41 28 9 22 29 25 14 36 11 23 

 5 18 33 38 49 47	 => 190
 3 47 49 13 46 31	 => 189
 10 31 46 52 50 1	 => 190
 33 15 43 45 16 38	 => 190
 49 38 16 42 32 13	 => 190
 46 13 32 35 12 52	 => 190
 50 52 12 48 26 2	 => 190
 43 6 4 53 39 45	 => 190
 16 45 39 21 27 42	 => 190
 32 42 27 37 17 35	 => 190
 12 35 17 24 54 48	 => 190
 26 48 54 34 8 19	 => 189
 39 53 7 30 40 21	 => 190
 27 21 40 44 20 37	 => 189
 17 37 20 51 41 24	 => 190
 54 24 41 28 9 34	 => 190
 40 30 22 29 25 44	 => 190
 20 44 25 14 36 51	 => 190
 41 51 36 11 23 28	 => 190


===================[TEST 87]===================

##### START ##### Thu May 22 08:14:55 2003



##### CONVERGE ##### Thu May 22 08:16:37 2003

Elapsed time: 102 seconds
Total loop: 179 generations

Result : 188.412

21 4 28 50 49 38 10 18 41 34 14 40 36 25 15 45 43 9 37 27 35 29 30 52 3 2 23 26 51 11 39 22 31 19 46 42 7 13 16 32 54 47 17 48 53 24 6 8 5 44 1 33 20 12 

 21 4 28 50 49 38	 => 190
 10 38 49 18 41 34	 => 190
 14 34 41 40 36 25	 => 190
 28 15 45 43 9 50	 => 190
 49 50 9 37 27 18	 => 190
 41 18 27 35 29 40	 => 190
 36 40 29 30 52 3	 => 190
 45 2 23 26 51 43	 => 190
 9 43 51 11 39 37	 => 190
 27 37 39 22 31 35	 => 191
 29 35 31 19 46 30	 => 190
 52 30 46 42 7 13	 => 190
 51 26 16 32 54 11	 => 190
 39 11 54 47 17 22	 => 190
 31 22 17 48 53 19	 => 190
 46 19 53 24 6 42	 => 190
 54 32 8 5 44 47	 => 190
 17 47 44 1 33 48	 => 190
 53 48 33 20 12 24	 => 190


===================[TEST 88]===================

##### START ##### Thu May 22 08:16:37 2003



##### CONVERGE ##### Thu May 22 08:17:59 2003

Elapsed time: 82 seconds
Total loop: 142 generations

Result : 187.268

10 7 50 34 52 38 2 17 53 28 18 35 41 16 1 30 51 25 33 29 36 21 42 47 4 9 14 48 39 20 23 43 26 12 54 40 5 3 8 27 49 37 19 45 46 32 6 22 11 44 15 31 13 24 

 10 7 50 34 52 38	 => 191
 2 38 52 17 53 28	 => 190
 18 28 53 35 41 16	 => 191
 50 1 30 51 25 34	 => 191
 52 34 25 33 29 17	 => 190
 53 17 29 36 21 35	 => 191
 41 35 21 42 47 4	 => 190
 30 9 14 48 39 51	 => 191
 25 51 39 20 23 33	 => 191
 29 33 23 43 26 36	 => 190
 21 36 26 12 54 42	 => 191
 47 42 54 40 5 3	 => 191
 39 48 8 27 49 20	 => 191
 23 20 49 37 19 43	 => 191
 26 43 19 45 46 12	 => 191
 54 12 46 32 6 40	 => 190
 49 27 22 11 44 37	 => 190
 19 37 44 15 31 45	 => 191
 46 45 31 13 24 32	 => 191


===================[TEST 89]===================

##### START ##### Thu May 22 08:17:59 2003



##### CONVERGE ##### Thu May 22 08:19:36 2003

Elapsed time: 97 seconds
Total loop: 170 generations

Result : 187.85

17 18 26 54 46 30 14 16 51 33 10 40 48 8 4 35 50 21 24 29 41 13 36 44 9 7 11 34 53 23 20 49 27 28 45 42 1 22 2 47 31 52 15 39 32 37 6 5 12 43 3 38 19 25 

 17 18 26 54 46 30	 => 191
 14 30 46 16 51 33	 => 190
 10 33 51 40 48 8	 => 190
 26 4 35 50 21 54	 => 190
 46 54 21 24 29 16	 => 190
 51 16 29 41 13 40	 => 190
 48 40 13 36 44 9	 => 190
 35 7 11 34 53 50	 => 190
 21 50 53 23 20 24	 => 191
 29 24 20 49 27 41	 => 190
 13 41 27 28 45 36	 => 190
 44 36 45 42 1 22	 => 190
 53 34 2 47 31 23	 => 190
 20 23 31 52 15 49	 => 190
 27 49 15 39 32 28	 => 190
 45 28 32 37 6 42	 => 190
 31 47 5 12 43 52	 => 190
 15 52 43 3 38 39	 => 190
 32 39 38 19 25 37	 => 190


===================[TEST 90]===================

##### START ##### Thu May 22 08:19:36 2003



##### CONVERGE ##### Thu May 22 08:20:39 2003

Elapsed time: 63 seconds
Total loop: 110 generations

Result : 187.306

28 12 15 50 43 41 11 27 44 23 20 54 47 1 16 38 52 18 26 25 37 2 48 24 14 5 4 39 51 7 35 30 36 13 53 34 9 21 3 40 49 45 22 42 46 33 10 17 6 32 19 29 31 8 

 28 12 15 50 43 41	 => 189
 11 41 43 27 44 23	 => 189
 20 23 44 54 47 1	 => 189
 15 16 38 52 18 50	 => 189
 43 50 18 26 25 27	 => 189
 44 27 25 37 2 54	 => 189
 47 54 2 48 24 14	 => 189
 38 5 4 39 51 52	 => 189
 18 52 51 7 35 26	 => 189
 25 26 35 30 36 37	 => 189
 2 37 36 13 53 48	 => 189
 24 48 53 34 9 21	 => 189
 51 39 3 40 49 7	 => 189
 35 7 49 45 22 30	 => 188
 36 30 22 42 46 13	 => 189
 53 13 46 33 10 34	 => 189
 49 40 17 6 32 45	 => 189
 22 45 32 19 29 42	 => 189
 46 42 29 31 8 33	 => 189


===================[TEST 91]===================

##### START ##### Thu May 22 08:20:39 2003



##### CONVERGE ##### Thu May 22 08:22:15 2003

Elapsed time: 96 seconds
Total loop: 169 generations

Result : 187.85

12 2 44 42 50 40 8 15 54 23 3 51 47 13 9 46 27 22 35 26 39 5 53 33 1 24 11 34 48 21 37 28 25 32 36 41 17 10 4 45 38 52 14 49 43 31 7 6 19 30 16 29 20 18 

 12 2 44 42 50 40	 => 190
 8 40 50 15 54 23	 => 190
 3 23 54 51 47 13	 => 191
 44 9 46 27 22 42	 => 190
 50 42 22 35 26 15	 => 190
 54 15 26 39 5 51	 => 190
 47 51 5 53 33 1	 => 190
 46 24 11 34 48 27	 => 190
 22 27 48 21 37 35	 => 190
 26 35 37 28 25 39	 => 190
 5 39 25 32 36 53	 => 190
 33 53 36 41 17 10	 => 190
 48 34 4 45 38 21	 => 190
 37 21 38 52 14 28	 => 190
 25 28 14 49 43 32	 => 191
 36 32 43 31 7 41	 => 190
 38 45 6 19 30 52	 => 190
 14 52 30 16 29 49	 => 190
 43 49 29 20 18 31	 => 190


===================[TEST 92]===================

##### START ##### Thu May 22 08:22:15 2003



##### CONVERGE ##### Thu May 22 08:23:12 2003

Elapsed time: 57 seconds
Total loop: 100 generations

Result : 186.64

13 3 41 54 27 51 4 30 43 34 17 37 50 8 11 23 38 22 35 21 40 18 42 32 10 28 9 39 52 6 36 25 31 5 53 48 12 2 1 47 44 45 33 49 46 29 7 14 19 20 16 26 15 24 

 13 3 41 54 27 51	 => 189
 4 51 27 30 43 34	 => 189
 17 34 43 37 50 8	 => 189
 41 11 23 38 22 54	 => 189
 27 54 22 35 21 30	 => 189
 43 30 21 40 18 37	 => 189
 50 37 18 42 32 10	 => 189
 23 28 9 39 52 38	 => 189
 22 38 52 6 36 35	 => 189
 21 35 36 25 31 40	 => 188
 18 40 31 5 53 42	 => 189
 32 42 53 48 12 2	 => 189
 52 39 1 47 44 6	 => 189
 36 6 44 45 33 25	 => 189
 31 25 33 49 46 5	 => 189
 53 5 46 29 7 48	 => 188
 44 47 14 19 20 45	 => 189
 33 45 20 16 26 49	 => 189
 46 49 26 15 24 29	 => 189


===================[TEST 93]===================

##### START ##### Thu May 22 08:23:12 2003



##### CONVERGE ##### Thu May 22 08:24:16 2003

Elapsed time: 64 seconds
Total loop: 111 generations

Result : 186.268

17 16 26 51 45 34 11 18 49 33 12 40 36 19 1 52 50 10 22 44 35 3 54 48 9 14 2 28 43 27 38 20 31 25 42 24 15 7 8 37 46 30 29 32 53 41 5 23 6 47 13 39 4 21 

 17 16 26 51 45 34	 => 189
 11 34 45 18 49 33	 => 190
 12 33 49 40 36 19	 => 189
 26 1 52 50 10 51	 => 190
 45 51 10 22 44 18	 => 190
 49 18 44 35 3 40	 => 189
 36 40 3 54 48 9	 => 190
 52 14 2 28 43 50	 => 189
 10 50 43 27 38 22	 => 190
 44 22 38 20 31 35	 => 190
 3 35 31 25 42 54	 => 190
 48 54 42 24 15 7	 => 190
 43 28 8 37 46 27	 => 189
 38 27 46 30 29 20	 => 190
 31 20 29 32 53 25	 => 190
 42 25 53 41 5 24	 => 190
 46 37 23 6 47 30	 => 189
 29 30 47 13 39 32	 => 190
 53 32 39 4 21 41	 => 190


===================[TEST 94]===================

##### START ##### Thu May 22 08:24:16 2003



##### CONVERGE ##### Thu May 22 08:26:15 2003

Elapsed time: 119 seconds
Total loop: 209 generations

Result : 187.85

13 1 37 47 53 39 12 4 54 28 19 51 18 20 9 32 43 22 34 30 29 23 49 42 7 16 27 31 41 17 33 40 24 21 44 36 11 8 14 52 35 50 15 46 45 38 6 3 2 48 5 26 10 25 

 13 1 37 47 53 39	 => 190
 12 39 53 4 54 28	 => 190
 19 28 54 51 18 20	 => 190
 37 9 32 43 22 47	 => 190
 53 47 22 34 30 4	 => 190
 54 4 30 29 23 51	 => 191
 18 51 23 49 42 7	 => 190
 32 16 27 31 41 43	 => 190
 22 43 41 17 33 34	 => 190
 30 34 33 40 24 29	 => 190
 23 29 24 21 44 49	 => 190
 42 49 44 36 11 8	 => 190
 41 31 14 52 35 17	 => 190
 33 17 35 50 15 40	 => 190
 24 40 15 46 45 21	 => 191
 44 21 45 38 6 36	 => 190
 35 52 3 2 48 50	 => 190
 15 50 48 5 26 46	 => 190
 45 46 26 10 25 38	 => 190


===================[TEST 95]===================

##### START ##### Thu May 22 08:26:15 2003



##### CONVERGE ##### Thu May 22 08:27:42 2003

Elapsed time: 87 seconds
Total loop: 151 generations

Result : 188.306

8 5 42 47 48 40 7 24 39 32 29 53 22 15 9 38 50 4 44 23 30 21 37 46 11 1 18 34 49 17 26 36 31 19 52 25 16 14 2 43 45 54 12 41 51 33 10 6 13 28 20 35 27 3 

 8 5 42 47 48 40	 => 190
 7 40 48 24 39 32	 => 190
 29 32 39 53 22 15	 => 190
 42 9 38 50 4 47	 => 190
 48 47 4 44 23 24	 => 190
 39 24 23 30 21 53	 => 190
 22 53 21 37 46 11	 => 190
 38 1 18 34 49 50	 => 190
 4 50 49 17 26 44	 => 190
 23 44 26 36 31 30	 => 190
 21 30 31 19 52 37	 => 190
 46 37 52 25 16 14	 => 190
 49 34 2 43 45 17	 => 190
 26 17 45 54 12 36	 => 190
 31 36 12 41 51 19	 => 190
 52 19 51 33 10 25	 => 190
 45 43 6 13 28 54	 => 189
 12 54 28 20 35 41	 => 190
 51 41 35 27 3 33	 => 190


===================[TEST 96]===================

##### START ##### Thu May 22 08:27:42 2003



##### CONVERGE ##### Thu May 22 08:29:04 2003

Elapsed time: 82 seconds
Total loop: 144 generations

Result : 188.412

13 22 30 40 54 31 14 17 41 33 6 47 42 21 4 43 49 24 23 32 37 16 45 35 5 18 1 29 50 10 34 36 28 25 39 53 3 15 11 44 46 52 12 51 38 26 9 2 27 20 7 48 8 19 

 13 22 30 40 54 31	 => 190
 14 31 54 17 41 33	 => 190
 6 33 41 47 42 21	 => 190
 30 4 43 49 24 40	 => 190
 54 40 24 23 32 17	 => 190
 41 17 32 37 16 47	 => 190
 42 47 16 45 35 5	 => 190
 43 18 1 29 50 49	 => 190
 24 49 50 10 34 23	 => 190
 32 23 34 36 28 37	 => 190
 16 37 28 25 39 45	 => 190
 35 45 39 53 3 15	 => 190
 50 29 11 44 46 10	 => 190
 34 10 46 52 12 36	 => 190
 28 36 12 51 38 25	 => 190
 39 25 38 26 9 53	 => 190
 46 44 2 27 20 52	 => 191
 12 52 20 7 48 51	 => 190
 38 51 48 8 19 26	 => 190


===================[TEST 97]===================

##### START ##### Thu May 22 08:29:04 2003



##### CONVERGE ##### Thu May 22 08:30:09 2003

Elapsed time: 65 seconds
Total loop: 113 generations

Result : 187.163

7 22 46 35 41 38 9 21 31 50 6 54 29 20 4 39 47 19 34 40 28 16 42 32 17 27 14 33 30 23 36 15 37 18 49 52 5 10 3 53 48 44 24 51 45 25 1 11 8 26 2 43 13 12 

 7 22 46 35 41 38	 => 189
 9 38 41 21 31 50	 => 190
 6 50 31 54 29 20	 => 190
 46 4 39 47 19 35	 => 190
 41 35 19 34 40 21	 => 190
 31 21 40 28 16 54	 => 190
 29 54 16 42 32 17	 => 190
 39 27 14 33 30 47	 => 190
 19 47 30 23 36 34	 => 189
 40 34 36 15 37 28	 => 190
 16 28 37 18 49 42	 => 190
 32 42 49 52 5 10	 => 190
 30 33 3 53 48 23	 => 190
 36 23 48 44 24 15	 => 190
 37 15 24 51 45 18	 => 190
 49 18 45 25 1 52	 => 190
 48 53 11 8 26 44	 => 190
 24 44 26 2 43 51	 => 190
 45 51 43 13 12 25	 => 189


===================[TEST 98]===================

##### START ##### Thu May 22 08:30:09 2003



##### CONVERGE ##### Thu May 22 08:31:52 2003

Elapsed time: 103 seconds
Total loop: 181 generations

Result : 188.412

8 12 36 46 51 37 6 23 39 34 25 45 42 5 1 44 47 16 24 31 41 11 49 40 3 4 19 26 50 20 33 32 29 17 43 35 21 2 13 28 53 30 22 52 38 48 9 15 10 54 14 18 27 7 

 8 12 36 46 51 37	 => 190
 6 37 51 23 39 34	 => 190
 25 34 39 45 42 5	 => 190
 36 1 44 47 16 46	 => 190
 51 46 16 24 31 23	 => 191
 39 23 31 41 11 45	 => 190
 42 45 11 49 40 3	 => 190
 44 4 19 26 50 47	 => 190
 16 47 50 20 33 24	 => 190
 31 24 33 32 29 41	 => 190
 11 41 29 17 43 49	 => 190
 40 49 43 35 21 2	 => 190
 50 26 13 28 53 20	 => 190
 33 20 53 30 22 32	 => 190
 29 32 22 52 38 17	 => 190
 43 17 38 48 9 35	 => 190
 53 28 15 10 54 30	 => 190
 22 30 54 14 18 52	 => 190
 38 52 18 27 7 48	 => 190


===================[TEST 99]===================

##### START ##### Thu May 22 08:31:52 2003



##### CONVERGE ##### Thu May 22 08:32:56 2003

Elapsed time: 64 seconds
Total loop: 112 generations

Result : 187.85

3 24 30 46 48 39 11 6 52 34 13 42 37 12 5 36 51 22 25 43 21 27 45 29 10 9 7 47 41 18 33 40 28 19 50 32 20 14 2 38 44 54 1 53 49 23 17 8 15 31 16 35 4 26 

 3 24 30 46 48 39	 => 190
 11 39 48 6 52 34	 => 190
 13 34 52 42 37 12	 => 190
 30 5 36 51 22 46	 => 190
 48 46 22 25 43 6	 => 190
 52 6 43 21 27 42	 => 191
 37 42 27 45 29 10	 => 190
 36 9 7 47 41 51	 => 191
 22 51 41 18 33 25	 => 190
 43 25 33 40 28 21	 => 190
 27 21 28 19 50 45	 => 190
 29 45 50 32 20 14	 => 190
 41 47 2 38 44 18	 => 190
 33 18 44 54 1 40	 => 190
 28 40 1 53 49 19	 => 190
 50 19 49 23 17 32	 => 190
 44 38 8 15 31 54	 => 190
 1 54 31 16 35 53	 => 190
 49 53 35 4 26 23	 => 190


===================[TEST 100]===================

##### START ##### Thu May 22 08:32:56 2003



##### CONVERGE ##### Thu May 22 08:33:58 2003

Elapsed time: 62 seconds
Total loop: 109 generations

Result : 187.478

20 16 26 49 34 46 19 12 43 36 3 40 37 31 8 39 54 15 29 51 23 21 41 45 6 7 18 28 44 24 25 27 35 22 48 38 17 1 11 30 53 52 9 50 47 33 2 10 13 32 5 42 4 14 

 20 16 26 49 34 46	 => 191
 19 46 34 12 43 36	 => 190
 3 36 43 40 37 31	 => 190
 26 8 39 54 15 49	 => 191
 34 49 15 29 51 12	 => 190
 43 12 51 23 21 40	 => 190
 37 40 21 41 45 6	 => 190
 39 7 18 28 44 54	 => 190
 15 54 44 24 25 29	 => 191
 51 29 25 27 35 23	 => 190
 21 23 35 22 48 41	 => 190
 45 41 48 38 17 1	 => 190
 44 28 11 30 53 24	 => 190
 25 24 53 52 9 27	 => 190
 35 27 9 50 47 22	 => 190
 48 22 47 33 2 38	 => 190
 53 30 10 13 32 52	 => 190
 9 52 32 5 42 50	 => 190
 47 50 42 4 14 33	 => 190



test#	fitness		sum		time
---------------------------------------------------
1	188.412				94
2	187.64				93
3	187.85				86
4	187.64				92
5	190		190		66
6	189		189		70
7	188.412				62
8	187.85				112
9	188.412				66
10	188.412				62
11	189		189		91
12	188.412				94
13	188.306				60
14	187.306				81
15	186.85				55
16	187.85				64
17	188.163				75
18	187.616				56
19	186.794				57
20	187.85				76
21	186.823				59
22	187.616				69
23	187.163				82
24	186.85				85
25	187.412				61
26	187.478				52
27	187.794				104
28	187.215				66
29	186.85				100
30	188.306				77
31	187.64				66
32	188.306				71
33	187.794				80
34	187.478				98
35	186.85				50
36	188.306				92
37	187.501				72
38	187.163				54
39	188		188		85
40	187.478				112
41	187.85				64
42	187.85				77
43	189		189		64
44	187.794				117
45	187.85				61
46	187.85				94
47	187.616				63
48	188.412				94
49	187.794				85
50	187.85				92
51	187.794				109
52	187.616				139
53	187.794				79
54	187.306				58
55	187.478				81
56	188.306				87
57	187.85				76
58	188.412				73
59	187.478				66
60	187.85				58
61	189		189		63
62	186.85				58
63	188.412				89
64	188.412				75
65	187.64				95
66	187.478				72
67	187.616				80
68	186.64				79
69	186.478				42
70	188.412				140
71	188.412				122
72	188.412				81
73	189		189		102
74	187.85				84
75	190		190		115
76	188.306				69
77	187.85				75
78	188.412				105
79	187.64				108
80	188.412				77
81	187.85				108
82	187.794				94
83	187.478				88
84	188.163				97
85	187.64				74
86	187.163				64
87	188.412				102
88	187.268				82
89	187.85				97
90	187.306				63
91	187.85				96
92	186.64				57
93	186.268				64
94	187.85				119
95	188.306				87
96	188.412				82
97	187.163				65
98	188.412				103
99	187.85				64
100	187.478				62


---------------------------------------------------
Best fitness      : 190 ( test# 5)
Best solution sum : 190 ( test# 5)
Shortest time     : 42 ( test# 69)

Average fitness   : 187.839
Average sol. sum  : 189.125
Average time      : 80.83
