****************** GA TEST *******************

total test#:			 3
hexa min width:			 3
hexa max width:			 7
hexa count:			 43
number count:			 110
population size:		 130
generation size:		 50

tournament winner p:		 1
do xover p:			 1
xover:				 2points
do mutation1 p:			 0.1
mutation1 p:			 0.05
do optimize p:			 0.65
local optimize count:		 6000
do deep better optimize p:	 1
do deep worse optimize p:	 0
do spin p:			 0
spin count:			 1000
do spin apply p:		 1
do mutation2 p:			 0.12
mutation2 p:			 0.08
force mutation2:		 0
replace bad p:			 0.195

converge rate p:		 0.99
converge count:			 1

**********************************************


===================[TEST 1]===================

##### START ##### Wed May 21 23:24:00 2003



##### CONVERGE ##### Wed May 21 23:35:35 2003

Elapsed time: 695 seconds
Total loop: 172 generations

Result : 351.676

21 57 93 48 99 38 11 92 72 44 3 80 102 55 7 37 108 63 30 24 62 26 79 54 15 8 74 110 19 39 97 76 66 59 64 65 16 78 9 68 43 52 84 51 83 10 36 109 41 18 105 103 49 13 100 34 98 33 46 17 75 56 96 4 70 88 35 71 28 14 6 91 94 60 106 1 101 95 5 104 85 50 27 2 23 87 42 61 53 45 22 86 20 12 90 25 89 29 82 47 107 81 40 77 69 67 73 58 32 31 

 21 57 93 48 99 38	 => 356
 11 38 99 92 72 44	 => 356
 3 44 72 80 102 55	 => 356
 93 7 37 108 63 48	 => 356
 99 48 63 30 24 92	 => 356
 72 92 24 62 26 80	 => 356
 102 80 26 79 54 15	 => 356
 37 8 74 110 19 108	 => 356
 63 108 19 39 97 30	 => 356
 24 30 97 76 66 62	 => 355
 26 62 66 59 64 79	 => 356
 54 79 64 65 16 78	 => 356
 74 9 68 43 52 110	 => 356
 19 110 52 84 51 39	 => 355
 97 39 51 83 10 76	 => 356
 66 76 10 36 109 59	 => 356
 64 59 109 41 18 65	 => 356
 16 65 18 105 103 49	 => 356
 68 13 100 34 98 43	 => 356
 52 43 98 33 46 84	 => 356
 51 84 46 17 75 83	 => 356
 10 83 75 56 96 36	 => 356
 109 36 96 4 70 41	 => 356
 18 41 70 88 35 105	 => 357
 103 105 35 71 28 14	 => 356
 98 34 6 91 94 33	 => 356
 46 33 94 60 106 17	 => 356
 75 17 106 1 101 56	 => 356
 96 56 101 95 5 4	 => 357
 70 4 5 104 85 88	 => 356
 35 88 85 50 27 71	 => 356
 94 91 2 23 87 60	 => 357
 106 60 87 42 61 1	 => 357
 101 1 61 53 45 95	 => 356
 5 95 45 22 86 104	 => 357
 85 104 86 20 12 50	 => 357
 87 23 90 25 89 42	 => 356
 61 42 89 29 82 53	 => 356
 45 53 82 47 107 22	 => 356
 86 22 107 81 40 20	 => 356
 89 25 77 69 67 29	 => 356
 82 29 67 73 58 47	 => 356
 107 47 58 32 31 81	 => 356


===================[TEST 2]===================

##### START ##### Wed May 21 23:35:36 2003



##### CONVERGE ##### Wed May 21 23:46:04 2003

Elapsed time: 628 seconds
Total loop: 158 generations

Result : 354.522

19 62 84 65 89 39 56 59 95 20 7 68 97 71 35 103 64 6 70 69 22 45 98 41 8 26 4 79 82 42 94 49 54 81 58 44 102 15 1 105 76 93 48 14 106 52 72 50 87 38 90 73 10 11 74 37 55 3 83 75 32 43 53 66 29 23 91 86 13 5 78 100 85 16 96 24 88 80 28 104 108 17 33 18 30 109 21 92 34 40 46 60 67 2 36 101 61 99 51 77 110 12 63 9 31 57 47 27 107 25 

 19 62 84 65 89 39	 => 358
 56 39 89 59 95 20	 => 358
 7 20 95 68 97 71	 => 358
 84 35 103 64 6 65	 => 357
 89 65 6 70 69 59	 => 358
 95 59 69 22 45 68	 => 358
 97 68 45 98 41 8	 => 357
 103 26 4 79 82 64	 => 358
 6 64 82 42 94 70	 => 358
 69 70 94 49 54 22	 => 358
 45 22 54 81 58 98	 => 358
 41 98 58 44 102 15	 => 358
 4 1 105 76 93 79	 => 358
 82 79 93 48 14 42	 => 358
 94 42 14 106 52 49	 => 357
 54 49 52 72 50 81	 => 358
 58 81 50 87 38 44	 => 358
 102 44 38 90 73 10	 => 357
 105 11 74 37 55 76	 => 358
 93 76 55 3 83 48	 => 358
 14 48 83 75 32 106	 => 358
 52 106 32 43 53 72	 => 358
 50 72 53 66 29 87	 => 357
 38 87 29 23 91 90	 => 358
 73 90 91 86 13 5	 => 358
 55 37 78 100 85 3	 => 358
 83 3 85 16 96 75	 => 358
 32 75 96 24 88 43	 => 358
 53 43 88 80 28 66	 => 358
 29 66 28 104 108 23	 => 358
 91 23 108 17 33 86	 => 358
 85 100 18 30 109 16	 => 358
 96 16 109 21 92 24	 => 358
 88 24 92 34 40 80	 => 358
 28 80 40 46 60 104	 => 358
 108 104 60 67 2 17	 => 358
 109 30 36 101 61 21	 => 358
 92 21 61 99 51 34	 => 358
 40 34 51 77 110 46	 => 358
 60 46 110 12 63 67	 => 358
 61 101 9 31 57 99	 => 358
 51 99 57 47 27 77	 => 358
 110 77 27 107 25 12	 => 358


===================[TEST 3]===================

##### START ##### Wed May 21 23:46:05 2003



##### CONVERGE ##### Wed May 21 23:55:47 2003

Elapsed time: 582 seconds
Total loop: 142 generations

Result : 357.549

17 60 99 89 90 7 73 15 83 94 41 107 26 11 46 3 101 24 71 72 21 64 59 106 1 43 35 104 76 16 74 28 96 47 75 82 6 34 19 37 110 57 29 80 61 102 5 84 9 66 98 108 2 52 14 62 87 54 25 91 77 36 81 88 95 63 31 103 18 4 51 8 100 39 53 67 38 92 27 20 69 86 10 32 78 105 55 44 56 65 49 109 45 33 23 22 79 70 58 85 50 97 12 68 30 93 13 42 48 40 

 17 60 99 89 90 7	 => 362
 73 7 90 15 83 94	 => 362
 41 94 83 107 26 11	 => 362
 99 46 3 101 24 89	 => 362
 90 89 24 71 72 15	 => 361
 83 15 72 21 64 107	 => 362
 26 107 64 59 106 1	 => 363
 3 43 35 104 76 101	 => 362
 24 101 76 16 74 71	 => 362
 72 71 74 28 96 21	 => 362
 64 21 96 47 75 59	 => 362
 106 59 75 82 6 34	 => 362
 35 19 37 110 57 104	 => 362
 76 104 57 29 80 16	 => 362
 74 16 80 61 102 28	 => 361
 96 28 102 5 84 47	 => 362
 75 47 84 9 66 82	 => 363
 6 82 66 98 108 2	 => 362
 37 52 14 62 87 110	 => 362
 57 110 87 54 25 29	 => 362
 80 29 25 91 77 61	 => 363
 102 61 77 36 81 5	 => 362
 84 5 81 88 95 9	 => 362
 66 9 95 63 31 98	 => 362
 108 98 31 103 18 4	 => 362
 87 62 51 8 100 54	 => 362
 25 54 100 39 53 91	 => 362
 77 91 53 67 38 36	 => 362
 81 36 38 92 27 88	 => 362
 95 88 27 20 69 63	 => 362
 31 63 69 86 10 103	 => 362
 100 8 32 78 105 39	 => 362
 53 39 105 55 44 67	 => 363
 38 67 44 56 65 92	 => 362
 27 92 65 49 109 20	 => 362
 69 20 109 45 33 86	 => 362
 105 78 23 22 79 55	 => 362
 44 55 79 70 58 56	 => 362
 65 56 58 85 50 49	 => 363
 109 49 50 97 12 45	 => 362
 79 22 68 30 93 70	 => 362
 58 70 93 13 42 85	 => 361
 50 85 42 48 40 97	 => 362



test#	fitness		sum		time
---------------------------------------------------
1	351.676				695
2	354.522				628
3	357.549				582


---------------------------------------------------
Best fitness      : 357.549 ( test# 3)
Shortest time     : 582 ( test# 3)

Average fitness   : 354.582
Average time      : 635
