****************** GA TEST *******************

total test#:			 3
hexa min width:			 3
hexa max width:			 7
hexa count:			 43
number count:			 110
population size:		 130
generation size:		 50

tournament winner p:		 1
do xover p:			 1
xover:				 2points
do mutation1 p:			 0.05
mutation1 p:			 0.05
do optimize p:			 0.65
local optimize count:		 6000
do deep better optimize p:	 1
do deep worse optimize p:	 0
do spin p:			 0
spin count:			 1000
do spin apply p:		 1
do mutation2 p:			 0.12
mutation2 p:			 0.08
force mutation2:		 0
replace bad p:			 0.195

converge rate p:		 0.99
converge count:			 1

**********************************************


===================[TEST 1]===================

##### START ##### Wed May 21 23:55:48 2003



##### CONVERGE ##### Thu May 22 00:07:04 2003

Elapsed time: 676 seconds
Total loop: 166 generations

Result : 358.151

10 33 84 102 110 24 31 42 96 61 25 91 20 70 6 106 60 5 66 38 23 73 101 78 1 7 34 86 71 93 68 76 92 30 44 107 18 15 35 103 88 17 83 14 105 8 63 94 9 79 95 52 12 3 29 58 82 55 39 65 57 46 85 64 49 41 90 26 89 11 13 51 104 43 56 100 40 54 74 36 99 80 28 21 77 67 47 50 97 22 69 109 2 37 53 87 32 62 75 19 81 98 4 59 16 108 27 72 45 48 

 10 33 84 102 110 24	 => 363
 31 24 110 42 96 61	 => 364
 25 61 96 91 20 70	 => 363
 84 6 106 60 5 102	 => 363
 110 102 5 66 38 42	 => 363
 96 42 38 23 73 91	 => 363
 20 91 73 101 78 1	 => 364
 106 7 34 86 71 60	 => 364
 5 60 71 93 68 66	 => 363
 38 66 68 76 92 23	 => 363
 73 23 92 30 44 101	 => 363
 78 101 44 107 18 15	 => 363
 34 35 103 88 17 86	 => 363
 71 86 17 83 14 93	 => 364
 68 93 14 105 8 76	 => 364
 92 76 8 63 94 30	 => 363
 44 30 94 9 79 107	 => 363
 18 107 79 95 52 12	 => 363
 103 3 29 58 82 88	 => 363
 17 88 82 55 39 83	 => 364
 14 83 39 65 57 105	 => 363
 8 105 57 46 85 63	 => 364
 94 63 85 64 49 9	 => 364
 79 9 49 41 90 95	 => 363
 52 95 90 26 89 11	 => 363
 82 58 13 51 104 55	 => 363
 39 55 104 43 56 65	 => 362
 57 65 56 100 40 46	 => 364
 85 46 40 54 74 64	 => 363
 49 64 74 36 99 41	 => 363
 90 41 99 80 28 26	 => 364
 104 51 21 77 67 43	 => 363
 56 43 67 47 50 100	 => 363
 40 100 50 97 22 54	 => 363
 74 54 22 69 109 36	 => 364
 99 36 109 2 37 80	 => 363
 67 77 53 87 32 47	 => 363
 50 47 32 62 75 97	 => 363
 22 97 75 19 81 69	 => 363
 109 69 81 98 4 2	 => 363
 32 87 59 16 108 62	 => 364
 75 62 108 27 72 19	 => 363
 81 19 72 45 48 98	 => 363


===================[TEST 2]===================

##### START ##### Thu May 22 00:07:04 2003



##### CONVERGE ##### Thu May 22 00:18:47 2003

Elapsed time: 703 seconds
Total loop: 172 generations

Result : 356.105

1 42 81 104 78 54 72 39 69 48 22 102 46 74 10 37 95 33 71 35 83 32 93 49 38 43 59 110 16 57 88 64 19 109 24 100 92 2 30 28 106 27 98 53 87 11 84 73 9 45 77 40 6 61 34 105 26 99 4 82 36 62 80 25 89 75 65 108 50 21 12 66 52 107 17 85 79 47 67 101 3 91 18 5 70 60 51 41 94 15 44 86 56 23 7 76 97 63 14 90 103 13 58 20 8 96 29 68 55 31 

 1 42 81 104 78 54	 => 360
 72 54 78 39 69 48	 => 360
 22 48 69 102 46 74	 => 361
 81 10 37 95 33 104	 => 360
 78 104 33 71 35 39	 => 360
 69 39 35 83 32 102	 => 360
 46 102 32 93 49 38	 => 360
 37 43 59 110 16 95	 => 360
 33 95 16 57 88 71	 => 360
 35 71 88 64 19 83	 => 360
 32 83 19 109 24 93	 => 360
 49 93 24 100 92 2	 => 360
 59 30 28 106 27 110	 => 360
 16 110 27 98 53 57	 => 361
 88 57 53 87 11 64	 => 360
 19 64 11 84 73 109	 => 360
 24 109 73 9 45 100	 => 360
 92 100 45 77 40 6	 => 360
 28 61 34 105 26 106	 => 360
 27 106 26 99 4 98	 => 360
 53 98 4 82 36 87	 => 360
 11 87 36 62 80 84	 => 360
 73 84 80 25 89 9	 => 360
 45 9 89 75 65 77	 => 360
 40 77 65 108 50 21	 => 361
 26 105 12 66 52 99	 => 360
 4 99 52 107 17 82	 => 361
 36 82 17 85 79 62	 => 361
 80 62 79 47 67 25	 => 360
 89 25 67 101 3 75	 => 360
 65 75 3 91 18 108	 => 360
 52 66 5 70 60 107	 => 360
 17 107 60 51 41 85	 => 361
 79 85 41 94 15 47	 => 361
 67 47 15 44 86 101	 => 360
 3 101 86 56 23 91	 => 360
 60 70 7 76 97 51	 => 361
 41 51 97 63 14 94	 => 360
 15 94 14 90 103 44	 => 360
 86 44 103 13 58 56	 => 360
 97 76 20 8 96 63	 => 360
 14 63 96 29 68 90	 => 360
 103 90 68 55 31 13	 => 360


===================[TEST 3]===================

##### START ##### Thu May 22 00:18:47 2003



##### CONVERGE ##### Thu May 22 00:29:51 2003

Elapsed time: 664 seconds
Total loop: 162 generations

Result : 357.148

68 1 61 27 110 95 31 10 107 9 17 65 77 87 55 66 84 69 47 98 36 46 91 42 41 8 85 43 76 12 74 51 57 38 93 44 71 21 11 103 37 83 70 78 106 40 67 109 52 26 79 97 45 24 3 99 96 53 22 81 4 82 63 7 64 35 105 48 13 19 15 5 94 92 20 86 89 33 88 60 108 59 6 14 56 101 29 34 62 58 23 100 32 2 50 54 72 75 90 49 80 102 25 18 39 104 16 28 30 73 

 68 1 61 27 110 95	 => 362
 31 95 110 10 107 9	 => 362
 17 9 107 65 77 87	 => 362
 61 55 66 84 69 27	 => 362
 110 27 69 47 98 10	 => 361
 107 10 98 36 46 65	 => 362
 77 65 46 91 42 41	 => 362
 66 8 85 43 76 84	 => 362
 69 84 76 12 74 47	 => 362
 98 47 74 51 57 36	 => 363
 46 36 57 38 93 91	 => 361
 42 91 93 44 71 21	 => 362
 85 11 103 37 83 43	 => 362
 76 43 83 70 78 12	 => 362
 74 12 78 106 40 51	 => 361
 57 51 40 67 109 38	 => 362
 93 38 109 52 26 44	 => 362
 71 44 26 79 97 45	 => 362
 103 24 3 99 96 37	 => 362
 83 37 96 53 22 70	 => 361
 78 70 22 81 4 106	 => 361
 40 106 4 82 63 67	 => 362
 109 67 63 7 64 52	 => 362
 26 52 64 35 105 79	 => 361
 97 79 105 48 13 19	 => 361
 96 99 15 5 94 53	 => 362
 22 53 94 92 20 81	 => 362
 4 81 20 86 89 82	 => 362
 63 82 89 33 88 7	 => 362
 64 7 88 60 108 35	 => 362
 105 35 108 59 6 48	 => 361
 94 5 14 56 101 92	 => 362
 20 92 101 29 34 86	 => 362
 89 86 34 62 58 33	 => 362
 88 33 58 23 100 60	 => 362
 108 60 100 32 2 59	 => 361
 101 56 50 54 72 29	 => 362
 34 29 72 75 90 62	 => 362
 58 62 90 49 80 23	 => 362
 100 23 80 102 25 32	 => 362
 72 54 18 39 104 75	 => 362
 90 75 104 16 28 49	 => 362
 80 49 28 30 73 102	 => 362



test#	fitness		sum		time
---------------------------------------------------
1	358.151				676
2	356.105				703
3	357.148				664


---------------------------------------------------
Best fitness      : 358.151 ( test# 1)
Shortest time     : 664 ( test# 3)

Average fitness   : 357.135
Average time      : 681
