****************** GA TEST *******************

total test#:			 3
hexa min width:			 3
hexa max width:			 7
hexa count:			 43
number count:			 110
population size:		 130
generation size:		 50

tournament winner p:		 1
do xover p:			 1
xover:				 2points
do mutation1 p:			 0.1
mutation1 p:			 0.1
do optimize p:			 0.65
local optimize count:		 6000
do deep better optimize p:	 1
do deep worse optimize p:	 0
do spin p:			 0
spin count:			 1000
do spin apply p:		 1
do mutation2 p:			 0.12
mutation2 p:			 0.08
force mutation2:		 0
replace bad p:			 0.195

converge rate p:		 0.99
converge count:			 1

**********************************************


===================[TEST 1]===================

##### START ##### Thu May 22 00:29:56 2003



##### CONVERGE ##### Thu May 22 00:41:03 2003

Elapsed time: 667 seconds
Total loop: 164 generations

Result : 360.679

3 18 89 107 108 40 36 24 88 69 38 83 33 54 12 34 81 43 27 56 64 50 87 91 21 20 104 37 90 46 78 31 109 45 10 98 74 5 13 25 86 100 15 77 105 29 58 93 57 62 99 6 26 19 52 110 73 68 23 63 82 84 7 97 53 28 66 103 42 49 2 11 101 96 14 48 75 41 61 65 60 92 17 1 76 80 22 106 16 79 47 72 44 32 8 85 95 59 67 55 102 70 30 71 4 51 39 94 9 35 

 3 18 89 107 108 40	 => 365
 36 40 108 24 88 69	 => 365
 38 69 88 83 33 54	 => 365
 89 12 34 81 43 107	 => 366
 108 107 43 27 56 24	 => 365
 88 24 56 64 50 83	 => 365
 33 83 50 87 91 21	 => 365
 34 20 104 37 90 81	 => 366
 43 81 90 46 78 27	 => 365
 56 27 78 31 109 64	 => 365
 50 64 109 45 10 87	 => 365
 91 87 10 98 74 5	 => 365
 104 13 25 86 100 37	 => 365
 90 37 100 15 77 46	 => 365
 78 46 77 105 29 31	 => 366
 109 31 29 58 93 45	 => 365
 10 45 93 57 62 98	 => 365
 74 98 62 99 6 26	 => 365
 25 19 52 110 73 86	 => 365
 100 86 73 68 23 15	 => 365
 77 15 23 63 82 105	 => 365
 29 105 82 84 7 58	 => 365
 93 58 7 97 53 57	 => 365
 62 57 53 28 66 99	 => 365
 6 99 66 103 42 49	 => 365
 73 110 2 11 101 68	 => 365
 23 68 101 96 14 63	 => 365
 82 63 14 48 75 84	 => 366
 7 84 75 41 61 97	 => 365
 53 97 61 65 60 28	 => 364
 66 28 60 92 17 103	 => 366
 101 11 1 76 80 96	 => 365
 14 96 80 22 106 48	 => 366
 75 48 106 16 79 41	 => 365
 61 41 79 47 72 65	 => 365
 60 65 72 44 32 92	 => 365
 80 76 8 85 95 22	 => 366
 106 22 95 59 67 16	 => 365
 79 16 67 55 102 47	 => 366
 72 47 102 70 30 44	 => 365
 95 85 71 4 51 59	 => 365
 67 59 51 39 94 55	 => 365
 102 55 94 9 35 70	 => 365


===================[TEST 2]===================

##### START ##### Thu May 22 00:41:03 2003



##### CONVERGE ##### Thu May 22 00:49:59 2003

Elapsed time: 536 seconds
Total loop: 130 generations

Result : 357.476

7 4 104 66 106 75 12 18 50 101 1 107 87 16 10 42 108 32 109 31 77 78 57 28 6 46 58 49 59 17 36 84 25 29 96 100 55 26 68 21 81 85 64 88 44 94 67 63 27 47 62 90 8 89 20 103 48 11 74 79 13 110 34 69 102 19 105 53 14 38 23 97 80 54 65 24 71 56 22 52 98 72 15 9 30 93 40 86 43 83 73 76 61 3 5 95 99 35 60 33 70 45 37 2 39 92 51 91 82 41 

 7 4 104 66 106 75	 => 362
 12 75 106 18 50 101	 => 362
 1 101 50 107 87 16	 => 362
 104 10 42 108 32 66	 => 362
 106 66 32 109 31 18	 => 362
 50 18 31 77 78 107	 => 361
 87 107 78 57 28 6	 => 363
 42 46 58 49 59 108	 => 362
 32 108 59 17 36 109	 => 361
 31 109 36 84 25 77	 => 362
 78 77 25 29 96 57	 => 362
 28 57 96 100 55 26	 => 362
 58 68 21 81 85 49	 => 362
 59 49 85 64 88 17	 => 362
 36 17 88 44 94 84	 => 363
 25 84 94 67 63 29	 => 362
 96 29 63 27 47 100	 => 362
 55 100 47 62 90 8	 => 362
 21 89 20 103 48 81	 => 362
 85 81 48 11 74 64	 => 363
 88 64 74 79 13 44	 => 362
 94 44 13 110 34 67	 => 362
 63 67 34 69 102 27	 => 362
 47 27 102 19 105 62	 => 362
 90 62 105 53 14 38	 => 362
 48 103 23 97 80 11	 => 362
 74 11 80 54 65 79	 => 363
 13 79 65 24 71 110	 => 362
 34 110 71 56 22 69	 => 362
 102 69 22 52 98 19	 => 362
 105 19 98 72 15 53	 => 362
 80 97 9 30 93 54	 => 363
 65 54 93 40 86 24	 => 362
 71 24 86 43 83 56	 => 363
 22 56 83 73 76 52	 => 362
 98 52 76 61 3 72	 => 362
 93 30 5 95 99 40	 => 362
 86 40 99 35 60 43	 => 363
 83 43 60 33 70 73	 => 362
 76 73 70 45 37 61	 => 362
 99 95 2 39 92 35	 => 362
 60 35 92 51 91 33	 => 362
 70 33 91 82 41 45	 => 362


===================[TEST 3]===================

##### START ##### Thu May 22 00:49:59 2003



##### CONVERGE ##### Thu May 22 00:59:45 2003

Elapsed time: 586 seconds
Total loop: 142 generations

Result : 354.407

44 32 97 14 109 64 29 62 93 3 18 61 106 78 43 83 59 63 89 23 49 72 35 71 15 47 39 105 27 41 81 25 92 16 96 99 54 5 17 77 100 22 73 91 33 88 84 55 28 65 48 74 19 4 12 108 58 20 86 70 7 90 57 40 95 26 98 104 34 1 13 51 110 24 50 67 75 45 53 66 79 21 31 38 56 80 37 102 2 68 46 82 101 11 8 103 76 36 107 85 52 69 10 94 9 42 30 60 6 87 

 44 32 97 14 109 64	 => 360
 29 64 109 62 93 3	 => 360
 18 3 93 61 106 78	 => 359
 97 43 83 59 63 14	 => 359
 109 14 63 89 23 62	 => 360
 93 62 23 49 72 61	 => 360
 106 61 72 35 71 15	 => 360
 83 47 39 105 27 59	 => 360
 63 59 27 41 81 89	 => 360
 23 89 81 25 92 49	 => 359
 72 49 92 16 96 35	 => 360
 71 35 96 99 54 5	 => 360
 39 17 77 100 22 105	 => 360
 27 105 22 73 91 41	 => 359
 81 41 91 33 88 25	 => 359
 92 25 88 84 55 16	 => 360
 96 16 55 28 65 99	 => 359
 54 99 65 48 74 19	 => 359
 77 4 12 108 58 100	 => 359
 22 100 58 20 86 73	 => 359
 91 73 86 70 7 33	 => 360
 88 33 7 90 57 84	 => 359
 55 84 57 40 95 28	 => 359
 65 28 95 26 98 48	 => 360
 74 48 98 104 34 1	 => 359
 58 108 13 51 110 20	 => 360
 86 20 110 24 50 70	 => 360
 7 70 50 67 75 90	 => 359
 57 90 75 45 53 40	 => 360
 95 40 53 66 79 26	 => 359
 98 26 79 21 31 104	 => 359
 110 51 38 56 80 24	 => 359
 50 24 80 37 102 67	 => 360
 75 67 102 2 68 45	 => 359
 53 45 68 46 82 66	 => 360
 79 66 82 101 11 21	 => 360
 80 56 8 103 76 37	 => 360
 102 37 76 36 107 2	 => 360
 68 2 107 85 52 46	 => 360
 82 46 52 69 10 101	 => 360
 76 103 94 9 42 36	 => 360
 107 36 42 30 60 85	 => 360
 52 85 60 6 87 69	 => 359



test#	fitness		sum		time
---------------------------------------------------
1	360.679				667
2	357.476				536
3	354.407				586


---------------------------------------------------
Best fitness      : 360.679 ( test# 1)
Shortest time     : 536 ( test# 2)

Average fitness   : 357.52
Average time      : 596.333
