****************** GA TEST *******************

total test#:			 3
hexa min width:			 3
hexa max width:			 7
hexa count:			 43
number count:			 110
population size:		 130
generation size:		 50

tournament winner p:		 1
do xover p:			 1
xover:				 2points
do mutation1 p:			 0.1
mutation1 p:			 0
do optimize p:			 0.65
local optimize count:		 6000
do deep better optimize p:	 1
do deep worse optimize p:	 0
do spin p:			 0
spin count:			 1000
do spin apply p:		 1
do mutation2 p:			 0.12
mutation2 p:			 0.08
force mutation2:		 0
replace bad p:			 0.195

converge rate p:		 0.99
converge count:			 1

**********************************************


===================[TEST 1]===================

##### START ##### Thu May 22 00:59:49 2003



##### CONVERGE ##### Thu May 22 01:08:08 2003

Elapsed time: 499 seconds
Total loop: 125 generations

Result : 349.76

109 14 91 6 107 28 46 3 67 104 40 84 52 7 22 76 73 87 82 69 32 100 94 20 5 26 99 66 15 53 44 89 38 12 79 106 8 47 2 98 13 77 105 39 65 64 95 57 45 56 86 70 29 85 21 37 101 25 34 108 4 55 72 68 17 90 61 62 1 74 24 110 58 59 71 42 75 35 50 27 103 23 16 19 78 30 60 92 9 102 43 97 63 41 93 11 83 80 31 81 88 54 10 36 49 96 18 48 51 33 

 109 14 91 6 107 28	 => 355
 46 28 107 3 67 104	 => 355
 40 104 67 84 52 7	 => 354
 91 22 76 73 87 6	 => 355
 107 6 87 82 69 3	 => 354
 67 3 69 32 100 84	 => 355
 52 84 100 94 20 5	 => 355
 76 26 99 66 15 73	 => 355
 87 73 15 53 44 82	 => 354
 69 82 44 89 38 32	 => 354
 100 32 38 12 79 94	 => 355
 20 94 79 106 8 47	 => 354
 99 2 98 13 77 66	 => 355
 15 66 77 105 39 53	 => 355
 44 53 39 65 64 89	 => 354
 38 89 64 95 57 12	 => 355
 79 12 57 45 56 106	 => 355
 8 106 56 86 70 29	 => 355
 98 85 21 37 101 13	 => 355
 77 13 101 25 34 105	 => 355
 39 105 34 108 4 65	 => 355
 64 65 4 55 72 95	 => 355
 57 95 72 68 17 45	 => 354
 56 45 17 90 61 86	 => 355
 70 86 61 62 1 74	 => 354
 101 37 24 110 58 25	 => 355
 34 25 58 59 71 108	 => 355
 4 108 71 42 75 55	 => 355
 72 55 75 35 50 68	 => 355
 17 68 50 27 103 90	 => 355
 61 90 103 23 16 62	 => 355
 58 110 19 78 30 59	 => 354
 71 59 30 60 92 42	 => 354
 75 42 92 9 102 35	 => 355
 50 35 102 43 97 27	 => 354
 103 27 97 63 41 23	 => 354
 30 78 93 11 83 60	 => 355
 92 60 83 80 31 9	 => 355
 102 9 31 81 88 43	 => 354
 97 43 88 54 10 63	 => 355
 83 11 36 49 96 80	 => 355
 31 80 96 18 48 81	 => 354
 88 81 48 51 33 54	 => 355


===================[TEST 2]===================

##### START ##### Thu May 22 01:08:08 2003



##### CONVERGE ##### Thu May 22 01:17:39 2003

Elapsed time: 571 seconds
Total loop: 148 generations

Result : 354.477

34 29 91 96 48 61 3 70 88 90 17 35 105 25 20 58 13 81 15 50 51 65 102 7 45 9 98 79 103 40 107 78 59 69 14 87 100 49 23 82 77 1 104 33 73 28 85 41 64 84 74 8 6 46 21 54 80 60 38 56 55 27 92 76 2 43 93 106 63 16 31 26 109 67 30 97 95 22 47 83 108 4 5 36 68 53 101 12 62 72 94 42 71 52 18 44 75 99 11 89 32 110 10 19 86 37 57 66 24 39 

 34 29 91 96 48 61	 => 359
 3 61 48 70 88 90	 => 360
 17 90 88 35 105 25	 => 360
 91 20 58 13 81 96	 => 359
 48 96 81 15 50 70	 => 360
 88 70 50 51 65 35	 => 359
 105 35 65 102 7 45	 => 359
 58 9 98 79 103 13	 => 360
 81 13 103 40 107 15	 => 359
 50 15 107 78 59 51	 => 360
 65 51 59 69 14 102	 => 360
 7 102 14 87 100 49	 => 359
 98 23 82 77 1 79	 => 360
 103 79 1 104 33 40	 => 360
 107 40 33 73 28 78	 => 359
 59 78 28 85 41 69	 => 360
 14 69 41 64 84 87	 => 359
 100 87 84 74 8 6	 => 359
 82 46 21 54 80 77	 => 360
 1 77 80 60 38 104	 => 360
 33 104 38 56 55 73	 => 359
 28 73 55 27 92 85	 => 360
 41 85 92 76 2 64	 => 360
 84 64 2 43 93 74	 => 360
 8 74 93 106 63 16	 => 360
 80 54 31 26 109 60	 => 360
 38 60 109 67 30 56	 => 360
 55 56 30 97 95 27	 => 360
 92 27 95 22 47 76	 => 359
 2 76 47 83 108 43	 => 359
 93 43 108 4 5 106	 => 359
 109 26 36 68 53 67	 => 359
 30 67 53 101 12 97	 => 360
 95 97 12 62 72 22	 => 360
 47 22 72 94 42 83	 => 360
 108 83 42 71 52 4	 => 360
 53 68 18 44 75 101	 => 359
 12 101 75 99 11 62	 => 360
 72 62 11 89 32 94	 => 360
 42 94 32 110 10 71	 => 359
 75 44 19 86 37 99	 => 360
 11 99 37 57 66 89	 => 359
 32 89 66 24 39 110	 => 360


===================[TEST 3]===================

##### START ##### Thu May 22 01:17:39 2003



##### CONVERGE ##### Thu May 22 01:29:10 2003

Elapsed time: 691 seconds
Total loop: 185 generations

Result : 360.881

13 6 71 88 106 82 10 14 91 63 41 107 52 11 9 37 96 65 58 35 81 38 92 43 33 39 53 110 30 77 40 62 90 5 60 109 16 46 7 50 66 80 8 61 83 42 99 68 18 105 85 21 29 101 25 27 97 70 45 67 102 22 17 94 69 15 74 86 51 49 20 104 48 100 36 64 75 103 54 26 108 79 4 24 31 59 84 23 44 56 32 95 55 2 1 93 98 28 89 72 73 76 34 3 57 87 12 78 19 47 

 13 6 71 88 106 82	 => 366
 10 82 106 14 91 63	 => 366
 41 63 91 107 52 11	 => 365
 71 9 37 96 65 88	 => 366
 106 88 65 58 35 14	 => 366
 91 14 35 81 38 107	 => 366
 52 107 38 92 43 33	 => 365
 37 39 53 110 30 96	 => 365
 65 96 30 77 40 58	 => 366
 35 58 40 62 90 81	 => 366
 38 81 90 5 60 92	 => 366
 43 92 60 109 16 46	 => 366
 53 7 50 66 80 110	 => 366
 30 110 80 8 61 77	 => 366
 40 77 61 83 42 62	 => 365
 90 62 42 99 68 5	 => 366
 60 5 68 18 105 109	 => 365
 16 109 105 85 21 29	 => 365
 50 101 25 27 97 66	 => 366
 80 66 97 70 45 8	 => 366
 61 8 45 67 102 83	 => 366
 42 83 102 22 17 99	 => 365
 68 99 17 94 69 18	 => 365
 105 18 69 15 74 85	 => 366
 21 85 74 86 51 49	 => 366
 97 27 20 104 48 70	 => 366
 45 70 48 100 36 67	 => 366
 102 67 36 64 75 22	 => 366
 17 22 75 103 54 94	 => 365
 69 94 54 26 108 15	 => 366
 74 15 108 79 4 86	 => 366
 48 104 24 31 59 100	 => 366
 36 100 59 84 23 64	 => 366
 75 64 23 44 56 103	 => 365
 54 103 56 32 95 26	 => 366
 108 26 95 55 2 79	 => 365
 59 31 1 93 98 84	 => 366
 23 84 98 28 89 44	 => 366
 56 44 89 72 73 32	 => 366
 95 32 73 76 34 55	 => 365
 98 93 3 57 87 28	 => 366
 89 28 87 12 78 72	 => 366
 73 72 78 19 47 76	 => 365



test#	fitness		sum		time
---------------------------------------------------
1	349.76				499
2	354.477				571
3	360.881				691


---------------------------------------------------
Best fitness      : 360.881 ( test# 3)
Shortest time     : 499 ( test# 1)

Average fitness   : 355.039
Average time      : 587
