****************** GA TEST *******************

total test#:			 3
hexa min width:			 3
hexa max width:			 7
hexa count:			 43
number count:			 110
population size:		 130
generation size:		 50

tournament winner p:		 1
do xover p:			 1
xover:				 2points
do mutation1 p:			 0.1
mutation1 p:			 0.05
do optimize p:			 0.65
local optimize count:		 6000
do deep better optimize p:	 1
do deep worse optimize p:	 0
do spin p:			 0
spin count:			 1000
do spin apply p:		 1
do mutation2 p:			 0.17
mutation2 p:			 0.08
force mutation2:		 0
replace bad p:			 0.195

converge rate p:		 0.99
converge count:			 1

**********************************************


===================[TEST 1]===================

##### START ##### Thu May 22 01:29:12 2003



##### CONVERGE ##### Thu May 22 01:39:50 2003

Elapsed time: 638 seconds
Total loop: 172 generations

Result : 354.303

76 64 18 68 37 97 7 59 62 98 5 45 105 44 58 33 102 81 25 90 74 30 108 26 46 36 75 104 10 40 101 49 20 106 22 103 80 21 4 73 55 48 72 86 31 53 92 39 82 8 93 16 60 28 6 88 110 23 52 56 63 71 50 70 27 43 107 95 34 15 54 1 84 109 35 47 89 51 29 91 100 12 3 11 94 61 42 65 69 38 67 83 57 17 9 66 87 96 2 85 99 41 13 14 77 19 78 79 24 32 

 76 64 18 68 37 97	 => 360
 7 97 37 59 62 98	 => 360
 5 98 62 45 105 44	 => 359
 18 58 33 102 81 68	 => 360
 37 68 81 25 90 59	 => 360
 62 59 90 74 30 45	 => 360
 105 45 30 108 26 46	 => 360
 33 36 75 104 10 102	 => 360
 81 102 10 40 101 25	 => 359
 90 25 101 49 20 74	 => 359
 30 74 20 106 22 108	 => 360
 26 108 22 103 80 21	 => 360
 75 4 73 55 48 104	 => 359
 10 104 48 72 86 40	 => 360
 101 40 86 31 53 49	 => 360
 20 49 53 92 39 106	 => 359
 22 106 39 82 8 103	 => 360
 80 103 8 93 16 60	 => 360
 73 28 6 88 110 55	 => 360
 48 55 110 23 52 72	 => 360
 86 72 52 56 63 31	 => 360
 53 31 63 71 50 92	 => 360
 39 92 50 70 27 82	 => 360
 8 82 27 43 107 93	 => 360
 16 93 107 95 34 15	 => 360
 110 88 54 1 84 23	 => 360
 52 23 84 109 35 56	 => 359
 63 56 35 47 89 71	 => 361
 50 71 89 51 29 70	 => 360
 27 70 29 91 100 43	 => 360
 107 43 100 12 3 95	 => 360
 84 1 11 94 61 109	 => 360
 35 109 61 42 65 47	 => 359
 89 47 65 69 38 51	 => 359
 29 51 38 67 83 91	 => 359
 100 91 83 57 17 12	 => 360
 61 94 9 66 87 42	 => 359
 65 42 87 96 2 69	 => 361
 38 69 2 85 99 67	 => 360
 83 67 99 41 13 57	 => 360
 87 66 14 77 19 96	 => 359
 2 96 19 78 79 85	 => 359
 99 85 79 24 32 41	 => 360


===================[TEST 2]===================

##### START ##### Thu May 22 01:39:50 2003



##### CONVERGE ##### Thu May 22 01:48:37 2003

Elapsed time: 527 seconds
Total loop: 142 generations

Result : 349.486

85 9 78 108 41 33 88 91 19 82 46 99 8 100 2 53 69 44 23 47 30 68 102 75 3 29 109 45 49 72 97 84 74 26 54 92 27 4 11 89 24 76 95 18 51 32 62 77 55 50 80 90 15 71 28 60 83 34 42 39 110 21 79 65 16 73 81 36 56 12 10 64 103 70 66 20 98 61 31 63 107 35 22 5 87 25 106 67 57 52 104 43 105 1 40 37 59 58 7 86 48 17 38 101 6 93 14 96 94 13 

 85 9 78 108 41 33	 => 354
 88 33 41 91 19 82	 => 354
 46 82 19 99 8 100	 => 354
 78 2 53 69 44 108	 => 354
 41 108 44 23 47 91	 => 354
 19 91 47 30 68 99	 => 354
 8 99 68 102 75 3	 => 355
 53 29 109 45 49 69	 => 354
 44 69 49 72 97 23	 => 354
 47 23 97 84 74 30	 => 355
 68 30 74 26 54 102	 => 354
 75 102 54 92 27 4	 => 354
 109 11 89 24 76 45	 => 354
 49 45 76 95 18 72	 => 355
 97 72 18 51 32 84	 => 354
 74 84 32 62 77 26	 => 355
 54 26 77 55 50 92	 => 354
 27 92 50 80 90 15	 => 354
 89 71 28 60 83 24	 => 355
 76 24 83 34 42 95	 => 354
 18 95 42 39 110 51	 => 355
 32 51 110 21 79 62	 => 355
 77 62 79 65 16 55	 => 354
 50 55 16 73 81 80	 => 355
 90 80 81 36 56 12	 => 355
 83 60 10 64 103 34	 => 354
 42 34 103 70 66 39	 => 354
 110 39 66 20 98 21	 => 354
 79 21 98 61 31 65	 => 355
 16 65 31 63 107 73	 => 355
 81 73 107 35 22 36	 => 354
 103 64 5 87 25 70	 => 354
 66 70 25 106 67 20	 => 354
 98 20 67 57 52 61	 => 355
 31 61 52 104 43 63	 => 354
 107 63 43 105 1 35	 => 354
 25 87 40 37 59 106	 => 354
 67 106 59 58 7 57	 => 354
 52 57 7 86 48 104	 => 354
 43 104 48 17 38 105	 => 355
 59 37 101 6 93 58	 => 354
 7 58 93 14 96 86	 => 354
 48 86 96 94 13 17	 => 354


===================[TEST 3]===================

##### START ##### Thu May 22 01:48:37 2003



##### CONVERGE ##### Thu May 22 01:57:57 2003

Elapsed time: 560 seconds
Total loop: 147 generations

Result : 357.417

66 21 109 47 64 56 8 101 32 102 31 69 92 37 30 48 85 44 25 82 17 62 83 34 23 14 68 99 49 81 79 67 93 1 107 110 20 9 12 33 108 43 28 63 15 58 61 84 2 59 91 78 6 76 16 88 42 53 90 72 96 38 94 77 46 65 100 10 26 57 60 51 70 54 24 45 89 39 27 41 106 75 7 29 74 86 50 104 13 73 87 97 40 4 3 55 95 80 22 71 98 36 5 11 19 103 52 35 105 18 

 66 21 109 47 64 56	 => 363
 8 56 64 101 32 102	 => 363
 31 102 32 69 92 37	 => 363
 109 30 48 85 44 47	 => 363
 64 47 44 25 82 101	 => 363
 32 101 82 17 62 69	 => 363
 92 69 62 83 34 23	 => 363
 48 14 68 99 49 85	 => 363
 44 85 49 81 79 25	 => 363
 82 25 79 67 93 17	 => 363
 62 17 93 1 107 83	 => 363
 34 83 107 110 20 9	 => 363
 68 12 33 108 43 99	 => 363
 49 99 43 28 63 81	 => 363
 79 81 63 15 58 67	 => 363
 93 67 58 61 84 1	 => 364
 107 1 84 2 59 110	 => 363
 20 110 59 91 78 6	 => 364
 33 76 16 88 42 108	 => 363
 43 108 42 53 90 28	 => 364
 63 28 90 72 96 15	 => 364
 58 15 96 38 94 61	 => 362
 84 61 94 77 46 2	 => 364
 59 2 46 65 100 91	 => 363
 78 91 100 10 26 57	 => 362
 42 88 60 51 70 53	 => 364
 90 53 70 54 24 72	 => 363
 96 72 24 45 89 38	 => 364
 94 38 89 39 27 77	 => 364
 46 77 27 41 106 65	 => 362
 100 65 106 75 7 10	 => 363
 70 51 29 74 86 54	 => 364
 24 54 86 50 104 45	 => 363
 89 45 104 13 73 39	 => 363
 27 39 73 87 97 41	 => 364
 106 41 97 40 4 75	 => 363
 86 74 3 55 95 50	 => 363
 104 50 95 80 22 13	 => 364
 73 13 22 71 98 87	 => 364
 97 87 98 36 5 40	 => 363
 95 55 11 19 103 80	 => 363
 22 80 103 52 35 71	 => 363
 98 71 35 105 18 36	 => 363



test#	fitness		sum		time
---------------------------------------------------
1	354.303				638
2	349.486				527
3	357.417				560


---------------------------------------------------
Best fitness      : 357.417 ( test# 3)
Shortest time     : 527 ( test# 2)

Average fitness   : 353.735
Average time      : 575
