****************** GA TEST *******************

total test#:			 3
hexa min width:			 3
hexa max width:			 7
hexa count:			 43
number count:			 110
population size:		 130
generation size:		 50

tournament winner p:		 1
do xover p:			 1
xover:				 2points
do mutation1 p:			 0.1
mutation1 p:			 0.05
do optimize p:			 0.65
local optimize count:		 6000
do deep better optimize p:	 1
do deep worse optimize p:	 0
do spin p:			 0
spin count:			 1000
do spin apply p:		 1
do mutation2 p:			 0.07
mutation2 p:			 0.08
force mutation2:		 0
replace bad p:			 0.195

converge rate p:		 0.99
converge count:			 1

**********************************************


===================[TEST 1]===================

##### START ##### Thu May 22 01:57:59 2003



##### CONVERGE ##### Thu May 22 02:05:29 2003

Elapsed time: 450 seconds
Total loop: 119 generations

Result : 352.796

90 16 11 76 69 96 19 56 108 10 85 45 106 5 38 107 27 99 24 34 88 28 42 97 39 22 52 46 105 9 94 71 47 43 110 53 44 12 72 98 67 23 83 92 59 33 86 78 54 20 104 101 37 50 31 25 87 80 18 48 58 49 73 32 36 109 35 26 84 8 13 89 64 81 66 68 70 93 41 61 79 95 14 21 63 40 103 1 74 51 57 55 65 3 15 75 62 102 17 82 77 100 4 29 30 60 6 91 7 2 

 90 16 11 76 69 96	 => 358
 19 96 69 56 108 10	 => 358
 85 10 108 45 106 5	 => 359
 11 38 107 27 99 76	 => 358
 69 76 99 24 34 56	 => 358
 108 56 34 88 28 45	 => 359
 106 45 28 42 97 39	 => 357
 107 22 52 46 105 27	 => 359
 99 27 105 9 94 24	 => 358
 34 24 94 71 47 88	 => 358
 28 88 47 43 110 42	 => 358
 97 42 110 53 44 12	 => 358
 52 72 98 67 23 46	 => 358
 105 46 23 83 92 9	 => 358
 94 9 92 59 33 71	 => 358
 47 71 33 86 78 43	 => 358
 110 43 78 54 20 53	 => 358
 44 53 20 104 101 37	 => 359
 98 50 31 25 87 67	 => 358
 23 67 87 80 18 83	 => 358
 92 83 18 48 58 59	 => 358
 33 59 58 49 73 86	 => 358
 78 86 73 32 36 54	 => 359
 20 54 36 109 35 104	 => 358
 101 104 35 26 84 8	 => 358
 87 25 13 89 64 80	 => 358
 18 80 64 81 66 48	 => 357
 58 48 66 68 70 49	 => 359
 73 49 70 93 41 32	 => 358
 36 32 41 61 79 109	 => 358
 35 109 79 95 14 26	 => 358
 64 89 21 63 40 81	 => 358
 66 81 40 103 1 68	 => 359
 70 68 1 74 51 93	 => 357
 41 93 51 57 55 61	 => 358
 79 61 55 65 3 95	 => 358
 40 63 15 75 62 103	 => 358
 1 103 62 102 17 74	 => 359
 51 74 17 82 77 57	 => 358
 55 57 77 100 4 65	 => 358
 62 75 29 30 60 102	 => 358
 17 102 60 6 91 82	 => 358
 77 82 91 7 2 100	 => 359


===================[TEST 2]===================

##### START ##### Thu May 22 02:05:29 2003



##### CONVERGE ##### Thu May 22 02:17:51 2003

Elapsed time: 742 seconds
Total loop: 200 generations

Result : 362.76

23 6 86 103 109 41 33 29 56 100 35 107 62 7 2 81 70 26 32 69 87 20 71 91 17 31 84 48 53 92 95 10 75 50 64 83 43 16 4 52 98 82 14 79 47 45 94 93 12 66 108 44 24 27 39 73 78 58 38 105 85 37 60 63 46 76 59 42 18 96 3 68 88 74 5 34 102 90 15 67 101 89 1 21 11 106 77 72 8 61 80 55 30 25 22 54 97 104 9 99 110 57 36 19 28 65 51 40 49 13 

 23 6 86 103 109 41	 => 368
 33 41 109 29 56 100	 => 368
 35 100 56 107 62 7	 => 367
 86 2 81 70 26 103	 => 368
 109 103 26 32 69 29	 => 368
 56 29 69 87 20 107	 => 368
 62 107 20 71 91 17	 => 368
 81 31 84 48 53 70	 => 367
 26 70 53 92 95 32	 => 368
 69 32 95 10 75 87	 => 368
 20 87 75 50 64 71	 => 367
 91 71 64 83 43 16	 => 368
 84 4 52 98 82 48	 => 368
 53 48 82 14 79 92	 => 368
 95 92 79 47 45 10	 => 368
 75 10 45 94 93 50	 => 367
 64 50 93 12 66 83	 => 368
 43 83 66 108 44 24	 => 368
 52 27 39 73 78 98	 => 367
 82 98 78 58 38 14	 => 368
 79 14 38 105 85 47	 => 368
 45 47 85 37 60 94	 => 368
 93 94 60 63 46 12	 => 368
 66 12 46 76 59 108	 => 367
 44 108 59 42 18 96	 => 367
 78 73 3 68 88 58	 => 368
 38 58 88 74 5 105	 => 368
 85 105 5 34 102 37	 => 368
 60 37 102 90 15 63	 => 367
 46 63 15 67 101 76	 => 368
 59 76 101 89 1 42	 => 368
 88 68 21 11 106 74	 => 368
 5 74 106 77 72 34	 => 368
 102 34 72 8 61 90	 => 367
 15 90 61 80 55 67	 => 368
 101 67 55 30 25 89	 => 367
 106 11 22 54 97 77	 => 367
 72 77 97 104 9 8	 => 367
 61 8 9 99 110 80	 => 367
 55 80 110 57 36 30	 => 368
 97 54 19 28 65 104	 => 367
 9 104 65 51 40 99	 => 368
 110 99 40 49 13 57	 => 368


===================[TEST 3]===================

##### START ##### Thu May 22 02:17:51 2003



##### CONVERGE ##### Thu May 22 02:25:51 2003

Elapsed time: 480 seconds
Total loop: 127 generations

Result : 358.524

21 2 29 102 100 109 24 3 97 30 34 89 40 73 36 22 101 72 23 63 98 12 103 81 38 6 88 104 42 65 60 74 45 19 86 70 18 5 16 71 56 27 108 17 59 87 31 107 14 67 110 94 4 11 52 77 96 44 32 92 54 26 106 41 64 53 55 82 7 15 10 46 90 25 80 68 43 85 62 50 93 47 33 28 99 75 78 37 79 51 49 66 58 48 20 8 83 76 9 69 105 84 1 39 95 61 91 57 13 35 

 21 2 29 102 100 109	 => 363
 24 109 100 3 97 30	 => 363
 34 30 97 89 40 73	 => 363
 29 36 22 101 72 102	 => 362
 100 102 72 23 63 3	 => 363
 97 3 63 98 12 89	 => 362
 40 89 12 103 81 38	 => 363
 22 6 88 104 42 101	 => 363
 72 101 42 65 60 23	 => 363
 63 23 60 74 45 98	 => 363
 12 98 45 19 86 103	 => 363
 81 103 86 70 18 5	 => 363
 88 16 71 56 27 104	 => 362
 42 104 27 108 17 65	 => 363
 60 65 17 59 87 74	 => 362
 45 74 87 31 107 19	 => 363
 86 19 107 14 67 70	 => 363
 18 70 67 110 94 4	 => 363
 71 11 52 77 96 56	 => 363
 27 56 96 44 32 108	 => 363
 17 108 32 92 54 59	 => 362
 87 59 54 26 106 31	 => 363
 107 31 106 41 64 14	 => 363
 67 14 64 53 55 110	 => 363
 94 110 55 82 7 15	 => 363
 96 77 10 46 90 44	 => 363
 32 44 90 25 80 92	 => 363
 54 92 80 68 43 26	 => 363
 106 26 43 85 62 41	 => 363
 64 41 62 50 93 53	 => 363
 55 53 93 47 33 82	 => 363
 90 46 28 99 75 25	 => 363
 80 25 75 78 37 68	 => 363
 43 68 37 79 51 85	 => 363
 62 85 51 49 66 50	 => 363
 93 50 66 58 48 47	 => 362
 75 99 20 8 83 78	 => 363
 37 78 83 76 9 79	 => 362
 51 79 9 69 105 49	 => 362
 66 49 105 84 1 58	 => 363
 83 8 39 95 61 76	 => 362
 9 76 61 91 57 69	 => 363
 105 69 57 13 35 84	 => 363



test#	fitness		sum		time
---------------------------------------------------
1	352.796				450
2	362.76				742
3	358.524				480


---------------------------------------------------
Best fitness      : 362.76 ( test# 2)
Shortest time     : 450 ( test# 1)

Average fitness   : 358.027
Average time      : 557.333
