****************** GA TEST *******************

total test#:			 3
hexa min width:			 3
hexa max width:			 7
hexa count:			 43
number count:			 110
population size:		 130
generation size:		 50

tournament winner p:		 1
do xover p:			 1
xover:				 2points
do mutation1 p:			 0.1
mutation1 p:			 0.05
do optimize p:			 0.65
local optimize count:		 6000
do deep better optimize p:	 1
do deep worse optimize p:	 0
do spin p:			 0
spin count:			 1000
do spin apply p:		 1
do mutation2 p:			 0.12
mutation2 p:			 0.13
force mutation2:		 0
replace bad p:			 0.195

converge rate p:		 0.99
converge count:			 1

**********************************************


===================[TEST 1]===================

##### START ##### Thu May 22 02:25:52 2003



##### CONVERGE ##### Thu May 22 02:35:13 2003

Elapsed time: 561 seconds
Total loop: 150 generations

Result : 357.298

4 6 103 109 52 89 20 27 100 74 11 66 102 9 18 26 94 13 64 97 24 48 107 37 2 10 105 59 68 85 38 41 98 15 71 77 69 1 16 70 101 12 63 75 58 65 60 83 28 88 106 3 19 45 43 54 49 87 50 84 32 47 99 31 62 42 36 108 92 17 29 104 39 67 34 79 86 44 55 76 96 72 8 5 57 90 78 14 46 93 33 61 51 7 22 35 80 91 53 56 82 40 95 21 25 110 23 30 73 81 

 4 6 103 109 52 89	 => 363
 20 89 52 27 100 74	 => 362
 11 74 100 66 102 9	 => 362
 103 18 26 94 13 109	 => 363
 52 109 13 64 97 27	 => 362
 100 27 97 24 48 66	 => 362
 102 66 48 107 37 2	 => 362
 26 10 105 59 68 94	 => 362
 13 94 68 85 38 64	 => 362
 97 64 38 41 98 24	 => 362
 48 24 98 15 71 107	 => 363
 37 107 71 77 69 1	 => 362
 105 16 70 101 12 59	 => 363
 68 59 12 63 75 85	 => 362
 38 85 75 58 65 41	 => 362
 98 41 65 60 83 15	 => 362
 71 15 83 28 88 77	 => 362
 69 77 88 106 3 19	 => 362
 70 45 43 54 49 101	 => 362
 12 101 49 87 50 63	 => 362
 75 63 50 84 32 58	 => 362
 65 58 32 47 99 60	 => 361
 83 60 99 31 62 28	 => 363
 88 28 62 42 36 106	 => 362
 3 106 36 108 92 17	 => 362
 49 54 29 104 39 87	 => 362
 50 87 39 67 34 84	 => 361
 32 84 34 79 86 47	 => 362
 99 47 86 44 55 31	 => 362
 62 31 55 76 96 42	 => 362
 36 42 96 72 8 108	 => 362
 39 104 5 57 90 67	 => 362
 34 67 90 78 14 79	 => 362
 86 79 14 46 93 44	 => 362
 55 44 93 33 61 76	 => 362
 96 76 61 51 7 72	 => 363
 90 57 22 35 80 78	 => 362
 14 78 80 91 53 46	 => 362
 93 46 53 56 82 33	 => 363
 61 33 82 40 95 51	 => 362
 80 35 21 25 110 91	 => 362
 53 91 110 23 30 56	 => 363
 82 56 30 73 81 40	 => 362


===================[TEST 2]===================

##### START ##### Thu May 22 02:35:13 2003



##### CONVERGE ##### Thu May 22 02:41:36 2003

Elapsed time: 383 seconds
Total loop: 102 generations

Result : 353.575

10 57 46 84 67 95 28 19 43 107 29 81 82 16 22 60 109 38 48 102 37 76 100 2 17 7 41 68 73 39 51 101 20 53 72 99 24 61 25 108 98 18 105 55 33 79 58 47 52 35 89 103 8 13 32 21 86 36 15 91 59 63 66 42 94 34 54 85 23 4 14 106 96 93 27 49 69 88 31 87 70 110 5 1 12 50 62 77 45 30 40 83 6 3 56 104 74 11 90 75 78 71 80 97 9 64 92 26 65 44 

 10 57 46 84 67 95	 => 359
 28 95 67 19 43 107	 => 359
 29 107 43 81 82 16	 => 358
 46 22 60 109 38 84	 => 359
 67 84 38 48 102 19	 => 358
 43 19 102 37 76 81	 => 358
 82 81 76 100 2 17	 => 358
 60 7 41 68 73 109	 => 358
 38 109 73 39 51 48	 => 358
 102 48 51 101 20 37	 => 359
 76 37 20 53 72 100	 => 358
 2 100 72 99 24 61	 => 358
 41 25 108 98 18 68	 => 358
 73 68 18 105 55 39	 => 358
 51 39 55 33 79 101	 => 358
 20 101 79 58 47 53	 => 358
 72 53 47 52 35 99	 => 358
 24 99 35 89 103 8	 => 358
 108 13 32 21 86 98	 => 358
 18 98 86 36 15 105	 => 358
 55 105 15 91 59 33	 => 358
 79 33 59 63 66 58	 => 358
 47 58 66 42 94 52	 => 359
 35 52 94 34 54 89	 => 358
 103 89 54 85 23 4	 => 358
 86 21 14 106 96 36	 => 359
 15 36 96 93 27 91	 => 358
 59 91 27 49 69 63	 => 358
 66 63 69 88 31 42	 => 359
 94 42 31 87 70 34	 => 358
 54 34 70 110 5 85	 => 358
 96 106 1 12 50 93	 => 358
 27 93 50 62 77 49	 => 358
 69 49 77 45 30 88	 => 358
 31 88 30 40 83 87	 => 359
 70 87 83 6 3 110	 => 359
 50 12 56 104 74 62	 => 358
 77 62 74 11 90 45	 => 359
 30 45 90 75 78 40	 => 358
 83 40 78 71 80 6	 => 358
 74 104 97 9 64 11	 => 359
 90 11 64 92 26 75	 => 358
 78 75 26 65 44 71	 => 359


===================[TEST 3]===================

##### START ##### Thu May 22 02:41:36 2003



##### CONVERGE ##### Thu May 22 02:49:38 2003

Elapsed time: 482 seconds
Total loop: 129 generations

Result : 349.954

57 39 71 79 58 51 26 75 35 110 82 102 20 6 12 49 89 56 72 15 109 19 103 33 78 2 104 100 11 74 54 62 42 9 73 108 17 21 8 64 66 13 91 65 48 52 94 97 23 45 106 69 10 60 55 5 105 34 46 87 18 59 84 29 28 77 76 22 44 38 14 99 98 37 53 107 32 101 50 83 88 92 1 25 36 61 81 16 96 3 95 24 63 4 31 80 67 68 27 93 41 85 47 30 40 70 90 7 43 86 

 57 39 71 79 58 51	 => 355
 26 51 58 75 35 110	 => 355
 82 110 35 102 20 6	 => 355
 71 12 49 89 56 79	 => 356
 58 79 56 72 15 75	 => 355
 35 75 15 109 19 102	 => 355
 20 102 19 103 33 78	 => 355
 49 2 104 100 11 89	 => 355
 56 89 11 74 54 72	 => 356
 15 72 54 62 42 109	 => 354
 19 109 42 9 73 103	 => 355
 33 103 73 108 17 21	 => 355
 104 8 64 66 13 100	 => 355
 11 100 13 91 65 74	 => 354
 54 74 65 48 52 62	 => 355
 42 62 52 94 97 9	 => 356
 73 9 97 23 45 108	 => 355
 17 108 45 106 69 10	 => 355
 64 60 55 5 105 66	 => 355
 13 66 105 34 46 91	 => 355
 65 91 46 87 18 48	 => 355
 52 48 18 59 84 94	 => 355
 97 94 84 29 28 23	 => 355
 45 23 28 77 76 106	 => 355
 69 106 76 22 44 38	 => 355
 105 5 14 99 98 34	 => 355
 46 34 98 37 53 87	 => 355
 18 87 53 107 32 59	 => 356
 84 59 32 101 50 29	 => 355
 28 29 50 83 88 77	 => 355
 76 77 88 92 1 22	 => 356
 98 99 25 36 61 37	 => 356
 53 37 61 81 16 107	 => 355
 32 107 16 96 3 101	 => 355
 50 101 3 95 24 83	 => 356
 88 83 24 63 4 92	 => 354
 61 36 31 80 67 81	 => 356
 16 81 67 68 27 96	 => 355
 3 96 27 93 41 95	 => 355
 24 95 41 85 47 63	 => 355
 67 80 30 40 70 68	 => 355
 27 68 70 90 7 93	 => 355
 41 93 7 43 86 85	 => 355



test#	fitness		sum		time
---------------------------------------------------
1	357.298				561
2	353.575				383
3	349.954				482


---------------------------------------------------
Best fitness      : 357.298 ( test# 1)
Shortest time     : 383 ( test# 2)

Average fitness   : 353.609
Average time      : 475.333
