****************** GA TEST *******************

total test#:			 3
hexa min width:			 3
hexa max width:			 7
hexa count:			 43
number count:			 110
population size:		 130
generation size:		 50

tournament winner p:		 1
do xover p:			 1
xover:				 2points
do mutation1 p:			 0.1
mutation1 p:			 0.05
do optimize p:			 0.65
local optimize count:		 6000
do deep better optimize p:	 1
do deep worse optimize p:	 0
do spin p:			 0
spin count:			 1000
do spin apply p:		 1
do mutation2 p:			 0.12
mutation2 p:			 0.03
force mutation2:		 0
replace bad p:			 0.195

converge rate p:		 0.99
converge count:			 1

**********************************************


===================[TEST 1]===================

##### START ##### Thu May 22 02:49:39 2003



##### CONVERGE ##### Thu May 22 03:00:08 2003

Elapsed time: 629 seconds
Total loop: 167 generations

Result : 351.066

22 6 72 104 60 91 4 65 32 103 3 98 95 24 14 20 59 86 29 11 81 68 8 85 1 35 64 93 83 56 42 105 88 16 94 63 75 30 9 108 47 34 84 5 109 38 19 89 92 2 106 7 101 97 15 21 67 73 49 80 28 74 87 31 37 52 66 25 61 90 54 39 100 40 13 110 50 55 58 70 107 26 79 18 76 82 48 62 27 51 77 44 96 12 17 33 99 78 41 102 57 36 45 23 69 53 10 71 46 43 

 22 6 72 104 60 91	 => 355
 4 91 60 65 32 103	 => 355
 3 103 32 98 95 24	 => 355
 72 14 20 59 86 104	 => 355
 60 104 86 29 11 65	 => 355
 32 65 11 81 68 98	 => 355
 95 98 68 8 85 1	 => 355
 20 35 64 93 83 59	 => 354
 86 59 83 56 42 29	 => 355
 11 29 42 105 88 81	 => 356
 68 81 88 16 94 8	 => 355
 85 8 94 63 75 30	 => 355
 64 9 108 47 34 93	 => 355
 83 93 34 84 5 56	 => 355
 42 56 5 109 38 105	 => 355
 88 105 38 19 89 16	 => 355
 94 16 89 92 2 63	 => 356
 75 63 2 106 7 101	 => 354
 108 97 15 21 67 47	 => 355
 34 47 67 73 49 84	 => 354
 5 84 49 80 28 109	 => 355
 38 109 28 74 87 19	 => 355
 89 19 87 31 37 92	 => 355
 2 92 37 52 66 106	 => 355
 7 106 66 25 61 90	 => 355
 67 21 54 39 100 73	 => 354
 49 73 100 40 13 80	 => 355
 28 80 13 110 50 74	 => 355
 87 74 50 55 58 31	 => 355
 37 31 58 70 107 52	 => 355
 66 52 107 26 79 25	 => 355
 100 39 18 76 82 40	 => 355
 13 40 82 48 62 110	 => 355
 50 110 62 27 51 55	 => 355
 58 55 51 77 44 70	 => 355
 107 70 44 96 12 26	 => 355
 82 76 17 33 99 48	 => 355
 62 48 99 78 41 27	 => 355
 51 27 41 102 57 77	 => 355
 44 77 57 36 45 96	 => 355
 99 33 23 69 53 78	 => 355
 41 78 53 10 71 102	 => 355
 57 102 71 46 43 36	 => 355


===================[TEST 2]===================

##### START ##### Thu May 22 03:00:08 2003



##### CONVERGE ##### Thu May 22 03:09:40 2003

Elapsed time: 572 seconds
Total loop: 152 generations

Result : 357.476

3 94 18 95 66 86 27 15 103 65 20 90 75 9 23 84 46 96 56 34 98 22 107 25 44 31 42 63 97 14 53 89 32 10 93 81 54 2 60 37 78 82 30 76 69 61 71 99 16 64 110 36 17 51 55 92 49 91 33 67 87 45 29 88 59 4 109 100 6 1 8 43 80 70 21 102 40 101 58 79 74 62 13 50 47 72 73 24 19 77 35 12 106 28 26 39 105 104 38 108 85 83 41 52 5 57 48 7 68 11 

 3 94 18 95 66 86	 => 362
 27 86 66 15 103 65	 => 362
 20 65 103 90 75 9	 => 362
 18 23 84 46 96 95	 => 362
 66 95 96 56 34 15	 => 362
 103 15 34 98 22 90	 => 362
 75 90 22 107 25 44	 => 363
 84 31 42 63 97 46	 => 363
 96 46 97 14 53 56	 => 362
 34 56 53 89 32 98	 => 362
 22 98 32 10 93 107	 => 362
 25 107 93 81 54 2	 => 362
 42 60 37 78 82 63	 => 362
 97 63 82 30 76 14	 => 362
 53 14 76 69 61 89	 => 362
 32 89 61 71 99 10	 => 362
 93 10 99 16 64 81	 => 363
 54 81 64 110 36 17	 => 362
 37 51 55 92 49 78	 => 362
 82 78 49 91 33 30	 => 363
 76 30 33 67 87 69	 => 362
 61 69 87 45 29 71	 => 362
 99 71 29 88 59 16	 => 362
 64 16 59 4 109 110	 => 362
 36 110 109 100 6 1	 => 362
 49 92 8 43 80 91	 => 363
 33 91 80 70 21 67	 => 362
 87 67 21 102 40 45	 => 362
 29 45 40 101 58 88	 => 361
 59 88 58 79 74 4	 => 362
 109 4 74 62 13 100	 => 362
 80 43 50 47 72 70	 => 362
 21 70 72 73 24 102	 => 362
 40 102 24 19 77 101	 => 363
 58 101 77 35 12 79	 => 362
 74 79 12 106 28 62	 => 361
 72 47 26 39 105 73	 => 362
 24 73 105 104 38 19	 => 363
 77 19 38 108 85 35	 => 362
 12 35 85 83 41 106	 => 362
 105 39 52 5 57 104	 => 362
 38 104 57 48 7 108	 => 362
 85 108 7 68 11 83	 => 362


===================[TEST 3]===================

##### START ##### Thu May 22 03:09:40 2003



##### CONVERGE ##### Thu May 22 03:18:50 2003

Elapsed time: 550 seconds
Total loop: 145 generations

Result : 356.303

47 43 57 55 107 52 20 28 59 95 14 101 75 18 36 98 31 84 26 62 44 68 10 78 30 27 12 85 109 16 97 45 87 76 77 94 90 13 104 40 99 21 63 67 34 103 46 5 50 60 33 61 23 19 15 88 102 7 70 79 49 24 106 91 64 54 100 92 4 72 35 25 105 48 53 74 82 58 1 71 81 29 6 8 80 96 22 69 37 41 108 83 56 42 2 51 110 86 38 73 65 39 11 32 17 66 9 89 93 3 

 47 43 57 55 107 52	 => 361
 20 52 107 28 59 95	 => 361
 14 95 59 101 75 18	 => 362
 57 36 98 31 84 55	 => 361
 107 55 84 26 62 28	 => 362
 59 28 62 44 68 101	 => 362
 75 101 68 10 78 30	 => 362
 98 27 12 85 109 31	 => 362
 84 31 109 16 97 26	 => 363
 62 26 97 45 87 44	 => 361
 68 44 87 76 77 10	 => 362
 78 10 77 94 90 13	 => 362
 12 104 40 99 21 85	 => 361
 109 85 21 63 67 16	 => 361
 97 16 67 34 103 45	 => 362
 87 45 103 46 5 76	 => 362
 77 76 5 50 60 94	 => 362
 90 94 60 33 61 23	 => 361
 40 19 15 88 102 99	 => 363
 21 99 102 7 70 63	 => 362
 67 63 70 79 49 34	 => 362
 103 34 49 24 106 46	 => 362
 5 46 106 91 64 50	 => 362
 60 50 64 54 100 33	 => 361
 61 33 100 92 4 72	 => 362
 102 88 35 25 105 7	 => 362
 70 7 105 48 53 79	 => 362
 49 79 53 74 82 24	 => 361
 106 24 82 58 1 91	 => 362
 64 91 1 71 81 54	 => 362
 100 54 81 29 6 92	 => 362
 105 25 8 80 96 48	 => 362
 53 48 96 22 69 74	 => 362
 82 74 69 37 41 58	 => 361
 1 58 41 108 83 71	 => 362
 81 71 83 56 42 29	 => 362
 96 80 2 51 110 22	 => 361
 69 22 110 86 38 37	 => 362
 41 37 38 73 65 108	 => 362
 83 108 65 39 11 56	 => 362
 110 51 32 17 66 86	 => 362
 38 86 66 9 89 73	 => 361
 65 73 89 93 3 39	 => 362



test#	fitness		sum		time
---------------------------------------------------
1	351.066				629
2	357.476				572
3	356.303				550


---------------------------------------------------
Best fitness      : 357.476 ( test# 2)
Shortest time     : 550 ( test# 3)

Average fitness   : 354.948
Average time      : 583.667
