****************** GA TEST *******************

total test#:			 3
hexa min width:			 3
hexa max width:			 7
hexa count:			 43
number count:			 110
population size:		 130
generation size:		 50

tournament winner p:		 1
do xover p:			 1
xover:				 2points
do mutation1 p:			 0.1
mutation1 p:			 0.05
do optimize p:			 0.65
local optimize count:		 6000
do deep better optimize p:	 1
do deep worse optimize p:	 0
do spin p:			 0
spin count:			 1000
do spin apply p:		 1
do mutation2 p:			 0.12
mutation2 p:			 0.08
force mutation2:		 1
replace bad p:			 0.195

converge rate p:		 0.99
converge count:			 1

**********************************************


===================[TEST 1]===================

##### START ##### Thu May 22 03:18:52 2003



##### CONVERGE ##### Thu May 22 03:27:35 2003

Elapsed time: 523 seconds
Total loop: 141 generations

Result : 357.859

30 20 35 108 62 107 9 11 90 83 22 102 57 8 42 6 104 67 39 75 51 33 97 70 3 86 25 87 54 4 94 43 59 84 38 91 52 14 13 44 95 99 26 92 89 40 68 69 32 48 110 56 5 17 37 106 63 1 78 31 47 73 45 77 71 27 74 81 23 19 7 85 100 103 49 82 80 72 15 79 93 46 41 34 28 12 101 16 36 76 55 65 18 61 58 66 98 109 2 88 105 24 96 29 10 50 53 60 21 64 

 30 20 35 108 62 107	 => 362
 9 107 62 11 90 83	 => 362
 22 83 90 102 57 8	 => 362
 35 42 6 104 67 108	 => 362
 62 108 67 39 75 11	 => 362
 90 11 75 51 33 102	 => 362
 57 102 33 97 70 3	 => 362
 6 86 25 87 54 104	 => 362
 67 104 54 4 94 39	 => 362
 75 39 94 43 59 51	 => 361
 33 51 59 84 38 97	 => 362
 70 97 38 91 52 14	 => 362
 25 13 44 95 99 87	 => 363
 54 87 99 26 92 4	 => 362
 94 4 92 89 40 43	 => 362
 59 43 40 68 69 84	 => 363
 38 84 69 32 48 91	 => 362
 52 91 48 110 56 5	 => 362
 44 17 37 106 63 95	 => 362
 99 95 63 1 78 26	 => 362
 92 26 78 31 47 89	 => 363
 40 89 47 73 45 68	 => 362
 69 68 45 77 71 32	 => 362
 48 32 71 27 74 110	 => 362
 56 110 74 81 23 19	 => 363
 63 106 7 85 100 1	 => 362
 78 1 100 103 49 31	 => 362
 47 31 49 82 80 73	 => 362
 45 73 80 72 15 77	 => 362
 71 77 15 79 93 27	 => 362
 74 27 93 46 41 81	 => 362
 100 85 34 28 12 103	 => 362
 49 103 12 101 16 82	 => 363
 80 82 16 36 76 72	 => 362
 15 72 76 55 65 79	 => 362
 93 79 65 18 61 46	 => 362
 12 28 58 66 98 101	 => 363
 16 101 98 109 2 36	 => 362
 76 36 2 88 105 55	 => 362
 65 55 105 24 96 18	 => 363
 98 66 29 10 50 109	 => 362
 2 109 50 53 60 88	 => 362
 105 88 60 21 64 24	 => 362


===================[TEST 2]===================

##### START ##### Thu May 22 03:27:35 2003



##### CONVERGE ##### Thu May 22 03:34:34 2003

Elapsed time: 419 seconds
Total loop: 113 generations

Result : 354.376

25 42 58 108 106 21 69 14 109 41 81 46 52 30 24 40 94 35 11 86 16 89 88 9 76 38 19 68 101 22 97 100 50 13 103 85 72 3 64 110 54 45 80 44 63 34 102 61 36 62 84 39 18 87 2 10 96 29 56 51 66 67 26 92 43 55 79 83 57 17 23 98 104 28 91 32 53 107 15 73 82 49 12 8 27 95 77 37 99 31 74 59 93 4 7 78 75 71 1 90 65 48 20 70 6 60 33 105 47 5 

 25 42 58 108 106 21	 => 360
 69 21 106 14 109 41	 => 360
 81 41 109 46 52 30	 => 359
 58 24 40 94 35 108	 => 359
 106 108 35 11 86 14	 => 360
 109 14 86 16 89 46	 => 360
 52 46 89 88 9 76	 => 360
 40 38 19 68 101 94	 => 360
 35 94 101 22 97 11	 => 360
 86 11 97 100 50 16	 => 360
 89 16 50 13 103 88	 => 359
 9 88 103 85 72 3	 => 360
 19 64 110 54 45 68	 => 360
 101 68 45 80 44 22	 => 360
 97 22 44 63 34 100	 => 360
 50 100 34 102 61 13	 => 360
 103 13 61 36 62 85	 => 360
 72 85 62 84 39 18	 => 360
 110 87 2 10 96 54	 => 359
 45 54 96 29 56 80	 => 360
 44 80 56 51 66 63	 => 360
 34 63 66 67 26 102	 => 358
 61 102 26 92 43 36	 => 360
 62 36 43 55 79 84	 => 359
 39 84 79 83 57 17	 => 359
 96 10 23 98 104 29	 => 360
 56 29 104 28 91 51	 => 359
 66 51 91 32 53 67	 => 360
 26 67 53 107 15 92	 => 360
 43 92 15 73 82 55	 => 360
 79 55 82 49 12 83	 => 360
 104 98 8 27 95 28	 => 360
 91 28 95 77 37 32	 => 360
 53 32 37 99 31 107	 => 359
 15 107 31 74 59 73	 => 359
 82 73 59 93 4 49	 => 360
 95 27 7 78 75 77	 => 359
 37 77 75 71 1 99	 => 360
 31 99 1 90 65 74	 => 360
 59 74 65 48 20 93	 => 359
 75 78 70 6 60 71	 => 360
 1 71 60 33 105 90	 => 360
 65 90 105 47 5 48	 => 360


===================[TEST 3]===================

##### START ##### Thu May 22 03:34:34 2003



##### CONVERGE ##### Thu May 22 03:43:59 2003

Elapsed time: 565 seconds
Total loop: 151 generations

Result : 356.105

15 25 93 89 96 42 36 65 70 51 32 103 81 23 2 31 105 41 59 10 106 6 73 38 60 83 37 101 3 98 54 33 99 63 13 76 107 53 27 79 95 21 30 108 58 9 72 84 55 69 82 19 7 20 16 64 86 24 104 35 26 109 87 44 18 88 48 110 50 52 39 80 67 74 56 94 40 46 34 85 91 11 12 29 102 8 71 57 49 75 28 92 77 4 1 100 78 62 43 97 68 90 5 14 61 45 47 66 22 17 

 15 25 93 89 96 42	 => 360
 36 42 96 65 70 51	 => 360
 32 51 70 103 81 23	 => 360
 93 2 31 105 41 89	 => 361
 96 89 41 59 10 65	 => 360
 70 65 10 106 6 103	 => 360
 81 103 6 73 38 60	 => 361
 31 83 37 101 3 105	 => 360
 41 105 3 98 54 59	 => 360
 10 59 54 33 99 106	 => 361
 6 106 99 63 13 73	 => 360
 38 73 13 76 107 53	 => 360
 37 27 79 95 21 101	 => 360
 3 101 21 30 108 98	 => 361
 54 98 108 58 9 33	 => 360
 99 33 9 72 84 63	 => 360
 13 63 84 55 69 76	 => 360
 107 76 69 82 19 7	 => 360
 79 20 16 64 86 95	 => 360
 21 95 86 24 104 30	 => 360
 108 30 104 35 26 58	 => 361
 9 58 26 109 87 72	 => 361
 84 72 87 44 18 55	 => 360
 69 55 18 88 48 82	 => 360
 19 82 48 110 50 52	 => 361
 86 64 39 80 67 24	 => 360
 104 24 67 74 56 35	 => 360
 26 35 56 94 40 109	 => 360
 87 109 40 46 34 44	 => 360
 18 44 34 85 91 88	 => 360
 48 88 91 11 12 110	 => 360
 67 80 29 102 8 74	 => 360
 56 74 8 71 57 94	 => 360
 40 94 57 49 75 46	 => 361
 34 46 75 28 92 85	 => 360
 91 85 92 77 4 11	 => 360
 8 102 1 100 78 71	 => 360
 57 71 78 62 43 49	 => 360
 75 49 43 97 68 28	 => 360
 92 28 68 90 5 77	 => 360
 78 100 14 61 45 62	 => 360
 43 62 45 47 66 97	 => 360
 68 97 66 22 17 90	 => 360



test#	fitness		sum		time
---------------------------------------------------
1	357.859				523
2	354.376				419
3	356.105				565


---------------------------------------------------
Best fitness      : 357.859 ( test# 1)
Shortest time     : 419 ( test# 2)

Average fitness   : 356.113
Average time      : 502.333
