****************** GA TEST *******************

total test#:			 100
hexa min width:			 3
hexa max width:			 5
hexa count:			 19
number count:			 54
population size:		 140
generation size:		 50

tournament winner p:		 1
do xover p:			 1
xover:				 2points
do mutation1 p:			 0.1
mutation1 p:			 0.05
do optimize p:			 1
local optimize count:		 6000
do deep better optimize p:	 1
do deep worse optimize p:	 0
do spin p:			 0
spin count:			 1000
do spin apply p:		 1
do mutation2 p:			 0.12
mutation2 p:			 0.08
force mutation2:		 0
replace bad p:			 0.195

converge rate p:		 0.99
converge count:			 5

**********************************************


===================[TEST 1]===================

##### START ##### Thu May 22 08:34:00 2003



##### CONVERGE ##### Thu May 22 08:34:59 2003

Elapsed time: 59 seconds
Total loop: 104 generations

Result : 186.85

20 15 36 49 47 22 7 11 54 48 2 45 28 12 3 53 25 23 30 29 19 32 40 35 10 14 17 38 42 18 51 39 21 27 50 31 9 24 13 37 41 34 6 52 44 33 4 5 26 46 8 43 16 1 

 20 15 36 49 47 22	 => 189
 7 22 47 11 54 48	 => 189
 2 48 54 45 28 12	 => 189
 36 3 53 25 23 49	 => 189
 47 49 23 30 29 11	 => 189
 54 11 29 19 32 45	 => 190
 28 45 32 40 35 10	 => 190
 53 14 17 38 42 25	 => 189
 23 25 42 18 51 30	 => 189
 29 30 51 39 21 19	 => 189
 32 19 21 27 50 40	 => 189
 35 40 50 31 9 24	 => 189
 42 38 13 37 41 18	 => 189
 51 18 41 34 6 39	 => 189
 21 39 6 52 44 27	 => 189
 50 27 44 33 4 31	 => 189
 41 37 5 26 46 34	 => 189
 6 34 46 8 43 52	 => 189
 44 52 43 16 1 33	 => 189


===================[TEST 2]===================

##### START ##### Thu May 22 08:34:59 2003



##### CONVERGE ##### Thu May 22 08:35:42 2003

Elapsed time: 43 seconds
Total loop: 74 generations

Result : 187.163

3 1 49 53 45 39 2 30 34 40 24 50 37 5 4 21 51 12 22 28 41 7 54 29 13 11 18 42 47 23 35 25 38 14 36 32 19 20 8 27 43 48 16 52 44 46 17 15 26 31 10 33 6 9 

 3 1 49 53 45 39	 => 190
 2 39 45 30 34 40	 => 190
 24 40 34 50 37 5	 => 190
 49 4 21 51 12 53	 => 190
 45 53 12 22 28 30	 => 190
 34 30 28 41 7 50	 => 190
 37 50 7 54 29 13	 => 190
 21 11 18 42 47 51	 => 190
 12 51 47 23 35 22	 => 190
 28 22 35 25 38 41	 => 189
 7 41 38 14 36 54	 => 190
 29 54 36 32 19 20	 => 190
 47 42 8 27 43 23	 => 190
 35 23 43 48 16 25	 => 190
 38 25 16 52 44 14	 => 189
 36 14 44 46 17 32	 => 189
 43 27 15 26 31 48	 => 190
 16 48 31 10 33 52	 => 190
 44 52 33 6 9 46	 => 190


===================[TEST 3]===================

##### START ##### Thu May 22 08:35:42 2003



##### CONVERGE ##### Thu May 22 08:37:27 2003

Elapsed time: 105 seconds
Total loop: 184 generations

Result : 187.85

16 3 30 50 47 45 9 8 48 33 6 46 36 21 12 23 53 22 28 35 42 11 54 43 1 13 15 49 37 24 26 34 25 31 27 41 7 18 4 32 44 52 10 39 51 38 2 19 14 29 20 40 5 17 

 16 3 30 50 47 45	 => 191
 9 45 47 8 48 33	 => 190
 6 33 48 46 36 21	 => 190
 30 12 23 53 22 50	 => 190
 47 50 22 28 35 8	 => 190
 48 8 35 42 11 46	 => 190
 36 46 11 54 43 1	 => 191
 23 13 15 49 37 53	 => 190
 22 53 37 24 26 28	 => 190
 35 28 26 34 25 42	 => 190
 11 42 25 31 27 54	 => 190
 43 54 27 41 7 18	 => 190
 37 49 4 32 44 24	 => 190
 26 24 44 52 10 34	 => 190
 25 34 10 39 51 31	 => 190
 27 31 51 38 2 41	 => 190
 44 32 19 14 29 52	 => 190
 10 52 29 20 40 39	 => 190
 51 39 40 5 17 38	 => 190


===================[TEST 4]===================

##### START ##### Thu May 22 08:37:27 2003



##### CONVERGE ##### Thu May 22 08:38:22 2003

Elapsed time: 55 seconds
Total loop: 97 generations

Result : 186.85

8 13 47 41 45 35 14 21 50 24 23 31 53 9 7 33 44 17 36 29 32 26 48 15 16 19 6 38 49 18 25 30 37 3 43 52 22 10 4 46 34 54 28 40 51 39 1 11 2 42 5 20 27 12 

 8 13 47 41 45 35	 => 189
 14 35 45 21 50 24	 => 189
 23 24 50 31 53 9	 => 190
 47 7 33 44 17 41	 => 189
 45 41 17 36 29 21	 => 189
 50 21 29 32 26 31	 => 189
 53 31 26 48 15 16	 => 189
 33 19 6 38 49 44	 => 189
 17 44 49 18 25 36	 => 189
 29 36 25 30 37 32	 => 189
 26 32 37 3 43 48	 => 189
 15 48 43 52 22 10	 => 190
 49 38 4 46 34 18	 => 189
 25 18 34 54 28 30	 => 189
 37 30 28 40 51 3	 => 189
 43 3 51 39 1 52	 => 189
 34 46 11 2 42 54	 => 189
 28 54 42 5 20 40	 => 189
 51 40 20 27 12 39	 => 189


===================[TEST 5]===================

##### START ##### Thu May 22 08:38:22 2003



##### CONVERGE ##### Thu May 22 08:39:06 2003

Elapsed time: 44 seconds
Total loop: 76 generations

Result : 187.412

17 20 35 39 49 30 2 28 53 27 12 50 32 15 9 51 36 19 29 25 22 11 52 31 13 10 5 42 45 14 46 33 34 23 47 48 3 8 18 44 26 54 16 43 40 24 7 21 6 38 1 37 4 41 

 17 20 35 39 49 30	 => 190
 2 30 49 28 53 27	 => 189
 12 27 53 50 32 15	 => 189
 35 9 51 36 19 39	 => 189
 49 39 19 29 25 28	 => 189
 53 28 25 22 11 50	 => 189
 32 50 11 52 31 13	 => 189
 51 10 5 42 45 36	 => 189
 19 36 45 14 46 29	 => 189
 25 29 46 33 34 22	 => 189
 11 22 34 23 47 52	 => 189
 31 52 47 48 3 8	 => 189
 45 42 18 44 26 14	 => 189
 46 14 26 54 16 33	 => 189
 34 33 16 43 40 23	 => 189
 47 23 40 24 7 48	 => 189
 26 44 21 6 38 54	 => 189
 16 54 38 1 37 43	 => 189
 40 43 37 4 41 24	 => 189


===================[TEST 6]===================

##### START ##### Thu May 22 08:39:06 2003



##### CONVERGE ##### Thu May 22 08:40:00 2003

Elapsed time: 54 seconds
Total loop: 96 generations

Result : 187.85

11 14 34 53 40 38 1 17 50 44 13 35 45 3 7 24 54 18 29 33 27 28 41 32 9 20 2 42 48 10 31 49 21 22 51 39 12 15 8 30 52 43 5 47 46 26 6 25 4 37 23 36 16 19 

 11 14 34 53 40 38	 => 190
 1 38 40 17 50 44	 => 190
 13 44 50 35 45 3	 => 190
 34 7 24 54 18 53	 => 190
 40 53 18 29 33 17	 => 190
 50 17 33 27 28 35	 => 190
 45 35 28 41 32 9	 => 190
 24 20 2 42 48 54	 => 190
 18 54 48 10 31 29	 => 190
 33 29 31 49 21 27	 => 190
 28 27 21 22 51 41	 => 190
 32 41 51 39 12 15	 => 190
 48 42 8 30 52 10	 => 190
 31 10 52 43 5 49	 => 190
 21 49 5 47 46 22	 => 190
 51 22 46 26 6 39	 => 190
 52 30 25 4 37 43	 => 191
 5 43 37 23 36 47	 => 191
 46 47 36 16 19 26	 => 190


===================[TEST 7]===================

##### START ##### Thu May 22 08:40:00 2003



##### CONVERGE ##### Thu May 22 08:41:06 2003

Elapsed time: 66 seconds
Total loop: 114 generations

Result : 187.85

10 16 47 35 49 33 1 11 52 44 19 41 26 8 2 32 50 24 31 40 25 22 39 48 14 23 3 53 29 18 38 36 20 30 54 27 7 15 5 42 43 46 9 51 45 28 6 4 21 34 13 37 17 12 

 10 16 47 35 49 33	 => 190
 1 33 49 11 52 44	 => 190
 19 44 52 41 26 8	 => 190
 47 2 32 50 24 35	 => 190
 49 35 24 31 40 11	 => 190
 52 11 40 25 22 41	 => 191
 26 41 22 39 48 14	 => 190
 32 23 3 53 29 50	 => 190
 24 50 29 18 38 31	 => 190
 40 31 38 36 20 25	 => 190
 22 25 20 30 54 39	 => 190
 48 39 54 27 7 15	 => 190
 29 53 5 42 43 18	 => 190
 38 18 43 46 9 36	 => 190
 20 36 9 51 45 30	 => 191
 54 30 45 28 6 27	 => 190
 43 42 4 21 34 46	 => 190
 9 46 34 13 37 51	 => 190
 45 51 37 17 12 28	 => 190


===================[TEST 8]===================

##### START ##### Thu May 22 08:41:06 2003



##### CONVERGE ##### Thu May 22 08:42:02 2003

Elapsed time: 56 seconds
Total loop: 99 generations

Result : 187.215

12 22 42 35 38 41 9 28 44 30 10 45 47 14 7 51 40 15 50 24 31 18 43 37 1 17 11 33 39 21 25 26 34 13 52 46 8 4 19 29 49 53 16 48 54 23 2 3 20 36 5 32 6 27 

 12 22 42 35 38 41	 => 190
 9 41 38 28 44 30	 => 190
 10 30 44 45 47 14	 => 190
 42 7 51 40 15 35	 => 190
 38 35 15 50 24 28	 => 190
 44 28 24 31 18 45	 => 190
 47 45 18 43 37 1	 => 191
 51 17 11 33 39 40	 => 191
 15 40 39 21 25 50	 => 190
 24 50 25 26 34 31	 => 190
 18 31 34 13 52 43	 => 191
 37 43 52 46 8 4	 => 190
 39 33 19 29 49 21	 => 190
 25 21 49 53 16 26	 => 190
 34 26 16 48 54 13	 => 191
 52 13 54 23 2 46	 => 190
 49 29 3 20 36 53	 => 190
 16 53 36 5 32 48	 => 190
 54 48 32 6 27 23	 => 190


===================[TEST 9]===================

##### START ##### Thu May 22 08:42:02 2003



##### CONVERGE ##### Thu May 22 08:42:53 2003

Elapsed time: 51 seconds
Total loop: 89 generations

Result : 187.412

11 17 42 36 52 31 1 22 43 40 16 53 29 8 18 33 48 12 46 21 30 20 44 41 2 28 6 23 51 19 13 45 34 7 54 32 3 15 14 35 47 38 27 26 50 37 9 25 5 39 10 49 4 24 

 11 17 42 36 52 31	 => 189
 1 31 52 22 43 40	 => 189
 16 40 43 53 29 8	 => 189
 42 18 33 48 12 36	 => 189
 52 36 12 46 21 22	 => 189
 43 22 21 30 20 53	 => 189
 29 53 20 44 41 2	 => 189
 33 28 6 23 51 48	 => 189
 12 48 51 19 13 46	 => 189
 21 46 13 45 34 30	 => 189
 20 30 34 7 54 44	 => 189
 41 44 54 32 3 15	 => 189
 51 23 14 35 47 19	 => 189
 13 19 47 38 27 45	 => 189
 34 45 27 26 50 7	 => 189
 54 7 50 37 9 32	 => 189
 47 35 25 5 39 38	 => 189
 27 38 39 10 49 26	 => 189
 50 26 49 4 24 37	 => 190


===================[TEST 10]===================

##### START ##### Thu May 22 08:42:53 2003



##### CONVERGE ##### Thu May 22 08:43:44 2003

Elapsed time: 51 seconds
Total loop: 89 generations

Result : 188.412

10 7 36 49 42 46 12 25 39 26 8 52 35 30 17 21 53 14 24 37 28 9 50 31 13 18 6 44 48 11 40 29 32 20 51 34 23 1 3 43 41 47 22 33 54 27 4 19 2 38 5 45 15 16 

 10 7 36 49 42 46	 => 190
 12 46 42 25 39 26	 => 190
 8 26 39 52 35 30	 => 190
 36 17 21 53 14 49	 => 190
 42 49 14 24 37 25	 => 191
 39 25 37 28 9 52	 => 190
 35 52 9 50 31 13	 => 190
 21 18 6 44 48 53	 => 190
 14 53 48 11 40 24	 => 190
 37 24 40 29 32 28	 => 190
 9 28 32 20 51 50	 => 190
 31 50 51 34 23 1	 => 190
 48 44 3 43 41 11	 => 190
 40 11 41 47 22 29	 => 190
 32 29 22 33 54 20	 => 190
 51 20 54 27 4 34	 => 190
 41 43 19 2 38 47	 => 190
 22 47 38 5 45 33	 => 190
 54 33 45 15 16 27	 => 190


===================[TEST 11]===================

##### START ##### Thu May 22 08:43:44 2003



##### CONVERGE ##### Thu May 22 08:44:53 2003

Elapsed time: 69 seconds
Total loop: 121 generations

Result : 187.64

2 15 37 49 41 46 8 20 32 43 16 52 36 11 3 34 48 19 38 23 39 24 44 30 4 13 17 27 50 14 21 29 40 10 33 53 12 18 7 45 47 54 25 35 51 42 1 6 9 28 22 26 31 5 

 2 15 37 49 41 46	 => 190
 8 46 41 20 32 43	 => 190
 16 43 32 52 36 11	 => 190
 37 3 34 48 19 49	 => 190
 41 49 19 38 23 20	 => 190
 32 20 23 39 24 52	 => 190
 36 52 24 44 30 4	 => 190
 34 13 17 27 50 48	 => 189
 19 48 50 14 21 38	 => 190
 23 38 21 29 40 39	 => 190
 24 39 40 10 33 44	 => 190
 30 44 33 53 12 18	 => 190
 50 27 7 45 47 14	 => 190
 21 14 47 54 25 29	 => 190
 40 29 25 35 51 10	 => 190
 33 10 51 42 1 53	 => 190
 47 45 6 9 28 54	 => 189
 25 54 28 22 26 35	 => 190
 51 35 26 31 5 42	 => 190


===================[TEST 12]===================

##### START ##### Thu May 22 08:44:53 2003



##### CONVERGE ##### Thu May 22 08:45:57 2003

Elapsed time: 64 seconds
Total loop: 112 generations

Result : 187.85

3 21 49 34 52 31 7 17 45 38 9 51 39 8 4 48 30 25 27 36 29 12 50 28 10 14 11 33 54 13 41 35 22 24 53 20 23 16 18 32 40 42 19 43 47 46 1 26 6 44 5 37 15 2 

 3 21 49 34 52 31	 => 190
 7 31 52 17 45 38	 => 190
 9 38 45 51 39 8	 => 190
 49 4 48 30 25 34	 => 190
 52 34 25 27 36 17	 => 191
 45 17 36 29 12 51	 => 190
 39 51 12 50 28 10	 => 190
 48 14 11 33 54 30	 => 190
 25 30 54 13 41 27	 => 190
 36 27 41 35 22 29	 => 190
 12 29 22 24 53 50	 => 190
 28 50 53 20 23 16	 => 190
 54 33 18 32 40 13	 => 190
 41 13 40 42 19 35	 => 190
 22 35 19 43 47 24	 => 190
 53 24 47 46 1 20	 => 191
 40 32 26 6 44 42	 => 190
 19 42 44 5 37 43	 => 190
 47 43 37 15 2 46	 => 190


===================[TEST 13]===================

##### START ##### Thu May 22 08:45:57 2003



##### CONVERGE ##### Thu May 22 08:47:05 2003

Elapsed time: 68 seconds
Total loop: 119 generations

Result : 187.85

13 12 38 49 48 30 1 27 32 52 6 54 29 17 7 36 51 9 22 35 31 11 42 41 14 3 20 34 46 25 37 21 44 15 47 33 8 19 2 43 40 50 18 39 53 26 16 5 24 28 10 45 4 23 

 13 12 38 49 48 30	 => 190
 1 30 48 27 32 52	 => 190
 6 52 32 54 29 17	 => 190
 38 7 36 51 9 49	 => 190
 48 49 9 22 35 27	 => 190
 32 27 35 31 11 54	 => 190
 29 54 11 42 41 14	 => 191
 36 3 20 34 46 51	 => 190
 9 51 46 25 37 22	 => 190
 35 22 37 21 44 31	 => 190
 11 31 44 15 47 42	 => 190
 41 42 47 33 8 19	 => 190
 46 34 2 43 40 25	 => 190
 37 25 40 50 18 21	 => 191
 44 21 18 39 53 15	 => 190
 47 15 53 26 16 33	 => 190
 40 43 5 24 28 50	 => 190
 18 50 28 10 45 39	 => 190
 53 39 45 4 23 26	 => 190


===================[TEST 14]===================

##### START ##### Thu May 22 08:47:05 2003



##### CONVERGE ##### Thu May 22 08:48:27 2003

Elapsed time: 82 seconds
Total loop: 144 generations

Result : 187.616

15 8 39 52 36 40 14 22 43 34 11 38 47 17 3 42 41 13 32 35 33 19 44 26 16 20 9 27 51 29 24 37 30 18 46 45 25 4 5 28 50 48 2 49 54 21 6 10 23 31 7 53 1 12 

 15 8 39 52 36 40	 => 190
 14 40 36 22 43 34	 => 189
 11 34 43 38 47 17	 => 190
 39 3 42 41 13 52	 => 190
 36 52 13 32 35 22	 => 190
 43 22 35 33 19 38	 => 190
 47 38 19 44 26 16	 => 190
 42 20 9 27 51 41	 => 190
 13 41 51 29 24 32	 => 190
 35 32 24 37 30 33	 => 191
 19 33 30 18 46 44	 => 190
 26 44 46 45 25 4	 => 190
 51 27 5 28 50 29	 => 190
 24 29 50 48 2 37	 => 190
 30 37 2 49 54 18	 => 190
 46 18 54 21 6 45	 => 190
 50 28 10 23 31 48	 => 190
 2 48 31 7 53 49	 => 190
 54 49 53 1 12 21	 => 190


===================[TEST 15]===================

##### START ##### Thu May 22 08:48:27 2003



##### CONVERGE ##### Thu May 22 08:49:45 2003

Elapsed time: 78 seconds
Total loop: 137 generations

Result : 187.053

22 14 41 35 42 36 7 30 43 32 15 53 26 21 4 51 46 13 39 31 24 8 52 50 1 18 3 23 49 6 37 25 34 27 45 28 9 5 17 47 48 54 20 44 40 38 12 2 11 29 10 33 19 16 

 22 14 41 35 42 36	 => 190
 7 36 42 30 43 32	 => 190
 15 32 43 53 26 21	 => 190
 41 4 51 46 13 35	 => 190
 42 35 13 39 31 30	 => 190
 43 30 31 24 8 53	 => 189
 26 53 8 52 50 1	 => 190
 51 18 3 23 49 46	 => 190
 13 46 49 6 37 39	 => 190
 31 39 37 25 34 24	 => 190
 8 24 34 27 45 52	 => 190
 50 52 45 28 9 5	 => 189
 49 23 17 47 48 6	 => 190
 37 6 48 54 20 25	 => 190
 34 25 20 44 40 27	 => 190
 45 27 40 38 12 28	 => 190
 48 47 2 11 29 54	 => 191
 20 54 29 10 33 44	 => 190
 40 44 33 19 16 38	 => 190


===================[TEST 16]===================

##### START ##### Thu May 22 08:49:45 2003



##### CONVERGE ##### Thu May 22 08:50:57 2003

Elapsed time: 72 seconds
Total loop: 126 generations

Result : 188.412

10 17 32 54 37 40 8 13 45 47 7 51 31 9 3 50 35 16 43 27 25 29 30 44 6 14 4 34 53 23 20 33 42 18 46 39 19 12 2 26 52 41 21 28 48 38 1 11 24 36 15 49 5 22 

 10 17 32 54 37 40	 => 190
 8 40 37 13 45 47	 => 190
 7 47 45 51 31 9	 => 190
 32 3 50 35 16 54	 => 190
 37 54 16 43 27 13	 => 190
 45 13 27 25 29 51	 => 190
 31 51 29 30 44 6	 => 191
 50 14 4 34 53 35	 => 190
 16 35 53 23 20 43	 => 190
 27 43 20 33 42 25	 => 190
 29 25 42 18 46 30	 => 190
 44 30 46 39 19 12	 => 190
 53 34 2 26 52 23	 => 190
 20 23 52 41 21 33	 => 190
 42 33 21 28 48 18	 => 190
 46 18 48 38 1 39	 => 190
 52 26 11 24 36 41	 => 190
 21 41 36 15 49 28	 => 190
 48 28 49 5 22 38	 => 190


===================[TEST 17]===================

##### START ##### Thu May 22 08:50:57 2003



##### CONVERGE ##### Thu May 22 08:52:14 2003

Elapsed time: 77 seconds
Total loop: 135 generations

Result : 187.85

18 10 43 32 46 41 8 16 54 25 7 35 52 17 14 20 53 28 29 39 34 12 42 47 2 6 19 49 44 9 27 31 30 22 50 37 1 13 11 26 51 48 24 38 45 33 3 21 5 40 4 36 23 15 

 18 10 43 32 46 41	 => 190
 8 41 46 16 54 25	 => 190
 7 25 54 35 52 17	 => 190
 43 14 20 53 28 32	 => 190
 46 32 28 29 39 16	 => 190
 54 16 39 34 12 35	 => 190
 52 35 12 42 47 2	 => 190
 20 6 19 49 44 53	 => 191
 28 53 44 9 27 29	 => 190
 39 29 27 31 30 34	 => 190
 12 34 30 22 50 42	 => 190
 47 42 50 37 1 13	 => 190
 44 49 11 26 51 9	 => 190
 27 9 51 48 24 31	 => 190
 30 31 24 38 45 22	 => 190
 50 22 45 33 3 37	 => 190
 51 26 21 5 40 48	 => 191
 24 48 40 4 36 38	 => 190
 45 38 36 23 15 33	 => 190


===================[TEST 18]===================

##### START ##### Thu May 22 08:52:14 2003



##### CONVERGE ##### Thu May 22 08:53:41 2003

Elapsed time: 87 seconds
Total loop: 151 generations

Result : 187.616

5 25 34 45 30 51 3 15 53 39 10 52 27 9 2 42 41 26 44 29 22 19 54 37 1 4 13 50 40 11 28 35 32 16 47 31 7 14 23 20 46 49 21 38 48 36 12 18 24 33 6 43 8 17 

 5 25 34 45 30 51	 => 190
 3 51 30 15 53 39	 => 191
 10 39 53 52 27 9	 => 190
 34 2 42 41 26 45	 => 190
 30 45 26 44 29 15	 => 189
 53 15 29 22 19 52	 => 190
 27 52 19 54 37 1	 => 190
 42 4 13 50 40 41	 => 190
 26 41 40 11 28 44	 => 190
 29 44 28 35 32 22	 => 190
 19 22 32 16 47 54	 => 190
 37 54 47 31 7 14	 => 190
 40 50 23 20 46 11	 => 190
 28 11 46 49 21 35	 => 190
 32 35 21 38 48 16	 => 190
 47 16 48 36 12 31	 => 190
 46 20 18 24 33 49	 => 190
 21 49 33 6 43 38	 => 190
 48 38 43 8 17 36	 => 190


===================[TEST 19]===================

##### START ##### Thu May 22 08:53:41 2003



##### CONVERGE ##### Thu May 22 08:55:06 2003

Elapsed time: 85 seconds
Total loop: 151 generations

Result (Solution) : 190

2 10 52 42 53 31 1 20 47 38 17 39 36 13 8 25 51 12 40 23 33 28 37 46 4 14 9 50 41 16 30 43 21 26 45 29 18 15 7 32 44 54 3 48 49 35 6 11 22 27 24 34 19 5 

 2 10 52 42 53 31	 => 190
 1 31 53 20 47 38	 => 190
 17 38 47 39 36 13	 => 190
 52 8 25 51 12 42	 => 190
 53 42 12 40 23 20	 => 190
 47 20 23 33 28 39	 => 190
 36 39 28 37 46 4	 => 190
 25 14 9 50 41 51	 => 190
 12 51 41 16 30 40	 => 190
 23 40 30 43 21 33	 => 190
 28 33 21 26 45 37	 => 190
 46 37 45 29 18 15	 => 190
 41 50 7 32 44 16	 => 190
 30 16 44 54 3 43	 => 190
 21 43 3 48 49 26	 => 190
 45 26 49 35 6 29	 => 190
 44 32 11 22 27 54	 => 190
 3 54 27 24 34 48	 => 190
 49 48 34 19 5 35	 => 190


===================[TEST 20]===================

##### START ##### Thu May 22 08:55:06 2003



##### CONVERGE ##### Thu May 22 08:56:36 2003

Elapsed time: 90 seconds
Total loop: 157 generations

Result : 188.306

14 9 36 43 49 39 6 11 44 41 7 53 27 18 4 54 40 13 46 28 29 24 45 38 3 16 10 33 37 32 22 30 35 23 34 48 20 5 12 25 51 47 8 52 42 26 17 21 15 31 2 50 1 19 

 14 9 36 43 49 39	 => 190
 6 39 49 11 44 41	 => 190
 7 41 44 53 27 18	 => 190
 36 4 54 40 13 43	 => 190
 49 43 13 46 28 11	 => 190
 44 11 28 29 24 53	 => 189
 27 53 24 45 38 3	 => 190
 54 16 10 33 37 40	 => 190
 13 40 37 32 22 46	 => 190
 28 46 22 30 35 29	 => 190
 24 29 35 23 34 45	 => 190
 38 45 34 48 20 5	 => 190
 37 33 12 25 51 32	 => 190
 22 32 51 47 8 30	 => 190
 35 30 8 52 42 23	 => 190
 34 23 42 26 17 48	 => 190
 51 25 21 15 31 47	 => 190
 8 47 31 2 50 52	 => 190
 42 52 50 1 19 26	 => 190


===================[TEST 21]===================

##### START ##### Thu May 22 08:56:36 2003



##### CONVERGE ##### Thu May 22 08:59:01 2003

Elapsed time: 145 seconds
Total loop: 254 generations

Result (Solution) : 190

13 7 43 46 51 30 23 12 36 38 32 48 31 5 2 29 54 16 28 37 40 17 45 39 10 4 18 33 52 6 34 26 25 21 42 35 14 15 3 49 47 53 24 44 50 41 1 8 11 22 20 27 9 19 

 13 7 43 46 51 30	 => 190
 23 30 51 12 36 38	 => 190
 32 38 36 48 31 5	 => 190
 43 2 29 54 16 46	 => 190
 51 46 16 28 37 12	 => 190
 36 12 37 40 17 48	 => 190
 31 48 17 45 39 10	 => 190
 29 4 18 33 52 54	 => 190
 16 54 52 6 34 28	 => 190
 37 28 34 26 25 40	 => 190
 17 40 25 21 42 45	 => 190
 39 45 42 35 14 15	 => 190
 52 33 3 49 47 6	 => 190
 34 6 47 53 24 26	 => 190
 25 26 24 44 50 21	 => 190
 42 21 50 41 1 35	 => 190
 47 49 8 11 22 53	 => 190
 24 53 22 20 27 44	 => 190
 50 44 27 9 19 41	 => 190


===================[TEST 22]===================

##### START ##### Thu May 22 08:59:01 2003



##### CONVERGE ##### Thu May 22 09:00:17 2003

Elapsed time: 76 seconds
Total loop: 133 generations

Result : 187.85

23 3 44 53 27 40 10 28 49 36 8 38 50 9 4 33 37 19 34 29 21 25 30 46 2 18 6 51 45 20 35 24 47 15 52 39 16 7 5 26 43 54 14 48 42 31 12 13 22 32 1 41 11 17 

 23 3 44 53 27 40	 => 190
 10 40 27 28 49 36	 => 190
 8 36 49 38 50 9	 => 190
 44 4 33 37 19 53	 => 190
 27 53 19 34 29 28	 => 190
 49 28 29 21 25 38	 => 190
 50 38 25 30 46 2	 => 191
 33 18 6 51 45 37	 => 190
 19 37 45 20 35 34	 => 190
 29 34 35 24 47 21	 => 190
 25 21 47 15 52 30	 => 190
 46 30 52 39 16 7	 => 190
 45 51 5 26 43 20	 => 190
 35 20 43 54 14 24	 => 190
 47 24 14 48 42 15	 => 190
 52 15 42 31 12 39	 => 191
 43 26 13 22 32 54	 => 190
 14 54 32 1 41 48	 => 190
 42 48 41 11 17 31	 => 190


===================[TEST 23]===================

##### START ##### Thu May 22 09:00:17 2003



##### CONVERGE ##### Thu May 22 09:01:11 2003

Elapsed time: 54 seconds
Total loop: 95 generations

Result : 187.85

8 6 29 45 51 52 4 15 40 28 24 54 43 1 3 50 32 31 23 25 47 9 46 36 2 13 16 30 49 20 35 34 26 21 41 48 7 12 5 42 44 38 19 53 37 33 11 17 22 27 14 39 18 10 

 8 6 29 45 51 52	 => 191
 4 52 51 15 40 28	 => 190
 24 28 40 54 43 1	 => 190
 29 3 50 32 31 45	 => 190
 51 45 31 23 25 15	 => 190
 40 15 25 47 9 54	 => 190
 43 54 9 46 36 2	 => 190
 50 13 16 30 49 32	 => 190
 31 32 49 20 35 23	 => 190
 25 23 35 34 26 47	 => 190
 9 47 26 21 41 46	 => 190
 36 46 41 48 7 12	 => 190
 49 30 5 42 44 20	 => 190
 35 20 44 38 19 34	 => 190
 26 34 19 53 37 21	 => 190
 41 21 37 33 11 48	 => 191
 44 42 17 22 27 38	 => 190
 19 38 27 14 39 53	 => 190
 37 53 39 18 10 33	 => 190


===================[TEST 24]===================

##### START ##### Thu May 22 09:01:11 2003



##### CONVERGE ##### Thu May 22 09:03:07 2003

Elapsed time: 116 seconds
Total loop: 203 generations

Result : 187.85

14 9 38 37 52 40 8 12 54 24 5 36 45 26 18 39 42 16 27 46 19 23 49 30 7 6 10 43 50 21 34 29 35 11 53 32 25 1 2 33 41 48 17 47 51 28 15 3 22 44 4 31 20 13 

 14 9 38 37 52 40	 => 190
 8 40 52 12 54 24	 => 190
 5 24 54 36 45 26	 => 190
 38 18 39 42 16 37	 => 190
 52 37 16 27 46 12	 => 190
 54 12 46 19 23 36	 => 190
 45 36 23 49 30 7	 => 190
 39 6 10 43 50 42	 => 190
 16 42 50 21 34 27	 => 190
 46 27 34 29 35 19	 => 190
 23 19 35 11 53 49	 => 190
 30 49 53 32 25 1	 => 190
 50 43 2 33 41 21	 => 190
 34 21 41 48 17 29	 => 190
 35 29 17 47 51 11	 => 190
 53 11 51 28 15 32	 => 190
 41 33 3 22 44 48	 => 191
 17 48 44 4 31 47	 => 191
 51 47 31 20 13 28	 => 190


===================[TEST 25]===================

##### START ##### Thu May 22 09:03:07 2003



##### CONVERGE ##### Thu May 22 09:04:10 2003

Elapsed time: 63 seconds
Total loop: 111 generations

Result : 187.64

13 26 36 42 49 24 4 19 45 48 12 47 33 5 2 43 50 17 41 22 37 20 53 31 6 11 10 46 30 23 29 27 34 7 39 44 1 21 15 51 25 54 32 38 52 40 8 14 18 28 3 35 16 9 

 13 26 36 42 49 24	 => 190
 4 24 49 19 45 48	 => 189
 12 48 45 47 33 5	 => 190
 36 2 43 50 17 42	 => 190
 49 42 17 41 22 19	 => 190
 45 19 22 37 20 47	 => 190
 33 47 20 53 31 6	 => 190
 43 11 10 46 30 50	 => 190
 17 50 30 23 29 41	 => 190
 22 41 29 27 34 37	 => 190
 20 37 34 7 39 53	 => 190
 31 53 39 44 1 21	 => 189
 30 46 15 51 25 23	 => 190
 29 23 25 54 32 27	 => 190
 34 27 32 38 52 7	 => 190
 39 7 52 40 8 44	 => 190
 25 51 14 18 28 54	 => 190
 32 54 28 3 35 38	 => 190
 52 38 35 16 9 40	 => 190


===================[TEST 26]===================

##### START ##### Thu May 22 09:04:10 2003



##### CONVERGE ##### Thu May 22 09:05:28 2003

Elapsed time: 78 seconds
Total loop: 136 generations

Result : 187.85

21 4 23 54 50 38 6 15 40 41 3 52 30 24 8 46 45 14 26 31 27 25 42 28 13 7 17 36 39 19 47 22 37 10 49 44 16 11 2 43 51 32 20 53 48 35 5 1 29 34 18 33 12 9 

 21 4 23 54 50 38	 => 190
 6 38 50 15 40 41	 => 190
 3 41 40 52 30 24	 => 190
 23 8 46 45 14 54	 => 190
 50 54 14 26 31 15	 => 190
 40 15 31 27 25 52	 => 190
 30 52 25 42 28 13	 => 190
 46 7 17 36 39 45	 => 190
 14 45 39 19 47 26	 => 190
 31 26 47 22 37 27	 => 190
 25 27 37 10 49 42	 => 190
 28 42 49 44 16 11	 => 190
 39 36 2 43 51 19	 => 190
 47 19 51 32 20 22	 => 191
 37 22 20 53 48 10	 => 190
 49 10 48 35 5 44	 => 191
 51 43 1 29 34 32	 => 190
 20 32 34 18 33 53	 => 190
 48 53 33 12 9 35	 => 190


===================[TEST 27]===================

##### START ##### Thu May 22 09:05:28 2003



##### CONVERGE ##### Thu May 22 09:06:36 2003

Elapsed time: 68 seconds
Total loop: 120 generations

Result (Solution) : 190

1 12 29 43 53 52 4 18 36 27 28 54 42 3 16 38 51 13 30 33 32 17 46 26 5 9 21 31 40 22 34 24 37 11 47 41 10 20 14 48 35 50 25 49 44 39 8 15 23 19 2 45 7 6 

 1 12 29 43 53 52	 => 190
 4 52 53 18 36 27	 => 190
 28 27 36 54 42 3	 => 190
 29 16 38 51 13 43	 => 190
 53 43 13 30 33 18	 => 190
 36 18 33 32 17 54	 => 190
 42 54 17 46 26 5	 => 190
 38 9 21 31 40 51	 => 190
 13 51 40 22 34 30	 => 190
 33 30 34 24 37 32	 => 190
 17 32 37 11 47 46	 => 190
 26 46 47 41 10 20	 => 190
 40 31 14 48 35 22	 => 190
 34 22 35 50 25 24	 => 190
 37 24 25 49 44 11	 => 190
 47 11 44 39 8 41	 => 190
 35 48 15 23 19 50	 => 190
 25 50 19 2 45 49	 => 190
 44 49 45 7 6 39	 => 190


===================[TEST 28]===================

##### START ##### Thu May 22 09:06:36 2003



##### CONVERGE ##### Thu May 22 09:08:16 2003

Elapsed time: 100 seconds
Total loop: 175 generations

Result : 187.85

19 16 31 35 53 36 4 1 46 50 10 43 32 9 13 38 48 25 23 54 28 18 52 34 11 2 14 39 49 15 30 33 22 26 44 37 20 3 5 42 40 51 21 41 47 29 7 27 6 24 8 45 12 17 

 19 16 31 35 53 36	 => 190
 4 36 53 1 46 50	 => 190
 10 50 46 43 32 9	 => 190
 31 13 38 48 25 35	 => 190
 53 35 25 23 54 1	 => 191
 46 1 54 28 18 43	 => 190
 32 43 18 52 34 11	 => 190
 38 2 14 39 49 48	 => 190
 25 48 49 15 30 23	 => 190
 54 23 30 33 22 28	 => 190
 18 28 22 26 44 52	 => 190
 34 52 44 37 20 3	 => 190
 49 39 5 42 40 15	 => 190
 30 15 40 51 21 33	 => 190
 22 33 21 41 47 26	 => 190
 44 26 47 29 7 37	 => 190
 40 42 27 6 24 51	 => 190
 21 51 24 8 45 41	 => 190
 47 41 45 12 17 29	 => 191


===================[TEST 29]===================

##### START ##### Thu May 22 09:08:16 2003



##### CONVERGE ##### Thu May 22 09:09:17 2003

Elapsed time: 61 seconds
Total loop: 106 generations

Result : 187.616

7 18 39 38 47 41 8 13 44 37 16 48 40 5 6 36 52 19 23 50 20 15 54 32 1 2 4 45 51 9 35 29 34 14 53 30 11 10 3 33 49 43 25 46 42 27 24 22 12 31 17 28 21 26 

 7 18 39 38 47 41	 => 190
 8 41 47 13 44 37	 => 190
 16 37 44 48 40 5	 => 190
 39 6 36 52 19 38	 => 190
 47 38 19 23 50 13	 => 190
 44 13 50 20 15 48	 => 190
 40 48 15 54 32 1	 => 190
 36 2 4 45 51 52	 => 190
 19 52 51 9 35 23	 => 189
 50 23 35 29 34 20	 => 191
 15 20 34 14 53 54	 => 190
 32 54 53 30 11 10	 => 190
 51 45 3 33 49 9	 => 190
 35 9 49 43 25 29	 => 190
 34 29 25 46 42 14	 => 190
 53 14 42 27 24 30	 => 190
 49 33 22 12 31 43	 => 190
 25 43 31 17 28 46	 => 190
 42 46 28 21 26 27	 => 190


===================[TEST 30]===================

##### START ##### Thu May 22 09:09:17 2003



##### CONVERGE ##### Thu May 22 09:10:16 2003

Elapsed time: 59 seconds
Total loop: 102 generations

Result : 187.412

10 13 20 53 44 49 5 18 38 35 17 47 50 2 12 39 37 28 25 21 33 32 24 29 7 19 14 26 54 11 34 31 46 3 51 40 22 23 9 48 41 45 27 30 52 42 1 15 4 36 8 43 16 6 

 10 13 20 53 44 49	 => 189
 5 49 44 18 38 35	 => 189
 17 35 38 47 50 2	 => 189
 20 12 39 37 28 53	 => 189
 44 53 28 25 21 18	 => 189
 38 18 21 33 32 47	 => 189
 50 47 32 24 29 7	 => 189
 39 19 14 26 54 37	 => 189
 28 37 54 11 34 25	 => 189
 21 25 34 31 46 33	 => 190
 32 33 46 3 51 24	 => 189
 29 24 51 40 22 23	 => 189
 54 26 9 48 41 11	 => 189
 34 11 41 45 27 31	 => 189
 46 31 27 30 52 3	 => 189
 51 3 52 42 1 40	 => 189
 41 48 15 4 36 45	 => 189
 27 45 36 8 43 30	 => 189
 52 30 43 16 6 42	 => 189


===================[TEST 31]===================

##### START ##### Thu May 22 09:10:16 2003



##### CONVERGE ##### Thu May 22 09:11:26 2003

Elapsed time: 70 seconds
Total loop: 121 generations

Result : 187.412

23 11 48 41 27 39 4 31 37 51 7 47 33 14 1 52 32 15 40 35 18 21 54 26 8 3 13 46 43 25 34 24 38 9 49 30 28 2 5 29 42 44 20 53 45 50 6 16 22 36 17 19 10 12 

 23 11 48 41 27 39	 => 189
 4 39 27 31 37 51	 => 189
 7 51 37 47 33 14	 => 189
 48 1 52 32 15 41	 => 189
 27 41 15 40 35 31	 => 189
 37 31 35 18 21 47	 => 189
 33 47 21 54 26 8	 => 189
 52 3 13 46 43 32	 => 189
 15 32 43 25 34 40	 => 189
 35 40 34 24 38 18	 => 189
 21 18 38 9 49 54	 => 189
 26 54 49 30 28 2	 => 189
 43 46 5 29 42 25	 => 190
 34 25 42 44 20 24	 => 189
 38 24 20 53 45 9	 => 189
 49 9 45 50 6 30	 => 189
 42 29 16 22 36 44	 => 189
 20 44 36 17 19 53	 => 189
 45 53 19 10 12 50	 => 189


===================[TEST 32]===================

##### START ##### Thu May 22 09:11:26 2003



##### CONVERGE ##### Thu May 22 09:12:27 2003

Elapsed time: 61 seconds
Total loop: 108 generations

Result : 187.64

29 7 25 52 39 38 11 18 49 34 2 45 46 14 3 33 54 23 31 27 32 19 51 28 1 20 5 37 41 24 17 48 35 6 47 42 9 13 12 26 50 30 21 36 44 43 8 16 15 53 10 40 4 22 

 29 7 25 52 39 38	 => 190
 11 38 39 18 49 34	 => 189
 2 34 49 45 46 14	 => 190
 25 3 33 54 23 52	 => 190
 39 52 23 31 27 18	 => 190
 49 18 27 32 19 45	 => 190
 46 45 19 51 28 1	 => 190
 33 20 5 37 41 54	 => 190
 23 54 41 24 17 31	 => 190
 27 31 17 48 35 32	 => 190
 19 32 35 6 47 51	 => 190
 28 51 47 42 9 13	 => 190
 41 37 12 26 50 24	 => 190
 17 24 50 30 21 48	 => 190
 35 48 21 36 44 6	 => 190
 47 6 44 43 8 42	 => 190
 50 26 16 15 53 30	 => 190
 21 30 53 10 40 36	 => 190
 44 36 40 4 22 43	 => 189


===================[TEST 33]===================

##### START ##### Thu May 22 09:12:27 2003



##### CONVERGE ##### Thu May 22 09:13:27 2003

Elapsed time: 60 seconds
Total loop: 104 generations

Result : 187.64

16 17 36 41 50 30 6 18 51 35 21 44 28 10 12 33 49 19 24 38 34 5 53 46 14 1 8 45 54 15 29 40 25 31 42 22 4 23 2 27 47 48 11 39 43 32 20 9 7 52 3 37 26 13 

 16 17 36 41 50 30	 => 190
 6 30 50 18 51 35	 => 190
 21 35 51 44 28 10	 => 189
 36 12 33 49 19 41	 => 190
 50 41 19 24 38 18	 => 190
 51 18 38 34 5 44	 => 190
 28 44 5 53 46 14	 => 190
 33 1 8 45 54 49	 => 190
 19 49 54 15 29 24	 => 190
 38 24 29 40 25 34	 => 190
 5 34 25 31 42 53	 => 190
 46 53 42 22 4 23	 => 190
 54 45 2 27 47 15	 => 190
 29 15 47 48 11 40	 => 190
 25 40 11 39 43 31	 => 189
 42 31 43 32 20 22	 => 190
 47 27 9 7 52 48	 => 190
 11 48 52 3 37 39	 => 190
 43 39 37 26 13 32	 => 190


===================[TEST 34]===================

##### START ##### Thu May 22 09:13:27 2003



##### CONVERGE ##### Thu May 22 09:14:17 2003

Elapsed time: 50 seconds
Total loop: 87 generations

Result : 187.163

2 14 44 48 35 46 5 20 53 31 3 52 40 11 7 30 38 23 36 27 25 13 54 29 1 6 24 43 49 16 28 32 42 15 41 37 19 10 9 22 51 45 18 33 50 39 8 34 12 26 21 47 17 4 

 2 14 44 48 35 46	 => 189
 5 46 35 20 53 31	 => 190
 3 31 53 52 40 11	 => 190
 44 7 30 38 23 48	 => 190
 35 48 23 36 27 20	 => 189
 53 20 27 25 13 52	 => 190
 40 52 13 54 29 1	 => 189
 30 6 24 43 49 38	 => 190
 23 38 49 16 28 36	 => 190
 27 36 28 32 42 25	 => 190
 13 25 42 15 41 54	 => 190
 29 54 41 37 19 10	 => 190
 49 43 9 22 51 16	 => 190
 28 16 51 45 18 32	 => 190
 42 32 18 33 50 15	 => 190
 41 15 50 39 8 37	 => 190
 51 22 34 12 26 45	 => 190
 18 45 26 21 47 33	 => 190
 50 33 47 17 4 39	 => 190


===================[TEST 35]===================

##### START ##### Thu May 22 09:14:17 2003



##### CONVERGE ##### Thu May 22 09:15:23 2003

Elapsed time: 66 seconds
Total loop: 117 generations

Result : 187.64

6 9 35 49 54 37 8 13 48 30 7 45 28 32 2 42 44 18 27 29 31 24 39 53 1 4 10 38 52 15 34 43 26 23 47 20 17 14 3 46 36 40 22 25 51 33 16 5 21 41 12 50 11 19 

 6 9 35 49 54 37	 => 190
 8 37 54 13 48 30	 => 190
 7 30 48 45 28 32	 => 190
 35 2 42 44 18 49	 => 190
 54 49 18 27 29 13	 => 190
 48 13 29 31 24 45	 => 190
 28 45 24 39 53 1	 => 190
 42 4 10 38 52 44	 => 190
 18 44 52 15 34 27	 => 190
 29 27 34 43 26 31	 => 190
 24 31 26 23 47 39	 => 190
 53 39 47 20 17 14	 => 190
 52 38 3 46 36 15	 => 190
 34 15 36 40 22 43	 => 190
 26 43 22 25 51 23	 => 190
 47 23 51 33 16 20	 => 190
 36 46 5 21 41 40	 => 189
 22 40 41 12 50 25	 => 190
 51 25 50 11 19 33	 => 189


===================[TEST 36]===================

##### START ##### Thu May 22 09:15:23 2003



##### CONVERGE ##### Thu May 22 09:16:38 2003

Elapsed time: 75 seconds
Total loop: 130 generations

Result : 187.794

17 7 32 50 39 46 2 13 47 44 14 38 45 3 1 36 51 20 26 43 27 23 48 29 8 9 6 35 53 11 30 40 24 15 54 34 4 22 10 33 49 42 19 52 41 31 16 25 5 37 12 28 21 18 

 17 7 32 50 39 46	 => 191
 2 46 39 13 47 44	 => 191
 14 44 47 38 45 3	 => 191
 32 1 36 51 20 50	 => 190
 39 50 20 26 43 13	 => 191
 47 13 43 27 23 38	 => 191
 45 38 23 48 29 8	 => 191
 36 9 6 35 53 51	 => 190
 20 51 53 11 30 26	 => 191
 43 26 30 40 24 27	 => 190
 23 27 24 15 54 48	 => 191
 29 48 54 34 4 22	 => 191
 53 35 10 33 49 11	 => 191
 30 11 49 42 19 40	 => 191
 24 40 19 52 41 15	 => 191
 54 15 41 31 16 34	 => 191
 49 33 25 5 37 42	 => 191
 19 42 37 12 28 52	 => 190
 41 52 28 21 18 31	 => 191


===================[TEST 37]===================

##### START ##### Thu May 22 09:16:38 2003



##### CONVERGE ##### Thu May 22 09:17:46 2003

Elapsed time: 68 seconds
Total loop: 119 generations

Result (Solution) : 190

3 13 46 35 51 42 8 21 38 30 27 49 39 7 1 33 53 22 37 24 44 14 54 29 5 9 19 36 40 12 26 28 31 15 32 48 23 4 10 45 47 52 25 41 50 43 2 11 17 18 20 34 16 6 

 3 13 46 35 51 42	 => 190
 8 42 51 21 38 30	 => 190
 27 30 38 49 39 7	 => 190
 46 1 33 53 22 35	 => 190
 51 35 22 37 24 21	 => 190
 38 21 24 44 14 49	 => 190
 39 49 14 54 29 5	 => 190
 33 9 19 36 40 53	 => 190
 22 53 40 12 26 37	 => 190
 24 37 26 28 31 44	 => 190
 14 44 31 15 32 54	 => 190
 29 54 32 48 23 4	 => 190
 40 36 10 45 47 12	 => 190
 26 12 47 52 25 28	 => 190
 31 28 25 41 50 15	 => 190
 32 15 50 43 2 48	 => 190
 47 45 11 17 18 52	 => 190
 25 52 18 20 34 41	 => 190
 50 41 34 16 6 43	 => 190


===================[TEST 38]===================

##### START ##### Thu May 22 09:17:46 2003



##### CONVERGE ##### Thu May 22 09:18:40 2003

Elapsed time: 54 seconds
Total loop: 96 generations

Result (Solution) : 189

15 21 25 50 38 40 5 7 45 54 2 53 29 6 1 35 37 41 22 31 44 9 47 39 12 17 24 30 46 11 32 33 27 19 43 36 10 14 20 34 48 49 16 42 52 26 13 3 4 51 8 23 18 28 

 15 21 25 50 38 40	 => 189
 5 40 38 7 45 54	 => 189
 2 54 45 53 29 6	 => 189
 25 1 35 37 41 50	 => 189
 38 50 41 22 31 7	 => 189
 45 7 31 44 9 53	 => 189
 29 53 9 47 39 12	 => 189
 35 17 24 30 46 37	 => 189
 41 37 46 11 32 22	 => 189
 31 22 32 33 27 44	 => 189
 9 44 27 19 43 47	 => 189
 39 47 43 36 10 14	 => 189
 46 30 20 34 48 11	 => 189
 32 11 48 49 16 33	 => 189
 27 33 16 42 52 19	 => 189
 43 19 52 26 13 36	 => 189
 48 34 3 4 51 49	 => 189
 16 49 51 8 23 42	 => 189
 52 42 23 18 28 26	 => 189


===================[TEST 39]===================

##### START ##### Thu May 22 09:18:40 2003



##### CONVERGE ##### Thu May 22 09:19:52 2003

Elapsed time: 72 seconds
Total loop: 126 generations

Result : 187.163

8 17 48 41 53 23 19 16 42 37 27 46 36 2 5 22 49 25 21 34 28 24 52 31 1 20 15 30 54 11 29 43 35 13 38 51 7 10 18 32 45 50 12 47 40 39 9 3 26 33 4 44 14 6 

 8 17 48 41 53 23	 => 190
 19 23 53 16 42 37	 => 190
 27 37 42 46 36 2	 => 190
 48 5 22 49 25 41	 => 190
 53 41 25 21 34 16	 => 190
 42 16 34 28 24 46	 => 190
 36 46 24 52 31 1	 => 190
 22 20 15 30 54 49	 => 190
 25 49 54 11 29 21	 => 189
 34 21 29 43 35 28	 => 190
 24 28 35 13 38 52	 => 190
 31 52 38 51 7 10	 => 189
 54 30 18 32 45 11	 => 190
 29 11 45 50 12 43	 => 190
 35 43 12 47 40 13	 => 190
 38 13 40 39 9 51	 => 190
 45 32 3 26 33 50	 => 189
 12 50 33 4 44 47	 => 190
 40 47 44 14 6 39	 => 190


===================[TEST 40]===================

##### START ##### Thu May 22 09:19:52 2003



##### CONVERGE ##### Thu May 22 09:20:52 2003

Elapsed time: 60 seconds
Total loop: 102 generations

Result : 187.794

8 17 32 53 48 33 4 13 51 41 3 50 26 20 6 44 46 10 37 30 25 22 54 34 5 1 12 43 45 16 36 27 35 24 31 49 14 9 7 28 52 42 18 40 47 38 2 21 19 29 23 39 15 11 

 8 17 32 53 48 33	 => 191
 4 33 48 13 51 41	 => 190
 3 41 51 50 26 20	 => 191
 32 6 44 46 10 53	 => 191
 48 53 10 37 30 13	 => 191
 51 13 30 25 22 50	 => 191
 26 50 22 54 34 5	 => 191
 44 1 12 43 45 46	 => 191
 10 46 45 16 36 37	 => 190
 30 37 36 27 35 25	 => 190
 22 25 35 24 31 54	 => 191
 34 54 31 49 14 9	 => 191
 45 43 7 28 52 16	 => 191
 36 16 52 42 18 27	 => 191
 35 27 18 40 47 24	 => 191
 31 24 47 38 2 49	 => 191
 52 28 21 19 29 42	 => 191
 18 42 29 23 39 40	 => 191
 47 40 39 15 11 38	 => 190


===================[TEST 41]===================

##### START ##### Thu May 22 09:20:52 2003



##### CONVERGE ##### Thu May 22 09:22:19 2003

Elapsed time: 87 seconds
Total loop: 138 generations

Result : 187.478

20 4 47 45 52 22 15 21 36 44 23 39 43 5 6 28 54 10 33 29 34 31 40 30 7 14 17 26 51 8 35 32 27 11 48 41 13 18 3 53 49 42 24 46 50 38 2 9 1 37 16 25 19 12 

 20 4 47 45 52 22	 => 190
 15 22 52 21 36 44	 => 190
 23 44 36 39 43 5	 => 190
 47 6 28 54 10 45	 => 190
 52 45 10 33 29 21	 => 190
 36 21 29 34 31 39	 => 190
 43 39 31 40 30 7	 => 190
 28 14 17 26 51 54	 => 190
 10 54 51 8 35 33	 => 191
 29 33 35 32 27 34	 => 190
 31 34 27 11 48 40	 => 191
 30 40 48 41 13 18	 => 190
 51 26 3 53 49 8	 => 190
 35 8 49 42 24 32	 => 190
 27 32 24 46 50 11	 => 190
 48 11 50 38 2 41	 => 190
 49 53 9 1 37 42	 => 191
 24 42 37 16 25 46	 => 190
 50 46 25 19 12 38	 => 190


===================[TEST 42]===================

##### START ##### Thu May 22 09:22:19 2003



##### CONVERGE ##### Thu May 22 09:23:47 2003

Elapsed time: 88 seconds
Total loop: 154 generations

Result : 187.478

10 22 40 33 53 32 2 21 34 48 17 49 35 7 4 54 44 15 41 27 31 29 37 39 1 12 3 25 52 18 20 43 28 19 47 38 23 6 16 30 50 46 13 36 51 26 9 5 14 45 8 42 24 11 

 10 22 40 33 53 32	 => 190
 2 32 53 21 34 48	 => 190
 17 48 34 49 35 7	 => 190
 40 4 54 44 15 33	 => 190
 53 33 15 41 27 21	 => 190
 34 21 27 31 29 49	 => 191
 35 49 29 37 39 1	 => 190
 54 12 3 25 52 44	 => 190
 15 44 52 18 20 41	 => 190
 27 41 20 43 28 31	 => 190
 29 31 28 19 47 37	 => 191
 39 37 47 38 23 6	 => 190
 52 25 16 30 50 18	 => 191
 20 18 50 46 13 43	 => 190
 28 43 13 36 51 19	 => 190
 47 19 51 26 9 38	 => 190
 50 30 5 14 45 46	 => 190
 13 46 45 8 42 36	 => 190
 51 36 42 24 11 26	 => 190


===================[TEST 43]===================

##### START ##### Thu May 22 09:23:47 2003



##### CONVERGE ##### Thu May 22 09:25:01 2003

Elapsed time: 74 seconds
Total loop: 130 generations

Result : 187.85

2 19 26 53 47 43 3 14 49 34 9 54 29 15 16 45 32 18 42 17 35 21 41 40 5 10 24 28 51 22 25 33 38 7 48 37 13 11 12 46 31 52 27 36 50 44 4 8 23 30 6 39 20 1 

 2 19 26 53 47 43	 => 190
 3 43 47 14 49 34	 => 190
 9 34 49 54 29 15	 => 190
 26 16 45 32 18 53	 => 190
 47 53 18 42 17 14	 => 191
 49 14 17 35 21 54	 => 190
 29 54 21 41 40 5	 => 190
 45 10 24 28 51 32	 => 190
 18 32 51 22 25 42	 => 190
 17 42 25 33 38 35	 => 190
 21 35 38 7 48 41	 => 190
 40 41 48 37 13 11	 => 190
 51 28 12 46 31 22	 => 190
 25 22 31 52 27 33	 => 190
 38 33 27 36 50 7	 => 191
 48 7 50 44 4 37	 => 190
 31 46 8 23 30 52	 => 190
 27 52 30 6 39 36	 => 190
 50 36 39 20 1 44	 => 190


===================[TEST 44]===================

##### START ##### Thu May 22 09:25:01 2003



##### CONVERGE ##### Thu May 22 09:26:47 2003

Elapsed time: 106 seconds
Total loop: 176 generations

Result : 187.85

1 25 40 44 46 34 11 19 43 37 16 39 49 6 2 36 47 21 31 29 42 18 48 33 3 8 12 52 35 15 41 26 22 10 50 32 4 24 5 30 53 28 27 54 51 38 9 14 20 45 13 23 7 17 

 1 25 40 44 46 34	 => 190
 11 34 46 19 43 37	 => 190
 16 37 43 39 49 6	 => 190
 40 2 36 47 21 44	 => 190
 46 44 21 31 29 19	 => 190
 43 19 29 42 18 39	 => 190
 49 39 18 48 33 3	 => 190
 36 8 12 52 35 47	 => 190
 21 47 35 15 41 31	 => 190
 29 31 41 26 22 42	 => 191
 18 42 22 10 50 48	 => 190
 33 48 50 32 4 24	 => 191
 35 52 5 30 53 15	 => 190
 41 15 53 28 27 26	 => 190
 22 26 27 54 51 10	 => 190
 50 10 51 38 9 32	 => 190
 53 30 14 20 45 28	 => 190
 27 28 45 13 23 54	 => 190
 51 54 23 7 17 38	 => 190


===================[TEST 45]===================

##### START ##### Thu May 22 09:26:47 2003



##### CONVERGE ##### Thu May 22 09:28:11 2003

Elapsed time: 84 seconds
Total loop: 139 generations

Result : 187.163

1 15 36 40 50 48 3 12 54 23 16 32 44 20 5 39 46 24 29 35 27 30 43 28 13 11 2 45 47 25 19 49 31 7 52 38 21 8 4 26 42 37 18 34 51 33 9 10 22 53 6 41 14 17 

 1 15 36 40 50 48	 => 190
 3 48 50 12 54 23	 => 190
 16 23 54 32 44 20	 => 189
 36 5 39 46 24 40	 => 190
 50 40 24 29 35 12	 => 190
 54 12 35 27 30 32	 => 190
 44 32 30 43 28 13	 => 190
 39 11 2 45 47 46	 => 190
 24 46 47 25 19 29	 => 190
 35 29 19 49 31 27	 => 190
 30 27 31 7 52 43	 => 190
 28 43 52 38 21 8	 => 190
 47 45 4 26 42 25	 => 189
 19 25 42 37 18 49	 => 190
 31 49 18 34 51 7	 => 190
 52 7 51 33 9 38	 => 190
 42 26 10 22 53 37	 => 190
 18 37 53 6 41 34	 => 189
 51 34 41 14 17 33	 => 190


===================[TEST 46]===================

##### START ##### Thu May 22 09:28:11 2003



##### CONVERGE ##### Thu May 22 09:29:15 2003

Elapsed time: 64 seconds
Total loop: 112 generations

Result : 187.85

10 21 30 51 45 33 2 12 48 50 15 43 26 8 1 41 54 13 25 44 24 19 32 42 28 9 3 36 47 17 34 23 40 22 53 29 20 14 6 39 46 52 18 49 38 37 11 7 16 31 5 35 27 4 

 10 21 30 51 45 33	 => 190
 2 33 45 12 48 50	 => 190
 15 50 48 43 26 8	 => 190
 30 1 41 54 13 51	 => 190
 45 51 13 25 44 12	 => 190
 48 12 44 24 19 43	 => 190
 26 43 19 32 42 28	 => 190
 41 9 3 36 47 54	 => 190
 13 54 47 17 34 25	 => 190
 44 25 34 23 40 24	 => 190
 19 24 40 22 53 32	 => 190
 42 32 53 29 20 14	 => 190
 47 36 6 39 46 17	 => 191
 34 17 46 52 18 23	 => 190
 40 23 18 49 38 22	 => 190
 53 22 38 37 11 29	 => 190
 46 39 7 16 31 52	 => 191
 18 52 31 5 35 49	 => 190
 38 49 35 27 4 37	 => 190


===================[TEST 47]===================

##### START ##### Thu May 22 09:29:15 2003



##### CONVERGE ##### Thu May 22 09:30:07 2003

Elapsed time: 52 seconds
Total loop: 92 generations

Result (Solution) : 190

16 2 35 53 45 39 11 9 42 44 7 52 37 8 4 21 51 26 24 33 48 6 54 38 3 27 14 31 46 13 30 32 23 25 34 29 20 15 22 28 50 47 18 43 49 36 17 5 19 41 1 40 10 12 

 16 2 35 53 45 39	 => 190
 11 39 45 9 42 44	 => 190
 7 44 42 52 37 8	 => 190
 35 4 21 51 26 53	 => 190
 45 53 26 24 33 9	 => 190
 42 9 33 48 6 52	 => 190
 37 52 6 54 38 3	 => 190
 21 27 14 31 46 51	 => 190
 26 51 46 13 30 24	 => 190
 33 24 30 32 23 48	 => 190
 6 48 23 25 34 54	 => 190
 38 54 34 29 20 15	 => 190
 46 31 22 28 50 13	 => 190
 30 13 50 47 18 32	 => 190
 23 32 18 43 49 25	 => 190
 34 25 49 36 17 29	 => 190
 50 28 5 19 41 47	 => 190
 18 47 41 1 40 43	 => 190
 49 43 40 10 12 36	 => 190


===================[TEST 48]===================

##### START ##### Thu May 22 09:30:07 2003



##### CONVERGE ##### Thu May 22 09:31:22 2003

Elapsed time: 75 seconds
Total loop: 130 generations

Result : 188.412

3 11 36 49 48 43 5 1 53 40 17 47 27 6 4 39 52 10 38 45 30 14 41 42 19 18 2 35 44 22 24 20 33 26 46 31 21 9 7 32 50 51 23 54 34 37 16 13 15 29 8 25 12 28 

 3 11 36 49 48 43	 => 190
 5 43 48 1 53 40	 => 190
 17 40 53 47 27 6	 => 190
 36 4 39 52 10 49	 => 190
 48 49 10 38 45 1	 => 191
 53 1 45 30 14 47	 => 190
 27 47 14 41 42 19	 => 190
 39 18 2 35 44 52	 => 190
 10 52 44 22 24 38	 => 190
 45 38 24 20 33 30	 => 190
 14 30 33 26 46 41	 => 190
 42 41 46 31 21 9	 => 190
 44 35 7 32 50 22	 => 190
 24 22 50 51 23 20	 => 190
 33 20 23 54 34 26	 => 190
 46 26 34 37 16 31	 => 190
 50 32 13 15 29 51	 => 190
 23 51 29 8 25 54	 => 190
 34 54 25 12 28 37	 => 190


===================[TEST 49]===================

##### START ##### Thu May 22 09:31:22 2003



##### CONVERGE ##### Thu May 22 09:32:41 2003

Elapsed time: 79 seconds
Total loop: 139 generations

Result : 187.478

25 11 36 31 48 39 9 10 37 47 21 46 32 7 17 49 43 14 35 52 19 27 40 42 3 2 18 29 50 23 26 24 34 16 54 28 20 6 4 33 51 44 22 41 53 38 1 12 5 45 8 30 15 13 

 25 11 36 31 48 39	 => 190
 9 39 48 10 37 47	 => 190
 21 47 37 46 32 7	 => 190
 36 17 49 43 14 31	 => 190
 48 31 14 35 52 10	 => 190
 37 10 52 19 27 46	 => 191
 32 46 27 40 42 3	 => 190
 49 2 18 29 50 43	 => 191
 14 43 50 23 26 35	 => 191
 52 35 26 24 34 19	 => 190
 27 19 34 16 54 40	 => 190
 42 40 54 28 20 6	 => 190
 50 29 4 33 51 23	 => 190
 26 23 51 44 22 24	 => 190
 34 24 22 41 53 16	 => 190
 54 16 53 38 1 28	 => 190
 51 33 12 5 45 44	 => 190
 22 44 45 8 30 41	 => 190
 53 41 30 15 13 38	 => 190


===================[TEST 50]===================

##### START ##### Thu May 22 09:32:41 2003



##### CONVERGE ##### Thu May 22 09:33:50 2003

Elapsed time: 69 seconds
Total loop: 120 generations

Result : 187.85

8 4 35 51 54 38 5 15 53 25 14 43 36 20 3 33 49 19 23 28 31 21 44 45 1 6 30 24 48 22 29 42 37 17 40 34 18 9 12 52 32 39 26 27 41 47 11 10 7 50 2 46 13 16 

 8 4 35 51 54 38	 => 190
 5 38 54 15 53 25	 => 190
 14 25 53 43 36 20	 => 191
 35 3 33 49 19 51	 => 190
 54 51 19 23 28 15	 => 190
 53 15 28 31 21 43	 => 191
 36 43 21 44 45 1	 => 190
 33 6 30 24 48 49	 => 190
 19 49 48 22 29 23	 => 190
 28 23 29 42 37 31	 => 190
 21 31 37 17 40 44	 => 190
 45 44 40 34 18 9	 => 190
 48 24 12 52 32 22	 => 190
 29 22 32 39 26 42	 => 190
 37 42 26 27 41 17	 => 190
 40 17 41 47 11 34	 => 190
 32 52 10 7 50 39	 => 190
 26 39 50 2 46 27	 => 190
 41 27 46 13 16 47	 => 190


===================[TEST 51]===================

##### START ##### Thu May 22 09:33:50 2003



##### CONVERGE ##### Thu May 22 09:35:10 2003

Elapsed time: 80 seconds
Total loop: 140 generations

Result : 188.163

6 16 33 49 35 51 1 23 53 28 21 42 44 3 5 39 41 24 34 26 38 9 45 32 19 14 7 47 43 13 36 27 29 20 50 37 10 17 8 25 54 46 15 48 52 30 2 4 22 40 11 31 18 12 

 6 16 33 49 35 51	 => 190
 1 51 35 23 53 28	 => 191
 21 28 53 42 44 3	 => 191
 33 5 39 41 24 49	 => 191
 35 49 24 34 26 23	 => 191
 53 23 26 38 9 42	 => 191
 44 42 9 45 32 19	 => 191
 39 14 7 47 43 41	 => 191
 24 41 43 13 36 34	 => 191
 26 34 36 27 29 38	 => 190
 9 38 29 20 50 45	 => 191
 32 45 50 37 10 17	 => 191
 43 47 8 25 54 13	 => 190
 36 13 54 46 15 27	 => 191
 29 27 15 48 52 20	 => 191
 50 20 52 30 2 37	 => 191
 54 25 4 22 40 46	 => 191
 15 46 40 11 31 48	 => 191
 52 48 31 18 12 30	 => 191


===================[TEST 52]===================

##### START ##### Thu May 22 09:35:10 2003



##### CONVERGE ##### Thu May 22 09:36:33 2003

Elapsed time: 83 seconds
Total loop: 146 generations

Result : 188.306

4 21 26 50 47 42 6 16 44 35 5 43 53 10 1 39 51 23 14 40 36 11 54 27 2 9 17 28 45 24 33 37 30 18 41 31 22 15 13 32 48 29 19 52 34 46 20 7 25 49 3 38 8 12 

 4 21 26 50 47 42	 => 190
 6 42 47 16 44 35	 => 190
 5 35 44 43 53 10	 => 190
 26 1 39 51 23 50	 => 190
 47 50 23 14 40 16	 => 190
 44 16 40 36 11 43	 => 190
 53 43 11 54 27 2	 => 190
 39 9 17 28 45 51	 => 189
 23 51 45 24 33 14	 => 190
 40 14 33 37 30 36	 => 190
 11 36 30 18 41 54	 => 190
 27 54 41 31 22 15	 => 190
 45 28 13 32 48 24	 => 190
 33 24 48 29 19 37	 => 190
 30 37 19 52 34 18	 => 190
 41 18 34 46 20 31	 => 190
 48 32 7 25 49 29	 => 190
 19 29 49 3 38 52	 => 190
 34 52 38 8 12 46	 => 190


===================[TEST 53]===================

##### START ##### Thu May 22 09:36:33 2003



##### CONVERGE ##### Thu May 22 09:37:28 2003

Elapsed time: 55 seconds
Total loop: 96 generations

Result : 188.412

10 15 45 32 47 41 1 25 39 37 22 43 42 7 11 27 52 23 28 36 21 26 51 20 8 13 12 48 38 18 31 34 40 2 50 54 9 6 3 30 53 35 19 49 46 33 5 24 4 44 14 29 17 16 

 10 15 45 32 47 41	 => 190
 1 41 47 25 39 37	 => 190
 22 37 39 43 42 7	 => 190
 45 11 27 52 23 32	 => 190
 47 32 23 28 36 25	 => 191
 39 25 36 21 26 43	 => 190
 42 43 26 51 20 8	 => 190
 27 13 12 48 38 52	 => 190
 23 52 38 18 31 28	 => 190
 36 28 31 34 40 21	 => 190
 26 21 40 2 50 51	 => 190
 20 51 50 54 9 6	 => 190
 38 48 3 30 53 18	 => 190
 31 18 53 35 19 34	 => 190
 40 34 19 49 46 2	 => 190
 50 2 46 33 5 54	 => 190
 53 30 24 4 44 35	 => 190
 19 35 44 14 29 49	 => 190
 46 49 29 17 16 33	 => 190


===================[TEST 54]===================

##### START ##### Thu May 22 09:37:28 2003



##### CONVERGE ##### Thu May 22 09:38:25 2003

Elapsed time: 57 seconds
Total loop: 101 generations

Result : 187.412

24 1 29 48 44 43 2 14 46 40 13 51 32 7 6 36 54 16 41 26 31 21 49 28 8 11 23 18 47 9 22 35 34 12 42 52 15 4 17 45 53 37 33 50 25 38 20 10 5 39 3 27 30 19 

 24 1 29 48 44 43	 => 189
 2 43 44 14 46 40	 => 189
 13 40 46 51 32 7	 => 189
 29 6 36 54 16 48	 => 189
 44 48 16 41 26 14	 => 189
 46 14 26 31 21 51	 => 189
 32 51 21 49 28 8	 => 189
 36 11 23 18 47 54	 => 189
 16 54 47 9 22 41	 => 189
 26 41 22 35 34 31	 => 189
 21 31 34 12 42 49	 => 189
 28 49 42 52 15 4	 => 190
 47 18 17 45 53 9	 => 189
 22 9 53 37 33 35	 => 189
 34 35 33 50 25 12	 => 189
 42 12 25 38 20 52	 => 189
 53 45 10 5 39 37	 => 189
 33 37 39 3 27 50	 => 189
 25 50 27 30 19 38	 => 189


===================[TEST 55]===================

##### START ##### Thu May 22 09:38:25 2003



##### CONVERGE ##### Thu May 22 09:39:40 2003

Elapsed time: 75 seconds
Total loop: 131 generations

Result : 187.64

20 5 33 39 41 51 2 6 54 36 10 30 45 15 1 37 49 31 24 48 40 12 53 47 3 16 14 32 42 18 26 29 23 27 35 25 8 22 9 43 46 50 21 38 52 44 7 13 4 34 19 28 17 11 

 20 5 33 39 41 51	 => 189
 2 51 41 6 54 36	 => 190
 10 36 54 30 45 15	 => 190
 33 1 37 49 31 39	 => 190
 41 39 31 24 48 6	 => 189
 54 6 48 40 12 30	 => 190
 45 30 12 53 47 3	 => 190
 37 16 14 32 42 49	 => 190
 31 49 42 18 26 24	 => 190
 48 24 26 29 23 40	 => 190
 12 40 23 27 35 53	 => 190
 47 53 35 25 8 22	 => 190
 42 32 9 43 46 18	 => 190
 26 18 46 50 21 29	 => 190
 23 29 21 38 52 27	 => 190
 35 27 52 44 7 25	 => 190
 46 43 13 4 34 50	 => 190
 21 50 34 19 28 38	 => 190
 52 38 28 17 11 44	 => 190


===================[TEST 56]===================

##### START ##### Thu May 22 09:39:40 2003



##### CONVERGE ##### Thu May 22 09:40:34 2003

Elapsed time: 54 seconds
Total loop: 94 generations

Result : 187.215

23 11 24 50 47 35 25 1 52 31 13 48 37 9 18 44 34 20 40 32 30 27 43 33 2 14 16 29 53 15 28 38 22 19 49 36 21 8 7 41 46 51 12 54 45 39 3 17 10 26 5 42 4 6 

 23 11 24 50 47 35	 => 190
 25 35 47 1 52 31	 => 191
 13 31 52 48 37 9	 => 190
 24 18 44 34 20 50	 => 190
 47 50 20 40 32 1	 => 190
 52 1 32 30 27 48	 => 190
 37 48 27 43 33 2	 => 190
 44 14 16 29 53 34	 => 190
 20 34 53 15 28 40	 => 190
 32 40 28 38 22 30	 => 190
 27 30 22 19 49 43	 => 190
 33 43 49 36 21 8	 => 190
 53 29 7 41 46 15	 => 191
 28 15 46 51 12 38	 => 190
 22 38 12 54 45 19	 => 190
 49 19 45 39 3 36	 => 191
 46 41 17 10 26 51	 => 191
 12 51 26 5 42 54	 => 190
 45 54 42 4 6 39	 => 190


===================[TEST 57]===================

##### START ##### Thu May 22 09:40:34 2003



##### CONVERGE ##### Thu May 22 09:41:54 2003

Elapsed time: 80 seconds
Total loop: 140 generations

Result : 187.412

12 6 36 54 49 32 1 17 51 40 9 31 33 25 16 21 47 15 26 28 35 27 52 43 3 4 23 48 46 13 42 44 14 22 39 34 19 2 7 37 38 41 11 53 45 29 20 5 18 50 10 24 30 8 

 12 6 36 54 49 32	 => 189
 1 32 49 17 51 40	 => 190
 9 40 51 31 33 25	 => 189
 36 16 21 47 15 54	 => 189
 49 54 15 26 28 17	 => 189
 51 17 28 35 27 31	 => 189
 33 31 27 52 43 3	 => 189
 21 4 23 48 46 47	 => 189
 15 47 46 13 42 26	 => 189
 28 26 42 44 14 35	 => 189
 27 35 14 22 39 52	 => 189
 43 52 39 34 19 2	 => 189
 46 48 7 37 38 13	 => 189
 42 13 38 41 11 44	 => 189
 14 44 11 53 45 22	 => 189
 39 22 45 29 20 34	 => 189
 38 37 5 18 50 41	 => 189
 11 41 50 10 24 53	 => 189
 45 53 24 30 8 29	 => 189


===================[TEST 58]===================

##### START ##### Thu May 22 09:41:54 2003



##### CONVERGE ##### Thu May 22 09:43:17 2003

Elapsed time: 83 seconds
Total loop: 147 generations

Result : 188.412

2 18 46 50 39 35 8 25 45 38 14 42 47 4 1 19 48 26 23 27 29 22 34 43 3 10 20 40 53 9 31 44 36 15 54 30 12 17 11 28 49 51 6 52 37 41 13 5 24 33 16 32 21 7 

 2 18 46 50 39 35	 => 190
 8 35 39 25 45 38	 => 190
 14 38 45 42 47 4	 => 190
 46 1 19 48 26 50	 => 190
 39 50 26 23 27 25	 => 190
 45 25 27 29 22 42	 => 190
 47 42 22 34 43 3	 => 191
 19 10 20 40 53 48	 => 190
 26 48 53 9 31 23	 => 190
 27 23 31 44 36 29	 => 190
 22 29 36 15 54 34	 => 190
 43 34 54 30 12 17	 => 190
 53 40 11 28 49 9	 => 190
 31 9 49 51 6 44	 => 190
 36 44 6 52 37 15	 => 190
 54 15 37 41 13 30	 => 190
 49 28 5 24 33 51	 => 190
 6 51 33 16 32 52	 => 190
 37 52 32 21 7 41	 => 190


===================[TEST 59]===================

##### START ##### Thu May 22 09:43:17 2003



##### CONVERGE ##### Thu May 22 09:44:04 2003

Elapsed time: 47 seconds
Total loop: 82 generations

Result : 186.412

4 2 47 49 51 35 18 19 33 32 34 54 23 12 3 45 28 16 40 13 39 30 24 50 7 10 21 31 53 15 36 43 17 26 52 37 11 14 1 42 46 29 20 44 38 27 8 25 5 41 6 48 22 9 

 4 2 47 49 51 35	 => 188
 18 35 51 19 33 32	 => 188
 34 32 33 54 23 12	 => 188
 47 3 45 28 16 49	 => 188
 51 49 16 40 13 19	 => 188
 33 19 13 39 30 54	 => 188
 23 54 30 24 50 7	 => 188
 45 10 21 31 53 28	 => 188
 16 28 53 15 36 40	 => 188
 13 40 36 43 17 39	 => 188
 30 39 17 26 52 24	 => 188
 50 24 52 37 11 14	 => 188
 53 31 1 42 46 15	 => 188
 36 15 46 29 20 43	 => 189
 17 43 20 44 38 26	 => 188
 52 26 38 27 8 37	 => 188
 46 42 25 5 41 29	 => 188
 20 29 41 6 48 44	 => 188
 38 44 48 22 9 27	 => 188


===================[TEST 60]===================

##### START ##### Thu May 22 09:44:04 2003



##### CONVERGE ##### Thu May 22 09:45:38 2003

Elapsed time: 94 seconds
Total loop: 164 generations

Result : 188.163

2 23 46 42 50 28 10 24 49 29 8 53 31 21 4 27 52 20 30 25 26 14 54 34 5 16 3 41 51 1 37 39 33 17 47 40 9 7 12 38 48 44 22 35 45 36 6 11 18 32 15 43 19 13 

 2 23 46 42 50 28	 => 191
 10 28 50 24 49 29	 => 190
 8 29 49 53 31 21	 => 191
 46 4 27 52 20 42	 => 191
 50 42 20 30 25 24	 => 191
 49 24 25 26 14 53	 => 191
 31 53 14 54 34 5	 => 191
 27 16 3 41 51 52	 => 190
 20 52 51 1 37 30	 => 191
 25 30 37 39 33 26	 => 190
 14 26 33 17 47 54	 => 191
 34 54 47 40 9 7	 => 191
 51 41 12 38 48 1	 => 191
 37 1 48 44 22 39	 => 191
 33 39 22 35 45 17	 => 191
 47 17 45 36 6 40	 => 191
 48 38 11 18 32 44	 => 191
 22 44 32 15 43 35	 => 191
 45 35 43 19 13 36	 => 191


===================[TEST 61]===================

##### START ##### Thu May 22 09:45:38 2003



##### CONVERGE ##### Thu May 22 09:46:49 2003

Elapsed time: 71 seconds
Total loop: 124 generations

Result : 187.85

16 5 39 40 49 41 3 22 50 26 10 33 54 17 1 38 53 19 31 29 36 20 43 30 11 8 2 42 47 12 28 45 21 18 52 37 15 13 6 51 32 48 25 46 35 44 4 9 27 23 14 34 24 7 

 16 5 39 40 49 41	 => 190
 3 41 49 22 50 26	 => 191
 10 26 50 33 54 17	 => 190
 39 1 38 53 19 40	 => 190
 49 40 19 31 29 22	 => 190
 50 22 29 36 20 33	 => 190
 54 33 20 43 30 11	 => 191
 38 8 2 42 47 53	 => 190
 19 53 47 12 28 31	 => 190
 29 31 28 45 21 36	 => 190
 20 36 21 18 52 43	 => 190
 30 43 52 37 15 13	 => 190
 47 42 6 51 32 12	 => 190
 28 12 32 48 25 45	 => 190
 21 45 25 46 35 18	 => 190
 52 18 35 44 4 37	 => 190
 32 51 9 27 23 48	 => 190
 25 48 23 14 34 46	 => 190
 35 46 34 24 7 44	 => 190


===================[TEST 62]===================

##### START ##### Thu May 22 09:46:49 2003



##### CONVERGE ##### Thu May 22 09:48:49 2003

Elapsed time: 120 seconds
Total loop: 211 generations

Result : 188.412

6 13 32 39 53 47 4 17 41 28 2 51 45 23 8 33 49 29 25 27 35 19 54 20 1 14 12 44 38 7 42 31 30 9 43 36 16 21 11 50 40 48 22 46 52 26 24 10 5 37 3 34 18 15 

 6 13 32 39 53 47	 => 190
 4 47 53 17 41 28	 => 190
 2 28 41 51 45 23	 => 190
 32 8 33 49 29 39	 => 190
 53 39 29 25 27 17	 => 190
 41 17 27 35 19 51	 => 190
 45 51 19 54 20 1	 => 190
 33 14 12 44 38 49	 => 190
 29 49 38 7 42 25	 => 190
 27 25 42 31 30 35	 => 190
 19 35 30 9 43 54	 => 190
 20 54 43 36 16 21	 => 190
 38 44 11 50 40 7	 => 190
 42 7 40 48 22 31	 => 190
 30 31 22 46 52 9	 => 190
 43 9 52 26 24 36	 => 190
 40 50 10 5 37 48	 => 190
 22 48 37 3 34 46	 => 190
 52 46 34 18 15 26	 => 191


===================[TEST 63]===================

##### START ##### Thu May 22 09:48:49 2003



##### CONVERGE ##### Thu May 22 09:50:00 2003

Elapsed time: 71 seconds
Total loop: 124 generations

Result : 187.501

17 3 30 49 53 39 1 18 51 28 20 37 43 11 8 38 54 12 26 33 31 21 52 32 6 19 5 34 41 22 36 40 24 16 47 27 23 10 4 48 42 35 15 50 46 29 25 13 9 44 2 45 14 7 

 17 3 30 49 53 39	 => 191
 1 39 53 18 51 28	 => 190
 20 28 51 37 43 11	 => 190
 30 8 38 54 12 49	 => 191
 53 49 12 26 33 18	 => 191
 51 18 33 31 21 37	 => 191
 43 37 21 52 32 6	 => 191
 38 19 5 34 41 54	 => 191
 12 54 41 22 36 26	 => 191
 33 26 36 40 24 31	 => 190
 21 31 24 16 47 52	 => 191
 32 52 47 27 23 10	 => 191
 41 34 4 48 42 22	 => 191
 36 22 42 35 15 40	 => 190
 24 40 15 50 46 16	 => 191
 47 16 46 29 25 27	 => 190
 42 48 13 9 44 35	 => 191
 15 35 44 2 45 50	 => 191
 46 50 45 14 7 29	 => 191


===================[TEST 64]===================

##### START ##### Thu May 22 09:50:00 2003



##### CONVERGE ##### Thu May 22 09:51:06 2003

Elapsed time: 66 seconds
Total loop: 116 generations

Result : 187.85

2 15 33 54 47 39 3 22 38 41 19 49 36 7 17 21 53 12 31 24 34 23 32 50 1 9 11 51 45 14 35 37 29 20 52 43 8 5 13 27 40 48 16 42 46 26 4 25 6 44 10 30 28 18 

 2 15 33 54 47 39	 => 190
 3 39 47 22 38 41	 => 190
 19 41 38 49 36 7	 => 190
 33 17 21 53 12 54	 => 190
 47 54 12 31 24 22	 => 190
 38 22 24 34 23 49	 => 190
 36 49 23 32 50 1	 => 191
 21 9 11 51 45 53	 => 190
 12 53 45 14 35 31	 => 190
 24 31 35 37 29 34	 => 190
 23 34 29 20 52 32	 => 190
 50 32 52 43 8 5	 => 190
 45 51 13 27 40 14	 => 190
 35 14 40 48 16 37	 => 190
 29 37 16 42 46 20	 => 190
 52 20 46 26 4 43	 => 191
 40 27 25 6 44 48	 => 190
 16 48 44 10 30 42	 => 190
 46 42 30 28 18 26	 => 190


===================[TEST 65]===================

##### START ##### Thu May 22 09:51:06 2003



##### CONVERGE ##### Thu May 22 09:52:15 2003

Elapsed time: 69 seconds
Total loop: 120 generations

Result : 188.412

9 14 29 43 42 53 1 20 38 36 15 52 39 10 3 47 46 22 19 44 31 5 37 51 6 12 2 33 50 28 25 26 45 24 48 27 17 11 4 34 41 54 16 30 49 35 7 8 21 32 18 40 23 13 

 9 14 29 43 42 53	 => 190
 1 53 42 20 38 36	 => 190
 15 36 38 52 39 10	 => 190
 29 3 47 46 22 43	 => 190
 42 43 22 19 44 20	 => 190
 38 20 44 31 5 52	 => 190
 39 52 5 37 51 6	 => 190
 47 12 2 33 50 46	 => 190
 22 46 50 28 25 19	 => 190
 44 19 25 26 45 31	 => 190
 5 31 45 24 48 37	 => 190
 51 37 48 27 17 11	 => 191
 50 33 4 34 41 28	 => 190
 25 28 41 54 16 26	 => 190
 45 26 16 30 49 24	 => 190
 48 24 49 35 7 27	 => 190
 41 34 8 21 32 54	 => 190
 16 54 32 18 40 30	 => 190
 49 30 40 23 13 35	 => 190


===================[TEST 66]===================

##### START ##### Thu May 22 09:52:15 2003



##### CONVERGE ##### Thu May 22 09:53:27 2003

Elapsed time: 72 seconds
Total loop: 127 generations

Result : 186.794

12 4 53 37 50 33 14 19 42 31 18 48 49 2 3 41 35 21 34 29 45 7 40 38 8 20 15 27 52 25 22 43 17 26 54 32 10 16 5 30 51 36 13 47 44 28 6 11 23 39 9 46 1 24 

 12 4 53 37 50 33	 => 189
 14 33 50 19 42 31	 => 189
 18 31 42 48 49 2	 => 190
 53 3 41 35 21 37	 => 190
 50 37 21 34 29 19	 => 190
 42 19 29 45 7 48	 => 190
 49 48 7 40 38 8	 => 190
 41 20 15 27 52 35	 => 190
 21 35 52 25 22 34	 => 189
 29 34 22 43 17 45	 => 190
 7 45 17 26 54 40	 => 189
 38 40 54 32 10 16	 => 190
 52 27 5 30 51 25	 => 190
 22 25 51 36 13 43	 => 190
 17 43 13 47 44 26	 => 190
 54 26 44 28 6 32	 => 190
 51 30 11 23 39 36	 => 190
 13 36 39 9 46 47	 => 190
 44 47 46 1 24 28	 => 190


===================[TEST 67]===================

##### START ##### Thu May 22 09:53:27 2003



##### CONVERGE ##### Thu May 22 09:54:29 2003

Elapsed time: 62 seconds
Total loop: 108 generations

Result : 186.85

12 3 48 39 49 38 11 8 43 40 17 50 24 15 4 31 46 21 18 54 28 6 52 44 14 10 20 29 53 33 19 34 36 16 51 35 2 5 1 41 32 45 26 30 47 27 13 7 22 42 9 37 23 25 

 12 3 48 39 49 38	 => 189
 11 38 49 8 43 40	 => 189
 17 40 43 50 24 15	 => 189
 48 4 31 46 21 39	 => 189
 49 39 21 18 54 8	 => 189
 43 8 54 28 6 50	 => 189
 24 50 6 52 44 14	 => 190
 31 10 20 29 53 46	 => 189
 21 46 53 33 19 18	 => 190
 54 18 19 34 36 28	 => 189
 6 28 36 16 51 52	 => 189
 44 52 51 35 2 5	 => 189
 53 29 1 41 32 33	 => 189
 19 33 32 45 26 34	 => 189
 36 34 26 30 47 16	 => 189
 51 16 47 27 13 35	 => 189
 32 41 7 22 42 45	 => 189
 26 45 42 9 37 30	 => 189
 47 30 37 23 25 27	 => 189


===================[TEST 68]===================

##### START ##### Thu May 22 09:54:29 2003



##### CONVERGE ##### Thu May 22 09:55:55 2003

Elapsed time: 86 seconds
Total loop: 151 generations

Result : 187.794

15 11 27 52 51 35 8 10 46 41 23 53 24 4 17 32 48 14 34 30 33 19 47 42 6 21 2 38 50 16 29 28 36 25 31 40 18 13 5 37 44 54 20 39 43 49 3 1 9 45 7 26 12 22 

 15 11 27 52 51 35	 => 191
 8 35 51 10 46 41	 => 191
 23 41 46 53 24 4	 => 191
 27 17 32 48 14 52	 => 190
 51 52 14 34 30 10	 => 191
 46 10 30 33 19 53	 => 191
 24 53 19 47 42 6	 => 191
 32 21 2 38 50 48	 => 191
 14 48 50 16 29 34	 => 191
 30 34 29 28 36 33	 => 190
 19 33 36 25 31 47	 => 191
 42 47 31 40 18 13	 => 191
 50 38 5 37 44 16	 => 190
 29 16 44 54 20 28	 => 191
 36 28 20 39 43 25	 => 191
 31 25 43 49 3 40	 => 191
 44 37 1 9 45 54	 => 190
 20 54 45 7 26 39	 => 191
 43 39 26 12 22 49	 => 191


===================[TEST 69]===================

##### START ##### Thu May 22 09:55:55 2003



##### CONVERGE ##### Thu May 22 09:57:22 2003

Elapsed time: 87 seconds
Total loop: 153 generations

Result : 188.306

8 18 32 48 40 44 16 17 51 22 11 49 34 23 6 37 46 21 39 25 28 20 54 31 2 19 3 42 43 14 27 38 33 13 41 53 4 7 5 50 36 45 30 29 47 35 1 26 9 24 10 52 15 12 

 8 18 32 48 40 44	 => 190
 16 44 40 17 51 22	 => 190
 11 22 51 49 34 23	 => 190
 32 6 37 46 21 48	 => 190
 40 48 21 39 25 17	 => 190
 51 17 25 28 20 49	 => 190
 34 49 20 54 31 2	 => 190
 37 19 3 42 43 46	 => 190
 21 46 43 14 27 39	 => 190
 25 39 27 38 33 28	 => 190
 20 28 33 13 41 54	 => 189
 31 54 41 53 4 7	 => 190
 43 42 5 50 36 14	 => 190
 27 14 36 45 30 38	 => 190
 33 38 30 29 47 13	 => 190
 41 13 47 35 1 53	 => 190
 36 50 26 9 24 45	 => 190
 30 45 24 10 52 29	 => 190
 47 29 52 15 12 35	 => 190


===================[TEST 70]===================

##### START ##### Thu May 22 09:57:22 2003



##### CONVERGE ##### Thu May 22 09:58:18 2003

Elapsed time: 56 seconds
Total loop: 97 generations

Result : 187.478

11 2 40 54 50 33 8 21 53 25 12 46 32 22 3 29 49 15 27 24 28 18 51 34 9 7 26 41 38 17 44 31 36 19 39 23 30 13 4 42 48 45 5 52 47 43 20 6 14 35 16 37 10 1 

 11 2 40 54 50 33	 => 190
 8 33 50 21 53 25	 => 190
 12 25 53 46 32 22	 => 190
 40 3 29 49 15 54	 => 190
 50 54 15 27 24 21	 => 191
 53 21 24 28 18 46	 => 190
 32 46 18 51 34 9	 => 190
 29 7 26 41 38 49	 => 190
 15 49 38 17 44 27	 => 190
 24 27 44 31 36 28	 => 190
 18 28 36 19 39 51	 => 191
 34 51 39 23 30 13	 => 190
 38 41 4 42 48 17	 => 190
 44 17 48 45 5 31	 => 190
 36 31 5 52 47 19	 => 190
 39 19 47 43 20 23	 => 191
 48 42 6 14 35 45	 => 190
 5 45 35 16 37 52	 => 190
 47 52 37 10 1 43	 => 190


===================[TEST 71]===================

##### START ##### Thu May 22 09:58:18 2003



##### CONVERGE ##### Thu May 22 09:59:50 2003

Elapsed time: 92 seconds
Total loop: 161 generations

Result : 188.412

9 16 46 51 38 30 3 20 52 47 1 43 32 15 7 36 42 8 48 25 22 28 33 37 17 6 13 40 53 10 29 39 27 26 54 41 21 5 2 35 50 44 18 49 31 34 4 24 14 23 11 45 12 19 

 9 16 46 51 38 30	 => 190
 3 30 38 20 52 47	 => 190
 1 47 52 43 32 15	 => 190
 46 7 36 42 8 51	 => 190
 38 51 8 48 25 20	 => 190
 52 20 25 22 28 43	 => 190
 32 43 28 33 37 17	 => 190
 36 6 13 40 53 42	 => 190
 8 42 53 10 29 48	 => 190
 25 48 29 39 27 22	 => 190
 28 22 27 26 54 33	 => 190
 37 33 54 41 21 5	 => 191
 53 40 2 35 50 10	 => 190
 29 10 50 44 18 39	 => 190
 27 39 18 49 31 26	 => 190
 54 26 31 34 4 41	 => 190
 50 35 24 14 23 44	 => 190
 18 44 23 11 45 49	 => 190
 31 49 45 12 19 34	 => 190


===================[TEST 72]===================

##### START ##### Thu May 22 09:59:50 2003



##### CONVERGE ##### Thu May 22 10:00:57 2003

Elapsed time: 67 seconds
Total loop: 117 generations

Result : 187.794

3 5 40 49 48 46 1 7 52 37 15 50 35 2 8 36 45 13 42 32 33 17 41 27 21 12 16 34 47 19 25 31 28 18 54 44 10 14 11 29 51 43 22 53 39 26 9 24 6 38 4 30 20 23 

 3 5 40 49 48 46	 => 191
 1 46 48 7 52 37	 => 191
 15 37 52 50 35 2	 => 191
 40 8 36 45 13 49	 => 191
 48 49 13 42 32 7	 => 191
 52 7 32 33 17 50	 => 191
 35 50 17 41 27 21	 => 191
 36 12 16 34 47 45	 => 190
 13 45 47 19 25 42	 => 191
 32 42 25 31 28 33	 => 191
 17 33 28 18 54 41	 => 191
 27 41 54 44 10 14	 => 190
 47 34 11 29 51 19	 => 191
 25 19 51 43 22 31	 => 191
 28 31 22 53 39 18	 => 191
 54 18 39 26 9 44	 => 190
 51 29 24 6 38 43	 => 191
 22 43 38 4 30 53	 => 190
 39 53 30 20 23 26	 => 191


===================[TEST 73]===================

##### START ##### Thu May 22 10:00:57 2003



##### CONVERGE ##### Thu May 22 10:01:57 2003

Elapsed time: 60 seconds
Total loop: 106 generations

Result : 187.215

23 7 35 54 43 28 1 18 48 53 8 51 25 5 10 46 33 12 36 27 34 13 50 49 2 14 21 24 52 20 37 26 30 31 32 39 9 11 4 44 47 38 22 40 41 45 3 15 17 29 19 42 6 16 

 23 7 35 54 43 28	 => 190
 1 28 43 18 48 53	 => 191
 8 53 48 51 25 5	 => 190
 35 10 46 33 12 54	 => 190
 43 54 12 36 27 18	 => 190
 48 18 27 34 13 51	 => 191
 25 51 13 50 49 2	 => 190
 46 14 21 24 52 33	 => 190
 12 33 52 20 37 36	 => 190
 27 36 37 26 30 34	 => 190
 13 34 30 31 32 50	 => 190
 49 50 32 39 9 11	 => 190
 52 24 4 44 47 20	 => 191
 37 20 47 38 22 26	 => 190
 30 26 22 40 41 31	 => 190
 32 31 41 45 3 39	 => 191
 47 44 15 17 29 38	 => 190
 22 38 29 19 42 40	 => 190
 41 40 42 6 16 45	 => 190


===================[TEST 74]===================

##### START ##### Thu May 22 10:01:57 2003



##### CONVERGE ##### Thu May 22 10:03:48 2003

Elapsed time: 111 seconds
Total loop: 194 generations

Result : 188.306

15 11 42 54 39 29 13 27 45 37 4 47 35 22 10 19 44 21 25 24 32 14 41 50 3 20 16 48 43 17 40 36 33 18 52 30 8 9 2 34 46 28 23 49 31 53 6 26 5 51 1 38 7 12 

 15 11 42 54 39 29	 => 190
 13 29 39 27 45 37	 => 190
 4 37 45 47 35 22	 => 190
 42 10 19 44 21 54	 => 190
 39 54 21 25 24 27	 => 190
 45 27 24 32 14 47	 => 189
 35 47 14 41 50 3	 => 190
 19 20 16 48 43 44	 => 190
 21 44 43 17 40 25	 => 190
 24 25 40 36 33 32	 => 190
 14 32 33 18 52 41	 => 190
 50 41 52 30 8 9	 => 190
 43 48 2 34 46 17	 => 190
 40 17 46 28 23 36	 => 190
 33 36 23 49 31 18	 => 190
 52 18 31 53 6 30	 => 190
 46 34 26 5 51 28	 => 190
 23 28 51 1 38 49	 => 190
 31 49 38 7 12 53	 => 190


===================[TEST 75]===================

##### START ##### Thu May 22 10:03:48 2003



##### CONVERGE ##### Thu May 22 10:05:03 2003

Elapsed time: 75 seconds
Total loop: 131 generations

Result : 188.306

19 11 45 23 52 40 1 26 39 32 6 46 50 16 3 54 43 22 29 38 27 14 51 20 9 7 4 35 47 24 25 34 37 13 48 31 12 28 10 41 33 53 21 36 49 44 5 18 15 30 8 42 2 17 

 19 11 45 23 52 40	 => 190
 1 40 52 26 39 32	 => 190
 6 32 39 46 50 16	 => 189
 45 3 54 43 22 23	 => 190
 52 23 22 29 38 26	 => 190
 39 26 38 27 14 46	 => 190
 50 46 14 51 20 9	 => 190
 54 7 4 35 47 43	 => 190
 22 43 47 24 25 29	 => 190
 38 29 25 34 37 27	 => 190
 14 27 37 13 48 51	 => 190
 20 51 48 31 12 28	 => 190
 47 35 10 41 33 24	 => 190
 25 24 33 53 21 34	 => 190
 37 34 21 36 49 13	 => 190
 48 13 49 44 5 31	 => 190
 33 41 18 15 30 53	 => 190
 21 53 30 8 42 36	 => 190
 49 36 42 2 17 44	 => 190


===================[TEST 76]===================

##### START ##### Thu May 22 10:05:03 2003



##### CONVERGE ##### Thu May 22 10:06:01 2003

Elapsed time: 58 seconds
Total loop: 103 generations

Result : 187.616

21 9 29 47 30 54 2 22 33 49 17 45 31 14 11 41 42 20 34 37 35 18 46 44 6 28 7 32 40 15 39 27 19 24 48 26 3 23 8 52 43 50 16 51 53 38 1 5 4 36 12 25 13 10 

 21 9 29 47 30 54	 => 190
 2 54 30 22 33 49	 => 190
 17 49 33 45 31 14	 => 189
 29 11 41 42 20 47	 => 190
 30 47 20 34 37 22	 => 190
 33 22 37 35 18 45	 => 190
 31 45 18 46 44 6	 => 190
 41 28 7 32 40 42	 => 190
 20 42 40 15 39 34	 => 190
 37 34 39 27 19 35	 => 191
 18 35 19 24 48 46	 => 190
 44 46 48 26 3 23	 => 190
 40 32 8 52 43 15	 => 190
 39 15 43 50 16 27	 => 190
 19 27 16 51 53 24	 => 190
 48 24 53 38 1 26	 => 190
 43 52 5 4 36 50	 => 190
 16 50 36 12 25 51	 => 190
 53 51 25 13 10 38	 => 190


===================[TEST 77]===================

##### START ##### Thu May 22 10:06:01 2003



##### CONVERGE ##### Thu May 22 10:07:21 2003

Elapsed time: 80 seconds
Total loop: 139 generations

Result : 188.412

19 15 41 37 43 35 1 23 52 36 14 46 20 22 11 40 49 12 48 28 31 10 51 45 18 5 30 27 39 17 25 26 32 24 42 38 6 8 9 44 54 47 21 53 34 50 2 13 3 29 7 33 4 16 

 19 15 41 37 43 35	 => 190
 1 35 43 23 52 36	 => 190
 14 36 52 46 20 22	 => 190
 41 11 40 49 12 37	 => 190
 43 37 12 48 28 23	 => 191
 52 23 28 31 10 46	 => 190
 20 46 10 51 45 18	 => 190
 40 5 30 27 39 49	 => 190
 12 49 39 17 25 48	 => 190
 28 48 25 26 32 31	 => 190
 10 31 32 24 42 51	 => 190
 45 51 42 38 6 8	 => 190
 39 27 9 44 54 17	 => 190
 25 17 54 47 21 26	 => 190
 32 26 21 53 34 24	 => 190
 42 24 34 50 2 38	 => 190
 54 44 13 3 29 47	 => 190
 21 47 29 7 33 53	 => 190
 34 53 33 4 16 50	 => 190


===================[TEST 78]===================

##### START ##### Thu May 22 10:07:21 2003



##### CONVERGE ##### Thu May 22 10:08:52 2003

Elapsed time: 91 seconds
Total loop: 160 generations

Result : 187.85

9 1 52 40 53 36 6 21 41 33 19 44 39 14 4 28 43 23 22 31 29 24 50 26 7 16 12 54 37 17 48 35 25 15 47 51 3 13 5 45 32 38 20 46 49 27 2 11 30 34 10 42 18 8 

 9 1 52 40 53 36	 => 191
 6 36 53 21 41 33	 => 190
 19 33 41 44 39 14	 => 190
 52 4 28 43 23 40	 => 190
 53 40 23 22 31 21	 => 190
 41 21 31 29 24 44	 => 190
 39 44 24 50 26 7	 => 190
 28 16 12 54 37 43	 => 190
 23 43 37 17 48 22	 => 190
 31 22 48 35 25 29	 => 190
 24 29 25 15 47 50	 => 190
 26 50 47 51 3 13	 => 190
 37 54 5 45 32 17	 => 190
 48 17 32 38 20 35	 => 190
 25 35 20 46 49 15	 => 190
 47 15 49 27 2 51	 => 191
 32 45 11 30 34 38	 => 190
 20 38 34 10 42 46	 => 190
 49 46 42 18 8 27	 => 190


===================[TEST 79]===================

##### START ##### Thu May 22 10:08:52 2003



##### CONVERGE ##### Thu May 22 10:09:41 2003

Elapsed time: 49 seconds
Total loop: 86 generations

Result : 187.163

8 25 31 40 48 37 2 11 53 39 20 30 45 3 13 44 47 15 34 42 36 18 41 49 7 4 6 35 54 16 24 27 26 19 50 23 17 10 9 33 43 51 28 52 38 46 14 12 29 22 5 32 21 1 

 8 25 31 40 48 37	 => 189
 2 37 48 11 53 39	 => 190
 20 39 53 30 45 3	 => 190
 31 13 44 47 15 40	 => 190
 48 40 15 34 42 11	 => 190
 53 11 42 36 18 30	 => 190
 45 30 18 41 49 7	 => 190
 44 4 6 35 54 47	 => 190
 15 47 54 16 24 34	 => 190
 42 34 24 27 26 36	 => 189
 18 36 26 19 50 41	 => 190
 49 41 50 23 17 10	 => 190
 54 35 9 33 43 16	 => 190
 24 16 43 51 28 27	 => 189
 26 27 28 52 38 19	 => 190
 50 19 38 46 14 23	 => 190
 43 33 12 29 22 51	 => 190
 28 51 22 5 32 52	 => 190
 38 52 32 21 1 46	 => 190


===================[TEST 80]===================

##### START ##### Thu May 22 10:09:41 2003



##### CONVERGE ##### Thu May 22 10:10:37 2003

Elapsed time: 56 seconds
Total loop: 97 generations

Result : 187.794

8 4 45 50 46 37 13 5 49 41 11 48 35 6 3 26 53 14 36 40 28 21 54 32 1 24 15 30 43 12 33 25 29 20 39 38 17 10 23 31 52 47 22 44 51 27 16 9 18 34 2 42 7 19 

 8 4 45 50 46 37	 => 190
 13 37 46 5 49 41	 => 191
 11 41 49 48 35 6	 => 190
 45 3 26 53 14 50	 => 191
 46 50 14 36 40 5	 => 191
 49 5 40 28 21 48	 => 191
 35 48 21 54 32 1	 => 191
 26 24 15 30 43 53	 => 191
 14 53 43 12 33 36	 => 191
 40 36 33 25 29 28	 => 191
 21 28 29 20 39 54	 => 191
 32 54 39 38 17 10	 => 190
 43 30 23 31 52 12	 => 191
 33 12 52 47 22 25	 => 191
 29 25 22 44 51 20	 => 191
 39 20 51 27 16 38	 => 191
 52 31 9 18 34 47	 => 191
 22 47 34 2 42 44	 => 191
 51 44 42 7 19 27	 => 190


===================[TEST 81]===================

##### START ##### Thu May 22 10:10:37 2003



##### CONVERGE ##### Thu May 22 10:11:42 2003

Elapsed time: 65 seconds
Total loop: 114 generations

Result : 186.823

6 12 42 52 37 41 2 20 51 38 8 43 31 19 5 33 54 4 53 25 34 18 48 40 10 13 11 35 44 9 27 28 23 21 46 29 26 1 3 50 49 45 32 39 47 30 17 15 7 24 14 36 22 16 

 6 12 42 52 37 41	 => 190
 2 41 37 20 51 38	 => 189
 8 38 51 43 31 19	 => 190
 42 5 33 54 4 52	 => 190
 37 52 4 53 25 20	 => 191
 51 20 25 34 18 43	 => 191
 31 43 18 48 40 10	 => 190
 33 13 11 35 44 54	 => 190
 4 54 44 9 27 53	 => 191
 25 53 27 28 23 34	 => 190
 18 34 23 21 46 48	 => 190
 40 48 46 29 26 1	 => 190
 44 35 3 50 49 9	 => 190
 27 9 49 45 32 28	 => 190
 23 28 32 39 47 21	 => 190
 46 21 47 30 17 29	 => 190
 49 50 15 7 24 45	 => 190
 32 45 24 14 36 39	 => 190
 47 39 36 22 16 30	 => 190


===================[TEST 82]===================

##### START ##### Thu May 22 10:11:42 2003



##### CONVERGE ##### Thu May 22 10:13:05 2003

Elapsed time: 83 seconds
Total loop: 147 generations

Result : 188.163

10 5 50 41 45 40 4 16 48 37 15 51 28 11 1 46 29 24 38 27 30 19 52 33 8 22 14 26 54 21 25 39 31 12 47 44 6 9 2 35 53 36 17 49 43 42 3 13 20 34 23 32 18 7 

 10 5 50 41 45 40	 => 191
 4 40 45 16 48 37	 => 190
 15 37 48 51 28 11	 => 190
 50 1 46 29 24 41	 => 191
 45 41 24 38 27 16	 => 191
 48 16 27 30 19 51	 => 191
 28 51 19 52 33 8	 => 191
 46 22 14 26 54 29	 => 191
 24 29 54 21 25 38	 => 191
 27 38 25 39 31 30	 => 190
 19 30 31 12 47 52	 => 191
 33 52 47 44 6 9	 => 191
 54 26 2 35 53 21	 => 191
 25 21 53 36 17 39	 => 191
 31 39 17 49 43 12	 => 191
 47 12 43 42 3 44	 => 191
 53 35 13 20 34 36	 => 191
 17 36 34 23 32 49	 => 191
 43 49 32 18 7 42	 => 191


===================[TEST 83]===================

##### START ##### Thu May 22 10:13:05 2003



##### CONVERGE ##### Thu May 22 10:14:50 2003

Elapsed time: 105 seconds
Total loop: 183 generations

Result : 188.306

12 10 39 54 51 24 22 2 50 41 8 53 25 13 4 32 45 16 27 40 31 14 49 46 3 11 21 33 48 20 34 23 35 18 43 26 19 6 5 37 47 38 28 42 44 52 7 30 9 29 17 36 1 15 

 12 10 39 54 51 24	 => 190
 22 24 51 2 50 41	 => 190
 8 41 50 53 25 13	 => 190
 39 4 32 45 16 54	 => 190
 51 54 16 27 40 2	 => 190
 50 2 40 31 14 53	 => 190
 25 53 14 49 46 3	 => 190
 32 11 21 33 48 45	 => 190
 16 45 48 20 34 27	 => 190
 40 27 34 23 35 31	 => 190
 14 31 35 18 43 49	 => 190
 46 49 43 26 19 6	 => 189
 48 33 5 37 47 20	 => 190
 34 20 47 38 28 23	 => 190
 35 23 28 42 44 18	 => 190
 43 18 44 52 7 26	 => 190
 47 37 30 9 29 38	 => 190
 28 38 29 17 36 42	 => 190
 44 42 36 1 15 52	 => 190


===================[TEST 84]===================

##### START ##### Thu May 22 10:14:50 2003



##### CONVERGE ##### Thu May 22 10:15:51 2003

Elapsed time: 61 seconds
Total loop: 107 generations

Result : 187.85

14 13 33 51 38 41 3 25 34 49 21 48 32 6 5 53 40 8 42 27 36 20 47 39 4 11 16 24 46 19 35 22 28 15 44 43 1 17 18 29 54 37 23 52 50 26 12 30 9 31 2 45 10 7 

 14 13 33 51 38 41	 => 190
 3 41 38 25 34 49	 => 190
 21 49 34 48 32 6	 => 190
 33 5 53 40 8 51	 => 190
 38 51 8 42 27 25	 => 191
 34 25 27 36 20 48	 => 190
 32 48 20 47 39 4	 => 190
 53 11 16 24 46 40	 => 190
 8 40 46 19 35 42	 => 190
 27 42 35 22 28 36	 => 190
 20 36 28 15 44 47	 => 190
 39 47 44 43 1 17	 => 191
 46 24 18 29 54 19	 => 190
 35 19 54 37 23 22	 => 190
 28 22 23 52 50 15	 => 190
 44 15 50 26 12 43	 => 190
 54 29 30 9 31 37	 => 190
 23 37 31 2 45 52	 => 190
 50 52 45 10 7 26	 => 190


===================[TEST 85]===================

##### START ##### Thu May 22 10:15:51 2003



##### CONVERGE ##### Thu May 22 10:17:10 2003

Elapsed time: 79 seconds
Total loop: 139 generations

Result : 188.412

2 14 47 45 51 31 9 13 44 42 11 52 23 18 1 37 38 22 29 30 32 19 54 39 3 4 26 36 49 27 25 34 40 12 33 48 6 10 7 28 43 46 16 53 35 41 21 8 15 50 5 20 24 17 

 2 14 47 45 51 31	 => 190
 9 31 51 13 44 42	 => 190
 11 42 44 52 23 18	 => 190
 47 1 37 38 22 45	 => 190
 51 45 22 29 30 13	 => 190
 44 13 30 32 19 52	 => 190
 23 52 19 54 39 3	 => 190
 37 4 26 36 49 38	 => 190
 22 38 49 27 25 29	 => 190
 30 29 25 34 40 32	 => 190
 19 32 40 12 33 54	 => 190
 39 54 33 48 6 10	 => 190
 49 36 7 28 43 27	 => 190
 25 27 43 46 16 34	 => 191
 40 34 16 53 35 12	 => 190
 33 12 35 41 21 48	 => 190
 43 28 8 15 50 46	 => 190
 16 46 50 5 20 53	 => 190
 35 53 20 24 17 41	 => 190


===================[TEST 86]===================

##### START ##### Thu May 22 10:17:10 2003



##### CONVERGE ##### Thu May 22 10:18:07 2003

Elapsed time: 57 seconds
Total loop: 100 generations

Result : 186.616

23 6 47 41 54 18 5 29 34 49 8 52 37 9 3 36 50 12 31 22 39 14 45 38 2 13 20 44 26 30 40 25 32 17 42 43 11 10 15 28 46 21 27 35 53 33 1 24 19 51 7 48 4 16 

 23 6 47 41 54 18	 => 189
 5 18 54 29 34 49	 => 189
 8 49 34 52 37 9	 => 189
 47 3 36 50 12 41	 => 189
 54 41 12 31 22 29	 => 189
 34 29 22 39 14 52	 => 190
 37 52 14 45 38 2	 => 188
 36 13 20 44 26 50	 => 189
 12 50 26 30 40 31	 => 189
 22 31 40 25 32 39	 => 189
 14 39 32 17 42 45	 => 189
 38 45 42 43 11 10	 => 189
 26 44 15 28 46 30	 => 189
 40 30 46 21 27 25	 => 189
 32 25 27 35 53 17	 => 189
 42 17 53 33 1 43	 => 189
 46 28 24 19 51 21	 => 189
 27 21 51 7 48 35	 => 189
 53 35 48 4 16 33	 => 189


===================[TEST 87]===================

##### START ##### Thu May 22 10:18:07 2003



##### CONVERGE ##### Thu May 22 10:18:53 2003

Elapsed time: 46 seconds
Total loop: 80 generations

Result : 187.85

21 12 31 53 51 22 5 23 43 46 3 49 30 19 17 27 52 10 29 25 34 16 54 37 4 13 11 40 47 18 35 41 26 32 28 50 1 20 8 33 44 45 7 48 36 38 6 15 14 39 9 42 24 2 

 21 12 31 53 51 22	 => 190
 5 22 51 23 43 46	 => 190
 3 46 43 49 30 19	 => 190
 31 17 27 52 10 53	 => 190
 51 53 10 29 25 23	 => 191
 43 23 25 34 16 49	 => 190
 30 49 16 54 37 4	 => 190
 27 13 11 40 47 52	 => 190
 10 52 47 18 35 29	 => 191
 25 29 35 41 26 34	 => 190
 16 34 26 32 28 54	 => 190
 37 54 28 50 1 20	 => 190
 47 40 8 33 44 18	 => 190
 35 18 44 45 7 41	 => 190
 26 41 7 48 36 32	 => 190
 28 32 36 38 6 50	 => 190
 44 33 15 14 39 45	 => 190
 7 45 39 9 42 48	 => 190
 36 48 42 24 2 38	 => 190


===================[TEST 88]===================

##### START ##### Thu May 22 10:18:53 2003



##### CONVERGE ##### Thu May 22 10:20:31 2003

Elapsed time: 98 seconds
Total loop: 174 generations

Result : 187.85

14 16 35 42 52 31 6 10 40 51 18 46 22 13 1 54 50 8 37 41 34 19 53 39 11 2 7 30 48 21 26 24 28 20 36 32 5 25 15 33 43 47 29 45 44 49 9 12 17 38 4 27 23 3 

 14 16 35 42 52 31	 => 190
 6 31 52 10 40 51	 => 190
 18 51 40 46 22 13	 => 190
 35 1 54 50 8 42	 => 190
 52 42 8 37 41 10	 => 190
 40 10 41 34 19 46	 => 190
 22 46 19 53 39 11	 => 190
 54 2 7 30 48 50	 => 191
 8 50 48 21 26 37	 => 190
 41 37 26 24 28 34	 => 190
 19 34 28 20 36 53	 => 190
 39 53 36 32 5 25	 => 190
 48 30 15 33 43 21	 => 190
 26 21 43 47 29 24	 => 190
 28 24 29 45 44 20	 => 190
 36 20 44 49 9 32	 => 190
 43 33 12 17 38 47	 => 190
 29 47 38 4 27 45	 => 190
 44 45 27 23 3 49	 => 191


===================[TEST 89]===================

##### START ##### Thu May 22 10:20:31 2003



##### CONVERGE ##### Thu May 22 10:21:31 2003

Elapsed time: 60 seconds
Total loop: 104 generations

Result : 188.412

12 1 37 53 47 40 7 15 51 30 18 52 22 17 8 50 32 10 39 26 25 21 38 54 3 16 9 35 48 20 41 28 31 27 49 24 2 23 6 36 45 42 14 46 44 33 13 29 4 34 11 43 19 5 

 12 1 37 53 47 40	 => 190
 7 40 47 15 51 30	 => 190
 18 30 51 52 22 17	 => 190
 37 8 50 32 10 53	 => 190
 47 53 10 39 26 15	 => 190
 51 15 26 25 21 52	 => 190
 22 52 21 38 54 3	 => 190
 50 16 9 35 48 32	 => 190
 10 32 48 20 41 39	 => 190
 26 39 41 28 31 25	 => 190
 21 25 31 27 49 38	 => 191
 54 38 49 24 2 23	 => 190
 48 35 6 36 45 20	 => 190
 41 20 45 42 14 28	 => 190
 31 28 14 46 44 27	 => 190
 49 27 44 33 13 24	 => 190
 45 36 29 4 34 42	 => 190
 14 42 34 11 43 46	 => 190
 44 46 43 19 5 33	 => 190


===================[TEST 90]===================

##### START ##### Thu May 22 10:21:31 2003



##### CONVERGE ##### Thu May 22 10:22:26 2003

Elapsed time: 55 seconds
Total loop: 97 generations

Result : 186.85

7 1 34 52 48 47 3 17 39 35 6 53 46 11 16 22 44 21 27 24 42 14 32 37 8 18 4 51 50 9 38 30 28 33 40 31 29 20 15 19 45 54 13 36 49 26 10 25 5 41 2 43 12 23 

 7 1 34 52 48 47	 => 189
 3 47 48 17 39 35	 => 189
 6 35 39 53 46 11	 => 190
 34 16 22 44 21 52	 => 189
 48 52 21 27 24 17	 => 189
 39 17 24 42 14 53	 => 189
 46 53 14 32 37 8	 => 190
 22 18 4 51 50 44	 => 189
 21 44 50 9 38 27	 => 189
 24 27 38 30 28 42	 => 189
 14 42 28 33 40 32	 => 189
 37 32 40 31 29 20	 => 189
 50 51 15 19 45 9	 => 189
 38 9 45 54 13 30	 => 189
 28 30 13 36 49 33	 => 189
 40 33 49 26 10 31	 => 189
 45 19 25 5 41 54	 => 189
 13 54 41 2 43 36	 => 189
 49 36 43 12 23 26	 => 189


===================[TEST 91]===================

##### START ##### Thu May 22 10:22:26 2003



##### CONVERGE ##### Thu May 22 10:23:32 2003

Elapsed time: 66 seconds
Total loop: 115 generations

Result : 187.64

21 11 25 52 31 49 5 26 41 38 6 54 43 8 2 39 48 24 35 22 37 10 46 28 9 1 23 34 45 17 20 36 40 13 44 42 16 14 15 32 47 51 19 53 29 50 12 3 27 30 4 33 7 18 

 21 11 25 52 31 49	 => 189
 5 49 31 26 41 38	 => 190
 6 38 41 54 43 8	 => 190
 25 2 39 48 24 52	 => 190
 31 52 24 35 22 26	 => 190
 41 26 22 37 10 54	 => 190
 43 54 10 46 28 9	 => 190
 39 1 23 34 45 48	 => 190
 24 48 45 17 20 35	 => 189
 22 35 20 36 40 37	 => 190
 10 37 40 13 44 46	 => 190
 28 46 44 42 16 14	 => 190
 45 34 15 32 47 17	 => 190
 20 17 47 51 19 36	 => 190
 40 36 19 53 29 13	 => 190
 44 13 29 50 12 42	 => 190
 47 32 3 27 30 51	 => 190
 19 51 30 4 33 53	 => 190
 29 53 33 7 18 50	 => 190


===================[TEST 92]===================

##### START ##### Thu May 22 10:23:32 2003



##### CONVERGE ##### Thu May 22 10:24:25 2003

Elapsed time: 53 seconds
Total loop: 94 generations

Result : 187.64

21 10 36 50 49 24 12 7 51 47 5 53 32 2 8 45 35 16 42 26 25 28 34 40 3 17 20 27 46 13 38 30 29 22 52 44 6 14 9 41 54 37 18 43 48 23 1 4 15 39 19 33 11 31 

 21 10 36 50 49 24	 => 190
 12 24 49 7 51 47	 => 190
 5 47 51 53 32 2	 => 190
 36 8 45 35 16 50	 => 190
 49 50 16 42 26 7	 => 190
 51 7 26 25 28 53	 => 190
 32 53 28 34 40 3	 => 190
 45 17 20 27 46 35	 => 190
 16 35 46 13 38 42	 => 190
 26 42 38 30 29 25	 => 190
 28 25 29 22 52 34	 => 190
 40 34 52 44 6 14	 => 190
 46 27 9 41 54 13	 => 190
 38 13 54 37 18 30	 => 190
 29 30 18 43 48 22	 => 190
 52 22 48 23 1 44	 => 190
 54 41 4 15 39 37	 => 190
 18 37 39 19 33 43	 => 189
 48 43 33 11 31 23	 => 189


===================[TEST 93]===================

##### START ##### Thu May 22 10:24:25 2003



##### CONVERGE ##### Thu May 22 10:25:25 2003

Elapsed time: 60 seconds
Total loop: 104 generations

Result : 187.501

11 17 34 46 36 47 3 22 48 35 21 40 45 2 12 27 54 18 26 43 28 10 42 49 4 20 7 30 53 16 24 31 38 23 50 37 5 8 1 39 51 44 25 32 41 33 6 13 15 29 9 52 14 19 

 11 17 34 46 36 47	 => 191
 3 47 36 22 48 35	 => 191
 21 35 48 40 45 2	 => 191
 34 12 27 54 18 46	 => 191
 36 46 18 26 43 22	 => 191
 48 22 43 28 10 40	 => 191
 45 40 10 42 49 4	 => 190
 27 20 7 30 53 54	 => 191
 18 54 53 16 24 26	 => 191
 43 26 24 31 38 28	 => 190
 10 28 38 23 50 42	 => 191
 49 42 50 37 5 8	 => 191
 53 30 1 39 51 16	 => 190
 24 16 51 44 25 31	 => 191
 38 31 25 32 41 23	 => 190
 50 23 41 33 6 37	 => 190
 51 39 13 15 29 44	 => 191
 25 44 29 9 52 32	 => 191
 41 32 52 14 19 33	 => 191


===================[TEST 94]===================

##### START ##### Thu May 22 10:25:25 2003



##### CONVERGE ##### Thu May 22 10:26:25 2003

Elapsed time: 60 seconds
Total loop: 106 generations

Result : 188.306

5 28 19 51 46 41 1 15 48 39 12 40 44 7 11 43 53 13 33 32 31 24 26 47 9 6 2 36 50 14 27 29 37 20 52 22 18 25 3 42 45 54 21 34 49 30 17 4 10 35 8 38 23 16 

 5 28 19 51 46 41	 => 190
 1 41 46 15 48 39	 => 190
 12 39 48 40 44 7	 => 190
 19 11 43 53 13 51	 => 190
 46 51 13 33 32 15	 => 190
 48 15 32 31 24 40	 => 190
 44 40 24 26 47 9	 => 190
 43 6 2 36 50 53	 => 190
 13 53 50 14 27 33	 => 190
 32 33 27 29 37 31	 => 189
 24 31 37 20 52 26	 => 190
 47 26 52 22 18 25	 => 190
 50 36 3 42 45 14	 => 190
 27 14 45 54 21 29	 => 190
 37 29 21 34 49 20	 => 190
 52 20 49 30 17 22	 => 190
 45 42 4 10 35 54	 => 190
 21 54 35 8 38 34	 => 190
 49 34 38 23 16 30	 => 190


===================[TEST 95]===================

##### START ##### Thu May 22 10:26:25 2003



##### CONVERGE ##### Thu May 22 10:27:21 2003

Elapsed time: 56 seconds
Total loop: 98 generations

Result (Solution) : 189

7 2 47 49 53 31 18 20 44 23 3 52 38 29 1 32 43 17 26 24 41 8 35 50 6 11 21 28 54 12 37 19 42 36 27 39 22 16 4 40 51 45 25 33 34 48 5 9 14 30 10 46 13 15 

 7 2 47 49 53 31	 => 189
 18 31 53 20 44 23	 => 189
 3 23 44 52 38 29	 => 189
 47 1 32 43 17 49	 => 189
 53 49 17 26 24 20	 => 189
 44 20 24 41 8 52	 => 189
 38 52 8 35 50 6	 => 189
 32 11 21 28 54 43	 => 189
 17 43 54 12 37 26	 => 189
 24 26 37 19 42 41	 => 189
 8 41 42 36 27 35	 => 189
 50 35 27 39 22 16	 => 189
 54 28 4 40 51 12	 => 189
 37 12 51 45 25 19	 => 189
 42 19 25 33 34 36	 => 189
 27 36 34 48 5 39	 => 189
 51 40 9 14 30 45	 => 189
 25 45 30 10 46 33	 => 189
 34 33 46 13 15 48	 => 189


===================[TEST 96]===================

##### START ##### Thu May 22 10:27:21 2003



##### CONVERGE ##### Thu May 22 10:28:30 2003

Elapsed time: 69 seconds
Total loop: 120 generations

Result : 188.412

2 15 51 35 54 33 9 14 38 42 11 32 48 19 1 34 53 16 21 50 36 20 41 47 3 22 5 24 52 23 25 27 31 17 45 37 8 12 6 39 46 43 26 49 40 44 7 28 4 30 13 29 10 18 

 2 15 51 35 54 33	 => 190
 9 33 54 14 38 42	 => 190
 11 42 38 32 48 19	 => 190
 51 1 34 53 16 35	 => 190
 54 35 16 21 50 14	 => 190
 38 14 50 36 20 32	 => 190
 48 32 20 41 47 3	 => 191
 34 22 5 24 52 53	 => 190
 16 53 52 23 25 21	 => 190
 50 21 25 27 31 36	 => 190
 20 36 31 17 45 41	 => 190
 47 41 45 37 8 12	 => 190
 52 24 6 39 46 23	 => 190
 25 23 46 43 26 27	 => 190
 31 27 26 49 40 17	 => 190
 45 17 40 44 7 37	 => 190
 46 39 28 4 30 43	 => 190
 26 43 30 13 29 49	 => 190
 40 49 29 10 18 44	 => 190


===================[TEST 97]===================

##### START ##### Thu May 22 10:28:30 2003



##### CONVERGE ##### Thu May 22 10:29:27 2003

Elapsed time: 57 seconds
Total loop: 100 generations

Result : 188.412

21 2 24 53 52 38 10 4 54 32 8 48 33 15 1 41 49 22 29 30 37 17 42 43 7 9 5 50 36 19 35 39 20 27 47 25 23 11 12 45 28 51 18 40 46 31 14 6 26 34 3 44 13 16 

 21 2 24 53 52 38	 => 190
 10 38 52 4 54 32	 => 190
 8 32 54 48 33 15	 => 190
 24 1 41 49 22 53	 => 190
 52 53 22 29 30 4	 => 190
 54 4 30 37 17 48	 => 190
 33 48 17 42 43 7	 => 190
 41 9 5 50 36 49	 => 190
 22 49 36 19 35 29	 => 190
 30 29 35 39 20 37	 => 190
 17 37 20 27 47 42	 => 190
 43 42 47 25 23 11	 => 191
 36 50 12 45 28 19	 => 190
 35 19 28 51 18 39	 => 190
 20 39 18 40 46 27	 => 190
 47 27 46 31 14 25	 => 190
 28 45 6 26 34 51	 => 190
 18 51 34 3 44 40	 => 190
 46 40 44 13 16 31	 => 190


===================[TEST 98]===================

##### START ##### Thu May 22 10:29:27 2003



##### CONVERGE ##### Thu May 22 10:30:34 2003

Elapsed time: 67 seconds
Total loop: 117 generations

Result : 187.85

13 9 36 50 47 35 6 19 54 29 16 48 42 1 8 34 39 23 18 33 32 4 49 45 2 11 3 51 52 21 37 27 43 22 40 31 10 15 14 25 28 53 24 30 44 46 7 17 26 41 5 38 20 12 

 13 9 36 50 47 35	 => 190
 6 35 47 19 54 29	 => 190
 16 29 54 48 42 1	 => 190
 36 8 34 39 23 50	 => 190
 47 50 23 18 33 19	 => 190
 54 19 33 32 4 48	 => 190
 42 48 4 49 45 2	 => 190
 34 11 3 51 52 39	 => 190
 23 39 52 21 37 18	 => 190
 33 18 37 27 43 32	 => 190
 4 32 43 22 40 49	 => 190
 45 49 40 31 10 15	 => 190
 52 51 14 25 28 21	 => 191
 37 21 28 53 24 27	 => 190
 43 27 24 30 44 22	 => 190
 40 22 44 46 7 31	 => 190
 28 25 17 26 41 53	 => 190
 24 53 41 5 38 30	 => 191
 44 30 38 20 12 46	 => 190


===================[TEST 99]===================

##### START ##### Thu May 22 10:30:34 2003



##### CONVERGE ##### Thu May 22 10:31:25 2003

Elapsed time: 51 seconds
Total loop: 90 generations

Result : 186.616

9 13 27 54 53 33 11 8 52 32 4 51 38 12 2 35 45 26 23 25 46 7 49 20 24 1 21 39 48 17 30 50 15 29 44 40 22 14 5 37 43 31 18 41 36 34 6 16 19 42 10 47 3 28 

 9 13 27 54 53 33	 => 189
 11 33 53 8 52 32	 => 189
 4 32 52 51 38 12	 => 189
 27 2 35 45 26 54	 => 189
 53 54 26 23 25 8	 => 189
 52 8 25 46 7 51	 => 189
 38 51 7 49 20 24	 => 189
 35 1 21 39 48 45	 => 189
 26 45 48 17 30 23	 => 189
 25 23 30 50 15 46	 => 189
 7 46 15 29 44 49	 => 190
 20 49 44 40 22 14	 => 189
 48 39 5 37 43 17	 => 189
 30 17 43 31 18 50	 => 189
 15 50 18 41 36 29	 => 189
 44 29 36 34 6 40	 => 189
 43 37 16 19 42 31	 => 188
 18 31 42 10 47 41	 => 189
 36 41 47 3 28 34	 => 189


===================[TEST 100]===================

##### START ##### Thu May 22 10:31:25 2003



##### CONVERGE ##### Thu May 22 10:32:00 2003

Elapsed time: 35 seconds
Total loop: 61 generations

Result : 187.412

16 6 25 47 53 42 3 28 36 27 20 48 44 14 7 43 52 15 22 24 34 19 31 45 2 8 1 35 50 9 41 40 29 30 46 39 17 11 4 54 37 49 13 51 26 38 10 5 12 32 21 23 18 33 

 16 6 25 47 53 42	 => 189
 3 42 53 28 36 27	 => 189
 20 27 36 48 44 14	 => 189
 25 7 43 52 15 47	 => 189
 53 47 15 22 24 28	 => 189
 36 28 24 34 19 48	 => 189
 44 48 19 31 45 2	 => 189
 43 8 1 35 50 52	 => 189
 15 52 50 9 41 22	 => 189
 24 22 41 40 29 34	 => 190
 19 34 29 30 46 31	 => 189
 45 31 46 39 17 11	 => 189
 50 35 4 54 37 9	 => 189
 41 9 37 49 13 40	 => 189
 29 40 13 51 26 30	 => 189
 46 30 26 38 10 39	 => 189
 37 54 5 12 32 49	 => 189
 13 49 32 21 23 51	 => 189
 26 51 23 18 33 38	 => 189



test#	fitness		sum		time
---------------------------------------------------
1	186.85				59
2	187.163				43
3	187.85				105
4	186.85				55
5	187.412				44
6	187.85				54
7	187.85				66
8	187.215				56
9	187.412				51
10	188.412				51
11	187.64				69
12	187.85				64
13	187.85				68
14	187.616				82
15	187.053				78
16	188.412				72
17	187.85				77
18	187.616				87
19	190		190		85
20	188.306				90
21	190		190		145
22	187.85				76
23	187.85				54
24	187.85				116
25	187.64				63
26	187.85				78
27	190		190		68
28	187.85				100
29	187.616				61
30	187.412				59
31	187.412				70
32	187.64				61
33	187.64				60
34	187.163				50
35	187.64				66
36	187.794				75
37	190		190		68
38	189		189		54
39	187.163				72
40	187.794				60
41	187.478				87
42	187.478				88
43	187.85				74
44	187.85				106
45	187.163				84
46	187.85				64
47	190		190		52
48	188.412				75
49	187.478				79
50	187.85				69
51	188.163				80
52	188.306				83
53	188.412				55
54	187.412				57
55	187.64				75
56	187.215				54
57	187.412				80
58	188.412				83
59	186.412				47
60	188.163				94
61	187.85				71
62	188.412				120
63	187.501				71
64	187.85				66
65	188.412				69
66	186.794				72
67	186.85				62
68	187.794				86
69	188.306				87
70	187.478				56
71	188.412				92
72	187.794				67
73	187.215				60
74	188.306				111
75	188.306				75
76	187.616				58
77	188.412				80
78	187.85				91
79	187.163				49
80	187.794				56
81	186.823				65
82	188.163				83
83	188.306				105
84	187.85				61
85	188.412				79
86	186.616				57
87	187.85				46
88	187.85				98
89	188.412				60
90	186.85				55
91	187.64				66
92	187.64				53
93	187.501				60
94	188.306				60
95	189		189		56
96	188.412				69
97	188.412				57
98	187.85				67
99	186.616				51
100	187.412				35


---------------------------------------------------
Best fitness      : 190 ( test# 19)
Best solution sum : 190 ( test# 19)
Shortest time     : 35 ( test# 100)

Average fitness   : 187.852
Average sol. sum  : 189.714
Average time      : 70.8
