****************** GA TEST *******************

total test#:			 100
hexa min width:			 3
hexa max width:			 5
hexa count:			 19
number count:			 54
population size:		 150
generation size:		 60

tournament winner p:		 1
do xover p:			 1
xover:				 2points
do mutation1 p:			 0.1
mutation1 p:			 0.05
do optimize p:			 1
local optimize count:		 6000
do deep better optimize p:	 1
do deep worse optimize p:	 0
do spin p:			 0
spin count:			 1000
do spin apply p:		 1
do mutation2 p:			 0.12
mutation2 p:			 0.08
force mutation2:		 0
replace bad p:			 0.195

converge rate p:		 0.99
converge count:			 5

**********************************************


===================[TEST 1]===================

##### START ##### Thu May 22 10:32:00 2003



##### CONVERGE ##### Thu May 22 10:33:44 2003

Elapsed time: 104 seconds
Total loop: 152 generations

Result : 187.478

4 8 39 50 52 37 17 10 53 21 9 51 34 22 5 38 46 13 40 25 36 15 49 31 11 1 20 43 42 23 26 30 33 16 41 45 6 18 3 32 48 35 28 54 29 47 12 24 7 44 2 27 19 14 

 4 8 39 50 52 37	 => 190
 17 37 52 10 53 21	 => 190
 9 21 53 51 34 22	 => 190
 39 5 38 46 13 50	 => 191
 52 50 13 40 25 10	 => 190
 53 10 25 36 15 51	 => 190
 34 51 15 49 31 11	 => 191
 38 1 20 43 42 46	 => 190
 13 46 42 23 26 40	 => 190
 25 40 26 30 33 36	 => 190
 15 36 33 16 41 49	 => 190
 31 49 41 45 6 18	 => 190
 42 43 3 32 48 23	 => 191
 26 23 48 35 28 30	 => 190
 33 30 28 54 29 16	 => 190
 41 16 29 47 12 45	 => 190
 48 32 24 7 44 35	 => 190
 28 35 44 2 27 54	 => 190
 29 54 27 19 14 47	 => 190


===================[TEST 2]===================

##### START ##### Thu May 22 10:33:44 2003



##### CONVERGE ##### Thu May 22 10:34:54 2003

Elapsed time: 70 seconds
Total loop: 102 generations

Result : 187.215

8 24 36 52 41 29 2 23 53 43 4 50 28 12 5 25 54 18 30 26 22 16 51 42 3 21 7 45 38 6 44 34 35 17 49 37 1 11 14 48 39 40 27 31 46 32 9 10 20 33 13 47 15 19 

 8 24 36 52 41 29	 => 190
 2 29 41 23 53 43	 => 191
 4 43 53 50 28 12	 => 190
 36 5 25 54 18 52	 => 190
 41 52 18 30 26 23	 => 190
 53 23 26 22 16 50	 => 190
 28 50 16 51 42 3	 => 190
 25 21 7 45 38 54	 => 190
 18 54 38 6 44 30	 => 190
 26 30 44 34 35 22	 => 191
 16 22 35 17 49 51	 => 190
 42 51 49 37 1 11	 => 191
 38 45 14 48 39 6	 => 190
 44 6 39 40 27 34	 => 190
 35 34 27 31 46 17	 => 190
 49 17 46 32 9 37	 => 190
 39 48 10 20 33 40	 => 190
 27 40 33 13 47 31	 => 191
 46 31 47 15 19 32	 => 190


===================[TEST 3]===================

##### START ##### Thu May 22 10:34:54 2003



##### CONVERGE ##### Thu May 22 10:36:14 2003

Elapsed time: 80 seconds
Total loop: 116 generations

Result : 187.64

8 3 40 46 44 49 4 11 48 34 2 53 43 9 6 38 41 19 37 33 23 22 50 21 1 30 13 26 42 18 32 36 29 15 51 47 5 16 24 28 52 35 17 54 39 31 7 10 20 45 12 27 14 25 

 8 3 40 46 44 49	 => 190
 4 49 44 11 48 34	 => 190
 2 34 48 53 43 9	 => 189
 40 6 38 41 19 46	 => 190
 44 46 19 37 33 11	 => 190
 48 11 33 23 22 53	 => 190
 43 53 22 50 21 1	 => 190
 38 30 13 26 42 41	 => 190
 19 41 42 18 32 37	 => 189
 33 37 32 36 29 23	 => 190
 22 23 29 15 51 50	 => 190
 21 50 51 47 5 16	 => 190
 42 26 24 28 52 18	 => 190
 32 18 52 35 17 36	 => 190
 29 36 17 54 39 15	 => 190
 51 15 39 31 7 47	 => 190
 52 28 10 20 45 35	 => 190
 17 35 45 12 27 54	 => 190
 39 54 27 14 25 31	 => 190


===================[TEST 4]===================

##### START ##### Thu May 22 10:36:14 2003



##### CONVERGE ##### Thu May 22 10:37:33 2003

Elapsed time: 79 seconds
Total loop: 115 generations

Result : 188.306

21 8 35 42 53 31 7 22 52 25 12 43 41 17 2 33 49 29 20 24 34 15 51 39 1 11 3 46 48 6 38 47 27 13 50 36 10 4 23 30 37 44 18 40 45 32 14 9 16 54 5 28 26 19 

 21 8 35 42 53 31	 => 190
 7 31 53 22 52 25	 => 190
 12 25 52 43 41 17	 => 190
 35 2 33 49 29 42	 => 190
 53 42 29 20 24 22	 => 190
 52 22 24 34 15 43	 => 190
 41 43 15 51 39 1	 => 190
 33 11 3 46 48 49	 => 190
 29 49 48 6 38 20	 => 190
 24 20 38 47 27 34	 => 190
 15 34 27 13 50 51	 => 190
 39 51 50 36 10 4	 => 190
 48 46 23 30 37 6	 => 190
 38 6 37 44 18 47	 => 190
 27 47 18 40 45 13	 => 190
 50 13 45 32 14 36	 => 190
 37 30 9 16 54 44	 => 190
 18 44 54 5 28 40	 => 189
 45 40 28 26 19 32	 => 190


===================[TEST 5]===================

##### START ##### Thu May 22 10:37:33 2003



##### CONVERGE ##### Thu May 22 10:38:50 2003

Elapsed time: 77 seconds
Total loop: 113 generations

Result : 187.85

31 13 27 49 38 32 4 22 48 46 20 37 30 9 15 36 51 12 28 41 24 18 52 53 1 7 8 34 54 16 29 33 35 21 40 23 3 19 2 39 45 43 25 26 50 42 14 10 6 47 5 44 11 17 

 31 13 27 49 38 32	 => 190
 4 32 38 22 48 46	 => 190
 20 46 48 37 30 9	 => 190
 27 15 36 51 12 49	 => 190
 38 49 12 28 41 22	 => 190
 48 22 41 24 18 37	 => 190
 30 37 18 52 53 1	 => 191
 36 7 8 34 54 51	 => 190
 12 51 54 16 29 28	 => 190
 41 28 29 33 35 24	 => 190
 18 24 35 21 40 52	 => 190
 53 52 40 23 3 19	 => 190
 54 34 2 39 45 16	 => 190
 29 16 45 43 25 33	 => 191
 35 33 25 26 50 21	 => 190
 40 21 50 42 14 23	 => 190
 45 39 10 6 47 43	 => 190
 25 43 47 5 44 26	 => 190
 50 26 44 11 17 42	 => 190


===================[TEST 6]===================

##### START ##### Thu May 22 10:38:50 2003



##### CONVERGE ##### Thu May 22 10:40:15 2003

Elapsed time: 85 seconds
Total loop: 125 generations

Result : 188.306

6 2 54 53 49 26 19 11 52 33 16 43 41 5 7 29 39 8 47 22 42 20 40 37 9 15 27 34 46 18 32 23 24 28 36 48 25 3 10 31 51 45 21 50 44 30 4 12 13 38 1 35 14 17 

 6 2 54 53 49 26	 => 190
 19 26 49 11 52 33	 => 190
 16 33 52 43 41 5	 => 190
 54 7 29 39 8 53	 => 190
 49 53 8 47 22 11	 => 190
 52 11 22 42 20 43	 => 190
 41 43 20 40 37 9	 => 190
 29 15 27 34 46 39	 => 190
 8 39 46 18 32 47	 => 190
 22 47 32 23 24 42	 => 190
 20 42 24 28 36 40	 => 190
 37 40 36 48 25 3	 => 189
 46 34 10 31 51 18	 => 190
 32 18 51 45 21 23	 => 190
 24 23 21 50 44 28	 => 190
 36 28 44 30 4 48	 => 190
 51 31 12 13 38 45	 => 190
 21 45 38 1 35 50	 => 190
 44 50 35 14 17 30	 => 190


===================[TEST 7]===================

##### START ##### Thu May 22 10:40:15 2003



##### CONVERGE ##### Thu May 22 10:41:28 2003

Elapsed time: 73 seconds
Total loop: 106 generations

Result : 188.412

13 7 32 45 49 44 1 15 53 28 4 37 51 17 5 42 41 25 26 30 34 21 40 33 8 3 27 31 46 14 38 19 43 23 29 54 16 18 11 36 52 47 20 50 35 39 10 22 9 24 2 48 12 6 

 13 7 32 45 49 44	 => 190
 1 44 49 15 53 28	 => 190
 4 28 53 37 51 17	 => 190
 32 5 42 41 25 45	 => 190
 49 45 25 26 30 15	 => 190
 53 15 30 34 21 37	 => 190
 51 37 21 40 33 8	 => 190
 42 3 27 31 46 41	 => 190
 25 41 46 14 38 26	 => 190
 30 26 38 19 43 34	 => 190
 21 34 43 23 29 40	 => 190
 33 40 29 54 16 18	 => 190
 46 31 11 36 52 14	 => 190
 38 14 52 47 20 19	 => 190
 43 19 20 50 35 23	 => 190
 29 23 35 39 10 54	 => 190
 52 36 22 9 24 47	 => 190
 20 47 24 2 48 50	 => 191
 35 50 48 12 6 39	 => 190


===================[TEST 8]===================

##### START ##### Thu May 22 10:41:28 2003



##### CONVERGE ##### Thu May 22 10:42:33 2003

Elapsed time: 65 seconds
Total loop: 95 generations

Result : 187.85

19 11 31 51 42 36 17 27 44 24 25 48 41 8 18 33 47 10 38 22 29 21 50 28 2 4 3 54 49 14 32 39 30 15 45 35 13 20 7 23 43 46 16 53 37 52 6 26 12 40 1 34 9 5 

 19 11 31 51 42 36	 => 190
 17 36 42 27 44 24	 => 190
 25 24 44 48 41 8	 => 190
 31 18 33 47 10 51	 => 190
 42 51 10 38 22 27	 => 190
 44 27 22 29 21 48	 => 191
 41 48 21 50 28 2	 => 190
 33 4 3 54 49 47	 => 190
 10 47 49 14 32 38	 => 190
 22 38 32 39 30 29	 => 190
 21 29 30 15 45 50	 => 190
 28 50 45 35 13 20	 => 191
 49 54 7 23 43 14	 => 190
 32 14 43 46 16 39	 => 190
 30 39 16 53 37 15	 => 190
 45 15 37 52 6 35	 => 190
 43 23 26 12 40 46	 => 190
 16 46 40 1 34 53	 => 190
 37 53 34 9 5 52	 => 190


===================[TEST 9]===================

##### START ##### Thu May 22 10:42:33 2003



##### CONVERGE ##### Thu May 22 10:44:31 2003

Elapsed time: 118 seconds
Total loop: 172 generations

Result : 188.412

23 12 38 43 54 20 1 14 50 51 5 53 24 7 4 44 46 15 35 29 31 13 49 41 11 9 16 28 47 22 25 34 36 21 40 48 10 2 6 42 45 37 27 39 33 30 18 8 26 32 3 52 19 17 

 23 12 38 43 54 20	 => 190
 1 20 54 14 50 51	 => 190
 5 51 50 53 24 7	 => 190
 38 4 44 46 15 43	 => 190
 54 43 15 35 29 14	 => 190
 50 14 29 31 13 53	 => 190
 24 53 13 49 41 11	 => 191
 44 9 16 28 47 46	 => 190
 15 46 47 22 25 35	 => 190
 29 35 25 34 36 31	 => 190
 13 31 36 21 40 49	 => 190
 41 49 40 48 10 2	 => 190
 47 28 6 42 45 22	 => 190
 25 22 45 37 27 34	 => 190
 36 34 27 39 33 21	 => 190
 40 21 33 30 18 48	 => 190
 45 42 8 26 32 37	 => 190
 27 37 32 3 52 39	 => 190
 33 39 52 19 17 30	 => 190


===================[TEST 10]===================

##### START ##### Thu May 22 10:44:31 2003



##### CONVERGE ##### Thu May 22 10:45:47 2003

Elapsed time: 76 seconds
Total loop: 111 generations

Result : 187.412

17 15 35 39 53 30 12 24 47 23 19 46 40 14 8 44 45 18 27 29 38 5 51 37 10 11 9 48 32 31 36 33 26 20 49 21 3 28 2 34 42 43 4 54 52 41 6 7 13 50 22 16 25 1 

 17 15 35 39 53 30	 => 189
 12 30 53 24 47 23	 => 189
 19 23 47 46 40 14	 => 189
 35 8 44 45 18 39	 => 189
 53 39 18 27 29 24	 => 190
 47 24 29 38 5 46	 => 189
 40 46 5 51 37 10	 => 189
 44 11 9 48 32 45	 => 189
 18 45 32 31 36 27	 => 189
 29 27 36 33 26 38	 => 189
 5 38 26 20 49 51	 => 189
 37 51 49 21 3 28	 => 189
 32 48 2 34 42 31	 => 189
 36 31 42 43 4 33	 => 189
 26 33 4 54 52 20	 => 189
 49 20 52 41 6 21	 => 189
 42 34 7 13 50 43	 => 189
 4 43 50 22 16 54	 => 189
 52 54 16 25 1 41	 => 189


===================[TEST 11]===================

##### START ##### Thu May 22 10:45:47 2003



##### CONVERGE ##### Thu May 22 10:47:29 2003

Elapsed time: 102 seconds
Total loop: 149 generations

Result : 188.412

7 20 28 54 40 41 5 29 36 39 27 43 22 23 9 34 52 13 30 24 42 17 47 46 15 11 18 25 50 19 26 37 31 21 32 48 1 16 14 33 49 53 6 44 51 35 3 8 2 45 4 38 12 10 

 7 20 28 54 40 41	 => 190
 5 41 40 29 36 39	 => 190
 27 39 36 43 22 23	 => 190
 28 9 34 52 13 54	 => 190
 40 54 13 30 24 29	 => 190
 36 29 24 42 17 43	 => 191
 22 43 17 47 46 15	 => 190
 34 11 18 25 50 52	 => 190
 13 52 50 19 26 30	 => 190
 24 30 26 37 31 42	 => 190
 17 42 31 21 32 47	 => 190
 46 47 32 48 1 16	 => 190
 50 25 14 33 49 19	 => 190
 26 19 49 53 6 37	 => 190
 31 37 6 44 51 21	 => 190
 32 21 51 35 3 48	 => 190
 49 33 8 2 45 53	 => 190
 6 53 45 4 38 44	 => 190
 51 44 38 12 10 35	 => 190


===================[TEST 12]===================

##### START ##### Thu May 22 10:47:29 2003



##### CONVERGE ##### Thu May 22 10:48:51 2003

Elapsed time: 82 seconds
Total loop: 120 generations

Result : 187.85

23 3 35 49 53 27 7 24 42 37 16 48 41 6 12 32 43 19 28 17 38 21 29 47 4 10 8 46 51 15 34 40 33 18 52 44 5 13 2 31 45 36 20 54 25 50 1 26 22 30 11 39 14 9 

 23 3 35 49 53 27	 => 190
 7 27 53 24 42 37	 => 190
 16 37 42 48 41 6	 => 190
 35 12 32 43 19 49	 => 190
 53 49 19 28 17 24	 => 190
 42 24 17 38 21 48	 => 190
 41 48 21 29 47 4	 => 190
 32 10 8 46 51 43	 => 190
 19 43 51 15 34 28	 => 190
 17 28 34 40 33 38	 => 190
 21 38 33 18 52 29	 => 191
 47 29 52 44 5 13	 => 190
 51 46 2 31 45 15	 => 190
 34 15 45 36 20 40	 => 190
 33 40 20 54 25 18	 => 190
 52 18 25 50 1 44	 => 190
 45 31 26 22 30 36	 => 190
 20 36 30 11 39 54	 => 190
 25 54 39 14 9 50	 => 191


===================[TEST 13]===================

##### START ##### Thu May 22 10:48:51 2003



##### CONVERGE ##### Thu May 22 10:50:19 2003

Elapsed time: 88 seconds
Total loop: 128 generations

Result : 187.794

22 10 30 43 46 40 1 17 48 38 13 45 35 12 7 33 53 25 31 29 36 16 51 41 3 15 4 42 44 11 27 28 39 2 47 37 9 6 5 34 54 50 21 52 49 32 23 8 19 26 18 24 20 14 

 22 10 30 43 46 40	 => 191
 1 40 46 17 48 38	 => 190
 13 38 48 45 35 12	 => 191
 30 7 33 53 25 43	 => 191
 46 43 25 31 29 17	 => 191
 48 17 29 36 16 45	 => 191
 35 45 16 51 41 3	 => 191
 33 15 4 42 44 53	 => 191
 25 53 44 11 27 31	 => 191
 29 31 27 28 39 36	 => 190
 16 36 39 2 47 51	 => 191
 41 51 47 37 9 6	 => 191
 44 42 5 34 54 11	 => 190
 27 11 54 50 21 28	 => 191
 39 28 21 52 49 2	 => 191
 47 2 49 32 23 37	 => 190
 54 34 8 19 26 50	 => 191
 21 50 26 18 24 52	 => 191
 49 52 24 20 14 32	 => 191


===================[TEST 14]===================

##### START ##### Thu May 22 10:50:19 2003



##### CONVERGE ##### Thu May 22 10:51:51 2003

Elapsed time: 92 seconds
Total loop: 135 generations

Result : 187.478

13 1 44 43 47 42 7 21 35 38 31 49 28 9 2 34 48 19 22 39 32 14 41 46 12 6 3 45 54 18 30 40 27 23 53 29 16 5 11 26 36 51 15 33 52 25 8 10 17 50 4 37 20 24 

 13 1 44 43 47 42	 => 190
 7 42 47 21 35 38	 => 190
 31 38 35 49 28 9	 => 190
 44 2 34 48 19 43	 => 190
 47 43 19 22 39 21	 => 191
 35 21 39 32 14 49	 => 190
 28 49 14 41 46 12	 => 190
 34 6 3 45 54 48	 => 190
 19 48 54 18 30 22	 => 191
 39 22 30 40 27 32	 => 190
 14 32 27 23 53 41	 => 190
 46 41 53 29 16 5	 => 190
 54 45 11 26 36 18	 => 190
 30 18 36 51 15 40	 => 190
 27 40 15 33 52 23	 => 190
 53 23 52 25 8 29	 => 190
 36 26 10 17 50 51	 => 190
 15 51 50 4 37 33	 => 190
 52 33 37 20 24 25	 => 191


===================[TEST 15]===================

##### START ##### Thu May 22 10:51:51 2003



##### CONVERGE ##### Thu May 22 10:53:13 2003

Elapsed time: 82 seconds
Total loop: 119 generations

Result : 187.85

1 12 29 49 52 47 6 15 38 33 26 51 28 14 24 34 44 10 23 41 27 18 40 50 3 22 5 31 54 25 35 19 45 21 39 37 13 11 8 30 42 53 16 46 43 48 2 20 9 36 7 32 4 17 

 1 12 29 49 52 47	 => 190
 6 47 52 15 38 33	 => 191
 26 33 38 51 28 14	 => 190
 29 24 34 44 10 49	 => 190
 52 49 10 23 41 15	 => 190
 38 15 41 27 18 51	 => 190
 28 51 18 40 50 3	 => 190
 34 22 5 31 54 44	 => 190
 10 44 54 25 35 23	 => 191
 41 23 35 19 45 27	 => 190
 18 27 45 21 39 40	 => 190
 50 40 39 37 13 11	 => 190
 54 31 8 30 42 25	 => 190
 35 25 42 53 16 19	 => 190
 45 19 16 46 43 21	 => 190
 39 21 43 48 2 37	 => 190
 42 30 20 9 36 53	 => 190
 16 53 36 7 32 46	 => 190
 43 46 32 4 17 48	 => 190


===================[TEST 16]===================

##### START ##### Thu May 22 10:53:13 2003



##### CONVERGE ##### Thu May 22 10:53:57 2003

Elapsed time: 44 seconds
Total loop: 65 generations

Result : 186.85

7 16 46 52 48 20 23 9 44 45 1 49 47 3 2 35 42 12 37 31 39 17 30 38 8 4 21 33 54 29 15 24 43 10 50 32 25 14 6 27 40 53 28 34 51 41 5 22 11 36 13 26 19 18 

 7 16 46 52 48 20	 => 189
 23 20 48 9 44 45	 => 189
 1 45 44 49 47 3	 => 189
 46 2 35 42 12 52	 => 189
 48 52 12 37 31 9	 => 189
 44 9 31 39 17 49	 => 189
 47 49 17 30 38 8	 => 189
 35 4 21 33 54 42	 => 189
 12 42 54 29 15 37	 => 189
 31 37 15 24 43 39	 => 189
 17 39 43 10 50 30	 => 189
 38 30 50 32 25 14	 => 189
 54 33 6 27 40 29	 => 189
 15 29 40 53 28 24	 => 189
 43 24 28 34 51 10	 => 190
 50 10 51 41 5 32	 => 189
 40 27 22 11 36 53	 => 189
 28 53 36 13 26 34	 => 190
 51 34 26 19 18 41	 => 189


===================[TEST 17]===================

##### START ##### Thu May 22 10:53:57 2003



##### CONVERGE ##### Thu May 22 10:55:06 2003

Elapsed time: 69 seconds
Total loop: 100 generations

Result : 187.85

9 21 30 52 42 36 19 18 49 26 20 48 46 1 3 43 38 24 31 23 45 7 54 33 2 16 13 27 53 12 32 37 22 29 34 40 14 15 8 39 51 41 17 50 35 47 5 25 6 28 10 44 11 4 

 9 21 30 52 42 36	 => 190
 19 36 42 18 49 26	 => 190
 20 26 49 48 46 1	 => 190
 30 3 43 38 24 52	 => 190
 42 52 24 31 23 18	 => 190
 49 18 23 45 7 48	 => 190
 46 48 7 54 33 2	 => 190
 43 16 13 27 53 38	 => 190
 24 38 53 12 32 31	 => 190
 23 31 32 37 22 45	 => 190
 7 45 22 29 34 54	 => 191
 33 54 34 40 14 15	 => 190
 53 27 8 39 51 12	 => 190
 32 12 51 41 17 37	 => 190
 22 37 17 50 35 29	 => 190
 34 29 35 47 5 40	 => 190
 51 39 25 6 28 41	 => 190
 17 41 28 10 44 50	 => 190
 35 50 44 11 4 47	 => 191


===================[TEST 18]===================

##### START ##### Thu May 22 10:55:06 2003



##### CONVERGE ##### Thu May 22 10:56:05 2003

Elapsed time: 59 seconds
Total loop: 86 generations

Result : 187.85

17 22 39 40 45 27 7 31 26 54 4 49 41 16 9 32 51 20 30 24 36 25 33 37 5 8 14 38 47 13 29 48 23 21 52 35 15 18 2 44 46 43 11 34 53 28 1 3 12 42 10 50 6 19 

 17 22 39 40 45 27	 => 190
 7 27 45 31 26 54	 => 190
 4 54 26 49 41 16	 => 190
 39 9 32 51 20 40	 => 191
 45 40 20 30 24 31	 => 190
 26 31 24 36 25 49	 => 191
 41 49 25 33 37 5	 => 190
 32 8 14 38 47 51	 => 190
 20 51 47 13 29 30	 => 190
 24 30 29 48 23 36	 => 190
 25 36 23 21 52 33	 => 190
 37 33 52 35 15 18	 => 190
 47 38 2 44 46 13	 => 190
 29 13 46 43 11 48	 => 190
 23 48 11 34 53 21	 => 190
 52 21 53 28 1 35	 => 190
 46 44 3 12 42 43	 => 190
 11 43 42 10 50 34	 => 190
 53 34 50 6 19 28	 => 190


===================[TEST 19]===================

##### START ##### Thu May 22 10:56:05 2003



##### CONVERGE ##### Thu May 22 10:57:09 2003

Elapsed time: 64 seconds
Total loop: 93 generations

Result : 187.85

23 4 44 54 39 26 13 22 51 40 6 34 50 10 3 31 49 9 46 20 35 28 43 33 2 15 17 36 42 12 32 27 30 16 38 37 21 18 1 47 52 48 19 45 53 41 5 11 7 25 24 29 8 14 

 23 4 44 54 39 26	 => 190
 13 26 39 22 51 40	 => 191
 6 40 51 34 50 10	 => 191
 44 3 31 49 9 54	 => 190
 39 54 9 46 20 22	 => 190
 51 22 20 35 28 34	 => 190
 50 34 28 43 33 2	 => 190
 31 15 17 36 42 49	 => 190
 9 49 42 12 32 46	 => 190
 20 46 32 27 30 35	 => 190
 28 35 30 16 38 43	 => 190
 33 43 38 37 21 18	 => 190
 42 36 1 47 52 12	 => 190
 32 12 52 48 19 27	 => 190
 30 27 19 45 53 16	 => 190
 38 16 53 41 5 37	 => 190
 52 47 11 7 25 48	 => 190
 19 48 25 24 29 45	 => 190
 53 45 29 8 14 41	 => 190


===================[TEST 20]===================

##### START ##### Thu May 22 10:57:09 2003



##### CONVERGE ##### Thu May 22 10:58:28 2003

Elapsed time: 79 seconds
Total loop: 116 generations

Result : 187.501

10 14 30 50 45 41 6 11 52 36 15 47 38 2 1 37 54 19 27 39 26 16 51 34 5 17 3 35 44 24 23 29 46 20 32 31 25 18 7 28 53 49 13 40 43 42 22 4 9 48 8 33 21 12 

 10 14 30 50 45 41	 => 190
 6 41 45 11 52 36	 => 191
 15 36 52 47 38 2	 => 190
 30 1 37 54 19 50	 => 191
 45 50 19 27 39 11	 => 191
 52 11 39 26 16 47	 => 191
 38 47 16 51 34 5	 => 191
 37 17 3 35 44 54	 => 190
 19 54 44 24 23 27	 => 191
 39 27 23 29 46 26	 => 190
 16 26 46 20 32 51	 => 191
 34 51 32 31 25 18	 => 191
 44 35 7 28 53 24	 => 191
 23 24 53 49 13 29	 => 191
 46 29 13 40 43 20	 => 191
 32 20 43 42 22 31	 => 190
 53 28 4 9 48 49	 => 191
 13 49 48 8 33 40	 => 191
 43 40 33 21 12 42	 => 191


===================[TEST 21]===================

##### START ##### Thu May 22 10:58:28 2003



##### CONVERGE ##### Thu May 22 10:59:22 2003

Elapsed time: 54 seconds
Total loop: 78 generations

Result : 186.478

14 5 32 45 40 53 13 9 27 47 25 50 21 19 12 41 51 8 33 54 20 30 46 39 3 11 1 49 37 29 31 28 23 26 44 35 10 15 2 24 48 36 17 52 43 34 7 22 18 42 4 38 16 6 

 14 5 32 45 40 53	 => 189
 13 53 40 9 27 47	 => 189
 25 47 27 50 21 19	 => 189
 32 12 41 51 8 45	 => 189
 40 45 8 33 54 9	 => 189
 27 9 54 20 30 50	 => 190
 21 50 30 46 39 3	 => 189
 41 11 1 49 37 51	 => 190
 8 51 37 29 31 33	 => 189
 54 33 31 28 23 20	 => 189
 30 20 23 26 44 46	 => 189
 39 46 44 35 10 15	 => 189
 37 49 2 24 48 29	 => 189
 31 29 48 36 17 28	 => 189
 23 28 17 52 43 26	 => 189
 44 26 43 34 7 35	 => 189
 48 24 22 18 42 36	 => 190
 17 36 42 4 38 52	 => 189
 43 52 38 16 6 34	 => 189


===================[TEST 22]===================

##### START ##### Thu May 22 10:59:22 2003



##### CONVERGE ##### Thu May 22 11:00:24 2003

Elapsed time: 62 seconds
Total loop: 91 generations

Result : 187.027

4 17 44 40 48 37 11 24 28 43 23 50 33 13 9 32 53 12 36 31 38 19 51 27 10 2 8 41 54 14 21 35 30 18 34 52 20 6 3 29 49 45 26 42 39 47 1 5 16 46 7 25 15 22 

 4 17 44 40 48 37	 => 190
 11 37 48 24 28 43	 => 191
 23 43 28 50 33 13	 => 190
 44 9 32 53 12 40	 => 190
 48 40 12 36 31 24	 => 191
 28 24 31 38 19 50	 => 190
 33 50 19 51 27 10	 => 190
 32 2 8 41 54 53	 => 190
 12 53 54 14 21 36	 => 190
 31 36 21 35 30 38	 => 191
 19 38 30 18 34 51	 => 190
 27 51 34 52 20 6	 => 190
 54 41 3 29 49 14	 => 190
 21 14 49 45 26 35	 => 190
 30 35 26 42 39 18	 => 190
 34 18 39 47 1 52	 => 191
 49 29 5 16 46 45	 => 190
 26 45 46 7 25 42	 => 191
 39 42 25 15 22 47	 => 190


===================[TEST 23]===================

##### START ##### Thu May 22 11:00:24 2003



##### CONVERGE ##### Thu May 22 11:01:33 2003

Elapsed time: 69 seconds
Total loop: 101 generations

Result : 187.616

17 13 25 42 54 39 6 12 51 28 2 47 36 26 16 49 53 5 48 29 27 24 35 44 3 4 7 45 32 19 33 31 22 30 52 34 15 10 11 37 46 41 20 38 50 23 1 14 9 43 8 40 21 18 

 17 13 25 42 54 39	 => 190
 6 39 54 12 51 28	 => 190
 2 28 51 47 36 26	 => 190
 25 16 49 53 5 42	 => 190
 54 42 5 48 29 12	 => 190
 51 12 29 27 24 47	 => 190
 36 47 24 35 44 3	 => 189
 49 4 7 45 32 53	 => 190
 5 53 32 19 33 48	 => 190
 29 48 33 31 22 27	 => 190
 24 27 22 30 52 35	 => 190
 44 35 52 34 15 10	 => 190
 32 45 11 37 46 19	 => 190
 33 19 46 41 20 31	 => 190
 22 31 20 38 50 30	 => 191
 52 30 50 23 1 34	 => 190
 46 37 14 9 43 41	 => 190
 20 41 43 8 40 38	 => 190
 50 38 40 21 18 23	 => 190


===================[TEST 24]===================

##### START ##### Thu May 22 11:01:33 2003



##### CONVERGE ##### Thu May 22 11:02:38 2003

Elapsed time: 65 seconds
Total loop: 95 generations

Result : 187.478

17 8 37 52 30 46 5 26 50 33 11 54 38 4 6 32 47 16 42 24 25 12 45 34 7 13 23 39 36 28 21 29 49 19 40 51 2 18 3 41 43 48 22 44 27 53 1 14 9 35 10 31 20 15 

 17 8 37 52 30 46	 => 190
 5 46 30 26 50 33	 => 190
 11 33 50 54 38 4	 => 190
 37 6 32 47 16 52	 => 190
 30 52 16 42 24 26	 => 190
 50 26 24 25 12 54	 => 191
 38 54 12 45 34 7	 => 190
 32 13 23 39 36 47	 => 190
 16 47 36 28 21 42	 => 190
 24 42 21 29 49 25	 => 190
 12 25 49 19 40 45	 => 190
 34 45 40 51 2 18	 => 190
 36 39 3 41 43 28	 => 190
 21 28 43 48 22 29	 => 191
 49 29 22 44 27 19	 => 190
 40 19 27 53 1 51	 => 191
 43 41 14 9 35 48	 => 190
 22 48 35 10 31 44	 => 190
 27 44 31 20 15 53	 => 190


===================[TEST 25]===================

##### START ##### Thu May 22 11:02:38 2003



##### CONVERGE ##### Thu May 22 11:04:01 2003

Elapsed time: 83 seconds
Total loop: 121 generations

Result : 187.412

27 7 28 48 50 29 10 13 43 44 14 52 35 1 18 31 49 15 17 46 32 3 41 53 5 6 16 36 51 23 34 20 40 26 47 25 19 4 9 33 37 54 21 45 38 42 11 24 2 39 8 22 30 12 

 27 7 28 48 50 29	 => 189
 10 29 50 13 43 44	 => 189
 14 44 43 52 35 1	 => 189
 28 18 31 49 15 48	 => 189
 50 48 15 17 46 13	 => 189
 43 13 46 32 3 52	 => 189
 35 52 3 41 53 5	 => 189
 31 6 16 36 51 49	 => 189
 15 49 51 23 34 17	 => 189
 46 17 34 20 40 32	 => 189
 3 32 40 26 47 41	 => 189
 53 41 47 25 19 4	 => 189
 51 36 9 33 37 23	 => 189
 34 23 37 54 21 20	 => 189
 40 20 21 45 38 26	 => 190
 47 26 38 42 11 25	 => 189
 37 33 24 2 39 54	 => 189
 21 54 39 8 22 45	 => 189
 38 45 22 30 12 42	 => 189


===================[TEST 26]===================

##### START ##### Thu May 22 11:04:01 2003



##### CONVERGE ##### Thu May 22 11:06:17 2003

Elapsed time: 136 seconds
Total loop: 199 generations

Result : 187.794

19 17 37 51 32 35 9 24 43 48 7 42 45 6 2 36 54 11 39 34 33 15 49 38 1 8 20 27 46 13 28 30 26 21 47 25 14 18 10 50 44 53 22 40 52 41 5 12 3 29 16 31 23 4 

 19 17 37 51 32 35	 => 191
 9 35 32 24 43 48	 => 191
 7 48 43 42 45 6	 => 191
 37 2 36 54 11 51	 => 191
 32 51 11 39 34 24	 => 191
 43 24 34 33 15 42	 => 191
 45 42 15 49 38 1	 => 190
 36 8 20 27 46 54	 => 191
 11 54 46 13 28 39	 => 191
 34 39 28 30 26 33	 => 190
 15 33 26 21 47 49	 => 191
 38 49 47 25 14 18	 => 191
 46 27 10 50 44 13	 => 190
 28 13 44 53 22 30	 => 190
 26 30 22 40 52 21	 => 191
 47 21 52 41 5 25	 => 191
 44 50 12 3 29 53	 => 191
 22 53 29 16 31 40	 => 191
 52 40 31 23 4 41	 => 191


===================[TEST 27]===================

##### START ##### Thu May 22 11:06:17 2003



##### CONVERGE ##### Thu May 22 11:08:19 2003

Elapsed time: 122 seconds
Total loop: 179 generations

Result : 188.412

26 12 38 42 49 23 19 25 30 44 6 48 40 22 17 33 51 9 36 29 43 15 53 31 3 8 11 35 52 24 18 37 27 13 39 45 20 2 4 28 47 50 14 46 54 32 7 10 21 34 5 41 16 1 

 26 12 38 42 49 23	 => 190
 19 23 49 25 30 44	 => 190
 6 44 30 48 40 22	 => 190
 38 17 33 51 9 42	 => 190
 49 42 9 36 29 25	 => 190
 30 25 29 43 15 48	 => 190
 40 48 15 53 31 3	 => 190
 33 8 11 35 52 51	 => 190
 9 51 52 24 18 36	 => 190
 29 36 18 37 27 43	 => 190
 15 43 27 13 39 53	 => 190
 31 53 39 45 20 2	 => 190
 52 35 4 28 47 24	 => 190
 18 24 47 50 14 37	 => 190
 27 37 14 46 54 13	 => 191
 39 13 54 32 7 45	 => 190
 47 28 10 21 34 50	 => 190
 14 50 34 5 41 46	 => 190
 54 46 41 16 1 32	 => 190


===================[TEST 28]===================

##### START ##### Thu May 22 11:08:19 2003



##### CONVERGE ##### Thu May 22 11:09:16 2003

Elapsed time: 57 seconds
Total loop: 83 generations

Result (Solution) : 189

5 20 51 35 46 32 10 14 54 33 13 29 37 23 2 49 31 21 43 30 26 36 45 41 1 3 34 25 47 19 28 38 24 6 52 22 17 12 16 40 42 44 18 50 53 48 8 15 9 39 11 27 7 4 

 5 20 51 35 46 32	 => 189
 10 32 46 14 54 33	 => 189
 13 33 54 29 37 23	 => 189
 51 2 49 31 21 35	 => 189
 46 35 21 43 30 14	 => 189
 54 14 30 26 36 29	 => 189
 37 29 36 45 41 1	 => 189
 49 3 34 25 47 31	 => 189
 21 31 47 19 28 43	 => 189
 30 43 28 38 24 26	 => 189
 36 26 24 6 52 45	 => 189
 41 45 52 22 17 12	 => 189
 47 25 16 40 42 19	 => 189
 28 19 42 44 18 38	 => 189
 24 38 18 50 53 6	 => 189
 52 6 53 48 8 22	 => 189
 42 40 15 9 39 44	 => 189
 18 44 39 11 27 50	 => 189
 53 50 27 7 4 48	 => 189


===================[TEST 29]===================

##### START ##### Thu May 22 11:09:16 2003



##### CONVERGE ##### Thu May 22 11:10:48 2003

Elapsed time: 92 seconds
Total loop: 134 generations

Result : 188.412

1 22 44 43 46 34 8 17 52 33 13 36 45 11 4 21 53 25 32 27 40 18 38 48 6 20 12 37 47 10 23 29 39 14 41 35 19 9 3 42 51 49 28 26 54 31 15 2 16 30 7 50 24 5 

 1 22 44 43 46 34	 => 190
 8 34 46 17 52 33	 => 190
 13 33 52 36 45 11	 => 190
 44 4 21 53 25 43	 => 190
 46 43 25 32 27 17	 => 190
 52 17 27 40 18 36	 => 190
 45 36 18 38 48 6	 => 191
 21 20 12 37 47 53	 => 190
 25 53 47 10 23 32	 => 190
 27 32 23 29 39 40	 => 190
 18 40 39 14 41 38	 => 190
 48 38 41 35 19 9	 => 190
 47 37 3 42 51 10	 => 190
 23 10 51 49 28 29	 => 190
 39 29 28 26 54 14	 => 190
 41 14 54 31 15 35	 => 190
 51 42 2 16 30 49	 => 190
 28 49 30 7 50 26	 => 190
 54 26 50 24 5 31	 => 190


===================[TEST 30]===================

##### START ##### Thu May 22 11:10:48 2003



##### CONVERGE ##### Thu May 22 11:12:19 2003

Elapsed time: 91 seconds
Total loop: 134 generations

Result : 188.412

28 3 40 45 50 24 1 10 52 53 7 37 30 11 5 31 43 26 25 34 35 22 38 54 9 4 23 41 48 15 33 27 36 12 47 32 6 13 16 21 49 46 20 51 44 39 17 14 18 42 2 29 8 19 

 28 3 40 45 50 24	 => 190
 1 24 50 10 52 53	 => 190
 7 53 52 37 30 11	 => 190
 40 5 31 43 26 45	 => 190
 50 45 26 25 34 10	 => 190
 52 10 34 35 22 37	 => 190
 30 37 22 38 54 9	 => 190
 31 4 23 41 48 43	 => 190
 26 43 48 15 33 25	 => 190
 34 25 33 27 36 35	 => 190
 22 35 36 12 47 38	 => 190
 54 38 47 32 6 13	 => 190
 48 41 16 21 49 15	 => 190
 33 15 49 46 20 27	 => 190
 36 27 20 51 44 12	 => 190
 47 12 44 39 17 32	 => 191
 49 21 14 18 42 46	 => 190
 20 46 42 2 29 51	 => 190
 44 51 29 8 19 39	 => 190


===================[TEST 31]===================

##### START ##### Thu May 22 11:12:19 2003



##### CONVERGE ##### Thu May 22 11:13:31 2003

Elapsed time: 72 seconds
Total loop: 105 generations

Result : 188.412

8 6 39 54 41 42 5 26 33 43 9 53 30 22 1 45 38 13 36 20 44 14 40 51 2 10 19 31 47 24 32 35 23 18 52 29 7 11 17 25 46 37 16 50 48 28 15 21 27 34 4 49 3 12 

 8 6 39 54 41 42	 => 190
 5 42 41 26 33 43	 => 190
 9 43 33 53 30 22	 => 190
 39 1 45 38 13 54	 => 190
 41 54 13 36 20 26	 => 190
 33 26 20 44 14 53	 => 190
 30 53 14 40 51 2	 => 190
 45 10 19 31 47 38	 => 190
 13 38 47 24 32 36	 => 190
 20 36 32 35 23 44	 => 190
 14 44 23 18 52 40	 => 191
 51 40 52 29 7 11	 => 190
 47 31 17 25 46 24	 => 190
 32 24 46 37 16 35	 => 190
 23 35 16 50 48 18	 => 190
 52 18 48 28 15 29	 => 190
 46 25 21 27 34 37	 => 190
 16 37 34 4 49 50	 => 190
 48 50 49 3 12 28	 => 190


===================[TEST 32]===================

##### START ##### Thu May 22 11:13:31 2003



##### CONVERGE ##### Thu May 22 11:14:26 2003

Elapsed time: 55 seconds
Total loop: 80 generations

Result : 187.85

4 8 42 54 51 31 12 5 52 40 7 53 20 18 6 27 50 11 33 36 29 15 49 44 9 22 13 35 43 19 34 28 30 21 46 39 2 10 14 32 47 37 25 41 45 23 16 24 3 48 1 38 26 17 

 4 8 42 54 51 31	 => 190
 12 31 51 5 52 40	 => 191
 7 40 52 53 20 18	 => 190
 42 6 27 50 11 54	 => 190
 51 54 11 33 36 5	 => 190
 52 5 36 29 15 53	 => 190
 20 53 15 49 44 9	 => 190
 27 22 13 35 43 50	 => 190
 11 50 43 19 34 33	 => 190
 36 33 34 28 30 29	 => 190
 15 29 30 21 46 49	 => 190
 44 49 46 39 2 10	 => 190
 43 35 14 32 47 19	 => 190
 34 19 47 37 25 28	 => 190
 30 28 25 41 45 21	 => 190
 46 21 45 23 16 39	 => 190
 47 32 24 3 48 37	 => 191
 25 37 48 1 38 41	 => 190
 45 41 38 26 17 23	 => 190


===================[TEST 33]===================

##### START ##### Thu May 22 11:14:26 2003



##### CONVERGE ##### Thu May 22 11:15:37 2003

Elapsed time: 71 seconds
Total loop: 103 generations

Result : 187.306

21 10 27 48 42 41 7 18 29 52 20 54 26 8 6 22 53 33 11 37 35 16 30 49 14 15 25 31 43 17 32 34 40 24 44 45 1 19 13 38 47 50 9 36 46 28 2 3 12 39 4 51 23 5 

 21 10 27 48 42 41	 => 189
 7 41 42 18 29 52	 => 189
 20 52 29 54 26 8	 => 189
 27 6 22 53 33 48	 => 189
 42 48 33 11 37 18	 => 189
 29 18 37 35 16 54	 => 189
 26 54 16 30 49 14	 => 189
 22 15 25 31 43 53	 => 189
 33 53 43 17 32 11	 => 189
 37 11 32 34 40 35	 => 189
 16 35 40 24 44 30	 => 189
 49 30 44 45 1 19	 => 188
 43 31 13 38 47 17	 => 189
 32 17 47 50 9 34	 => 189
 40 34 9 36 46 24	 => 189
 44 24 46 28 2 45	 => 189
 47 38 3 12 39 50	 => 189
 9 50 39 4 51 36	 => 189
 46 36 51 23 5 28	 => 189


===================[TEST 34]===================

##### START ##### Thu May 22 11:15:37 2003



##### CONVERGE ##### Thu May 22 11:16:31 2003

Elapsed time: 54 seconds
Total loop: 80 generations

Result : 185.85

17 13 25 54 38 42 4 7 50 47 19 29 31 12 11 40 52 6 32 51 15 36 45 44 3 1 5 49 41 18 39 28 24 22 46 21 23 9 10 27 43 34 26 35 53 30 16 14 33 37 8 48 2 20 

 17 13 25 54 38 42	 => 189
 4 42 38 7 50 47	 => 188
 19 47 50 29 31 12	 => 188
 25 11 40 52 6 54	 => 188
 38 54 6 32 51 7	 => 188
 50 7 51 15 36 29	 => 188
 31 29 36 45 44 3	 => 188
 40 1 5 49 41 52	 => 188
 6 52 41 18 39 32	 => 188
 51 32 39 28 24 15	 => 189
 36 15 24 22 46 45	 => 188
 44 45 46 21 23 9	 => 188
 41 49 10 27 43 18	 => 188
 39 18 43 34 26 28	 => 188
 24 28 26 35 53 22	 => 188
 46 22 53 30 16 21	 => 188
 43 27 14 33 37 34	 => 188
 26 34 37 8 48 35	 => 188
 53 35 48 2 20 30	 => 188


===================[TEST 35]===================

##### START ##### Thu May 22 11:16:31 2003



##### CONVERGE ##### Thu May 22 11:17:51 2003

Elapsed time: 80 seconds
Total loop: 116 generations

Result : 187.794

18 13 38 34 48 39 11 19 41 33 10 50 49 8 1 43 54 21 25 44 28 9 51 27 4 7 2 40 45 14 32 36 26 24 53 35 5 20 17 29 46 47 16 52 37 30 12 22 15 31 3 42 23 6 

 18 13 38 34 48 39	 => 190
 11 39 48 19 41 33	 => 191
 10 33 41 50 49 8	 => 191
 38 1 43 54 21 34	 => 191
 48 34 21 25 44 19	 => 191
 41 19 44 28 9 50	 => 191
 49 50 9 51 27 4	 => 190
 43 7 2 40 45 54	 => 191
 21 54 45 14 32 25	 => 191
 44 25 32 36 26 28	 => 191
 9 28 26 24 53 51	 => 191
 27 51 53 35 5 20	 => 191
 45 40 17 29 46 14	 => 191
 32 14 46 47 16 36	 => 191
 26 36 16 52 37 24	 => 191
 53 24 37 30 12 35	 => 191
 46 29 22 15 31 47	 => 190
 16 47 31 3 42 52	 => 191
 37 52 42 23 6 30	 => 190


===================[TEST 36]===================

##### START ##### Thu May 22 11:17:51 2003



##### CONVERGE ##### Thu May 22 11:18:57 2003

Elapsed time: 66 seconds
Total loop: 96 generations

Result : 186.64

6 28 38 41 47 29 20 18 42 33 1 51 50 12 5 40 35 30 34 19 48 11 36 37 4 8 7 54 45 14 31 24 32 13 49 39 25 3 9 23 44 53 22 52 46 27 15 10 16 43 2 17 21 26 

 6 28 38 41 47 29	 => 189
 20 29 47 18 42 33	 => 189
 1 33 42 51 50 12	 => 189
 38 5 40 35 30 41	 => 189
 47 41 30 34 19 18	 => 189
 42 18 19 48 11 51	 => 189
 50 51 11 36 37 4	 => 189
 40 8 7 54 45 35	 => 189
 30 35 45 14 31 34	 => 189
 19 34 31 24 32 48	 => 188
 11 48 32 13 49 36	 => 189
 37 36 49 39 25 3	 => 189
 45 54 9 23 44 14	 => 189
 31 14 44 53 22 24	 => 188
 32 24 22 52 46 13	 => 189
 49 13 46 27 15 39	 => 189
 44 23 10 16 43 53	 => 189
 22 53 43 2 17 52	 => 189
 46 52 17 21 26 27	 => 189


===================[TEST 37]===================

##### START ##### Thu May 22 11:18:57 2003



##### CONVERGE ##### Thu May 22 11:20:46 2003

Elapsed time: 109 seconds
Total loop: 159 generations

Result : 187.85

11 7 32 51 46 43 2 24 47 28 18 49 31 17 3 38 50 16 30 23 37 10 54 33 13 1 27 39 35 15 44 20 36 14 40 45 12 6 21 29 52 34 25 53 42 41 8 22 5 48 4 26 19 9 

 11 7 32 51 46 43	 => 190
 2 43 46 24 47 28	 => 190
 18 28 47 49 31 17	 => 190
 32 3 38 50 16 51	 => 190
 46 51 16 30 23 24	 => 190
 47 24 23 37 10 49	 => 190
 31 49 10 54 33 13	 => 190
 38 1 27 39 35 50	 => 190
 16 50 35 15 44 30	 => 190
 23 30 44 20 36 37	 => 190
 10 37 36 14 40 54	 => 191
 33 54 40 45 12 6	 => 190
 35 39 21 29 52 15	 => 191
 44 15 52 34 25 20	 => 190
 36 20 25 53 42 14	 => 190
 40 14 42 41 8 45	 => 190
 52 29 22 5 48 34	 => 190
 25 34 48 4 26 53	 => 190
 42 53 26 19 9 41	 => 190


===================[TEST 38]===================

##### START ##### Thu May 22 11:20:46 2003



##### CONVERGE ##### Thu May 22 11:21:46 2003

Elapsed time: 60 seconds
Total loop: 88 generations

Result : 187.053

17 10 40 36 38 49 4 28 41 30 12 43 48 16 19 26 51 18 39 31 33 14 52 32 1 7 20 45 42 15 25 34 27 11 53 23 24 6 3 47 37 50 29 35 54 44 5 13 21 22 8 46 9 2 

 17 10 40 36 38 49	 => 190
 4 49 38 28 41 30	 => 190
 12 30 41 43 48 16	 => 190
 40 19 26 51 18 36	 => 190
 38 36 18 39 31 28	 => 190
 41 28 31 33 14 43	 => 190
 48 43 14 52 32 1	 => 190
 26 7 20 45 42 51	 => 191
 18 51 42 15 25 39	 => 190
 31 39 25 34 27 33	 => 189
 14 33 27 11 53 52	 => 190
 32 52 53 23 24 6	 => 190
 42 45 3 47 37 15	 => 189
 25 15 37 50 29 34	 => 190
 27 34 29 35 54 11	 => 190
 53 11 54 44 5 23	 => 190
 37 47 13 21 22 50	 => 190
 29 50 22 8 46 35	 => 190
 54 35 46 9 2 44	 => 190


===================[TEST 39]===================

##### START ##### Thu May 22 11:21:46 2003



##### CONVERGE ##### Thu May 22 11:23:34 2003

Elapsed time: 108 seconds
Total loop: 158 generations

Result : 187.501

3 23 31 54 51 28 19 18 49 26 12 47 34 22 17 39 44 5 38 25 32 20 40 46 4 6 21 29 52 24 27 36 33 13 53 41 2 8 7 37 42 48 14 50 45 30 9 11 10 43 1 35 16 15 

 3 23 31 54 51 28	 => 190
 19 28 51 18 49 26	 => 191
 12 26 49 47 34 22	 => 190
 31 17 39 44 5 54	 => 190
 51 54 5 38 25 18	 => 191
 49 18 25 32 20 47	 => 191
 34 47 20 40 46 4	 => 191
 39 6 21 29 52 44	 => 191
 5 44 52 24 27 38	 => 190
 25 38 27 36 33 32	 => 191
 20 32 33 13 53 40	 => 191
 46 40 53 41 2 8	 => 190
 52 29 7 37 42 24	 => 191
 27 24 42 48 14 36	 => 191
 33 36 14 50 45 13	 => 191
 53 13 45 30 9 41	 => 191
 42 37 11 10 43 48	 => 191
 14 48 43 1 35 50	 => 191
 45 50 35 16 15 30	 => 191


===================[TEST 40]===================

##### START ##### Thu May 22 11:23:34 2003



##### CONVERGE ##### Thu May 22 11:25:00 2003

Elapsed time: 86 seconds
Total loop: 125 generations

Result : 186.616

8 19 25 44 45 48 13 3 34 47 9 52 31 16 7 51 36 26 22 49 30 21 42 39 4 20 6 35 41 37 27 18 43 15 38 53 5 12 1 46 29 54 23 50 40 33 10 17 11 32 2 28 14 24 

 8 19 25 44 45 48	 => 189
 13 48 45 3 34 47	 => 190
 9 47 34 52 31 16	 => 189
 25 7 51 36 26 44	 => 189
 45 44 26 22 49 3	 => 189
 34 3 49 30 21 52	 => 189
 31 52 21 42 39 4	 => 189
 51 20 6 35 41 36	 => 189
 26 36 41 37 27 22	 => 189
 49 22 27 18 43 30	 => 189
 21 30 43 15 38 42	 => 189
 39 42 38 53 5 12	 => 189
 41 35 1 46 29 37	 => 189
 27 37 29 54 23 18	 => 188
 43 18 23 50 40 15	 => 189
 38 15 40 33 10 53	 => 189
 29 46 17 11 32 54	 => 189
 23 54 32 2 28 50	 => 189
 40 50 28 14 24 33	 => 189


===================[TEST 41]===================

##### START ##### Thu May 22 11:25:00 2003



##### CONVERGE ##### Thu May 22 11:26:22 2003

Elapsed time: 82 seconds
Total loop: 120 generations

Result : 187.64

13 7 49 41 45 34 19 4 46 42 1 51 33 17 8 26 44 22 35 43 30 16 53 31 6 11 20 39 50 14 25 29 27 12 52 28 21 5 15 40 32 54 36 38 48 47 3 18 9 37 2 23 10 24 

 13 7 49 41 45 34	 => 189
 19 34 45 4 46 42	 => 190
 1 42 46 51 33 17	 => 190
 49 8 26 44 22 41	 => 190
 45 41 22 35 43 4	 => 190
 46 4 43 30 16 51	 => 190
 33 51 16 53 31 6	 => 190
 26 11 20 39 50 44	 => 190
 22 44 50 14 25 35	 => 190
 43 35 25 29 27 30	 => 189
 16 30 27 12 52 53	 => 190
 31 53 52 28 21 5	 => 190
 50 39 15 40 32 14	 => 190
 25 14 32 54 36 29	 => 190
 27 29 36 38 48 12	 => 190
 52 12 48 47 3 28	 => 190
 32 40 18 9 37 54	 => 190
 36 54 37 2 23 38	 => 190
 48 38 23 10 24 47	 => 190


===================[TEST 42]===================

##### START ##### Thu May 22 11:26:22 2003



##### CONVERGE ##### Thu May 22 11:27:44 2003

Elapsed time: 82 seconds
Total loop: 120 generations

Result : 187.64

14 8 48 41 40 38 2 6 54 50 10 46 26 4 11 31 39 20 32 51 21 12 53 33 19 15 23 37 45 24 30 22 34 18 52 29 7 16 5 36 43 44 27 42 47 35 9 17 1 49 3 25 28 13 

 14 8 48 41 40 38	 => 189
 2 38 40 6 54 50	 => 190
 10 50 54 46 26 4	 => 190
 48 11 31 39 20 41	 => 190
 40 41 20 32 51 6	 => 190
 54 6 51 21 12 46	 => 190
 26 46 12 53 33 19	 => 189
 31 15 23 37 45 39	 => 190
 20 39 45 24 30 32	 => 190
 51 32 30 22 34 21	 => 190
 12 21 34 18 52 53	 => 190
 33 53 52 29 7 16	 => 190
 45 37 5 36 43 24	 => 190
 30 24 43 44 27 22	 => 190
 34 22 27 42 47 18	 => 190
 52 18 47 35 9 29	 => 190
 43 36 17 1 49 44	 => 190
 27 44 49 3 25 42	 => 190
 47 42 25 28 13 35	 => 190


===================[TEST 43]===================

##### START ##### Thu May 22 11:27:44 2003



##### CONVERGE ##### Thu May 22 11:29:06 2003

Elapsed time: 82 seconds
Total loop: 119 generations

Result : 187.794

21 13 35 37 52 33 6 14 42 44 4 50 31 20 11 43 48 17 39 32 34 19 54 25 12 3 2 49 45 16 26 30 29 15 40 47 7 18 1 28 51 46 22 41 53 27 9 5 23 38 8 36 10 24 

 21 13 35 37 52 33	 => 191
 6 33 52 14 42 44	 => 191
 4 44 42 50 31 20	 => 191
 35 11 43 48 17 37	 => 191
 52 37 17 39 32 14	 => 191
 42 14 32 34 19 50	 => 191
 31 50 19 54 25 12	 => 191
 43 3 2 49 45 48	 => 190
 17 48 45 16 26 39	 => 191
 32 39 26 30 29 34	 => 190
 19 34 29 15 40 54	 => 191
 25 54 40 47 7 18	 => 191
 45 49 1 28 51 16	 => 190
 26 16 51 46 22 30	 => 191
 29 30 22 41 53 15	 => 190
 40 15 53 27 9 47	 => 191
 51 28 5 23 38 46	 => 191
 22 46 38 8 36 41	 => 191
 53 41 36 10 24 27	 => 191


===================[TEST 44]===================

##### START ##### Thu May 22 11:29:06 2003



##### CONVERGE ##### Thu May 22 11:30:39 2003

Elapsed time: 93 seconds
Total loop: 136 generations

Result : 188.412

16 5 24 49 42 54 1 7 50 36 27 46 28 3 2 51 45 19 34 39 25 23 52 30 11 6 17 33 38 22 32 20 40 13 37 44 18 9 10 41 47 48 21 43 53 29 14 15 4 35 12 31 8 26 

 16 5 24 49 42 54	 => 190
 1 54 42 7 50 36	 => 190
 27 36 50 46 28 3	 => 190
 24 2 51 45 19 49	 => 190
 42 49 19 34 39 7	 => 190
 50 7 39 25 23 46	 => 190
 28 46 23 52 30 11	 => 190
 51 6 17 33 38 45	 => 190
 19 45 38 22 32 34	 => 190
 39 34 32 20 40 25	 => 190
 23 25 40 13 37 52	 => 190
 30 52 37 44 18 9	 => 190
 38 33 10 41 47 22	 => 191
 32 22 47 48 21 20	 => 190
 40 20 21 43 53 13	 => 190
 37 13 53 29 14 44	 => 190
 47 41 15 4 35 48	 => 190
 21 48 35 12 31 43	 => 190
 53 43 31 8 26 29	 => 190


===================[TEST 45]===================

##### START ##### Thu May 22 11:30:39 2003



##### CONVERGE ##### Thu May 22 11:31:26 2003

Elapsed time: 47 seconds
Total loop: 69 generations

Result : 186.85

13 5 43 49 53 27 7 31 46 25 28 45 39 6 1 36 48 12 29 15 34 18 47 37 3 17 26 24 38 22 40 30 41 16 33 44 20 8 19 32 54 35 9 51 42 52 2 4 14 50 21 23 11 10 

 13 5 43 49 53 27	 => 190
 7 27 53 31 46 25	 => 189
 28 25 46 45 39 6	 => 189
 43 1 36 48 12 49	 => 189
 53 49 12 29 15 31	 => 189
 46 31 15 34 18 45	 => 189
 39 45 18 47 37 3	 => 189
 36 17 26 24 38 48	 => 189
 12 48 38 22 40 29	 => 189
 15 29 40 30 41 34	 => 189
 18 34 41 16 33 47	 => 189
 37 47 33 44 20 8	 => 189
 38 24 19 32 54 22	 => 189
 40 22 54 35 9 30	 => 190
 41 30 9 51 42 16	 => 189
 33 16 42 52 2 44	 => 189
 54 32 4 14 50 35	 => 189
 9 35 50 21 23 51	 => 189
 42 51 23 11 10 52	 => 189


===================[TEST 46]===================

##### START ##### Thu May 22 11:31:26 2003



##### CONVERGE ##### Thu May 22 11:33:01 2003

Elapsed time: 95 seconds
Total loop: 139 generations

Result : 187.478

16 4 24 54 48 45 9 3 49 36 15 43 42 5 7 47 39 19 22 44 38 13 51 30 11 17 2 32 53 23 34 25 27 28 33 35 21 20 1 31 50 41 18 40 52 29 14 12 10 46 8 37 26 6 

 16 4 24 54 48 45	 => 191
 9 45 48 3 49 36	 => 190
 15 36 49 43 42 5	 => 190
 24 7 47 39 19 54	 => 190
 48 54 19 22 44 3	 => 190
 49 3 44 38 13 43	 => 190
 42 43 13 51 30 11	 => 190
 47 17 2 32 53 39	 => 190
 19 39 53 23 34 22	 => 190
 44 22 34 25 27 38	 => 190
 13 38 27 28 33 51	 => 190
 30 51 33 35 21 20	 => 190
 53 32 1 31 50 23	 => 190
 34 23 50 41 18 25	 => 191
 27 25 18 40 52 28	 => 190
 33 28 52 29 14 35	 => 191
 50 31 12 10 46 41	 => 190
 18 41 46 8 37 40	 => 190
 52 40 37 26 6 29	 => 190


===================[TEST 47]===================

##### START ##### Thu May 22 11:33:01 2003



##### CONVERGE ##### Thu May 22 11:33:58 2003

Elapsed time: 57 seconds
Total loop: 84 generations

Result : 186.215

7 17 41 24 51 49 2 18 28 42 14 44 45 16 3 40 53 29 21 46 34 19 30 47 4 22 6 43 26 25 35 31 23 33 50 37 15 10 5 52 38 48 12 54 36 32 1 11 13 27 9 39 20 8 

 7 17 41 24 51 49	 => 189
 2 49 51 18 28 42	 => 190
 14 42 28 44 45 16	 => 189
 41 3 40 53 29 24	 => 190
 51 24 29 21 46 18	 => 189
 28 18 46 34 19 44	 => 189
 45 44 19 30 47 4	 => 189
 40 22 6 43 26 53	 => 190
 29 53 26 25 35 21	 => 189
 46 21 35 31 23 34	 => 190
 19 34 23 33 50 30	 => 189
 47 30 50 37 15 10	 => 189
 26 43 5 52 38 25	 => 189
 35 25 38 48 12 31	 => 189
 23 31 12 54 36 33	 => 189
 50 33 36 32 1 37	 => 189
 38 52 11 13 27 48	 => 189
 12 48 27 9 39 54	 => 189
 36 54 39 20 8 32	 => 189


===================[TEST 48]===================

##### START ##### Thu May 22 11:33:58 2003



##### CONVERGE ##### Thu May 22 11:35:09 2003

Elapsed time: 71 seconds
Total loop: 103 generations

Result (Solution) : 190

16 5 36 50 49 34 7 11 46 43 10 54 20 17 1 31 51 21 22 37 30 12 48 53 3 9 18 42 39 24 33 28 40 25 35 44 2 8 15 29 41 45 19 52 26 47 13 23 14 38 4 32 6 27 

 16 5 36 50 49 34	 => 190
 7 34 49 11 46 43	 => 190
 10 43 46 54 20 17	 => 190
 36 1 31 51 21 50	 => 190
 49 50 21 22 37 11	 => 190
 46 11 37 30 12 54	 => 190
 20 54 12 48 53 3	 => 190
 31 9 18 42 39 51	 => 190
 21 51 39 24 33 22	 => 190
 37 22 33 28 40 30	 => 190
 12 30 40 25 35 48	 => 190
 53 48 35 44 2 8	 => 190
 39 42 15 29 41 24	 => 190
 33 24 41 45 19 28	 => 190
 40 28 19 52 26 25	 => 190
 35 25 26 47 13 44	 => 190
 41 29 23 14 38 45	 => 190
 19 45 38 4 32 52	 => 190
 26 52 32 6 27 47	 => 190


===================[TEST 49]===================

##### START ##### Thu May 22 11:35:09 2003



##### CONVERGE ##### Thu May 22 11:36:20 2003

Elapsed time: 71 seconds
Total loop: 104 generations

Result : 188.306

9 11 34 47 36 53 4 10 46 41 14 52 25 12 2 27 49 31 26 40 37 5 51 42 15 19 22 30 43 21 20 32 35 24 38 50 8 1 7 44 45 54 18 48 33 39 6 3 16 28 13 29 17 23 

 9 11 34 47 36 53	 => 190
 4 53 36 10 46 41	 => 190
 14 41 46 52 25 12	 => 190
 34 2 27 49 31 47	 => 190
 36 47 31 26 40 10	 => 190
 46 10 40 37 5 52	 => 190
 25 52 5 51 42 15	 => 190
 27 19 22 30 43 49	 => 190
 31 49 43 21 20 26	 => 190
 40 26 20 32 35 37	 => 190
 5 37 35 24 38 51	 => 190
 42 51 38 50 8 1	 => 190
 43 30 7 44 45 21	 => 190
 20 21 45 54 18 32	 => 190
 35 32 18 48 33 24	 => 190
 38 24 33 39 6 50	 => 190
 45 44 3 16 28 54	 => 190
 18 54 28 13 29 48	 => 190
 33 48 29 17 23 39	 => 189


===================[TEST 50]===================

##### START ##### Thu May 22 11:36:20 2003



##### CONVERGE ##### Thu May 22 11:37:50 2003

Elapsed time: 90 seconds
Total loop: 131 generations

Result : 187.268

10 9 48 38 45 40 2 21 44 39 13 52 31 12 1 37 50 16 46 25 29 20 49 33 6 3 24 47 30 26 23 32 35 22 36 51 4 17 7 27 54 41 15 53 34 43 5 8 18 42 11 28 14 19 

 10 9 48 38 45 40	 => 190
 2 40 45 21 44 39	 => 191
 13 39 44 52 31 12	 => 191
 48 1 37 50 16 38	 => 190
 45 38 16 46 25 21	 => 191
 44 21 25 29 20 52	 => 191
 31 52 20 49 33 6	 => 191
 37 3 24 47 30 50	 => 191
 16 50 30 26 23 46	 => 191
 25 46 23 32 35 29	 => 190
 20 29 35 22 36 49	 => 191
 33 49 36 51 4 17	 => 190
 30 47 7 27 54 26	 => 191
 23 26 54 41 15 32	 => 191
 35 32 15 53 34 22	 => 191
 36 22 34 43 5 51	 => 191
 54 27 8 18 42 41	 => 190
 15 41 42 11 28 53	 => 190
 34 53 28 14 19 43	 => 191


===================[TEST 51]===================

##### START ##### Thu May 22 11:37:50 2003



##### CONVERGE ##### Thu May 22 11:39:05 2003

Elapsed time: 75 seconds
Total loop: 109 generations

Result : 187.85

10 15 34 52 38 41 2 12 46 51 4 50 28 11 3 35 53 13 42 33 29 20 54 32 7 18 1 43 40 5 37 26 23 17 47 24 19 14 16 39 48 44 30 49 45 36 21 22 6 31 9 27 8 25 

 10 15 34 52 38 41	 => 190
 2 41 38 12 46 51	 => 190
 4 51 46 50 28 11	 => 190
 34 3 35 53 13 52	 => 190
 38 52 13 42 33 12	 => 190
 46 12 33 29 20 50	 => 190
 28 50 20 54 32 7	 => 191
 35 18 1 43 40 53	 => 190
 13 53 40 5 37 42	 => 190
 33 42 37 26 23 29	 => 190
 20 29 23 17 47 54	 => 190
 32 54 47 24 19 14	 => 190
 40 43 16 39 48 5	 => 191
 37 5 48 44 30 26	 => 190
 23 26 30 49 45 17	 => 190
 47 17 45 36 21 24	 => 190
 48 39 22 6 31 44	 => 190
 30 44 31 9 27 49	 => 190
 45 49 27 8 25 36	 => 190


===================[TEST 52]===================

##### START ##### Thu May 22 11:39:05 2003



##### CONVERGE ##### Thu May 22 11:40:11 2003

Elapsed time: 66 seconds
Total loop: 97 generations

Result : 187.412

13 17 46 43 41 29 6 15 53 45 10 24 44 14 8 32 34 26 33 31 27 39 28 47 7 11 23 38 51 9 36 37 25 21 49 42 20 3 1 40 50 35 22 30 54 18 5 4 12 48 2 52 16 19 

 13 17 46 43 41 29	 => 189
 6 29 41 15 53 45	 => 189
 10 45 53 24 44 14	 => 190
 46 8 32 34 26 43	 => 189
 41 43 26 33 31 15	 => 189
 53 15 31 27 39 24	 => 189
 44 24 39 28 47 7	 => 189
 32 11 23 38 51 34	 => 189
 26 34 51 9 36 33	 => 189
 31 33 36 37 25 27	 => 189
 39 27 25 21 49 28	 => 189
 47 28 49 42 20 3	 => 189
 51 38 1 40 50 9	 => 189
 36 9 50 35 22 37	 => 189
 25 37 22 30 54 21	 => 189
 49 21 54 18 5 42	 => 189
 50 40 4 12 48 35	 => 189
 22 35 48 2 52 30	 => 189
 54 30 52 16 19 18	 => 189


===================[TEST 53]===================

##### START ##### Thu May 22 11:40:11 2003



##### CONVERGE ##### Thu May 22 11:41:23 2003

Elapsed time: 72 seconds
Total loop: 105 generations

Result : 187.85

1 16 43 54 37 39 9 13 45 47 15 51 29 3 4 23 42 24 30 32 38 11 52 41 6 19 21 36 49 17 28 27 35 22 33 18 26 20 2 40 46 48 25 31 50 53 14 7 5 44 8 34 12 10 

 1 16 43 54 37 39	 => 190
 9 39 37 13 45 47	 => 190
 15 47 45 51 29 3	 => 190
 43 4 23 42 24 54	 => 190
 37 54 24 30 32 13	 => 190
 45 13 32 38 11 51	 => 190
 29 51 11 52 41 6	 => 190
 23 19 21 36 49 42	 => 190
 24 42 49 17 28 30	 => 190
 32 30 28 27 35 38	 => 190
 11 38 35 22 33 52	 => 191
 41 52 33 18 26 20	 => 190
 49 36 2 40 46 17	 => 190
 28 17 46 48 25 27	 => 191
 35 27 25 31 50 22	 => 190
 33 22 50 53 14 18	 => 190
 46 40 7 5 44 48	 => 190
 25 48 44 8 34 31	 => 190
 50 31 34 12 10 53	 => 190


===================[TEST 54]===================

##### START ##### Thu May 22 11:41:23 2003



##### CONVERGE ##### Thu May 22 11:42:37 2003

Elapsed time: 74 seconds
Total loop: 108 generations

Result : 188.412

19 2 47 43 44 35 4 29 32 46 17 53 30 12 22 24 48 6 37 31 27 18 38 42 9 14 26 28 50 15 34 25 36 20 52 41 10 7 3 45 49 51 16 54 39 33 5 13 11 21 8 40 1 23 

 19 2 47 43 44 35	 => 190
 4 35 44 29 32 46	 => 190
 17 46 32 53 30 12	 => 190
 47 22 24 48 6 43	 => 190
 44 43 6 37 31 29	 => 190
 32 29 31 27 18 53	 => 190
 30 53 18 38 42 9	 => 190
 24 14 26 28 50 48	 => 190
 6 48 50 15 34 37	 => 190
 31 37 34 25 36 27	 => 190
 18 27 36 20 52 38	 => 191
 42 38 52 41 10 7	 => 190
 50 28 3 45 49 15	 => 190
 34 15 49 51 16 25	 => 190
 36 25 16 54 39 20	 => 190
 52 20 39 33 5 41	 => 190
 49 45 13 11 21 51	 => 190
 16 51 21 8 40 54	 => 190
 39 54 40 1 23 33	 => 190


===================[TEST 55]===================

##### START ##### Thu May 22 11:42:37 2003



##### CONVERGE ##### Thu May 22 11:43:34 2003

Elapsed time: 57 seconds
Total loop: 83 generations

Result : 187.64

20 7 36 46 49 32 12 17 26 53 8 48 31 24 9 35 54 10 39 29 42 28 43 37 3 6 15 33 47 13 27 34 18 14 45 38 11 16 5 40 52 41 23 51 50 22 21 2 25 30 1 44 19 4 

 20 7 36 46 49 32	 => 190
 12 32 49 17 26 53	 => 189
 8 53 26 48 31 24	 => 190
 36 9 35 54 10 46	 => 190
 49 46 10 39 29 17	 => 190
 26 17 29 42 28 48	 => 190
 31 48 28 43 37 3	 => 190
 35 6 15 33 47 54	 => 190
 10 54 47 13 27 39	 => 190
 29 39 27 34 18 42	 => 189
 28 42 18 14 45 43	 => 190
 37 43 45 38 11 16	 => 190
 47 33 5 40 52 13	 => 190
 27 13 52 41 23 34	 => 190
 18 34 23 51 50 14	 => 190
 45 14 50 22 21 38	 => 190
 52 40 2 25 30 41	 => 190
 23 41 30 1 44 51	 => 190
 50 51 44 19 4 22	 => 190


===================[TEST 56]===================

##### START ##### Thu May 22 11:43:34 2003



##### CONVERGE ##### Thu May 22 11:45:06 2003

Elapsed time: 92 seconds
Total loop: 134 generations

Result : 187.087

15 2 41 49 46 38 8 11 43 45 5 54 29 14 13 31 35 21 37 27 30 26 34 44 3 18 17 47 42 16 40 25 32 19 50 33 20 9 6 28 52 48 10 51 53 24 12 22 1 39 7 36 4 23 

 15 2 41 49 46 38	 => 191
 8 38 46 11 43 45	 => 191
 5 45 43 54 29 14	 => 190
 41 13 31 35 21 49	 => 190
 46 49 21 37 27 11	 => 191
 43 11 27 30 26 54	 => 191
 29 54 26 34 44 3	 => 190
 31 18 17 47 42 35	 => 190
 21 35 42 16 40 37	 => 191
 27 37 40 25 32 30	 => 191
 26 30 32 19 50 34	 => 191
 44 34 50 33 20 9	 => 190
 42 47 6 28 52 16	 => 191
 40 16 52 48 10 25	 => 191
 32 25 10 51 53 19	 => 190
 50 19 53 24 12 33	 => 191
 52 28 22 1 39 48	 => 190
 10 48 39 7 36 51	 => 191
 53 51 36 4 23 24	 => 191


===================[TEST 57]===================

##### START ##### Thu May 22 11:45:06 2003



##### CONVERGE ##### Thu May 22 11:45:53 2003

Elapsed time: 47 seconds
Total loop: 69 generations

Result : 187.478

17 7 32 39 44 51 9 13 40 33 20 50 36 11 8 43 47 22 27 45 38 4 53 23 24 2 14 35 49 16 29 26 25 18 52 31 12 19 1 42 48 41 30 54 37 46 6 10 15 34 3 28 5 21 

 17 7 32 39 44 51	 => 190
 9 51 44 13 40 33	 => 190
 20 33 40 50 36 11	 => 190
 32 8 43 47 22 39	 => 191
 44 39 22 27 45 13	 => 190
 40 13 45 38 4 50	 => 190
 36 50 4 53 23 24	 => 190
 43 2 14 35 49 47	 => 190
 22 47 49 16 29 27	 => 190
 45 27 29 26 25 38	 => 190
 4 38 25 18 52 53	 => 190
 23 53 52 31 12 19	 => 190
 49 35 1 42 48 16	 => 191
 29 16 48 41 30 26	 => 190
 25 26 30 54 37 18	 => 190
 52 18 37 46 6 31	 => 190
 48 42 10 15 34 41	 => 190
 30 41 34 3 28 54	 => 190
 37 54 28 5 21 46	 => 191


===================[TEST 58]===================

##### START ##### Thu May 22 11:45:53 2003



##### CONVERGE ##### Thu May 22 11:46:59 2003

Elapsed time: 66 seconds
Total loop: 96 generations

Result : 187.64

17 4 43 49 39 38 11 20 34 48 8 47 51 2 5 33 45 15 31 36 44 9 40 29 14 22 13 27 50 19 30 28 21 24 52 26 32 10 3 37 54 35 23 53 41 46 1 16 6 42 12 25 7 18 

 17 4 43 49 39 38	 => 190
 11 38 39 20 34 48	 => 190
 8 48 34 47 51 2	 => 190
 43 5 33 45 15 49	 => 190
 39 49 15 31 36 20	 => 190
 34 20 36 44 9 47	 => 190
 51 47 9 40 29 14	 => 190
 33 22 13 27 50 45	 => 190
 15 45 50 19 30 31	 => 190
 36 31 30 28 21 44	 => 190
 9 44 21 24 52 40	 => 190
 29 40 52 26 32 10	 => 189
 50 27 3 37 54 19	 => 190
 30 19 54 35 23 28	 => 189
 21 28 23 53 41 24	 => 190
 52 24 41 46 1 26	 => 190
 54 37 16 6 42 35	 => 190
 23 35 42 12 25 53	 => 190
 41 53 25 7 18 46	 => 190


===================[TEST 59]===================

##### START ##### Thu May 22 11:46:59 2003



##### CONVERGE ##### Thu May 22 11:48:19 2003

Elapsed time: 80 seconds
Total loop: 117 generations

Result : 187.85

14 7 40 49 28 52 3 16 47 44 13 35 41 10 15 27 42 17 37 43 26 23 46 39 6 29 8 31 54 18 22 32 30 20 45 33 2 25 5 34 48 51 19 36 53 38 1 21 12 24 11 50 4 9 

 14 7 40 49 28 52	 => 190
 3 52 28 16 47 44	 => 190
 13 44 47 35 41 10	 => 190
 40 15 27 42 17 49	 => 190
 28 49 17 37 43 16	 => 190
 47 16 43 26 23 35	 => 190
 41 35 23 46 39 6	 => 190
 27 29 8 31 54 42	 => 191
 17 42 54 18 22 37	 => 190
 43 37 22 32 30 26	 => 190
 23 26 30 20 45 46	 => 190
 39 46 45 33 2 25	 => 190
 54 31 5 34 48 18	 => 190
 22 18 48 51 19 32	 => 190
 30 32 19 36 53 20	 => 190
 45 20 53 38 1 33	 => 190
 48 34 21 12 24 51	 => 190
 19 51 24 11 50 36	 => 191
 53 36 50 4 9 38	 => 190


===================[TEST 60]===================

##### START ##### Thu May 22 11:48:19 2003



##### CONVERGE ##### Thu May 22 11:49:46 2003

Elapsed time: 87 seconds
Total loop: 126 generations

Result : 187.64

7 22 32 52 28 49 13 20 43 37 18 48 38 6 5 39 46 16 51 23 41 15 50 35 4 10 11 40 44 14 19 31 25 26 33 42 21 9 2 36 53 45 27 34 47 30 12 3 24 29 1 54 8 17 

 7 22 32 52 28 49	 => 190
 13 49 28 20 43 37	 => 190
 18 37 43 48 38 6	 => 190
 32 5 39 46 16 52	 => 190
 28 52 16 51 23 20	 => 190
 43 20 23 41 15 48	 => 190
 38 48 15 50 35 4	 => 190
 39 10 11 40 44 46	 => 190
 16 46 44 14 19 51	 => 190
 23 51 19 31 25 41	 => 190
 15 41 25 26 33 50	 => 190
 35 50 33 42 21 9	 => 190
 44 40 2 36 53 14	 => 189
 19 14 53 45 27 31	 => 189
 25 31 27 34 47 26	 => 190
 33 26 47 30 12 42	 => 190
 53 36 3 24 29 45	 => 190
 27 45 29 1 54 34	 => 190
 47 34 54 8 17 30	 => 190


===================[TEST 61]===================

##### START ##### Thu May 22 11:49:46 2003



##### CONVERGE ##### Thu May 22 11:51:57 2003

Elapsed time: 131 seconds
Total loop: 192 generations

Result : 187.794

17 9 25 54 41 45 4 14 47 39 7 44 51 3 12 34 53 13 26 43 27 16 46 32 2 21 11 31 40 22 37 28 30 24 48 36 20 8 18 38 42 52 10 50 49 33 1 19 5 35 15 29 23 6 

 17 9 25 54 41 45	 => 191
 4 45 41 14 47 39	 => 190
 7 39 47 44 51 3	 => 191
 25 12 34 53 13 54	 => 191
 41 54 13 26 43 14	 => 191
 47 14 43 27 16 44	 => 191
 51 44 16 46 32 2	 => 191
 34 21 11 31 40 53	 => 190
 13 53 40 22 37 26	 => 191
 43 26 37 28 30 27	 => 191
 16 27 30 24 48 46	 => 191
 32 46 48 36 20 8	 => 190
 40 31 18 38 42 22	 => 191
 37 22 42 52 10 28	 => 191
 30 28 10 50 49 24	 => 191
 48 24 49 33 1 36	 => 191
 42 38 19 5 35 52	 => 191
 10 52 35 15 29 50	 => 191
 49 50 29 23 6 33	 => 190


===================[TEST 62]===================

##### START ##### Thu May 22 11:51:57 2003



##### CONVERGE ##### Thu May 22 11:53:46 2003

Elapsed time: 109 seconds
Total loop: 160 generations

Result : 187.85

19 5 37 49 46 34 3 17 50 41 29 28 22 20 4 40 45 15 32 31 39 25 47 54 14 11 7 35 52 24 23 38 27 9 43 33 1 12 13 30 36 48 21 51 44 53 8 16 18 42 2 26 6 10 

 19 5 37 49 46 34	 => 190
 3 34 46 17 50 41	 => 191
 29 41 50 28 22 20	 => 190
 37 4 40 45 15 49	 => 190
 46 49 15 32 31 17	 => 190
 50 17 31 39 25 28	 => 190
 22 28 25 47 54 14	 => 190
 40 11 7 35 52 45	 => 190
 15 45 52 24 23 32	 => 191
 31 32 23 38 27 39	 => 190
 25 39 27 9 43 47	 => 190
 54 47 43 33 1 12	 => 190
 52 35 13 30 36 24	 => 190
 23 24 36 48 21 38	 => 190
 27 38 21 51 44 9	 => 190
 43 9 44 53 8 33	 => 190
 36 30 16 18 42 48	 => 190
 21 48 42 2 26 51	 => 190
 44 51 26 6 10 53	 => 190


===================[TEST 63]===================

##### START ##### Thu May 22 11:53:46 2003



##### CONVERGE ##### Thu May 22 11:55:20 2003

Elapsed time: 94 seconds
Total loop: 138 generations

Result : 188.412

12 9 24 50 52 43 5 18 40 32 20 45 38 15 10 33 54 19 29 22 39 26 36 31 14 8 2 44 49 16 23 47 30 11 48 41 13 21 1 34 46 51 7 42 53 35 3 27 4 28 25 37 17 6 

 12 9 24 50 52 43	 => 190
 5 43 52 18 40 32	 => 190
 20 32 40 45 38 15	 => 190
 24 10 33 54 19 50	 => 190
 52 50 19 29 22 18	 => 190
 40 18 22 39 26 45	 => 190
 38 45 26 36 31 14	 => 190
 33 8 2 44 49 54	 => 190
 19 54 49 16 23 29	 => 190
 22 29 23 47 30 39	 => 190
 26 39 30 11 48 36	 => 190
 31 36 48 41 13 21	 => 190
 49 44 1 34 46 16	 => 190
 23 16 46 51 7 47	 => 190
 30 47 7 42 53 11	 => 190
 48 11 53 35 3 41	 => 191
 46 34 27 4 28 51	 => 190
 7 51 28 25 37 42	 => 190
 53 42 37 17 6 35	 => 190


===================[TEST 64]===================

##### START ##### Thu May 22 11:55:20 2003



##### CONVERGE ##### Thu May 22 11:56:24 2003

Elapsed time: 64 seconds
Total loop: 92 generations

Result : 188.412

14 3 45 54 47 27 24 7 44 42 16 53 23 12 1 37 33 20 34 28 43 15 40 46 13 32 11 26 51 21 31 29 25 19 48 35 4 17 10 30 52 39 18 49 50 36 2 9 22 38 5 41 6 8 

 14 3 45 54 47 27	 => 190
 24 27 47 7 44 42	 => 191
 16 42 44 53 23 12	 => 190
 45 1 37 33 20 54	 => 190
 47 54 20 34 28 7	 => 190
 44 7 28 43 15 53	 => 190
 23 53 15 40 46 13	 => 190
 37 32 11 26 51 33	 => 190
 20 33 51 21 31 34	 => 190
 28 34 31 29 25 43	 => 190
 15 43 25 19 48 40	 => 190
 46 40 48 35 4 17	 => 190
 51 26 10 30 52 21	 => 190
 31 21 52 39 18 29	 => 190
 25 29 18 49 50 19	 => 190
 48 19 50 36 2 35	 => 190
 52 30 9 22 38 39	 => 190
 18 39 38 5 41 49	 => 190
 50 49 41 6 8 36	 => 190


===================[TEST 65]===================

##### START ##### Thu May 22 11:56:24 2003



##### CONVERGE ##### Thu May 22 11:57:47 2003

Elapsed time: 83 seconds
Total loop: 122 generations

Result : 188.163

11 19 36 54 45 26 12 18 49 40 4 52 30 16 2 32 46 21 25 28 35 9 39 38 22 5 23 37 48 24 27 33 42 15 51 29 20 14 7 31 44 53 10 50 41 47 8 17 3 43 1 34 6 13 

 11 19 36 54 45 26	 => 191
 12 26 45 18 49 40	 => 190
 4 40 49 52 30 16	 => 191
 36 2 32 46 21 54	 => 191
 45 54 21 25 28 18	 => 191
 49 18 28 35 9 52	 => 191
 30 52 9 39 38 22	 => 190
 32 5 23 37 48 46	 => 191
 21 46 48 24 27 25	 => 191
 28 25 27 33 42 35	 => 190
 9 35 42 15 51 39	 => 191
 38 39 51 29 20 14	 => 191
 48 37 7 31 44 24	 => 191
 27 24 44 53 10 33	 => 191
 42 33 10 50 41 15	 => 191
 51 15 41 47 8 29	 => 191
 44 31 17 3 43 53	 => 191
 10 53 43 1 34 50	 => 191
 41 50 34 6 13 47	 => 191


===================[TEST 66]===================

##### START ##### Thu May 22 11:57:47 2003



##### CONVERGE ##### Thu May 22 11:58:41 2003

Elapsed time: 54 seconds
Total loop: 78 generations

Result : 186.85

14 6 28 49 51 41 2 23 39 33 25 29 52 12 7 54 48 3 21 42 40 16 45 46 1 4 13 24 47 26 44 15 27 31 30 36 22 10 5 37 50 34 20 53 43 32 17 19 11 38 9 35 18 8 

 14 6 28 49 51 41	 => 189
 2 41 51 23 39 33	 => 189
 25 33 39 29 52 12	 => 190
 28 7 54 48 3 49	 => 189
 51 49 3 21 42 23	 => 189
 39 23 42 40 16 29	 => 189
 52 29 16 45 46 1	 => 189
 54 4 13 24 47 48	 => 190
 3 48 47 26 44 21	 => 189
 42 21 44 15 27 40	 => 189
 16 40 27 31 30 45	 => 189
 46 45 30 36 22 10	 => 189
 47 24 5 37 50 26	 => 189
 44 26 50 34 20 15	 => 189
 27 15 20 53 43 31	 => 189
 30 31 43 32 17 36	 => 189
 50 37 19 11 38 34	 => 189
 20 34 38 9 35 53	 => 189
 43 53 35 18 8 32	 => 189


===================[TEST 67]===================

##### START ##### Thu May 22 11:58:41 2003



##### CONVERGE ##### Thu May 22 12:00:03 2003

Elapsed time: 82 seconds
Total loop: 120 generations

Result : 187.412

3 13 46 54 32 41 5 28 50 33 15 45 36 10 2 43 37 7 48 20 29 17 53 34 4 14 16 30 49 22 27 44 21 31 38 52 1 11 6 35 47 26 23 51 19 40 9 24 18 39 8 42 12 25 

 3 13 46 54 32 41	 => 189
 5 41 32 28 50 33	 => 189
 15 33 50 45 36 10	 => 189
 46 2 43 37 7 54	 => 189
 32 54 7 48 20 28	 => 189
 50 28 20 29 17 45	 => 189
 36 45 17 53 34 4	 => 189
 43 14 16 30 49 37	 => 189
 7 37 49 22 27 48	 => 190
 20 48 27 44 21 29	 => 189
 17 29 21 31 38 53	 => 189
 34 53 38 52 1 11	 => 189
 49 30 6 35 47 22	 => 189
 27 22 47 26 23 44	 => 189
 21 44 23 51 19 31	 => 189
 38 31 19 40 9 52	 => 189
 47 35 24 18 39 26	 => 189
 23 26 39 8 42 51	 => 189
 19 51 42 12 25 40	 => 189


===================[TEST 68]===================

##### START ##### Thu May 22 12:00:03 2003



##### CONVERGE ##### Thu May 22 12:01:09 2003

Elapsed time: 66 seconds
Total loop: 97 generations

Result : 187.268

17 3 25 47 54 45 2 12 42 35 22 44 38 9 1 46 51 21 30 27 40 26 48 29 5 7 4 31 52 14 23 34 36 8 33 49 20 11 13 28 53 43 24 39 50 41 10 16 19 32 15 37 6 18 

 17 3 25 47 54 45	 => 191
 2 45 54 12 42 35	 => 190
 22 35 42 44 38 9	 => 190
 25 1 46 51 21 47	 => 191
 54 47 21 30 27 12	 => 191
 42 12 27 40 26 44	 => 191
 38 44 26 48 29 5	 => 190
 46 7 4 31 52 51	 => 191
 21 51 52 14 23 30	 => 191
 27 30 23 34 36 40	 => 190
 26 40 36 8 33 48	 => 191
 29 48 33 49 20 11	 => 190
 52 31 13 28 53 14	 => 191
 23 14 53 43 24 34	 => 191
 36 34 24 39 50 8	 => 191
 33 8 50 41 10 49	 => 191
 53 28 16 19 32 43	 => 191
 24 43 32 15 37 39	 => 190
 50 39 37 6 18 41	 => 191


===================[TEST 69]===================

##### START ##### Thu May 22 12:01:09 2003



##### CONVERGE ##### Thu May 22 12:02:17 2003

Elapsed time: 68 seconds
Total loop: 99 generations

Result : 187.268

13 16 44 36 53 29 2 11 51 45 10 41 42 1 6 34 48 23 24 43 26 19 49 27 12 4 18 33 54 14 28 39 30 20 47 37 8 22 7 31 52 40 17 35 50 32 5 21 9 38 15 46 25 3 

 13 16 44 36 53 29	 => 191
 2 29 53 11 51 45	 => 191
 10 45 51 41 42 1	 => 190
 44 6 34 48 23 36	 => 191
 53 36 23 24 43 11	 => 190
 51 11 43 26 19 41	 => 191
 42 41 19 49 27 12	 => 190
 34 4 18 33 54 48	 => 191
 23 48 54 14 28 24	 => 191
 43 24 28 39 30 26	 => 190
 19 26 30 20 47 49	 => 191
 27 49 47 37 8 22	 => 190
 54 33 7 31 52 14	 => 191
 28 14 52 40 17 39	 => 190
 30 39 17 35 50 20	 => 191
 47 20 50 32 5 37	 => 191
 52 31 21 9 38 40	 => 191
 17 40 38 15 46 35	 => 191
 50 35 46 25 3 32	 => 191


===================[TEST 70]===================

##### START ##### Thu May 22 12:02:17 2003



##### CONVERGE ##### Thu May 22 12:03:39 2003

Elapsed time: 82 seconds
Total loop: 120 generations

Result : 188.412

11 7 32 53 43 44 2 16 54 31 14 49 38 4 8 52 40 5 47 26 25 20 45 37 1 6 19 27 46 10 42 30 21 29 50 36 9 13 15 41 51 34 23 48 39 33 3 17 12 35 22 28 18 24 

 11 7 32 53 43 44	 => 190
 2 44 43 16 54 31	 => 190
 14 31 54 49 38 4	 => 190
 32 8 52 40 5 53	 => 190
 43 53 5 47 26 16	 => 190
 54 16 26 25 20 49	 => 190
 38 49 20 45 37 1	 => 190
 52 6 19 27 46 40	 => 190
 5 40 46 10 42 47	 => 190
 26 47 42 30 21 25	 => 191
 20 25 21 29 50 45	 => 190
 37 45 50 36 9 13	 => 190
 46 27 15 41 51 10	 => 190
 42 10 51 34 23 30	 => 190
 21 30 23 48 39 29	 => 190
 50 29 39 33 3 36	 => 190
 51 41 17 12 35 34	 => 190
 23 34 35 22 28 48	 => 190
 39 48 28 18 24 33	 => 190


===================[TEST 71]===================

##### START ##### Thu May 22 12:03:39 2003



##### CONVERGE ##### Thu May 22 12:04:52 2003

Elapsed time: 73 seconds
Total loop: 106 generations

Result : 188.163

21 15 26 46 40 43 7 19 53 29 16 37 47 8 11 34 52 22 39 25 33 24 31 51 1 18 13 38 36 12 30 28 35 20 48 44 14 3 10 45 50 54 17 49 42 32 5 9 6 27 2 41 4 23 

 21 15 26 46 40 43	 => 191
 7 43 40 19 53 29	 => 191
 16 29 53 37 47 8	 => 190
 26 11 34 52 22 46	 => 191
 40 46 22 39 25 19	 => 191
 53 19 25 33 24 37	 => 191
 47 37 24 31 51 1	 => 191
 34 18 13 38 36 52	 => 191
 22 52 36 12 30 39	 => 191
 25 39 30 28 35 33	 => 190
 24 33 35 20 48 31	 => 191
 51 31 48 44 14 3	 => 191
 36 38 10 45 50 12	 => 191
 30 12 50 54 17 28	 => 191
 35 28 17 49 42 20	 => 191
 48 20 42 32 5 44	 => 191
 50 45 9 6 27 54	 => 191
 17 54 27 2 41 49	 => 190
 42 49 41 4 23 32	 => 191


===================[TEST 72]===================

##### START ##### Thu May 22 12:04:52 2003



##### CONVERGE ##### Thu May 22 12:06:31 2003

Elapsed time: 99 seconds
Total loop: 146 generations

Result : 187.412

10 7 25 52 46 49 1 4 35 54 26 42 24 8 3 48 44 17 27 43 34 31 41 38 13 9 6 32 50 21 30 36 19 20 45 37 23 5 2 51 33 47 22 39 53 18 16 15 14 29 12 40 28 11 

 10 7 25 52 46 49	 => 189
 1 49 46 4 35 54	 => 189
 26 54 35 42 24 8	 => 189
 25 3 48 44 17 52	 => 189
 46 52 17 27 43 4	 => 189
 35 4 43 34 31 42	 => 189
 24 42 31 41 38 13	 => 189
 48 9 6 32 50 44	 => 189
 17 44 50 21 30 27	 => 189
 43 27 30 36 19 34	 => 189
 31 34 19 20 45 41	 => 190
 38 41 45 37 23 5	 => 189
 50 32 2 51 33 21	 => 189
 30 21 33 47 22 36	 => 189
 19 36 22 39 53 20	 => 189
 45 20 53 18 16 37	 => 189
 33 51 15 14 29 47	 => 189
 22 47 29 12 40 39	 => 189
 53 39 40 28 11 18	 => 189


===================[TEST 73]===================

##### START ##### Thu May 22 12:06:31 2003



##### CONVERGE ##### Thu May 22 12:07:40 2003

Elapsed time: 69 seconds
Total loop: 100 generations

Result : 187.85

11 5 44 36 53 42 2 14 38 41 9 51 45 6 4 23 52 31 27 29 39 19 49 26 1 13 16 54 32 18 30 40 25 8 50 37 7 21 17 35 34 46 22 48 47 33 15 20 12 43 3 28 10 24 

 11 5 44 36 53 42	 => 191
 2 42 53 14 38 41	 => 190
 9 41 38 51 45 6	 => 190
 44 4 23 52 31 36	 => 190
 53 36 31 27 29 14	 => 190
 38 14 29 39 19 51	 => 190
 45 51 19 49 26 1	 => 191
 23 13 16 54 32 52	 => 190
 31 52 32 18 30 27	 => 190
 29 27 30 40 25 39	 => 190
 19 39 25 8 50 49	 => 190
 26 49 50 37 7 21	 => 190
 32 54 17 35 34 18	 => 190
 30 18 34 46 22 40	 => 190
 25 40 22 48 47 8	 => 190
 50 8 47 33 15 37	 => 190
 34 35 20 12 43 46	 => 190
 22 46 43 3 28 48	 => 190
 47 48 28 10 24 33	 => 190


===================[TEST 74]===================

##### START ##### Thu May 22 12:07:40 2003



##### CONVERGE ##### Thu May 22 12:08:32 2003

Elapsed time: 52 seconds
Total loop: 76 generations

Result : 187.412

18 2 25 49 47 48 4 7 54 29 11 46 37 12 13 50 28 24 27 35 38 9 39 41 17 23 15 22 51 26 33 36 20 40 44 30 16 19 3 53 34 52 8 43 42 32 1 5 14 31 10 45 6 21 

 18 2 25 49 47 48	 => 189
 4 48 47 7 54 29	 => 189
 11 29 54 46 37 12	 => 189
 25 13 50 28 24 49	 => 189
 47 49 24 27 35 7	 => 189
 54 7 35 38 9 46	 => 189
 37 46 9 39 41 17	 => 189
 50 23 15 22 51 28	 => 189
 24 28 51 26 33 27	 => 189
 35 27 33 36 20 38	 => 189
 9 38 20 40 44 39	 => 190
 41 39 44 30 16 19	 => 189
 51 22 3 53 34 26	 => 189
 33 26 34 52 8 36	 => 189
 20 36 8 43 42 40	 => 189
 44 40 42 32 1 30	 => 189
 34 53 5 14 31 52	 => 189
 8 52 31 10 45 43	 => 189
 42 43 45 6 21 32	 => 189


===================[TEST 75]===================

##### START ##### Thu May 22 12:08:32 2003



##### CONVERGE ##### Thu May 22 12:09:38 2003

Elapsed time: 66 seconds
Total loop: 97 generations

Result : 188.412

5 16 30 43 50 47 3 19 35 36 20 51 25 23 8 44 53 12 24 42 28 15 52 46 1 4 22 26 41 33 27 31 38 18 39 32 10 11 13 48 29 49 21 37 45 54 2 17 7 40 9 34 6 14 

 5 16 30 43 50 47	 => 191
 3 47 50 19 35 36	 => 190
 20 36 35 51 25 23	 => 190
 30 8 44 53 12 43	 => 190
 50 43 12 24 42 19	 => 190
 35 19 42 28 15 51	 => 190
 25 51 15 52 46 1	 => 190
 44 4 22 26 41 53	 => 190
 12 53 41 33 27 24	 => 190
 42 24 27 31 38 28	 => 190
 15 28 38 18 39 52	 => 190
 46 52 39 32 10 11	 => 190
 41 26 13 48 29 33	 => 190
 27 33 29 49 21 31	 => 190
 38 31 21 37 45 18	 => 190
 39 18 45 54 2 32	 => 190
 29 48 17 7 40 49	 => 190
 21 49 40 9 34 37	 => 190
 45 37 34 6 14 54	 => 190


===================[TEST 76]===================

##### START ##### Thu May 22 12:09:38 2003



##### CONVERGE ##### Thu May 22 12:10:46 2003

Elapsed time: 68 seconds
Total loop: 99 generations

Result : 187.478

12 5 40 45 48 41 9 14 44 34 10 43 39 20 18 22 52 13 37 33 38 19 50 32 7 24 15 31 46 16 26 29 27 2 54 47 6 1 21 35 42 49 28 51 53 30 4 17 11 36 3 23 25 8 

 12 5 40 45 48 41	 => 191
 9 41 48 14 44 34	 => 190
 10 34 44 43 39 20	 => 190
 40 18 22 52 13 45	 => 190
 48 45 13 37 33 14	 => 190
 44 14 33 38 19 43	 => 191
 39 43 19 50 32 7	 => 190
 22 24 15 31 46 52	 => 190
 13 52 46 16 26 37	 => 190
 33 37 26 29 27 38	 => 190
 19 38 27 2 54 50	 => 190
 32 50 54 47 6 1	 => 190
 46 31 21 35 42 16	 => 191
 26 16 42 49 28 29	 => 190
 27 29 28 51 53 2	 => 190
 54 2 53 30 4 47	 => 190
 42 35 17 11 36 49	 => 190
 28 49 36 3 23 51	 => 190
 53 51 23 25 8 30	 => 190


===================[TEST 77]===================

##### START ##### Thu May 22 12:10:46 2003



##### CONVERGE ##### Thu May 22 12:12:12 2003

Elapsed time: 86 seconds
Total loop: 125 generations

Result : 187.85

20 7 34 50 46 33 10 6 52 43 1 49 30 15 16 35 44 11 45 32 27 24 54 28 5 22 8 39 42 18 31 38 17 21 47 48 9 4 2 53 36 41 26 51 37 25 13 12 19 29 3 40 14 23 

 20 7 34 50 46 33	 => 190
 10 33 46 6 52 43	 => 190
 1 43 52 49 30 15	 => 190
 34 16 35 44 11 50	 => 190
 46 50 11 45 32 6	 => 190
 52 6 32 27 24 49	 => 190
 30 49 24 54 28 5	 => 190
 35 22 8 39 42 44	 => 190
 11 44 42 18 31 45	 => 191
 32 45 31 38 17 27	 => 190
 24 27 17 21 47 54	 => 190
 28 54 47 48 9 4	 => 190
 42 39 2 53 36 18	 => 190
 31 18 36 41 26 38	 => 190
 17 38 26 51 37 21	 => 190
 47 21 37 25 13 48	 => 191
 36 53 12 19 29 41	 => 190
 26 41 29 3 40 51	 => 190
 37 51 40 14 23 25	 => 190


===================[TEST 78]===================

##### START ##### Thu May 22 12:12:12 2003



##### CONVERGE ##### Thu May 22 12:13:51 2003

Elapsed time: 99 seconds
Total loop: 145 generations

Result : 187.64

22 11 33 45 54 25 1 13 53 44 14 52 23 3 6 40 42 24 34 20 47 5 50 51 9 17 21 39 31 29 30 27 32 18 38 41 8 2 4 37 49 36 19 48 46 35 12 10 15 43 16 28 26 7 

 22 11 33 45 54 25	 => 190
 1 25 54 13 53 44	 => 190
 14 44 53 52 23 3	 => 189
 33 6 40 42 24 45	 => 190
 54 45 24 34 20 13	 => 190
 53 13 20 47 5 52	 => 190
 23 52 5 50 51 9	 => 190
 40 17 21 39 31 42	 => 190
 24 42 31 29 30 34	 => 190
 20 34 30 27 32 47	 => 190
 5 47 32 18 38 50	 => 190
 51 50 38 41 8 2	 => 190
 31 39 4 37 49 29	 => 189
 30 29 49 36 19 27	 => 190
 32 27 19 48 46 18	 => 190
 38 18 46 35 12 41	 => 190
 49 37 10 15 43 36	 => 190
 19 36 43 16 28 48	 => 190
 46 48 28 26 7 35	 => 190


===================[TEST 79]===================

##### START ##### Thu May 22 12:13:51 2003



##### CONVERGE ##### Thu May 22 12:15:35 2003

Elapsed time: 104 seconds
Total loop: 152 generations

Result : 188.163

6 21 40 37 44 42 3 16 38 48 9 53 26 17 2 41 47 24 27 43 28 13 45 46 8 10 11 32 50 18 25 36 31 20 54 33 1 12 5 35 51 39 22 52 30 49 4 23 14 29 15 34 7 19 

 6 21 40 37 44 42	 => 190
 3 42 44 16 38 48	 => 191
 9 48 38 53 26 17	 => 191
 40 2 41 47 24 37	 => 191
 44 37 24 27 43 16	 => 191
 38 16 43 28 13 53	 => 191
 26 53 13 45 46 8	 => 191
 41 10 11 32 50 47	 => 191
 24 47 50 18 25 27	 => 191
 43 27 25 36 31 28	 => 190
 13 28 31 20 54 45	 => 191
 46 45 54 33 1 12	 => 191
 50 32 5 35 51 18	 => 191
 25 18 51 39 22 36	 => 191
 31 36 22 52 30 20	 => 191
 54 20 30 49 4 33	 => 190
 51 35 23 14 29 39	 => 191
 22 39 29 15 34 52	 => 191
 30 52 34 7 19 49	 => 191


===================[TEST 80]===================

##### START ##### Thu May 22 12:15:35 2003



##### CONVERGE ##### Thu May 22 12:17:07 2003

Elapsed time: 92 seconds
Total loop: 134 generations

Result : 188.412

16 6 37 52 41 38 12 21 47 31 32 53 25 2 1 49 42 9 40 27 23 19 50 30 13 4 8 36 51 22 26 28 46 18 34 48 5 24 7 29 45 54 15 39 44 43 3 10 17 35 14 33 20 11 

 16 6 37 52 41 38	 => 190
 12 38 41 21 47 31	 => 190
 32 31 47 53 25 2	 => 190
 37 1 49 42 9 52	 => 190
 41 52 9 40 27 21	 => 190
 47 21 27 23 19 53	 => 190
 25 53 19 50 30 13	 => 190
 49 4 8 36 51 42	 => 190
 9 42 51 22 26 40	 => 190
 27 40 26 28 46 23	 => 190
 19 23 46 18 34 50	 => 190
 30 50 34 48 5 24	 => 191
 51 36 7 29 45 22	 => 190
 26 22 45 54 15 28	 => 190
 46 28 15 39 44 18	 => 190
 34 18 44 43 3 48	 => 190
 45 29 10 17 35 54	 => 190
 15 54 35 14 33 39	 => 190
 44 39 33 20 11 43	 => 190


===================[TEST 81]===================

##### START ##### Thu May 22 12:17:07 2003



##### CONVERGE ##### Thu May 22 12:18:20 2003

Elapsed time: 73 seconds
Total loop: 107 generations

Result : 187.412

15 4 29 36 54 51 10 7 45 22 26 47 43 6 2 39 48 35 16 41 30 19 53 27 1 11 13 34 44 9 37 40 25 20 42 32 23 12 3 50 49 33 21 52 31 46 18 5 14 38 17 28 8 24 

 15 4 29 36 54 51	 => 189
 10 51 54 7 45 22	 => 189
 26 22 45 47 43 6	 => 189
 29 2 39 48 35 36	 => 189
 54 36 35 16 41 7	 => 189
 45 7 41 30 19 47	 => 189
 43 47 19 53 27 1	 => 190
 39 11 13 34 44 48	 => 189
 35 48 44 9 37 16	 => 189
 41 16 37 40 25 30	 => 189
 19 30 25 20 42 53	 => 189
 27 53 42 32 23 12	 => 189
 44 34 3 50 49 9	 => 189
 37 9 49 33 21 40	 => 189
 25 40 21 52 31 20	 => 189
 42 20 31 46 18 32	 => 189
 49 50 5 14 38 33	 => 189
 21 33 38 17 28 52	 => 189
 31 52 28 8 24 46	 => 189

8 43 50 16 41 22 4 39 47 27 7 24 45 30 35 25 52 2 29 53 6 11 46 51 3 5 28 36 34 21 42 1 49 31 37 17 14 15 12 23 54 44 18 33 48 38 9 20 26 13 40 32 19 10 

 8 43 50 16 41 22	 => 180
 4 22 41 39 47 27	 => 180
 7 27 47 24 45 30	 => 180
 50 35 25 52 2 16	 => 180
 41 16 2 29 53 39	 => 180
 47 39 53 6 11 24	 => 180
 45 24 11 46 51 3	 => 180
 25 5 28 36 34 52	 => 180
 2 52 34 21 42 29	 => 180
 53 29 42 1 49 6	 => 180
 11 6 49 31 37 46	 => 180
 51 46 37 17 14 15	 => 180
 34 36 12 23 54 21	 => 180
 42 21 54 44 18 1	 => 180
 49 1 18 33 48 31	 => 180
 37 31 48 38 9 17	 => 180
 54 23 20 26 13 44	 => 180
 18 44 13 40 32 33	 => 180
 48 33 32 19 10 38	 => 180


===================[TEST 82]===================

##### START ##### Thu May 22 12:18:20 2003



##### CONVERGE ##### Thu May 22 12:19:07 2003

Elapsed time: 47 seconds
Total loop: 68 generations

Result : 187.64

18 6 27 51 40 48 3 8 52 39 10 47 30 12 11 34 50 17 42 32 23 28 43 35 7 19 2 54 31 13 37 36 20 26 49 44 4 15 5 33 53 29 22 41 45 25 1 16 21 38 14 46 24 9 

 18 6 27 51 40 48	 => 190
 3 48 40 8 52 39	 => 190
 10 39 52 47 30 12	 => 190
 27 11 34 50 17 51	 => 190
 40 51 17 42 32 8	 => 190
 52 8 32 23 28 47	 => 190
 30 47 28 43 35 7	 => 190
 34 19 2 54 31 50	 => 190
 17 50 31 13 37 42	 => 190
 32 42 37 36 20 23	 => 190
 28 23 20 26 49 43	 => 189
 35 43 49 44 4 15	 => 190
 31 54 5 33 53 13	 => 189
 37 13 53 29 22 36	 => 190
 20 36 22 41 45 26	 => 190
 49 26 45 25 1 44	 => 190
 53 33 16 21 38 29	 => 190
 22 29 38 14 46 41	 => 190
 45 41 46 24 9 25	 => 190


===================[TEST 83]===================

##### START ##### Thu May 22 12:19:07 2003



##### CONVERGE ##### Thu May 22 12:20:13 2003

Elapsed time: 66 seconds
Total loop: 96 generations

Result : 187.412

8 11 35 51 30 54 5 15 49 36 6 39 40 19 7 44 42 10 46 37 27 22 52 32 4 3 26 29 45 34 13 38 28 12 48 31 2 24 1 47 33 53 18 50 43 41 14 16 17 23 20 25 9 21 

 8 11 35 51 30 54	 => 189
 5 54 30 15 49 36	 => 189
 6 36 49 39 40 19	 => 189
 35 7 44 42 10 51	 => 189
 30 51 10 46 37 15	 => 189
 49 15 37 27 22 39	 => 189
 40 39 22 52 32 4	 => 189
 44 3 26 29 45 42	 => 189
 10 42 45 34 13 46	 => 190
 37 46 13 38 28 27	 => 189
 22 27 28 12 48 52	 => 189
 32 52 48 31 2 24	 => 189
 45 29 1 47 33 34	 => 189
 13 34 33 53 18 38	 => 189
 28 38 18 50 43 12	 => 189
 48 12 43 41 14 31	 => 189
 33 47 16 17 23 53	 => 189
 18 53 23 20 25 50	 => 189
 43 50 25 9 21 41	 => 189


===================[TEST 84]===================

##### START ##### Thu May 22 12:20:13 2003



##### CONVERGE ##### Thu May 22 12:21:08 2003

Elapsed time: 55 seconds
Total loop: 81 generations

Result : 187.64

19 16 47 40 46 22 14 30 51 26 8 42 53 10 4 38 43 18 23 33 28 6 54 32 2 11 9 44 45 27 34 31 41 12 49 37 3 15 1 48 25 52 21 35 50 29 13 24 5 36 7 39 17 20 

 19 16 47 40 46 22	 => 190
 14 22 46 30 51 26	 => 189
 8 26 51 42 53 10	 => 190
 47 4 38 43 18 40	 => 190
 46 40 18 23 33 30	 => 190
 51 30 33 28 6 42	 => 190
 53 42 6 54 32 2	 => 189
 38 11 9 44 45 43	 => 190
 18 43 45 27 34 23	 => 190
 33 23 34 31 41 28	 => 190
 6 28 41 12 49 54	 => 190
 32 54 49 37 3 15	 => 190
 45 44 1 48 25 27	 => 190
 34 27 25 52 21 31	 => 190
 41 31 21 35 50 12	 => 190
 49 12 50 29 13 37	 => 190
 25 48 24 5 36 52	 => 190
 21 52 36 7 39 35	 => 190
 50 35 39 17 20 29	 => 190


===================[TEST 85]===================

##### START ##### Thu May 22 12:21:08 2003



##### CONVERGE ##### Thu May 22 12:22:02 2003

Elapsed time: 54 seconds
Total loop: 78 generations

Result : 187.478

3 20 37 51 54 25 13 7 52 39 17 43 35 4 5 29 53 15 23 40 21 27 48 31 6 12 19 30 47 24 28 32 46 8 41 33 26 11 2 45 42 49 16 38 50 36 22 1 9 44 10 34 14 18 

 3 20 37 51 54 25	 => 190
 13 25 54 7 52 39	 => 190
 17 39 52 43 35 4	 => 190
 37 5 29 53 15 51	 => 190
 54 51 15 23 40 7	 => 190
 52 7 40 21 27 43	 => 190
 35 43 27 48 31 6	 => 190
 29 12 19 30 47 53	 => 190
 15 53 47 24 28 23	 => 190
 40 23 28 32 46 21	 => 190
 27 21 46 8 41 48	 => 191
 31 48 41 33 26 11	 => 190
 47 30 2 45 42 24	 => 190
 28 24 42 49 16 32	 => 191
 46 32 16 38 50 8	 => 190
 41 8 50 36 22 33	 => 190
 42 45 1 9 44 49	 => 190
 16 49 44 10 34 38	 => 191
 50 38 34 14 18 36	 => 190


===================[TEST 86]===================

##### START ##### Thu May 22 12:22:02 2003



##### CONVERGE ##### Thu May 22 12:23:19 2003

Elapsed time: 77 seconds
Total loop: 113 generations

Result : 187.85

1 17 45 48 54 25 10 20 50 32 16 36 51 5 2 33 49 13 28 27 34 23 43 31 6 15 12 39 42 21 37 46 18 19 53 40 9 14 8 52 29 35 22 44 41 30 7 3 24 47 4 38 26 11 

 1 17 45 48 54 25	 => 190
 10 25 54 20 50 32	 => 191
 16 32 50 36 51 5	 => 190
 45 2 33 49 13 48	 => 190
 54 48 13 28 27 20	 => 190
 50 20 27 34 23 36	 => 190
 51 36 23 43 31 6	 => 190
 33 15 12 39 42 49	 => 190
 13 49 42 21 37 28	 => 190
 27 28 37 46 18 34	 => 190
 23 34 18 19 53 43	 => 190
 31 43 53 40 9 14	 => 190
 42 39 8 52 29 21	 => 191
 37 21 29 35 22 46	 => 190
 18 46 22 44 41 19	 => 190
 53 19 41 30 7 40	 => 190
 29 52 3 24 47 35	 => 190
 22 35 47 4 38 44	 => 190
 41 44 38 26 11 30	 => 190


===================[TEST 87]===================

##### START ##### Thu May 22 12:23:19 2003



##### CONVERGE ##### Thu May 22 12:24:50 2003

Elapsed time: 91 seconds
Total loop: 133 generations

Result (Solution) : 190

11 7 43 42 54 33 4 21 51 27 9 49 39 15 12 28 46 19 24 30 29 10 47 40 5 23 14 34 45 25 31 44 32 20 52 17 26 8 1 48 37 50 3 53 38 41 22 2 18 35 13 36 16 6 

 11 7 43 42 54 33	 => 190
 4 33 54 21 51 27	 => 190
 9 27 51 49 39 15	 => 190
 43 12 28 46 19 42	 => 190
 54 42 19 24 30 21	 => 190
 51 21 30 29 10 49	 => 190
 39 49 10 47 40 5	 => 190
 28 23 14 34 45 46	 => 190
 19 46 45 25 31 24	 => 190
 30 24 31 44 32 29	 => 190
 10 29 32 20 52 47	 => 190
 40 47 52 17 26 8	 => 190
 45 34 1 48 37 25	 => 190
 31 25 37 50 3 44	 => 190
 32 44 3 53 38 20	 => 190
 52 20 38 41 22 17	 => 190
 37 48 2 18 35 50	 => 190
 3 50 35 13 36 53	 => 190
 38 53 36 16 6 41	 => 190


===================[TEST 88]===================

##### START ##### Thu May 22 12:24:50 2003



##### CONVERGE ##### Thu May 22 12:26:26 2003

Elapsed time: 96 seconds
Total loop: 140 generations

Result : 187.85

13 24 37 34 44 38 3 23 54 28 22 36 48 2 12 47 45 15 32 42 25 10 51 39 6 14 16 18 50 21 27 29 35 26 43 30 8 19 4 46 52 41 20 31 49 33 9 11 1 40 5 53 7 17 

 13 24 37 34 44 38	 => 190
 3 38 44 23 54 28	 => 190
 22 28 54 36 48 2	 => 190
 37 12 47 45 15 34	 => 190
 44 34 15 32 42 23	 => 190
 54 23 42 25 10 36	 => 190
 48 36 10 51 39 6	 => 190
 47 14 16 18 50 45	 => 190
 15 45 50 21 27 32	 => 190
 42 32 27 29 35 25	 => 190
 10 25 35 26 43 51	 => 190
 39 51 43 30 8 19	 => 190
 50 18 4 46 52 21	 => 191
 27 21 52 41 20 29	 => 190
 35 29 20 31 49 26	 => 190
 43 26 49 33 9 30	 => 190
 52 46 11 1 40 41	 => 191
 20 41 40 5 53 31	 => 190
 49 31 53 7 17 33	 => 190


===================[TEST 89]===================

##### START ##### Thu May 22 12:26:26 2003



##### CONVERGE ##### Thu May 22 12:27:41 2003

Elapsed time: 75 seconds
Total loop: 109 generations

Result : 188.412

16 22 27 37 49 39 3 25 54 20 5 51 46 14 11 50 48 17 34 28 23 9 52 31 1 15 2 32 43 19 29 44 33 26 47 30 18 12 21 40 35 53 10 36 41 38 8 13 7 42 4 45 24 6 

 16 22 27 37 49 39	 => 190
 3 39 49 25 54 20	 => 190
 5 20 54 51 46 14	 => 190
 27 11 50 48 17 37	 => 190
 49 37 17 34 28 25	 => 190
 54 25 28 23 9 51	 => 190
 46 51 9 52 31 1	 => 190
 50 15 2 32 43 48	 => 190
 17 48 43 19 29 34	 => 190
 28 34 29 44 33 23	 => 191
 9 23 33 26 47 52	 => 190
 31 52 47 30 18 12	 => 190
 43 32 21 40 35 19	 => 190
 29 19 35 53 10 44	 => 190
 33 44 10 36 41 26	 => 190
 47 26 41 38 8 30	 => 190
 35 40 13 7 42 53	 => 190
 10 53 42 4 45 36	 => 190
 41 36 45 24 6 38	 => 190


===================[TEST 90]===================

##### START ##### Thu May 22 12:27:41 2003



##### CONVERGE ##### Thu May 22 12:29:03 2003

Elapsed time: 82 seconds
Total loop: 120 generations

Result : 187.478

6 16 28 41 52 48 12 3 50 25 19 43 39 14 9 45 37 30 21 44 27 24 51 26 7 5 17 33 53 20 29 35 34 18 36 49 15 13 2 40 42 54 10 46 47 32 8 1 22 31 11 38 4 23 

 6 16 28 41 52 48	 => 191
 12 48 52 3 50 25	 => 190
 19 25 50 43 39 14	 => 190
 28 9 45 37 30 41	 => 190
 52 41 30 21 44 3	 => 191
 50 3 44 27 24 43	 => 191
 39 43 24 51 26 7	 => 190
 45 5 17 33 53 37	 => 190
 30 37 53 20 29 21	 => 190
 44 21 29 35 34 27	 => 190
 24 27 34 18 36 51	 => 190
 26 51 36 49 15 13	 => 190
 53 33 2 40 42 20	 => 190
 29 20 42 54 10 35	 => 190
 34 35 10 46 47 18	 => 190
 36 18 47 32 8 49	 => 190
 42 40 1 22 31 54	 => 190
 10 54 31 11 38 46	 => 190
 47 46 38 4 23 32	 => 190


===================[TEST 91]===================

##### START ##### Thu May 22 12:29:03 2003



##### CONVERGE ##### Thu May 22 12:30:18 2003

Elapsed time: 75 seconds
Total loop: 110 generations

Result : 188.412

15 16 42 47 46 24 14 23 30 53 26 50 28 3 4 40 48 9 29 36 41 11 44 49 8 2 17 31 52 20 32 33 19 21 54 25 5 13 7 37 43 35 27 39 51 38 1 18 12 45 10 34 22 6 

 15 16 42 47 46 24	 => 190
 14 24 46 23 30 53	 => 190
 26 53 30 50 28 3	 => 190
 42 4 40 48 9 47	 => 190
 46 47 9 29 36 23	 => 190
 30 23 36 41 11 50	 => 191
 28 50 11 44 49 8	 => 190
 40 2 17 31 52 48	 => 190
 9 48 52 20 32 29	 => 190
 36 29 32 33 19 41	 => 190
 11 41 19 21 54 44	 => 190
 49 44 54 25 5 13	 => 190
 52 31 7 37 43 20	 => 190
 32 20 43 35 27 33	 => 190
 19 33 27 39 51 21	 => 190
 54 21 51 38 1 25	 => 190
 43 37 18 12 45 35	 => 190
 27 35 45 10 34 39	 => 190
 51 39 34 22 6 38	 => 190


===================[TEST 92]===================

##### START ##### Thu May 22 12:30:18 2003



##### CONVERGE ##### Thu May 22 12:31:57 2003

Elapsed time: 99 seconds
Total loop: 144 generations

Result : 188.412

1 17 53 41 40 38 15 18 49 30 19 44 37 11 4 33 34 25 35 31 20 28 45 27 9 23 7 42 51 13 32 48 24 21 52 47 16 3 2 36 46 43 8 50 39 26 5 22 14 29 6 54 10 12 

 1 17 53 41 40 38	 => 190
 15 38 40 18 49 30	 => 190
 19 30 49 44 37 11	 => 190
 53 4 33 34 25 41	 => 190
 40 41 25 35 31 18	 => 190
 49 18 31 20 28 44	 => 190
 37 44 28 45 27 9	 => 190
 33 23 7 42 51 34	 => 190
 25 34 51 13 32 35	 => 190
 31 35 32 48 24 20	 => 190
 28 20 24 21 52 45	 => 190
 27 45 52 47 16 3	 => 190
 51 42 2 36 46 13	 => 190
 32 13 46 43 8 48	 => 190
 24 48 8 50 39 21	 => 190
 52 21 39 26 5 47	 => 190
 46 36 22 14 29 43	 => 190
 8 43 29 6 54 50	 => 190
 39 50 54 10 12 26	 => 191


===================[TEST 93]===================

##### START ##### Thu May 22 12:31:57 2003



##### CONVERGE ##### Thu May 22 12:33:19 2003

Elapsed time: 82 seconds
Total loop: 120 generations

Result : 188.412

15 12 37 53 41 32 21 5 51 40 6 45 44 4 7 26 50 17 43 31 33 25 47 28 1 2 22 42 48 13 19 35 29 20 36 52 16 11 3 38 46 54 23 49 34 39 9 8 14 30 10 24 18 27 

 15 12 37 53 41 32	 => 190
 21 32 41 5 51 40	 => 190
 6 40 51 45 44 4	 => 190
 37 7 26 50 17 53	 => 190
 41 53 17 43 31 5	 => 190
 51 5 31 33 25 45	 => 190
 44 45 25 47 28 1	 => 190
 26 2 22 42 48 50	 => 190
 17 50 48 13 19 43	 => 190
 31 43 19 35 29 33	 => 190
 25 33 29 20 36 47	 => 190
 28 47 36 52 16 11	 => 190
 48 42 3 38 46 13	 => 190
 19 13 46 54 23 35	 => 190
 29 35 23 49 34 20	 => 190
 36 20 34 39 9 52	 => 190
 46 38 8 14 30 54	 => 190
 23 54 30 10 24 49	 => 190
 34 49 24 18 27 39	 => 191


===================[TEST 94]===================

##### START ##### Thu May 22 12:33:19 2003



##### CONVERGE ##### Thu May 22 12:34:34 2003

Elapsed time: 75 seconds
Total loop: 109 generations

Result : 188.412

9 6 34 51 50 40 1 15 49 35 11 47 36 12 20 29 33 23 19 32 25 22 53 27 5 3 28 45 52 17 46 38 30 21 39 44 10 18 2 43 31 42 16 48 37 41 8 13 7 54 4 26 14 24 

 9 6 34 51 50 40	 => 190
 1 40 50 15 49 35	 => 190
 11 35 49 47 36 12	 => 190
 34 20 29 33 23 51	 => 190
 50 51 23 19 32 15	 => 190
 49 15 32 25 22 47	 => 190
 36 47 22 53 27 5	 => 190
 29 3 28 45 52 33	 => 190
 23 33 52 17 46 19	 => 190
 32 19 46 38 30 25	 => 190
 22 25 30 21 39 53	 => 190
 27 53 39 44 10 18	 => 191
 52 45 2 43 31 17	 => 190
 46 17 31 42 16 38	 => 190
 30 38 16 48 37 21	 => 190
 39 21 37 41 8 44	 => 190
 31 43 13 7 54 42	 => 190
 16 42 54 4 26 48	 => 190
 37 48 26 14 24 41	 => 190


===================[TEST 95]===================

##### START ##### Thu May 22 12:34:34 2003



##### CONVERGE ##### Thu May 22 12:36:01 2003

Elapsed time: 87 seconds
Total loop: 128 generations

Result : 187.85

15 5 33 48 46 43 3 18 51 29 13 30 41 26 2 42 53 12 38 28 54 9 50 39 21 8 14 34 40 24 23 27 20 25 32 47 16 6 10 37 45 49 22 52 44 35 7 4 19 36 1 31 11 17 

 15 5 33 48 46 43	 => 190
 3 43 46 18 51 29	 => 190
 13 29 51 30 41 26	 => 190
 33 2 42 53 12 48	 => 190
 46 48 12 38 28 18	 => 190
 51 18 28 54 9 30	 => 190
 41 30 9 50 39 21	 => 190
 42 8 14 34 40 53	 => 191
 12 53 40 24 23 38	 => 190
 28 38 23 27 20 54	 => 190
 9 54 20 25 32 50	 => 190
 39 50 32 47 16 6	 => 190
 40 34 10 37 45 24	 => 190
 23 24 45 49 22 27	 => 190
 20 27 22 52 44 25	 => 190
 32 25 44 35 7 47	 => 190
 45 37 4 19 36 49	 => 190
 22 49 36 1 31 52	 => 191
 44 52 31 11 17 35	 => 190


===================[TEST 96]===================

##### START ##### Thu May 22 12:36:01 2003



##### CONVERGE ##### Thu May 22 12:36:47 2003

Elapsed time: 46 seconds
Total loop: 66 generations

Result : 186.412

13 15 39 41 46 34 2 14 44 48 16 42 27 11 18 30 29 31 36 20 43 25 45 40 9 23 28 26 52 21 19 53 17 7 51 37 4 12 8 32 49 24 22 35 54 38 1 33 3 47 10 50 6 5 

 13 15 39 41 46 34	 => 188
 2 34 46 14 44 48	 => 188
 16 48 44 42 27 11	 => 188
 39 18 30 29 31 41	 => 188
 46 41 31 36 20 14	 => 188
 44 14 20 43 25 42	 => 188
 27 42 25 45 40 9	 => 188
 30 23 28 26 52 29	 => 188
 31 29 52 21 19 36	 => 188
 20 36 19 53 17 43	 => 188
 25 43 17 7 51 45	 => 188
 40 45 51 37 4 12	 => 189
 52 26 8 32 49 21	 => 188
 19 21 49 24 22 53	 => 188
 17 53 22 35 54 7	 => 188
 51 7 54 38 1 37	 => 188
 49 32 33 3 47 24	 => 188
 22 24 47 10 50 35	 => 188
 54 35 50 6 5 38	 => 188


===================[TEST 97]===================

##### START ##### Thu May 22 12:36:47 2003



##### CONVERGE ##### Thu May 22 12:37:47 2003

Elapsed time: 60 seconds
Total loop: 88 generations

Result : 187.412

1 3 42 47 52 44 5 22 41 25 16 54 35 18 2 29 48 21 10 37 20 15 46 31 8 6 14 39 53 24 33 38 51 13 45 43 7 17 9 34 30 36 28 32 27 50 11 23 26 40 4 49 12 19 

 1 3 42 47 52 44	 => 189
 5 44 52 22 41 25	 => 189
 16 25 41 54 35 18	 => 189
 42 2 29 48 21 47	 => 189
 52 47 21 10 37 22	 => 189
 41 22 37 20 15 54	 => 189
 35 54 15 46 31 8	 => 189
 29 6 14 39 53 48	 => 189
 21 48 53 24 33 10	 => 189
 37 10 33 38 51 20	 => 189
 15 20 51 13 45 46	 => 190
 31 46 45 43 7 17	 => 189
 53 39 9 34 30 24	 => 189
 33 24 30 36 28 38	 => 189
 51 38 28 32 27 13	 => 189
 45 13 27 50 11 43	 => 189
 30 34 23 26 40 36	 => 189
 28 36 40 4 49 32	 => 189
 27 32 49 12 19 50	 => 189


===================[TEST 98]===================

##### START ##### Thu May 22 12:37:47 2003



##### CONVERGE ##### Thu May 22 12:38:46 2003

Elapsed time: 59 seconds
Total loop: 86 generations

Result : 186.85

4 20 37 44 50 34 3 11 48 43 8 41 23 26 1 47 51 9 42 33 35 21 46 36 22 10 5 49 27 29 31 16 32 17 38 45 18 6 2 28 54 40 19 52 53 25 12 14 30 24 15 39 7 13 

 4 20 37 44 50 34	 => 189
 3 34 50 11 48 43	 => 189
 8 43 48 41 23 26	 => 189
 37 1 47 51 9 44	 => 189
 50 44 9 42 33 11	 => 189
 48 11 33 35 21 41	 => 189
 23 41 21 46 36 22	 => 189
 47 10 5 49 27 51	 => 189
 9 51 27 29 31 42	 => 189
 33 42 31 16 32 35	 => 189
 21 35 32 17 38 46	 => 189
 36 46 38 45 18 6	 => 189
 27 49 2 28 54 29	 => 189
 31 29 54 40 19 16	 => 189
 32 16 19 52 53 17	 => 189
 38 17 53 25 12 45	 => 190
 54 28 14 30 24 40	 => 190
 19 40 24 15 39 52	 => 189
 53 52 39 7 13 25	 => 189


===================[TEST 99]===================

##### START ##### Thu May 22 12:38:46 2003



##### CONVERGE ##### Thu May 22 12:40:06 2003

Elapsed time: 80 seconds
Total loop: 117 generations

Result : 188.306

6 3 26 51 54 50 12 11 44 19 20 49 34 24 14 47 45 7 36 31 38 17 53 35 2 1 15 30 52 21 29 33 23 22 37 27 28 9 4 41 42 40 25 39 48 43 13 5 16 46 8 32 10 18 

 6 3 26 51 54 50	 => 190
 12 50 54 11 44 19	 => 190
 20 19 44 49 34 24	 => 190
 26 14 47 45 7 51	 => 190
 54 51 7 36 31 11	 => 190
 44 11 31 38 17 49	 => 190
 34 49 17 53 35 2	 => 190
 47 1 15 30 52 45	 => 190
 7 45 52 21 29 36	 => 190
 31 36 29 33 23 38	 => 190
 17 38 23 22 37 53	 => 190
 35 53 37 27 28 9	 => 189
 52 30 4 41 42 21	 => 190
 29 21 42 40 25 33	 => 190
 23 33 25 39 48 22	 => 190
 37 22 48 43 13 27	 => 190
 42 41 5 16 46 40	 => 190
 25 40 46 8 32 39	 => 190
 48 39 32 10 18 43	 => 190


===================[TEST 100]===================

##### START ##### Thu May 22 12:40:06 2003



##### CONVERGE ##### Thu May 22 12:41:30 2003

Elapsed time: 84 seconds
Total loop: 123 generations

Result : 188.306

10 27 31 47 40 35 14 8 52 41 6 48 30 13 3 42 43 24 37 34 23 25 49 29 9 2 21 38 44 16 26 33 36 18 39 51 15 7 22 17 53 50 12 45 46 32 4 5 11 54 1 28 20 19 

 10 27 31 47 40 35	 => 190
 14 35 40 8 52 41	 => 190
 6 41 52 48 30 13	 => 190
 31 3 42 43 24 47	 => 190
 40 47 24 37 34 8	 => 190
 52 8 34 23 25 48	 => 190
 30 48 25 49 29 9	 => 190
 42 2 21 38 44 43	 => 190
 24 43 44 16 26 37	 => 190
 34 37 26 33 36 23	 => 189
 25 23 36 18 39 49	 => 190
 29 49 39 51 15 7	 => 190
 44 38 22 17 53 16	 => 190
 26 16 53 50 12 33	 => 190
 36 33 12 45 46 18	 => 190
 39 18 46 32 4 51	 => 190
 53 17 5 11 54 50	 => 190
 12 50 54 1 28 45	 => 190
 46 45 28 20 19 32	 => 190



test#	fitness		sum		time
---------------------------------------------------
1	187.478				104
2	187.215				70
3	187.64				80
4	188.306				79
5	187.85				77
6	188.306				85
7	188.412				73
8	187.85				65
9	188.412				118
10	187.412				76
11	188.412				102
12	187.85				82
13	187.794				88
14	187.478				92
15	187.85				82
16	186.85				44
17	187.85				69
18	187.85				59
19	187.85				64
20	187.501				79
21	186.478				54
22	187.027				62
23	187.616				69
24	187.478				65
25	187.412				83
26	187.794				136
27	188.412				122
28	189		189		57
29	188.412				92
30	188.412				91
31	188.412				72
32	187.85				55
33	187.306				71
34	185.85				54
35	187.794				80
36	186.64				66
37	187.85				109
38	187.053				60
39	187.501				108
40	186.616				86
41	187.64				82
42	187.64				82
43	187.794				82
44	188.412				93
45	186.85				47
46	187.478				95
47	186.215				57
48	190		190		71
49	188.306				71
50	187.268				90
51	187.85				75
52	187.412				66
53	187.85				72
54	188.412				74
55	187.64				57
56	187.087				92
57	187.478				47
58	187.64				66
59	187.85				80
60	187.64				87
61	187.794				131
62	187.85				109
63	188.412				94
64	188.412				64
65	188.163				83
66	186.85				54
67	187.412				82
68	187.268				66
69	187.268				68
70	188.412				82
71	188.163				73
72	187.412				99
73	187.85				69
74	187.412				52
75	188.412				66
76	187.478				68
77	187.85				86
78	187.64				99
79	188.163				104
80	188.412				92
81	187.412		180		73
82	187.64				47
83	187.412				66
84	187.64				55
85	187.478				54
86	187.85				77
87	190		190		91
88	187.85				96
89	188.412				75
90	187.478				82
91	188.412				75
92	188.412				99
93	188.412				82
94	188.412				75
95	187.85				87
96	186.412				46
97	187.412				60
98	186.85				59
99	188.306				80
100	188.306				84


---------------------------------------------------
Best fitness      : 190 ( test# 48)
Best solution sum : 190 ( test# 48)
Shortest time     : 44 ( test# 16)

Average fitness   : 187.761
Average sol. sum  : 187.25
Average time      : 77.7
