****************** GA TEST *******************

total test#:			 3
hexa min width:			 3
hexa max width:			 7
hexa count:			 43
number count:			 110
population size:		 130
generation size:		 50

tournament winner p:		 1
do xover p:			 1
xover:				 2points
do mutation1 p:			 0.1
mutation1 p:			 0.05
do optimize p:			 0.65
local optimize count:		 6000
do deep better optimize p:	 1
do deep worse optimize p:	 0
do spin p:			 0
spin count:			 1000
do spin apply p:		 1
do mutation2 p:			 0.12
mutation2 p:			 0.08
force mutation2:		 1
replace bad p:			 0.195

converge rate p:		 0.99
converge count:			 1

**********************************************


===================[TEST 1]===================

##### START ##### Thu May 22 03:44:04 2003



##### CONVERGE ##### Thu May 22 03:54:02 2003

Elapsed time: 598 seconds
Total loop: 159 generations

Result : 356.476

43 15 91 88 95 29 13 41 76 107 52 106 14 6 65 25 82 10 104 22 62 54 46 109 32 3 105 85 61 78 26 66 81 20 98 86 4 18 34 57 72 8 87 42 79 71 92 31 103 23 102 63 83 5 27 110 90 56 48 97 7 45 67 40 28 35 70 84 12 30 16 38 51 74 36 75 100 21 89 108 60 53 59 9 93 96 33 47 49 69 50 24 99 17 2 64 73 101 58 80 55 94 39 68 11 44 1 77 37 19 

 43 15 91 88 95 29	 => 361
 13 29 95 41 76 107	 => 361
 52 107 76 106 14 6	 => 361
 91 65 25 82 10 88	 => 361
 95 88 10 104 22 41	 => 360
 76 41 22 62 54 106	 => 361
 14 106 54 46 109 32	 => 361
 25 3 105 85 61 82	 => 361
 10 82 61 78 26 104	 => 361
 22 104 26 66 81 62	 => 361
 54 62 81 20 98 46	 => 361
 109 46 98 86 4 18	 => 361
 105 34 57 72 8 85	 => 361
 61 85 8 87 42 78	 => 361
 26 78 42 79 71 66	 => 362
 81 66 71 92 31 20	 => 361
 98 20 31 103 23 86	 => 361
 4 86 23 102 63 83	 => 361
 57 5 27 110 90 72	 => 361
 8 72 90 56 48 87	 => 361
 42 87 48 97 7 79	 => 360
 71 79 7 45 67 92	 => 361
 31 92 67 40 28 103	 => 361
 23 103 28 35 70 102	 => 361
 63 102 70 84 12 30	 => 361
 90 110 16 38 51 56	 => 361
 48 56 51 74 36 97	 => 362
 7 97 36 75 100 45	 => 360
 67 45 100 21 89 40	 => 362
 28 40 89 108 60 35	 => 360
 70 35 60 53 59 84	 => 361
 51 38 9 93 96 74	 => 361
 36 74 96 33 47 75	 => 361
 100 75 47 49 69 21	 => 361
 89 21 69 50 24 108	 => 361
 60 108 24 99 17 53	 => 361
 96 93 2 64 73 33	 => 361
 47 33 73 101 58 49	 => 361
 69 49 58 80 55 50	 => 361
 24 50 55 94 39 99	 => 361
 73 64 68 11 44 101	 => 361
 58 101 44 1 77 80	 => 361
 55 80 77 37 19 94	 => 362


===================[TEST 2]===================

##### START ##### Thu May 22 03:54:02 2003



##### CONVERGE ##### Thu May 22 04:02:54 2003

Elapsed time: 532 seconds
Total loop: 143 generations

Result : 355

11 9 58 100 102 80 45 25 71 37 76 46 105 26 49 12 109 32 3 98 42 78 110 20 1 8 69 88 74 81 61 55 101 5 24 95 82 29 2 86 99 16 84 18 107 39 65 94 70 72 7 87 17 4 52 66 54 48 59 62 30 92 28 60 43 79 89 97 33 47 64 21 108 50 34 85 57 19 104 36 38 44 13 15 73 93 14 83 10 106 6 90 77 75 31 53 96 91 67 68 103 63 22 23 41 56 27 51 40 35 

 11 9 58 100 102 80	 => 360
 45 80 102 25 71 37	 => 360
 76 37 71 46 105 26	 => 361
 58 49 12 109 32 100	 => 360
 102 100 32 3 98 25	 => 360
 71 25 98 42 78 46	 => 360
 105 46 78 110 20 1	 => 360
 12 8 69 88 74 109	 => 360
 32 109 74 81 61 3	 => 360
 98 3 61 55 101 42	 => 360
 78 42 101 5 24 110	 => 360
 20 110 24 95 82 29	 => 360
 69 2 86 99 16 88	 => 360
 74 88 16 84 18 81	 => 361
 61 81 18 107 39 55	 => 361
 101 55 39 65 94 5	 => 359
 24 5 94 70 72 95	 => 360
 82 95 72 7 87 17	 => 360
 86 4 52 66 54 99	 => 361
 16 99 54 48 59 84	 => 360
 18 84 59 62 30 107	 => 360
 39 107 30 92 28 65	 => 361
 94 65 28 60 43 70	 => 360
 72 70 43 79 89 7	 => 360
 87 7 89 97 33 47	 => 360
 54 66 64 21 108 48	 => 361
 59 48 108 50 34 62	 => 361
 30 62 34 85 57 92	 => 360
 28 92 57 19 104 60	 => 360
 43 60 104 36 38 79	 => 360
 89 79 38 44 13 97	 => 360
 108 21 15 73 93 50	 => 360
 34 50 93 14 83 85	 => 359
 57 85 83 10 106 19	 => 360
 104 19 106 6 90 36	 => 361
 38 36 90 77 75 44	 => 360
 93 73 31 53 96 14	 => 360
 83 14 96 91 67 10	 => 361
 106 10 67 68 103 6	 => 360
 90 6 103 63 22 77	 => 361
 96 53 23 41 56 91	 => 360
 67 91 56 27 51 68	 => 360
 103 68 51 40 35 63	 => 360


===================[TEST 3]===================

##### START ##### Thu May 22 04:02:55 2003



##### CONVERGE ##### Thu May 22 04:17:39 2003

Elapsed time: 884 seconds
Total loop: 238 generations

Result : 358.52

56 1 10 103 94 100 7 21 105 36 52 93 50 27 12 89 107 43 54 48 25 71 51 79 19 11 18 53 85 8 67 82 87 38 91 96 44 3 23 95 102 72 76 69 90 47 33 77 4 57 99 55 13 6 16 104 40 45 28 84 17 78 98 86 65 74 64 101 30 14 20 66 88 37 81 60 42 26 34 41 63 39 22 5 59 108 9 68 61 106 46 110 109 2 15 97 75 80 70 49 31 35 32 58 24 29 62 73 83 92 

 56 1 10 103 94 100	 => 364
 7 100 94 21 105 36	 => 363
 52 36 105 93 50 27	 => 363
 10 12 89 107 43 103	 => 364
 94 103 43 54 48 21	 => 363
 105 21 48 25 71 93	 => 363
 50 93 71 51 79 19	 => 363
 89 11 18 53 85 107	 => 363
 43 107 85 8 67 54	 => 364
 48 54 67 82 87 25	 => 363
 71 25 87 38 91 51	 => 363
 79 51 91 96 44 3	 => 364
 18 23 95 102 72 53	 => 363
 85 53 72 76 69 8	 => 363
 67 8 69 90 47 82	 => 363
 87 82 47 33 77 38	 => 364
 91 38 77 4 57 96	 => 363
 44 96 57 99 55 13	 => 364
 95 6 16 104 40 102	 => 363
 72 102 40 45 28 76	 => 363
 69 76 28 84 17 90	 => 364
 47 90 17 78 98 33	 => 363
 77 33 98 86 65 4	 => 363
 57 4 65 74 64 99	 => 363
 55 99 64 101 30 14	 => 363
 40 104 20 66 88 45	 => 363
 28 45 88 37 81 84	 => 363
 17 84 81 60 42 78	 => 362
 98 78 42 26 34 86	 => 364
 65 86 34 41 63 74	 => 363
 64 74 63 39 22 101	 => 363
 88 66 5 59 108 37	 => 363
 81 37 108 9 68 60	 => 363
 42 60 68 61 106 26	 => 363
 34 26 106 46 110 41	 => 363
 63 41 110 109 2 39	 => 364
 108 59 15 97 75 9	 => 363
 68 9 75 80 70 61	 => 363
 106 61 70 49 31 46	 => 363
 110 46 31 35 32 109	 => 363
 75 97 58 24 29 80	 => 363
 70 80 29 62 73 49	 => 363
 31 49 73 83 92 35	 => 363



test#	fitness		sum		time
---------------------------------------------------
1	356.476				598
2	355				532
3	358.52				884


---------------------------------------------------
Best fitness      : 358.52 ( test# 3)
Shortest time     : 532 ( test# 2)

Average fitness   : 356.665
Average time      : 671.333
