****************** GA TEST *******************

total test#:			 3
hexa min width:			 3
hexa max width:			 7
hexa count:			 43
number count:			 110
population size:		 130
generation size:		 50

tournament winner p:		 1
do xover p:			 1
xover:				 3points
do mutation1 p:			 0.1
mutation1 p:			 0.05
do optimize p:			 0.65
local optimize count:		 6000
do deep better optimize p:	 1
do deep worse optimize p:	 0
do spin p:			 0
spin count:			 1000
do spin apply p:		 1
do mutation2 p:			 0.12
mutation2 p:			 0.08
force mutation2:		 0
replace bad p:			 0.195

converge rate p:		 0.99
converge count:			 1

**********************************************


===================[TEST 1]===================

##### START ##### Thu May 22 04:17:42 2003



##### CONVERGE ##### Thu May 22 04:30:50 2003

Elapsed time: 788 seconds
Total loop: 211 generations

Result : 360.902

35 24 83 87 94 42 25 56 38 110 34 71 93 19 4 45 91 55 14 60 79 61 39 98 3 29 78 54 68 41 96 7 108 8 70 89 43 26 16 58 109 50 105 46 95 80 66 97 17 84 107 32 10 5 37 103 53 21 27 52 40 33 51 72 62 28 67 92 47 20 64 23 101 88 76 106 59 74 77 36 90 86 2 85 57 11 69 15 63 48 31 100 44 9 22 102 104 65 49 75 99 73 18 1 12 81 13 82 6 30 

 35 24 83 87 94 42	 => 365
 25 42 94 56 38 110	 => 365
 34 110 38 71 93 19	 => 365
 83 4 45 91 55 87	 => 365
 94 87 55 14 60 56	 => 366
 38 56 60 79 61 71	 => 365
 93 71 61 39 98 3	 => 365
 45 29 78 54 68 91	 => 365
 55 91 68 41 96 14	 => 365
 60 14 96 7 108 79	 => 364
 61 79 108 8 70 39	 => 365
 98 39 70 89 43 26	 => 365
 78 16 58 109 50 54	 => 365
 68 54 50 105 46 41	 => 364
 96 41 46 95 80 7	 => 365
 108 7 80 66 97 8	 => 366
 70 8 97 17 84 89	 => 365
 43 89 84 107 32 10	 => 365
 58 5 37 103 53 109	 => 365
 50 109 53 21 27 105	 => 365
 46 105 27 52 40 95	 => 365
 80 95 40 33 51 66	 => 365
 97 66 51 72 62 17	 => 365
 84 17 62 28 67 107	 => 365
 32 107 67 92 47 20	 => 365
 53 103 64 23 101 21	 => 365
 27 21 101 88 76 52	 => 365
 40 52 76 106 59 33	 => 366
 51 33 59 74 77 72	 => 366
 62 72 77 36 90 28	 => 365
 67 28 90 86 2 92	 => 365
 101 23 85 57 11 88	 => 365
 76 88 11 69 15 106	 => 365
 59 106 15 63 48 74	 => 365
 77 74 48 31 100 36	 => 366
 90 36 100 44 9 86	 => 365
 11 57 22 102 104 69	 => 365
 15 69 104 65 49 63	 => 365
 48 63 49 75 99 31	 => 365
 100 31 99 73 18 44	 => 365
 104 102 1 12 81 65	 => 365
 49 65 81 13 82 75	 => 365
 99 75 82 6 30 73	 => 365


===================[TEST 2]===================

##### START ##### Thu May 22 04:30:50 2003



##### CONVERGE ##### Thu May 22 04:47:59 2003

Elapsed time: 1029 seconds
Total loop: 276 generations

Result : 356.318

68 58 55 75 83 24 32 56 88 80 1 91 98 5 33 105 89 7 77 64 34 30 107 21 16 18 4 52 95 10 86 50 53 38 100 43 81 11 17 109 110 71 31 104 41 72 66 84 12 87 108 29 15 2 6 74 63 48 40 103 45 39 102 73 25 69 62 51 93 20 13 106 60 85 28 90 57 70 23 78 96 82 3 27 36 49 65 47 46 54 59 79 19 9 44 94 76 92 37 67 101 97 8 61 14 26 99 42 22 35 

 68 58 55 75 83 24	 => 363
 32 24 83 56 88 80	 => 363
 1 80 88 91 98 5	 => 363
 55 33 105 89 7 75	 => 364
 83 75 7 77 64 56	 => 362
 88 56 64 34 30 91	 => 363
 98 91 30 107 21 16	 => 363
 105 18 4 52 95 89	 => 363
 7 89 95 10 86 77	 => 364
 64 77 86 50 53 34	 => 364
 30 34 53 38 100 107	 => 362
 21 107 100 43 81 11	 => 363
 4 17 109 110 71 52	 => 363
 95 52 71 31 104 10	 => 363
 86 10 104 41 72 50	 => 363
 53 50 72 66 84 38	 => 363
 100 38 84 12 87 43	 => 364
 81 43 87 108 29 15	 => 363
 109 2 6 74 63 110	 => 364
 71 110 63 48 40 31	 => 363
 104 31 40 103 45 41	 => 364
 72 41 45 39 102 66	 => 365
 84 66 102 73 25 12	 => 362
 87 12 25 69 62 108	 => 363
 29 108 62 51 93 20	 => 363
 63 74 13 106 60 48	 => 364
 40 48 60 85 28 103	 => 364
 45 103 28 90 57 39	 => 362
 102 39 57 70 23 73	 => 364
 25 73 23 78 96 69	 => 364
 62 69 96 82 3 51	 => 363
 60 106 27 36 49 85	 => 363
 28 85 49 65 47 90	 => 364
 57 90 47 46 54 70	 => 364
 23 70 54 59 79 78	 => 363
 96 78 79 19 9 82	 => 363
 49 36 44 94 76 65	 => 364
 47 65 76 92 37 46	 => 363
 54 46 37 67 101 59	 => 364
 79 59 101 97 8 19	 => 363
 76 94 61 14 26 92	 => 363
 37 92 26 99 42 67	 => 363
 101 67 42 22 35 97	 => 364


===================[TEST 3]===================

##### START ##### Thu May 22 04:48:00 2003



##### CONVERGE ##### Thu May 22 05:01:23 2003

Elapsed time: 803 seconds
Total loop: 212 generations

Result : 357.477

3 10 96 77 87 89 74 45 60 8 40 108 102 44 7 20 76 86 48 19 90 41 84 22 5 51 37 98 81 6 66 107 33 12 103 109 29 15 9 55 105 59 27 92 1 91 93 26 30 82 110 18 14 4 53 106 39 64 69 70 104 13 61 95 58 11 72 99 36 28 25 57 71 73 16 63 97 50 46 68 85 75 21 35 49 78 52 80 31 42 56 100 32 2 17 101 65 47 88 67 79 62 34 24 43 83 54 23 38 94 

 3 10 96 77 87 89	 => 362
 74 89 87 45 60 8	 => 363
 40 8 60 108 102 44	 => 362
 96 7 20 76 86 77	 => 362
 87 77 86 48 19 45	 => 362
 60 45 19 90 41 108	 => 363
 102 108 41 84 22 5	 => 362
 20 51 37 98 81 76	 => 363
 86 76 81 6 66 48	 => 363
 19 48 66 107 33 90	 => 363
 41 90 33 12 103 84	 => 363
 22 84 103 109 29 15	 => 362
 37 9 55 105 59 98	 => 363
 81 98 59 27 92 6	 => 363
 66 6 92 1 91 107	 => 363
 33 107 91 93 26 12	 => 362
 103 12 26 30 82 109	 => 362
 29 109 82 110 18 14	 => 362
 55 4 53 106 39 105	 => 362
 59 105 39 64 69 27	 => 363
 92 27 69 70 104 1	 => 363
 91 1 104 13 61 93	 => 363
 26 93 61 95 58 30	 => 363
 82 30 58 11 72 110	 => 363
 18 110 72 99 36 28	 => 363
 39 106 25 57 71 64	 => 362
 69 64 71 73 16 70	 => 363
 104 70 16 63 97 13	 => 363
 61 13 97 50 46 95	 => 362
 58 95 46 68 85 11	 => 363
 72 11 85 75 21 99	 => 363
 71 57 35 49 78 73	 => 363
 16 73 78 52 80 63	 => 362
 97 63 80 31 42 50	 => 363
 46 50 42 56 100 68	 => 362
 85 68 100 32 2 75	 => 362
 78 49 17 101 65 52	 => 362
 80 52 65 47 88 31	 => 363
 42 31 88 67 79 56	 => 363
 100 56 79 62 34 32	 => 363
 65 101 24 43 83 47	 => 363
 88 47 83 54 23 67	 => 362
 79 67 23 38 94 62	 => 363



test#	fitness		sum		time
---------------------------------------------------
1	360.902				788
2	356.318				1029
3	357.477				803


---------------------------------------------------
Best fitness      : 360.902 ( test# 1)
Shortest time     : 788 ( test# 1)

Average fitness   : 358.232
Average time      : 873.333
