****************** GA TEST *******************

total test#:			 3
hexa min width:			 3
hexa max width:			 7
hexa count:			 43
number count:			 110
population size:		 130
generation size:		 50

tournament winner p:		 1
do xover p:			 1
xover:				 1points
do mutation1 p:			 0.1
mutation1 p:			 0.05
do optimize p:			 0.65
local optimize count:		 6000
do deep better optimize p:	 1
do deep worse optimize p:	 0
do spin p:			 0
spin count:			 1000
do spin apply p:		 1
do mutation2 p:			 0.12
mutation2 p:			 0.08
force mutation2:		 0
replace bad p:			 0.195

converge rate p:		 0.99
converge count:			 1

**********************************************


===================[TEST 1]===================

##### START ##### Thu May 22 05:01:26 2003



##### CONVERGE ##### Thu May 22 05:07:52 2003

Elapsed time: 386 seconds
Total loop: 103 generations

Result : 353.168

33 16 81 40 80 108 14 53 98 5 92 55 74 34 37 78 79 43 36 106 35 11 105 84 29 15 96 60 30 97 73 6 102 59 45 65 57 2 24 61 48 68 56 47 109 26 89 76 18 95 8 104 28 49 110 4 86 75 25 63 58 67 9 72 94 42 101 90 3 52 46 77 69 88 38 32 100 93 17 91 41 62 21 31 23 70 66 64 50 19 87 51 85 27 13 82 103 54 20 99 83 39 12 10 1 107 7 71 44 22 

 33 16 81 40 80 108	 => 358
 14 108 80 53 98 5	 => 358
 92 5 98 55 74 34	 => 358
 81 37 78 79 43 40	 => 358
 80 40 43 36 106 53	 => 358
 98 53 106 35 11 55	 => 358
 74 55 11 105 84 29	 => 358
 78 15 96 60 30 79	 => 358
 43 79 30 97 73 36	 => 358
 106 36 73 6 102 35	 => 358
 11 35 102 59 45 105	 => 357
 84 105 45 65 57 2	 => 358
 96 24 61 48 68 60	 => 357
 30 60 68 56 47 97	 => 358
 73 97 47 109 26 6	 => 358
 102 6 26 89 76 59	 => 358
 45 59 76 18 95 65	 => 358
 57 65 95 8 104 28	 => 357
 61 49 110 4 86 48	 => 358
 68 48 86 75 25 56	 => 358
 47 56 25 63 58 109	 => 358
 26 109 58 67 9 89	 => 358
 76 89 9 72 94 18	 => 358
 95 18 94 42 101 8	 => 358
 104 8 101 90 3 52	 => 358
 86 4 46 77 69 75	 => 357
 25 75 69 88 38 63	 => 358
 58 63 38 32 100 67	 => 358
 9 67 100 93 17 72	 => 358
 94 72 17 91 41 42	 => 357
 101 42 41 62 21 90	 => 357
 69 77 31 23 70 88	 => 358
 38 88 70 66 64 32	 => 358
 100 32 64 50 19 93	 => 358
 17 93 19 87 51 91	 => 358
 41 91 51 85 27 62	 => 357
 70 23 13 82 103 66	 => 357
 64 66 103 54 20 50	 => 357
 19 50 20 99 83 87	 => 358
 51 87 83 39 12 85	 => 357
 103 82 10 1 107 54	 => 357
 20 54 107 7 71 99	 => 358
 83 99 71 44 22 39	 => 358


===================[TEST 2]===================

##### START ##### Thu May 22 05:07:52 2003



##### CONVERGE ##### Thu May 22 05:13:57 2003

Elapsed time: 365 seconds
Total loop: 97 generations

Result : 356.524

5 57 71 43 88 97 7 53 64 51 66 84 93 3 12 73 54 107 8 62 79 19 68 58 38 2 96 27 109 63 20 101 91 61 42 92 100 1 6 45 103 83 4 75 76 26 35 47 102 17 36 105 11 87 14 99 13 80 78 22 106 48 70 52 55 69 82 23 94 21 28 33 108 41 32 86 67 85 39 72 74 104 9 56 25 98 60 44 30 49 81 34 46 31 10 90 77 110 40 65 95 89 15 18 16 50 37 59 24 29 

 5 57 71 43 88 97	 => 361
 7 97 88 53 64 51	 => 360
 66 51 64 84 93 3	 => 361
 71 12 73 54 107 43	 => 360
 88 43 107 8 62 53	 => 361
 64 53 62 79 19 84	 => 361
 93 84 19 68 58 38	 => 360
 73 2 96 27 109 54	 => 361
 107 54 109 63 20 8	 => 361
 62 8 20 101 91 79	 => 361
 19 79 91 61 42 68	 => 360
 58 68 42 92 100 1	 => 361
 96 6 45 103 83 27	 => 360
 109 27 83 4 75 63	 => 361
 20 63 75 76 26 101	 => 361
 91 101 26 35 47 61	 => 361
 42 61 47 102 17 92	 => 361
 100 92 17 36 105 11	 => 361
 45 87 14 99 13 103	 => 361
 83 103 13 80 78 4	 => 361
 75 4 78 22 106 76	 => 361
 26 76 106 48 70 35	 => 361
 47 35 70 52 55 102	 => 361
 17 102 55 69 82 36	 => 361
 105 36 82 23 94 21	 => 361
 13 99 28 33 108 80	 => 361
 78 80 108 41 32 22	 => 361
 106 22 32 86 67 48	 => 361
 70 48 67 85 39 52	 => 361
 55 52 39 72 74 69	 => 361
 82 69 74 104 9 23	 => 361
 108 33 56 25 98 41	 => 361
 32 41 98 60 44 86	 => 361
 67 86 44 30 49 85	 => 361
 39 85 49 81 34 72	 => 360
 74 72 34 46 31 104	 => 361
 98 25 10 90 77 60	 => 360
 44 60 77 110 40 30	 => 361
 49 30 40 65 95 81	 => 360
 34 81 95 89 15 46	 => 360
 77 90 18 16 50 110	 => 361
 40 110 50 37 59 65	 => 361
 95 65 59 24 29 89	 => 361


===================[TEST 3]===================

##### START ##### Thu May 22 05:13:57 2003



##### CONVERGE ##### Thu May 22 05:19:12 2003

Elapsed time: 315 seconds
Total loop: 85 generations

Result : 352.064

39 87 14 78 106 33 18 66 84 49 99 54 60 11 108 6 104 46 55 5 97 50 76 92 24 65 75 70 36 51 64 56 79 23 31 98 58 1 20 29 103 59 40 100 82 3 95 101 62 41 91 53 15 21 32 90 81 69 4 25 105 26 45 34 19 67 77 22 85 28 13 9 94 83 80 73 47 96 109 17 110 8 72 30 93 48 35 37 42 61 2 71 107 43 10 68 102 52 88 89 74 86 16 44 27 63 7 57 12 38 

 39 87 14 78 106 33	 => 357
 18 33 106 66 84 49	 => 356
 99 49 84 54 60 11	 => 357
 14 108 6 104 46 78	 => 356
 106 78 46 55 5 66	 => 356
 84 66 5 97 50 54	 => 356
 60 54 50 76 92 24	 => 356
 6 65 75 70 36 104	 => 356
 46 104 36 51 64 55	 => 356
 5 55 64 56 79 97	 => 356
 50 97 79 23 31 76	 => 356
 92 76 31 98 58 1	 => 356
 75 20 29 103 59 70	 => 356
 36 70 59 40 100 51	 => 356
 64 51 100 82 3 56	 => 356
 79 56 3 95 101 23	 => 357
 31 23 101 62 41 98	 => 356
 58 98 41 91 53 15	 => 356
 29 21 32 90 81 103	 => 356
 59 103 81 69 4 40	 => 356
 100 40 4 25 105 82	 => 356
 3 82 105 26 45 95	 => 356
 101 95 45 34 19 62	 => 356
 41 62 19 67 77 91	 => 357
 53 91 77 22 85 28	 => 356
 81 90 13 9 94 69	 => 356
 4 69 94 83 80 25	 => 355
 105 25 80 73 47 26	 => 356
 45 26 47 96 109 34	 => 357
 19 34 109 17 110 67	 => 356
 77 67 110 8 72 22	 => 356
 94 9 30 93 48 83	 => 357
 80 83 48 35 37 73	 => 356
 47 73 37 42 61 96	 => 356
 109 96 61 2 71 17	 => 356
 110 17 71 107 43 8	 => 356
 48 93 10 68 102 35	 => 356
 37 35 102 52 88 42	 => 356
 61 42 88 89 74 2	 => 356
 71 2 74 86 16 107	 => 356
 102 68 44 27 63 52	 => 356
 88 52 63 7 57 89	 => 356
 74 89 57 12 38 86	 => 356



test#	fitness		sum		time
---------------------------------------------------
1	353.168				386
2	356.524				365
3	352.064				315


---------------------------------------------------
Best fitness      : 356.524 ( test# 2)
Shortest time     : 315 ( test# 3)

Average fitness   : 353.919
Average time      : 355.333
