****************** GA TEST *******************

total test#:			 3
hexa min width:			 3
hexa max width:			 7
hexa count:			 43
number count:			 110
population size:		 130
generation size:		 50

tournament winner p:		 1
do xover p:			 1
xover:				 2points
do mutation1 p:			 0.1
mutation1 p:			 0.05
do optimize p:			 0.65
local optimize count:		 6000
do deep better optimize p:	 1
do deep worse optimize p:	 0
do spin p:			 0
spin count:			 1000
do spin apply p:		 1
do mutation2 p:			 0.12
mutation2 p:			 0.08
force mutation2:		 0
replace bad p:			 0.195

converge rate p:		 0.99
converge count:			 1

**********************************************


===================[TEST 1]===================

##### START ##### Thu May 22 05:19:12 2003



##### CONVERGE ##### Thu May 22 05:27:48 2003

Elapsed time: 516 seconds
Total loop: 138 generations

Result : 355.962

18 56 39 103 66 79 17 27 80 91 20 58 60 51 5 44 84 86 15 64 97 34 83 101 25 72 19 110 32 104 40 109 35 87 24 95 48 10 21 47 99 65 8 42 36 30 77 23 89 43 69 75 31 12 14 107 82 29 78 93 105 67 46 88 38 52 70 37 106 3 6 41 96 61 4 11 81 63 16 59 108 45 49 33 28 102 85 98 50 57 92 74 62 13 71 22 53 68 7 100 55 76 2 54 73 90 1 94 9 26 

 18 56 39 103 66 79	 => 361
 17 79 66 27 80 91	 => 360
 20 91 80 58 60 51	 => 360
 39 5 44 84 86 103	 => 361
 66 103 86 15 64 27	 => 361
 80 27 64 97 34 58	 => 360
 60 58 34 83 101 25	 => 361
 44 72 19 110 32 84	 => 361
 86 84 32 104 40 15	 => 361
 64 15 40 109 35 97	 => 360
 34 97 35 87 24 83	 => 360
 101 83 24 95 48 10	 => 361
 19 21 47 99 65 110	 => 361
 32 110 65 8 42 104	 => 361
 40 104 42 36 30 109	 => 361
 35 109 30 77 23 87	 => 361
 24 87 23 89 43 95	 => 361
 48 95 43 69 75 31	 => 361
 47 12 14 107 82 99	 => 361
 65 99 82 29 78 8	 => 361
 42 8 78 93 105 36	 => 362
 30 36 105 67 46 77	 => 361
 23 77 46 88 38 89	 => 361
 43 89 38 52 70 69	 => 361
 75 69 70 37 106 3	 => 360
 82 107 6 41 96 29	 => 361
 78 29 96 61 4 93	 => 361
 105 93 4 11 81 67	 => 361
 46 67 81 63 16 88	 => 361
 38 88 16 59 108 52	 => 361
 70 52 108 45 49 37	 => 361
 96 41 33 28 102 61	 => 361
 4 61 102 85 98 11	 => 361
 81 11 98 50 57 63	 => 360
 16 63 57 92 74 59	 => 361
 108 59 74 62 13 45	 => 361
 102 28 71 22 53 85	 => 361
 98 85 53 68 7 50	 => 361
 57 50 7 100 55 92	 => 361
 74 92 55 76 2 62	 => 361
 53 22 54 73 90 68	 => 360
 7 68 90 1 94 100	 => 360
 55 100 94 9 26 76	 => 360


===================[TEST 2]===================

##### START ##### Thu May 22 05:27:48 2003



##### CONVERGE ##### Thu May 22 05:37:18 2003

Elapsed time: 570 seconds
Total loop: 153 generations

Result : 357.52

8 71 60 106 76 42 64 46 102 34 53 61 99 15 47 28 103 19 32 84 31 38 105 58 3 30 18 87 97 16 96 11 110 62 17 107 37 39 9 92 88 69 2 93 70 77 63 40 59 78 73 48 21 12 5 85 82 33 89 81 27 55 72 80 49 6 98 50 65 29 22 68 74 66 20 101 79 52 25 94 109 56 45 51 91 14 108 54 41 36 90 67 24 13 4 104 43 83 35 75 86 95 1 23 10 100 26 44 57 7 

 8 71 60 106 76 42	 => 363
 64 42 76 46 102 34	 => 364
 53 34 102 61 99 15	 => 364
 60 47 28 103 19 106	 => 363
 76 106 19 32 84 46	 => 363
 102 46 84 31 38 61	 => 362
 99 61 38 105 58 3	 => 364
 28 30 18 87 97 103	 => 363
 19 103 97 16 96 32	 => 363
 84 32 96 11 110 31	 => 364
 38 31 110 62 17 105	 => 363
 58 105 17 107 37 39	 => 363
 18 9 92 88 69 87	 => 363
 97 87 69 2 93 16	 => 364
 96 16 93 70 77 11	 => 363
 110 11 77 63 40 62	 => 363
 17 62 40 59 78 107	 => 363
 37 107 78 73 48 21	 => 364
 92 12 5 85 82 88	 => 364
 69 88 82 33 89 2	 => 363
 93 2 89 81 27 70	 => 362
 77 70 27 55 72 63	 => 364
 40 63 72 80 49 59	 => 363
 78 59 49 6 98 73	 => 363
 48 73 98 50 65 29	 => 363
 82 85 22 68 74 33	 => 364
 89 33 74 66 20 81	 => 363
 27 81 20 101 79 55	 => 363
 72 55 79 52 25 80	 => 363
 49 80 25 94 109 6	 => 363
 98 6 109 56 45 50	 => 364
 74 68 51 91 14 66	 => 364
 20 66 14 108 54 101	 => 363
 79 101 54 41 36 52	 => 363
 25 52 36 90 67 94	 => 364
 109 94 67 24 13 56	 => 363
 14 91 4 104 43 108	 => 364
 54 108 43 83 35 41	 => 364
 36 41 35 75 86 90	 => 363
 67 90 86 95 1 24	 => 363
 43 104 23 10 100 83	 => 363
 35 83 100 26 44 75	 => 363
 86 75 44 57 7 95	 => 364


===================[TEST 3]===================

##### START ##### Thu May 22 05:37:18 2003



##### CONVERGE ##### Thu May 22 05:45:46 2003

Elapsed time: 508 seconds
Total loop: 136 generations

Result : 353.477

22 40 84 63 41 108 2 46 105 56 47 48 98 4 24 8 89 90 54 65 7 88 49 20 55 95 21 107 39 28 58 106 69 85 61 102 93 34 26 83 87 35 70 80 68 18 43 38 45 27 99 37 1 3 29 103 53 100 14 17 109 23 97 74 62 50 76 104 6 36 25 13 64 73 91 86 33 101 31 82 60 52 16 32 110 67 11 30 57 51 19 75 81 9 5 72 94 71 96 59 77 92 15 12 66 44 78 10 79 42 

 22 40 84 63 41 108	 => 358
 2 108 41 46 105 56	 => 358
 47 56 105 48 98 4	 => 358
 84 24 8 89 90 63	 => 358
 41 63 90 54 65 46	 => 359
 105 46 65 7 88 48	 => 359
 98 48 88 49 20 55	 => 358
 8 95 21 107 39 89	 => 359
 90 89 39 28 58 54	 => 358
 65 54 58 106 69 7	 => 359
 88 7 69 85 61 49	 => 359
 20 49 61 102 93 34	 => 359
 21 26 83 87 35 107	 => 359
 39 107 35 70 80 28	 => 359
 58 28 80 68 18 106	 => 358
 69 106 18 43 38 85	 => 359
 61 85 38 45 27 102	 => 358
 93 102 27 99 37 1	 => 359
 83 3 29 103 53 87	 => 358
 35 87 53 100 14 70	 => 359
 80 70 14 17 109 68	 => 358
 18 68 109 23 97 43	 => 358
 38 43 97 74 62 45	 => 359
 27 45 62 50 76 99	 => 359
 37 99 76 104 6 36	 => 358
 53 103 25 13 64 100	 => 358
 14 100 64 73 91 17	 => 359
 109 17 91 86 33 23	 => 359
 97 23 33 101 31 74	 => 359
 62 74 31 82 60 50	 => 359
 76 50 60 52 16 104	 => 358
 64 13 32 110 67 73	 => 359
 91 73 67 11 30 86	 => 358
 33 86 30 57 51 101	 => 358
 31 101 51 19 75 82	 => 359
 60 82 75 81 9 52	 => 359
 67 110 5 72 94 11	 => 359
 30 11 94 71 96 57	 => 359
 51 57 96 59 77 19	 => 359
 75 19 77 92 15 81	 => 359
 94 72 12 66 44 71	 => 359
 96 71 44 78 10 59	 => 358
 77 59 10 79 42 92	 => 359



test#	fitness		sum		time
---------------------------------------------------
1	355.962				516
2	357.52				570
3	353.477				508


---------------------------------------------------
Best fitness      : 357.52 ( test# 2)
Shortest time     : 508 ( test# 3)

Average fitness   : 355.653
Average time      : 531.333
