****************** GA TEST *******************

total test#:			 3
hexa min width:			 3
hexa max width:			 7
hexa count:			 43
number count:			 110
population size:		 130
generation size:		 50

tournament winner p:		 1
do xover p:			 0.95
xover:				 2points
do mutation1 p:			 0.1
mutation1 p:			 0.05
do optimize p:			 0.65
local optimize count:		 6000
do deep better optimize p:	 1
do deep worse optimize p:	 0
do spin p:			 0
spin count:			 1000
do spin apply p:		 1
do mutation2 p:			 0.12
mutation2 p:			 0.08
force mutation2:		 0
replace bad p:			 0.195

converge rate p:		 0.99
converge count:			 1

**********************************************


===================[TEST 1]===================

##### START ##### Thu May 22 05:45:50 2003



##### CONVERGE ##### Thu May 22 05:55:05 2003

Elapsed time: 555 seconds
Total loop: 151 generations

Result : 355.353

86 30 77 70 59 38 34 68 52 109 46 76 73 4 63 99 12 39 98 25 57 81 71 43 16 17 44 96 92 41 78 94 8 93 50 75 33 88 32 53 104 31 80 20 106 21 97 47 13 82 108 61 1 10 9 95 89 49 7 87 60 28 48 110 45 27 85 65 22 19 14 11 102 36 79 51 54 101 18 69 90 58 35 6 100 105 64 24 56 74 15 83 23 37 2 5 84 91 42 66 107 103 29 40 67 72 62 26 55 3 

 86 30 77 70 59 38	 => 360
 34 38 59 68 52 109	 => 360
 46 109 52 76 73 4	 => 360
 77 63 99 12 39 70	 => 360
 59 70 39 98 25 68	 => 359
 52 68 25 57 81 76	 => 359
 73 76 81 71 43 16	 => 360
 99 17 44 96 92 12	 => 360
 39 12 92 41 78 98	 => 360
 25 98 78 94 8 57	 => 360
 81 57 8 93 50 71	 => 360
 43 71 50 75 33 88	 => 360
 44 32 53 104 31 96	 => 360
 92 96 31 80 20 41	 => 360
 78 41 20 106 21 94	 => 360
 8 94 21 97 47 93	 => 360
 50 93 47 13 82 75	 => 360
 33 75 82 108 61 1	 => 360
 53 10 9 95 89 104	 => 360
 31 104 89 49 7 80	 => 360
 20 80 7 87 60 106	 => 360
 21 106 60 28 48 97	 => 360
 47 97 48 110 45 13	 => 360
 82 13 45 27 85 108	 => 360
 61 108 85 65 22 19	 => 360
 89 95 14 11 102 49	 => 360
 7 49 102 36 79 87	 => 360
 60 87 79 51 54 28	 => 359
 48 28 54 101 18 110	 => 359
 45 110 18 69 90 27	 => 359
 85 27 90 58 35 65	 => 360
 102 11 6 100 105 36	 => 360
 79 36 105 64 24 51	 => 359
 54 51 24 56 74 101	 => 360
 18 101 74 15 83 69	 => 360
 90 69 83 23 37 58	 => 360
 105 100 2 5 84 64	 => 360
 24 64 84 91 42 56	 => 361
 74 56 42 66 107 15	 => 360
 83 15 107 103 29 23	 => 360
 84 5 40 67 72 91	 => 359
 42 91 72 62 26 66	 => 359
 107 66 26 55 3 103	 => 360


===================[TEST 2]===================

##### START ##### Thu May 22 05:55:06 2003



##### CONVERGE ##### Thu May 22 06:04:20 2003

Elapsed time: 554 seconds
Total loop: 151 generations

Result : 358.082

34 35 70 82 89 52 19 18 109 75 1 99 74 4 17 62 44 87 66 20 31 85 54 41 9 77 27 102 50 8 107 93 45 37 110 58 23 76 5 67 106 55 68 79 2 73 103 12 51 94 96 81 10 14 43 100 32 65 36 86 91 40 53 104 39 26 56 97 3 29 42 33 90 69 16 46 83 25 57 72 64 95 24 11 98 60 88 84 15 108 78 21 61 49 6 63 48 105 22 47 92 80 30 38 7 101 28 59 71 13 

 34 35 70 82 89 52	 => 362
 19 52 89 18 109 75	 => 362
 1 75 109 99 74 4	 => 362
 70 17 62 44 87 82	 => 362
 89 82 87 66 20 18	 => 362
 109 18 20 31 85 99	 => 362
 74 99 85 54 41 9	 => 362
 62 77 27 102 50 44	 => 362
 87 44 50 8 107 66	 => 362
 20 66 107 93 45 31	 => 362
 85 31 45 37 110 54	 => 362
 41 54 110 58 23 76	 => 362
 27 5 67 106 55 102	 => 362
 50 102 55 68 79 8	 => 362
 107 8 79 2 73 93	 => 362
 45 93 73 103 12 37	 => 363
 110 37 12 51 94 58	 => 362
 23 58 94 96 81 10	 => 362
 67 14 43 100 32 106	 => 362
 55 106 32 65 36 68	 => 362
 79 68 36 86 91 2	 => 362
 73 2 91 40 53 103	 => 362
 12 103 53 104 39 51	 => 362
 94 51 39 26 56 96	 => 362
 81 96 56 97 3 29	 => 362
 32 100 42 33 90 65	 => 362
 36 65 90 69 16 86	 => 362
 91 86 16 46 83 40	 => 362
 53 40 83 25 57 104	 => 362
 39 104 57 72 64 26	 => 362
 56 26 64 95 24 97	 => 362
 90 33 11 98 60 69	 => 361
 16 69 60 88 84 46	 => 363
 83 46 84 15 108 25	 => 361
 57 25 108 78 21 72	 => 361
 64 72 21 61 49 95	 => 362
 60 98 6 63 48 88	 => 363
 84 88 48 105 22 15	 => 362
 108 15 22 47 92 78	 => 362
 21 78 92 80 30 61	 => 362
 48 63 38 7 101 105	 => 362
 22 105 101 28 59 47	 => 362
 92 47 59 71 13 80	 => 362


===================[TEST 3]===================

##### START ##### Thu May 22 06:04:20 2003



##### CONVERGE ##### Thu May 22 06:08:21 2003

Elapsed time: 241 seconds
Total loop: 64 generations

Result : 349.81

27 87 60 47 91 43 18 31 98 74 73 44 57 9 3 101 104 41 95 50 52 82 108 45 19 8 56 72 15 80 22 103 33 54 26 63 84 30 39 94 53 42 58 88 2 61 59 46 68 99 36 67 7 1 102 23 83 24 96 75 37 106 90 65 28 85 40 97 78 38 71 62 92 48 20 89 29 55 11 86 81 49 4 10 109 35 64 100 69 14 79 110 5 25 6 107 34 77 12 105 76 70 16 13 32 93 51 17 21 66 

 27 87 60 47 91 43	 => 355
 18 43 91 31 98 74	 => 355
 73 74 98 44 57 9	 => 355
 60 3 101 104 41 47	 => 356
 91 47 41 95 50 31	 => 355
 98 31 50 52 82 44	 => 357
 57 44 82 108 45 19	 => 355
 101 8 56 72 15 104	 => 356
 41 104 15 80 22 95	 => 357
 50 95 22 103 33 52	 => 355
 82 52 33 54 26 108	 => 355
 45 108 26 63 84 30	 => 356
 56 39 94 53 42 72	 => 356
 15 72 42 58 88 80	 => 355
 22 80 88 2 61 103	 => 356
 33 103 61 59 46 54	 => 356
 26 54 46 68 99 63	 => 356
 84 63 99 36 67 7	 => 356
 94 1 102 23 83 53	 => 356
 42 53 83 24 96 58	 => 356
 88 58 96 75 37 2	 => 356
 61 2 37 106 90 59	 => 355
 46 59 90 65 28 68	 => 356
 99 68 28 85 40 36	 => 356
 67 36 40 97 78 38	 => 356
 83 23 71 62 92 24	 => 355
 96 24 92 48 20 75	 => 355
 37 75 20 89 29 106	 => 356
 90 106 29 55 11 65	 => 356
 28 65 11 86 81 85	 => 356
 40 85 81 49 4 97	 => 356
 92 62 10 109 35 48	 => 356
 20 48 35 64 100 89	 => 356
 29 89 100 69 14 55	 => 356
 11 55 14 79 110 86	 => 355
 81 86 110 5 25 49	 => 356
 35 109 6 107 34 64	 => 355
 100 64 34 77 12 69	 => 356
 14 69 12 105 76 79	 => 355
 110 79 76 70 16 5	 => 356
 34 107 13 32 93 77	 => 356
 12 77 93 51 17 105	 => 355
 76 105 17 21 66 70	 => 355



test#	fitness		sum		time
---------------------------------------------------
1	355.353				555
2	358.082				554
3	349.81				241


---------------------------------------------------
Best fitness      : 358.082 ( test# 2)
Shortest time     : 241 ( test# 3)

Average fitness   : 354.415
Average time      : 450
