****************** GA TEST *******************

total test#:			 3
hexa min width:			 3
hexa max width:			 7
hexa count:			 43
number count:			 110
population size:		 140
generation size:		 50

tournament winner p:		 1
do xover p:			 1
xover:				 2points
do mutation1 p:			 0.1
mutation1 p:			 0.05
do optimize p:			 0.65
local optimize count:		 6000
do deep better optimize p:	 1
do deep worse optimize p:	 0
do spin p:			 0
spin count:			 1000
do spin apply p:		 1
do mutation2 p:			 0.12
mutation2 p:			 0.08
force mutation2:		 0
replace bad p:			 0.195

converge rate p:		 0.99
converge count:			 1

**********************************************


===================[TEST 1]===================

##### START ##### Thu May 22 06:08:22 2003



##### CONVERGE ##### Thu May 22 06:17:27 2003

Elapsed time: 545 seconds
Total loop: 145 generations

Result : 354.353

19 13 90 94 82 61 28 41 98 49 10 88 100 14 6 44 96 29 30 83 42 7 63 78 22 26 65 104 24 95 85 55 64 110 73 69 72 4 99 23 15 53 67 16 56 52 68 9 47 51 34 71 62 45 91 108 77 54 93 46 80 2 101 27 107 17 103 92 3 57 18 70 32 76 58 86 87 102 40 89 79 20 48 1 74 106 8 25 38 21 31 75 84 12 11 50 109 81 97 66 105 59 5 37 39 43 35 36 33 60 

 19 13 90 94 82 61	 => 359
 28 61 82 41 98 49	 => 359
 10 49 98 88 100 14	 => 359
 90 6 44 96 29 94	 => 359
 82 94 29 30 83 41	 => 359
 98 41 83 42 7 88	 => 359
 100 88 7 63 78 22	 => 358
 44 26 65 104 24 96	 => 359
 29 96 24 95 85 30	 => 359
 83 30 85 55 64 42	 => 359
 7 42 64 110 73 63	 => 359
 78 63 73 69 72 4	 => 359
 65 99 23 15 53 104	 => 359
 24 104 53 67 16 95	 => 359
 85 95 16 56 52 55	 => 359
 64 55 52 68 9 110	 => 358
 73 110 9 47 51 69	 => 359
 72 69 51 34 71 62	 => 359
 23 45 91 108 77 15	 => 359
 53 15 77 54 93 67	 => 359
 16 67 93 46 80 56	 => 358
 52 56 80 2 101 68	 => 359
 9 68 101 27 107 47	 => 359
 51 47 107 17 103 34	 => 359
 71 34 103 92 3 57	 => 360
 77 108 18 70 32 54	 => 359
 93 54 32 76 58 46	 => 359
 80 46 58 86 87 2	 => 359
 101 2 87 102 40 27	 => 359
 107 27 40 89 79 17	 => 359
 103 17 79 20 48 92	 => 359
 32 70 1 74 106 76	 => 359
 58 76 106 8 25 86	 => 359
 87 86 25 38 21 102	 => 359
 40 102 21 31 75 89	 => 358
 79 89 75 84 12 20	 => 359
 106 74 11 50 109 8	 => 358
 25 8 109 81 97 38	 => 358
 21 38 97 66 105 31	 => 358
 75 31 105 59 5 84	 => 359
 109 50 37 39 43 81	 => 359
 97 81 43 35 36 66	 => 358
 105 66 36 33 60 59	 => 359


===================[TEST 2]===================

##### START ##### Thu May 22 06:17:27 2003



##### CONVERGE ##### Thu May 22 06:27:15 2003

Elapsed time: 588 seconds
Total loop: 159 generations

Result : 354.796

29 34 62 38 87 110 40 27 86 10 41 100 98 25 16 84 72 88 49 71 17 59 85 13 6 14 23 107 61 22 67 109 48 60 91 103 44 24 32 30 92 76 28 66 94 2 93 47 9 50 81 78 5 99 56 46 37 73 54 74 43 90 39 89 83 31 106 55 15 26 20 105 79 63 18 102 33 45 64 11 82 65 21 52 4 57 108 12 68 101 35 104 97 1 42 53 96 70 7 80 69 36 19 58 8 75 51 77 3 95 

 29 34 62 38 87 110	 => 360
 40 110 87 27 86 10	 => 360
 41 10 86 100 98 25	 => 360
 62 16 84 72 88 38	 => 360
 87 38 88 49 71 27	 => 360
 86 27 71 17 59 100	 => 360
 98 100 59 85 13 6	 => 361
 84 14 23 107 61 72	 => 361
 88 72 61 22 67 49	 => 359
 71 49 67 109 48 17	 => 361
 59 17 48 60 91 85	 => 360
 13 85 91 103 44 24	 => 360
 23 32 30 92 76 107	 => 360
 61 107 76 28 66 22	 => 360
 67 22 66 94 2 109	 => 360
 48 109 2 93 47 60	 => 359
 91 60 47 9 50 103	 => 360
 44 103 50 81 78 5	 => 361
 30 99 56 46 37 92	 => 360
 76 92 37 73 54 28	 => 360
 66 28 54 74 43 94	 => 359
 2 94 43 90 39 93	 => 361
 47 93 39 89 83 9	 => 360
 50 9 83 31 106 81	 => 360
 78 81 106 55 15 26	 => 361
 37 46 20 105 79 73	 => 360
 54 73 79 63 18 74	 => 361
 43 74 18 102 33 90	 => 360
 39 90 33 45 64 89	 => 360
 83 89 64 11 82 31	 => 360
 106 31 82 65 21 55	 => 360
 79 105 52 4 57 63	 => 360
 18 63 57 108 12 102	 => 360
 33 102 12 68 101 45	 => 361
 64 45 101 35 104 11	 => 360
 82 11 104 97 1 65	 => 360
 57 4 42 53 96 108	 => 360
 12 108 96 70 7 68	 => 361
 101 68 7 80 69 35	 => 360
 104 35 69 36 19 97	 => 360
 96 53 58 8 75 70	 => 360
 7 70 75 51 77 80	 => 360
 69 80 77 3 95 36	 => 360


===================[TEST 3]===================

##### START ##### Thu May 22 06:27:15 2003



##### CONVERGE ##### Thu May 22 06:35:11 2003

Elapsed time: 476 seconds
Total loop: 128 generations

Result : 357.064

11 58 67 102 72 51 24 84 55 75 34 82 35 79 36 47 70 39 56 9 69 62 85 92 5 41 17 98 88 8 100 57 71 54 20 99 50 15 13 93 96 45 91 31 103 63 10 106 61 21 110 64 18 44 3 60 65 37 27 95 14 97 74 30 80 12 77 87 19 4 46 48 105 7 90 59 6 53 101 29 109 43 33 52 66 83 16 107 28 108 2 68 89 23 42 76 78 94 38 81 104 73 25 26 1 86 40 22 32 49 

 11 58 67 102 72 51	 => 361
 24 51 72 84 55 75	 => 361
 34 75 55 82 35 79	 => 360
 67 36 47 70 39 102	 => 361
 72 102 39 56 9 84	 => 362
 55 84 9 69 62 82	 => 361
 35 82 62 85 92 5	 => 361
 47 41 17 98 88 70	 => 361
 39 70 88 8 100 56	 => 361
 9 56 100 57 71 69	 => 362
 62 69 71 54 20 85	 => 361
 92 85 20 99 50 15	 => 361
 17 13 93 96 45 98	 => 362
 88 98 45 91 31 8	 => 361
 100 8 31 103 63 57	 => 362
 71 57 63 10 106 54	 => 361
 20 54 106 61 21 99	 => 361
 50 99 21 110 64 18	 => 362
 93 44 3 60 65 96	 => 361
 45 96 65 37 27 91	 => 361
 31 91 27 95 14 103	 => 361
 63 103 14 97 74 10	 => 361
 106 10 74 30 80 61	 => 361
 21 61 80 12 77 110	 => 361
 64 110 77 87 19 4	 => 361
 65 60 46 48 105 37	 => 361
 27 37 105 7 90 95	 => 361
 14 95 90 59 6 97	 => 361
 74 97 6 53 101 30	 => 361
 80 30 101 29 109 12	 => 361
 77 12 109 43 33 87	 => 361
 105 48 52 66 83 7	 => 361
 90 7 83 16 107 59	 => 362
 6 59 107 28 108 53	 => 361
 101 53 108 2 68 29	 => 361
 109 29 68 89 23 43	 => 361
 83 66 42 76 78 16	 => 361
 107 16 78 94 38 28	 => 361
 108 28 38 81 104 2	 => 361
 68 2 104 73 25 89	 => 361
 78 76 26 1 86 94	 => 361
 38 94 86 40 22 81	 => 361
 104 81 22 32 49 73	 => 361



test#	fitness		sum		time
---------------------------------------------------
1	354.353				545
2	354.796				588
3	357.064				476


---------------------------------------------------
Best fitness      : 357.064 ( test# 3)
Shortest time     : 476 ( test# 3)

Average fitness   : 355.404
Average time      : 536.333
