****************** GA TEST *******************

total test#:			 3
hexa min width:			 3
hexa max width:			 7
hexa count:			 43
number count:			 110
population size:		 120
generation size:		 50

tournament winner p:		 1
do xover p:			 1
xover:				 2points
do mutation1 p:			 0.1
mutation1 p:			 0.05
do optimize p:			 0.65
local optimize count:		 6000
do deep better optimize p:	 1
do deep worse optimize p:	 0
do spin p:			 0
spin count:			 1000
do spin apply p:		 1
do mutation2 p:			 0.12
mutation2 p:			 0.08
force mutation2:		 0
replace bad p:			 0.195

converge rate p:		 0.99
converge count:			 1

**********************************************


===================[TEST 1]===================

##### START ##### Thu May 22 06:35:14 2003



##### CONVERGE ##### Thu May 22 06:44:37 2003

Elapsed time: 563 seconds
Total loop: 149 generations

Result : 358.64

3 29 81 109 75 66 43 18 99 62 6 98 94 5 8 31 108 27 25 110 35 4 105 30 32 21 59 85 60 86 58 44 91 77 52 90 50 37 11 93 107 9 36 88 71 17 102 33 55 56 82 67 19 22 2 47 92 96 24 84 61 64 49 72 53 13 104 80 15 16 28 1 100 20 40 41 74 26 79 57 89 68 10 106 34 103 83 76 101 45 63 95 48 7 42 87 14 78 12 97 46 73 39 65 51 69 38 70 23 54 

 3 29 81 109 75 66	 => 363
 43 66 75 18 99 62	 => 363
 6 62 99 98 94 5	 => 364
 81 8 31 108 27 109	 => 364
 75 109 27 25 110 18	 => 364
 99 18 110 35 4 98	 => 364
 94 98 4 105 30 32	 => 363
 31 21 59 85 60 108	 => 364
 27 108 60 86 58 25	 => 364
 110 25 58 44 91 35	 => 363
 4 35 91 77 52 105	 => 364
 30 105 52 90 50 37	 => 364
 59 11 93 107 9 85	 => 364
 60 85 9 36 88 86	 => 364
 58 86 88 71 17 44	 => 364
 91 44 17 102 33 77	 => 364
 52 77 33 55 56 90	 => 363
 50 90 56 82 67 19	 => 364
 93 22 2 47 92 107	 => 363
 9 107 92 96 24 36	 => 364
 88 36 24 84 61 71	 => 364
 17 71 61 64 49 102	 => 364
 33 102 49 72 53 55	 => 364
 56 55 53 13 104 82	 => 363
 67 82 104 80 15 16	 => 364
 92 47 28 1 100 96	 => 364
 24 96 100 20 40 84	 => 364
 61 84 40 41 74 64	 => 364
 49 64 74 26 79 72	 => 364
 53 72 79 57 89 13	 => 363
 104 13 89 68 10 80	 => 364
 100 1 106 34 103 20	 => 364
 40 20 103 83 76 41	 => 363
 74 41 76 101 45 26	 => 363
 79 26 45 63 95 57	 => 365
 89 57 95 48 7 68	 => 364
 103 34 42 87 14 83	 => 363
 76 83 14 78 12 101	 => 364
 45 101 12 97 46 63	 => 364
 95 63 46 73 39 48	 => 364
 14 87 65 51 69 78	 => 364
 12 78 69 38 70 97	 => 364
 46 97 70 23 54 73	 => 363


===================[TEST 2]===================

##### START ##### Thu May 22 06:44:37 2003



##### CONVERGE ##### Thu May 22 06:55:56 2003

Elapsed time: 679 seconds
Total loop: 183 generations

Result : 358.944

4 11 103 86 109 51 64 61 66 13 14 99 104 68 7 65 76 28 78 2 63 73 44 35 9 33 27 107 55 26 101 48 72 25 87 93 85 19 37 102 50 41 34 100 6 82 79 58 98 3 105 60 18 16 29 59 108 21 110 8 106 77 15 90 24 54 80 96 12 10 38 49 89 84 52 46 75 74 32 67 97 20 17 5 81 56 43 83 57 30 70 91 36 53 23 69 92 42 47 88 71 95 1 22 45 94 62 31 39 40 

 4 11 103 86 109 51	 => 364
 64 51 109 61 66 13	 => 364
 14 13 66 99 104 68	 => 364
 103 7 65 76 28 86	 => 365
 109 86 28 78 2 61	 => 364
 66 61 2 63 73 99	 => 364
 104 99 73 44 35 9	 => 364
 65 33 27 107 55 76	 => 363
 28 76 55 26 101 78	 => 364
 2 78 101 48 72 63	 => 364
 73 63 72 25 87 44	 => 364
 35 44 87 93 85 19	 => 363
 27 37 102 50 41 107	 => 364
 55 107 41 34 100 26	 => 363
 101 26 100 6 82 48	 => 363
 72 48 82 79 58 25	 => 364
 87 25 58 98 3 93	 => 364
 85 93 3 105 60 18	 => 364
 102 16 29 59 108 50	 => 364
 41 50 108 21 110 34	 => 364
 100 34 110 8 106 6	 => 364
 82 6 106 77 15 79	 => 365
 58 79 15 90 24 98	 => 364
 3 98 24 54 80 105	 => 364
 60 105 80 96 12 10	 => 363
 108 59 38 49 89 21	 => 364
 110 21 89 84 52 8	 => 364
 106 8 52 46 75 77	 => 364
 15 77 75 74 32 90	 => 363
 24 90 32 67 97 54	 => 364
 80 54 97 20 17 96	 => 364
 89 49 5 81 56 84	 => 364
 52 84 56 43 83 46	 => 364
 75 46 83 57 30 74	 => 365
 32 74 30 70 91 67	 => 364
 97 67 91 36 53 20	 => 364
 56 81 23 69 92 43	 => 364
 83 43 92 42 47 57	 => 364
 30 57 47 88 71 70	 => 363
 91 70 71 95 1 36	 => 364
 92 69 22 45 94 42	 => 364
 47 42 94 62 31 88	 => 364
 71 88 31 39 40 95	 => 364


===================[TEST 3]===================

##### START ##### Thu May 22 06:55:56 2003



##### CONVERGE ##### Thu May 22 07:03:14 2003

Elapsed time: 438 seconds
Total loop: 117 generations

Result : 353.802

5 85 33 110 70 55 50 40 100 43 8 99 77 31 53 96 48 18 92 29 49 41 94 42 6 1 106 20 87 69 44 97 47 62 66 103 37 16 9 84 80 59 30 93 28 27 57 68 23 36 102 73 7 24 2 101 67 51 71 38 98 76 72 58 81 65 52 74 11 46 34 19 86 95 17 25 105 12 35 63 56 90 21 13 39 107 10 104 3 109 64 75 14 60 15 79 108 45 89 61 32 91 82 26 78 22 54 88 83 4 

 5 85 33 110 70 55	 => 358
 50 55 70 40 100 43	 => 358
 8 43 100 99 77 31	 => 358
 33 53 96 48 18 110	 => 358
 70 110 18 92 29 40	 => 359
 100 40 29 49 41 99	 => 358
 77 99 41 94 42 6	 => 359
 96 1 106 20 87 48	 => 358
 18 48 87 69 44 92	 => 358
 29 92 44 97 47 49	 => 358
 41 49 47 62 66 94	 => 359
 42 94 66 103 37 16	 => 358
 106 9 84 80 59 20	 => 358
 87 20 59 30 93 69	 => 358
 44 69 93 28 27 97	 => 358
 47 97 27 57 68 62	 => 358
 66 62 68 23 36 103	 => 358
 37 103 36 102 73 7	 => 358
 84 24 2 101 67 80	 => 358
 59 80 67 51 71 30	 => 358
 93 30 71 38 98 28	 => 358
 27 28 98 76 72 57	 => 358
 68 57 72 58 81 23	 => 359
 36 23 81 65 52 102	 => 359
 73 102 52 74 11 46	 => 358
 67 101 34 19 86 51	 => 358
 71 51 86 95 17 38	 => 358
 98 38 17 25 105 76	 => 359
 72 76 105 12 35 58	 => 358
 81 58 35 63 56 65	 => 358
 52 65 56 90 21 74	 => 358
 86 19 13 39 107 95	 => 359
 17 95 107 10 104 25	 => 358
 105 25 104 3 109 12	 => 358
 35 12 109 64 75 63	 => 358
 56 63 75 14 60 90	 => 358
 107 39 15 79 108 10	 => 358
 104 10 108 45 89 3	 => 359
 109 3 89 61 32 64	 => 358
 75 64 32 91 82 14	 => 358
 108 79 26 78 22 45	 => 358
 89 45 22 54 88 61	 => 359
 32 61 88 83 4 91	 => 359



test#	fitness		sum		time
---------------------------------------------------
1	358.64				563
2	358.944				679
3	353.802				438


---------------------------------------------------
Best fitness      : 358.944 ( test# 2)
Shortest time     : 438 ( test# 3)

Average fitness   : 357.128
Average time      : 560
