****************** GA TEST *******************

total test#:			 3
hexa min width:			 3
hexa max width:			 7
hexa count:			 43
number count:			 110
population size:		 130
generation size:		 60

tournament winner p:		 1
do xover p:			 1
xover:				 2points
do mutation1 p:			 0.1
mutation1 p:			 0.05
do optimize p:			 0.65
local optimize count:		 6000
do deep better optimize p:	 1
do deep worse optimize p:	 0
do spin p:			 0
spin count:			 1000
do spin apply p:		 1
do mutation2 p:			 0.12
mutation2 p:			 0.08
force mutation2:		 0
replace bad p:			 0.195

converge rate p:		 0.99
converge count:			 1

**********************************************


===================[TEST 1]===================

##### START ##### Thu May 22 07:03:17 2003



##### CONVERGE ##### Thu May 22 07:15:09 2003

Elapsed time: 712 seconds
Total loop: 160 generations

Result : 363.168

20 3 94 98 87 65 4 70 78 64 13 95 84 33 17 28 109 22 44 47 16 62 88 30 8 29 9 90 103 18 72 92 96 56 50 106 83 11 37 53 97 82 19 55 107 24 57 42 77 36 68 6 69 27 43 102 46 79 45 48 93 75 12 99 81 1 104 80 59 51 26 14 100 61 35 86 31 110 41 38 108 60 15 25 63 105 10 71 49 21 73 85 54 23 32 67 91 89 58 66 101 52 2 7 40 74 5 76 34 39 

 20 3 94 98 87 65	 => 367
 4 65 87 70 78 64	 => 368
 13 64 78 95 84 33	 => 367
 94 17 28 109 22 98	 => 368
 87 98 22 44 47 70	 => 368
 78 70 47 16 62 95	 => 368
 84 95 62 88 30 8	 => 367
 28 29 9 90 103 109	 => 368
 22 109 103 18 72 44	 => 368
 47 44 72 92 96 16	 => 367
 62 16 96 56 50 88	 => 368
 30 88 50 106 83 11	 => 368
 9 37 53 97 82 90	 => 368
 103 90 82 19 55 18	 => 367
 72 18 55 107 24 92	 => 368
 96 92 24 57 42 56	 => 367
 50 56 42 77 36 106	 => 367
 83 106 36 68 6 69	 => 368
 53 27 43 102 46 97	 => 368
 82 97 46 79 45 19	 => 368
 55 19 45 48 93 107	 => 367
 24 107 93 75 12 57	 => 368
 42 57 12 99 81 77	 => 368
 36 77 81 1 104 68	 => 367
 6 68 104 80 59 51	 => 368
 46 102 26 14 100 79	 => 367
 45 79 100 61 35 48	 => 368
 93 48 35 86 31 75	 => 368
 12 75 31 110 41 99	 => 368
 81 99 41 38 108 1	 => 368
 104 1 108 60 15 80	 => 368
 100 14 25 63 105 61	 => 368
 35 61 105 10 71 86	 => 368
 31 86 71 49 21 110	 => 368
 41 110 21 73 85 38	 => 368
 108 38 85 54 23 60	 => 368
 105 63 32 67 91 10	 => 368
 71 10 91 89 58 49	 => 368
 21 49 58 66 101 73	 => 368
 85 73 101 52 2 54	 => 367
 91 67 7 40 74 89	 => 368
 58 89 74 5 76 66	 => 368
 101 66 76 34 39 52	 => 368


===================[TEST 2]===================

##### START ##### Thu May 22 07:15:09 2003



##### CONVERGE ##### Thu May 22 07:26:00 2003

Elapsed time: 651 seconds
Total loop: 145 generations

Result : 360.168

59 3 73 108 72 50 13 49 88 93 5 94 77 8 79 12 74 19 66 51 40 42 107 30 15 6 110 98 65 61 80 43 85 37 54 57 91 25 2 33 106 16 56 69 104 7 90 103 89 24 100 82 11 38 34 67 86 83 18 22 95 46 23 28 32 81 39 92 35 17 1 31 97 87 58 60 84 78 105 47 71 55 26 29 76 44 68 48 75 20 63 52 41 99 4 109 64 101 9 96 102 62 45 10 27 53 36 70 21 14 

 59 3 73 108 72 50	 => 365
 13 50 72 49 88 93	 => 365
 5 93 88 94 77 8	 => 365
 73 79 12 74 19 108	 => 365
 72 108 19 66 51 49	 => 365
 88 49 51 40 42 94	 => 364
 77 94 42 107 30 15	 => 365
 12 6 110 98 65 74	 => 365
 19 74 65 61 80 66	 => 365
 51 66 80 43 85 40	 => 365
 42 40 85 37 54 107	 => 365
 30 107 54 57 91 25	 => 364
 110 2 33 106 16 98	 => 365
 65 98 16 56 69 61	 => 365
 80 61 69 104 7 43	 => 364
 85 43 7 90 103 37	 => 365
 54 37 103 89 24 57	 => 364
 91 57 24 100 82 11	 => 365
 33 38 34 67 86 106	 => 364
 16 106 86 83 18 56	 => 365
 69 56 18 22 95 104	 => 364
 7 104 95 46 23 90	 => 365
 103 90 23 28 32 89	 => 365
 24 89 32 81 39 100	 => 365
 82 100 39 92 35 17	 => 365
 86 67 1 31 97 83	 => 365
 18 83 97 87 58 22	 => 365
 95 22 58 60 84 46	 => 365
 23 46 84 78 105 28	 => 364
 32 28 105 47 71 81	 => 364
 39 81 71 55 26 92	 => 364
 97 31 29 76 44 87	 => 364
 58 87 44 68 48 60	 => 365
 84 60 48 75 20 78	 => 365
 105 78 20 63 52 47	 => 365
 71 47 52 41 99 55	 => 365
 44 76 4 109 64 68	 => 365
 48 68 64 101 9 75	 => 365
 20 75 9 96 102 63	 => 365
 52 63 102 62 45 41	 => 365
 64 109 10 27 53 101	 => 364
 9 101 53 36 70 96	 => 365
 102 96 70 21 14 62	 => 365


===================[TEST 3]===================

##### START ##### Thu May 22 07:26:00 2003



##### CONVERGE ##### Thu May 22 07:33:47 2003

Elapsed time: 467 seconds
Total loop: 104 generations

Result : 353.859

22 23 71 92 86 64 4 47 70 88 45 94 53 8 10 29 89 67 49 17 82 48 90 62 11 21 37 87 95 2 56 103 51 3 84 54 33 35 9 93 27 105 14 55 63 79 18 104 69 44 108 107 12 24 77 46 91 83 39 78 109 31 58 68 42 80 15 74 38 16 7 97 34 50 75 25 40 100 61 1 106 26 57 20 76 81 41 85 43 65 36 96 30 99 6 102 52 66 72 32 110 13 73 60 19 59 28 101 5 98 

 22 23 71 92 86 64	 => 358
 4 64 86 47 70 88	 => 359
 45 88 70 94 53 8	 => 358
 71 10 29 89 67 92	 => 358
 86 92 67 49 17 47	 => 358
 70 47 17 82 48 94	 => 358
 53 94 48 90 62 11	 => 358
 29 21 37 87 95 89	 => 358
 67 89 95 2 56 49	 => 358
 17 49 56 103 51 82	 => 358
 48 82 51 3 84 90	 => 358
 62 90 84 54 33 35	 => 358
 37 9 93 27 105 87	 => 358
 95 87 105 14 55 2	 => 358
 56 2 55 63 79 103	 => 358
 51 103 79 18 104 3	 => 358
 84 3 104 69 44 54	 => 358
 33 54 44 108 107 12	 => 358
 93 24 77 46 91 27	 => 358
 105 27 91 83 39 14	 => 359
 55 14 39 78 109 63	 => 358
 79 63 109 31 58 18	 => 358
 104 18 58 68 42 69	 => 359
 44 69 42 80 15 108	 => 358
 107 108 15 74 38 16	 => 358
 91 46 7 97 34 83	 => 358
 39 83 34 50 75 78	 => 359
 109 78 75 25 40 31	 => 358
 58 31 40 100 61 68	 => 358
 42 68 61 1 106 80	 => 358
 15 80 106 26 57 74	 => 358
 34 97 20 76 81 50	 => 358
 75 50 81 41 85 25	 => 357
 40 25 85 43 65 100	 => 358
 61 100 65 36 96 1	 => 359
 106 1 96 30 99 26	 => 358
 81 76 6 102 52 41	 => 358
 85 41 52 66 72 43	 => 359
 65 43 72 32 110 36	 => 358
 96 36 110 13 73 30	 => 358
 52 102 60 19 59 66	 => 358
 72 66 59 28 101 32	 => 358
 110 32 101 5 98 13	 => 359



test#	fitness		sum		time
---------------------------------------------------
1	363.168				712
2	360.168				651
3	353.859				467


---------------------------------------------------
Best fitness      : 363.168 ( test# 1)
Shortest time     : 467 ( test# 3)

Average fitness   : 359.065
Average time      : 610
