****************** GA TEST *******************

total test#:			 3
hexa min width:			 3
hexa max width:			 7
hexa count:			 43
number count:			 110
population size:		 130
generation size:		 40

tournament winner p:		 1
do xover p:			 1
xover:				 2points
do mutation1 p:			 0.1
mutation1 p:			 0.05
do optimize p:			 0.65
local optimize count:		 6000
do deep better optimize p:	 1
do deep worse optimize p:	 0
do spin p:			 0
spin count:			 1000
do spin apply p:		 1
do mutation2 p:			 0.12
mutation2 p:			 0.08
force mutation2:		 0
replace bad p:			 0.195

converge rate p:		 0.99
converge count:			 1

**********************************************


===================[TEST 1]===================

##### START ##### Thu May 22 07:33:50 2003



##### CONVERGE ##### Thu May 22 07:40:54 2003

Elapsed time: 424 seconds
Total loop: 143 generations

Result : 353.148

94 7 46 54 107 50 18 33 58 92 9 101 76 22 21 87 80 70 89 5 97 63 106 11 1 49 20 81 40 72 6 99 62 28 2 100 75 64 71 56 57 73 45 47 96 38 26 104 88 36 109 3 35 86 13 79 67 91 25 103 41 83 74 51 15 32 77 66 55 48 43 44 34 69 37 42 52 30 68 84 108 10 65 23 93 95 29 85 59 90 8 78 61 17 12 19 110 60 14 105 82 98 31 39 27 102 24 53 4 16 

 94 7 46 54 107 50	 => 358
 18 50 107 33 58 92	 => 358
 9 92 58 101 76 22	 => 358
 46 21 87 80 70 54	 => 358
 107 54 70 89 5 33	 => 358
 58 33 5 97 63 101	 => 357
 76 101 63 106 11 1	 => 358
 87 49 20 81 40 80	 => 357
 70 80 40 72 6 89	 => 357
 5 89 6 99 62 97	 => 358
 63 97 62 28 2 106	 => 358
 11 106 2 100 75 64	 => 358
 20 71 56 57 73 81	 => 358
 40 81 73 45 47 72	 => 358
 6 72 47 96 38 99	 => 358
 62 99 38 26 104 28	 => 357
 2 28 104 88 36 100	 => 358
 75 100 36 109 3 35	 => 358
 56 86 13 79 67 57	 => 358
 73 57 67 91 25 45	 => 358
 47 45 25 103 41 96	 => 357
 38 96 41 83 74 26	 => 358
 104 26 74 51 15 88	 => 358
 36 88 15 32 77 109	 => 357
 3 109 77 66 55 48	 => 358
 67 79 43 44 34 91	 => 358
 25 91 34 69 37 103	 => 359
 41 103 37 42 52 83	 => 358
 74 83 52 30 68 51	 => 358
 15 51 68 84 108 32	 => 358
 77 32 108 10 65 66	 => 358
 34 44 23 93 95 69	 => 358
 37 69 95 29 85 42	 => 357
 52 42 85 59 90 30	 => 358
 68 30 90 8 78 84	 => 358
 108 84 78 61 17 10	 => 358
 95 93 12 19 110 29	 => 358
 85 29 110 60 14 59	 => 357
 90 59 14 105 82 8	 => 358
 78 8 82 98 31 61	 => 358
 110 19 39 27 102 60	 => 357
 14 60 102 24 53 105	 => 358
 82 105 53 4 16 98	 => 358


===================[TEST 2]===================

##### START ##### Thu May 22 07:40:55 2003



##### CONVERGE ##### Thu May 22 07:53:39 2003

Elapsed time: 764 seconds
Total loop: 259 generations

Result : 359.168

59 26 66 106 25 81 69 57 82 50 8 83 105 36 10 63 73 46 53 77 18 47 70 58 1 6 67 95 60 30 102 4 110 79 40 87 64 45 14 39 94 54 49 75 85 68 100 3 90 65 84 44 19 16 35 93 86 51 29 98 28 11 72 91 7 9 108 48 78 2 13 24 97 62 27 92 107 31 52 109 96 80 23 34 71 76 74 33 12 89 61 22 42 15 5 37 101 88 55 43 104 103 32 17 21 99 41 38 56 20 

 59 26 66 106 25 81	 => 363
 69 81 25 57 82 50	 => 364
 8 50 82 83 105 36	 => 364
 66 10 63 73 46 106	 => 364
 25 106 46 53 77 57	 => 364
 82 57 77 18 47 83	 => 364
 105 83 47 70 58 1	 => 364
 63 6 67 95 60 73	 => 364
 46 73 60 30 102 53	 => 364
 77 53 102 4 110 18	 => 364
 47 18 110 79 40 70	 => 364
 58 70 40 87 64 45	 => 364
 67 14 39 94 54 95	 => 363
 60 95 54 49 75 30	 => 363
 102 30 75 85 68 4	 => 364
 110 4 68 100 3 79	 => 364
 40 79 3 90 65 87	 => 364
 64 87 65 84 44 19	 => 363
 39 16 35 93 86 94	 => 363
 54 94 86 51 29 49	 => 363
 75 49 29 98 28 85	 => 364
 68 85 28 11 72 100	 => 364
 3 100 72 91 7 90	 => 363
 65 90 7 9 108 84	 => 363
 44 84 108 48 78 2	 => 364
 86 93 13 24 97 51	 => 364
 29 51 97 62 27 98	 => 364
 28 98 27 92 107 11	 => 363
 72 11 107 31 52 91	 => 364
 7 91 52 109 96 9	 => 364
 108 9 96 80 23 48	 => 364
 97 24 34 71 76 62	 => 364
 27 62 76 74 33 92	 => 364
 107 92 33 12 89 31	 => 364
 52 31 89 61 22 109	 => 364
 96 109 22 42 15 80	 => 364
 76 71 5 37 101 74	 => 364
 33 74 101 88 55 12	 => 363
 89 12 55 43 104 61	 => 364
 22 61 104 103 32 42	 => 364
 101 37 17 21 99 88	 => 363
 55 88 99 41 38 43	 => 364
 104 43 38 56 20 103	 => 364


===================[TEST 3]===================

##### START ##### Thu May 22 07:53:39 2003



##### CONVERGE ##### Thu May 22 08:01:14 2003

Elapsed time: 455 seconds
Total loop: 152 generations

Result : 358.243

37 15 106 83 108 14 4 36 98 103 27 89 43 3 11 49 55 59 25 52 48 39 107 7 79 13 40 104 101 28 95 53 90 61 17 82 72 78 2 76 75 66 29 34 102 51 20 88 73 42 50 84 32 8 70 38 96 64 33 109 56 71 63 99 19 74 105 69 1 54 21 58 86 47 24 81 22 23 85 68 18 92 5 10 62 100 44 67 80 91 31 65 94 26 9 87 60 77 35 16 110 57 6 30 12 97 45 93 46 41 

 37 15 106 83 108 14	 => 363
 4 14 108 36 98 103	 => 363
 27 103 98 89 43 3	 => 363
 106 11 49 55 59 83	 => 363
 108 83 59 25 52 36	 => 363
 98 36 52 48 39 89	 => 362
 43 89 39 107 7 79	 => 364
 49 13 40 104 101 55	 => 362
 59 55 101 28 95 25	 => 363
 52 25 95 53 90 48	 => 363
 39 48 90 61 17 107	 => 362
 7 107 17 82 72 78	 => 363
 40 2 76 75 66 104	 => 363
 101 104 66 29 34 28	 => 362
 95 28 34 102 51 53	 => 363
 90 53 51 20 88 61	 => 363
 17 61 88 73 42 82	 => 363
 72 82 42 50 84 32	 => 362
 76 8 70 38 96 75	 => 363
 66 75 96 64 33 29	 => 363
 34 29 33 109 56 102	 => 363
 51 102 56 71 63 20	 => 363
 88 20 63 99 19 73	 => 362
 42 73 19 74 105 50	 => 363
 84 50 105 69 1 54	 => 363
 96 38 21 58 86 64	 => 363
 33 64 86 47 24 109	 => 363
 56 109 24 81 22 71	 => 363
 63 71 22 23 85 99	 => 363
 19 99 85 68 18 74	 => 363
 105 74 18 92 5 69	 => 363
 86 58 10 62 100 47	 => 363
 24 47 100 44 67 81	 => 363
 22 81 67 80 91 23	 => 364
 85 23 91 31 65 68	 => 363
 18 68 65 94 26 92	 => 363
 100 62 9 87 60 44	 => 362
 67 44 60 77 35 80	 => 363
 91 80 35 16 110 31	 => 363
 65 31 110 57 6 94	 => 363
 60 87 30 12 97 77	 => 363
 35 77 97 45 93 16	 => 363
 110 16 93 46 41 57	 => 363



test#	fitness		sum		time
---------------------------------------------------
1	353.148				424
2	359.168				764
3	358.243				455


---------------------------------------------------
Best fitness      : 359.168 ( test# 2)
Shortest time     : 424 ( test# 1)

Average fitness   : 356.853
Average time      : 547.667
