****************** GA TEST *******************

total test#:			 3
hexa min width:			 3
hexa max width:			 7
hexa count:			 43
number count:			 110
population size:		 130
generation size:		 50

tournament winner p:		 1
do xover p:			 1
xover:				 2points
do mutation1 p:			 0.1
mutation1 p:			 0.05
do optimize p:			 0.65
local optimize count:		 6000
do deep better optimize p:	 1
do deep worse optimize p:	 0
do spin p:			 0
spin count:			 1000
do spin apply p:		 1
do mutation2 p:			 0.12
mutation2 p:			 0.08
force mutation2:		 0
replace bad p:			 0.195

converge rate p:		 0.99
converge count:			 1

**********************************************


===================[TEST 1]===================

##### START ##### Thu May 22 08:01:17 2003



##### CONVERGE ##### Thu May 22 08:08:35 2003

Elapsed time: 438 seconds
Total loop: 118 generations

Result : 353.105

5 22 97 29 110 95 3 40 75 34 10 107 106 25 12 46 102 71 87 20 104 11 99 19 15 7 94 105 4 91 2 54 90 23 30 72 79 59 8 38 103 9 84 64 89 57 51 82 80 70 26 61 50 32 98 45 41 92 28 16 76 37 47 42 55 49 77 67 43 83 6 74 100 56 65 63 101 44 86 73 52 31 81 36 14 78 68 27 109 13 33 108 35 58 62 66 69 60 24 85 93 88 1 48 18 96 39 53 21 17 

 5 22 97 29 110 95	 => 358
 3 95 110 40 75 34	 => 357
 10 34 75 107 106 25	 => 357
 97 12 46 102 71 29	 => 357
 110 29 71 87 20 40	 => 357
 75 40 20 104 11 107	 => 357
 106 107 11 99 19 15	 => 357
 46 7 94 105 4 102	 => 358
 71 102 4 91 2 87	 => 357
 20 87 2 54 90 104	 => 357
 11 104 90 23 30 99	 => 357
 19 99 30 72 79 59	 => 358
 94 8 38 103 9 105	 => 357
 4 105 9 84 64 91	 => 357
 2 91 64 89 57 54	 => 357
 90 54 57 51 82 23	 => 357
 30 23 82 80 70 72	 => 357
 79 72 70 26 61 50	 => 358
 38 32 98 45 41 103	 => 357
 9 103 41 92 28 84	 => 357
 64 84 28 16 76 89	 => 357
 57 89 76 37 47 51	 => 357
 82 51 47 42 55 80	 => 357
 70 80 55 49 77 26	 => 357
 61 26 77 67 43 83	 => 357
 41 45 6 74 100 92	 => 358
 28 92 100 56 65 16	 => 357
 76 16 65 63 101 37	 => 358
 47 37 101 44 86 42	 => 357
 55 42 86 73 52 49	 => 357
 77 49 52 31 81 67	 => 357
 100 74 36 14 78 56	 => 358
 65 56 78 68 27 63	 => 357
 101 63 27 109 13 44	 => 357
 86 44 13 33 108 73	 => 357
 52 73 108 35 58 31	 => 357
 78 14 62 66 69 68	 => 357
 27 68 69 60 24 109	 => 357
 13 109 24 85 93 33	 => 357
 108 33 93 88 1 35	 => 358
 69 66 48 18 96 60	 => 357
 24 60 96 39 53 85	 => 357
 93 85 53 21 17 88	 => 357


===================[TEST 2]===================

##### START ##### Thu May 22 08:08:35 2003



##### CONVERGE ##### Thu May 22 08:18:23 2003

Elapsed time: 588 seconds
Total loop: 158 generations

Result : 359.151

28 19 93 103 41 80 73 101 63 7 15 109 65 104 31 34 100 3 92 24 47 21 78 83 8 18 98 95 20 106 43 90 69 81 68 32 102 1 9 38 85 39 64 40 61 25 54 45 33 105 27 76 22 14 26 107 94 23 59 66 75 51 99 56 77 36 87 110 48 16 12 49 79 84 53 67 52 89 17 70 108 13 10 4 88 60 44 57 37 62 30 96 71 6 2 74 97 72 58 91 86 46 35 29 42 50 11 82 55 5 

 28 19 93 103 41 80	 => 364
 73 80 41 101 63 7	 => 365
 15 7 63 109 65 104	 => 363
 93 31 34 100 3 103	 => 364
 41 103 3 92 24 101	 => 364
 63 101 24 47 21 109	 => 365
 65 109 21 78 83 8	 => 364
 34 18 98 95 20 100	 => 365
 3 100 20 106 43 92	 => 364
 24 92 43 90 69 47	 => 365
 21 47 69 81 68 78	 => 364
 83 78 68 32 102 1	 => 364
 98 9 38 85 39 95	 => 364
 20 95 39 64 40 106	 => 364
 43 106 40 61 25 90	 => 365
 69 90 25 54 45 81	 => 364
 68 81 45 33 105 32	 => 364
 102 32 105 27 76 22	 => 364
 38 14 26 107 94 85	 => 364
 39 85 94 23 59 64	 => 364
 40 64 59 66 75 61	 => 365
 25 61 75 51 99 54	 => 365
 45 54 99 56 77 33	 => 364
 105 33 77 36 87 27	 => 365
 76 27 87 110 48 16	 => 364
 94 107 12 49 79 23	 => 364
 59 23 79 84 53 66	 => 364
 75 66 53 67 52 51	 => 364
 99 51 52 89 17 56	 => 364
 77 56 17 70 108 36	 => 364
 87 36 108 13 10 110	 => 364
 79 49 4 88 60 84	 => 364
 53 84 60 44 57 67	 => 365
 52 67 57 37 62 89	 => 364
 17 89 62 30 96 70	 => 364
 108 70 96 71 6 13	 => 364
 60 88 2 74 97 44	 => 365
 57 44 97 72 58 37	 => 365
 62 37 58 91 86 30	 => 364
 96 30 86 46 35 71	 => 364
 97 74 29 42 50 72	 => 364
 58 72 50 11 82 91	 => 364
 86 91 82 55 5 46	 => 365


===================[TEST 3]===================

##### START ##### Thu May 22 08:18:23 2003



##### CONVERGE ##### Thu May 22 08:27:04 2003

Elapsed time: 521 seconds
Total loop: 138 generations

Result : 362.653

9 5 101 88 91 73 8 22 110 63 23 106 64 2 13 65 76 25 105 37 33 60 83 34 21 3 20 97 107 14 40 96 56 42 93 102 11 45 1 104 80 66 32 51 90 77 68 29 30 71 85 82 17 24 47 12 100 52 38 109 48 10 75 94 72 7 103 59 35 4 36 69 99 15 55 79 67 78 44 81 70 39 89 27 50 108 62 49 41 53 26 86 74 18 6 43 98 57 61 95 92 31 58 28 87 54 16 84 46 19 

 9 5 101 88 91 73	 => 367
 8 73 91 22 110 63	 => 367
 23 63 110 106 64 2	 => 368
 101 13 65 76 25 88	 => 368
 91 88 25 105 37 22	 => 368
 110 22 37 33 60 106	 => 368
 64 106 60 83 34 21	 => 368
 65 3 20 97 107 76	 => 368
 25 76 107 14 40 105	 => 367
 37 105 40 96 56 33	 => 367
 60 33 56 42 93 83	 => 367
 34 83 93 102 11 45	 => 368
 20 1 104 80 66 97	 => 368
 107 97 66 32 51 14	 => 367
 40 14 51 90 77 96	 => 368
 56 96 77 68 29 42	 => 368
 93 42 29 30 71 102	 => 367
 11 102 71 85 82 17	 => 368
 104 24 47 12 100 80	 => 367
 66 80 100 52 38 32	 => 368
 51 32 38 109 48 90	 => 368
 77 90 48 10 75 68	 => 368
 29 68 75 94 72 30	 => 368
 71 30 72 7 103 85	 => 368
 82 85 103 59 35 4	 => 368
 100 12 36 69 99 52	 => 368
 38 52 99 15 55 109	 => 368
 48 109 55 79 67 10	 => 368
 75 10 67 78 44 94	 => 368
 72 94 44 81 70 7	 => 368
 103 7 70 39 89 59	 => 367
 99 69 27 50 108 15	 => 368
 55 15 108 62 49 79	 => 368
 67 79 49 41 53 78	 => 367
 44 78 53 26 86 81	 => 368
 70 81 86 74 18 39	 => 368
 108 50 6 43 98 62	 => 367
 49 62 98 57 61 41	 => 368
 53 41 61 95 92 26	 => 368
 86 26 92 31 58 74	 => 367
 98 43 28 87 54 57	 => 367
 61 57 54 16 84 95	 => 367
 92 95 84 46 19 31	 => 367



test#	fitness		sum		time
---------------------------------------------------
1	353.105				438
2	359.151				588
3	362.653				521


---------------------------------------------------
Best fitness      : 362.653 ( test# 3)
Shortest time     : 438 ( test# 1)

Average fitness   : 358.303
Average time      : 515.667
