****************** GA TEST *******************

total test#:			 3
hexa min width:			 3
hexa max width:			 7
hexa count:			 43
number count:			 110
population size:		 130
generation size:		 50

tournament winner p:		 0.95
do xover p:			 1
xover:				 2points
do mutation1 p:			 0.1
mutation1 p:			 0.05
do optimize p:			 0.65
local optimize count:		 6000
do deep better optimize p:	 1
do deep worse optimize p:	 0
do spin p:			 0
spin count:			 1000
do spin apply p:		 1
do mutation2 p:			 0.12
mutation2 p:			 0.08
force mutation2:		 0
replace bad p:			 0.195

converge rate p:		 0.99
converge count:			 1

**********************************************


===================[TEST 1]===================

##### START ##### Thu May 22 08:27:04 2003



##### CONVERGE ##### Thu May 22 08:35:51 2003

Elapsed time: 527 seconds
Total loop: 141 generations

Result : 357.148

4 11 104 35 107 100 9 1 95 50 20 91 78 28 10 32 109 72 61 86 77 12 102 42 36 52 69 75 25 51 44 29 65 39 66 54 24 74 2 94 33 89 19 103 37 98 85 45 59 99 64 81 40 17 16 92 110 63 48 87 68 13 60 108 5 56 79 82 26 30 7 76 14 88 62 27 105 70 6 96 90 34 21 53 83 47 80 58 55 46 43 101 23 18 8 73 71 84 15 106 97 31 67 3 38 93 41 22 57 49 

 4 11 104 35 107 100	 => 361
 9 100 107 1 95 50	 => 362
 20 50 95 91 78 28	 => 362
 104 10 32 109 72 35	 => 362
 107 35 72 61 86 1	 => 362
 95 1 86 77 12 91	 => 362
 78 91 12 102 42 36	 => 361
 32 52 69 75 25 109	 => 362
 72 109 25 51 44 61	 => 362
 86 61 44 29 65 77	 => 362
 12 77 65 39 66 102	 => 361
 42 102 66 54 24 74	 => 362
 69 2 94 33 89 75	 => 362
 25 75 89 19 103 51	 => 362
 44 51 103 37 98 29	 => 362
 65 29 98 85 45 39	 => 361
 66 39 45 59 99 54	 => 362
 24 54 99 64 81 40	 => 362
 94 17 16 92 110 33	 => 362
 89 33 110 63 48 19	 => 362
 103 19 48 87 68 37	 => 362
 98 37 68 13 60 85	 => 361
 45 85 60 108 5 59	 => 362
 99 59 5 56 79 64	 => 362
 81 64 79 82 26 30	 => 362
 110 92 7 76 14 63	 => 362
 48 63 14 88 62 87	 => 362
 68 87 62 27 105 13	 => 362
 60 13 105 70 6 108	 => 362
 5 108 6 96 90 56	 => 361
 79 56 90 34 21 82	 => 362
 14 76 53 83 47 88	 => 361
 62 88 47 80 58 27	 => 362
 105 27 58 55 46 70	 => 361
 6 70 46 43 101 96	 => 362
 90 96 101 23 18 34	 => 362
 47 83 8 73 71 80	 => 362
 58 80 71 84 15 55	 => 363
 46 55 15 106 97 43	 => 362
 101 43 97 31 67 23	 => 362
 71 73 3 38 93 84	 => 362
 15 84 93 41 22 106	 => 361
 97 106 22 57 49 31	 => 362


===================[TEST 2]===================

##### START ##### Thu May 22 08:35:51 2003



##### CONVERGE ##### Thu May 22 08:46:51 2003

Elapsed time: 660 seconds
Total loop: 177 generations

Result : 359.529

24 42 54 61 86 98 6 11 100 64 16 104 62 19 3 71 75 101 50 56 66 29 51 92 27 31 82 97 9 103 28 69 96 87 37 110 5 70 1 57 73 55 60 41 94 30 10 74 44 12 106 109 23 43 21 77 95 48 35 89 47 79 105 83 49 63 91 36 8 15 2 45 99 90 4 93 53 26 20 68 81 72 22 17 34 80 65 33 52 107 67 78 59 7 13 85 88 102 25 76 39 108 14 18 32 40 84 38 46 58 

 24 42 54 61 86 98	 => 365
 6 98 86 11 100 64	 => 365
 16 64 100 104 62 19	 => 365
 54 3 71 75 101 61	 => 365
 86 61 101 50 56 11	 => 365
 100 11 56 66 29 104	 => 366
 62 104 29 51 92 27	 => 365
 71 31 82 97 9 75	 => 365
 101 75 9 103 28 50	 => 366
 56 50 28 69 96 66	 => 365
 29 66 96 87 37 51	 => 366
 92 51 37 110 5 70	 => 365
 82 1 57 73 55 97	 => 365
 9 97 55 60 41 103	 => 365
 28 103 41 94 30 69	 => 365
 96 69 30 10 74 87	 => 366
 37 87 74 44 12 110	 => 364
 5 110 12 106 109 23	 => 365
 57 43 21 77 95 73	 => 366
 55 73 95 48 35 60	 => 366
 41 60 35 89 47 94	 => 366
 30 94 47 79 105 10	 => 365
 74 10 105 83 49 44	 => 365
 12 44 49 63 91 106	 => 365
 109 106 91 36 8 15	 => 365
 95 77 2 45 99 48	 => 366
 35 48 99 90 4 89	 => 365
 47 89 4 93 53 79	 => 365
 105 79 53 26 20 83	 => 366
 49 83 20 68 81 63	 => 364
 91 63 81 72 22 36	 => 365
 99 45 17 34 80 90	 => 365
 4 90 80 65 33 93	 => 365
 53 93 33 52 107 26	 => 364
 20 26 107 67 78 68	 => 366
 81 68 78 59 7 72	 => 365
 80 34 13 85 88 65	 => 365
 33 65 88 102 25 52	 => 365
 107 52 25 76 39 67	 => 366
 78 67 39 108 14 59	 => 365
 88 85 18 32 40 102	 => 365
 25 102 40 84 38 76	 => 365
 39 76 38 46 58 108	 => 365


===================[TEST 3]===================

##### START ##### Thu May 22 08:46:51 2003



##### CONVERGE ##### Thu May 22 08:53:30 2003

Elapsed time: 399 seconds
Total loop: 110 generations

Result : 352.353

77 85 16 88 21 70 31 51 98 86 18 47 95 13 5 104 50 93 63 41 48 72 57 67 19 62 34 92 15 110 26 108 71 9 100 33 89 11 20 106 87 17 74 49 56 7 80 82 23 109 91 32 3 8 2 55 99 35 45 54 79 61 73 94 4 30 101 46 81 6 38 52 78 103 42 97 24 65 40 105 84 43 53 10 102 12 59 44 68 58 25 64 60 1 39 69 75 28 83 27 96 76 36 29 66 90 22 107 14 37 

 77 85 16 88 21 70	 => 357
 31 70 21 51 98 86	 => 357
 18 86 98 47 95 13	 => 357
 16 5 104 50 93 88	 => 356
 21 88 93 63 41 51	 => 357
 98 51 41 48 72 47	 => 357
 95 47 72 57 67 19	 => 357
 104 62 34 92 15 50	 => 357
 93 50 15 110 26 63	 => 357
 41 63 26 108 71 48	 => 357
 72 48 71 9 100 57	 => 357
 67 57 100 33 89 11	 => 357
 34 20 106 87 17 92	 => 356
 15 92 17 74 49 110	 => 357
 26 110 49 56 7 108	 => 356
 71 108 7 80 82 9	 => 357
 100 9 82 23 109 33	 => 356
 89 33 109 91 32 3	 => 357
 106 8 2 55 99 87	 => 357
 17 87 99 35 45 74	 => 357
 49 74 45 54 79 56	 => 357
 7 56 79 61 73 80	 => 356
 82 80 73 94 4 23	 => 356
 109 23 4 30 101 91	 => 358
 32 91 101 46 81 6	 => 357
 99 55 38 52 78 35	 => 357
 45 35 78 103 42 54	 => 357
 79 54 42 97 24 61	 => 357
 73 61 24 65 40 94	 => 357
 4 94 40 105 84 30	 => 357
 101 30 84 43 53 46	 => 357
 78 52 10 102 12 103	 => 357
 42 103 12 59 44 97	 => 357
 24 97 44 68 58 65	 => 356
 40 65 58 25 64 105	 => 357
 84 105 64 60 1 43	 => 357
 12 102 39 69 75 59	 => 356
 44 59 75 28 83 68	 => 357
 58 68 83 27 96 25	 => 357
 64 25 96 76 36 60	 => 357
 75 69 29 66 90 28	 => 357
 83 28 90 22 107 27	 => 357
 96 27 107 14 37 76	 => 357



test#	fitness		sum		time
---------------------------------------------------
1	357.148				527
2	359.529				660
3	352.353				399


---------------------------------------------------
Best fitness      : 359.529 ( test# 2)
Shortest time     : 399 ( test# 3)

Average fitness   : 356.343
Average time      : 528.667
