****************** GA TEST *******************

total test#:			 3
hexa min width:			 3
hexa max width:			 7
hexa count:			 43
number count:			 110
population size:		 130
generation size:		 50

tournament winner p:		 1
do xover p:			 1
xover:				 2points
do mutation1 p:			 0.1
mutation1 p:			 0.05
do optimize p:			 0.65
local optimize count:		 6000
do deep better optimize p:	 1
do deep worse optimize p:	 0
do spin p:			 0
spin count:			 1000
do spin apply p:		 1
do mutation2 p:			 0.12
mutation2 p:			 0.08
force mutation2:		 0
replace bad p:			 0.245

converge rate p:		 0.99
converge count:			 1

**********************************************


===================[TEST 1]===================

##### START ##### Thu May 22 08:53:32 2003



##### CONVERGE ##### Thu May 22 09:00:44 2003

Elapsed time: 432 seconds
Total loop: 115 generations

Result : 357.628

24 30 86 106 74 43 57 32 95 62 6 88 109 3 1 25 81 64 66 21 98 29 54 75 7 22 108 96 31 71 49 73 56 28 97 15 110 12 13 46 47 53 44 68 11 91 16 99 90 33 83 79 42 76 37 80 77 60 82 55 102 93 50 69 39 70 48 103 14 35 23 58 65 92 9 101 2 89 61 19 105 27 10 5 84 59 17 85 34 52 41 100 45 67 36 63 104 51 72 87 78 94 4 20 18 107 8 38 26 40 

 24 30 86 106 74 43	 => 363
 57 43 74 32 95 62	 => 363
 6 62 95 88 109 3	 => 363
 86 1 25 81 64 106	 => 363
 74 106 64 66 21 32	 => 363
 95 32 21 98 29 88	 => 363
 109 88 29 54 75 7	 => 362
 25 22 108 96 31 81	 => 363
 64 81 31 71 49 66	 => 362
 21 66 49 73 56 98	 => 363
 29 98 56 28 97 54	 => 362
 75 54 97 15 110 12	 => 363
 108 13 46 47 53 96	 => 363
 31 96 53 44 68 71	 => 363
 49 71 68 11 91 73	 => 363
 56 73 91 16 99 28	 => 363
 97 28 99 90 33 15	 => 362
 110 15 33 83 79 42	 => 362
 46 76 37 80 77 47	 => 363
 53 47 77 60 82 44	 => 363
 68 44 82 55 102 11	 => 362
 91 11 102 93 50 16	 => 363
 99 16 50 69 39 90	 => 363
 33 90 39 70 48 83	 => 363
 79 83 48 103 14 35	 => 362
 77 80 23 58 65 60	 => 363
 82 60 65 92 9 55	 => 363
 102 55 9 101 2 93	 => 362
 50 93 2 89 61 69	 => 364
 39 69 61 19 105 70	 => 363
 48 70 105 27 10 103	 => 363
 65 58 5 84 59 92	 => 363
 9 92 59 17 85 101	 => 363
 2 101 85 34 52 89	 => 363
 61 89 52 41 100 19	 => 362
 105 19 100 45 67 27	 => 363
 59 84 36 63 104 17	 => 363
 85 17 104 51 72 34	 => 363
 52 34 72 87 78 41	 => 364
 100 41 78 94 4 45	 => 362
 104 63 20 18 107 51	 => 363
 72 51 107 8 38 87	 => 363
 78 87 38 26 40 94	 => 363


===================[TEST 2]===================

##### START ##### Thu May 22 09:00:44 2003



##### CONVERGE ##### Thu May 22 09:08:28 2003

Elapsed time: 464 seconds
Total loop: 125 generations

Result : 356.159

37 23 79 104 54 63 49 52 32 110 22 77 33 86 19 29 87 42 7 101 8 90 103 10 46 1 57 94 92 43 89 93 62 47 50 91 100 6 24 88 28 69 35 27 95 13 38 107 60 5 109 36 18 58 14 74 98 26 105 39 59 70 85 40 30 75 81 84 48 2 11 106 45 65 80 51 61 64 41 66 108 9 3 15 53 76 17 72 16 96 25 68 97 12 44 99 71 82 102 55 67 83 20 4 73 31 34 56 78 21 

 37 23 79 104 54 63	 => 360
 49 63 54 52 32 110	 => 360
 22 110 32 77 33 86	 => 360
 79 19 29 87 42 104	 => 360
 54 104 42 7 101 52	 => 360
 32 52 101 8 90 77	 => 360
 33 77 90 103 10 46	 => 359
 29 1 57 94 92 87	 => 360
 42 87 92 43 89 7	 => 360
 101 7 89 93 62 8	 => 360
 90 8 62 47 50 103	 => 360
 10 103 50 91 100 6	 => 360
 57 24 88 28 69 94	 => 360
 92 94 69 35 27 43	 => 360
 89 43 27 95 13 93	 => 360
 62 93 13 38 107 47	 => 360
 50 47 107 60 5 91	 => 360
 100 91 5 109 36 18	 => 359
 88 58 14 74 98 28	 => 360
 69 28 98 26 105 35	 => 361
 27 35 105 39 59 95	 => 360
 13 95 59 70 85 38	 => 360
 107 38 85 40 30 60	 => 360
 5 60 30 75 81 109	 => 360
 36 109 81 84 48 2	 => 360
 98 74 11 106 45 26	 => 360
 105 26 45 65 80 39	 => 360
 59 39 80 51 61 70	 => 360
 85 70 61 64 41 40	 => 361
 30 40 41 66 108 75	 => 360
 81 75 108 9 3 84	 => 360
 45 106 15 53 76 65	 => 360
 80 65 76 17 72 51	 => 361
 61 51 72 16 96 64	 => 360
 41 64 96 25 68 66	 => 360
 108 66 68 97 12 9	 => 360
 76 53 44 99 71 17	 => 360
 72 17 71 82 102 16	 => 360
 96 16 102 55 67 25	 => 361
 68 25 67 83 20 97	 => 360
 71 99 4 73 31 82	 => 360
 102 82 31 34 56 55	 => 360
 67 55 56 78 21 83	 => 360


===================[TEST 3]===================

##### START ##### Thu May 22 09:08:28 2003



##### CONVERGE ##### Thu May 22 09:15:58 2003

Elapsed time: 450 seconds
Total loop: 121 generations

Result : 356.679

37 15 91 18 103 98 6 7 102 45 13 100 27 74 32 16 95 109 38 86 42 25 108 14 87 106 19 76 50 26 44 89 61 20 105 72 34 28 24 70 94 78 35 97 83 22 96 73 3 88 56 82 29 64 4 90 39 47 68 31 48 55 57 40 92 52 71 110 30 12 41 84 60 51 104 46 77 63 69 65 43 62 23 1 66 99 2 59 67 49 36 80 58 53 8 79 107 93 33 75 101 81 5 17 11 54 21 85 9 10 

 37 15 91 18 103 98	 => 362
 6 98 103 7 102 45	 => 361
 13 45 102 100 27 74	 => 361
 91 32 16 95 109 18	 => 361
 103 18 109 38 86 7	 => 361
 102 7 86 42 25 100	 => 362
 27 100 25 108 14 87	 => 361
 16 106 19 76 50 95	 => 362
 109 95 50 26 44 38	 => 362
 86 38 44 89 61 42	 => 360
 25 42 61 20 105 108	 => 361
 14 108 105 72 34 28	 => 361
 19 24 70 94 78 76	 => 361
 50 76 78 35 97 26	 => 362
 44 26 97 83 22 89	 => 361
 61 89 22 96 73 20	 => 361
 105 20 73 3 88 72	 => 361
 34 72 88 56 82 29	 => 361
 70 64 4 90 39 94	 => 361
 78 94 39 47 68 35	 => 361
 97 35 68 31 48 83	 => 362
 22 83 48 55 57 96	 => 361
 73 96 57 40 92 3	 => 361
 88 3 92 52 71 56	 => 362
 82 56 71 110 30 12	 => 361
 39 90 41 84 60 47	 => 361
 68 47 60 51 104 31	 => 361
 48 31 104 46 77 55	 => 361
 57 55 77 63 69 40	 => 361
 92 40 69 65 43 52	 => 361
 71 52 43 62 23 110	 => 361
 60 84 1 66 99 51	 => 361
 104 51 99 2 59 46	 => 361
 77 46 59 67 49 63	 => 361
 69 63 49 36 80 65	 => 362
 43 65 80 58 53 62	 => 361
 99 66 8 79 107 2	 => 361
 59 2 107 93 33 67	 => 361
 49 67 33 75 101 36	 => 361
 80 36 101 81 5 58	 => 361
 107 79 17 11 54 93	 => 361
 33 93 54 21 85 75	 => 361
 101 75 85 9 10 81	 => 361



test#	fitness		sum		time
---------------------------------------------------
1	357.628				432
2	356.159				464
3	356.679				450


---------------------------------------------------
Best fitness      : 357.628 ( test# 1)
Shortest time     : 432 ( test# 1)

Average fitness   : 356.822
Average time      : 448.667
