****************** GA TEST *******************

total test#:			 3
hexa min width:			 3
hexa max width:			 7
hexa count:			 43
number count:			 110
population size:		 130
generation size:		 50

tournament winner p:		 1
do xover p:			 1
xover:				 2points
do mutation1 p:			 0.1
mutation1 p:			 0.05
do optimize p:			 0.65
local optimize count:		 6000
do deep better optimize p:	 1
do deep worse optimize p:	 0
do spin p:			 0
spin count:			 1000
do spin apply p:		 1
do mutation2 p:			 0.12
mutation2 p:			 0.08
force mutation2:		 0
replace bad p:			 0.145

converge rate p:		 0.99
converge count:			 1

**********************************************


===================[TEST 1]===================

##### START ##### Thu May 22 09:15:59 2003



##### CONVERGE ##### Thu May 22 09:22:46 2003

Elapsed time: 407 seconds
Total loop: 111 generations

Result : 349.653

100 19 102 35 75 23 56 69 90 41 29 109 53 32 7 99 55 57 110 9 64 14 81 59 38 52 36 50 63 31 39 61 71 28 97 46 66 6 2 96 78 92 18 101 44 79 22 94 48 42 77 73 51 27 4 45 104 1 62 24 105 10 95 49 47 76 65 16 20 103 107 13 84 91 93 17 106 80 15 70 98 87 12 25 82 60 54 40 68 43 89 58 30 11 8 83 67 88 37 33 85 21 72 26 5 86 3 108 34 74 

 100 19 102 35 75 23	 => 354
 56 23 75 69 90 41	 => 354
 29 41 90 109 53 32	 => 354
 102 7 99 55 57 35	 => 355
 75 35 57 110 9 69	 => 355
 90 69 9 64 14 109	 => 355
 53 109 14 81 59 38	 => 354
 99 52 36 50 63 55	 => 355
 57 55 63 31 39 110	 => 355
 9 110 39 61 71 64	 => 354
 14 64 71 28 97 81	 => 355
 59 81 97 46 66 6	 => 355
 36 2 96 78 92 50	 => 354
 63 50 92 18 101 31	 => 355
 39 31 101 44 79 61	 => 355
 71 61 79 22 94 28	 => 355
 97 28 94 48 42 46	 => 355
 66 46 42 77 73 51	 => 355
 96 27 4 45 104 78	 => 354
 92 78 104 1 62 18	 => 355
 101 18 62 24 105 44	 => 354
 79 44 105 10 95 22	 => 355
 94 22 95 49 47 48	 => 355
 42 48 47 76 65 77	 => 355
 73 77 65 16 20 103	 => 354
 104 45 107 13 84 1	 => 354
 62 1 84 91 93 24	 => 355
 105 24 93 17 106 10	 => 355
 95 10 106 80 15 49	 => 355
 47 49 15 70 98 76	 => 355
 65 76 98 87 12 16	 => 354
 84 13 25 82 60 91	 => 355
 93 91 60 54 40 17	 => 355
 106 17 40 68 43 80	 => 354
 15 80 43 89 58 70	 => 355
 98 70 58 30 11 87	 => 354
 60 82 8 83 67 54	 => 354
 40 54 67 88 37 68	 => 354
 43 68 37 33 85 89	 => 355
 58 89 85 21 72 30	 => 355
 67 83 26 5 86 88	 => 355
 37 88 86 3 108 33	 => 355
 85 33 108 34 74 21	 => 355


===================[TEST 2]===================

##### START ##### Thu May 22 09:22:46 2003



##### CONVERGE ##### Thu May 22 09:34:56 2003

Elapsed time: 730 seconds
Total loop: 196 generations

Result : 357.676

48 14 54 108 34 104 1 110 17 96 36 107 97 9 3 40 74 83 12 15 50 63 33 56 6 24 58 75 91 26 77 102 106 22 87 78 100 8 4 89 71 66 72 32 94 31 38 64 86 25 79 73 7 27 53 93 29 105 18 47 99 20 81 82 11 76 85 55 42 28 13 35 88 37 67 59 70 65 44 51 98 46 2 30 69 103 39 57 19 92 49 61 101 5 41 68 43 109 95 62 45 90 16 10 80 52 23 21 60 84 

 48 14 54 108 34 104	 => 362
 1 104 34 110 17 96	 => 362
 36 96 17 107 97 9	 => 362
 54 3 40 74 83 108	 => 362
 34 108 83 12 15 110	 => 362
 17 110 15 50 63 107	 => 362
 97 107 63 33 56 6	 => 362
 40 24 58 75 91 74	 => 362
 83 74 91 26 77 12	 => 363
 15 12 77 102 106 50	 => 362
 63 50 106 22 87 33	 => 361
 56 33 87 78 100 8	 => 362
 58 4 89 71 66 75	 => 363
 91 75 66 72 32 26	 => 362
 77 26 32 94 31 102	 => 362
 106 102 31 38 64 22	 => 363
 87 22 64 86 25 78	 => 362
 100 78 25 79 73 7	 => 362
 89 27 53 93 29 71	 => 362
 66 71 29 105 18 72	 => 361
 32 72 18 47 99 94	 => 362
 31 94 99 20 81 38	 => 363
 64 38 81 82 11 86	 => 362
 25 86 11 76 85 79	 => 362
 73 79 85 55 42 28	 => 362
 29 93 13 35 88 105	 => 363
 18 105 88 37 67 47	 => 362
 99 47 67 59 70 20	 => 362
 81 20 70 65 44 82	 => 362
 11 82 44 51 98 76	 => 362
 85 76 98 46 2 55	 => 362
 88 35 30 69 103 37	 => 362
 67 37 103 39 57 59	 => 362
 70 59 57 19 92 65	 => 362
 44 65 92 49 61 51	 => 362
 98 51 61 101 5 46	 => 362
 103 69 41 68 43 39	 => 363
 57 39 43 109 95 19	 => 362
 92 19 95 62 45 49	 => 362
 61 49 45 90 16 101	 => 362
 43 68 10 80 52 109	 => 362
 95 109 52 23 21 62	 => 362
 45 62 21 60 84 90	 => 362


===================[TEST 3]===================

##### START ##### Thu May 22 09:34:56 2003



##### CONVERGE ##### Thu May 22 09:43:58 2003

Elapsed time: 542 seconds
Total loop: 147 generations

Result : 351.954

108 39 50 105 24 31 93 72 41 96 15 110 89 7 26 81 87 8 80 68 23 42 57 45 14 94 13 71 11 100 70 10 106 51 79 78 59 40 20 109 55 88 66 22 97 58 84 48 9 92 91 33 4 67 5 46 75 38 35 83 54 2 62 95 60 1 104 47 30 52 32 63 103 34 64 69 85 86 28 74 99 90 16 3 98 56 82 53 21 43 77 49 27 18 19 37 65 101 36 107 73 102 29 17 61 76 12 25 44 6 

 108 39 50 105 24 31	 => 357
 93 31 24 72 41 96	 => 357
 15 96 41 110 89 7	 => 358
 50 26 81 87 8 105	 => 357
 24 105 8 80 68 72	 => 357
 41 72 68 23 42 110	 => 356
 89 110 42 57 45 14	 => 357
 81 94 13 71 11 87	 => 357
 8 87 11 100 70 80	 => 356
 68 80 70 10 106 23	 => 357
 42 23 106 51 79 57	 => 358
 45 57 79 78 59 40	 => 358
 13 20 109 55 88 71	 => 356
 11 71 88 66 22 100	 => 358
 70 100 22 97 58 10	 => 357
 106 10 58 84 48 51	 => 357
 79 51 48 9 92 78	 => 357
 59 78 92 91 33 4	 => 357
 109 67 5 46 75 55	 => 357
 88 55 75 38 35 66	 => 357
 22 66 35 83 54 97	 => 357
 58 97 54 2 62 84	 => 357
 48 84 62 95 60 9	 => 358
 92 9 60 1 104 91	 => 357
 33 91 104 47 30 52	 => 357
 75 46 32 63 103 38	 => 357
 35 38 103 34 64 83	 => 357
 54 83 64 69 85 2	 => 357
 62 2 85 86 28 95	 => 358
 60 95 28 74 99 1	 => 357
 104 1 99 90 16 47	 => 357
 103 63 3 98 56 34	 => 357
 64 34 56 82 53 69	 => 358
 85 69 53 21 43 86	 => 357
 28 86 43 77 49 74	 => 357
 99 74 49 27 18 90	 => 357
 56 98 19 37 65 82	 => 357
 53 82 65 101 36 21	 => 358
 43 21 36 107 73 77	 => 357
 49 77 73 102 29 27	 => 357
 65 37 17 61 76 101	 => 357
 36 101 76 12 25 107	 => 357
 73 107 25 44 6 102	 => 357



test#	fitness		sum		time
---------------------------------------------------
1	349.653				407
2	357.676				730
3	351.954				542


---------------------------------------------------
Best fitness      : 357.676 ( test# 2)
Shortest time     : 407 ( test# 1)

Average fitness   : 353.094
Average time      : 559.667
