****************** GA TEST *******************

total test#:			 3
hexa min width:			 3
hexa max width:			 7
hexa count:			 43
number count:			 110
population size:		 130
generation size:		 50

tournament winner p:		 1
do xover p:			 1
xover:				 2points
do mutation1 p:			 0.1
mutation1 p:			 0.05
do optimize p:			 0.7
local optimize count:		 6000
do deep better optimize p:	 1
do deep worse optimize p:	 0
do spin p:			 0
spin count:			 1000
do spin apply p:		 1
do mutation2 p:			 0.12
mutation2 p:			 0.08
force mutation2:		 0
replace bad p:			 0.195

converge rate p:		 0.99
converge count:			 1

**********************************************


===================[TEST 1]===================

##### START ##### Thu May 22 09:44:02 2003



##### CONVERGE ##### Thu May 22 09:55:41 2003

Elapsed time: 699 seconds
Total loop: 176 generations

Result : 357.679

5 14 96 85 105 57 8 65 94 33 27 20 110 78 41 31 100 9 50 48 82 54 75 88 15 46 22 61 102 77 24 109 49 30 73 45 79 2 60 55 95 69 34 19 108 25 51 98 53 64 80 62 32 16 37 107 52 87 26 104 71 90 17 103 40 43 83 76 3 58 11 84 21 68 56 13 28 89 35 39 101 23 36 1 97 91 29 106 67 59 66 74 81 44 12 70 63 92 6 72 93 38 10 47 4 86 7 99 18 42 

 5 14 96 85 105 57	 => 362
 8 57 105 65 94 33	 => 362
 27 33 94 20 110 78	 => 362
 96 41 31 100 9 85	 => 362
 105 85 9 50 48 65	 => 362
 94 65 48 82 54 20	 => 363
 110 20 54 75 88 15	 => 362
 31 46 22 61 102 100	 => 362
 9 100 102 77 24 50	 => 362
 48 50 24 109 49 82	 => 362
 54 82 49 30 73 75	 => 363
 88 75 73 45 79 2	 => 362
 22 60 55 95 69 61	 => 362
 102 61 69 34 19 77	 => 362
 24 77 19 108 25 109	 => 362
 49 109 25 51 98 30	 => 362
 73 30 98 53 64 45	 => 363
 79 45 64 80 62 32	 => 362
 55 16 37 107 52 95	 => 362
 69 95 52 87 26 34	 => 363
 19 34 26 104 71 108	 => 362
 25 108 71 90 17 51	 => 362
 98 51 17 103 40 53	 => 362
 64 53 40 43 83 80	 => 363
 62 80 83 76 3 58	 => 362
 52 107 11 84 21 87	 => 362
 26 87 21 68 56 104	 => 362
 71 104 56 13 28 90	 => 362
 17 90 28 89 35 103	 => 362
 40 103 35 39 101 43	 => 361
 83 43 101 23 36 76	 => 362
 21 84 1 97 91 68	 => 362
 56 68 91 29 106 13	 => 363
 28 13 106 67 59 89	 => 362
 35 89 59 66 74 39	 => 362
 101 39 74 81 44 23	 => 362
 91 97 12 70 63 29	 => 362
 106 29 63 92 6 67	 => 363
 59 67 6 72 93 66	 => 363
 74 66 93 38 10 81	 => 362
 63 70 47 4 86 92	 => 362
 6 92 86 7 99 72	 => 362
 93 72 99 18 42 38	 => 362


===================[TEST 2]===================

##### START ##### Thu May 22 09:55:41 2003



##### CONVERGE ##### Thu May 22 10:04:57 2003

Elapsed time: 556 seconds
Total loop: 139 generations

Result : 359.064

18 7 72 99 92 75 1 4 95 96 21 64 67 20 19 59 56 58 29 80 44 76 102 42 12 5 106 36 101 16 103 85 22 30 89 31 91 8 13 65 104 39 110 61 28 70 87 69 47 97 57 49 38 23 14 105 52 55 3 107 54 83 41 93 26 46 90 88 74 6 24 27 100 63 35 34 50 60 37 84 77 45 17 62 2 109 25 98 43 78 71 33 73 51 82 66 79 108 10 68 94 40 53 15 9 86 11 81 48 32 

 18 7 72 99 92 75	 => 363
 1 75 92 4 95 96	 => 363
 21 96 95 64 67 20	 => 363
 72 19 59 56 58 99	 => 363
 92 99 58 29 80 4	 => 362
 95 4 80 44 76 64	 => 363
 67 64 76 102 42 12	 => 363
 59 5 106 36 101 56	 => 363
 58 56 101 16 103 29	 => 363
 80 29 103 85 22 44	 => 363
 76 44 22 30 89 102	 => 363
 42 102 89 31 91 8	 => 363
 106 13 65 104 39 36	 => 363
 101 36 39 110 61 16	 => 363
 103 16 61 28 70 85	 => 363
 22 85 70 87 69 30	 => 363
 89 30 69 47 97 31	 => 363
 91 31 97 57 49 38	 => 363
 65 23 14 105 52 104	 => 363
 39 104 52 55 3 110	 => 363
 61 110 3 107 54 28	 => 363
 70 28 54 83 41 87	 => 363
 69 87 41 93 26 47	 => 363
 97 47 26 46 90 57	 => 363
 49 57 90 88 74 6	 => 364
 52 105 24 27 100 55	 => 363
 3 55 100 63 35 107	 => 363
 54 107 35 34 50 83	 => 363
 41 83 50 60 37 93	 => 364
 26 93 37 84 77 46	 => 363
 90 46 77 45 17 88	 => 363
 100 27 62 2 109 63	 => 363
 35 63 109 25 98 34	 => 364
 50 34 98 43 78 60	 => 363
 37 60 78 71 33 84	 => 363
 77 84 33 73 51 45	 => 363
 109 2 82 66 79 25	 => 363
 98 25 79 108 10 43	 => 363
 78 43 10 68 94 71	 => 364
 33 71 94 40 53 73	 => 364
 79 66 15 9 86 108	 => 363
 10 108 86 11 81 68	 => 364
 94 68 81 48 32 40	 => 363


===================[TEST 3]===================

##### START ##### Thu May 22 10:04:57 2003



##### CONVERGE ##### Thu May 22 10:15:55 2003

Elapsed time: 658 seconds
Total loop: 162 generations

Result : 353.486

9 10 98 104 62 75 11 14 99 97 7 38 77 40 1 28 95 32 85 61 45 101 53 63 26 43 59 23 110 34 3 69 96 12 51 89 56 46 30 73 66 107 2 82 91 79 29 74 64 68 70 55 20 24 15 100 81 48 54 86 44 31 84 42 65 16 76 108 36 13 21 17 92 41 37 83 78 72 52 90 93 27 39 67 35 106 33 58 18 49 88 8 80 60 25 109 50 105 94 6 103 57 22 5 71 19 47 87 102 4 

 9 10 98 104 62 75	 => 358
 11 75 62 14 99 97	 => 358
 7 97 99 38 77 40	 => 358
 98 1 28 95 32 104	 => 358
 62 104 32 85 61 14	 => 358
 99 14 61 45 101 38	 => 358
 77 38 101 53 63 26	 => 358
 28 43 59 23 110 95	 => 358
 32 95 110 34 3 85	 => 359
 61 85 3 69 96 45	 => 359
 101 45 96 12 51 53	 => 358
 63 53 51 89 56 46	 => 358
 59 30 73 66 107 23	 => 358
 110 23 107 2 82 34	 => 358
 3 34 82 91 79 69	 => 358
 96 69 79 29 74 12	 => 359
 51 12 74 64 68 89	 => 358
 56 89 68 70 55 20	 => 358
 73 24 15 100 81 66	 => 359
 107 66 81 48 54 2	 => 358
 82 2 54 86 44 91	 => 359
 79 91 44 31 84 29	 => 358
 74 29 84 42 65 64	 => 358
 68 64 65 16 76 70	 => 359
 55 70 76 108 36 13	 => 358
 81 100 21 17 92 48	 => 359
 54 48 92 41 37 86	 => 358
 44 86 37 83 78 31	 => 359
 84 31 78 72 52 42	 => 359
 65 42 52 90 93 16	 => 358
 76 16 93 27 39 108	 => 359
 92 17 67 35 106 41	 => 358
 37 41 106 33 58 83	 => 358
 78 83 58 18 49 72	 => 358
 52 72 49 88 8 90	 => 359
 93 90 8 80 60 27	 => 358
 106 35 25 109 50 33	 => 358
 58 33 50 105 94 18	 => 358
 49 18 94 6 103 88	 => 358
 8 88 103 57 22 80	 => 358
 50 109 5 71 19 105	 => 359
 94 105 19 47 87 6	 => 358
 103 6 87 102 4 57	 => 359



test#	fitness		sum		time
---------------------------------------------------
1	357.679				699
2	359.064				556
3	353.486				658


---------------------------------------------------
Best fitness      : 359.064 ( test# 2)
Shortest time     : 556 ( test# 2)

Average fitness   : 356.743
Average time      : 637.667
