****************** GA TEST *******************

total test#:			 3
hexa min width:			 3
hexa max width:			 7
hexa count:			 43
number count:			 110
population size:		 130
generation size:		 50

tournament winner p:		 1
do xover p:			 1
xover:				 2points
do mutation1 p:			 0.1
mutation1 p:			 0.05
do optimize p:			 0.6
local optimize count:		 6000
do deep better optimize p:	 1
do deep worse optimize p:	 0
do spin p:			 0
spin count:			 1000
do spin apply p:		 1
do mutation2 p:			 0.12
mutation2 p:			 0.08
force mutation2:		 0
replace bad p:			 0.195

converge rate p:		 0.99
converge count:			 1

**********************************************


===================[TEST 1]===================

##### START ##### Thu May 22 10:16:00 2003



##### CONVERGE ##### Thu May 22 10:25:39 2003

Elapsed time: 579 seconds
Total loop: 170 generations

Result : 360.304

34 7 82 100 66 77 48 9 103 63 45 87 44 24 2 62 102 17 81 93 6 68 86 51 30 4 108 14 75 65 26 71 88 23 94 109 21 5 27 85 106 25 90 97 54 52 91 41 59 39 98 89 10 11 20 107 36 76 32 15 78 33 58 73 43 60 67 37 13 61 19 35 92 72 79 50 110 80 12 74 104 42 55 46 64 56 69 40 29 57 47 95 22 28 1 70 105 84 38 96 99 49 53 8 83 16 31 101 3 18 

 34 7 82 100 66 77	 => 366
 48 77 66 9 103 63	 => 366
 45 63 103 87 44 24	 => 366
 82 2 62 102 17 100	 => 365
 66 100 17 81 93 9	 => 366
 103 9 93 6 68 87	 => 366
 44 87 68 86 51 30	 => 366
 62 4 108 14 75 102	 => 365
 17 102 75 65 26 81	 => 366
 93 81 26 71 88 6	 => 365
 68 6 88 23 94 86	 => 365
 51 86 94 109 21 5	 => 366
 108 27 85 106 25 14	 => 365
 75 14 25 90 97 65	 => 366
 26 65 97 54 52 71	 => 365
 88 71 52 91 41 23	 => 366
 94 23 41 59 39 109	 => 365
 21 109 39 98 89 10	 => 366
 85 11 20 107 36 106	 => 365
 25 106 36 76 32 90	 => 365
 97 90 32 15 78 54	 => 366
 52 54 78 33 58 91	 => 366
 41 91 58 73 43 59	 => 365
 39 59 43 60 67 98	 => 366
 89 98 67 37 13 61	 => 365
 36 107 19 35 92 76	 => 365
 32 76 92 72 79 15	 => 366
 78 15 79 50 110 33	 => 365
 58 33 110 80 12 73	 => 366
 43 73 12 74 104 60	 => 366
 67 60 104 42 55 37	 => 365
 92 35 46 64 56 72	 => 365
 79 72 56 69 40 50	 => 366
 110 50 40 29 57 80	 => 366
 12 80 57 47 95 74	 => 365
 104 74 95 22 28 42	 => 365
 56 64 1 70 105 69	 => 365
 40 69 105 84 38 29	 => 365
 57 29 38 96 99 47	 => 366
 95 47 99 49 53 22	 => 365
 105 70 8 83 16 84	 => 366
 38 84 16 31 101 96	 => 366
 99 96 101 3 18 49	 => 366


===================[TEST 2]===================

##### START ##### Thu May 22 10:25:39 2003



##### CONVERGE ##### Thu May 22 10:33:31 2003

Elapsed time: 472 seconds
Total loop: 139 generations

Result : 356.517

34 99 22 105 66 35 13 62 91 95 28 59 63 25 19 85 61 70 33 26 110 14 90 106 30 5 69 103 39 83 75 58 60 40 48 97 4 17 21 102 55 12 77 49 94 3 93 108 27 42 107 104 8 10 24 73 98 89 31 101 9 81 82 1 51 92 43 79 11 18 2 84 16 76 50 80 41 57 100 47 72 53 23 52 96 37 64 54 74 56 36 65 109 15 7 87 71 67 32 86 78 68 6 20 29 88 44 45 46 38 

 34 99 22 105 66 35	 => 361
 13 35 66 62 91 95	 => 362
 28 95 91 59 63 25	 => 361
 22 19 85 61 70 105	 => 362
 66 105 70 33 26 62	 => 362
 91 62 26 110 14 59	 => 362
 63 59 14 90 106 30	 => 362
 85 5 69 103 39 61	 => 362
 70 61 39 83 75 33	 => 361
 26 33 75 58 60 110	 => 362
 14 110 60 40 48 90	 => 362
 106 90 48 97 4 17	 => 362
 69 21 102 55 12 103	 => 362
 39 103 12 77 49 83	 => 363
 75 83 49 94 3 58	 => 362
 60 58 3 93 108 40	 => 362
 48 40 108 27 42 97	 => 362
 4 97 42 107 104 8	 => 362
 102 10 24 73 98 55	 => 362
 12 55 98 89 31 77	 => 362
 49 77 31 101 9 94	 => 361
 3 94 9 81 82 93	 => 362
 108 93 82 1 51 27	 => 362
 42 27 51 92 43 107	 => 362
 104 107 43 79 11 18	 => 362
 98 73 2 84 16 89	 => 362
 31 89 16 76 50 101	 => 363
 9 101 50 80 41 81	 => 362
 82 81 41 57 100 1	 => 362
 51 1 100 47 72 92	 => 363
 43 92 72 53 23 79	 => 362
 16 84 52 96 37 76	 => 361
 50 76 37 64 54 80	 => 361
 41 80 54 74 56 57	 => 362
 100 57 56 36 65 47	 => 361
 72 47 65 109 15 53	 => 361
 37 96 7 87 71 64	 => 362
 54 64 71 67 32 74	 => 362
 56 74 32 86 78 36	 => 362
 65 36 78 68 6 109	 => 362
 71 87 20 29 88 67	 => 362
 32 67 88 44 45 86	 => 362
 78 86 45 46 38 68	 => 361


===================[TEST 3]===================

##### START ##### Thu May 22 10:33:31 2003



##### CONVERGE ##### Thu May 22 10:42:52 2003

Elapsed time: 561 seconds
Total loop: 161 generations

Result : 352.881

78 42 47 28 95 67 2 12 84 98 16 34 102 23 89 25 83 86 96 40 100 88 90 27 17 9 82 109 50 3 39 53 30 32 18 110 19 93 6 69 29 63 36 97 61 105 57 80 46 72 55 101 1 31 103 20 106 56 68 60 35 26 73 38 64 44 77 99 11 14 5 91 79 37 58 75 104 24 92 13 107 10 21 22 52 76 41 71 33 51 70 108 54 65 8 94 87 45 81 74 49 62 15 4 43 85 7 66 48 59 

 78 42 47 28 95 67	 => 357
 2 67 95 12 84 98	 => 358
 16 98 84 34 102 23	 => 357
 47 89 25 83 86 28	 => 358
 95 28 86 96 40 12	 => 357
 84 12 40 100 88 34	 => 358
 102 34 88 90 27 17	 => 358
 25 9 82 109 50 83	 => 358
 86 83 50 3 39 96	 => 357
 40 96 39 53 30 100	 => 358
 88 100 30 32 18 90	 => 358
 27 90 18 110 19 93	 => 357
 82 6 69 29 63 109	 => 358
 50 109 63 36 97 3	 => 358
 39 3 97 61 105 53	 => 358
 30 53 105 57 80 32	 => 357
 18 32 80 46 72 110	 => 358
 19 110 72 55 101 1	 => 358
 69 31 103 20 106 29	 => 358
 63 29 106 56 68 36	 => 358
 97 36 68 60 35 61	 => 357
 105 61 35 26 73 57	 => 357
 80 57 73 38 64 46	 => 358
 72 46 64 44 77 55	 => 358
 101 55 77 99 11 14	 => 357
 106 20 5 91 79 56	 => 357
 68 56 79 37 58 60	 => 358
 35 60 58 75 104 26	 => 358
 73 26 104 24 92 38	 => 357
 64 38 92 13 107 44	 => 358
 77 44 107 10 21 99	 => 358
 79 91 22 52 76 37	 => 357
 58 37 76 41 71 75	 => 358
 104 75 71 33 51 24	 => 358
 92 24 51 70 108 13	 => 358
 107 13 108 54 65 10	 => 357
 76 52 8 94 87 41	 => 358
 71 41 87 45 81 33	 => 358
 51 33 81 74 49 70	 => 358
 108 70 49 62 15 54	 => 358
 87 94 4 43 85 45	 => 358
 81 45 85 7 66 74	 => 358
 49 74 66 48 59 62	 => 358



test#	fitness		sum		time
---------------------------------------------------
1	360.304				579
2	356.517				472
3	352.881				561


---------------------------------------------------
Best fitness      : 360.304 ( test# 1)
Shortest time     : 472 ( test# 2)

Average fitness   : 356.567
Average time      : 537.333
