****************** GA TEST *******************

total test#:			 3
hexa min width:			 3
hexa max width:			 7
hexa count:			 43
number count:			 110
population size:		 130
generation size:		 50

tournament winner p:		 1
do xover p:			 1
xover:				 2points
do mutation1 p:			 0.1
mutation1 p:			 0.05
do optimize p:			 0.65
local optimize count:		 7000
do deep better optimize p:	 1
do deep worse optimize p:	 0
do spin p:			 0
spin count:			 1000
do spin apply p:		 1
do mutation2 p:			 0.12
mutation2 p:			 0.08
force mutation2:		 0
replace bad p:			 0.195

converge rate p:		 0.99
converge count:			 1

**********************************************


===================[TEST 1]===================

##### START ##### Thu May 22 10:42:57 2003



##### CONVERGE ##### Thu May 22 10:52:06 2003

Elapsed time: 549 seconds
Total loop: 128 generations

Result : 357.012

12 4 94 92 64 96 24 7 87 85 51 23 107 10 6 14 110 46 60 93 99 52 84 78 18 3 88 68 79 31 36 38 37 73 17 75 81 27 16 103 32 55 72 57 95 105 5 104 86 8 101 76 20 30 21 74 102 62 39 45 53 15 89 66 11 106 50 91 25 19 2 58 65 82 69 71 109 22 61 56 63 9 43 29 80 48 59 33 44 83 42 98 108 28 1 97 77 100 49 90 54 34 26 13 40 35 41 47 67 70 

 12 4 94 92 64 96	 => 362
 24 96 64 7 87 85	 => 363
 51 85 87 23 107 10	 => 363
 94 6 14 110 46 92	 => 362
 64 92 46 60 93 7	 => 362
 87 7 93 99 52 23	 => 361
 107 23 52 84 78 18	 => 362
 14 3 88 68 79 110	 => 362
 46 110 79 31 36 60	 => 362
 93 60 36 38 37 99	 => 363
 52 99 37 73 17 84	 => 362
 78 84 17 75 81 27	 => 362
 88 16 103 32 55 68	 => 362
 79 68 55 72 57 31	 => 362
 36 31 57 95 105 38	 => 362
 37 38 105 5 104 73	 => 362
 17 73 104 86 8 75	 => 363
 81 75 8 101 76 20	 => 361
 103 30 21 74 102 32	 => 362
 55 32 102 62 39 72	 => 362
 57 72 39 45 53 95	 => 361
 105 95 53 15 89 5	 => 362
 104 5 89 66 11 86	 => 361
 8 86 11 106 50 101	 => 362
 76 101 50 91 25 19	 => 362
 102 74 2 58 65 62	 => 363
 39 62 65 82 69 45	 => 362
 53 45 69 71 109 15	 => 362
 89 15 109 22 61 66	 => 362
 11 66 61 56 63 106	 => 363
 50 106 63 9 43 91	 => 362
 65 58 29 80 48 82	 => 362
 69 82 48 59 33 71	 => 362
 109 71 33 44 83 22	 => 362
 61 22 83 42 98 56	 => 362
 63 56 98 108 28 9	 => 362
 48 80 1 97 77 59	 => 362
 33 59 77 100 49 44	 => 362
 83 44 49 90 54 42	 => 362
 98 42 54 34 26 108	 => 362
 77 97 13 40 35 100	 => 362
 49 100 35 41 47 90	 => 362
 54 90 47 67 70 34	 => 362


===================[TEST 2]===================

##### START ##### Thu May 22 10:52:06 2003



##### CONVERGE ##### Thu May 22 10:59:55 2003

Elapsed time: 469 seconds
Total loop: 110 generations

Result : 354.337

24 21 106 102 75 32 13 79 85 76 15 33 86 65 6 31 107 8 90 7 96 61 71 73 36 66 54 92 11 59 84 16 67 35 30 108 27 51 23 70 101 20 69 109 17 77 72 93 49 45 91 34 55 2 18 105 64 78 29 46 89 37 68 39 40 48 87 44 22 82 5 25 83 50 74 62 53 100 63 60 110 14 57 41 80 81 4 88 19 38 47 52 28 97 1 95 99 56 94 58 104 103 26 3 9 98 12 42 43 10 

 24 21 106 102 75 32	 => 360
 13 32 75 79 85 76	 => 360
 15 76 85 33 86 65	 => 360
 106 6 31 107 8 102	 => 360
 75 102 8 90 7 79	 => 361
 85 79 7 96 61 33	 => 361
 86 33 61 71 73 36	 => 360
 31 66 54 92 11 107	 => 361
 8 107 11 59 84 90	 => 359
 7 90 84 16 67 96	 => 360
 61 96 67 35 30 71	 => 360
 73 71 30 108 27 51	 => 360
 54 23 70 101 20 92	 => 360
 11 92 20 69 109 59	 => 360
 84 59 109 17 77 16	 => 362
 67 16 77 72 93 35	 => 360
 30 35 93 49 45 108	 => 360
 27 108 45 91 34 55	 => 360
 70 2 18 105 64 101	 => 360
 20 101 64 78 29 69	 => 361
 109 69 29 46 89 17	 => 359
 77 17 89 37 68 72	 => 360
 93 72 68 39 40 49	 => 361
 45 49 40 48 87 91	 => 360
 34 91 87 44 22 82	 => 360
 64 105 5 25 83 78	 => 360
 29 78 83 50 74 46	 => 360
 89 46 74 62 53 37	 => 361
 68 37 53 100 63 39	 => 360
 40 39 63 60 110 48	 => 360
 87 48 110 14 57 44	 => 360
 83 25 41 80 81 50	 => 360
 74 50 81 4 88 62	 => 359
 53 62 88 19 38 100	 => 360
 63 100 38 47 52 60	 => 360
 110 60 52 28 97 14	 => 361
 81 80 1 95 99 4	 => 360
 88 4 99 56 94 19	 => 360
 38 19 94 58 104 47	 => 360
 52 47 104 103 26 28	 => 360
 99 95 3 9 98 56	 => 360
 94 56 98 12 42 58	 => 360
 104 58 42 43 10 103	 => 360


===================[TEST 3]===================

##### START ##### Thu May 22 10:59:55 2003



##### CONVERGE ##### Thu May 22 11:10:00 2003

Elapsed time: 605 seconds
Total loop: 127 generations

Result : 355.376

4 63 91 101 41 61 29 106 82 42 60 67 79 31 28 65 21 55 32 26 14 66 59 75 15 3 102 108 62 98 92 87 110 9 103 94 23 6 24 18 96 12 46 35 43 7 38 109 8 37 100 56 50 49 27 88 83 17 107 52 77 90 105 53 48 95 73 81 34 16 10 58 104 76 5 93 44 57 11 68 85 25 2 1 51 71 80 36 45 86 40 99 20 64 13 74 72 89 39 97 54 78 70 84 22 19 47 69 33 30 

 4 63 91 101 41 61	 => 361
 29 61 41 106 82 42	 => 361
 60 42 82 67 79 31	 => 361
 91 28 65 21 55 101	 => 361
 41 101 55 32 26 106	 => 361
 82 106 26 14 66 67	 => 361
 79 67 66 59 75 15	 => 361
 65 3 102 108 62 21	 => 361
 55 21 62 98 92 32	 => 360
 26 32 92 87 110 14	 => 361
 66 14 110 9 103 59	 => 361
 75 59 103 94 23 6	 => 360
 102 24 18 96 12 108	 => 360
 62 108 12 46 35 98	 => 361
 92 98 35 43 7 87	 => 362
 110 87 7 38 109 9	 => 360
 103 9 109 8 37 94	 => 360
 23 94 37 100 56 50	 => 360
 18 49 27 88 83 96	 => 361
 12 96 83 17 107 46	 => 361
 35 46 107 52 77 43	 => 360
 7 43 77 90 105 38	 => 360
 109 38 105 53 48 8	 => 361
 37 8 48 95 73 100	 => 361
 56 100 73 81 34 16	 => 360
 83 88 10 58 104 17	 => 360
 107 17 104 76 5 52	 => 361
 77 52 5 93 44 90	 => 361
 105 90 44 57 11 53	 => 360
 48 53 11 68 85 95	 => 360
 73 95 85 25 2 81	 => 361
 104 58 1 51 71 76	 => 361
 5 76 71 80 36 93	 => 361
 44 93 36 45 86 57	 => 361
 11 57 86 40 99 68	 => 361
 85 68 99 20 64 25	 => 361
 71 51 13 74 72 80	 => 361
 36 80 72 89 39 45	 => 361
 86 45 39 97 54 40	 => 361
 99 40 54 78 70 20	 => 361
 72 74 84 22 19 89	 => 360
 39 89 19 47 69 97	 => 360
 54 97 69 33 30 78	 => 361



test#	fitness		sum		time
---------------------------------------------------
1	357.012				549
2	354.337				469
3	355.376				605


---------------------------------------------------
Best fitness      : 357.012 ( test# 1)
Shortest time     : 469 ( test# 2)

Average fitness   : 355.575
Average time      : 541
