****************** GA TEST *******************

total test#:			 3
hexa min width:			 3
hexa max width:			 7
hexa count:			 43
number count:			 110
population size:		 150
generation size:		 80

tournament winner p:		 1
do xover p:			 0.9
xover:				 2points
do mutation1 p:			 0.1
mutation1 p:			 0.05
do optimize p:			 0.65
local optimize count:		 10000
do deep better optimize p:	 1
do deep worse optimize p:	 0
do spin p:			 0
spin count:			 1000
do spin apply p:		 1
do mutation2 p:			 0.12
mutation2 p:			 0.08
force mutation2:		 0
replace bad p:			 0.195

converge rate p:		 0.99
converge count:			 1

**********************************************


===================[TEST 1]===================

##### START ##### Thu May 22 13:27:45 2003



##### CONVERGE ##### Thu May 22 13:41:48 2003

Elapsed time: 843 seconds
Total loop: 87 generations

Result : 356.944

9 25 73 92 72 91 1 31 81 86 2 106 83 4 6 42 101 48 62 57 47 40 43 29 61 32 13 107 67 7 76 93 28 105 98 59 110 23 5 104 96 37 79 65 70 51 21 63 34 3 53 66 71 35 19 58 50 75 26 89 33 85 102 52 90 82 99 64 20 60 15 54 109 27 36 95 24 84 14 94 30 78 10 8 56 108 80 16 97 46 55 69 74 17 11 39 68 88 12 103 49 38 77 22 45 100 18 41 44 87 

 9 25 73 92 72 91	 => 362
 1 91 72 31 81 86	 => 362
 2 86 81 106 83 4	 => 362
 73 6 42 101 48 92	 => 362
 72 92 48 62 57 31	 => 362
 81 31 57 47 40 106	 => 362
 83 106 40 43 29 61	 => 362
 42 32 13 107 67 101	 => 362
 48 101 67 7 76 62	 => 361
 57 62 76 93 28 47	 => 363
 40 47 28 105 98 43	 => 361
 29 43 98 59 110 23	 => 362
 13 5 104 96 37 107	 => 362
 67 107 37 79 65 7	 => 362
 76 7 65 70 51 93	 => 362
 28 93 51 21 63 105	 => 361
 98 105 63 34 3 59	 => 362
 110 59 3 53 66 71	 => 362
 104 35 19 58 50 96	 => 362
 37 96 50 75 26 79	 => 363
 65 79 26 89 33 70	 => 362
 51 70 33 85 102 21	 => 362
 63 21 102 52 90 34	 => 362
 3 34 90 82 99 53	 => 361
 66 53 99 64 20 60	 => 362
 50 58 15 54 109 75	 => 361
 26 75 109 27 36 89	 => 362
 33 89 36 95 24 85	 => 362
 102 85 24 84 14 52	 => 361
 90 52 14 94 30 82	 => 362
 99 82 30 78 10 64	 => 363
 109 54 8 56 108 27	 => 362
 36 27 108 80 16 95	 => 362
 24 95 16 97 46 84	 => 362
 14 84 46 55 69 94	 => 362
 30 94 69 74 17 78	 => 362
 108 56 11 39 68 80	 => 362
 16 80 68 88 12 97	 => 361
 46 97 12 103 49 55	 => 362
 69 55 49 38 77 74	 => 362
 68 39 22 45 100 88	 => 362
 12 88 100 18 41 103	 => 362
 49 103 41 44 87 38	 => 362


===================[TEST 2]===================

##### START ##### Thu May 22 13:41:48 2003



##### CONVERGE ##### Thu May 22 13:52:37 2003

Elapsed time: 649 seconds
Total loop: 68 generations

Result : 351.965

14 27 103 72 59 81 2 90 24 100 32 86 94 20 61 46 65 9 85 41 37 78 54 34 10 60 88 8 89 69 39 79 74 15 98 93 42 35 1 102 75 82 55 52 105 11 109 68 6 76 110 4 31 23 97 19 40 92 12 83 49 25 57 77 38 22 104 7 51 80 70 36 99 44 26 107 66 47 84 28 106 96 21 13 73 91 58 30 63 43 67 87 5 33 56 16 62 95 48 64 71 108 17 53 29 101 3 45 50 18 

 14 27 103 72 59 81	 => 356
 2 81 59 90 24 100	 => 356
 32 100 24 86 94 20	 => 356
 103 61 46 65 9 72	 => 356
 59 72 9 85 41 90	 => 356
 24 90 41 37 78 86	 => 356
 94 86 78 54 34 10	 => 356
 46 60 88 8 89 65	 => 356
 9 65 89 69 39 85	 => 356
 41 85 39 79 74 37	 => 355
 78 37 74 15 98 54	 => 356
 34 54 98 93 42 35	 => 356
 88 1 102 75 82 8	 => 356
 89 8 82 55 52 69	 => 355
 39 69 52 105 11 79	 => 355
 74 79 11 109 68 15	 => 356
 98 15 68 6 76 93	 => 356
 42 93 76 110 4 31	 => 356
 102 23 97 19 40 75	 => 356
 82 75 40 92 12 55	 => 356
 52 55 12 83 49 105	 => 356
 11 105 49 25 57 109	 => 356
 68 109 57 77 38 6	 => 355
 76 6 38 22 104 110	 => 356
 4 110 104 7 51 80	 => 356
 40 19 70 36 99 92	 => 356
 12 92 99 44 26 83	 => 356
 49 83 26 107 66 25	 => 356
 57 25 66 47 84 77	 => 356
 38 77 84 28 106 22	 => 355
 104 22 106 96 21 7	 => 356
 99 36 13 73 91 44	 => 356
 26 44 91 58 30 107	 => 356
 66 107 30 63 43 47	 => 356
 84 47 43 67 87 28	 => 356
 106 28 87 5 33 96	 => 355
 91 73 56 16 62 58	 => 356
 30 58 62 95 48 63	 => 356
 43 63 48 64 71 67	 => 356
 87 67 71 108 17 5	 => 355
 62 16 53 29 101 95	 => 356
 48 95 101 3 45 64	 => 356
 71 64 45 50 18 108	 => 356


===================[TEST 3]===================

##### START ##### Thu May 22 13:52:37 2003



##### CONVERGE ##### Thu May 22 14:06:04 2003

Elapsed time: 807 seconds
Total loop: 85 generations

Result : 356.943

8 48 66 67 102 70 44 55 73 18 72 69 101 28 62 54 98 15 85 37 50 77 58 53 3 14 47 107 41 82 40 61 88 2 86 59 89 16 5 49 108 45 76 10 71 97 20 94 33 87 105 17 4 38 6 81 79 42 11 100 93 24 56 68 90 12 35 110 63 31 30 34 95 106 7 57 80 60 74 19 99 96 9 65 36 25 75 91 52 21 83 104 43 1 39 103 84 27 32 109 64 46 22 26 29 92 23 78 51 13 

 8 48 66 67 102 70	 => 361
 44 70 102 55 73 18	 => 362
 72 18 73 69 101 28	 => 361
 66 62 54 98 15 67	 => 362
 102 67 15 85 37 55	 => 361
 73 55 37 50 77 69	 => 361
 101 69 77 58 53 3	 => 361
 54 14 47 107 41 98	 => 361
 15 98 41 82 40 85	 => 361
 37 85 40 61 88 50	 => 361
 77 50 88 2 86 58	 => 361
 53 58 86 59 89 16	 => 361
 47 5 49 108 45 107	 => 361
 41 107 45 76 10 82	 => 361
 40 82 10 71 97 61	 => 361
 88 61 97 20 94 2	 => 362
 86 2 94 33 87 59	 => 361
 89 59 87 105 17 4	 => 361
 49 38 6 81 79 108	 => 361
 45 108 79 42 11 76	 => 361
 10 76 11 100 93 71	 => 361
 97 71 93 24 56 20	 => 361
 94 20 56 68 90 33	 => 361
 87 33 90 12 35 105	 => 362
 17 105 35 110 63 31	 => 361
 79 81 30 34 95 42	 => 361
 11 42 95 106 7 100	 => 361
 93 100 7 57 80 24	 => 361
 56 24 80 60 74 68	 => 362
 90 68 74 19 99 12	 => 362
 35 12 99 96 9 110	 => 361
 95 34 65 36 25 106	 => 361
 7 106 25 75 91 57	 => 361
 80 57 91 52 21 60	 => 361
 74 60 21 83 104 19	 => 361
 99 19 104 43 1 96	 => 362
 25 36 39 103 84 75	 => 362
 91 75 84 27 32 52	 => 361
 21 52 32 109 64 83	 => 361
 104 83 64 46 22 43	 => 362
 84 103 26 29 92 27	 => 361
 32 27 92 23 78 109	 => 361
 64 109 78 51 13 46	 => 361



test#	fitness		sum		time
---------------------------------------------------
1	356.944				843
2	351.965				649
3	356.943				807


---------------------------------------------------
Best fitness      : 356.944 ( test# 1)
Shortest time     : 649 ( test# 2)

Average fitness   : 355.284
Average time      : 766.333
