****************** GA TEST *******************

total test#:			 5
hexa min width:			 3
hexa max width:			 7
hexa count:			 43
number count:			 110
population size:		 130
generation size:		 60

tournament winner p:		 1
do xover p:			 0.8
xover:				 2points
do mutation1 p:			 0.1
mutation1 p:			 0.05
do optimize p:			 0.65
local optimize count:		 20000
do deep better optimize p:	 1
do deep worse optimize p:	 0
do spin p:			 0
spin count:			 1000
do spin apply p:		 1
do mutation2 p:			 0.12
mutation2 p:			 0.08
force mutation2:		 0
replace bad p:			 0.195

converge rate p:		 0.99
converge count:			 1

**********************************************


===================[TEST 1]===================

##### START ##### Thu May 22 19:37:03 2003



##### CONVERGE ##### Thu May 22 20:08:03 2003

Elapsed time: 1860 seconds
Total loop: 85 generations

Result : 358.524

5 85 88 94 80 11 14 61 99 98 16 34 89 27 4 54 67 55 29 44 65 60 70 104 6 24 105 40 73 52 87 37 101 15 51 100 17 21 41 75 59 43 91 64 74 49 102 58 32 107 93 38 8 3 103 31 92 68 10 84 39 53 45 108 18 42 71 81 66 13 20 62 90 48 63 46 78 23 56 57 82 77 9 30 36 97 22 86 47 83 35 109 26 12 2 96 110 19 79 50 69 95 28 7 25 106 33 76 72 1 

 5 85 88 94 80 11	 => 363
 14 11 80 61 99 98	 => 363
 16 98 99 34 89 27	 => 363
 88 4 54 67 55 94	 => 362
 80 94 55 29 44 61	 => 363
 99 61 44 65 60 34	 => 363
 89 34 60 70 104 6	 => 363
 54 24 105 40 73 67	 => 363
 55 67 73 52 87 29	 => 363
 44 29 87 37 101 65	 => 363
 60 65 101 15 51 70	 => 362
 104 70 51 100 17 21	 => 363
 105 41 75 59 43 40	 => 363
 73 40 43 91 64 52	 => 363
 87 52 64 74 49 37	 => 363
 101 37 49 102 58 15	 => 362
 51 15 58 32 107 100	 => 363
 17 100 107 93 38 8	 => 363
 75 3 103 31 92 59	 => 363
 43 59 92 68 10 91	 => 363
 64 91 10 84 39 74	 => 362
 49 74 39 53 45 102	 => 362
 58 102 45 108 18 32	 => 363
 107 32 18 42 71 93	 => 363
 38 93 71 81 66 13	 => 362
 92 31 20 62 90 68	 => 363
 10 68 90 48 63 84	 => 363
 39 84 63 46 78 53	 => 363
 45 53 78 23 56 108	 => 363
 18 108 56 57 82 42	 => 363
 71 42 82 77 9 81	 => 362
 90 62 30 36 97 48	 => 363
 63 48 97 22 86 46	 => 362
 78 46 86 47 83 23	 => 363
 56 23 83 35 109 57	 => 363
 82 57 109 26 12 77	 => 363
 97 36 2 96 110 22	 => 363
 86 22 110 19 79 47	 => 363
 83 47 79 50 69 35	 => 363
 109 35 69 95 28 26	 => 362
 110 96 7 25 106 19	 => 363
 79 19 106 33 76 50	 => 363
 69 50 76 72 1 95	 => 363


===================[TEST 2]===================

##### START ##### Thu May 22 20:08:03 2003



##### CONVERGE ##### Thu May 22 20:33:00 2003

Elapsed time: 1497 seconds
Total loop: 68 generations

Result : 354.458

57 2 96 22 82 101 33 23 104 17 21 54 90 73 3 92 80 66 88 79 44 56 83 71 6 47 42 35 63 29 34 49 65 59 53 39 109 4 55 38 85 105 18 110 77 61 26 100 103 7 87 108 10 11 68 95 62 32 58 52 45 91 60 51 19 93 50 74 31 9 15 72 84 107 27 102 43 28 86 14 97 41 5 13 36 48 75 1 98 89 37 106 78 24 25 76 99 67 20 70 46 81 12 16 8 94 40 69 64 30 

 57 2 96 22 82 101	 => 360
 33 101 82 23 104 17	 => 360
 21 17 104 54 90 73	 => 359
 96 3 92 80 66 22	 => 359
 82 22 66 88 79 23	 => 360
 104 23 79 44 56 54	 => 360
 90 54 56 83 71 6	 => 360
 92 47 42 35 63 80	 => 359
 66 80 63 29 34 88	 => 360
 79 88 34 49 65 44	 => 359
 56 44 65 59 53 83	 => 360
 71 83 53 39 109 4	 => 359
 42 55 38 85 105 35	 => 360
 63 35 105 18 110 29	 => 360
 34 29 110 77 61 49	 => 360
 65 49 61 26 100 59	 => 360
 53 59 100 103 7 39	 => 361
 109 39 7 87 108 10	 => 360
 38 11 68 95 62 85	 => 359
 105 85 62 32 58 18	 => 360
 110 18 58 52 45 77	 => 360
 61 77 45 91 60 26	 => 360
 100 26 60 51 19 103	 => 359
 7 103 19 93 50 87	 => 359
 108 87 50 74 31 9	 => 359
 62 95 15 72 84 32	 => 360
 58 32 84 107 27 52	 => 360
 45 52 27 102 43 91	 => 360
 60 91 43 28 86 51	 => 359
 19 51 86 14 97 93	 => 360
 50 93 97 41 5 74	 => 360
 84 72 13 36 48 107	 => 360
 27 107 48 75 1 102	 => 360
 43 102 1 98 89 28	 => 361
 86 28 89 37 106 14	 => 360
 97 14 106 78 24 41	 => 360
 48 36 25 76 99 75	 => 359
 1 75 99 67 20 98	 => 360
 89 98 20 70 46 37	 => 360
 106 37 46 81 12 78	 => 360
 99 76 16 8 94 67	 => 360
 20 67 94 40 69 70	 => 360
 46 70 69 64 30 81	 => 360


===================[TEST 3]===================

##### START ##### Thu May 22 20:33:00 2003



##### CONVERGE ##### Thu May 22 21:04:45 2003

Elapsed time: 1905 seconds
Total loop: 88 generations

Result : 360.264

24 16 56 69 92 108 15 22 57 72 31 109 79 18 47 27 89 78 5 100 66 12 87 37 41 49 84 23 94 35 65 55 74 54 73 106 62 1 67 8 82 102 13 98 45 68 81 34 70 28 96 52 21 17 42 110 107 9 53 77 80 30 60 85 36 46 90 59 29 40 32 11 97 104 25 71 83 64 44 63 91 61 19 7 95 51 39 76 58 14 88 93 38 20 26 50 105 86 2 101 103 10 33 6 43 75 3 99 4 48 

 24 16 56 69 92 108	 => 365
 15 108 92 22 57 72	 => 366
 31 72 57 109 79 18	 => 366
 56 47 27 89 78 69	 => 366
 92 69 78 5 100 22	 => 366
 57 22 100 66 12 109	 => 366
 79 109 12 87 37 41	 => 365
 27 49 84 23 94 89	 => 366
 78 89 94 35 65 5	 => 366
 100 5 65 55 74 66	 => 365
 12 66 74 54 73 87	 => 366
 37 87 73 106 62 1	 => 366
 84 67 8 82 102 23	 => 366
 94 23 102 13 98 35	 => 365
 65 35 98 45 68 55	 => 366
 74 55 68 81 34 54	 => 366
 73 54 34 70 28 106	 => 365
 62 106 28 96 52 21	 => 365
 8 17 42 110 107 82	 => 366
 102 82 107 9 53 13	 => 366
 98 13 53 77 80 45	 => 366
 68 45 80 30 60 81	 => 364
 34 81 60 85 36 70	 => 366
 28 70 36 46 90 96	 => 366
 52 96 90 59 29 40	 => 366
 107 110 32 11 97 9	 => 366
 53 9 97 104 25 77	 => 365
 80 77 25 71 83 30	 => 366
 60 30 83 64 44 85	 => 366
 36 85 44 63 91 46	 => 365
 90 46 91 61 19 59	 => 366
 97 11 7 95 51 104	 => 365
 25 104 51 39 76 71	 => 366
 83 71 76 58 14 64	 => 366
 44 64 14 88 93 63	 => 366
 91 63 93 38 20 61	 => 366
 51 95 26 50 105 39	 => 366
 76 39 105 86 2 58	 => 366
 14 58 2 101 103 88	 => 366
 93 88 103 10 33 38	 => 365
 105 50 6 43 75 86	 => 365
 2 86 75 3 99 101	 => 366
 103 101 99 4 48 10	 => 365


===================[TEST 4]===================

##### START ##### Thu May 22 21:04:45 2003



##### CONVERGE ##### Thu May 22 21:48:23 2003

Elapsed time: 2618 seconds
Total loop: 117 generations

Result : 357.802

38 6 72 53 100 94 16 59 66 27 45 77 65 82 22 67 110 39 90 21 71 69 51 98 2 9 34 87 55 25 43 76 61 35 75 78 33 28 81 15 104 41 52 103 18 97 13 80 44 50 57 48 96 37 40 68 99 12 54 74 62 63 109 86 30 73 108 83 46 20 36 42 106 105 11 88 64 26 14 102 58 32 8 10 29 70 84 4 79 101 24 95 56 19 5 89 85 93 17 92 49 107 31 3 1 91 23 47 60 7 

 38 6 72 53 100 94	 => 363
 16 94 100 59 66 27	 => 362
 45 27 66 77 65 82	 => 362
 72 22 67 110 39 53	 => 363
 100 53 39 90 21 59	 => 362
 66 59 21 71 69 77	 => 363
 65 77 69 51 98 2	 => 362
 67 9 34 87 55 110	 => 362
 39 110 55 25 43 90	 => 362
 21 90 43 76 61 71	 => 362
 69 71 61 35 75 51	 => 362
 98 51 75 78 33 28	 => 363
 34 81 15 104 41 87	 => 362
 55 87 41 52 103 25	 => 363
 43 25 103 18 97 76	 => 362
 61 76 97 13 80 35	 => 362
 75 35 80 44 50 78	 => 362
 33 78 50 57 48 96	 => 362
 15 37 40 68 99 104	 => 363
 41 104 99 12 54 52	 => 362
 103 52 54 74 62 18	 => 363
 97 18 62 63 109 13	 => 362
 80 13 109 86 30 44	 => 362
 50 44 30 73 108 57	 => 362
 48 57 108 83 46 20	 => 362
 99 68 36 42 106 12	 => 363
 54 12 106 105 11 74	 => 362
 62 74 11 88 64 63	 => 362
 109 63 64 26 14 86	 => 362
 30 86 14 102 58 73	 => 363
 108 73 58 32 8 83	 => 362
 106 42 10 29 70 105	 => 362
 11 105 70 84 4 88	 => 362
 64 88 4 79 101 26	 => 362
 14 26 101 24 95 102	 => 362
 58 102 95 56 19 32	 => 362
 70 29 5 89 85 84	 => 362
 4 84 85 93 17 79	 => 362
 101 79 17 92 49 24	 => 362
 95 24 49 107 31 56	 => 362
 85 89 3 1 91 93	 => 362
 17 93 91 23 47 92	 => 363
 49 92 47 60 7 107	 => 362


===================[TEST 5]===================

##### START ##### Thu May 22 21:48:24 2003



##### CONVERGE ##### Thu May 22 22:28:51 2003

Elapsed time: 2427 seconds
Total loop: 127 generations

Result : 362.38

80 33 22 99 110 23 6 63 92 73 28 103 62 9 40 43 107 56 5 34 64 12 91 38 61 14 41 68 94 4 101 66 98 26 75 82 42 39 1 79 78 100 32 70 106 21 48 108 24 53 95 51 44 17 3 109 81 29 47 83 30 67 96 46 45 90 60 76 8 77 25 58 65 50 93 37 57 88 13 104 69 54 18 35 74 85 16 87 27 72 31 59 71 10 11 97 84 105 49 86 102 89 15 19 7 55 20 52 2 36 

 80 33 22 99 110 23	 => 367
 6 23 110 63 92 73	 => 367
 28 73 92 103 62 9	 => 367
 22 40 43 107 56 99	 => 367
 110 99 56 5 34 63	 => 367
 92 63 34 64 12 103	 => 368
 62 103 12 91 38 61	 => 367
 43 14 41 68 94 107	 => 367
 56 107 94 4 101 5	 => 367
 34 5 101 66 98 64	 => 368
 12 64 98 26 75 91	 => 366
 38 91 75 82 42 39	 => 367
 41 1 79 78 100 68	 => 367
 94 68 100 32 70 4	 => 368
 101 4 70 106 21 66	 => 368
 98 66 21 48 108 26	 => 367
 75 26 108 24 53 82	 => 368
 42 82 53 95 51 44	 => 367
 79 17 3 109 81 78	 => 367
 100 78 81 29 47 32	 => 367
 70 32 47 83 30 106	 => 368
 21 106 30 67 96 48	 => 368
 108 48 96 46 45 24	 => 367
 53 24 45 90 60 95	 => 367
 51 95 60 76 8 77	 => 367
 81 109 25 58 65 29	 => 367
 47 29 65 50 93 83	 => 367
 30 83 93 37 57 67	 => 367
 96 67 57 88 13 46	 => 367
 45 46 13 104 69 90	 => 367
 60 90 69 54 18 76	 => 367
 65 58 35 74 85 50	 => 367
 93 50 85 16 87 37	 => 368
 57 37 87 27 72 88	 => 368
 13 88 72 31 59 104	 => 367
 69 104 59 71 10 54	 => 367
 85 74 11 97 84 16	 => 367
 87 16 84 105 49 27	 => 368
 72 27 49 86 102 31	 => 367
 59 31 102 89 15 71	 => 367
 84 97 19 7 55 105	 => 367
 49 105 55 20 52 86	 => 367
 102 86 52 2 36 89	 => 367



test#	fitness		sum		time
---------------------------------------------------
1	358.524				1860
2	354.458				1497
3	360.264				1905
4	357.802				2618
5	362.38				2427


---------------------------------------------------
Best fitness      : 362.38 ( test# 5)
Shortest time     : 1497 ( test# 2)

Average fitness   : 358.686
Average time      : 2061.4
