****************** GA TEST *******************

total test#:			 100
hexa min width:			 3
hexa max width:			 5
hexa count:			 19
number count:			 54
population size:		 150
generation size:		 50

tournament winner p:		 1
do xover p:			 1
xover:				 2points
do mutation1 p:			 0.1
mutation1 p:			 0.05
do optimize p:			 1
local optimize count:		 6000
do deep better optimize p:	 1
do deep worse optimize p:	 0
do spin p:			 0
spin count:			 1000
do spin apply p:		 1
do mutation2 p:			 0.12
mutation2 p:			 0.08
force mutation2:		 0
replace bad p:			 0.195

converge rate p:		 0.99
converge count:			 5

**********************************************


===================[TEST 1]===================

##### START ##### Thu May 22 14:45:35 2003



##### CONVERGE ##### Thu May 22 14:46:41 2003

Elapsed time: 66 seconds
Total loop: 115 generations

Result : 187.215

16 14 32 54 48 26 11 19 53 33 3 52 41 8 7 44 47 6 37 27 36 4 45 35 13 20 9 28 42 24 34 31 25 29 51 21 23 15 17 39 40 43 18 49 38 50 2 10 12 46 5 30 22 1 

 16 14 32 54 48 26	 => 190
 11 26 48 19 53 33	 => 190
 3 33 53 52 41 8	 => 190
 32 7 44 47 6 54	 => 190
 48 54 6 37 27 19	 => 191
 53 19 27 36 4 52	 => 191
 41 52 4 45 35 13	 => 190
 44 20 9 28 42 47	 => 190
 6 47 42 24 34 37	 => 190
 27 37 34 31 25 36	 => 190
 4 36 25 29 51 45	 => 190
 35 45 51 21 23 15	 => 190
 42 28 17 39 40 24	 => 190
 34 24 40 43 18 31	 => 190
 25 31 18 49 38 29	 => 190
 51 29 38 50 2 21	 => 191
 40 39 10 12 46 43	 => 190
 18 43 46 5 30 49	 => 191
 38 49 30 22 1 50	 => 190


===================[TEST 2]===================

##### START ##### Thu May 22 14:46:41 2003



##### CONVERGE ##### Thu May 22 14:47:44 2003

Elapsed time: 63 seconds
Total loop: 110 generations

Result : 188.412

2 17 37 46 52 36 1 19 54 28 9 34 51 14 18 33 50 6 38 30 24 29 48 25 3 20 11 27 49 26 21 45 32 4 53 31 10 23 8 39 41 35 22 40 47 43 12 16 15 44 7 42 13 5 

 2 17 37 46 52 36	 => 190
 1 36 52 19 54 28	 => 190
 9 28 54 34 51 14	 => 190
 37 18 33 50 6 46	 => 190
 52 46 6 38 30 19	 => 191
 54 19 30 24 29 34	 => 190
 51 34 29 48 25 3	 => 190
 33 20 11 27 49 50	 => 190
 6 50 49 26 21 38	 => 190
 30 38 21 45 32 24	 => 190
 29 24 32 4 53 48	 => 190
 25 48 53 31 10 23	 => 190
 49 27 8 39 41 26	 => 190
 21 26 41 35 22 45	 => 190
 32 45 22 40 47 4	 => 190
 53 4 47 43 12 31	 => 190
 41 39 16 15 44 35	 => 190
 22 35 44 7 42 40	 => 190
 47 40 42 13 5 43	 => 190


===================[TEST 3]===================

##### START ##### Thu May 22 14:47:44 2003



##### CONVERGE ##### Thu May 22 14:48:40 2003

Elapsed time: 56 seconds
Total loop: 98 generations

Result : 188.412

10 9 49 34 48 41 4 13 54 30 8 44 40 14 17 19 45 26 31 38 36 5 53 28 20 25 16 39 46 15 27 35 23 22 51 29 18 11 1 47 42 50 21 37 52 33 3 6 2 43 7 32 12 24 

 10 9 49 34 48 41	 => 191
 4 41 48 13 54 30	 => 190
 8 30 54 44 40 14	 => 190
 49 17 19 45 26 34	 => 190
 48 34 26 31 38 13	 => 190
 54 13 38 36 5 44	 => 190
 40 44 5 53 28 20	 => 190
 19 25 16 39 46 45	 => 190
 26 45 46 15 27 31	 => 190
 38 31 27 35 23 36	 => 190
 5 36 23 22 51 53	 => 190
 28 53 51 29 18 11	 => 190
 46 39 1 47 42 15	 => 190
 27 15 42 50 21 35	 => 190
 23 35 21 37 52 22	 => 190
 51 22 52 33 3 29	 => 190
 42 47 6 2 43 50	 => 190
 21 50 43 7 32 37	 => 190
 52 37 32 12 24 33	 => 190


===================[TEST 4]===================

##### START ##### Thu May 22 14:48:40 2003



##### CONVERGE ##### Thu May 22 14:50:20 2003

Elapsed time: 100 seconds
Total loop: 176 generations

Result : 188.412

10 16 41 47 33 43 7 22 54 31 9 51 30 15 3 32 44 23 27 38 20 5 52 48 4 28 2 35 49 18 29 39 37 26 50 25 14 1 11 24 53 46 6 40 42 34 13 12 19 36 17 45 8 21 

 10 16 41 47 33 43	 => 190
 7 43 33 22 54 31	 => 190
 9 31 54 51 30 15	 => 190
 41 3 32 44 23 47	 => 190
 33 47 23 27 38 22	 => 190
 54 22 38 20 5 51	 => 190
 30 51 5 52 48 4	 => 190
 32 28 2 35 49 44	 => 190
 23 44 49 18 29 27	 => 190
 38 27 29 39 37 20	 => 190
 5 20 37 26 50 52	 => 190
 48 52 50 25 14 1	 => 190
 49 35 11 24 53 18	 => 190
 29 18 53 46 6 39	 => 191
 37 39 6 40 42 26	 => 190
 50 26 42 34 13 25	 => 190
 53 24 12 19 36 46	 => 190
 6 46 36 17 45 40	 => 190
 42 40 45 8 21 34	 => 190


===================[TEST 5]===================

##### START ##### Thu May 22 14:50:20 2003



##### CONVERGE ##### Thu May 22 14:51:54 2003

Elapsed time: 94 seconds
Total loop: 165 generations

Result : 187.501

13 19 31 39 49 40 2 16 52 32 3 50 29 25 9 45 48 18 43 26 23 24 42 36 10 22 1 41 34 11 37 33 28 21 53 30 14 15 7 51 46 44 20 54 35 47 4 6 17 27 8 38 5 12 

 13 19 31 39 49 40	 => 191
 2 40 49 16 52 32	 => 191
 3 32 52 50 29 25	 => 191
 31 9 45 48 18 39	 => 190
 49 39 18 43 26 16	 => 191
 52 16 26 23 24 50	 => 191
 29 50 24 42 36 10	 => 191
 45 22 1 41 34 48	 => 191
 18 48 34 11 37 43	 => 191
 26 43 37 33 28 23	 => 190
 24 23 28 21 53 42	 => 191
 36 42 53 30 14 15	 => 190
 34 41 7 51 46 11	 => 190
 37 11 46 44 20 33	 => 191
 28 33 20 54 35 21	 => 191
 53 21 35 47 4 30	 => 190
 46 51 6 17 27 44	 => 191
 20 44 27 8 38 54	 => 191
 35 54 38 5 12 47	 => 191


===================[TEST 6]===================

##### START ##### Thu May 22 14:51:54 2003



##### CONVERGE ##### Thu May 22 14:53:21 2003

Elapsed time: 87 seconds
Total loop: 153 generations

Result : 187.64

15 10 34 43 47 41 12 6 48 36 14 51 38 3 2 39 50 22 25 46 35 4 52 44 1 7 21 40 33 29 31 24 28 17 54 20 11 9 5 30 53 26 27 45 49 32 18 23 16 42 13 37 8 19 

 15 10 34 43 47 41	 => 190
 12 41 47 6 48 36	 => 190
 14 36 48 51 38 3	 => 190
 34 2 39 50 22 43	 => 190
 47 43 22 25 46 6	 => 189
 48 6 46 35 4 51	 => 190
 38 51 4 52 44 1	 => 190
 39 7 21 40 33 50	 => 190
 22 50 33 29 31 25	 => 190
 46 25 31 24 28 35	 => 189
 4 35 28 17 54 52	 => 190
 44 52 54 20 11 9	 => 190
 33 40 5 30 53 29	 => 190
 31 29 53 26 27 24	 => 190
 28 24 27 45 49 17	 => 190
 54 17 49 32 18 20	 => 190
 53 30 23 16 42 26	 => 190
 27 26 42 13 37 45	 => 190
 49 45 37 8 19 32	 => 190


===================[TEST 7]===================

##### START ##### Thu May 22 14:53:21 2003



##### CONVERGE ##### Thu May 22 14:54:09 2003

Elapsed time: 48 seconds
Total loop: 83 generations

Result : 187.412

1 17 41 32 52 46 6 15 43 27 11 54 33 21 20 24 37 35 25 30 29 18 44 28 13 3 34 40 51 10 31 48 26 19 53 36 5 23 2 39 47 45 8 38 50 22 9 12 4 42 7 49 14 16 

 1 17 41 32 52 46	 => 189
 6 46 52 15 43 27	 => 189
 11 27 43 54 33 21	 => 189
 41 20 24 37 35 32	 => 189
 52 32 35 25 30 15	 => 189
 43 15 30 29 18 54	 => 189
 33 54 18 44 28 13	 => 190
 24 3 34 40 51 37	 => 189
 35 37 51 10 31 25	 => 189
 30 25 31 48 26 29	 => 189
 18 29 26 19 53 44	 => 189
 28 44 53 36 5 23	 => 189
 51 40 2 39 47 10	 => 189
 31 10 47 45 8 48	 => 189
 26 48 8 38 50 19	 => 189
 53 19 50 22 9 36	 => 189
 47 39 12 4 42 45	 => 189
 8 45 42 7 49 38	 => 189
 50 38 49 14 16 22	 => 189


===================[TEST 8]===================

##### START ##### Thu May 22 14:54:09 2003



##### CONVERGE ##### Thu May 22 14:55:33 2003

Elapsed time: 84 seconds
Total loop: 147 generations

Result : 188.163

4 24 27 52 47 37 18 9 45 35 8 54 26 23 3 38 51 19 28 36 25 22 53 31 5 6 2 44 50 13 30 39 32 11 48 42 16 1 12 29 43 46 20 40 49 34 7 17 15 41 10 33 21 14 

 4 24 27 52 47 37	 => 191
 18 37 47 9 45 35	 => 191
 8 35 45 54 26 23	 => 191
 27 3 38 51 19 52	 => 190
 47 52 19 28 36 9	 => 191
 45 9 36 25 22 54	 => 191
 26 54 22 53 31 5	 => 191
 38 6 2 44 50 51	 => 191
 19 51 50 13 30 28	 => 191
 36 28 30 39 32 25	 => 190
 22 25 32 11 48 53	 => 191
 31 53 48 42 16 1	 => 191
 50 44 12 29 43 13	 => 191
 30 13 43 46 20 39	 => 191
 32 39 20 40 49 11	 => 191
 48 11 49 34 7 42	 => 191
 43 29 17 15 41 46	 => 191
 20 46 41 10 33 40	 => 190
 49 40 33 21 14 34	 => 191


===================[TEST 9]===================

##### START ##### Thu May 22 14:55:33 2003



##### CONVERGE ##### Thu May 22 14:56:46 2003

Elapsed time: 73 seconds
Total loop: 129 generations

Result : 187.64

18 7 42 52 35 36 2 28 50 39 26 47 27 1 5 29 38 24 31 20 23 22 46 32 16 11 13 48 51 12 33 40 43 19 37 45 21 9 4 34 41 54 10 25 53 30 6 3 14 44 8 49 15 17 

 18 7 42 52 35 36	 => 190
 2 36 35 28 50 39	 => 190
 26 39 50 47 27 1	 => 190
 42 5 29 38 24 52	 => 190
 35 52 24 31 20 28	 => 190
 50 28 20 23 22 47	 => 190
 27 47 22 46 32 16	 => 190
 29 11 13 48 51 38	 => 190
 24 38 51 12 33 31	 => 189
 20 31 33 40 43 23	 => 190
 22 23 43 19 37 46	 => 190
 32 46 37 45 21 9	 => 190
 51 48 4 34 41 12	 => 190
 33 12 41 54 10 40	 => 190
 43 40 10 25 53 19	 => 190
 37 19 53 30 6 45	 => 190
 41 34 3 14 44 54	 => 190
 10 54 44 8 49 25	 => 190
 53 25 49 15 17 30	 => 189


===================[TEST 10]===================

##### START ##### Thu May 22 14:56:46 2003



##### CONVERGE ##### Thu May 22 14:58:03 2003

Elapsed time: 77 seconds
Total loop: 134 generations

Result : 187.85

22 5 33 53 49 28 2 9 54 48 13 45 24 6 1 39 46 19 31 29 23 30 47 40 4 7 16 32 50 8 36 37 34 18 38 52 3 10 14 35 51 42 17 41 43 27 12 26 11 25 21 44 20 15 

 22 5 33 53 49 28	 => 190
 2 28 49 9 54 48	 => 190
 13 48 54 45 24 6	 => 190
 33 1 39 46 19 53	 => 191
 49 53 19 31 29 9	 => 190
 54 9 29 23 30 45	 => 190
 24 45 30 47 40 4	 => 190
 39 7 16 32 50 46	 => 190
 19 46 50 8 36 31	 => 190
 29 31 36 37 34 23	 => 190
 30 23 34 18 38 47	 => 190
 40 47 38 52 3 10	 => 190
 50 32 14 35 51 8	 => 190
 36 8 51 42 17 37	 => 191
 34 37 17 41 43 18	 => 190
 38 18 43 27 12 52	 => 190
 51 35 26 11 25 42	 => 190
 17 42 25 21 44 41	 => 190
 43 41 44 20 15 27	 => 190


===================[TEST 11]===================

##### START ##### Thu May 22 14:58:03 2003



##### CONVERGE ##### Thu May 22 14:59:42 2003

Elapsed time: 99 seconds
Total loop: 175 generations

Result (Solution) : 190

23 13 31 49 42 32 10 20 34 52 17 51 29 7 6 43 37 24 28 27 39 19 54 35 2 21 3 40 46 22 33 47 16 18 44 36 9 12 11 41 30 50 8 48 53 25 14 5 26 38 1 45 15 4 

 23 13 31 49 42 32	 => 190
 10 32 42 20 34 52	 => 190
 17 52 34 51 29 7	 => 190
 31 6 43 37 24 49	 => 190
 42 49 24 28 27 20	 => 190
 34 20 27 39 19 51	 => 190
 29 51 19 54 35 2	 => 190
 43 21 3 40 46 37	 => 190
 24 37 46 22 33 28	 => 190
 27 28 33 47 16 39	 => 190
 19 39 16 18 44 54	 => 190
 35 54 44 36 9 12	 => 190
 46 40 11 41 30 22	 => 190
 33 22 30 50 8 47	 => 190
 16 47 8 48 53 18	 => 190
 44 18 53 25 14 36	 => 190
 30 41 5 26 38 50	 => 190
 8 50 38 1 45 48	 => 190
 53 48 45 15 4 25	 => 190


===================[TEST 12]===================

##### START ##### Thu May 22 14:59:42 2003



##### CONVERGE ##### Thu May 22 15:00:58 2003

Elapsed time: 76 seconds
Total loop: 133 generations

Result : 187.478

12 9 41 52 48 28 8 24 50 32 5 47 37 19 14 31 43 10 36 20 23 26 38 39 3 17 15 49 35 13 54 27 30 22 51 40 18 4 2 45 46 34 16 53 42 29 6 7 25 33 11 44 21 1 

 12 9 41 52 48 28	 => 190
 8 28 48 24 50 32	 => 190
 5 32 50 47 37 19	 => 190
 41 14 31 43 10 52	 => 191
 48 52 10 36 20 24	 => 190
 50 24 20 23 26 47	 => 190
 37 47 26 38 39 3	 => 190
 31 17 15 49 35 43	 => 190
 10 43 35 13 54 36	 => 191
 20 36 54 27 30 23	 => 190
 26 23 30 22 51 38	 => 190
 39 38 51 40 18 4	 => 190
 35 49 2 45 46 13	 => 190
 54 13 46 34 16 27	 => 190
 30 27 16 53 42 22	 => 190
 51 22 42 29 6 40	 => 190
 46 45 7 25 33 34	 => 190
 16 34 33 11 44 53	 => 191
 42 53 44 21 1 29	 => 190


===================[TEST 13]===================

##### START ##### Thu May 22 15:00:58 2003



##### CONVERGE ##### Thu May 22 15:02:21 2003

Elapsed time: 83 seconds
Total loop: 145 generations

Result : 188.412

21 6 30 50 39 44 1 24 45 37 19 47 38 4 5 33 49 23 29 25 36 13 48 35 9 15 2 40 51 12 27 41 32 8 53 31 3 20 17 16 54 42 14 43 52 28 18 22 10 46 11 34 7 26 

 21 6 30 50 39 44	 => 190
 1 44 39 24 45 37	 => 190
 19 37 45 47 38 4	 => 190
 30 5 33 49 23 50	 => 190
 39 50 23 29 25 24	 => 190
 45 24 25 36 13 47	 => 190
 38 47 13 48 35 9	 => 190
 33 15 2 40 51 49	 => 190
 23 49 51 12 27 29	 => 191
 25 29 27 41 32 36	 => 190
 13 36 32 8 53 48	 => 190
 35 48 53 31 3 20	 => 190
 51 40 17 16 54 12	 => 190
 27 12 54 42 14 41	 => 190
 32 41 14 43 52 8	 => 190
 53 8 52 28 18 31	 => 190
 54 16 22 10 46 42	 => 190
 14 42 46 11 34 43	 => 190
 52 43 34 7 26 28	 => 190


===================[TEST 14]===================

##### START ##### Thu May 22 15:02:21 2003



##### CONVERGE ##### Thu May 22 15:03:24 2003

Elapsed time: 63 seconds
Total loop: 111 generations

Result : 187.412

11 12 32 50 41 43 6 21 51 27 38 48 23 2 5 45 33 24 19 34 26 9 52 44 13 10 16 36 49 18 46 29 35 28 39 30 7 17 15 31 40 42 14 47 37 54 1 3 20 53 8 25 22 4 

 11 12 32 50 41 43	 => 189
 6 43 41 21 51 27	 => 189
 38 27 51 48 23 2	 => 189
 32 5 45 33 24 50	 => 189
 41 50 24 19 34 21	 => 189
 51 21 34 26 9 48	 => 189
 23 48 9 52 44 13	 => 189
 45 10 16 36 49 33	 => 189
 24 33 49 18 46 19	 => 189
 34 19 46 29 35 26	 => 189
 9 26 35 28 39 52	 => 189
 44 52 39 30 7 17	 => 189
 49 36 15 31 40 18	 => 189
 46 18 40 42 14 29	 => 189
 35 29 14 47 37 28	 => 190
 39 28 37 54 1 30	 => 189
 40 31 3 20 53 42	 => 189
 14 42 53 8 25 47	 => 189
 37 47 25 22 4 54	 => 189


===================[TEST 15]===================

##### START ##### Thu May 22 15:03:24 2003



##### CONVERGE ##### Thu May 22 15:04:36 2003

Elapsed time: 72 seconds
Total loop: 125 generations

Result : 188.412

22 7 31 52 37 41 3 20 46 43 18 36 30 17 6 42 51 8 35 38 24 26 50 48 1 12 2 29 54 15 27 34 32 14 44 25 4 19 13 40 39 47 28 33 49 53 5 9 10 45 16 21 11 23 

 22 7 31 52 37 41	 => 190
 3 41 37 20 46 43	 => 190
 18 43 46 36 30 17	 => 190
 31 6 42 51 8 52	 => 190
 37 52 8 35 38 20	 => 190
 46 20 38 24 26 36	 => 190
 30 36 26 50 48 1	 => 191
 42 12 2 29 54 51	 => 190
 8 51 54 15 27 35	 => 190
 38 35 27 34 32 24	 => 190
 26 24 32 14 44 50	 => 190
 48 50 44 25 4 19	 => 190
 54 29 13 40 39 15	 => 190
 27 15 39 47 28 34	 => 190
 32 34 28 33 49 14	 => 190
 44 14 49 53 5 25	 => 190
 39 40 9 10 45 47	 => 190
 28 47 45 16 21 33	 => 190
 49 33 21 11 23 53	 => 190


===================[TEST 16]===================

##### START ##### Thu May 22 15:04:36 2003



##### CONVERGE ##### Thu May 22 15:05:36 2003

Elapsed time: 60 seconds
Total loop: 106 generations

Result : 187.306

15 16 36 43 39 40 1 10 48 51 2 44 35 9 7 32 45 26 19 52 29 6 50 46 8 18 17 28 49 12 37 25 27 30 47 22 20 4 21 41 38 54 23 31 53 24 13 3 11 42 5 34 14 33 

 15 16 36 43 39 40	 => 189
 1 40 39 10 48 51	 => 189
 2 51 48 44 35 9	 => 189
 36 7 32 45 26 43	 => 189
 39 43 26 19 52 10	 => 189
 48 10 52 29 6 44	 => 189
 35 44 6 50 46 8	 => 189
 32 18 17 28 49 45	 => 189
 26 45 49 12 37 19	 => 188
 52 19 37 25 27 29	 => 189
 6 29 27 30 47 50	 => 189
 46 50 47 22 20 4	 => 189
 49 28 21 41 38 12	 => 189
 37 12 38 54 23 25	 => 189
 27 25 23 31 53 30	 => 189
 47 30 53 24 13 22	 => 189
 38 41 3 11 42 54	 => 189
 23 54 42 5 34 31	 => 189
 53 31 34 14 33 24	 => 189


===================[TEST 17]===================

##### START ##### Thu May 22 15:05:36 2003



##### CONVERGE ##### Thu May 22 15:06:42 2003

Elapsed time: 66 seconds
Total loop: 115 generations

Result : 188.306

13 7 45 34 50 41 1 12 46 40 5 51 37 11 14 27 54 16 31 47 32 2 52 39 9 10 21 43 35 30 24 33 23 28 53 25 15 6 3 42 36 48 19 49 38 29 17 20 18 26 4 44 22 8 

 13 7 45 34 50 41	 => 190
 1 41 50 12 46 40	 => 190
 5 40 46 51 37 11	 => 190
 45 14 27 54 16 34	 => 190
 50 34 16 31 47 12	 => 190
 46 12 47 32 2 51	 => 190
 37 51 2 52 39 9	 => 190
 27 10 21 43 35 54	 => 190
 16 54 35 30 24 31	 => 190
 47 31 24 33 23 32	 => 190
 2 32 23 28 53 52	 => 190
 39 52 53 25 15 6	 => 190
 35 43 3 42 36 30	 => 189
 24 30 36 48 19 33	 => 190
 23 33 19 49 38 28	 => 190
 53 28 38 29 17 25	 => 190
 36 42 20 18 26 48	 => 190
 19 48 26 4 44 49	 => 190
 38 49 44 22 8 29	 => 190


===================[TEST 18]===================

##### START ##### Thu May 22 15:06:42 2003



##### CONVERGE ##### Thu May 22 15:07:49 2003

Elapsed time: 67 seconds
Total loop: 118 generations

Result : 187.412

38 7 42 28 48 26 5 20 46 44 19 35 27 18 12 25 51 31 33 29 37 22 53 39 13 2 23 47 41 10 24 45 21 6 50 32 11 4 3 34 54 40 16 52 49 43 9 8 17 36 15 30 1 14 

 38 7 42 28 48 26	 => 189
 5 26 48 20 46 44	 => 189
 19 44 46 35 27 18	 => 189
 42 12 25 51 31 28	 => 189
 48 28 31 33 29 20	 => 189
 46 20 29 37 22 35	 => 189
 27 35 22 53 39 13	 => 189
 25 2 23 47 41 51	 => 189
 31 51 41 10 24 33	 => 190
 29 33 24 45 21 37	 => 189
 22 37 21 6 50 53	 => 189
 39 53 50 32 11 4	 => 189
 41 47 3 34 54 10	 => 189
 24 10 54 40 16 45	 => 189
 21 45 16 52 49 6	 => 189
 50 6 49 43 9 32	 => 189
 54 34 8 17 36 40	 => 189
 16 40 36 15 30 52	 => 189
 49 52 30 1 14 43	 => 189


===================[TEST 19]===================

##### START ##### Thu May 22 15:07:49 2003



##### CONVERGE ##### Thu May 22 15:09:14 2003

Elapsed time: 85 seconds
Total loop: 149 generations

Result : 187.306

24 4 32 49 43 37 1 31 44 33 20 41 35 16 7 29 54 18 34 14 36 23 40 39 11 15 17 27 47 8 28 51 26 19 45 46 13 6 3 53 50 22 30 38 25 52 2 12 10 42 9 48 5 21 

 24 4 32 49 43 37	 => 189
 1 37 43 31 44 33	 => 189
 20 33 44 41 35 16	 => 189
 32 7 29 54 18 49	 => 189
 43 49 18 34 14 31	 => 189
 44 31 14 36 23 41	 => 189
 35 41 23 40 39 11	 => 189
 29 15 17 27 47 54	 => 189
 18 54 47 8 28 34	 => 189
 14 34 28 51 26 36	 => 189
 23 36 26 19 45 40	 => 189
 39 40 45 46 13 6	 => 189
 47 27 3 53 50 8	 => 188
 28 8 50 22 30 51	 => 189
 26 51 30 38 25 19	 => 189
 45 19 25 52 2 46	 => 189
 50 53 12 10 42 22	 => 189
 30 22 42 9 48 38	 => 189
 25 38 48 5 21 52	 => 189


===================[TEST 20]===================

##### START ##### Thu May 22 15:09:14 2003



##### CONVERGE ##### Thu May 22 15:10:05 2003

Elapsed time: 51 seconds
Total loop: 89 generations

Result : 188.306

15 3 51 40 52 29 9 35 38 27 23 44 42 16 11 28 54 6 31 26 25 22 45 36 1 13 19 30 46 20 33 34 41 10 47 24 17 21 12 32 50 39 14 43 48 53 8 2 18 49 7 37 5 4 

 15 3 51 40 52 29	 => 190
 9 29 52 35 38 27	 => 190
 23 27 38 44 42 16	 => 190
 51 11 28 54 6 40	 => 190
 52 40 6 31 26 35	 => 190
 38 35 26 25 22 44	 => 190
 42 44 22 45 36 1	 => 190
 28 13 19 30 46 54	 => 190
 6 54 46 20 33 31	 => 190
 26 31 33 34 41 25	 => 190
 22 25 41 10 47 45	 => 190
 36 45 47 24 17 21	 => 190
 46 30 12 32 50 20	 => 190
 33 20 50 39 14 34	 => 190
 41 34 14 43 48 10	 => 190
 47 10 48 53 8 24	 => 190
 50 32 2 18 49 39	 => 190
 14 39 49 7 37 43	 => 189
 48 43 37 5 4 53	 => 190


===================[TEST 21]===================

##### START ##### Thu May 22 15:10:05 2003



##### CONVERGE ##### Thu May 22 15:10:59 2003

Elapsed time: 54 seconds
Total loop: 94 generations

Result : 186.64

20 3 44 53 48 21 6 8 52 54 7 40 35 1 18 22 37 15 33 32 38 19 47 42 5 27 17 41 45 29 30 39 16 26 43 34 13 10 14 24 36 46 9 50 49 25 12 4 28 51 2 31 11 23 

 20 3 44 53 48 21	 => 189
 6 21 48 8 52 54	 => 189
 7 54 52 40 35 1	 => 189
 44 18 22 37 15 53	 => 189
 48 53 15 33 32 8	 => 189
 52 8 32 38 19 40	 => 189
 35 40 19 47 42 5	 => 188
 22 27 17 41 45 37	 => 189
 15 37 45 29 30 33	 => 189
 32 33 30 39 16 38	 => 188
 19 38 16 26 43 47	 => 189
 42 47 43 34 13 10	 => 189
 45 41 14 24 36 29	 => 189
 30 29 36 46 9 39	 => 189
 16 39 9 50 49 26	 => 189
 43 26 49 25 12 34	 => 189
 36 24 4 28 51 46	 => 189
 9 46 51 2 31 50	 => 189
 49 50 31 11 23 25	 => 189


===================[TEST 22]===================

##### START ##### Thu May 22 15:10:59 2003



##### CONVERGE ##### Thu May 22 15:12:28 2003

Elapsed time: 89 seconds
Total loop: 156 generations

Result : 187.85

11 14 29 40 46 50 9 27 34 24 23 53 48 8 10 42 54 15 18 44 28 4 49 35 1 7 3 32 52 21 30 37 33 25 51 26 17 12 2 47 36 45 22 31 43 39 6 19 5 38 13 41 16 20 

 11 14 29 40 46 50	 => 190
 9 50 46 27 34 24	 => 190
 23 24 34 53 48 8	 => 190
 29 10 42 54 15 40	 => 190
 46 40 15 18 44 27	 => 190
 34 27 44 28 4 53	 => 190
 48 53 4 49 35 1	 => 190
 42 7 3 32 52 54	 => 190
 15 54 52 21 30 18	 => 190
 44 18 30 37 33 28	 => 190
 4 28 33 25 51 49	 => 190
 35 49 51 26 17 12	 => 190
 52 32 2 47 36 21	 => 190
 30 21 36 45 22 37	 => 191
 33 37 22 31 43 25	 => 191
 51 25 43 39 6 26	 => 190
 36 47 19 5 38 45	 => 190
 22 45 38 13 41 31	 => 190
 43 31 41 16 20 39	 => 190


===================[TEST 23]===================

##### START ##### Thu May 22 15:12:28 2003



##### CONVERGE ##### Thu May 22 15:13:55 2003

Elapsed time: 87 seconds
Total loop: 153 generations

Result : 188.412

2 25 41 43 47 32 6 18 49 39 1 37 48 16 9 29 53 15 31 36 40 10 42 46 7 8 11 38 51 13 27 26 30 24 44 35 20 3 5 33 50 52 22 34 54 21 12 4 28 23 14 45 19 17 

 2 25 41 43 47 32	 => 190
 6 32 47 18 49 39	 => 191
 1 39 49 37 48 16	 => 190
 41 9 29 53 15 43	 => 190
 47 43 15 31 36 18	 => 190
 49 18 36 40 10 37	 => 190
 48 37 10 42 46 7	 => 190
 29 8 11 38 51 53	 => 190
 15 53 51 13 27 31	 => 190
 36 31 27 26 30 40	 => 190
 10 40 30 24 44 42	 => 190
 46 42 44 35 20 3	 => 190
 51 38 5 33 50 13	 => 190
 27 13 50 52 22 26	 => 190
 30 26 22 34 54 24	 => 190
 44 24 54 21 12 35	 => 190
 50 33 4 28 23 52	 => 190
 22 52 23 14 45 34	 => 190
 54 34 45 19 17 21	 => 190


===================[TEST 24]===================

##### START ##### Thu May 22 15:13:55 2003



##### CONVERGE ##### Thu May 22 15:15:04 2003

Elapsed time: 69 seconds
Total loop: 121 generations

Result : 188.412

18 11 31 48 37 45 9 24 35 40 16 52 39 8 2 44 50 15 30 36 20 23 38 34 4 5 3 42 46 22 27 51 26 29 54 33 12 19 7 32 41 43 6 53 25 49 1 17 10 47 13 28 21 14 

 18 11 31 48 37 45	 => 190
 9 45 37 24 35 40	 => 190
 16 40 35 52 39 8	 => 190
 31 2 44 50 15 48	 => 190
 37 48 15 30 36 24	 => 190
 35 24 36 20 23 52	 => 190
 39 52 23 38 34 4	 => 190
 44 5 3 42 46 50	 => 190
 15 50 46 22 27 30	 => 190
 36 30 27 51 26 20	 => 190
 23 20 26 29 54 38	 => 190
 34 38 54 33 12 19	 => 190
 46 42 7 32 41 22	 => 190
 27 22 41 43 6 51	 => 190
 26 51 6 53 25 29	 => 190
 54 29 25 49 1 33	 => 191
 41 32 17 10 47 43	 => 190
 6 43 47 13 28 53	 => 190
 25 53 28 21 14 49	 => 190


===================[TEST 25]===================

##### START ##### Thu May 22 15:15:04 2003



##### CONVERGE ##### Thu May 22 15:16:00 2003

Elapsed time: 56 seconds
Total loop: 97 generations

Result : 187.087

8 16 24 50 39 53 10 1 52 35 17 45 37 5 3 38 47 28 33 40 34 19 51 29 9 20 7 48 31 22 30 26 27 18 42 49 14 6 4 41 44 46 23 54 43 36 2 13 15 32 11 25 12 21 

 8 16 24 50 39 53	 => 190
 10 53 39 1 52 35	 => 190
 17 35 52 45 37 5	 => 191
 24 3 38 47 28 50	 => 190
 39 50 28 33 40 1	 => 191
 52 1 40 34 19 45	 => 191
 37 45 19 51 29 9	 => 190
 38 20 7 48 31 47	 => 191
 28 47 31 22 30 33	 => 191
 40 33 30 26 27 34	 => 190
 19 34 27 18 42 51	 => 191
 29 51 42 49 14 6	 => 191
 31 48 4 41 44 22	 => 190
 30 22 44 46 23 26	 => 191
 27 26 23 54 43 18	 => 191
 42 18 43 36 2 49	 => 190
 44 41 13 15 32 46	 => 191
 23 46 32 11 25 54	 => 191
 43 54 25 12 21 36	 => 191


===================[TEST 26]===================

##### START ##### Thu May 22 15:16:00 2003



##### CONVERGE ##### Thu May 22 15:17:22 2003

Elapsed time: 82 seconds
Total loop: 144 generations

Result : 187.85

14 5 53 40 43 35 3 16 46 47 2 44 30 21 6 34 49 8 52 31 28 26 37 45 9 17 11 41 38 24 19 33 27 22 50 42 4 12 7 32 48 51 15 54 39 36 1 10 20 29 18 23 25 13 

 14 5 53 40 43 35	 => 190
 3 35 43 16 46 47	 => 190
 2 47 46 44 30 21	 => 190
 53 6 34 49 8 40	 => 190
 43 40 8 52 31 16	 => 190
 46 16 31 28 26 44	 => 191
 30 44 26 37 45 9	 => 191
 34 17 11 41 38 49	 => 190
 8 49 38 24 19 52	 => 190
 31 52 19 33 27 28	 => 190
 26 28 27 22 50 37	 => 190
 45 37 50 42 4 12	 => 190
 38 41 7 32 48 24	 => 190
 19 24 48 51 15 33	 => 190
 27 33 15 54 39 22	 => 190
 50 22 39 36 1 42	 => 190
 48 32 10 20 29 51	 => 190
 15 51 29 18 23 54	 => 190
 39 54 23 25 13 36	 => 190


===================[TEST 27]===================

##### START ##### Thu May 22 15:17:22 2003



##### CONVERGE ##### Thu May 22 15:18:41 2003

Elapsed time: 79 seconds
Total loop: 139 generations

Result : 187.306

4 23 42 36 31 52 3 15 50 38 10 41 24 26 14 44 34 19 45 43 11 29 48 46 1 9 18 37 47 12 32 28 30 17 54 33 6 2 5 35 53 39 25 40 49 20 16 22 13 27 7 51 21 8 

 4 23 42 36 31 52	 => 188
 3 52 31 15 50 38	 => 189
 10 38 50 41 24 26	 => 189
 42 14 44 34 19 36	 => 189
 31 36 19 45 43 15	 => 189
 50 15 43 11 29 41	 => 189
 24 41 29 48 46 1	 => 189
 44 9 18 37 47 34	 => 189
 19 34 47 12 32 45	 => 189
 43 45 32 28 30 11	 => 189
 29 11 30 17 54 48	 => 189
 46 48 54 33 6 2	 => 189
 47 37 5 35 53 12	 => 189
 32 12 53 39 25 28	 => 189
 30 28 25 40 49 17	 => 189
 54 17 49 20 16 33	 => 189
 53 35 22 13 27 39	 => 189
 25 39 27 7 51 40	 => 189
 49 40 51 21 8 20	 => 189


===================[TEST 28]===================

##### START ##### Thu May 22 15:18:41 2003



##### CONVERGE ##### Thu May 22 15:20:07 2003

Elapsed time: 86 seconds
Total loop: 150 generations

Result : 187.478

18 11 32 50 44 35 15 17 53 27 3 54 41 12 1 40 47 20 26 33 25 8 51 23 13 4 9 48 42 16 39 30 37 24 45 36 14 21 7 28 49 46 10 52 38 29 19 2 22 43 5 34 6 31 

 18 11 32 50 44 35	 => 190
 15 35 44 17 53 27	 => 191
 3 27 53 54 41 12	 => 190
 32 1 40 47 20 50	 => 190
 44 50 20 26 33 17	 => 190
 53 17 33 25 8 54	 => 190
 41 54 8 51 23 13	 => 190
 40 4 9 48 42 47	 => 190
 20 47 42 16 39 26	 => 190
 33 26 39 30 37 25	 => 190
 8 25 37 24 45 51	 => 190
 23 51 45 36 14 21	 => 190
 42 48 7 28 49 16	 => 190
 39 16 49 46 10 30	 => 190
 37 30 10 52 38 24	 => 191
 45 24 38 29 19 36	 => 191
 49 28 2 22 43 46	 => 190
 10 46 43 5 34 52	 => 190
 38 52 34 6 31 29	 => 190


===================[TEST 29]===================

##### START ##### Thu May 22 15:20:07 2003



##### CONVERGE ##### Thu May 22 15:21:04 2003

Elapsed time: 57 seconds
Total loop: 100 generations

Result : 186.85

18 5 42 52 35 37 4 17 51 45 8 30 44 11 14 31 40 10 47 28 39 24 41 50 1 15 21 33 49 16 27 19 29 2 54 26 6 13 12 36 43 46 38 48 53 34 20 7 25 32 3 22 23 9 

 18 5 42 52 35 37	 => 189
 4 37 35 17 51 45	 => 189
 8 45 51 30 44 11	 => 189
 42 14 31 40 10 52	 => 189
 35 52 10 47 28 17	 => 189
 51 17 28 39 24 30	 => 189
 44 30 24 41 50 1	 => 190
 31 15 21 33 49 40	 => 189
 10 40 49 16 27 47	 => 189
 28 47 27 19 29 39	 => 189
 24 39 29 2 54 41	 => 189
 50 41 54 26 6 13	 => 190
 49 33 12 36 43 16	 => 189
 27 16 43 46 38 19	 => 189
 29 19 38 48 53 2	 => 189
 54 2 53 34 20 26	 => 189
 43 36 7 25 32 46	 => 189
 38 46 32 3 22 48	 => 189
 53 48 22 23 9 34	 => 189


===================[TEST 30]===================

##### START ##### Thu May 22 15:21:04 2003



##### CONVERGE ##### Thu May 22 15:22:43 2003

Elapsed time: 99 seconds
Total loop: 174 generations

Result : 187.85

4 20 30 42 48 46 6 21 29 41 24 44 40 12 17 36 54 11 37 31 43 22 45 34 5 18 10 25 47 13 28 19 32 9 39 49 16 7 15 38 52 51 27 53 50 35 8 14 2 33 1 26 3 23 

 4 20 30 42 48 46	 => 190
 6 46 48 21 29 41	 => 191
 24 41 29 44 40 12	 => 190
 30 17 36 54 11 42	 => 190
 48 42 11 37 31 21	 => 190
 29 21 31 43 22 44	 => 190
 40 44 22 45 34 5	 => 190
 36 18 10 25 47 54	 => 190
 11 54 47 13 28 37	 => 190
 31 37 28 19 32 43	 => 190
 22 43 32 9 39 45	 => 190
 34 45 39 49 16 7	 => 190
 47 25 15 38 52 13	 => 190
 28 13 52 51 27 19	 => 190
 32 19 27 53 50 9	 => 190
 39 9 50 35 8 49	 => 190
 52 38 14 2 33 51	 => 190
 27 51 33 1 26 53	 => 191
 50 53 26 3 23 35	 => 190


===================[TEST 31]===================

##### START ##### Thu May 22 15:22:43 2003



##### CONVERGE ##### Thu May 22 15:24:13 2003

Elapsed time: 90 seconds
Total loop: 158 generations

Result : 188.412

8 22 37 47 44 32 1 30 40 43 11 50 41 5 4 42 46 14 26 29 28 13 54 20 12 3 24 27 48 21 35 34 38 6 51 25 23 17 10 39 45 49 7 52 53 36 19 15 9 33 18 31 16 2 

 8 22 37 47 44 32	 => 190
 1 32 44 30 40 43	 => 190
 11 43 40 50 41 5	 => 190
 37 4 42 46 14 47	 => 190
 44 47 14 26 29 30	 => 190
 40 30 29 28 13 50	 => 190
 41 50 13 54 20 12	 => 190
 42 3 24 27 48 46	 => 190
 14 46 48 21 35 26	 => 190
 29 26 35 34 38 28	 => 190
 13 28 38 6 51 54	 => 190
 20 54 51 25 23 17	 => 190
 48 27 10 39 45 21	 => 190
 35 21 45 49 7 34	 => 191
 38 34 7 52 53 6	 => 190
 51 6 53 36 19 25	 => 190
 45 39 15 9 33 49	 => 190
 7 49 33 18 31 52	 => 190
 53 52 31 16 2 36	 => 190


===================[TEST 32]===================

##### START ##### Thu May 22 15:24:13 2003



##### CONVERGE ##### Thu May 22 15:25:44 2003

Elapsed time: 91 seconds
Total loop: 159 generations

Result : 188.306

14 4 34 52 54 32 2 10 43 49 16 50 26 6 3 33 53 15 35 24 41 22 25 48 19 23 13 39 29 30 28 21 40 11 51 44 5 17 9 36 47 37 27 45 46 31 7 20 8 42 1 38 12 18 

 14 4 34 52 54 32	 => 190
 2 32 54 10 43 49	 => 190
 16 49 43 50 26 6	 => 190
 34 3 33 53 15 52	 => 190
 54 52 15 35 24 10	 => 190
 43 10 24 41 22 50	 => 190
 26 50 22 25 48 19	 => 190
 33 23 13 39 29 53	 => 190
 15 53 29 30 28 35	 => 190
 24 35 28 21 40 41	 => 189
 22 41 40 11 51 25	 => 190
 48 25 51 44 5 17	 => 190
 29 39 9 36 47 30	 => 190
 28 30 47 37 27 21	 => 190
 40 21 27 45 46 11	 => 190
 51 11 46 31 7 44	 => 190
 47 36 20 8 42 37	 => 190
 27 37 42 1 38 45	 => 190
 46 45 38 12 18 31	 => 190


===================[TEST 33]===================

##### START ##### Thu May 22 15:25:44 2003



##### CONVERGE ##### Thu May 22 15:27:05 2003

Elapsed time: 81 seconds
Total loop: 142 generations

Result : 188.412

16 19 26 54 50 25 8 14 47 46 5 36 35 21 6 53 39 12 29 31 40 22 37 45 15 17 9 28 44 32 34 30 27 13 51 24 10 23 4 49 33 41 20 48 52 43 7 11 18 38 1 42 3 2 

 16 19 26 54 50 25	 => 190
 8 25 50 14 47 46	 => 190
 5 46 47 36 35 21	 => 190
 26 6 53 39 12 54	 => 190
 50 54 12 29 31 14	 => 190
 47 14 31 40 22 36	 => 190
 35 36 22 37 45 15	 => 190
 53 17 9 28 44 39	 => 190
 12 39 44 32 34 29	 => 190
 31 29 34 30 27 40	 => 191
 22 40 27 13 51 37	 => 190
 45 37 51 24 10 23	 => 190
 44 28 4 49 33 32	 => 190
 34 32 33 41 20 30	 => 190
 27 30 20 48 52 13	 => 190
 51 13 52 43 7 24	 => 190
 33 49 11 18 38 41	 => 190
 20 41 38 1 42 48	 => 190
 52 48 42 3 2 43	 => 190


===================[TEST 34]===================

##### START ##### Thu May 22 15:27:05 2003



##### CONVERGE ##### Thu May 22 15:28:11 2003

Elapsed time: 66 seconds
Total loop: 116 generations

Result : 187.85

8 16 38 46 42 40 7 21 45 35 5 54 29 22 3 25 52 26 19 36 24 11 51 32 13 17 20 28 48 14 31 41 39 12 53 49 1 4 6 44 50 37 18 47 33 34 9 2 27 30 15 43 10 23 

 8 16 38 46 42 40	 => 190
 7 40 42 21 45 35	 => 190
 5 35 45 54 29 22	 => 190
 38 3 25 52 26 46	 => 190
 42 46 26 19 36 21	 => 190
 45 21 36 24 11 54	 => 191
 29 54 11 51 32 13	 => 190
 25 17 20 28 48 52	 => 190
 26 52 48 14 31 19	 => 190
 36 19 31 41 39 24	 => 190
 11 24 39 12 53 51	 => 190
 32 51 53 49 1 4	 => 190
 48 28 6 44 50 14	 => 190
 31 14 50 37 18 41	 => 191
 39 41 18 47 33 12	 => 190
 53 12 33 34 9 49	 => 190
 50 44 2 27 30 37	 => 190
 18 37 30 15 43 47	 => 190
 33 47 43 10 23 34	 => 190


===================[TEST 35]===================

##### START ##### Thu May 22 15:28:11 2003



##### CONVERGE ##### Thu May 22 15:29:50 2003

Elapsed time: 99 seconds
Total loop: 173 generations

Result : 188.412

16 19 48 25 51 31 2 22 46 38 11 32 49 14 15 35 45 23 26 43 27 20 41 36 12 13 5 39 53 6 37 28 29 21 52 24 33 4 8 30 54 47 18 44 50 42 1 10 9 40 7 34 3 17 

 16 19 48 25 51 31	 => 190
 2 31 51 22 46 38	 => 190
 11 38 46 32 49 14	 => 190
 48 15 35 45 23 25	 => 191
 51 25 23 26 43 22	 => 190
 46 22 43 27 20 32	 => 190
 49 32 20 41 36 12	 => 190
 35 13 5 39 53 45	 => 190
 23 45 53 6 37 26	 => 190
 43 26 37 28 29 27	 => 190
 20 27 29 21 52 41	 => 190
 36 41 52 24 33 4	 => 190
 53 39 8 30 54 6	 => 190
 37 6 54 47 18 28	 => 190
 29 28 18 44 50 21	 => 190
 52 21 50 42 1 24	 => 190
 54 30 10 9 40 47	 => 190
 18 47 40 7 34 44	 => 190
 50 44 34 3 17 42	 => 190


===================[TEST 36]===================

##### START ##### Thu May 22 15:29:50 2003



##### CONVERGE ##### Thu May 22 15:30:39 2003

Elapsed time: 49 seconds
Total loop: 87 generations

Result : 186.85

27 9 20 50 43 40 1 16 42 47 4 48 41 7 10 37 46 26 25 29 49 5 51 32 12 17 8 36 45 14 33 35 18 22 44 28 13 21 2 38 54 30 23 39 52 24 19 31 3 34 11 53 15 6 

 27 9 20 50 43 40	 => 189
 1 40 43 16 42 47	 => 189
 4 47 42 48 41 7	 => 189
 20 10 37 46 26 50	 => 189
 43 50 26 25 29 16	 => 189
 42 16 29 49 5 48	 => 189
 41 48 5 51 32 12	 => 189
 37 17 8 36 45 46	 => 189
 26 46 45 14 33 25	 => 189
 29 25 33 35 18 49	 => 189
 5 49 18 22 44 51	 => 189
 32 51 44 28 13 21	 => 189
 45 36 2 38 54 14	 => 189
 33 14 54 30 23 35	 => 189
 18 35 23 39 52 22	 => 189
 44 22 52 24 19 28	 => 189
 54 38 31 3 34 30	 => 190
 23 30 34 11 53 39	 => 190
 52 39 53 15 6 24	 => 189


===================[TEST 37]===================

##### START ##### Thu May 22 15:30:39 2003



##### CONVERGE ##### Thu May 22 15:32:09 2003

Elapsed time: 90 seconds
Total loop: 157 generations

Result (Solution) : 190

9 1 53 54 40 33 13 16 51 37 17 39 32 14 5 19 41 18 28 34 24 26 52 35 6 22 15 47 46 12 45 30 29 10 49 31 2 21 11 36 38 42 23 48 50 43 7 3 27 44 8 25 20 4 

 9 1 53 54 40 33	 => 190
 13 33 40 16 51 37	 => 190
 17 37 51 39 32 14	 => 190
 53 5 19 41 18 54	 => 190
 40 54 18 28 34 16	 => 190
 51 16 34 24 26 39	 => 190
 32 39 26 52 35 6	 => 190
 19 22 15 47 46 41	 => 190
 18 41 46 12 45 28	 => 190
 34 28 45 30 29 24	 => 190
 26 24 29 10 49 52	 => 190
 35 52 49 31 2 21	 => 190
 46 47 11 36 38 12	 => 190
 45 12 38 42 23 30	 => 190
 29 30 23 48 50 10	 => 190
 49 10 50 43 7 31	 => 190
 38 36 3 27 44 42	 => 190
 23 42 44 8 25 48	 => 190
 50 48 25 20 4 43	 => 190


===================[TEST 38]===================

##### START ##### Thu May 22 15:32:09 2003



##### CONVERGE ##### Thu May 22 15:33:32 2003

Elapsed time: 83 seconds
Total loop: 145 generations

Result : 188.163

19 11 41 40 48 31 12 13 49 38 23 51 26 4 5 35 46 24 37 29 28 21 50 36 7 20 3 34 53 6 25 32 39 9 44 43 1 17 14 30 54 52 22 42 47 45 2 10 18 27 15 33 8 16 

 19 11 41 40 48 31	 => 190
 12 31 48 13 49 38	 => 191
 23 38 49 51 26 4	 => 191
 41 5 35 46 24 40	 => 191
 48 40 24 37 29 13	 => 191
 49 13 29 28 21 51	 => 191
 26 51 21 50 36 7	 => 191
 35 20 3 34 53 46	 => 191
 24 46 53 6 25 37	 => 191
 29 37 25 32 39 28	 => 190
 21 28 39 9 44 50	 => 191
 36 50 44 43 1 17	 => 191
 53 34 14 30 54 6	 => 191
 25 6 54 52 22 32	 => 191
 39 32 22 42 47 9	 => 191
 44 9 47 45 2 43	 => 190
 54 30 10 18 27 52	 => 191
 22 52 27 15 33 42	 => 191
 47 42 33 8 16 45	 => 191


===================[TEST 39]===================

##### START ##### Thu May 22 15:33:32 2003



##### CONVERGE ##### Thu May 22 15:34:31 2003

Elapsed time: 59 seconds
Total loop: 104 generations

Result : 187.85

7 16 33 49 38 47 12 13 53 27 14 46 42 8 3 44 35 26 28 36 24 18 32 51 1 20 9 34 48 22 31 19 52 10 54 37 5 11 15 29 43 50 25 39 45 40 4 17 21 30 6 41 2 23 

 7 16 33 49 38 47	 => 190
 12 47 38 13 53 27	 => 190
 14 27 53 46 42 8	 => 190
 33 3 44 35 26 49	 => 190
 38 49 26 28 36 13	 => 190
 53 13 36 24 18 46	 => 190
 42 46 18 32 51 1	 => 190
 44 20 9 34 48 35	 => 190
 26 35 48 22 31 28	 => 190
 36 28 31 19 52 24	 => 190
 18 24 52 10 54 32	 => 190
 51 32 54 37 5 11	 => 190
 48 34 15 29 43 22	 => 191
 31 22 43 50 25 19	 => 190
 52 19 25 39 45 10	 => 190
 54 10 45 40 4 37	 => 190
 43 29 17 21 30 50	 => 190
 25 50 30 6 41 39	 => 191
 45 39 41 2 23 40	 => 190


===================[TEST 40]===================

##### START ##### Thu May 22 15:34:31 2003



##### CONVERGE ##### Thu May 22 15:35:21 2003

Elapsed time: 50 seconds
Total loop: 88 generations

Result : 188.412

15 7 30 47 43 48 4 22 40 33 8 49 44 17 9 42 52 10 39 29 32 18 50 28 1 3 19 36 38 14 37 27 26 13 51 53 6 2 21 35 46 41 25 54 45 16 12 23 11 34 5 31 20 24 

 15 7 30 47 43 48	 => 190
 4 48 43 22 40 33	 => 190
 8 33 40 49 44 17	 => 191
 30 9 42 52 10 47	 => 190
 43 47 10 39 29 22	 => 190
 40 22 29 32 18 49	 => 190
 44 49 18 50 28 1	 => 190
 42 3 19 36 38 52	 => 190
 10 52 38 14 37 39	 => 190
 29 39 37 27 26 32	 => 190
 18 32 26 13 51 50	 => 190
 28 50 51 53 6 2	 => 190
 38 36 21 35 46 14	 => 190
 37 14 46 41 25 27	 => 190
 26 27 25 54 45 13	 => 190
 51 13 45 16 12 53	 => 190
 46 35 23 11 34 41	 => 190
 25 41 34 5 31 54	 => 190
 45 54 31 20 24 16	 => 190


===================[TEST 41]===================

##### START ##### Thu May 22 15:35:21 2003



##### CONVERGE ##### Thu May 22 15:36:36 2003

Elapsed time: 75 seconds
Total loop: 130 generations

Result : 187.412

15 7 39 51 52 25 3 22 42 45 5 35 34 28 11 31 49 8 36 20 53 17 50 47 6 19 4 40 46 18 32 38 10 26 33 48 2 9 13 29 43 37 21 41 54 27 1 24 12 44 16 30 23 14 

 15 7 39 51 52 25	 => 189
 3 25 52 22 42 45	 => 189
 5 45 42 35 34 28	 => 189
 39 11 31 49 8 51	 => 189
 52 51 8 36 20 22	 => 189
 42 22 20 53 17 35	 => 189
 34 35 17 50 47 6	 => 189
 31 19 4 40 46 49	 => 189
 8 49 46 18 32 36	 => 189
 20 36 32 38 10 53	 => 189
 17 53 10 26 33 50	 => 189
 47 50 33 48 2 9	 => 189
 46 40 13 29 43 18	 => 189
 32 18 43 37 21 38	 => 189
 10 38 21 41 54 26	 => 190
 33 26 54 27 1 48	 => 189
 43 29 24 12 44 37	 => 189
 21 37 44 16 30 41	 => 189
 54 41 30 23 14 27	 => 189


===================[TEST 42]===================

##### START ##### Thu May 22 15:36:36 2003



##### CONVERGE ##### Thu May 22 15:38:34 2003

Elapsed time: 118 seconds
Total loop: 207 generations

Result : 187.794

9 10 34 49 37 52 13 11 40 38 19 47 33 14 1 35 50 22 26 46 24 23 44 29 15 8 2 45 51 6 36 28 30 17 53 41 3 21 7 27 54 42 25 48 43 31 5 16 20 32 4 39 12 18 

 9 10 34 49 37 52	 => 191
 13 52 37 11 40 38	 => 191
 19 38 40 47 33 14	 => 191
 34 1 35 50 22 49	 => 191
 37 49 22 26 46 11	 => 191
 40 11 46 24 23 47	 => 191
 33 47 23 44 29 15	 => 191
 35 8 2 45 51 50	 => 191
 22 50 51 6 36 26	 => 191
 46 26 36 28 30 24	 => 190
 23 24 30 17 53 44	 => 191
 29 44 53 41 3 21	 => 191
 51 45 7 27 54 6	 => 190
 36 6 54 42 25 28	 => 191
 30 28 25 48 43 17	 => 191
 53 17 43 31 5 41	 => 190
 54 27 16 20 32 42	 => 191
 25 42 32 4 39 48	 => 190
 43 48 39 12 18 31	 => 191


===================[TEST 43]===================

##### START ##### Thu May 22 15:38:34 2003



##### CONVERGE ##### Thu May 22 15:39:49 2003

Elapsed time: 75 seconds
Total loop: 131 generations

Result : 188.306

10 23 36 45 42 34 3 26 53 32 20 22 54 9 8 44 46 11 29 37 25 27 35 51 1 5 16 38 41 15 47 21 31 24 48 33 17 6 7 50 39 49 19 52 43 40 2 4 18 30 12 28 13 14 

 10 23 36 45 42 34	 => 190
 3 34 42 26 53 32	 => 190
 20 32 53 22 54 9	 => 190
 36 8 44 46 11 45	 => 190
 42 45 11 29 37 26	 => 190
 53 26 37 25 27 22	 => 190
 54 22 27 35 51 1	 => 190
 44 5 16 38 41 46	 => 190
 11 46 41 15 47 29	 => 189
 37 29 47 21 31 25	 => 190
 27 25 31 24 48 35	 => 190
 51 35 48 33 17 6	 => 190
 41 38 7 50 39 15	 => 190
 47 15 39 49 19 21	 => 190
 31 21 19 52 43 24	 => 190
 48 24 43 40 2 33	 => 190
 39 50 4 18 30 49	 => 190
 19 49 30 12 28 52	 => 190
 43 52 28 13 14 40	 => 190


===================[TEST 44]===================

##### START ##### Thu May 22 15:39:49 2003



##### CONVERGE ##### Thu May 22 15:41:36 2003

Elapsed time: 107 seconds
Total loop: 189 generations

Result : 188.306

4 13 47 45 53 28 6 10 51 42 9 34 27 26 15 24 52 7 40 35 31 29 50 49 1 17 22 32 43 23 25 39 20 12 48 38 3 2 19 37 36 46 21 44 54 33 5 14 16 41 8 30 11 18 

 4 13 47 45 53 28	 => 190
 6 28 53 10 51 42	 => 190
 9 42 51 34 27 26	 => 189
 47 15 24 52 7 45	 => 190
 53 45 7 40 35 10	 => 190
 51 10 35 31 29 34	 => 190
 27 34 29 50 49 1	 => 190
 24 17 22 32 43 52	 => 190
 7 52 43 23 25 40	 => 190
 35 40 25 39 20 31	 => 190
 29 31 20 12 48 50	 => 190
 49 50 48 38 3 2	 => 190
 43 32 19 37 36 23	 => 190
 25 23 36 46 21 39	 => 190
 20 39 21 44 54 12	 => 190
 48 12 54 33 5 38	 => 190
 36 37 14 16 41 46	 => 190
 21 46 41 8 30 44	 => 190
 54 44 30 11 18 33	 => 190


===================[TEST 45]===================

##### START ##### Thu May 22 15:41:36 2003



##### CONVERGE ##### Thu May 22 15:42:46 2003

Elapsed time: 70 seconds
Total loop: 121 generations

Result : 188.163

7 9 39 54 46 36 15 22 45 26 23 48 28 21 3 29 52 13 31 25 27 24 51 35 5 16 12 33 49 6 40 37 30 17 42 50 2 11 19 43 41 47 20 53 34 44 4 10 18 32 1 38 14 8 

 7 9 39 54 46 36	 => 191
 15 36 46 22 45 26	 => 190
 23 26 45 48 28 21	 => 191
 39 3 29 52 13 54	 => 190
 46 54 13 31 25 22	 => 191
 45 22 25 27 24 48	 => 191
 28 48 24 51 35 5	 => 191
 29 16 12 33 49 52	 => 191
 13 52 49 6 40 31	 => 191
 25 31 40 37 30 27	 => 190
 24 27 30 17 42 51	 => 191
 35 51 42 50 2 11	 => 191
 49 33 19 43 41 6	 => 191
 40 6 41 47 20 37	 => 191
 30 37 20 53 34 17	 => 191
 42 17 34 44 4 50	 => 191
 41 43 10 18 32 47	 => 191
 20 47 32 1 38 53	 => 191
 34 53 38 14 8 44	 => 191


===================[TEST 46]===================

##### START ##### Thu May 22 15:42:46 2003



##### CONVERGE ##### Thu May 22 15:43:42 2003

Elapsed time: 56 seconds
Total loop: 99 generations

Result : 187.501

11 6 45 38 44 47 3 23 42 32 2 54 37 24 13 52 26 16 41 29 31 12 50 33 5 19 8 34 51 22 35 27 28 17 53 25 20 9 1 43 40 46 21 48 49 39 7 18 14 30 10 36 15 4 

 11 6 45 38 44 47	 => 191
 3 47 44 23 42 32	 => 191
 2 32 42 54 37 24	 => 191
 45 13 52 26 16 38	 => 190
 44 38 16 41 29 23	 => 191
 42 23 29 31 12 54	 => 191
 37 54 12 50 33 5	 => 191
 52 19 8 34 51 26	 => 190
 16 26 51 22 35 41	 => 191
 29 41 35 27 28 31	 => 191
 12 31 28 17 53 50	 => 191
 33 50 53 25 20 9	 => 190
 51 34 1 43 40 22	 => 191
 35 22 40 46 21 27	 => 191
 28 27 21 48 49 17	 => 190
 53 17 49 39 7 25	 => 190
 40 43 18 14 30 46	 => 191
 21 46 30 10 36 48	 => 191
 49 48 36 15 4 39	 => 191


===================[TEST 47]===================

##### START ##### Thu May 22 15:43:42 2003



##### CONVERGE ##### Thu May 22 15:44:51 2003

Elapsed time: 69 seconds
Total loop: 121 generations

Result : 187.794

21 10 32 54 39 35 4 19 44 50 6 49 36 5 7 28 53 17 33 29 37 13 43 48 1 23 2 40 45 18 25 41 26 20 52 27 12 8 16 34 38 47 22 31 51 30 11 14 15 42 3 46 9 24 

 21 10 32 54 39 35	 => 191
 4 35 39 19 44 50	 => 191
 6 50 44 49 36 5	 => 190
 32 7 28 53 17 54	 => 191
 39 54 17 33 29 19	 => 191
 44 19 29 37 13 49	 => 191
 36 49 13 43 48 1	 => 190
 28 23 2 40 45 53	 => 191
 17 53 45 18 25 33	 => 191
 29 33 25 41 26 37	 => 191
 13 37 26 20 52 43	 => 191
 48 43 52 27 12 8	 => 190
 45 40 16 34 38 18	 => 191
 25 18 38 47 22 41	 => 191
 26 41 22 31 51 20	 => 191
 52 20 51 30 11 27	 => 191
 38 34 14 15 42 47	 => 190
 22 47 42 3 46 31	 => 191
 51 31 46 9 24 30	 => 191


===================[TEST 48]===================

##### START ##### Thu May 22 15:44:51 2003



##### CONVERGE ##### Thu May 22 15:45:45 2003

Elapsed time: 54 seconds
Total loop: 94 generations

Result (Solution) : 190

17 25 38 46 43 21 9 30 47 40 5 34 48 16 6 31 51 18 29 24 44 11 33 41 23 14 7 37 50 10 32 26 35 15 52 39 13 12 8 36 49 54 19 42 53 27 4 22 1 28 2 45 20 3 

 17 25 38 46 43 21	 => 190
 9 21 43 30 47 40	 => 190
 5 40 47 34 48 16	 => 190
 38 6 31 51 18 46	 => 190
 43 46 18 29 24 30	 => 190
 47 30 24 44 11 34	 => 190
 48 34 11 33 41 23	 => 190
 31 14 7 37 50 51	 => 190
 18 51 50 10 32 29	 => 190
 24 29 32 26 35 44	 => 190
 11 44 35 15 52 33	 => 190
 41 33 52 39 13 12	 => 190
 50 37 8 36 49 10	 => 190
 32 10 49 54 19 26	 => 190
 35 26 19 42 53 15	 => 190
 52 15 53 27 4 39	 => 190
 49 36 22 1 28 54	 => 190
 19 54 28 2 45 42	 => 190
 53 42 45 20 3 27	 => 190


===================[TEST 49]===================

##### START ##### Thu May 22 15:45:45 2003



##### CONVERGE ##### Thu May 22 15:46:54 2003

Elapsed time: 69 seconds
Total loop: 122 generations

Result : 187.64

11 24 30 28 45 52 4 18 48 23 16 49 36 17 10 54 46 22 37 40 26 9 53 29 13 12 5 35 38 20 27 39 21 31 50 32 25 1 6 44 47 43 14 51 34 41 2 15 8 33 7 42 19 3 

 11 24 30 28 45 52	 => 190
 4 52 45 18 48 23	 => 190
 16 23 48 49 36 17	 => 189
 30 10 54 46 22 28	 => 190
 45 28 22 37 40 18	 => 190
 48 18 40 26 9 49	 => 190
 36 49 9 53 29 13	 => 189
 54 12 5 35 38 46	 => 190
 22 46 38 20 27 37	 => 190
 40 37 27 39 21 26	 => 190
 9 26 21 31 50 53	 => 190
 29 53 50 32 25 1	 => 190
 38 35 6 44 47 20	 => 190
 27 20 47 43 14 39	 => 190
 21 39 14 51 34 31	 => 190
 50 31 34 41 2 32	 => 190
 47 44 15 8 33 43	 => 190
 14 43 33 7 42 51	 => 190
 34 51 42 19 3 41	 => 190


===================[TEST 50]===================

##### START ##### Thu May 22 15:46:54 2003



##### CONVERGE ##### Thu May 22 15:48:09 2003

Elapsed time: 75 seconds
Total loop: 130 generations

Result : 187.85

7 3 49 44 50 37 15 4 43 41 2 52 31 21 5 27 48 17 29 46 26 19 42 32 14 28 9 25 53 23 20 40 30 22 51 38 11 16 6 47 36 54 18 45 35 34 10 8 12 33 1 39 24 13 

 7 3 49 44 50 37	 => 190
 15 37 50 4 43 41	 => 190
 2 41 43 52 31 21	 => 190
 49 5 27 48 17 44	 => 190
 50 44 17 29 46 4	 => 190
 43 4 46 26 19 52	 => 190
 31 52 19 42 32 14	 => 190
 27 28 9 25 53 48	 => 190
 17 48 53 23 20 29	 => 190
 46 29 20 40 30 26	 => 191
 19 26 30 22 51 42	 => 190
 32 42 51 38 11 16	 => 190
 53 25 6 47 36 23	 => 190
 20 23 36 54 18 40	 => 191
 30 40 18 45 35 22	 => 190
 51 22 35 34 10 38	 => 190
 36 47 8 12 33 54	 => 190
 18 54 33 1 39 45	 => 190
 35 45 39 24 13 34	 => 190


===================[TEST 51]===================

##### START ##### Thu May 22 15:48:09 2003



##### CONVERGE ##### Thu May 22 15:49:06 2003

Elapsed time: 57 seconds
Total loop: 100 generations

Result : 187.412

7 28 51 44 30 29 18 36 35 41 24 40 34 15 1 26 54 13 27 39 23 16 42 37 20 9 2 50 48 14 33 22 45 10 53 43 11 3 4 21 52 49 19 47 46 32 5 17 12 38 6 31 25 8 

 7 28 51 44 30 29	 => 189
 18 29 30 36 35 41	 => 189
 24 41 35 40 34 15	 => 189
 51 1 26 54 13 44	 => 189
 30 44 13 27 39 36	 => 189
 35 36 39 23 16 40	 => 189
 34 40 16 42 37 20	 => 189
 26 9 2 50 48 54	 => 189
 13 54 48 14 33 27	 => 189
 39 27 33 22 45 23	 => 189
 16 23 45 10 53 42	 => 189
 37 42 53 43 11 3	 => 189
 48 50 4 21 52 14	 => 189
 33 14 52 49 19 22	 => 189
 45 22 19 47 46 10	 => 189
 53 10 46 32 5 43	 => 189
 52 21 17 12 38 49	 => 189
 19 49 38 6 31 47	 => 190
 46 47 31 25 8 32	 => 189


===================[TEST 52]===================

##### START ##### Thu May 22 15:49:06 2003



##### CONVERGE ##### Thu May 22 15:50:36 2003

Elapsed time: 90 seconds
Total loop: 157 generations

Result : 187.85

10 27 19 52 51 31 12 6 49 42 14 47 25 13 17 38 43 22 29 30 37 21 36 50 11 8 2 46 53 15 28 40 26 16 54 41 5 4 7 34 35 48 24 39 45 33 1 18 23 32 3 44 9 20 

 10 27 19 52 51 31	 => 190
 12 31 51 6 49 42	 => 191
 14 42 49 47 25 13	 => 190
 19 17 38 43 22 52	 => 191
 51 52 22 29 30 6	 => 190
 49 6 30 37 21 47	 => 190
 25 47 21 36 50 11	 => 190
 38 8 2 46 53 43	 => 190
 22 43 53 15 28 29	 => 190
 30 29 28 40 26 37	 => 190
 21 37 26 16 54 36	 => 190
 50 36 54 41 5 4	 => 190
 53 46 7 34 35 15	 => 190
 28 15 35 48 24 40	 => 190
 26 40 24 39 45 16	 => 190
 54 16 45 33 1 41	 => 190
 35 34 18 23 32 48	 => 190
 24 48 32 3 44 39	 => 190
 45 39 44 9 20 33	 => 190


===================[TEST 53]===================

##### START ##### Thu May 22 15:50:36 2003



##### CONVERGE ##### Thu May 22 15:51:39 2003

Elapsed time: 63 seconds
Total loop: 110 generations

Result : 186.64

8 14 44 40 48 35 1 13 41 51 6 54 28 9 12 50 26 17 32 39 27 15 49 33 10 24 23 20 46 38 30 19 42 21 34 53 16 4 2 36 47 29 25 37 45 31 5 18 7 52 3 43 11 22 

 8 14 44 40 48 35	 => 189
 1 35 48 13 41 51	 => 189
 6 51 41 54 28 9	 => 189
 44 12 50 26 17 40	 => 189
 48 40 17 32 39 13	 => 189
 41 13 39 27 15 54	 => 189
 28 54 15 49 33 10	 => 189
 50 24 23 20 46 26	 => 189
 17 26 46 38 30 32	 => 189
 39 32 30 19 42 27	 => 189
 15 27 42 21 34 49	 => 188
 33 49 34 53 16 4	 => 189
 46 20 2 36 47 38	 => 189
 30 38 47 29 25 19	 => 188
 42 19 25 37 45 21	 => 189
 34 21 45 31 5 53	 => 189
 47 36 18 7 52 29	 => 189
 25 29 52 3 43 37	 => 189
 45 37 43 11 22 31	 => 189


===================[TEST 54]===================

##### START ##### Thu May 22 15:51:39 2003



##### CONVERGE ##### Thu May 22 15:52:49 2003

Elapsed time: 70 seconds
Total loop: 124 generations

Result : 187.64

2 21 33 43 52 39 13 11 34 41 25 46 40 4 3 51 48 12 22 50 30 19 47 29 9 6 17 24 44 27 37 20 31 10 53 36 1 23 8 45 42 38 26 54 49 28 14 18 15 32 5 35 7 16 

 2 21 33 43 52 39	 => 190
 13 39 52 11 34 41	 => 190
 25 41 34 46 40 4	 => 190
 33 3 51 48 12 43	 => 190
 52 43 12 22 50 11	 => 190
 34 11 50 30 19 46	 => 190
 40 46 19 47 29 9	 => 190
 51 6 17 24 44 48	 => 190
 12 48 44 27 37 22	 => 190
 50 22 37 20 31 30	 => 190
 19 30 31 10 53 47	 => 190
 29 47 53 36 1 23	 => 189
 44 24 8 45 42 27	 => 190
 37 27 42 38 26 20	 => 190
 31 20 26 54 49 10	 => 190
 53 10 49 28 14 36	 => 190
 42 45 18 15 32 38	 => 190
 26 38 32 5 35 54	 => 190
 49 54 35 7 16 28	 => 189


===================[TEST 55]===================

##### START ##### Thu May 22 15:52:49 2003



##### CONVERGE ##### Thu May 22 15:54:05 2003

Elapsed time: 76 seconds
Total loop: 132 generations

Result : 188.412

16 24 30 48 47 25 15 19 53 31 7 32 50 18 13 43 51 5 33 38 22 26 49 23 10 17 1 34 44 28 29 41 27 14 52 40 6 20 8 39 37 46 9 54 45 35 4 21 11 36 3 42 12 2 

 16 24 30 48 47 25	 => 190
 15 25 47 19 53 31	 => 190
 7 31 53 32 50 18	 => 191
 30 13 43 51 5 48	 => 190
 47 48 5 33 38 19	 => 190
 53 19 38 22 26 32	 => 190
 50 32 26 49 23 10	 => 190
 43 17 1 34 44 51	 => 190
 5 51 44 28 29 33	 => 190
 38 33 29 41 27 22	 => 190
 26 22 27 14 52 49	 => 190
 23 49 52 40 6 20	 => 190
 44 34 8 39 37 28	 => 190
 29 28 37 46 9 41	 => 190
 27 41 9 54 45 14	 => 190
 52 14 45 35 4 40	 => 190
 37 39 21 11 36 46	 => 190
 9 46 36 3 42 54	 => 190
 45 54 42 12 2 35	 => 190


===================[TEST 56]===================

##### START ##### Thu May 22 15:54:05 2003



##### CONVERGE ##### Thu May 22 15:55:23 2003

Elapsed time: 78 seconds
Total loop: 138 generations

Result : 187.616

11 29 26 50 38 36 5 12 49 51 7 47 21 15 3 40 54 17 43 30 27 25 48 31 18 13 2 46 35 8 33 34 22 23 45 42 4 20 16 41 44 52 19 53 39 32 9 6 10 37 1 28 24 14 

 11 29 26 50 38 36	 => 190
 5 36 38 12 49 51	 => 191
 7 51 49 47 21 15	 => 190
 26 3 40 54 17 50	 => 190
 38 50 17 43 30 12	 => 190
 49 12 30 27 25 47	 => 190
 21 47 25 48 31 18	 => 190
 40 13 2 46 35 54	 => 190
 17 54 35 8 33 43	 => 190
 30 43 33 34 22 27	 => 189
 25 27 22 23 45 48	 => 190
 31 48 45 42 4 20	 => 190
 35 46 16 41 44 8	 => 190
 33 8 44 52 19 34	 => 190
 22 34 19 53 39 23	 => 190
 45 23 39 32 9 42	 => 190
 44 41 6 10 37 52	 => 190
 19 52 37 1 28 53	 => 190
 39 53 28 24 14 32	 => 190


===================[TEST 57]===================

##### START ##### Thu May 22 15:55:23 2003



##### CONVERGE ##### Thu May 22 15:56:35 2003

Elapsed time: 72 seconds
Total loop: 126 generations

Result : 188.306

13 17 49 38 50 23 18 20 42 37 8 46 54 3 1 35 48 19 30 33 43 6 41 39 4 9 7 44 47 14 32 25 27 28 45 29 26 10 2 31 52 51 16 53 40 36 12 24 11 21 15 34 5 22 

 13 17 49 38 50 23	 => 190
 18 23 50 20 42 37	 => 190
 8 37 42 46 54 3	 => 190
 49 1 35 48 19 38	 => 190
 50 38 19 30 33 20	 => 190
 42 20 33 43 6 46	 => 190
 54 46 6 41 39 4	 => 190
 35 9 7 44 47 48	 => 190
 19 48 47 14 32 30	 => 190
 33 30 32 25 27 43	 => 190
 6 43 27 28 45 41	 => 190
 39 41 45 29 26 10	 => 190
 47 44 2 31 52 14	 => 190
 32 14 52 51 16 25	 => 190
 27 25 16 53 40 28	 => 189
 45 28 40 36 12 29	 => 190
 52 31 24 11 21 51	 => 190
 16 51 21 15 34 53	 => 190
 40 53 34 5 22 36	 => 190


===================[TEST 58]===================

##### START ##### Thu May 22 15:56:35 2003



##### CONVERGE ##### Thu May 22 15:57:43 2003

Elapsed time: 68 seconds
Total loop: 119 generations

Result : 186.85

14 8 29 53 42 43 1 31 25 47 28 45 38 7 13 37 51 6 39 18 54 16 41 35 15 23 5 27 46 21 26 33 19 11 48 40 3 22 2 44 49 36 24 50 52 34 4 20 10 30 17 32 12 9 

 14 8 29 53 42 43	 => 189
 1 43 42 31 25 47	 => 189
 28 47 25 45 38 7	 => 190
 29 13 37 51 6 53	 => 189
 42 53 6 39 18 31	 => 189
 25 31 18 54 16 45	 => 189
 38 45 16 41 35 15	 => 190
 37 23 5 27 46 51	 => 189
 6 51 46 21 26 39	 => 189
 18 39 26 33 19 54	 => 189
 16 54 19 11 48 41	 => 189
 35 41 48 40 3 22	 => 189
 46 27 2 44 49 21	 => 189
 26 21 49 36 24 33	 => 189
 19 33 24 50 52 11	 => 189
 48 11 52 34 4 40	 => 189
 49 44 20 10 30 36	 => 189
 24 36 30 17 32 50	 => 189
 52 50 32 12 9 34	 => 189


===================[TEST 59]===================

##### START ##### Thu May 22 15:57:43 2003



##### CONVERGE ##### Thu May 22 15:58:57 2003

Elapsed time: 74 seconds
Total loop: 130 generations

Result : 187.85

11 6 45 47 49 32 19 12 50 29 25 42 40 4 8 21 51 18 26 38 39 9 54 44 1 24 22 35 37 27 31 33 23 13 52 28 7 5 15 34 43 36 20 48 53 41 3 14 17 46 10 30 2 16 

 11 6 45 47 49 32	 => 190
 19 32 49 12 50 29	 => 191
 25 29 50 42 40 4	 => 190
 45 8 21 51 18 47	 => 190
 49 47 18 26 38 12	 => 190
 50 12 38 39 9 42	 => 190
 40 42 9 54 44 1	 => 190
 21 24 22 35 37 51	 => 190
 18 51 37 27 31 26	 => 190
 38 26 31 33 23 39	 => 190
 9 39 23 13 52 54	 => 190
 44 54 52 28 7 5	 => 190
 37 35 15 34 43 27	 => 191
 31 27 43 36 20 33	 => 190
 23 33 20 48 53 13	 => 190
 52 13 53 41 3 28	 => 190
 43 34 14 17 46 36	 => 190
 20 36 46 10 30 48	 => 190
 53 48 30 2 16 41	 => 190


===================[TEST 60]===================

##### START ##### Thu May 22 15:58:57 2003



##### CONVERGE ##### Thu May 22 15:59:57 2003

Elapsed time: 60 seconds
Total loop: 104 generations

Result : 187.215

15 2 45 52 50 26 1 12 54 48 4 35 40 9 3 46 31 13 25 38 23 28 41 39 8 6 22 32 53 24 44 27 34 17 47 37 21 5 10 30 42 33 20 43 49 29 11 18 16 51 7 36 14 19 

 15 2 45 52 50 26	 => 190
 1 26 50 12 54 48	 => 191
 4 48 54 35 40 9	 => 190
 45 3 46 31 13 52	 => 190
 50 52 13 25 38 12	 => 190
 54 12 38 23 28 35	 => 190
 40 35 28 41 39 8	 => 191
 46 6 22 32 53 31	 => 190
 13 31 53 24 44 25	 => 190
 38 25 44 27 34 23	 => 191
 28 23 34 17 47 41	 => 190
 39 41 47 37 21 5	 => 190
 53 32 10 30 42 24	 => 191
 44 24 42 33 20 27	 => 190
 34 27 20 43 49 17	 => 190
 47 17 49 29 11 37	 => 190
 42 30 18 16 51 33	 => 190
 20 33 51 7 36 43	 => 190
 49 43 36 14 19 29	 => 190


===================[TEST 61]===================

##### START ##### Thu May 22 15:59:57 2003



##### CONVERGE ##### Thu May 22 16:00:57 2003

Elapsed time: 60 seconds
Total loop: 106 generations

Result : 188.306

12 18 42 40 53 25 5 13 51 43 1 46 41 8 9 39 30 29 34 21 32 27 35 26 15 14 17 36 54 19 24 31 48 3 45 52 22 10 4 28 49 44 23 47 38 50 2 20 16 33 6 37 11 7 

 12 18 42 40 53 25	 => 190
 5 25 53 13 51 43	 => 190
 1 43 51 46 41 8	 => 190
 42 9 39 30 29 40	 => 189
 53 40 29 34 21 13	 => 190
 51 13 21 32 27 46	 => 190
 41 46 27 35 26 15	 => 190
 39 14 17 36 54 30	 => 190
 29 30 54 19 24 34	 => 190
 21 34 24 31 48 32	 => 190
 27 32 48 3 45 35	 => 190
 26 35 45 52 22 10	 => 190
 54 36 4 28 49 19	 => 190
 24 19 49 44 23 31	 => 190
 48 31 23 47 38 3	 => 190
 45 3 38 50 2 52	 => 190
 49 28 20 16 33 44	 => 190
 23 44 33 6 37 47	 => 190
 38 47 37 11 7 50	 => 190


===================[TEST 62]===================

##### START ##### Thu May 22 16:00:57 2003



##### CONVERGE ##### Thu May 22 16:01:58 2003

Elapsed time: 61 seconds
Total loop: 107 generations

Result : 187.85

20 5 54 31 53 27 1 21 42 46 4 50 40 8 2 49 39 15 38 32 29 16 41 36 7 25 3 30 44 26 28 18 45 9 51 37 19 6 13 35 43 52 23 47 48 33 12 14 22 24 10 34 17 11 

 20 5 54 31 53 27	 => 190
 1 27 53 21 42 46	 => 190
 4 46 42 50 40 8	 => 190
 54 2 49 39 15 31	 => 190
 53 31 15 38 32 21	 => 190
 42 21 32 29 16 50	 => 190
 40 50 16 41 36 7	 => 190
 49 25 3 30 44 39	 => 190
 15 39 44 26 28 38	 => 190
 32 38 28 18 45 29	 => 190
 16 29 45 9 51 41	 => 191
 36 41 51 37 19 6	 => 190
 44 30 13 35 43 26	 => 191
 28 26 43 52 23 18	 => 190
 45 18 23 47 48 9	 => 190
 51 9 48 33 12 37	 => 190
 43 35 14 22 24 52	 => 190
 23 52 24 10 34 47	 => 190
 48 47 34 17 11 33	 => 190


===================[TEST 63]===================

##### START ##### Thu May 22 16:01:58 2003



##### CONVERGE ##### Thu May 22 16:03:15 2003

Elapsed time: 77 seconds
Total loop: 134 generations

Result : 188.412

19 5 46 48 43 29 7 26 34 51 10 47 33 15 9 31 52 4 41 28 39 16 50 36 8 13 2 54 38 18 37 22 23 27 35 42 25 3 6 30 44 49 20 53 45 40 1 14 21 32 12 24 11 17 

 19 5 46 48 43 29	 => 190
 7 29 43 26 34 51	 => 190
 10 51 34 47 33 15	 => 190
 46 9 31 52 4 48	 => 190
 43 48 4 41 28 26	 => 190
 34 26 28 39 16 47	 => 190
 33 47 16 50 36 8	 => 190
 31 13 2 54 38 52	 => 190
 4 52 38 18 37 41	 => 190
 28 41 37 22 23 39	 => 190
 16 39 23 27 35 50	 => 190
 36 50 35 42 25 3	 => 191
 38 54 6 30 44 18	 => 190
 37 18 44 49 20 22	 => 190
 23 22 20 53 45 27	 => 190
 35 27 45 40 1 42	 => 190
 44 30 14 21 32 49	 => 190
 20 49 32 12 24 53	 => 190
 45 53 24 11 17 40	 => 190


===================[TEST 64]===================

##### START ##### Thu May 22 16:03:15 2003



##### CONVERGE ##### Thu May 22 16:04:30 2003

Elapsed time: 75 seconds
Total loop: 132 generations

Result : 187.85

26 12 42 49 43 18 9 20 53 47 2 38 45 5 3 30 52 14 36 28 29 22 48 37 1 15 7 35 51 6 31 39 27 24 40 33 13 19 8 41 50 54 10 46 44 32 17 4 16 25 21 34 11 23 

 26 12 42 49 43 18	 => 190
 9 18 43 20 53 47	 => 190
 2 47 53 38 45 5	 => 190
 42 3 30 52 14 49	 => 190
 43 49 14 36 28 20	 => 190
 53 20 28 29 22 38	 => 190
 45 38 22 48 37 1	 => 191
 30 15 7 35 51 52	 => 190
 14 52 51 6 31 36	 => 190
 28 36 31 39 27 29	 => 190
 22 29 27 24 40 48	 => 190
 37 48 40 33 13 19	 => 190
 51 35 8 41 50 6	 => 191
 31 6 50 54 10 39	 => 190
 27 39 10 46 44 24	 => 190
 40 24 44 32 17 33	 => 190
 50 41 4 16 25 54	 => 190
 10 54 25 21 34 46	 => 190
 44 46 34 11 23 32	 => 190


===================[TEST 65]===================

##### START ##### Thu May 22 16:04:30 2003



##### CONVERGE ##### Thu May 22 16:05:24 2003

Elapsed time: 54 seconds
Total loop: 95 generations

Result : 188.306

19 15 26 47 44 39 3 16 38 50 6 45 40 11 8 43 48 18 13 52 34 5 51 28 21 1 7 37 54 25 32 27 31 20 49 33 17 12 4 41 29 53 24 46 42 36 10 14 23 30 2 35 22 9 

 19 15 26 47 44 39	 => 190
 3 39 44 16 38 50	 => 190
 6 50 38 45 40 11	 => 190
 26 8 43 48 18 47	 => 190
 44 47 18 13 52 16	 => 190
 38 16 52 34 5 45	 => 190
 40 45 5 51 28 21	 => 190
 43 1 7 37 54 48	 => 190
 18 48 54 25 32 13	 => 190
 52 13 32 27 31 34	 => 189
 5 34 31 20 49 51	 => 190
 28 51 49 33 17 12	 => 190
 54 37 4 41 29 25	 => 190
 32 25 29 53 24 27	 => 190
 31 27 24 46 42 20	 => 190
 49 20 42 36 10 33	 => 190
 29 41 14 23 30 53	 => 190
 24 53 30 2 35 46	 => 190
 42 46 35 22 9 36	 => 190


===================[TEST 66]===================

##### START ##### Thu May 22 16:05:24 2003



##### CONVERGE ##### Thu May 22 16:06:32 2003

Elapsed time: 68 seconds
Total loop: 119 generations

Result : 187.478

8 10 52 42 51 27 20 16 48 29 7 39 54 13 6 25 41 24 23 34 32 21 47 28 1 5 31 43 45 19 38 26 37 3 50 44 4 17 2 35 46 40 22 53 49 33 12 15 18 36 9 30 14 11 

 8 10 52 42 51 27	 => 190
 20 27 51 16 48 29	 => 191
 7 29 48 39 54 13	 => 190
 52 6 25 41 24 42	 => 190
 51 42 24 23 34 16	 => 190
 48 16 34 32 21 39	 => 190
 54 39 21 47 28 1	 => 190
 25 5 31 43 45 41	 => 190
 24 41 45 19 38 23	 => 190
 34 23 38 26 37 32	 => 190
 21 32 37 3 50 47	 => 190
 28 47 50 44 4 17	 => 190
 45 43 2 35 46 19	 => 190
 38 19 46 40 22 26	 => 191
 37 26 22 53 49 3	 => 190
 50 3 49 33 12 44	 => 191
 46 35 15 18 36 40	 => 190
 22 40 36 9 30 53	 => 190
 49 53 30 14 11 33	 => 190


===================[TEST 67]===================

##### START ##### Thu May 22 16:06:32 2003



##### CONVERGE ##### Thu May 22 16:07:48 2003

Elapsed time: 76 seconds
Total loop: 133 generations

Result : 187.85

16 7 40 53 46 28 5 19 43 49 25 50 22 2 4 33 54 6 34 32 35 11 48 39 20 14 21 26 42 24 30 36 23 29 44 31 15 13 9 51 38 45 18 47 37 41 8 17 12 27 1 52 3 10 

 16 7 40 53 46 28	 => 190
 5 28 46 19 43 49	 => 190
 25 49 43 50 22 2	 => 191
 40 4 33 54 6 53	 => 190
 46 53 6 34 32 19	 => 190
 43 19 32 35 11 50	 => 190
 22 50 11 48 39 20	 => 190
 33 14 21 26 42 54	 => 190
 6 54 42 24 30 34	 => 190
 32 34 30 36 23 35	 => 190
 11 35 23 29 44 48	 => 190
 39 48 44 31 15 13	 => 190
 42 26 9 51 38 24	 => 190
 30 24 38 45 18 36	 => 191
 23 36 18 47 37 29	 => 190
 44 29 37 41 8 31	 => 190
 38 51 17 12 27 45	 => 190
 18 45 27 1 52 47	 => 190
 37 47 52 3 10 41	 => 190


===================[TEST 68]===================

##### START ##### Thu May 22 16:07:48 2003



##### CONVERGE ##### Thu May 22 16:09:04 2003

Elapsed time: 76 seconds
Total loop: 132 generations

Result : 187.616

5 13 30 54 39 49 7 14 43 38 6 42 46 15 9 27 52 18 37 28 40 23 26 51 2 3 29 35 44 19 20 34 32 24 45 31 16 21 4 41 47 48 22 25 53 36 1 10 11 33 12 50 17 8 

 5 13 30 54 39 49	 => 190
 7 49 39 14 43 38	 => 190
 6 38 43 42 46 15	 => 190
 30 9 27 52 18 54	 => 190
 39 54 18 37 28 14	 => 190
 43 14 28 40 23 42	 => 190
 46 42 23 26 51 2	 => 190
 27 3 29 35 44 52	 => 190
 18 52 44 19 20 37	 => 190
 28 37 20 34 32 40	 => 191
 23 40 32 24 45 26	 => 190
 51 26 45 31 16 21	 => 190
 44 35 4 41 47 19	 => 190
 20 19 47 48 22 34	 => 190
 32 34 22 25 53 24	 => 190
 45 24 53 36 1 31	 => 190
 47 41 10 11 33 48	 => 190
 22 48 33 12 50 25	 => 190
 53 25 50 17 8 36	 => 189


===================[TEST 69]===================

##### START ##### Thu May 22 16:09:04 2003



##### CONVERGE ##### Thu May 22 16:10:17 2003

Elapsed time: 73 seconds
Total loop: 129 generations

Result : 187.478

11 24 23 40 44 49 4 13 52 28 12 46 45 7 8 47 50 22 32 39 26 14 53 30 2 3 6 51 33 17 36 31 27 29 41 25 20 21 1 35 54 34 18 37 48 38 9 5 19 43 16 42 15 10 

 11 24 23 40 44 49	 => 191
 4 49 44 13 52 28	 => 190
 12 28 52 46 45 7	 => 190
 23 8 47 50 22 40	 => 190
 44 40 22 32 39 13	 => 190
 52 13 39 26 14 46	 => 190
 45 46 14 53 30 2	 => 190
 47 3 6 51 33 50	 => 190
 22 50 33 17 36 32	 => 190
 39 32 36 31 27 26	 => 191
 14 26 27 29 41 53	 => 190
 30 53 41 25 20 21	 => 190
 33 51 1 35 54 17	 => 191
 36 17 54 34 18 31	 => 190
 27 31 18 37 48 29	 => 190
 41 29 48 38 9 25	 => 190
 54 35 5 19 43 34	 => 190
 18 34 43 16 42 37	 => 190
 48 37 42 15 10 38	 => 190


===================[TEST 70]===================

##### START ##### Thu May 22 16:10:17 2003



##### CONVERGE ##### Thu May 22 16:10:57 2003

Elapsed time: 40 seconds
Total loop: 70 generations

Result (Solution) : 187

20 2 22 51 52 40 10 17 42 26 23 45 43 8 12 48 49 5 37 25 39 19 27 47 6 7 13 34 36 29 31 9 46 15 41 53 16 3 18 32 38 50 30 54 33 44 1 21 35 11 14 28 4 24 

 20 2 22 51 52 40	 => 187
 10 40 52 17 42 26	 => 187
 23 26 42 45 43 8	 => 187
 22 12 48 49 5 51	 => 187
 52 51 5 37 25 17	 => 187
 42 17 25 39 19 45	 => 187
 43 45 19 27 47 6	 => 187
 48 7 13 34 36 49	 => 187
 5 49 36 29 31 37	 => 187
 25 37 31 9 46 39	 => 187
 19 39 46 15 41 27	 => 187
 47 27 41 53 16 3	 => 187
 36 34 18 32 38 29	 => 187
 31 29 38 50 30 9	 => 187
 46 9 30 54 33 15	 => 187
 41 15 33 44 1 53	 => 187
 38 32 21 35 11 50	 => 187
 30 50 11 14 28 54	 => 187
 33 54 28 4 24 44	 => 187


===================[TEST 71]===================

##### START ##### Thu May 22 16:10:57 2003



##### CONVERGE ##### Thu May 22 16:12:04 2003

Elapsed time: 67 seconds
Total loop: 118 generations

Result : 187.412

15 1 40 43 46 44 3 28 51 17 24 45 35 18 6 52 38 10 30 32 19 14 50 33 12 23 2 27 47 25 39 20 49 16 41 53 4 8 5 31 54 29 22 48 34 36 9 7 26 42 11 37 21 13 

 15 1 40 43 46 44	 => 189
 3 44 46 28 51 17	 => 189
 24 17 51 45 35 18	 => 190
 40 6 52 38 10 43	 => 189
 46 43 10 30 32 28	 => 189
 51 28 32 19 14 45	 => 189
 35 45 14 50 33 12	 => 189
 52 23 2 27 47 38	 => 189
 10 38 47 25 39 30	 => 189
 32 30 39 20 49 19	 => 189
 14 19 49 16 41 50	 => 189
 33 50 41 53 4 8	 => 189
 47 27 5 31 54 25	 => 189
 39 25 54 29 22 20	 => 189
 49 20 22 48 34 16	 => 189
 41 16 34 36 9 53	 => 189
 54 31 7 26 42 29	 => 189
 22 29 42 11 37 48	 => 189
 34 48 37 21 13 36	 => 189


===================[TEST 72]===================

##### START ##### Thu May 22 16:12:04 2003



##### CONVERGE ##### Thu May 22 16:13:37 2003

Elapsed time: 93 seconds
Total loop: 162 generations

Result : 188.306

15 10 27 51 38 49 8 3 47 45 9 50 26 13 2 42 43 24 30 44 29 17 54 39 4 16 7 48 34 28 31 33 23 21 46 36 14 1 11 32 37 41 20 53 40 35 12 6 22 52 5 19 18 25 

 15 10 27 51 38 49	 => 190
 8 49 38 3 47 45	 => 190
 9 45 47 50 26 13	 => 190
 27 2 42 43 24 51	 => 189
 38 51 24 30 44 3	 => 190
 47 3 44 29 17 50	 => 190
 26 50 17 54 39 4	 => 190
 42 16 7 48 34 43	 => 190
 24 43 34 28 31 30	 => 190
 44 30 31 33 23 29	 => 190
 17 29 23 21 46 54	 => 190
 39 54 46 36 14 1	 => 190
 34 48 11 32 37 28	 => 190
 31 28 37 41 20 33	 => 190
 23 33 20 53 40 21	 => 190
 46 21 40 35 12 36	 => 190
 37 32 6 22 52 41	 => 190
 20 41 52 5 19 53	 => 190
 40 53 19 18 25 35	 => 190


===================[TEST 73]===================

##### START ##### Thu May 22 16:13:37 2003



##### CONVERGE ##### Thu May 22 16:15:04 2003

Elapsed time: 87 seconds
Total loop: 153 generations

Result : 187.163

10 15 49 41 36 39 20 13 52 30 16 35 46 11 2 24 45 29 27 44 34 12 40 51 6 17 21 33 50 14 25 28 32 18 53 37 1 7 3 43 47 54 22 48 42 31 9 23 4 19 8 38 5 26 

 10 15 49 41 36 39	 => 190
 20 39 36 13 52 30	 => 190
 16 30 52 35 46 11	 => 190
 49 2 24 45 29 41	 => 190
 36 41 29 27 44 13	 => 190
 52 13 44 34 12 35	 => 190
 46 35 12 40 51 6	 => 190
 24 17 21 33 50 45	 => 190
 29 45 50 14 25 27	 => 190
 44 27 25 28 32 34	 => 190
 12 34 32 18 53 40	 => 189
 51 40 53 37 1 7	 => 189
 50 33 3 43 47 14	 => 190
 25 14 47 54 22 28	 => 190
 32 28 22 48 42 18	 => 190
 53 18 42 31 9 37	 => 190
 47 43 23 4 19 54	 => 190
 22 54 19 8 38 48	 => 189
 42 48 38 5 26 31	 => 190


===================[TEST 74]===================

##### START ##### Thu May 22 16:15:04 2003



##### CONVERGE ##### Thu May 22 16:16:16 2003

Elapsed time: 72 seconds
Total loop: 125 generations

Result : 188.163

3 6 54 39 52 37 4 11 51 36 15 45 42 2 1 33 43 20 29 40 35 9 49 32 13 19 5 44 47 21 31 27 28 22 48 25 14 23 12 26 41 53 18 46 50 38 8 17 24 30 10 34 16 7 

 3 6 54 39 52 37	 => 191
 4 37 52 11 51 36	 => 191
 15 36 51 45 42 2	 => 191
 54 1 33 43 20 39	 => 190
 52 39 20 29 40 11	 => 191
 51 11 40 35 9 45	 => 191
 42 45 9 49 32 13	 => 190
 33 19 5 44 47 43	 => 191
 20 43 47 21 31 29	 => 191
 40 29 31 27 28 35	 => 190
 9 35 28 22 48 49	 => 191
 32 49 48 25 14 23	 => 191
 47 44 12 26 41 21	 => 191
 31 21 41 53 18 27	 => 191
 28 27 18 46 50 22	 => 191
 48 22 50 38 8 25	 => 191
 41 26 17 24 30 53	 => 191
 18 53 30 10 34 46	 => 191
 50 46 34 16 7 38	 => 191


===================[TEST 75]===================

##### START ##### Thu May 22 16:16:16 2003



##### CONVERGE ##### Thu May 22 16:17:33 2003

Elapsed time: 77 seconds
Total loop: 135 generations

Result : 187.412

11 26 23 52 48 29 8 27 44 34 18 36 33 24 10 43 47 14 16 32 30 20 50 45 5 4 7 35 53 13 46 40 25 22 42 31 6 15 2 49 37 41 12 51 39 54 1 3 21 38 28 19 9 17 

 11 26 23 52 48 29	 => 189
 8 29 48 27 44 34	 => 190
 18 34 44 36 33 24	 => 189
 23 10 43 47 14 52	 => 189
 48 52 14 16 32 27	 => 189
 44 27 32 30 20 36	 => 189
 33 36 20 50 45 5	 => 189
 43 4 7 35 53 47	 => 189
 14 47 53 13 46 16	 => 189
 32 16 46 40 25 30	 => 189
 20 30 25 22 42 50	 => 189
 45 50 42 31 6 15	 => 189
 53 35 2 49 37 13	 => 189
 46 13 37 41 12 40	 => 189
 25 40 12 51 39 22	 => 189
 42 22 39 54 1 31	 => 189
 37 49 3 21 38 41	 => 189
 12 41 38 28 19 51	 => 189
 39 51 19 9 17 54	 => 189


===================[TEST 76]===================

##### START ##### Thu May 22 16:17:33 2003



##### CONVERGE ##### Thu May 22 16:18:39 2003

Elapsed time: 66 seconds
Total loop: 116 generations

Result : 186.794

9 22 44 49 35 30 2 19 50 54 4 39 38 5 6 47 33 11 53 23 31 28 41 40 3 18 12 36 43 21 29 34 20 25 45 24 27 13 1 52 37 51 17 48 46 42 8 14 10 26 16 32 7 15 

 9 22 44 49 35 30	 => 189
 2 30 35 19 50 54	 => 190
 4 54 50 39 38 5	 => 190
 44 6 47 33 11 49	 => 190
 35 49 11 53 23 19	 => 190
 50 19 23 31 28 39	 => 190
 38 39 28 41 40 3	 => 189
 47 18 12 36 43 33	 => 189
 11 33 43 21 29 53	 => 190
 23 53 29 34 20 31	 => 190
 28 31 20 25 45 41	 => 190
 40 41 45 24 27 13	 => 190
 43 36 1 52 37 21	 => 190
 29 21 37 51 17 34	 => 189
 20 34 17 48 46 25	 => 190
 45 25 46 42 8 24	 => 190
 37 52 14 10 26 51	 => 190
 17 51 26 16 32 48	 => 190
 46 48 32 7 15 42	 => 190


===================[TEST 77]===================

##### START ##### Thu May 22 16:18:39 2003



##### CONVERGE ##### Thu May 22 16:19:36 2003

Elapsed time: 57 seconds
Total loop: 100 generations

Result : 186.268

5 23 30 51 35 45 14 29 41 25 19 49 43 13 8 39 53 9 42 24 31 16 47 34 1 4 20 46 28 18 40 36 17 27 52 32 2 22 11 38 48 33 15 44 50 26 3 10 7 54 6 37 21 12 

 5 23 30 51 35 45	 => 189
 14 45 35 29 41 25	 => 189
 19 25 41 49 43 13	 => 190
 30 8 39 53 9 51	 => 190
 35 51 9 42 24 29	 => 190
 41 29 24 31 16 49	 => 190
 43 49 16 47 34 1	 => 190
 39 4 20 46 28 53	 => 190
 9 53 28 18 40 42	 => 190
 24 42 40 36 17 31	 => 190
 16 31 17 27 52 47	 => 190
 34 47 52 32 2 22	 => 189
 28 46 11 38 48 18	 => 189
 40 18 48 33 15 36	 => 190
 17 36 15 44 50 27	 => 189
 52 27 50 26 3 32	 => 190
 48 38 10 7 54 33	 => 190
 15 33 54 6 37 44	 => 189
 50 44 37 21 12 26	 => 190


===================[TEST 78]===================

##### START ##### Thu May 22 16:19:36 2003



##### CONVERGE ##### Thu May 22 16:20:43 2003

Elapsed time: 67 seconds
Total loop: 118 generations

Result (Solution) : 189

7 11 41 50 44 36 15 21 38 35 14 49 37 16 10 18 53 17 26 31 46 4 47 40 12 34 1 51 32 22 39 20 27 23 42 45 13 2 6 48 30 54 24 52 43 33 3 9 19 29 5 25 28 8 

 7 11 41 50 44 36	 => 189
 15 36 44 21 38 35	 => 189
 14 35 38 49 37 16	 => 189
 41 10 18 53 17 50	 => 189
 44 50 17 26 31 21	 => 189
 38 21 31 46 4 49	 => 189
 37 49 4 47 40 12	 => 189
 18 34 1 51 32 53	 => 189
 17 53 32 22 39 26	 => 189
 31 26 39 20 27 46	 => 189
 4 46 27 23 42 47	 => 189
 40 47 42 45 13 2	 => 189
 32 51 6 48 30 22	 => 189
 39 22 30 54 24 20	 => 189
 27 20 24 52 43 23	 => 189
 42 23 43 33 3 45	 => 189
 30 48 9 19 29 54	 => 189
 24 54 29 5 25 52	 => 189
 43 52 25 28 8 33	 => 189


===================[TEST 79]===================

##### START ##### Thu May 22 16:20:43 2003



##### CONVERGE ##### Thu May 22 16:21:53 2003

Elapsed time: 70 seconds
Total loop: 123 generations

Result : 187.64

2 11 53 37 51 36 14 18 49 22 12 47 28 32 1 29 45 25 35 24 44 8 42 48 17 9 16 52 39 15 31 30 26 23 46 34 13 7 6 38 40 54 20 41 50 33 4 21 10 27 5 43 19 3 

 2 11 53 37 51 36	 => 190
 14 36 51 18 49 22	 => 190
 12 22 49 47 28 32	 => 190
 53 1 29 45 25 37	 => 190
 51 37 25 35 24 18	 => 190
 49 18 24 44 8 47	 => 190
 28 47 8 42 48 17	 => 190
 29 9 16 52 39 45	 => 190
 25 45 39 15 31 35	 => 190
 24 35 31 30 26 44	 => 190
 8 44 26 23 46 42	 => 189
 48 42 46 34 13 7	 => 190
 39 52 6 38 40 15	 => 190
 31 15 40 54 20 30	 => 190
 26 30 20 41 50 23	 => 190
 46 23 50 33 4 34	 => 190
 40 38 21 10 27 54	 => 190
 20 54 27 5 43 41	 => 190
 50 41 43 19 3 33	 => 189


===================[TEST 80]===================

##### START ##### Thu May 22 16:21:53 2003



##### CONVERGE ##### Thu May 22 16:23:08 2003

Elapsed time: 75 seconds
Total loop: 131 generations

Result : 187.794

2 20 39 52 46 32 6 8 47 51 3 43 40 7 12 25 44 19 28 38 33 21 45 37 5 14 24 34 50 15 35 29 27 23 42 41 9 16 13 30 49 53 10 54 48 36 1 22 11 26 17 31 4 18 

 2 20 39 52 46 32	 => 191
 6 32 46 8 47 51	 => 190
 3 51 47 43 40 7	 => 191
 39 12 25 44 19 52	 => 191
 46 52 19 28 38 8	 => 191
 47 8 38 33 21 43	 => 190
 40 43 21 45 37 5	 => 191
 25 14 24 34 50 44	 => 191
 19 44 50 15 35 28	 => 191
 38 28 35 29 27 33	 => 190
 21 33 27 23 42 45	 => 191
 37 45 42 41 9 16	 => 190
 50 34 13 30 49 15	 => 191
 35 15 49 53 10 29	 => 191
 27 29 10 54 48 23	 => 191
 42 23 48 36 1 41	 => 191
 49 30 22 11 26 53	 => 191
 10 53 26 17 31 54	 => 191
 48 54 31 4 18 36	 => 191


===================[TEST 81]===================

##### START ##### Thu May 22 16:23:08 2003



##### CONVERGE ##### Thu May 22 16:24:22 2003

Elapsed time: 74 seconds
Total loop: 130 generations

Result : 187.616

5 11 24 51 45 54 9 18 44 20 22 46 50 8 21 31 48 15 29 32 34 16 41 30 7 13 14 38 47 26 25 37 33 23 43 42 28 6 4 36 39 53 10 35 52 27 3 1 12 49 2 40 17 19 

 5 11 24 51 45 54	 => 190
 9 54 45 18 44 20	 => 190
 22 20 44 46 50 8	 => 190
 24 21 31 48 15 51	 => 190
 45 51 15 29 32 18	 => 190
 44 18 32 34 16 46	 => 190
 50 46 16 41 30 7	 => 190
 31 13 14 38 47 48	 => 191
 15 48 47 26 25 29	 => 190
 32 29 25 37 33 34	 => 190
 16 34 33 23 43 41	 => 190
 30 41 43 42 28 6	 => 190
 47 38 4 36 39 26	 => 190
 25 26 39 53 10 37	 => 190
 33 37 10 35 52 23	 => 190
 43 23 52 27 3 42	 => 190
 39 36 1 12 49 53	 => 190
 10 53 49 2 40 35	 => 189
 52 35 40 17 19 27	 => 190


===================[TEST 82]===================

##### START ##### Thu May 22 16:24:22 2003



##### CONVERGE ##### Thu May 22 16:26:04 2003

Elapsed time: 102 seconds
Total loop: 179 generations

Result : 187.64

1 12 35 54 53 34 4 8 47 44 3 49 42 5 11 23 50 17 31 27 41 18 36 38 7 13 21 43 40 15 37 25 29 26 39 46 9 22 10 52 30 51 32 33 45 28 6 19 14 24 2 48 20 16 

 1 12 35 54 53 34	 => 189
 4 34 53 8 47 44	 => 190
 3 44 47 49 42 5	 => 190
 35 11 23 50 17 54	 => 190
 53 54 17 31 27 8	 => 190
 47 8 27 41 18 49	 => 190
 42 49 18 36 38 7	 => 190
 23 13 21 43 40 50	 => 190
 17 50 40 15 37 31	 => 190
 27 31 37 25 29 41	 => 190
 18 41 29 26 39 36	 => 189
 38 36 39 46 9 22	 => 190
 40 43 10 52 30 15	 => 190
 37 15 30 51 32 25	 => 190
 29 25 32 33 45 26	 => 190
 39 26 45 28 6 46	 => 190
 30 52 19 14 24 51	 => 190
 32 51 24 2 48 33	 => 190
 45 33 48 20 16 28	 => 190


===================[TEST 83]===================

##### START ##### Thu May 22 16:26:04 2003



##### CONVERGE ##### Thu May 22 16:27:13 2003

Elapsed time: 69 seconds
Total loop: 121 generations

Result : 188.306

6 9 39 44 50 42 4 10 49 35 8 51 33 14 17 29 46 15 34 37 22 21 47 20 18 16 23 31 45 26 24 32 40 7 53 43 2 25 11 36 41 48 19 38 54 28 5 12 1 52 3 30 13 27 

 6 9 39 44 50 42	 => 190
 4 42 50 10 49 35	 => 190
 8 35 49 51 33 14	 => 190
 39 17 29 46 15 44	 => 190
 50 44 15 34 37 10	 => 190
 49 10 37 22 21 51	 => 190
 33 51 21 47 20 18	 => 190
 29 16 23 31 45 46	 => 190
 15 46 45 26 24 34	 => 190
 37 34 24 32 40 22	 => 189
 21 22 40 7 53 47	 => 190
 20 47 53 43 2 25	 => 190
 45 31 11 36 41 26	 => 190
 24 26 41 48 19 32	 => 190
 40 32 19 38 54 7	 => 190
 53 7 54 28 5 43	 => 190
 41 36 12 1 52 48	 => 190
 19 48 52 3 30 38	 => 190
 54 38 30 13 27 28	 => 190


===================[TEST 84]===================

##### START ##### Thu May 22 16:27:13 2003



##### CONVERGE ##### Thu May 22 16:28:40 2003

Elapsed time: 87 seconds
Total loop: 152 generations

Result : 188.163

9 3 38 48 43 50 1 10 54 33 12 47 37 8 2 35 45 23 31 36 30 14 49 27 17 16 24 25 46 20 26 39 28 18 52 44 7 11 5 42 53 32 21 51 34 29 13 19 4 41 6 40 15 22 

 9 3 38 48 43 50	 => 191
 1 50 43 10 54 33	 => 191
 12 33 54 47 37 8	 => 191
 38 2 35 45 23 48	 => 191
 43 48 23 31 36 10	 => 191
 54 10 36 30 14 47	 => 191
 37 47 14 49 27 17	 => 191
 35 16 24 25 46 45	 => 191
 23 45 46 20 26 31	 => 191
 36 31 26 39 28 30	 => 190
 14 30 28 18 52 49	 => 191
 27 49 52 44 7 11	 => 190
 46 25 5 42 53 20	 => 191
 26 20 53 32 21 39	 => 191
 28 39 21 51 34 18	 => 191
 52 18 34 29 13 44	 => 190
 53 42 19 4 41 32	 => 191
 21 32 41 6 40 51	 => 191
 34 51 40 15 22 29	 => 191


===================[TEST 85]===================

##### START ##### Thu May 22 16:28:40 2003



##### CONVERGE ##### Thu May 22 16:29:38 2003

Elapsed time: 58 seconds
Total loop: 102 generations

Result : 187.794

6 16 32 51 48 37 1 22 53 29 8 38 54 9 3 42 45 18 27 25 39 14 52 31 2 12 19 26 47 24 30 34 36 17 33 49 15 11 4 43 46 44 13 50 41 40 10 23 7 28 21 35 5 20 

 6 16 32 51 48 37	 => 190
 1 37 48 22 53 29	 => 190
 8 29 53 38 54 9	 => 191
 32 3 42 45 18 51	 => 191
 48 51 18 27 25 22	 => 191
 53 22 25 39 14 38	 => 191
 54 38 14 52 31 2	 => 191
 42 12 19 26 47 45	 => 191
 18 45 47 24 30 27	 => 191
 25 27 30 34 36 39	 => 191
 14 39 36 17 33 52	 => 191
 31 52 33 49 15 11	 => 191
 47 26 4 43 46 24	 => 190
 30 24 46 44 13 34	 => 191
 36 34 13 50 41 17	 => 191
 33 17 41 40 10 49	 => 190
 46 43 23 7 28 44	 => 191
 13 44 28 21 35 50	 => 191
 41 50 35 5 20 40	 => 191


===================[TEST 86]===================

##### START ##### Thu May 22 16:29:38 2003



##### CONVERGE ##### Thu May 22 16:31:10 2003

Elapsed time: 92 seconds
Total loop: 160 generations

Result : 188.163

10 13 47 40 53 28 4 23 49 33 8 50 31 20 1 38 46 19 30 26 32 11 52 41 5 6 21 45 35 22 39 27 36 12 48 34 7 9 17 29 43 42 18 54 44 51 2 24 16 37 15 25 14 3 

 10 13 47 40 53 28	 => 191
 4 28 53 23 49 33	 => 190
 8 33 49 50 31 20	 => 191
 47 1 38 46 19 40	 => 191
 53 40 19 30 26 23	 => 191
 49 23 26 32 11 50	 => 191
 31 50 11 52 41 5	 => 190
 38 6 21 45 35 46	 => 191
 19 46 35 22 39 30	 => 191
 26 30 39 27 36 32	 => 190
 11 32 36 12 48 52	 => 191
 41 52 48 34 7 9	 => 191
 35 45 17 29 43 22	 => 191
 39 22 43 42 18 27	 => 191
 36 27 18 54 44 12	 => 191
 48 12 44 51 2 34	 => 191
 43 29 24 16 37 42	 => 191
 18 42 37 15 25 54	 => 191
 44 54 25 14 3 51	 => 191


===================[TEST 87]===================

##### START ##### Thu May 22 16:31:10 2003



##### CONVERGE ##### Thu May 22 16:32:31 2003

Elapsed time: 81 seconds
Total loop: 142 generations

Result : 188.412

5 18 23 49 53 42 7 15 45 28 12 46 43 16 8 34 52 24 29 20 37 27 32 40 2 19 4 30 51 1 33 36 35 11 48 50 14 6 13 41 54 44 22 39 47 31 3 17 9 26 21 38 25 10 

 5 18 23 49 53 42	 => 190
 7 42 53 15 45 28	 => 190
 12 28 45 46 43 16	 => 190
 23 8 34 52 24 49	 => 190
 53 49 24 29 20 15	 => 190
 45 15 20 37 27 46	 => 190
 43 46 27 32 40 2	 => 190
 34 19 4 30 51 52	 => 190
 24 52 51 1 33 29	 => 190
 20 29 33 36 35 37	 => 190
 27 37 35 11 48 32	 => 190
 40 32 48 50 14 6	 => 190
 51 30 13 41 54 1	 => 190
 33 1 54 44 22 36	 => 190
 35 36 22 39 47 11	 => 190
 48 11 47 31 3 50	 => 190
 54 41 17 9 26 44	 => 191
 22 44 26 21 38 39	 => 190
 47 39 38 25 10 31	 => 190


===================[TEST 88]===================

##### START ##### Thu May 22 16:32:31 2003



##### CONVERGE ##### Thu May 22 16:33:53 2003

Elapsed time: 82 seconds
Total loop: 144 generations

Result : 188.306

22 5 42 46 41 34 8 24 47 36 10 50 40 7 2 54 33 13 39 27 23 19 53 25 3 21 4 29 48 26 31 38 32 12 51 43 1 17 15 35 37 44 14 49 45 30 9 6 16 52 11 20 18 28 

 22 5 42 46 41 34	 => 190
 8 34 41 24 47 36	 => 190
 10 36 47 50 40 7	 => 190
 42 2 54 33 13 46	 => 190
 41 46 13 39 27 24	 => 190
 47 24 27 23 19 50	 => 190
 40 50 19 53 25 3	 => 190
 54 21 4 29 48 33	 => 189
 13 33 48 26 31 39	 => 190
 27 39 31 38 32 23	 => 190
 19 23 32 12 51 53	 => 190
 25 53 51 43 1 17	 => 190
 48 29 15 35 37 26	 => 190
 31 26 37 44 14 38	 => 190
 32 38 14 49 45 12	 => 190
 51 12 45 30 9 43	 => 190
 37 35 6 16 52 44	 => 190
 14 44 52 11 20 49	 => 190
 45 49 20 18 28 30	 => 190


===================[TEST 89]===================

##### START ##### Thu May 22 16:33:53 2003



##### CONVERGE ##### Thu May 22 16:35:14 2003

Elapsed time: 81 seconds
Total loop: 143 generations

Result : 187.85

7 19 37 51 52 24 6 22 46 40 23 43 36 2 3 33 50 16 29 20 44 15 45 47 5 17 11 48 31 25 39 28 30 18 38 42 4 14 13 41 32 54 12 53 49 34 9 21 8 35 10 26 1 27 

 7 19 37 51 52 24	 => 190
 6 24 52 22 46 40	 => 190
 23 40 46 43 36 2	 => 190
 37 3 33 50 16 51	 => 190
 52 51 16 29 20 22	 => 190
 46 22 20 44 15 43	 => 190
 36 43 15 45 47 5	 => 191
 33 17 11 48 31 50	 => 190
 16 50 31 25 39 29	 => 190
 20 29 39 28 30 44	 => 190
 15 44 30 18 38 45	 => 190
 47 45 38 42 4 14	 => 190
 31 48 13 41 32 25	 => 190
 39 25 32 54 12 28	 => 190
 30 28 12 53 49 18	 => 190
 38 18 49 34 9 42	 => 190
 32 41 21 8 35 54	 => 191
 12 54 35 10 26 53	 => 190
 49 53 26 1 27 34	 => 190


===================[TEST 90]===================

##### START ##### Thu May 22 16:35:14 2003



##### CONVERGE ##### Thu May 22 16:36:31 2003

Elapsed time: 77 seconds
Total loop: 135 generations

Result : 187.85

11 13 40 51 42 33 7 23 49 36 24 43 35 3 1 39 45 14 31 29 30 16 44 48 4 2 26 28 50 12 38 25 37 18 46 32 15 5 27 21 52 54 10 53 47 41 6 9 20 34 17 22 8 19 

 11 13 40 51 42 33	 => 190
 7 33 42 23 49 36	 => 190
 24 36 49 43 35 3	 => 190
 40 1 39 45 14 51	 => 190
 42 51 14 31 29 23	 => 190
 49 23 29 30 16 43	 => 190
 35 43 16 44 48 4	 => 190
 39 2 26 28 50 45	 => 190
 14 45 50 12 38 31	 => 190
 29 31 38 25 37 30	 => 190
 16 30 37 18 46 44	 => 191
 48 44 46 32 15 5	 => 190
 50 28 27 21 52 12	 => 190
 38 12 52 54 10 25	 => 191
 37 25 10 53 47 18	 => 190
 46 18 47 41 6 32	 => 190
 52 21 9 20 34 54	 => 190
 10 54 34 17 22 53	 => 190
 47 53 22 8 19 41	 => 190


===================[TEST 91]===================

##### START ##### Thu May 22 16:36:31 2003



##### CONVERGE ##### Thu May 22 16:37:47 2003

Elapsed time: 76 seconds
Total loop: 133 generations

Result : 188.306

4 20 37 42 53 33 7 9 34 54 11 50 28 13 1 39 49 22 29 35 30 32 43 23 14 6 2 46 48 17 25 40 31 10 44 51 26 3 5 27 47 45 16 52 41 36 8 12 21 38 15 24 18 19 

 4 20 37 42 53 33	 => 189
 7 33 53 9 34 54	 => 190
 11 54 34 50 28 13	 => 190
 37 1 39 49 22 42	 => 190
 53 42 22 29 35 9	 => 190
 34 9 35 30 32 50	 => 190
 28 50 32 43 23 14	 => 190
 39 6 2 46 48 49	 => 190
 22 49 48 17 25 29	 => 190
 35 29 25 40 31 30	 => 190
 32 30 31 10 44 43	 => 190
 23 43 44 51 26 3	 => 190
 48 46 5 27 47 17	 => 190
 25 17 47 45 16 40	 => 190
 31 40 16 52 41 10	 => 190
 44 10 41 36 8 51	 => 190
 47 27 12 21 38 45	 => 190
 16 45 38 15 24 52	 => 190
 41 52 24 18 19 36	 => 190


===================[TEST 92]===================

##### START ##### Thu May 22 16:37:47 2003



##### CONVERGE ##### Thu May 22 16:39:13 2003

Elapsed time: 86 seconds
Total loop: 150 generations

Result : 187.85

5 24 17 49 53 42 3 7 50 35 13 54 29 9 18 46 45 15 36 30 28 21 31 44 11 12 22 26 39 23 32 27 37 25 48 33 20 14 8 43 51 41 16 47 38 40 6 19 2 34 1 52 10 4 

 5 24 17 49 53 42	 => 190
 3 42 53 7 50 35	 => 190
 13 35 50 54 29 9	 => 190
 17 18 46 45 15 49	 => 190
 53 49 15 36 30 7	 => 190
 50 7 30 28 21 54	 => 190
 29 54 21 31 44 11	 => 190
 46 12 22 26 39 45	 => 190
 15 45 39 23 32 36	 => 190
 30 36 32 27 37 28	 => 190
 21 28 37 25 48 31	 => 190
 44 31 48 33 20 14	 => 190
 39 26 8 43 51 23	 => 190
 32 23 51 41 16 27	 => 190
 37 27 16 47 38 25	 => 190
 48 25 38 40 6 33	 => 190
 51 43 19 2 34 41	 => 190
 16 41 34 1 52 47	 => 191
 38 47 52 10 4 40	 => 191


===================[TEST 93]===================

##### START ##### Thu May 22 16:39:13 2003



##### CONVERGE ##### Thu May 22 16:40:24 2003

Elapsed time: 71 seconds
Total loop: 124 generations

Result : 188.306

24 20 21 54 41 30 6 18 50 45 5 46 40 4 2 44 52 17 29 31 22 23 53 25 3 19 7 32 36 27 28 33 47 11 34 43 9 26 8 39 48 42 12 49 38 51 13 10 16 35 15 37 1 14 

 24 20 21 54 41 30	 => 190
 6 30 41 18 50 45	 => 190
 5 45 50 46 40 4	 => 190
 21 2 44 52 17 54	 => 190
 41 54 17 29 31 18	 => 190
 50 18 31 22 23 46	 => 190
 40 46 23 53 25 3	 => 190
 44 19 7 32 36 52	 => 190
 17 52 36 27 28 29	 => 189
 31 29 28 33 47 22	 => 190
 23 22 47 11 34 53	 => 190
 25 53 34 43 9 26	 => 190
 36 32 8 39 48 27	 => 190
 28 27 48 42 12 33	 => 190
 47 33 12 49 38 11	 => 190
 34 11 38 51 13 43	 => 190
 48 39 10 16 35 42	 => 190
 12 42 35 15 37 49	 => 190
 38 49 37 1 14 51	 => 190


===================[TEST 94]===================

##### START ##### Thu May 22 16:40:24 2003



##### CONVERGE ##### Thu May 22 16:41:28 2003

Elapsed time: 64 seconds
Total loop: 113 generations

Result : 187.64

25 15 29 54 32 35 16 23 36 47 3 44 40 19 9 49 43 6 41 34 39 14 46 45 1 2 17 27 52 28 20 26 30 24 37 33 7 22 11 21 51 53 12 48 50 38 8 10 13 42 4 31 5 18 

 25 15 29 54 32 35	 => 190
 16 35 32 23 36 47	 => 189
 3 47 36 44 40 19	 => 189
 29 9 49 43 6 54	 => 190
 32 54 6 41 34 23	 => 190
 36 23 34 39 14 44	 => 190
 40 44 14 46 45 1	 => 190
 49 2 17 27 52 43	 => 190
 6 43 52 28 20 41	 => 190
 34 41 20 26 30 39	 => 190
 14 39 30 24 37 46	 => 190
 45 46 37 33 7 22	 => 190
 52 27 11 21 51 28	 => 190
 20 28 51 53 12 26	 => 190
 30 26 12 48 50 24	 => 190
 37 24 50 38 8 33	 => 190
 51 21 10 13 42 53	 => 190
 12 53 42 4 31 48	 => 190
 50 48 31 5 18 38	 => 190


===================[TEST 95]===================

##### START ##### Thu May 22 16:41:28 2003



##### CONVERGE ##### Thu May 22 16:42:32 2003

Elapsed time: 64 seconds
Total loop: 111 generations

Result : 186.85

14 13 50 47 34 31 18 32 54 20 15 46 33 21 1 38 51 2 53 22 25 10 44 52 4 17 8 35 40 19 24 26 39 23 48 30 9 6 5 41 49 43 28 37 36 45 7 11 3 42 12 27 29 16 

 14 13 50 47 34 31	 => 189
 18 31 34 32 54 20	 => 189
 15 20 54 46 33 21	 => 189
 50 1 38 51 2 47	 => 189
 34 47 2 53 22 32	 => 190
 54 32 22 25 10 46	 => 189
 33 46 10 44 52 4	 => 189
 38 17 8 35 40 51	 => 189
 2 51 40 19 24 53	 => 189
 22 53 24 26 39 25	 => 189
 10 25 39 23 48 44	 => 189
 52 44 48 30 9 6	 => 189
 40 35 5 41 49 19	 => 189
 24 19 49 43 28 26	 => 189
 39 26 28 37 36 23	 => 189
 48 23 36 45 7 30	 => 189
 49 41 11 3 42 43	 => 189
 28 43 42 12 27 37	 => 189
 36 37 27 29 16 45	 => 190


===================[TEST 96]===================

##### START ##### Thu May 22 16:42:32 2003



##### CONVERGE ##### Thu May 22 16:44:25 2003

Elapsed time: 113 seconds
Total loop: 199 generations

Result : 187.501

20 11 43 44 47 26 7 23 51 37 2 39 49 13 16 27 54 6 33 38 31 8 50 41 4 10 18 42 40 22 36 25 28 21 53 29 15 3 9 32 46 45 17 48 52 30 5 19 14 34 12 35 1 24 

 20 11 43 44 47 26	 => 191
 7 26 47 23 51 37	 => 191
 2 37 51 39 49 13	 => 191
 43 16 27 54 6 44	 => 190
 47 44 6 33 38 23	 => 191
 51 23 38 31 8 39	 => 190
 49 39 8 50 41 4	 => 191
 27 10 18 42 40 54	 => 191
 6 54 40 22 36 33	 => 191
 38 33 36 25 28 31	 => 191
 8 31 28 21 53 50	 => 191
 41 50 53 29 15 3	 => 191
 40 42 9 32 46 22	 => 191
 36 22 46 45 17 25	 => 191
 28 25 17 48 52 21	 => 191
 53 21 52 30 5 29	 => 190
 46 32 19 14 34 45	 => 190
 17 45 34 12 35 48	 => 191
 52 48 35 1 24 30	 => 190


===================[TEST 97]===================

##### START ##### Thu May 22 16:44:25 2003



##### CONVERGE ##### Thu May 22 16:45:30 2003

Elapsed time: 65 seconds
Total loop: 114 generations

Result (Solution) : 190

2 26 41 36 53 32 13 17 45 30 7 52 48 8 1 47 50 15 42 27 44 5 49 33 3 21 9 23 40 25 18 28 31 24 37 35 16 20 10 38 54 43 22 34 51 29 14 4 12 39 6 46 11 19 

 2 26 41 36 53 32	 => 190
 13 32 53 17 45 30	 => 190
 7 30 45 52 48 8	 => 190
 41 1 47 50 15 36	 => 190
 53 36 15 42 27 17	 => 190
 45 17 27 44 5 52	 => 190
 48 52 5 49 33 3	 => 190
 47 21 9 23 40 50	 => 190
 15 50 40 25 18 42	 => 190
 27 42 18 28 31 44	 => 190
 5 44 31 24 37 49	 => 190
 33 49 37 35 16 20	 => 190
 40 23 10 38 54 25	 => 190
 18 25 54 43 22 28	 => 190
 31 28 22 34 51 24	 => 190
 37 24 51 29 14 35	 => 190
 54 38 4 12 39 43	 => 190
 22 43 39 6 46 34	 => 190
 51 34 46 11 19 29	 => 190


===================[TEST 98]===================

##### START ##### Thu May 22 16:45:30 2003



##### CONVERGE ##### Thu May 22 16:46:47 2003

Elapsed time: 77 seconds
Total loop: 135 generations

Result : 188.412

13 14 24 54 43 42 5 15 51 34 4 39 44 18 2 35 49 26 23 29 46 10 41 45 11 17 1 40 48 20 25 37 30 31 32 38 12 22 7 28 47 52 9 50 33 53 3 6 21 36 16 27 19 8 

 13 14 24 54 43 42	 => 190
 5 42 43 15 51 34	 => 190
 4 34 51 39 44 18	 => 190
 24 2 35 49 26 54	 => 190
 43 54 26 23 29 15	 => 190
 51 15 29 46 10 39	 => 190
 44 39 10 41 45 11	 => 190
 35 17 1 40 48 49	 => 190
 26 49 48 20 25 23	 => 191
 29 23 25 37 30 46	 => 190
 10 46 30 31 32 41	 => 190
 45 41 32 38 12 22	 => 190
 48 40 7 28 47 20	 => 190
 25 20 47 52 9 37	 => 190
 30 37 9 50 33 31	 => 190
 32 31 33 53 3 38	 => 190
 47 28 6 21 36 52	 => 190
 9 52 36 16 27 50	 => 190
 33 50 27 19 8 53	 => 190


===================[TEST 99]===================

##### START ##### Thu May 22 16:46:47 2003



##### CONVERGE ##### Thu May 22 16:47:53 2003

Elapsed time: 66 seconds
Total loop: 115 generations

Result : 187.306

18 2 52 43 49 25 5 26 30 54 4 51 33 17 6 23 53 12 31 27 42 13 32 50 10 9 21 47 36 20 37 14 38 16 48 40 11 8 1 46 39 44 35 45 41 29 15 7 19 34 3 28 24 22 

 18 2 52 43 49 25	 => 189
 5 25 49 26 30 54	 => 189
 4 54 30 51 33 17	 => 189
 52 6 23 53 12 43	 => 189
 49 43 12 31 27 26	 => 188
 30 26 27 42 13 51	 => 189
 33 51 13 32 50 10	 => 189
 23 9 21 47 36 53	 => 189
 12 53 36 20 37 31	 => 189
 27 31 37 14 38 42	 => 189
 13 42 38 16 48 32	 => 189
 50 32 48 40 11 8	 => 189
 36 47 1 46 39 20	 => 189
 37 20 39 44 35 14	 => 189
 38 14 35 45 41 16	 => 189
 48 16 41 29 15 40	 => 189
 39 46 7 19 34 44	 => 189
 35 44 34 3 28 45	 => 189
 41 45 28 24 22 29	 => 189


===================[TEST 100]===================

##### START ##### Thu May 22 16:47:53 2003



##### CONVERGE ##### Thu May 22 16:49:12 2003

Elapsed time: 79 seconds
Total loop: 139 generations

Result : 187.64

10 4 42 49 43 41 7 18 47 34 8 53 22 26 1 50 35 13 30 37 19 16 52 38 9 23 5 31 46 21 45 33 25 24 54 29 2 15 14 51 27 44 20 40 48 32 3 12 17 39 11 36 6 28 

 10 4 42 49 43 41	 => 189
 7 41 43 18 47 34	 => 190
 8 34 47 53 22 26	 => 190
 42 1 50 35 13 49	 => 190
 43 49 13 30 37 18	 => 190
 47 18 37 19 16 53	 => 190
 22 53 16 52 38 9	 => 190
 50 23 5 31 46 35	 => 190
 13 35 46 21 45 30	 => 190
 37 30 45 33 25 19	 => 189
 16 19 25 24 54 52	 => 190
 38 52 54 29 2 15	 => 190
 46 31 14 51 27 21	 => 190
 45 21 27 44 20 33	 => 190
 25 33 20 40 48 24	 => 190
 54 24 48 32 3 29	 => 190
 27 51 12 17 39 44	 => 190
 20 44 39 11 36 40	 => 190
 48 40 36 6 28 32	 => 190



test#	fitness		sum		time
---------------------------------------------------
1	187.215				66
2	188.412				63
3	188.412				56
4	188.412				100
5	187.501				94
6	187.64				87
7	187.412				48
8	188.163				84
9	187.64				73
10	187.85				77
11	190		190		99
12	187.478				76
13	188.412				83
14	187.412				63
15	188.412				72
16	187.306				60
17	188.306				66
18	187.412				67
19	187.306				85
20	188.306				51
21	186.64				54
22	187.85				89
23	188.412				87
24	188.412				69
25	187.087				56
26	187.85				82
27	187.306				79
28	187.478				86
29	186.85				57
30	187.85				99
31	188.412				90
32	188.306				91
33	188.412				81
34	187.85				66
35	188.412				99
36	186.85				49
37	190		190		90
38	188.163				83
39	187.85				59
40	188.412				50
41	187.412				75
42	187.794				118
43	188.306				75
44	188.306				107
45	188.163				70
46	187.501				56
47	187.794				69
48	190		190		54
49	187.64				69
50	187.85				75
51	187.412				57
52	187.85				90
53	186.64				63
54	187.64				70
55	188.412				76
56	187.616				78
57	188.306				72
58	186.85				68
59	187.85				74
60	187.215				60
61	188.306				60
62	187.85				61
63	188.412				77
64	187.85				75
65	188.306				54
66	187.478				68
67	187.85				76
68	187.616				76
69	187.478				73
70	187		187		40
71	187.412				67
72	188.306				93
73	187.163				87
74	188.163				72
75	187.412				77
76	186.794				66
77	186.268				57
78	189		189		67
79	187.64				70
80	187.794				75
81	187.616				74
82	187.64				102
83	188.306				69
84	188.163				87
85	187.794				58
86	188.163				92
87	188.412				81
88	188.306				82
89	187.85				81
90	187.85				77
91	188.306				76
92	187.85				86
93	188.306				71
94	187.64				64
95	186.85				64
96	187.501				113
97	190		190		65
98	188.412				77
99	187.306				66
100	187.64				79


---------------------------------------------------
Best fitness      : 190 ( test# 11)
Best solution sum : 190 ( test# 11)
Shortest time     : 40 ( test# 70)

Average fitness   : 187.88
Average sol. sum  : 189.333
Average time      : 74.17
