****************** GA TEST *******************

total test#:			 5
hexa min width:			 3
hexa max width:			 7
hexa count:			 43
number count:			 110
population size:		 130
generation size:		 60

tournament winner p:		 1
do xover p:			 0.8
xover:				 2points
do mutation1 p:			 0.1
mutation1 p:			 0.05
do optimize p:			 0.65
local optimize count:		 20000
do deep better optimize p:	 1
do deep worse optimize p:	 0
do spin p:			 0
spin count:			 1000
do spin apply p:		 1
do mutation2 p:			 0.12
mutation2 p:			 0.08
force mutation2:		 0
replace bad p:			 0.195

converge rate p:		 0.99
converge count:			 1

**********************************************


===================[TEST 1]===================

##### START ##### Fri May 23 00:49:24 2003



##### CONVERGE ##### Fri May 23 01:07:51 2003

Elapsed time: 1107 seconds
Total loop: 76 generations

Result : 355.247

44 6 83 103 86 39 59 63 85 29 10 97 104 36 3 55 102 15 68 26 89 1 40 96 23 77 65 9 53 69 54 42 82 90 58 87 75 5 45 88 60 94 38 99 62 34 100 13 43 70 73 51 4 8 16 79 110 48 11 95 56 17 91 78 35 49 92 14 107 24 28 22 74 52 81 61 50 105 21 76 101 93 12 25 80 108 32 27 98 19 72 67 18 7 30 47 64 109 31 84 57 106 41 33 37 71 20 46 66 2 

 44 6 83 103 86 39	 => 361
 59 39 86 63 85 29	 => 361
 10 29 85 97 104 36	 => 361
 83 3 55 102 15 103	 => 361
 86 103 15 68 26 63	 => 361
 85 63 26 89 1 97	 => 361
 104 97 1 40 96 23	 => 361
 55 77 65 9 53 102	 => 361
 15 102 53 69 54 68	 => 361
 26 68 54 42 82 89	 => 361
 1 89 82 90 58 40	 => 360
 96 40 58 87 75 5	 => 361
 65 45 88 60 94 9	 => 361
 53 9 94 38 99 69	 => 362
 54 69 99 62 34 42	 => 360
 82 42 34 100 13 90	 => 361
 58 90 13 43 70 87	 => 361
 75 87 70 73 51 4	 => 360
 88 8 16 79 110 60	 => 361
 94 60 110 48 11 38	 => 361
 99 38 11 95 56 62	 => 361
 34 62 56 17 91 100	 => 360
 13 100 91 78 35 43	 => 360
 70 43 35 49 92 73	 => 362
 51 73 92 14 107 24	 => 361
 110 79 28 22 74 48	 => 361
 11 48 74 52 81 95	 => 361
 56 95 81 61 50 17	 => 360
 91 17 50 105 21 78	 => 362
 35 78 21 76 101 49	 => 360
 92 49 101 93 12 14	 => 361
 74 22 25 80 108 52	 => 361
 81 52 108 32 27 61	 => 361
 50 61 27 98 19 105	 => 360
 21 105 19 72 67 76	 => 360
 101 76 67 18 7 93	 => 362
 108 80 30 47 64 32	 => 361
 27 32 64 109 31 98	 => 361
 19 98 31 84 57 72	 => 361
 67 72 57 106 41 18	 => 361
 64 47 33 37 71 109	 => 361
 31 109 71 20 46 84	 => 361
 57 84 46 66 2 106	 => 361


===================[TEST 2]===================

##### START ##### Fri May 23 01:07:51 2003



##### CONVERGE ##### Fri May 23 01:36:39 2003

Elapsed time: 1728 seconds
Total loop: 119 generations

Result : 359.762

20 7 105 32 100 99 3 44 96 21 46 103 83 15 37 74 31 85 75 28 80 14 60 66 38 17 82 110 50 16 107 9 65 89 55 88 84 11 10 12 101 49 35 104 34 94 30 77 51 4 90 73 25 26 19 97 109 6 64 86 41 56 108 76 22 95 102 29 27 43 8 57 87 63 58 53 71 52 1 91 79 54 5 48 70 39 92 59 23 106 45 69 47 24 2 93 68 81 40 78 72 98 33 13 67 42 61 62 18 36 

 20 7 105 32 100 99	 => 363
 3 99 100 44 96 21	 => 363
 46 21 96 103 83 15	 => 364
 105 37 74 31 85 32	 => 364
 100 32 85 75 28 44	 => 364
 96 44 28 80 14 103	 => 365
 83 103 14 60 66 38	 => 364
 74 17 82 110 50 31	 => 364
 85 31 50 16 107 75	 => 364
 28 75 107 9 65 80	 => 364
 14 80 65 89 55 60	 => 363
 66 60 55 88 84 11	 => 364
 82 10 12 101 49 110	 => 364
 50 110 49 35 104 16	 => 364
 107 16 104 34 94 9	 => 364
 65 9 94 30 77 89	 => 364
 55 89 77 51 4 88	 => 364
 84 88 4 90 73 25	 => 364
 12 26 19 97 109 101	 => 364
 49 101 109 6 64 35	 => 364
 104 35 64 86 41 34	 => 364
 94 34 41 56 108 30	 => 363
 77 30 108 76 22 51	 => 364
 4 51 22 95 102 90	 => 364
 73 90 102 29 27 43	 => 364
 109 97 8 57 87 6	 => 364
 64 6 87 63 58 86	 => 364
 41 86 58 53 71 56	 => 365
 108 56 71 52 1 76	 => 364
 22 76 1 91 79 95	 => 364
 102 95 79 54 5 29	 => 364
 87 57 48 70 39 63	 => 364
 58 63 39 92 59 53	 => 364
 71 53 59 23 106 52	 => 364
 1 52 106 45 69 91	 => 364
 79 91 69 47 24 54	 => 364
 39 70 2 93 68 92	 => 364
 59 92 68 81 40 23	 => 363
 106 23 40 78 72 45	 => 364
 69 45 72 98 33 47	 => 364
 68 93 13 67 42 81	 => 364
 40 81 42 61 62 78	 => 364
 72 78 62 18 36 98	 => 364


===================[TEST 3]===================

##### START ##### Fri May 23 01:36:39 2003



##### CONVERGE ##### Fri May 23 02:00:04 2003

Elapsed time: 1405 seconds
Total loop: 97 generations

Result : 357.353

47 1 68 97 90 59 60 31 108 13 19 54 109 58 24 41 36 95 27 21 99 49 56 74 20 55 43 94 93 8 103 96 16 67 75 72 62 23 28 88 52 57 29 80 12 64 79 40 2 105 66 50 7 34 17 87 84 38 102 86 53 81 73 78 89 18 82 107 51 6 37 91 25 85 26 83 33 65 32 45 100 39 15 71 76 14 48 106 5 70 46 104 44 30 22 110 92 69 42 101 98 61 9 11 3 77 10 63 4 35 

 47 1 68 97 90 59	 => 362
 60 59 90 31 108 13	 => 361
 19 13 108 54 109 58	 => 361
 68 24 41 36 95 97	 => 361
 90 97 95 27 21 31	 => 361
 108 31 21 99 49 54	 => 362
 109 54 49 56 74 20	 => 362
 41 55 43 94 93 36	 => 362
 95 36 93 8 103 27	 => 362
 21 27 103 96 16 99	 => 362
 49 99 16 67 75 56	 => 362
 74 56 75 72 62 23	 => 362
 43 28 88 52 57 94	 => 362
 93 94 57 29 80 8	 => 361
 103 8 80 12 64 96	 => 363
 16 96 64 79 40 67	 => 362
 75 67 40 2 105 72	 => 361
 62 72 105 66 50 7	 => 362
 88 34 17 87 84 52	 => 362
 57 52 84 38 102 29	 => 362
 80 29 102 86 53 12	 => 362
 64 12 53 81 73 79	 => 362
 40 79 73 78 89 2	 => 361
 105 2 89 18 82 66	 => 362
 50 66 82 107 51 6	 => 362
 84 87 37 91 25 38	 => 362
 102 38 25 85 26 86	 => 362
 53 86 26 83 33 81	 => 362
 73 81 33 65 32 78	 => 362
 89 78 32 45 100 18	 => 362
 82 18 100 39 15 107	 => 361
 25 91 71 76 14 85	 => 362
 26 85 14 48 106 83	 => 362
 33 83 106 5 70 65	 => 362
 32 65 70 46 104 45	 => 362
 100 45 104 44 30 39	 => 362
 14 76 22 110 92 48	 => 362
 106 48 92 69 42 5	 => 362
 70 5 42 101 98 46	 => 362
 104 46 98 61 9 44	 => 362
 92 110 11 3 77 69	 => 362
 42 69 77 10 63 101	 => 362
 98 101 63 4 35 61	 => 362


===================[TEST 4]===================

##### START ##### Fri May 23 02:00:05 2003



##### CONVERGE ##### Fri May 23 02:19:50 2003

Elapsed time: 1185 seconds
Total loop: 81 generations

Result : 358.58

21 42 32 105 56 107 2 43 94 61 12 75 101 20 9 45 72 99 47 13 102 36 55 92 4 16 103 31 95 15 35 79 87 33 50 57 98 10 30 23 85 91 25 106 63 65 58 41 100 82 11 110 5 27 76 71 81 62 19 64 86 18 73 83 8 78 84 89 24 44 14 38 97 54 67 74 53 40 96 39 59 51 3 6 108 60 28 80 46 70 69 49 88 77 7 66 93 68 48 104 26 109 22 29 17 90 1 52 37 34 

 21 42 32 105 56 107	 => 363
 2 107 56 43 94 61	 => 363
 12 61 94 75 101 20	 => 363
 32 9 45 72 99 105	 => 362
 56 105 99 47 13 43	 => 363
 94 43 13 102 36 75	 => 363
 101 75 36 55 92 4	 => 363
 45 16 103 31 95 72	 => 362
 99 72 95 15 35 47	 => 363
 13 47 35 79 87 102	 => 363
 36 102 87 33 50 55	 => 363
 92 55 50 57 98 10	 => 362
 103 30 23 85 91 31	 => 363
 95 31 91 25 106 15	 => 363
 35 15 106 63 65 79	 => 363
 87 79 65 58 41 33	 => 363
 50 33 41 100 82 57	 => 363
 98 57 82 11 110 5	 => 363
 23 27 76 71 81 85	 => 363
 91 85 81 62 19 25	 => 363
 106 25 19 64 86 63	 => 363
 65 63 86 18 73 58	 => 363
 41 58 73 83 8 100	 => 363
 82 100 8 78 84 11	 => 363
 110 11 84 89 24 44	 => 362
 81 71 14 38 97 62	 => 363
 19 62 97 54 67 64	 => 363
 86 64 67 74 53 18	 => 362
 73 18 53 40 96 83	 => 363
 8 83 96 39 59 78	 => 363
 84 78 59 51 3 89	 => 364
 97 38 6 108 60 54	 => 363
 67 54 60 28 80 74	 => 363
 53 74 80 46 70 40	 => 363
 96 40 70 69 49 39	 => 363
 59 39 49 88 77 51	 => 363
 60 108 7 66 93 28	 => 362
 80 28 93 68 48 46	 => 363
 70 46 48 104 26 69	 => 363
 49 69 26 109 22 88	 => 363
 93 66 29 17 90 68	 => 363
 48 68 90 1 52 104	 => 363
 26 104 52 37 34 109	 => 362


===================[TEST 5]===================

##### START ##### Fri May 23 02:19:50 2003



##### CONVERGE ##### Fri May 23 02:36:23 2003

Elapsed time: 993 seconds
Total loop: 68 generations

Result : 360.258

6 42 102 99 29 87 12 78 49 110 28 76 89 13 32 16 91 25 41 93 19 51 106 17 27 33 79 86 60 65 84 73 55 95 40 100 88 14 3 105 85 7 50 97 38 9 71 63 20 47 35 92 4 23 8 43 101 77 45 61 75 62 109 36 66 90 107 54 53 24 2 39 103 21 58 57 52 96 10 80 83 30 1 26 82 94 67 68 81 11 70 98 59 15 5 48 69 37 44 104 56 64 18 108 31 72 34 74 46 22 

 6 42 102 99 29 87	 => 365
 12 87 29 78 49 110	 => 365
 28 110 49 76 89 13	 => 365
 102 32 16 91 25 99	 => 365
 29 99 25 41 93 78	 => 365
 49 78 93 19 51 76	 => 366
 89 76 51 106 17 27	 => 366
 16 33 79 86 60 91	 => 365
 25 91 60 65 84 41	 => 366
 93 41 84 73 55 19	 => 365
 51 19 55 95 40 106	 => 366
 17 106 40 100 88 14	 => 365
 79 3 105 85 7 86	 => 365
 60 86 7 50 97 65	 => 365
 84 65 97 38 9 73	 => 366
 55 73 9 71 63 95	 => 366
 40 95 63 20 47 100	 => 365
 88 100 47 35 92 4	 => 366
 105 23 8 43 101 85	 => 365
 7 85 101 77 45 50	 => 365
 97 50 45 61 75 38	 => 366
 9 38 75 62 109 71	 => 364
 63 71 109 36 66 20	 => 365
 47 20 66 90 107 35	 => 365
 92 35 107 54 53 24	 => 365
 101 43 2 39 103 77	 => 365
 45 77 103 21 58 61	 => 365
 75 61 58 57 52 62	 => 365
 109 62 52 96 10 36	 => 365
 66 36 10 80 83 90	 => 365
 107 90 83 30 1 54	 => 365
 103 39 26 82 94 21	 => 365
 58 21 94 67 68 57	 => 365
 52 57 68 81 11 96	 => 365
 10 96 11 70 98 80	 => 365
 83 80 98 59 15 30	 => 365
 94 82 5 48 69 67	 => 365
 68 67 69 37 44 81	 => 366
 11 81 44 104 56 70	 => 366
 98 70 56 64 18 59	 => 365
 69 48 108 31 72 37	 => 365
 44 37 72 34 74 104	 => 365
 56 104 74 46 22 64	 => 366



test#	fitness		sum		time
---------------------------------------------------
1	355.247				1107
2	359.762				1728
3	357.353				1405
4	358.58				1185
5	360.258				993


---------------------------------------------------
Best fitness      : 360.258 ( test# 5)
Shortest time     : 993 ( test# 5)

Average fitness   : 358.24
Average time      : 1283.6
