****************** GA TEST *******************

total test#:			 5
hexa min width:			 3
hexa max width:			 7
hexa count:			 43
number count:			 110
population size:		 140
generation size:		 60

tournament winner p:		 1
do xover p:			 0.85
xover:				 2points
do mutation1 p:			 0.1
mutation1 p:			 0.05
do optimize p:			 0.65
local optimize count:		 20000
do deep better optimize p:	 1
do deep worse optimize p:	 0
do spin p:			 0
spin count:			 1000
do spin apply p:		 1
do mutation2 p:			 0.12
mutation2 p:			 0.08
force mutation2:		 0
replace bad p:			 0.195

converge rate p:		 0.99
converge count:			 1

**********************************************


===================[TEST 1]===================

##### START ##### Fri May 23 02:36:24 2003



##### CONVERGE ##### Fri May 23 03:08:11 2003

Elapsed time: 1907 seconds
Total loop: 133 generations

Result : 361.881

31 13 96 43 95 88 1 12 80 91 19 101 59 17 3 104 53 68 76 73 66 35 70 92 10 51 18 105 36 109 25 20 107 38 50 82 64 9 21 108 98 16 4 97 75 40 60 102 69 26 106 77 11 5 33 39 84 103 62 57 72 79 41 67 28 47 90 85 7 2 6 48 87 42 15 100 44 49 86 46 93 30 22 14 81 94 27 89 29 56 55 74 61 63 32 99 34 110 78 65 83 71 23 45 24 54 8 52 58 37 

 31 13 96 43 95 88	 => 366
 1 88 95 12 80 91	 => 367
 19 91 80 101 59 17	 => 367
 96 3 104 53 68 43	 => 367
 95 43 68 76 73 12	 => 367
 80 12 73 66 35 101	 => 367
 59 101 35 70 92 10	 => 367
 104 51 18 105 36 53	 => 367
 68 53 36 109 25 76	 => 367
 73 76 25 20 107 66	 => 367
 35 66 107 38 50 70	 => 366
 92 70 50 82 64 9	 => 367
 18 21 108 98 16 105	 => 366
 36 105 16 4 97 109	 => 367
 25 109 97 75 40 20	 => 366
 107 20 40 60 102 38	 => 367
 50 38 102 69 26 82	 => 367
 64 82 26 106 77 11	 => 366
 108 5 33 39 84 98	 => 367
 16 98 84 103 62 4	 => 367
 97 4 62 57 72 75	 => 367
 40 75 72 79 41 60	 => 367
 102 60 41 67 28 69	 => 367
 26 69 28 47 90 106	 => 366
 77 106 90 85 7 2	 => 367
 84 39 6 48 87 103	 => 367
 62 103 87 42 15 57	 => 366
 72 57 15 100 44 79	 => 367
 41 79 44 49 86 67	 => 366
 28 67 86 46 93 47	 => 367
 90 47 93 30 22 85	 => 367
 87 48 14 81 94 42	 => 366
 15 42 94 27 89 100	 => 367
 44 100 89 29 56 49	 => 367
 86 49 56 55 74 46	 => 366
 93 46 74 61 63 30	 => 367
 94 81 32 99 34 27	 => 367
 89 27 34 110 78 29	 => 367
 56 29 78 65 83 55	 => 366
 74 55 83 71 23 61	 => 367
 34 99 45 24 54 110	 => 366
 78 110 54 8 52 65	 => 367
 83 65 52 58 37 71	 => 366


===================[TEST 2]===================

##### START ##### Fri May 23 03:08:11 2003



##### CONVERGE ##### Fri May 23 03:30:18 2003

Elapsed time: 1327 seconds
Total loop: 92 generations

Result : 361.137

49 67 105 5 102 40 11 56 71 88 9 99 98 3 14 70 109 66 36 103 17 22 96 35 18 20 32 79 57 58 42 75 95 31 108 92 24 13 25 78 69 85 26 64 83 46 72 50 19 68 107 55 23 21 6 94 100 44 45 89 60 16 90 84 53 34 87 110 1 8 38 10 82 81 27 101 76 65 37 86 74 48 15 12 106 77 54 29 91 4 80 97 33 30 7 61 62 104 28 73 93 63 2 43 47 51 52 59 41 39 

 49 67 105 5 102 40	 => 368
 11 40 102 56 71 88	 => 368
 9 88 71 99 98 3	 => 368
 105 14 70 109 66 5	 => 369
 102 5 66 36 103 56	 => 368
 71 56 103 17 22 99	 => 368
 98 99 22 96 35 18	 => 368
 70 20 32 79 57 109	 => 367
 66 109 57 58 42 36	 => 368
 103 36 42 75 95 17	 => 368
 22 17 95 31 108 96	 => 369
 35 96 108 92 24 13	 => 368
 32 25 78 69 85 79	 => 368
 57 79 85 26 64 58	 => 369
 42 58 64 83 46 75	 => 368
 95 75 46 72 50 31	 => 369
 108 31 50 19 68 92	 => 368
 24 92 68 107 55 23	 => 369
 78 21 6 94 100 69	 => 368
 85 69 100 44 45 26	 => 369
 64 26 45 89 60 83	 => 367
 46 83 60 16 90 72	 => 367
 50 72 90 84 53 19	 => 368
 68 19 53 34 87 107	 => 368
 55 107 87 110 1 8	 => 368
 100 94 38 10 82 44	 => 368
 45 44 82 81 27 89	 => 368
 60 89 27 101 76 16	 => 369
 90 16 76 65 37 84	 => 368
 53 84 37 86 74 34	 => 368
 87 34 74 48 15 110	 => 368
 82 10 12 106 77 81	 => 368
 27 81 77 54 29 101	 => 369
 76 101 29 91 4 65	 => 366
 37 65 4 80 97 86	 => 369
 74 86 97 33 30 48	 => 368
 77 106 7 61 62 54	 => 367
 29 54 62 104 28 91	 => 368
 4 91 28 73 93 80	 => 369
 97 80 93 63 2 33	 => 368
 62 61 43 47 51 104	 => 368
 28 104 51 52 59 73	 => 367
 93 73 59 41 39 63	 => 368


===================[TEST 3]===================

##### START ##### Fri May 23 03:30:18 2003



##### CONVERGE ##### Fri May 23 03:55:53 2003

Elapsed time: 1535 seconds
Total loop: 107 generations

Result : 361.679

7 1 68 101 108 81 23 22 97 36 5 104 75 49 58 40 91 8 99 28 63 52 61 53 21 17 107 31 80 46 43 76 57 44 89 86 62 15 11 109 35 73 66 69 100 33 105 51 72 24 87 103 4 42 16 54 110 55 27 48 56 60 12 90 37 64 82 74 18 3 39 30 78 70 88 19 96 95 14 84 77 67 2 93 10 85 59 45 32 79 65 29 83 26 20 98 94 102 34 106 50 92 47 6 25 41 13 71 9 38 

 7 1 68 101 108 81	 => 366
 23 81 108 22 97 36	 => 367
 5 36 97 104 75 49	 => 366
 68 58 40 91 8 101	 => 366
 108 101 8 99 28 22	 => 366
 97 22 28 63 52 104	 => 366
 75 104 52 61 53 21	 => 366
 40 17 107 31 80 91	 => 366
 8 91 80 46 43 99	 => 367
 28 99 43 76 57 63	 => 366
 52 63 57 44 89 61	 => 366
 53 61 89 86 62 15	 => 366
 107 11 109 35 73 31	 => 366
 80 31 73 66 69 46	 => 365
 43 46 69 100 33 76	 => 367
 57 76 33 105 51 44	 => 366
 89 44 51 72 24 86	 => 366
 62 86 24 87 103 4	 => 366
 109 42 16 54 110 35	 => 366
 73 35 110 55 27 66	 => 366
 69 66 27 48 56 100	 => 366
 33 100 56 60 12 105	 => 366
 51 105 12 90 37 72	 => 367
 24 72 37 64 82 87	 => 366
 103 87 82 74 18 3	 => 367
 110 54 39 30 78 55	 => 366
 27 55 78 70 88 48	 => 366
 56 48 88 19 96 60	 => 367
 12 60 96 95 14 90	 => 367
 37 90 14 84 77 64	 => 366
 82 64 77 67 2 74	 => 366
 78 30 93 10 85 70	 => 366
 88 70 85 59 45 19	 => 366
 96 19 45 32 79 95	 => 366
 14 95 79 65 29 84	 => 366
 77 84 29 83 26 67	 => 366
 85 10 20 98 94 59	 => 366
 45 59 94 102 34 32	 => 366
 79 32 34 106 50 65	 => 366
 29 65 50 92 47 83	 => 366
 94 98 6 25 41 102	 => 366
 34 102 41 13 71 106	 => 367
 50 106 71 9 38 92	 => 366


===================[TEST 4]===================

##### START ##### Fri May 23 03:55:53 2003



##### CONVERGE ##### Fri May 23 04:17:26 2003

Elapsed time: 1293 seconds
Total loop: 90 generations

Result : 359.337

18 64 97 82 63 40 12 68 110 70 8 78 88 9 20 104 28 33 86 32 4 72 101 22 3 5 45 83 99 11 107 43 92 30 65 77 62 36 2 108 109 16 49 106 87 10 93 96 59 37 84 38 66 27 17 23 80 103 7 94 21 98 55 26 35 44 105 71 31 34 46 60 51 95 14 75 61 39 85 74 100 15 29 1 90 67 56 57 79 53 24 89 73 13 41 58 52 50 69 48 91 81 6 47 54 102 19 76 25 42 

 18 64 97 82 63 40	 => 364
 12 40 63 68 110 70	 => 363
 8 70 110 78 88 9	 => 363
 97 20 104 28 33 82	 => 364
 63 82 33 86 32 68	 => 364
 110 68 32 4 72 78	 => 364
 88 78 72 101 22 3	 => 364
 104 5 45 83 99 28	 => 364
 33 28 99 11 107 86	 => 364
 32 86 107 43 92 4	 => 364
 72 4 92 30 65 101	 => 364
 22 101 65 77 62 36	 => 363
 45 2 108 109 16 83	 => 363
 99 83 16 49 106 11	 => 364
 107 11 106 87 10 43	 => 364
 92 43 10 93 96 30	 => 364
 65 30 96 59 37 77	 => 364
 62 77 37 84 38 66	 => 364
 108 27 17 23 80 109	 => 364
 16 109 80 103 7 49	 => 364
 106 49 7 94 21 87	 => 364
 10 87 21 98 55 93	 => 364
 96 93 55 26 35 59	 => 364
 37 59 35 44 105 84	 => 364
 38 84 105 71 31 34	 => 363
 80 23 46 60 51 103	 => 363
 7 103 51 95 14 94	 => 364
 21 94 14 75 61 98	 => 363
 55 98 61 39 85 26	 => 364
 35 26 85 74 100 44	 => 364
 105 44 100 15 29 71	 => 364
 51 60 1 90 67 95	 => 364
 14 95 67 56 57 75	 => 364
 61 75 57 79 53 39	 => 364
 85 39 53 24 89 74	 => 364
 100 74 89 73 13 15	 => 364
 67 90 41 58 52 56	 => 364
 57 56 52 50 69 79	 => 363
 53 79 69 48 91 24	 => 364
 89 24 91 81 6 73	 => 364
 52 58 47 54 102 50	 => 363
 69 50 102 19 76 48	 => 364
 91 48 76 25 42 81	 => 363


===================[TEST 5]===================

##### START ##### Fri May 23 04:17:27 2003



##### CONVERGE ##### Fri May 23 04:41:54 2003

Elapsed time: 1467 seconds
Total loop: 101 generations

Result : 359.417

21 10 93 100 80 61 1 41 99 84 11 96 55 20 9 2 109 52 43 50 12 66 60 74 14 83 13 105 53 5 102 49 110 37 81 101 31 18 22 107 26 92 38 72 73 65 36 67 45 34 69 91 40 51 59 15 108 76 25 62 95 29 68 64 86 27 104 89 8 4 48 28 90 79 33 71 75 82 47 78 63 44 39 46 19 103 56 23 97 17 54 87 16 77 35 58 94 88 7 85 106 70 32 3 24 98 30 57 6 42 

 21 10 93 100 80 61	 => 365
 1 61 80 41 99 84	 => 366
 11 84 99 96 55 20	 => 365
 93 9 2 109 52 100	 => 365
 80 100 52 43 50 41	 => 366
 99 41 50 12 66 96	 => 364
 55 96 66 60 74 14	 => 365
 2 83 13 105 53 109	 => 365
 52 109 53 5 102 43	 => 364
 50 43 102 49 110 12	 => 366
 66 12 110 37 81 60	 => 366
 74 60 81 101 31 18	 => 365
 13 22 107 26 92 105	 => 365
 53 105 92 38 72 5	 => 365
 102 5 72 73 65 49	 => 366
 110 49 65 36 67 37	 => 364
 81 37 67 45 34 101	 => 365
 31 101 34 69 91 40	 => 366
 107 51 59 15 108 26	 => 366
 92 26 108 76 25 38	 => 365
 72 38 25 62 95 73	 => 365
 65 73 95 29 68 36	 => 366
 67 36 68 64 86 45	 => 366
 34 45 86 27 104 69	 => 365
 91 69 104 89 8 4	 => 365
 108 15 48 28 90 76	 => 365
 25 76 90 79 33 62	 => 365
 95 62 33 71 75 29	 => 365
 68 29 75 82 47 64	 => 365
 86 64 47 78 63 27	 => 365
 104 27 63 44 39 89	 => 366
 90 28 46 19 103 79	 => 365
 33 79 103 56 23 71	 => 365
 75 71 23 97 17 82	 => 365
 47 82 17 54 87 78	 => 365
 63 78 87 16 77 44	 => 365
 103 19 35 58 94 56	 => 365
 23 56 94 88 7 97	 => 365
 17 97 7 85 106 54	 => 366
 87 54 106 70 32 16	 => 365
 94 58 3 24 98 88	 => 365
 7 88 98 30 57 85	 => 365
 106 85 57 6 42 70	 => 366



test#	fitness		sum		time
---------------------------------------------------
1	361.881				1907
2	361.137				1327
3	361.679				1535
4	359.337				1293
5	359.417				1467


---------------------------------------------------
Best fitness      : 361.881 ( test# 1)
Shortest time     : 1293 ( test# 4)

Average fitness   : 360.69
Average time      : 1505.8
