****************** GA TEST *******************

total test#:			 10
hexa min width:			 3
hexa max width:			 6
hexa count:			 30
number count:			 80
population size:		 120
generation size:		 50

tournament winner p:		 0.9
do xover p:			 1
xover:				 2points
do mutation1 p:			 0.2
mutation1 p:			 0.05
do optimize p:			 1
local optimize count:		 20000
do deep better optimize p:	 1
do deep worse optimize p:	 0
do spin p:			 0
spin count:			 1000
do spin apply p:		 1
do mutation2 p:			 0.2
mutation2 p:			 0.04
force mutation2:		 0
replace bad p:			 0.3

converge rate p:		 0.99
converge count:			 1

**********************************************


===================[TEST 1]===================

##### START ##### Sun May 18 05:07:47 2003



##### CONVERGE ##### Sun May 18 06:15:22 2003

Elapsed time: 4055 seconds
Total loop: 276 generations

Result : 275.5

8 20 61 72 69 49 5 53 80 23 14 78 77 7 2 40 73 31 39 15 25 28 68 24 4 6 59 66 35 26 75 54 70 42 45 74 56 12 9 17 52 76 44 32 43 48 47 18 36 64 50 16 19 1 41 65 38 57 21 62 37 79 46 3 10 58 67 63 33 71 55 51 11 34 27 30 22 60 13 29 

 8 20 61 72 69 49	 => 279
 5 49 69 53 80 23	 => 279
 14 23 80 78 77 7	 => 279
 61 2 40 73 31 72	 => 279
 69 72 31 39 15 53	 => 279
 80 53 15 25 28 78	 => 279
 77 78 28 68 24 4	 => 279
 40 6 59 66 35 73	 => 279
 31 73 35 26 75 39	 => 279
 15 39 75 54 70 25	 => 278
 28 25 70 42 45 68	 => 278
 24 68 45 74 56 12	 => 279
 59 9 17 52 76 66	 => 279
 35 66 76 44 32 26	 => 279
 75 26 32 43 48 54	 => 278
 70 54 48 47 18 42	 => 279
 45 42 18 36 64 74	 => 279
 56 74 64 50 16 19	 => 279
 76 52 1 41 65 44	 => 279
 32 44 65 38 57 43	 => 279
 48 43 57 21 62 47	 => 278
 18 47 62 37 79 36	 => 279
 64 36 79 46 3 50	 => 278
 65 41 10 58 67 38	 => 279
 57 38 67 63 33 21	 => 279
 62 21 33 71 55 37	 => 279
 79 37 55 51 11 46	 => 279
 67 58 34 27 30 63	 => 279
 33 63 30 22 60 71	 => 279
 55 71 60 13 29 51	 => 279


===================[TEST 2]===================

##### START ##### Sun May 18 06:15:22 2003



##### CONVERGE ##### Sun May 18 06:39:51 2003

Elapsed time: 1469 seconds
Total loop: 100 generations

Result : 270.833

54 6 61 79 23 51 9 57 60 74 17 71 34 18 10 48 62 14 69 32 11 44 77 40 8 3 59 67 35 28 66 43 53 25 64 41 52 1 22 21 36 70 55 19 68 50 65 38 26 80 72 2 27 5 63 46 37 49 12 30 42 73 16 7 15 39 75 45 56 58 76 47 20 24 13 78 4 33 31 29 

 54 6 61 79 23 51	 => 274
 9 51 23 57 60 74	 => 274
 17 74 60 71 34 18	 => 274
 61 10 48 62 14 79	 => 274
 23 79 14 69 32 57	 => 274
 60 57 32 11 44 71	 => 275
 34 71 44 77 40 8	 => 274
 48 3 59 67 35 62	 => 274
 14 62 35 28 66 69	 => 274
 32 69 66 43 53 11	 => 274
 44 11 53 25 64 77	 => 274
 40 77 64 41 52 1	 => 275
 59 22 21 36 70 67	 => 275
 35 67 70 55 19 28	 => 274
 66 28 19 68 50 43	 => 274
 53 43 50 65 38 25	 => 274
 64 25 38 26 80 41	 => 274
 52 41 80 72 2 27	 => 274
 70 36 5 63 46 55	 => 275
 19 55 46 37 49 68	 => 274
 50 68 49 12 30 65	 => 274
 38 65 30 42 73 26	 => 274
 80 26 73 16 7 72	 => 274
 46 63 15 39 75 37	 => 275
 49 37 75 45 56 12	 => 274
 30 12 56 58 76 42	 => 274
 73 42 76 47 20 16	 => 274
 75 39 24 13 78 45	 => 274
 56 45 78 4 33 58	 => 274
 76 58 33 31 29 47	 => 274


===================[TEST 3]===================

##### START ##### Sun May 18 06:39:51 2003



##### CONVERGE ##### Sun May 18 07:22:36 2003

Elapsed time: 2565 seconds
Total loop: 175 generations

Result : 274.217

1 14 52 79 77 54 17 13 70 46 3 76 71 11 2 15 73 56 21 31 53 34 42 49 4 7 67 72 43 19 65 68 39 50 58 74 29 25 20 5 44 69 38 35 57 33 61 26 24 45 66 36 27 18 48 60 40 47 16 63 28 75 59 8 10 55 64 80 30 78 62 41 12 9 37 32 6 51 23 22 

 1 14 52 79 77 54	 => 277
 17 54 77 13 70 46	 => 277
 3 46 70 76 71 11	 => 277
 52 2 15 73 56 79	 => 277
 77 79 56 21 31 13	 => 277
 70 13 31 53 34 76	 => 277
 71 76 34 42 49 4	 => 276
 15 7 67 72 43 73	 => 277
 56 73 43 19 65 21	 => 277
 31 21 65 68 39 53	 => 277
 34 53 39 50 58 42	 => 276
 49 42 58 74 29 25	 => 277
 67 20 5 44 69 72	 => 277
 43 72 69 38 35 19	 => 276
 65 19 35 57 33 68	 => 277
 39 68 33 61 26 50	 => 277
 58 50 26 24 45 74	 => 277
 29 74 45 66 36 27	 => 277
 69 44 18 48 60 38	 => 277
 35 38 60 40 47 57	 => 277
 33 57 47 16 63 61	 => 277
 26 61 63 28 75 24	 => 277
 45 24 75 59 8 66	 => 277
 60 48 10 55 64 40	 => 277
 47 40 64 80 30 16	 => 277
 63 16 30 78 62 28	 => 277
 75 28 62 41 12 59	 => 277
 64 55 9 37 32 80	 => 277
 30 80 32 6 51 78	 => 277
 62 78 51 23 22 41	 => 277


===================[TEST 4]===================

##### START ##### Sun May 18 07:22:36 2003



##### CONVERGE ##### Sun May 18 08:18:11 2003

Elapsed time: 3335 seconds
Total loop: 227 generations

Result : 274.093

4 23 59 72 66 53 11 17 57 74 42 75 20 9 2 15 79 50 41 31 67 30 80 34 38 25 49 64 45 35 27 63 48 24 28 70 62 3 21 8 65 71 26 36 69 47 52 43 44 68 58 6 13 5 32 78 29 39 16 55 37 46 60 1 7 54 77 76 40 56 73 51 10 19 18 33 12 61 22 14 

 4 23 59 72 66 53	 => 277
 11 53 66 17 57 74	 => 278
 42 74 57 75 20 9	 => 277
 59 2 15 79 50 72	 => 277
 66 72 50 41 31 17	 => 277
 57 17 31 67 30 75	 => 277
 20 75 30 80 34 38	 => 277
 15 25 49 64 45 79	 => 277
 50 79 45 35 27 41	 => 277
 31 41 27 63 48 67	 => 277
 30 67 48 24 28 80	 => 277
 34 80 28 70 62 3	 => 277
 49 21 8 65 71 64	 => 278
 45 64 71 26 36 35	 => 277
 27 35 36 69 47 63	 => 277
 48 63 47 52 43 24	 => 277
 28 24 43 44 68 70	 => 277
 62 70 68 58 6 13	 => 277
 71 65 5 32 78 26	 => 277
 36 26 78 29 39 69	 => 277
 47 69 39 16 55 52	 => 278
 43 52 55 37 46 44	 => 277
 68 44 46 60 1 58	 => 277
 78 32 7 54 77 29	 => 277
 39 29 77 76 40 16	 => 277
 55 16 40 56 73 37	 => 277
 46 37 73 51 10 60	 => 277
 77 54 19 18 33 76	 => 277
 40 76 33 12 61 56	 => 278
 73 56 61 22 14 51	 => 277


===================[TEST 5]===================

##### START ##### Sun May 18 08:18:11 2003



##### CONVERGE ##### Sun May 18 09:02:18 2003

Elapsed time: 2647 seconds
Total loop: 180 generations

Result : 273.428

5 14 78 52 80 46 11 22 74 42 2 77 55 25 1 24 76 44 62 15 21 66 40 32 6 13 70 73 19 27 47 58 72 9 67 79 45 12 3 31 37 61 56 39 36 68 48 20 59 41 65 10 35 4 57 60 33 51 38 34 50 64 28 18 7 69 49 75 29 71 53 63 17 43 23 16 30 54 8 26 

 5 14 78 52 80 46	 => 275
 11 46 80 22 74 42	 => 275
 2 42 74 77 55 25	 => 275
 78 1 24 76 44 52	 => 275
 80 52 44 62 15 22	 => 275
 74 22 15 21 66 77	 => 275
 55 77 66 40 32 6	 => 276
 24 13 70 73 19 76	 => 275
 44 76 19 27 47 62	 => 275
 15 62 47 58 72 21	 => 275
 66 21 72 9 67 40	 => 275
 32 40 67 79 45 12	 => 275
 70 3 31 37 61 73	 => 275
 19 73 61 56 39 27	 => 275
 47 27 39 36 68 58	 => 275
 72 58 68 48 20 9	 => 275
 67 9 20 59 41 79	 => 275
 45 79 41 65 10 35	 => 275
 61 37 4 57 60 56	 => 275
 39 56 60 33 51 36	 => 275
 68 36 51 38 34 48	 => 275
 20 48 34 50 64 59	 => 275
 41 59 64 28 18 65	 => 275
 60 57 7 69 49 33	 => 275
 51 33 49 75 29 38	 => 275
 34 38 29 71 53 50	 => 275
 64 50 53 63 17 28	 => 275
 49 69 43 23 16 75	 => 275
 29 75 16 30 54 71	 => 275
 53 71 54 8 26 63	 => 275


===================[TEST 6]===================

##### START ##### Sun May 18 09:02:18 2003



##### CONVERGE ##### Sun May 18 09:34:54 2003

Elapsed time: 1956 seconds
Total loop: 133 generations

Result : 272.221

32 3 68 59 74 39 10 34 62 56 21 63 67 6 8 40 75 25 38 45 11 60 42 30 13 12 50 77 22 36 79 33 69 35 58 80 61 4 14 31 46 57 54 29 20 78 37 23 51 28 70 17 19 1 52 66 41 65 27 48 44 72 47 7 26 18 71 55 16 76 64 43 5 9 49 73 2 53 15 24 

 32 3 68 59 74 39	 => 275
 10 39 74 34 62 56	 => 275
 21 56 62 63 67 6	 => 275
 68 8 40 75 25 59	 => 275
 74 59 25 38 45 34	 => 275
 62 34 45 11 60 63	 => 275
 67 63 60 42 30 13	 => 275
 40 12 50 77 22 75	 => 276
 25 75 22 36 79 38	 => 275
 45 38 79 33 69 11	 => 275
 60 11 69 35 58 42	 => 275
 30 42 58 80 61 4	 => 275
 50 14 31 46 57 77	 => 275
 22 77 57 54 29 36	 => 275
 79 36 29 20 78 33	 => 275
 69 33 78 37 23 35	 => 275
 58 35 23 51 28 80	 => 275
 61 80 28 70 17 19	 => 275
 57 46 1 52 66 54	 => 276
 29 54 66 41 65 20	 => 275
 78 20 65 27 48 37	 => 275
 23 37 48 44 72 51	 => 275
 28 51 72 47 7 70	 => 275
 66 52 26 18 71 41	 => 274
 65 41 71 55 16 27	 => 275
 48 27 16 76 64 44	 => 275
 72 44 64 43 5 47	 => 275
 71 18 9 49 73 55	 => 275
 16 55 73 2 53 76	 => 275
 64 76 53 15 24 43	 => 275


===================[TEST 7]===================

##### START ##### Sun May 18 09:34:54 2003



##### CONVERGE ##### Sun May 18 09:58:31 2003

Elapsed time: 1417 seconds
Total loop: 96 generations

Result : 271.826

8 7 66 61 75 57 3 2 73 65 11 77 28 21 16 44 46 42 78 17 35 70 53 41 5 38 48 74 25 45 39 50 56 31 30 69 59 23 22 26 37 68 54 9 80 51 24 63 15 67 64 4 12 14 55 47 52 33 27 60 34 79 32 18 6 43 72 71 20 76 58 62 10 13 36 40 19 49 29 1 

 8 7 66 61 75 57	 => 274
 3 57 75 2 73 65	 => 275
 11 65 73 77 28 21	 => 275
 66 16 44 46 42 61	 => 275
 75 61 42 78 17 2	 => 275
 73 2 17 35 70 77	 => 274
 28 77 70 53 41 5	 => 274
 44 38 48 74 25 46	 => 275
 42 46 25 45 39 78	 => 275
 17 78 39 50 56 35	 => 275
 70 35 56 31 30 53	 => 275
 41 53 30 69 59 23	 => 275
 48 22 26 37 68 74	 => 275
 25 74 68 54 9 45	 => 275
 39 45 9 80 51 50	 => 274
 56 50 51 24 63 31	 => 275
 30 31 63 15 67 69	 => 275
 59 69 67 64 4 12	 => 275
 68 37 14 55 47 54	 => 275
 9 54 47 52 33 80	 => 275
 51 80 33 27 60 24	 => 275
 63 24 60 34 79 15	 => 275
 67 15 79 32 18 64	 => 275
 47 55 6 43 72 52	 => 275
 33 52 72 71 20 27	 => 275
 60 27 20 76 58 34	 => 275
 79 34 58 62 10 32	 => 275
 72 43 13 36 40 71	 => 275
 20 71 40 19 49 76	 => 275
 58 76 49 29 1 62	 => 275


===================[TEST 8]===================

##### START ##### Sun May 18 09:58:31 2003



##### CONVERGE ##### Sun May 18 10:46:12 2003

Elapsed time: 2861 seconds
Total loop: 194 generations

Result : 273.702

6 18 70 72 71 39 20 17 74 55 7 77 41 22 26 24 53 30 63 23 36 49 52 28 29 21 75 61 42 57 31 76 47 19 73 58 64 1 25 11 48 56 46 14 60 38 80 16 44 66 69 10 9 4 43 78 27 51 15 32 45 59 35 3 13 65 50 79 54 62 68 67 2 12 37 33 8 40 5 34 

 6 18 70 72 71 39	 => 276
 20 39 71 17 74 55	 => 276
 7 55 74 77 41 22	 => 276
 70 26 24 53 30 72	 => 275
 71 72 30 63 23 17	 => 276
 74 17 23 36 49 77	 => 276
 41 77 49 52 28 29	 => 276
 24 21 75 61 42 53	 => 276
 30 53 42 57 31 63	 => 276
 23 63 31 76 47 36	 => 276
 49 36 47 19 73 52	 => 276
 28 52 73 58 64 1	 => 276
 75 25 11 48 56 61	 => 276
 42 61 56 46 14 57	 => 276
 31 57 14 60 38 76	 => 276
 47 76 38 80 16 19	 => 276
 73 19 16 44 66 58	 => 276
 64 58 66 69 10 9	 => 276
 56 48 4 43 78 46	 => 275
 14 46 78 27 51 60	 => 276
 38 60 51 15 32 80	 => 276
 16 80 32 45 59 44	 => 276
 66 44 59 35 3 69	 => 276
 78 43 13 65 50 27	 => 276
 51 27 50 79 54 15	 => 276
 32 15 54 62 68 45	 => 276
 59 45 68 67 2 35	 => 276
 50 65 12 37 33 79	 => 276
 54 79 33 8 40 62	 => 276
 68 62 40 5 34 67	 => 276


===================[TEST 9]===================

##### START ##### Sun May 18 10:46:12 2003



##### CONVERGE ##### Sun May 18 11:36:43 2003

Elapsed time: 3031 seconds
Total loop: 205 generations

Result : 274.984

29 1 54 66 70 58 8 22 69 52 7 80 61 10 13 33 63 50 30 41 28 39 72 18 9 12 78 57 35 34 67 48 65 20 55 75 43 15 2 26 42 74 62 17 40 73 53 19 45 64 60 32 5 3 21 77 47 36 31 46 37 79 27 4 14 68 51 76 38 56 71 59 6 23 11 49 16 44 25 24 

 29 1 54 66 70 58	 => 278
 8 58 70 22 69 52	 => 279
 7 52 69 80 61 10	 => 279
 54 13 33 63 50 66	 => 279
 70 66 50 30 41 22	 => 279
 69 22 41 28 39 80	 => 279
 61 80 39 72 18 9	 => 279
 33 12 78 57 35 63	 => 278
 50 63 35 34 67 30	 => 279
 41 30 67 48 65 28	 => 279
 39 28 65 20 55 72	 => 279
 18 72 55 75 43 15	 => 278
 78 2 26 42 74 57	 => 279
 35 57 74 62 17 34	 => 279
 67 34 17 40 73 48	 => 279
 65 48 73 53 19 20	 => 278
 55 20 19 45 64 75	 => 278
 43 75 64 60 32 5	 => 279
 74 42 3 21 77 62	 => 279
 17 62 77 47 36 40	 => 279
 73 40 36 31 46 53	 => 279
 19 53 46 37 79 45	 => 279
 64 45 79 27 4 60	 => 279
 77 21 14 68 51 47	 => 278
 36 47 51 76 38 31	 => 279
 46 31 38 56 71 37	 => 279
 79 37 71 59 6 27	 => 279
 51 68 23 11 49 76	 => 278
 38 76 49 16 44 56	 => 279
 71 56 44 25 24 59	 => 279


===================[TEST 10]===================

##### START ##### Sun May 18 11:36:44 2003



##### CONVERGE ##### Sun May 18 12:26:25 2003

Elapsed time: 2981 seconds
Total loop: 202 generations

Result : 273.601

7 17 66 78 61 48 1 20 76 72 14 64 47 5 9 31 45 49 36 34 55 29 79 56 3 2 77 52 70 28 50 63 40 57 18 68 46 10 13 23 54 59 42 27 74 35 58 25 43 67 71 15 11 21 33 69 22 44 26 41 51 60 30 6 8 65 80 73 32 53 75 38 24 4 16 39 19 62 37 12 

 7 17 66 78 61 48	 => 277
 1 48 61 20 76 72	 => 278
 14 72 76 64 47 5	 => 278
 66 9 31 45 49 78	 => 278
 61 78 49 36 34 20	 => 278
 76 20 34 55 29 64	 => 278
 47 64 29 79 56 3	 => 278
 31 2 77 52 70 45	 => 277
 49 45 70 28 50 36	 => 278
 34 36 50 63 40 55	 => 278
 29 55 40 57 18 79	 => 278
 56 79 18 68 46 10	 => 277
 77 13 23 54 59 52	 => 278
 70 52 59 42 27 28	 => 278
 50 28 27 74 35 63	 => 277
 40 63 35 58 25 57	 => 278
 18 57 25 43 67 68	 => 278
 46 68 67 71 15 11	 => 278
 59 54 21 33 69 42	 => 278
 27 42 69 22 44 74	 => 278
 35 74 44 26 41 58	 => 278
 25 58 41 51 60 43	 => 278
 67 43 60 30 6 71	 => 277
 69 33 8 65 80 22	 => 277
 44 22 80 73 32 26	 => 277
 41 26 32 53 75 51	 => 278
 60 51 75 38 24 30	 => 278
 80 65 4 16 39 73	 => 277
 32 73 39 19 62 53	 => 278
 75 53 62 37 12 38	 => 277



test#	fitness		sum		time
---------------------------------------------------
1	275.5				4055
2	270.833				1469
3	274.217				2565
4	274.093				3335
5	273.428				2647
6	272.221				1956
7	271.826				1417
8	273.702				2861
9	274.984				3031
10	273.601				2981


---------------------------------------------------
Best fitness      : 275.5 ( test# 1)
Shortest time     : 1417 ( test# 7)

Average fitness   : 273.44
Average time      : 2631.7
