****************** GA TEST *******************

total test#:			 100
hexa min width:			 3
hexa max width:			 5
hexa count:			 19
number count:			 54
population size:		 130
generation size:		 50

tournament winner p:		 1
do xover p:			 1
xover:				 2points
do mutation1 p:			 0.1
mutation1 p:			 0.05
do optimize p:			 1
local optimize count:		 6000
do deep better optimize p:	 1
do deep worse optimize p:	 0
do spin p:			 0
spin count:			 1000
do spin apply p:		 1
do mutation2 p:			 0.12
mutation2 p:			 0.08
force mutation2:		 0
replace bad p:			 0.195

converge rate p:		 0.99
converge count:			 5

**********************************************


===================[TEST 1]===================

##### START ##### Thu May 22 00:17:20 2003



##### CONVERGE ##### Thu May 22 00:18:31 2003

Elapsed time: 71 seconds
Total loop: 119 generations

Result : 188.306

7 19 39 53 52 20 12 17 46 43 4 50 42 5 1 51 44 2 35 31 36 10 47 33 8 6 9 26 54 18 37 23 28 24 45 30 13 22 16 41 34 49 29 38 48 40 3 14 25 27 15 32 21 11 

 7 19 39 53 52 20	 => 190
 12 20 52 17 46 43	 => 190
 4 43 46 50 42 5	 => 190
 39 1 51 44 2 53	 => 190
 52 53 2 35 31 17	 => 190
 46 17 31 36 10 50	 => 190
 42 50 10 47 33 8	 => 190
 51 6 9 26 54 44	 => 190
 2 44 54 18 37 35	 => 190
 31 35 37 23 28 36	 => 190
 10 36 28 24 45 47	 => 190
 33 47 45 30 13 22	 => 190
 54 26 16 41 34 18	 => 189
 37 18 34 49 29 23	 => 190
 28 23 29 38 48 24	 => 190
 45 24 48 40 3 30	 => 190
 34 41 14 25 27 49	 => 190
 29 49 27 15 32 38	 => 190
 48 38 32 21 11 40	 => 190


===================[TEST 2]===================

##### START ##### Thu May 22 00:18:31 2003



##### CONVERGE ##### Thu May 22 00:19:46 2003

Elapsed time: 75 seconds
Total loop: 110 generations

Result : 187.85

7 15 30 45 52 41 4 1 48 44 3 47 37 11 5 38 54 18 35 39 31 24 49 25 9 6 10 42 40 14 29 36 20 13 53 33 22 8 16 46 32 51 28 50 43 27 21 12 23 26 2 34 17 19 

 7 15 30 45 52 41	 => 190
 4 41 52 1 48 44	 => 190
 3 44 48 47 37 11	 => 190
 30 5 38 54 18 45	 => 190
 52 45 18 35 39 1	 => 190
 48 1 39 31 24 47	 => 190
 37 47 24 49 25 9	 => 191
 38 6 10 42 40 54	 => 190
 18 54 40 14 29 35	 => 190
 39 35 29 36 20 31	 => 190
 24 31 20 13 53 49	 => 190
 25 49 53 33 22 8	 => 190
 40 42 16 46 32 14	 => 190
 29 14 32 51 28 36	 => 190
 20 36 28 50 43 13	 => 190
 53 13 43 27 21 33	 => 190
 32 46 12 23 26 51	 => 190
 28 51 26 2 34 50	 => 191
 43 50 34 17 19 27	 => 190


===================[TEST 3]===================

##### START ##### Thu May 22 00:19:46 2003



##### CONVERGE ##### Thu May 22 00:21:22 2003

Elapsed time: 96 seconds
Total loop: 134 generations

Result : 187.616

18 20 26 46 42 38 10 23 50 27 15 30 44 24 4 49 53 12 36 31 34 22 37 43 14 8 13 32 35 21 33 17 39 19 40 41 1 28 2 47 52 51 16 45 54 29 7 9 6 25 5 48 3 11 

 18 20 26 46 42 38	 => 190
 10 38 42 23 50 27	 => 190
 15 27 50 30 44 24	 => 190
 26 4 49 53 12 46	 => 190
 42 46 12 36 31 23	 => 190
 50 23 31 34 22 30	 => 190
 44 30 22 37 43 14	 => 190
 49 8 13 32 35 53	 => 190
 12 53 35 21 33 36	 => 190
 31 36 33 17 39 34	 => 190
 22 34 39 19 40 37	 => 191
 43 37 40 41 1 28	 => 190
 35 32 2 47 52 21	 => 189
 33 21 52 51 16 17	 => 190
 39 17 16 45 54 19	 => 190
 40 19 54 29 7 41	 => 190
 52 47 9 6 25 51	 => 190
 16 51 25 5 48 45	 => 190
 54 45 48 3 11 29	 => 190


===================[TEST 4]===================

##### START ##### Thu May 22 00:21:22 2003



##### CONVERGE ##### Thu May 22 00:22:49 2003

Elapsed time: 87 seconds
Total loop: 153 generations

Result : 187.85

8 19 28 43 53 39 9 10 49 30 3 50 33 25 4 44 45 26 18 40 24 17 52 32 6 1 12 37 51 16 34 27 47 21 29 46 11 20 2 31 54 36 23 35 38 42 14 15 13 41 7 48 5 22 

 8 19 28 43 53 39	 => 190
 9 39 53 10 49 30	 => 190
 3 30 49 50 33 25	 => 190
 28 4 44 45 26 43	 => 190
 53 43 26 18 40 10	 => 190
 49 10 40 24 17 50	 => 190
 33 50 17 52 32 6	 => 190
 44 1 12 37 51 45	 => 190
 26 45 51 16 34 18	 => 190
 40 18 34 27 47 24	 => 190
 17 24 47 21 29 52	 => 190
 32 52 29 46 11 20	 => 190
 51 37 2 31 54 16	 => 191
 34 16 54 36 23 27	 => 190
 47 27 23 35 38 21	 => 191
 29 21 38 42 14 46	 => 190
 54 31 15 13 41 36	 => 190
 23 36 41 7 48 35	 => 190
 38 35 48 5 22 42	 => 190


===================[TEST 5]===================

##### START ##### Thu May 22 00:22:49 2003



##### CONVERGE ##### Thu May 22 00:23:47 2003

Elapsed time: 58 seconds
Total loop: 101 generations

Result : 187.85

20 3 46 32 54 35 11 18 51 21 22 43 48 5 8 40 41 23 24 39 33 7 45 31 16 15 9 36 49 26 27 37 30 28 47 42 6 19 1 34 44 52 4 53 38 25 10 14 17 29 2 50 12 13 

 20 3 46 32 54 35	 => 190
 11 35 54 18 51 21	 => 190
 22 21 51 43 48 5	 => 190
 46 8 40 41 23 32	 => 190
 54 32 23 24 39 18	 => 190
 51 18 39 33 7 43	 => 191
 48 43 7 45 31 16	 => 190
 40 15 9 36 49 41	 => 190
 23 41 49 26 27 24	 => 190
 39 24 27 37 30 33	 => 190
 7 33 30 28 47 45	 => 190
 31 45 47 42 6 19	 => 190
 49 36 1 34 44 26	 => 190
 27 26 44 52 4 37	 => 190
 30 37 4 53 38 28	 => 190
 47 28 38 25 10 42	 => 190
 44 34 14 17 29 52	 => 190
 4 52 29 2 50 53	 => 190
 38 53 50 12 13 25	 => 191


===================[TEST 6]===================

##### START ##### Thu May 22 00:23:47 2003



##### CONVERGE ##### Thu May 22 00:25:10 2003

Elapsed time: 83 seconds
Total loop: 146 generations

Result : 187.64

20 6 36 35 40 53 2 11 47 37 13 43 46 4 7 32 54 26 29 49 24 16 44 39 1 21 3 50 30 23 28 15 45 19 42 38 10 17 5 31 51 48 25 34 52 27 12 18 8 33 9 41 14 22 

 20 6 36 35 40 53	 => 190
 2 53 40 11 47 37	 => 190
 13 37 47 43 46 4	 => 190
 36 7 32 54 26 35	 => 190
 40 35 26 29 49 11	 => 190
 47 11 49 24 16 43	 => 190
 46 43 16 44 39 1	 => 189
 32 21 3 50 30 54	 => 190
 26 54 30 23 28 29	 => 190
 49 29 28 15 45 24	 => 190
 16 24 45 19 42 44	 => 190
 39 44 42 38 10 17	 => 190
 30 50 5 31 51 23	 => 190
 28 23 51 48 25 15	 => 190
 45 15 25 34 52 19	 => 190
 42 19 52 27 12 38	 => 190
 51 31 18 8 33 48	 => 189
 25 48 33 9 41 34	 => 190
 52 34 41 14 22 27	 => 190


===================[TEST 7]===================

##### START ##### Thu May 22 00:25:10 2003



##### CONVERGE ##### Thu May 22 00:26:23 2003

Elapsed time: 73 seconds
Total loop: 128 generations

Result : 188.306

15 1 38 50 45 41 11 26 42 25 2 49 53 18 7 29 39 27 23 19 46 8 44 31 5 14 3 51 54 13 34 40 28 16 48 35 10 22 4 36 32 47 24 30 52 33 6 12 20 43 9 37 21 17 

 15 1 38 50 45 41	 => 190
 11 41 45 26 42 25	 => 190
 2 25 42 49 53 18	 => 189
 38 7 29 39 27 50	 => 190
 45 50 27 23 19 26	 => 190
 42 26 19 46 8 49	 => 190
 53 49 8 44 31 5	 => 190
 29 14 3 51 54 39	 => 190
 27 39 54 13 34 23	 => 190
 19 23 34 40 28 46	 => 190
 8 46 28 16 48 44	 => 190
 31 44 48 35 10 22	 => 190
 54 51 4 36 32 13	 => 190
 34 13 32 47 24 40	 => 190
 28 40 24 30 52 16	 => 190
 48 16 52 33 6 35	 => 190
 32 36 12 20 43 47	 => 190
 24 47 43 9 37 30	 => 190
 52 30 37 21 17 33	 => 190


===================[TEST 8]===================

##### START ##### Thu May 22 00:26:23 2003



##### CONVERGE ##### Thu May 22 00:28:07 2003

Elapsed time: 104 seconds
Total loop: 129 generations

Result : 187.163

16 18 36 38 29 53 5 31 44 28 2 51 39 26 1 43 52 20 42 30 23 11 41 45 3 14 8 49 24 25 27 22 46 15 54 33 9 7 10 32 50 47 19 48 40 35 13 6 21 34 4 37 17 12 

 16 18 36 38 29 53	 => 190
 5 53 29 31 44 28	 => 190
 2 28 44 51 39 26	 => 190
 36 1 43 52 20 38	 => 190
 29 38 20 42 30 31	 => 190
 44 31 30 23 11 51	 => 190
 39 51 11 41 45 3	 => 190
 43 14 8 49 24 52	 => 190
 20 52 24 25 27 42	 => 190
 30 42 27 22 46 23	 => 190
 11 23 46 15 54 41	 => 190
 45 41 54 33 9 7	 => 189
 24 49 10 32 50 25	 => 190
 27 25 50 47 19 22	 => 190
 46 22 19 48 40 15	 => 190
 54 15 40 35 13 33	 => 190
 50 32 6 21 34 47	 => 190
 19 47 34 4 37 48	 => 189
 40 48 37 17 12 35	 => 189


===================[TEST 9]===================

##### START ##### Thu May 22 00:28:07 2003


