****************** GA TEST *******************

total test#:			 5
hexa min width:			 3
hexa max width:			 6
hexa count:			 30
number count:			 80
population size:		 60
generation size:		 10

tournament winner p:		 0.98
do xover p:			 1
xover:				 2points
do mutation1 p:			 0.1
mutation1 p:			 0.05
do optimize p:			 1
local optimize count:		 8000
do deep better optimize p:	 1
do deep worse optimize p:	 0
do spin p:			 0
spin count:			 900
do spin apply p:		 1
do mutation2 p:			 0.1
mutation2 p:			 0.07
force mutation2:		 0
replace bad p:			 0.195

converge rate p:		 0.99
converge count:			 1

**********************************************


===================[TEST 1]===================

##### START ##### Tue May 20 10:00:23 2003



##### CONVERGE ##### Tue May 20 10:00:52 2003

Elapsed time: 29 seconds
Total loop: 124 generations

Result : 266.833

44 8 79 10 77 52 9 25 80 27 13 71 68 11 15 45 46 76 65 17 59 19 75 37 1 28 60 51 40 14 29 43 57 5 55 62 35 6 18 7 70 64 23 78 33 73 58 34 42 72 31 48 22 24 20 69 26 41 30 36 53 47 66 12 49 39 67 74 32 56 63 38 3 16 21 54 4 50 2 61 

 44 8 79 10 77 52	 => 270
 9 52 77 25 80 27	 => 270
 13 27 80 71 68 11	 => 270
 79 15 45 46 76 10	 => 271
 77 10 76 65 17 25	 => 270
 80 25 17 59 19 71	 => 271
 68 71 19 75 37 1	 => 271
 45 28 60 51 40 46	 => 270
 76 46 40 14 29 65	 => 270
 17 65 29 43 57 59	 => 270
 19 59 57 5 55 75	 => 270
 37 75 55 62 35 6	 => 270
 60 18 7 70 64 51	 => 270
 40 51 64 23 78 14	 => 270
 29 14 78 33 73 43	 => 270
 57 43 73 58 34 5	 => 270
 55 5 34 42 72 62	 => 270
 35 62 72 31 48 22	 => 270
 64 70 24 20 69 23	 => 270
 78 23 69 26 41 33	 => 270
 73 33 41 30 36 58	 => 271
 34 58 36 53 47 42	 => 270
 72 42 47 66 12 31	 => 270
 69 20 49 39 67 26	 => 270
 41 26 67 74 32 30	 => 270
 36 30 32 56 63 53	 => 270
 47 53 63 38 3 66	 => 270
 67 39 16 21 54 74	 => 271
 32 74 54 4 50 56	 => 270
 63 56 50 2 61 38	 => 270


===================[TEST 2]===================

##### START ##### Tue May 20 10:00:52 2003



##### CONVERGE ##### Tue May 20 10:01:37 2003

Elapsed time: 45 seconds
Total loop: 186 generations

Result : 266.873

37 6 59 53 68 47 8 61 42 45 1 77 76 30 13 49 75 22 56 12 44 35 51 21 10 5 70 57 15 41 62 26 71 4 66 67 20 46 40 33 16 55 64 39 25 78 54 38 17 79 80 14 11 2 60 74 19 50 36 28 69 65 23 7 9 58 52 72 43 32 63 48 3 24 31 34 18 73 27 29 

 37 6 59 53 68 47	 => 270
 8 47 68 61 42 45	 => 271
 1 45 42 77 76 30	 => 271
 59 13 49 75 22 53	 => 271
 68 53 22 56 12 61	 => 272
 42 61 12 44 35 77	 => 271
 76 77 35 51 21 10	 => 270
 49 5 70 57 15 75	 => 271
 22 75 15 41 62 56	 => 271
 12 56 62 26 71 44	 => 271
 35 44 71 4 66 51	 => 271
 21 51 66 67 20 46	 => 271
 70 40 33 16 55 57	 => 271
 15 57 55 64 39 41	 => 271
 62 41 39 25 78 26	 => 271
 71 26 78 54 38 4	 => 271
 66 4 38 17 79 67	 => 271
 20 67 79 80 14 11	 => 271
 55 16 2 60 74 64	 => 271
 39 64 74 19 50 25	 => 271
 78 25 50 36 28 54	 => 271
 38 54 28 69 65 17	 => 271
 79 17 65 23 7 80	 => 271
 74 60 9 58 52 19	 => 272
 50 19 52 72 43 36	 => 272
 28 36 43 32 63 69	 => 271
 65 69 63 48 3 23	 => 271
 52 58 24 31 34 72	 => 271
 43 72 34 18 73 32	 => 272
 63 32 73 27 29 48	 => 272


===================[TEST 3]===================

##### START ##### Tue May 20 10:01:37 2003



##### CONVERGE ##### Tue May 20 10:02:22 2003

Elapsed time: 45 seconds
Total loop: 162 generations

Result : 264.222

45 8 52 31 78 54 19 20 73 23 33 62 37 40 17 38 55 75 39 25 46 42 60 53 14 22 80 67 6 68 24 77 57 7 56 76 13 9 2 11 29 79 43 5 44 50 59 18 41 70 63 12 34 1 47 69 71 36 15 64 21 65 26 3 28 4 49 61 35 58 74 51 30 66 16 72 32 10 48 27 

 45 8 52 31 78 54	 => 268
 19 54 78 20 73 23	 => 267
 33 23 73 62 37 40	 => 268
 52 17 38 55 75 31	 => 268
 78 31 75 39 25 20	 => 268
 73 20 25 46 42 62	 => 268
 37 62 42 60 53 14	 => 268
 38 22 80 67 6 55	 => 268
 75 55 6 68 24 39	 => 267
 25 39 24 77 57 46	 => 268
 42 46 57 7 56 60	 => 268
 53 60 56 76 13 9	 => 267
 80 2 11 29 79 67	 => 268
 6 67 79 43 5 68	 => 268
 24 68 5 44 50 77	 => 268
 57 77 50 59 18 7	 => 268
 56 7 18 41 70 76	 => 268
 13 76 70 63 12 34	 => 268
 79 29 1 47 69 43	 => 268
 5 43 69 71 36 44	 => 268
 50 44 36 15 64 59	 => 268
 18 59 64 21 65 41	 => 268
 70 41 65 26 3 63	 => 268
 69 47 28 4 49 71	 => 268
 36 71 49 61 35 15	 => 267
 64 15 35 58 74 21	 => 267
 65 21 74 51 30 26	 => 267
 49 4 66 16 72 61	 => 268
 35 61 72 32 10 58	 => 268
 74 58 10 48 27 51	 => 268


===================[TEST 4]===================

##### START ##### Tue May 20 10:02:22 2003



##### CONVERGE ##### Tue May 20 10:03:06 2003

Elapsed time: 44 seconds
Total loop: 176 generations

Result : 270.143

32 6 59 67 77 34 7 29 75 53 19 49 39 40 16 41 72 20 45 37 25 60 51 73 3 11 62 58 31 56 52 54 61 30 47 68 21 15 27 8 46 74 44 13 24 76 42 12 48 71 57 23 35 9 22 80 43 70 38 26 78 69 28 1 10 66 55 64 5 63 65 33 2 4 36 50 14 79 17 18 

 32 6 59 67 77 34	 => 275
 7 34 77 29 75 53	 => 275
 19 53 75 49 39 40	 => 275
 59 16 41 72 20 67	 => 275
 77 67 20 45 37 29	 => 275
 75 29 37 25 60 49	 => 275
 39 49 60 51 73 3	 => 275
 41 11 62 58 31 72	 => 275
 20 72 31 56 52 45	 => 276
 37 45 52 54 61 25	 => 274
 60 25 61 30 47 51	 => 274
 73 51 47 68 21 15	 => 275
 62 27 8 46 74 58	 => 275
 31 58 74 44 13 56	 => 276
 52 56 13 24 76 54	 => 275
 61 54 76 42 12 30	 => 275
 47 30 12 48 71 68	 => 276
 21 68 71 57 23 35	 => 275
 74 46 9 22 80 44	 => 275
 13 44 80 43 70 24	 => 274
 76 24 70 38 26 42	 => 276
 12 42 26 78 69 48	 => 275
 71 48 69 28 1 57	 => 274
 80 22 10 66 55 43	 => 276
 70 43 55 64 5 38	 => 275
 26 38 5 63 65 78	 => 275
 69 78 65 33 2 28	 => 275
 55 66 4 36 50 64	 => 275
 5 64 50 14 79 63	 => 275
 65 63 79 17 18 33	 => 275


===================[TEST 5]===================

##### START ##### Tue May 20 10:03:06 2003



##### CONVERGE ##### Tue May 20 10:04:06 2003

Elapsed time: 60 seconds
Total loop: 246 generations

Result : 270.417

7 30 33 80 69 54 22 15 78 35 21 68 59 12 3 49 79 29 31 50 45 17 77 38 14 6 36 71 32 28 74 16 57 26 51 67 39 1 48 25 73 20 70 52 37 66 62 46 27 56 75 2 34 24 42 44 58 13 23 72 19 47 65 4 5 61 63 76 40 55 64 60 18 11 9 53 8 41 43 10 

 7 30 33 80 69 54	 => 273
 22 54 69 15 78 35	 => 273
 21 35 78 68 59 12	 => 273
 33 3 49 79 29 80	 => 273
 69 80 29 31 50 15	 => 274
 78 15 50 45 17 68	 => 273
 59 68 17 77 38 14	 => 273
 49 6 36 71 32 79	 => 273
 29 79 32 28 74 31	 => 273
 50 31 74 16 57 45	 => 273
 17 45 57 26 51 77	 => 273
 38 77 51 67 39 1	 => 273
 36 48 25 73 20 71	 => 273
 32 71 20 70 52 28	 => 273
 74 28 52 37 66 16	 => 273
 57 16 66 62 46 26	 => 273
 51 26 46 27 56 67	 => 273
 39 67 56 75 2 34	 => 273
 20 73 24 42 44 70	 => 273
 52 70 44 58 13 37	 => 274
 66 37 13 23 72 62	 => 273
 46 62 72 19 47 27	 => 273
 56 27 47 65 4 75	 => 274
 44 42 5 61 63 58	 => 273
 13 58 63 76 40 23	 => 273
 72 23 40 55 64 19	 => 273
 47 19 64 60 18 65	 => 273
 63 61 11 9 53 76	 => 273
 40 76 53 8 41 55	 => 273
 64 55 41 43 10 60	 => 273



test#	fitness		sum		time
---------------------------------------------------
1	266.833				29
2	266.873				45
3	264.222				45
4	270.143				44
5	270.417				60


---------------------------------------------------
Best fitness      : 270.417 ( test# 5)
Shortest time     : 29 ( test# 1)

Average fitness   : 267.698
Average time      : 44.6
