****************** GA TEST *******************

total test#:			 5
hexa min width:			 3
hexa max width:			 6
hexa count:			 30
number count:			 80
population size:		 80
generation size:		 10

tournament winner p:		 0.98
do xover p:			 1
xover:				 2points
do mutation1 p:			 0.1
mutation1 p:			 0.05
do optimize p:			 1
local optimize count:		 8000
do deep better optimize p:	 1
do deep worse optimize p:	 0
do spin p:			 0
spin count:			 900
do spin apply p:		 1
do mutation2 p:			 0.1
mutation2 p:			 0.07
force mutation2:		 0
replace bad p:			 0.215

converge rate p:		 0.99
converge count:			 1

**********************************************


===================[TEST 1]===================

##### START ##### Tue May 20 10:52:17 2003



##### CONVERGE ##### Tue May 20 10:53:15 2003

Elapsed time: 58 seconds
Total loop: 247 generations

Result : 267.984

8 30 39 74 43 78 20 26 65 40 27 19 79 42 3 34 71 51 31 47 49 66 64 36 7 4 52 76 35 14 70 38 37 46 9 59 80 24 11 1 77 55 29 63 58 28 54 68 21 69 44 6 13 2 33 75 22 25 62 45 23 61 72 5 18 67 57 73 32 50 60 41 15 17 10 48 16 53 56 12 

 8 30 39 74 43 78	 => 272
 20 78 43 26 65 40	 => 272
 27 40 65 19 79 42	 => 272
 39 3 34 71 51 74	 => 272
 43 74 51 31 47 26	 => 272
 65 26 47 49 66 19	 => 272
 79 19 66 64 36 7	 => 271
 34 4 52 76 35 71	 => 272
 51 71 35 14 70 31	 => 272
 47 31 70 38 37 49	 => 272
 66 49 37 46 9 64	 => 271
 36 64 9 59 80 24	 => 272
 52 11 1 77 55 76	 => 272
 35 76 55 29 63 14	 => 272
 70 14 63 58 28 38	 => 271
 37 38 28 54 68 46	 => 271
 9 46 68 21 69 59	 => 272
 80 59 69 44 6 13	 => 271
 55 77 2 33 75 29	 => 271
 63 29 75 22 25 58	 => 272
 28 58 25 62 45 54	 => 272
 68 54 45 23 61 21	 => 272
 69 21 61 72 5 44	 => 272
 75 33 18 67 57 22	 => 272
 25 22 57 73 32 62	 => 271
 45 62 32 50 60 23	 => 272
 61 23 60 41 15 72	 => 272
 57 67 17 10 48 73	 => 272
 32 73 48 16 53 50	 => 272
 60 50 53 56 12 41	 => 272


===================[TEST 2]===================

##### START ##### Tue May 20 10:53:15 2003



##### CONVERGE ##### Tue May 20 10:54:12 2003

Elapsed time: 57 seconds
Total loop: 245 generations

Result : 267.117

5 3 60 78 58 67 2 14 77 53 22 61 25 34 4 55 54 20 74 28 21 70 66 42 7 12 38 63 50 40 33 76 39 24 52 37 69 6 71 11 15 73 32 13 64 46 51 35 48 75 43 1 47 10 62 79 26 57 8 45 36 56 18 31 16 29 59 72 49 68 65 80 17 44 27 41 23 19 9 30 

 5 3 60 78 58 67	 => 271
 2 67 58 14 77 53	 => 271
 22 53 77 61 25 34	 => 272
 60 4 55 54 20 78	 => 271
 58 78 20 74 28 14	 => 272
 77 14 28 21 70 61	 => 271
 25 61 70 66 42 7	 => 271
 55 12 38 63 50 54	 => 272
 20 54 50 40 33 74	 => 271
 28 74 33 76 39 21	 => 271
 70 21 39 24 52 66	 => 272
 42 66 52 37 69 6	 => 272
 38 71 11 15 73 63	 => 271
 50 63 73 32 13 40	 => 271
 33 40 13 64 46 76	 => 272
 39 76 46 51 35 24	 => 271
 52 24 35 48 75 37	 => 271
 69 37 75 43 1 47	 => 272
 73 15 10 62 79 32	 => 271
 13 32 79 26 57 64	 => 271
 46 64 57 8 45 51	 => 271
 35 51 45 36 56 48	 => 271
 75 48 56 18 31 43	 => 271
 79 62 16 29 59 26	 => 271
 57 26 59 72 49 8	 => 271
 45 8 49 68 65 36	 => 271
 56 36 65 80 17 18	 => 272
 59 29 44 27 41 72	 => 272
 49 72 41 23 19 68	 => 272
 65 68 19 9 30 80	 => 271


===================[TEST 3]===================

##### START ##### Tue May 20 10:54:12 2003



##### CONVERGE ##### Tue May 20 10:55:06 2003

Elapsed time: 54 seconds
Total loop: 233 generations

Result : 266.323

9 5 72 41 80 64 31 26 51 18 34 77 78 12 47 13 75 23 65 35 71 11 60 42 3 29 38 70 45 49 14 62 24 57 48 63 50 8 22 21 61 58 10 39 66 40 67 20 28 55 54 33 16 6 56 79 17 59 32 7 76 73 46 15 1 44 74 53 36 68 52 19 4 27 30 43 2 69 37 25 

 9 5 72 41 80 64	 => 271
 31 64 80 26 51 18	 => 270
 34 18 51 77 78 12	 => 270
 72 47 13 75 23 41	 => 271
 80 41 23 65 35 26	 => 270
 51 26 35 71 11 77	 => 271
 78 77 11 60 42 3	 => 271
 13 29 38 70 45 75	 => 270
 23 75 45 49 14 65	 => 271
 35 65 14 62 24 71	 => 271
 11 71 24 57 48 60	 => 271
 42 60 48 63 50 8	 => 271
 38 22 21 61 58 70	 => 270
 45 70 58 10 39 49	 => 271
 14 49 39 66 40 62	 => 270
 24 62 40 67 20 57	 => 270
 48 57 20 28 55 63	 => 271
 50 63 55 54 33 16	 => 271
 58 61 6 56 79 10	 => 270
 39 10 79 17 59 66	 => 270
 40 66 59 32 7 67	 => 271
 20 67 7 76 73 28	 => 271
 55 28 73 46 15 54	 => 271
 79 56 1 44 74 17	 => 271
 59 17 74 53 36 32	 => 271
 7 32 36 68 52 76	 => 271
 73 76 52 19 4 46	 => 270
 74 44 27 30 43 53	 => 271
 36 53 43 2 69 68	 => 271
 52 68 69 37 25 19	 => 270


===================[TEST 4]===================

##### START ##### Tue May 20 10:55:06 2003



##### CONVERGE ##### Tue May 20 10:56:24 2003

Elapsed time: 78 seconds
Total loop: 335 generations

Result : 271.221

8 7 80 52 68 59 3 41 71 32 29 77 56 9 4 30 75 33 63 17 46 22 79 25 16 2 61 78 28 10 65 60 23 51 54 34 76 6 11 14 37 73 35 50 36 53 45 42 55 38 44 13 69 5 58 66 47 40 43 57 26 49 67 21 1 31 70 62 12 72 64 48 20 19 18 74 15 39 27 24 

 8 7 80 52 68 59	 => 274
 3 59 68 41 71 32	 => 274
 29 32 71 77 56 9	 => 274
 80 4 30 75 33 52	 => 274
 68 52 33 63 17 41	 => 274
 71 41 17 46 22 77	 => 274
 56 77 22 79 25 16	 => 275
 30 2 61 78 28 75	 => 274
 33 75 28 10 65 63	 => 274
 17 63 65 60 23 46	 => 274
 22 46 23 51 54 79	 => 275
 25 79 54 34 76 6	 => 274
 61 11 14 37 73 78	 => 274
 28 78 73 35 50 10	 => 274
 65 10 50 36 53 60	 => 274
 23 60 53 45 42 51	 => 274
 54 51 42 55 38 34	 => 274
 76 34 38 44 13 69	 => 274
 73 37 5 58 66 35	 => 274
 50 35 66 47 40 36	 => 274
 53 36 40 43 57 45	 => 274
 42 45 57 26 49 55	 => 274
 38 55 49 67 21 44	 => 274
 66 58 1 31 70 47	 => 273
 40 47 70 62 12 43	 => 274
 57 43 12 72 64 26	 => 274
 49 26 64 48 20 67	 => 274
 70 31 19 18 74 62	 => 274
 12 62 74 15 39 72	 => 274
 64 72 39 27 24 48	 => 274


===================[TEST 5]===================

##### START ##### Tue May 20 10:56:24 2003



##### CONVERGE ##### Tue May 20 10:57:07 2003

Elapsed time: 43 seconds
Total loop: 184 generations

Result : 265.5

2 17 44 76 60 69 8 32 30 70 13 73 31 51 15 33 72 29 61 11 74 49 77 23 16 5 62 63 34 55 18 79 25 35 9 65 38 57 1 20 59 64 50 3 66 48 37 45 36 78 28 54 6 7 46 43 39 68 26 24 52 75 40 12 14 80 47 22 67 58 42 56 4 21 27 71 10 41 53 19 

 2 17 44 76 60 69	 => 268
 8 69 60 32 30 70	 => 269
 13 70 30 73 31 51	 => 268
 44 15 33 72 29 76	 => 269
 60 76 29 61 11 32	 => 269
 30 32 11 74 49 73	 => 269
 31 73 49 77 23 16	 => 269
 33 5 62 63 34 72	 => 269
 29 72 34 55 18 61	 => 269
 11 61 18 79 25 74	 => 268
 49 74 25 35 9 77	 => 269
 23 77 9 65 38 57	 => 269
 62 1 20 59 64 63	 => 269
 34 63 64 50 3 55	 => 269
 18 55 3 66 48 79	 => 269
 25 79 48 37 45 35	 => 269
 9 35 45 36 78 65	 => 268
 38 65 78 28 54 6	 => 269
 64 59 7 46 43 50	 => 269
 3 50 43 39 68 66	 => 269
 48 66 68 26 24 37	 => 269
 45 37 24 52 75 36	 => 269
 78 36 75 40 12 28	 => 269
 43 46 14 80 47 39	 => 269
 68 39 47 22 67 26	 => 269
 24 26 67 58 42 52	 => 269
 75 52 42 56 4 40	 => 269
 47 80 21 27 71 22	 => 268
 67 22 71 10 41 58	 => 269
 42 58 41 53 19 56	 => 269



test#	fitness		sum		time
---------------------------------------------------
1	267.984				58
2	267.117				57
3	266.323				54
4	271.221				78
5	265.5				43


---------------------------------------------------
Best fitness      : 271.221 ( test# 4)
Shortest time     : 43 ( test# 5)

Average fitness   : 267.629
Average time      : 58
