****************** GA TEST *******************

total test#:			 5
hexa min width:			 3
hexa max width:			 6
hexa count:			 30
number count:			 80
population size:		 80
generation size:		 10

tournament winner p:		 0.98
do xover p:			 1
xover:				 2points
do mutation1 p:			 0.1
mutation1 p:			 0.05
do optimize p:			 1
local optimize count:		 8000
do deep better optimize p:	 1
do deep worse optimize p:	 0
do spin p:			 0
spin count:			 900
do spin apply p:		 1
do mutation2 p:			 0.1
mutation2 p:			 0.07
force mutation2:		 0
replace bad p:			 0.175

converge rate p:		 0.99
converge count:			 1

**********************************************


===================[TEST 1]===================

##### START ##### Tue May 20 10:57:07 2003



##### CONVERGE ##### Tue May 20 10:58:05 2003

Elapsed time: 58 seconds
Total loop: 249 generations

Result : 268.45

3 10 61 75 58 65 8 37 76 28 9 57 71 31 1 22 80 33 36 34 45 23 67 26 29 19 60 51 40 66 17 77 64 5 69 78 25 7 27 30 41 63 38 14 44 54 68 4 42 74 24 59 12 15 43 72 56 48 11 47 50 62 21 49 2 53 46 73 39 70 55 79 6 32 16 52 18 20 35 13 

 3 10 61 75 58 65	 => 272
 8 65 58 37 76 28	 => 272
 9 28 76 57 71 31	 => 272
 61 1 22 80 33 75	 => 272
 58 75 33 36 34 37	 => 273
 76 37 34 45 23 57	 => 272
 71 57 23 67 26 29	 => 273
 22 19 60 51 40 80	 => 272
 33 80 40 66 17 36	 => 272
 34 36 17 77 64 45	 => 273
 23 45 64 5 69 67	 => 273
 26 67 69 78 25 7	 => 272
 60 27 30 41 63 51	 => 272
 40 51 63 38 14 66	 => 272
 17 66 14 44 54 77	 => 272
 64 77 54 68 4 5	 => 272
 69 5 4 42 74 78	 => 272
 25 78 74 24 59 12	 => 272
 63 41 15 43 72 38	 => 272
 14 38 72 56 48 44	 => 272
 54 44 48 11 47 68	 => 272
 4 68 47 50 62 42	 => 273
 74 42 62 21 49 24	 => 272
 72 43 2 53 46 56	 => 272
 48 56 46 73 39 11	 => 273
 47 11 39 70 55 50	 => 272
 62 50 55 79 6 21	 => 273
 46 53 32 16 52 73	 => 272
 39 73 52 18 20 70	 => 272
 55 70 20 35 13 79	 => 272


===================[TEST 2]===================

##### START ##### Tue May 20 10:58:05 2003



##### CONVERGE ##### Tue May 20 10:59:03 2003

Elapsed time: 58 seconds
Total loop: 249 generations

Result : 268.734

29 18 70 61 34 60 5 45 76 52 10 38 80 16 7 9 67 57 54 21 64 28 75 27 25 33 44 68 51 31 13 79 41 6 58 63 19 30 4 17 62 77 8 36 78 35 72 39 32 74 59 11 46 20 40 65 73 12 26 49 24 56 37 14 3 43 48 66 47 55 71 69 15 23 42 50 1 53 2 22 

 29 18 70 61 34 60	 => 272
 5 60 34 45 76 52	 => 272
 10 52 76 38 80 16	 => 272
 70 7 9 67 57 61	 => 271
 34 61 57 54 21 45	 => 272
 76 45 21 64 28 38	 => 272
 80 38 28 75 27 25	 => 273
 9 33 44 68 51 67	 => 272
 57 67 51 31 13 54	 => 273
 21 54 13 79 41 64	 => 272
 28 64 41 6 58 75	 => 272
 27 75 58 63 19 30	 => 272
 44 4 17 62 77 68	 => 272
 51 68 77 8 36 31	 => 271
 13 31 36 78 35 79	 => 272
 41 79 35 72 39 6	 => 272
 58 6 39 32 74 63	 => 272
 19 63 74 59 11 46	 => 272
 77 62 20 40 65 8	 => 272
 36 8 65 73 12 78	 => 272
 35 78 12 26 49 72	 => 272
 39 72 49 24 56 32	 => 272
 74 32 56 37 14 59	 => 272
 65 40 3 43 48 73	 => 272
 12 73 48 66 47 26	 => 272
 49 26 47 55 71 24	 => 272
 56 24 71 69 15 37	 => 272
 48 43 23 42 50 66	 => 272
 47 66 50 1 53 55	 => 272
 71 55 53 2 22 69	 => 272


===================[TEST 3]===================

##### START ##### Tue May 20 10:59:03 2003



##### CONVERGE ##### Tue May 20 10:59:54 2003

Elapsed time: 51 seconds
Total loop: 220 generations

Result : 267.56

25 4 48 80 77 37 26 12 79 40 9 70 34 39 16 52 74 1 73 28 6 76 51 30 10 18 43 65 19 49 55 63 47 50 41 68 67 15 35 11 46 71 29 38 31 36 42 33 56 23 72 27 14 20 44 62 45 66 21 75 5 60 57 3 32 24 64 53 22 69 78 54 17 59 13 58 8 61 2 7 

 25 4 48 80 77 37	 => 271
 26 37 77 12 79 40	 => 271
 9 40 79 70 34 39	 => 271
 48 16 52 74 1 80	 => 271
 77 80 1 73 28 12	 => 271
 79 12 28 6 76 70	 => 271
 34 70 76 51 30 10	 => 271
 52 18 43 65 19 74	 => 271
 1 74 19 49 55 73	 => 271
 28 73 55 63 47 6	 => 272
 76 6 47 50 41 51	 => 271
 30 51 41 68 67 15	 => 272
 43 35 11 46 71 65	 => 271
 19 65 71 29 38 49	 => 271
 55 49 38 31 36 63	 => 272
 47 63 36 42 33 50	 => 271
 41 50 33 56 23 68	 => 271
 67 68 23 72 27 14	 => 271
 71 46 20 44 62 29	 => 272
 38 29 62 45 66 31	 => 271
 36 31 66 21 75 42	 => 271
 33 42 75 5 60 56	 => 271
 23 56 60 57 3 72	 => 271
 62 44 32 24 64 45	 => 271
 66 45 64 53 22 21	 => 271
 75 21 22 69 78 5	 => 270
 60 5 78 54 17 57	 => 271
 64 24 59 13 58 53	 => 271
 22 53 58 8 61 69	 => 271
 78 69 61 2 7 54	 => 271


===================[TEST 4]===================

##### START ##### Tue May 20 10:59:54 2003



##### CONVERGE ##### Tue May 20 11:01:19 2003

Elapsed time: 85 seconds
Total loop: 367 generations

Result : 269.45

24 12 63 68 67 39 4 41 46 77 16 76 38 21 29 51 49 14 59 25 20 66 71 13 9 2 37 80 55 40 57 65 48 19 50 69 60 10 11 31 70 45 26 28 47 36 78 27 34 75 32 30 7 1 73 58 62 53 43 17 44 74 54 5 6 42 33 64 18 72 79 8 15 52 22 61 3 56 23 35 

 24 12 63 68 67 39	 => 273
 4 39 67 41 46 77	 => 274
 16 77 46 76 38 21	 => 274
 63 29 51 49 14 68	 => 274
 67 68 14 59 25 41	 => 274
 46 41 25 20 66 76	 => 274
 38 76 66 71 13 9	 => 273
 51 2 37 80 55 49	 => 274
 14 49 55 40 57 59	 => 274
 25 59 57 65 48 20	 => 274
 66 20 48 19 50 71	 => 274
 13 71 50 69 60 10	 => 273
 37 11 31 70 45 80	 => 274
 55 80 45 26 28 40	 => 274
 57 40 28 47 36 65	 => 273
 48 65 36 78 27 19	 => 273
 50 19 27 34 75 69	 => 274
 60 69 75 32 30 7	 => 273
 45 70 1 73 58 26	 => 273
 28 26 58 62 53 47	 => 274
 36 47 53 43 17 78	 => 274
 27 78 17 44 74 34	 => 274
 75 34 74 54 5 32	 => 274
 58 73 6 42 33 62	 => 274
 53 62 33 64 18 43	 => 273
 17 43 18 72 79 44	 => 273
 74 44 79 8 15 54	 => 274
 33 42 52 22 61 64	 => 274
 18 64 61 3 56 72	 => 274
 79 72 56 23 35 8	 => 273


===================[TEST 5]===================

##### START ##### Tue May 20 11:01:19 2003



##### CONVERGE ##### Tue May 20 11:02:34 2003

Elapsed time: 75 seconds
Total loop: 321 generations

Result : 270.833

34 30 66 50 76 19 14 48 77 40 24 65 52 16 3 22 71 63 32 5 44 35 70 42 10 9 55 78 39 7 62 75 56 1 68 57 25 12 2 13 46 80 53 17 47 67 37 38 41 69 72 43 8 15 6 74 29 54 33 36 73 49 20 23 28 58 79 59 21 51 60 45 27 4 11 64 18 61 31 26 

 34 30 66 50 76 19	 => 275
 14 19 76 48 77 40	 => 274
 24 40 77 65 52 16	 => 274
 66 3 22 71 63 50	 => 275
 76 50 63 32 5 48	 => 274
 77 48 5 44 35 65	 => 274
 52 65 35 70 42 10	 => 274
 22 9 55 78 39 71	 => 274
 63 71 39 7 62 32	 => 274
 5 32 62 75 56 44	 => 274
 35 44 56 1 68 70	 => 274
 42 70 68 57 25 12	 => 274
 55 2 13 46 80 78	 => 274
 39 78 80 53 17 7	 => 274
 62 7 17 47 67 75	 => 275
 56 75 67 37 38 1	 => 274
 68 1 38 41 69 57	 => 274
 25 57 69 72 43 8	 => 274
 80 46 15 6 74 53	 => 274
 17 53 74 29 54 47	 => 274
 67 47 54 33 36 37	 => 274
 38 37 36 73 49 41	 => 274
 69 41 49 20 23 72	 => 274
 74 6 28 58 79 29	 => 274
 54 29 79 59 21 33	 => 275
 36 33 21 51 60 73	 => 274
 49 73 60 45 27 20	 => 274
 79 58 4 11 64 59	 => 275
 21 59 64 18 61 51	 => 274
 60 51 61 31 26 45	 => 274



test#	fitness		sum		time
---------------------------------------------------
1	268.45				58
2	268.734				58
3	267.56				51
4	269.45				85
5	270.833				75


---------------------------------------------------
Best fitness      : 270.833 ( test# 5)
Shortest time     : 51 ( test# 3)

Average fitness   : 269.006
Average time      : 65.4
