****************** GA TEST *******************

total test#:			 5
hexa min width:			 3
hexa max width:			 6
hexa count:			 30
number count:			 80
population size:		 80
generation size:		 10

tournament winner p:		 0.98
do xover p:			 1
xover:				 2points
do mutation1 p:			 0.1
mutation1 p:			 0.05
do optimize p:			 1
local optimize count:		 8000
do deep better optimize p:	 1
do deep worse optimize p:	 0
do spin p:			 0
spin count:			 900
do spin apply p:		 1
do mutation2 p:			 0.1
mutation2 p:			 0.07
force mutation2:		 0
replace bad p:			 0.195

converge rate p:		 0.99
converge count:			 1

**********************************************


===================[TEST 1]===================

##### START ##### Tue May 20 11:02:37 2003



##### CONVERGE ##### Tue May 20 11:03:46 2003

Elapsed time: 69 seconds
Total loop: 294 generations

Result : 269.723

19 17 58 75 67 37 5 22 66 77 11 34 70 16 10 52 54 25 36 50 29 72 61 32 6 1 40 73 55 45 59 31 69 13 30 62 65 24 26 14 80 41 42 18 46 74 49 38 60 71 28 9 39 12 35 64 51 53 44 8 56 63 48 4 21 76 27 79 20 68 78 23 7 33 2 57 3 47 15 43 

 19 17 58 75 67 37	 => 273
 5 37 67 22 66 77	 => 274
 11 77 66 34 70 16	 => 274
 58 10 52 54 25 75	 => 274
 67 75 25 36 50 22	 => 275
 66 22 50 29 72 34	 => 273
 70 34 72 61 32 6	 => 275
 52 1 40 73 55 54	 => 275
 25 54 55 45 59 36	 => 274
 50 36 59 31 69 29	 => 274
 72 29 69 13 30 61	 => 274
 32 61 30 62 65 24	 => 274
 40 26 14 80 41 73	 => 274
 55 73 41 42 18 45	 => 274
 59 45 18 46 74 31	 => 273
 69 31 74 49 38 13	 => 274
 30 13 38 60 71 62	 => 274
 65 62 71 28 9 39	 => 274
 41 80 12 35 64 42	 => 274
 18 42 64 51 53 46	 => 274
 74 46 53 44 8 49	 => 274
 38 49 8 56 63 60	 => 274
 71 60 63 48 4 28	 => 274
 64 35 21 76 27 51	 => 274
 53 51 27 79 20 44	 => 274
 8 44 20 68 78 56	 => 274
 63 56 78 23 7 48	 => 275
 27 76 33 2 57 79	 => 274
 20 79 57 3 47 68	 => 274
 78 68 47 15 43 23	 => 274


===================[TEST 2]===================

##### START ##### Tue May 20 11:03:46 2003



##### CONVERGE ##### Tue May 20 11:05:05 2003

Elapsed time: 79 seconds
Total loop: 341 generations

Result : 271.093

13 5 80 63 77 36 4 30 71 56 9 74 52 12 3 25 65 38 43 23 14 62 64 20 2 26 40 72 46 6 76 67 51 17 66 59 44 21 8 22 79 53 58 39 32 54 70 16 69 48 68 31 24 7 45 33 78 34 35 49 29 41 37 11 15 61 42 57 28 60 73 75 19 50 18 47 27 55 10 1 

 13 5 80 63 77 36	 => 274
 4 36 77 30 71 56	 => 274
 9 56 71 74 52 12	 => 274
 80 3 25 65 38 63	 => 274
 77 63 38 43 23 30	 => 274
 71 30 23 14 62 74	 => 274
 52 74 62 64 20 2	 => 274
 25 26 40 72 46 65	 => 274
 38 65 46 6 76 43	 => 274
 23 43 76 67 51 14	 => 274
 62 14 51 17 66 64	 => 274
 20 64 66 59 44 21	 => 274
 40 8 22 79 53 72	 => 274
 46 72 53 58 39 6	 => 274
 76 6 39 32 54 67	 => 274
 51 67 54 70 16 17	 => 275
 66 17 16 69 48 59	 => 275
 44 59 48 68 31 24	 => 274
 53 79 7 45 33 58	 => 275
 39 58 33 78 34 32	 => 274
 54 32 34 35 49 70	 => 274
 16 70 49 29 41 69	 => 274
 48 69 41 37 11 68	 => 274
 33 45 15 61 42 78	 => 274
 34 78 42 57 28 35	 => 274
 49 35 28 60 73 29	 => 274
 41 29 73 75 19 37	 => 274
 42 61 50 18 47 57	 => 275
 28 57 47 27 55 60	 => 274
 73 60 55 10 1 75	 => 274


===================[TEST 3]===================

##### START ##### Tue May 20 11:05:05 2003



##### CONVERGE ##### Tue May 20 11:06:34 2003

Elapsed time: 89 seconds
Total loop: 386 generations

Result : 268.417

25 33 22 50 77 64 11 13 48 58 20 69 75 1 30 57 72 40 36 55 65 21 68 10 28 5 6 79 53 27 43 41 32 14 71 56 60 7 8 54 78 46 17 49 38 73 66 45 24 61 70 9 15 3 47 80 35 52 16 26 59 51 23 42 2 31 76 63 29 74 67 37 34 44 18 39 4 62 12 19 

 25 33 22 50 77 64	 => 271
 11 64 77 13 48 58	 => 271
 20 58 48 69 75 1	 => 271
 22 30 57 72 40 50	 => 271
 77 50 40 36 55 13	 => 271
 48 13 55 65 21 69	 => 271
 75 69 21 68 10 28	 => 271
 57 5 6 79 53 72	 => 272
 40 72 53 27 43 36	 => 271
 55 36 43 41 32 65	 => 272
 21 65 32 14 71 68	 => 271
 10 68 71 56 60 7	 => 272
 6 8 54 78 46 79	 => 271
 53 79 46 17 49 27	 => 271
 43 27 49 38 73 41	 => 271
 32 41 73 66 45 14	 => 271
 71 14 45 24 61 56	 => 271
 60 56 61 70 9 15	 => 271
 46 78 3 47 80 17	 => 271
 49 17 80 35 52 38	 => 271
 73 38 52 16 26 66	 => 271
 45 66 26 59 51 24	 => 271
 61 24 51 23 42 70	 => 271
 80 47 2 31 76 35	 => 271
 52 35 76 63 29 16	 => 271
 26 16 29 74 67 59	 => 271
 51 59 67 37 34 23	 => 271
 76 31 44 18 39 63	 => 271
 29 63 39 4 62 74	 => 271
 67 74 62 12 19 37	 => 271


===================[TEST 4]===================

##### START ##### Tue May 20 11:06:34 2003



##### CONVERGE ##### Tue May 20 11:07:33 2003

Elapsed time: 59 seconds
Total loop: 252 generations

Result : 267.722

3 62 50 56 54 46 5 59 42 65 76 52 20 16 12 51 48 53 38 11 58 49 78 44 28 2 68 45 57 1 74 61 29 25 33 67 27 22 6 26 60 66 71 30 64 41 72 43 23 80 55 10 32 15 24 35 31 40 37 17 47 69 36 8 34 77 70 75 18 79 73 39 7 9 19 21 14 63 13 4 

 3 62 50 56 54 46	 => 271
 5 46 54 59 42 65	 => 271
 76 65 42 52 20 16	 => 271
 50 12 51 48 53 56	 => 270
 54 56 53 38 11 59	 => 271
 42 59 11 58 49 52	 => 271
 20 52 49 78 44 28	 => 271
 51 2 68 45 57 48	 => 271
 53 48 57 1 74 38	 => 271
 11 38 74 61 29 58	 => 271
 49 58 29 25 33 78	 => 272
 44 78 33 67 27 22	 => 271
 68 6 26 60 66 45	 => 271
 57 45 66 71 30 1	 => 270
 74 1 30 64 41 61	 => 271
 29 61 41 72 43 25	 => 271
 33 25 43 23 80 67	 => 271
 27 67 80 55 10 32	 => 271
 66 60 15 24 35 71	 => 271
 30 71 35 31 40 64	 => 271
 41 64 40 37 17 72	 => 271
 43 72 17 47 69 23	 => 271
 80 23 69 36 8 55	 => 271
 35 24 34 77 70 31	 => 271
 40 31 70 75 18 37	 => 271
 17 37 18 79 73 47	 => 271
 69 47 73 39 7 36	 => 271
 70 77 9 19 21 75	 => 271
 18 75 21 14 63 79	 => 270
 73 79 63 13 4 39	 => 271


===================[TEST 5]===================

##### START ##### Tue May 20 11:07:33 2003



##### CONVERGE ##### Tue May 20 11:08:23 2003

Elapsed time: 50 seconds
Total loop: 217 generations

Result : 270.734

2 17 64 74 76 41 4 38 50 65 6 70 78 5 23 15 56 42 25 19 77 20 67 31 8 12 72 71 48 30 73 33 47 35 28 58 80 10 40 7 24 60 43 22 59 57 66 36 39 79 45 3 9 62 32 53 51 46 29 18 52 63 34 14 21 68 49 55 44 61 69 54 1 16 11 75 13 26 27 37 

 2 17 64 74 76 41	 => 274
 4 41 76 38 50 65	 => 274
 6 65 50 70 78 5	 => 274
 64 23 15 56 42 74	 => 274
 76 74 42 25 19 38	 => 274
 50 38 19 77 20 70	 => 274
 78 70 20 67 31 8	 => 274
 15 12 72 71 48 56	 => 274
 42 56 48 30 73 25	 => 274
 19 25 73 33 47 77	 => 274
 20 77 47 35 28 67	 => 274
 31 67 28 58 80 10	 => 274
 72 40 7 24 60 71	 => 274
 48 71 60 43 22 30	 => 274
 73 30 22 59 57 33	 => 274
 47 33 57 66 36 35	 => 274
 28 35 36 39 79 58	 => 275
 80 58 79 45 3 9	 => 274
 60 24 62 32 53 43	 => 274
 22 43 53 51 46 59	 => 274
 57 59 46 29 18 66	 => 275
 36 66 18 52 63 39	 => 274
 79 39 63 34 14 45	 => 274
 53 32 21 68 49 51	 => 274
 46 51 49 55 44 29	 => 274
 18 29 44 61 69 52	 => 273
 63 52 69 54 1 34	 => 273
 49 68 16 11 75 55	 => 274
 44 55 75 13 26 61	 => 274
 69 61 26 27 37 54	 => 274



test#	fitness		sum		time
---------------------------------------------------
1	269.723				69
2	271.093				79
3	268.417				89
4	267.722				59
5	270.734				50


---------------------------------------------------
Best fitness      : 271.093 ( test# 2)
Shortest time     : 50 ( test# 5)

Average fitness   : 269.538
Average time      : 69.2
