****************** GA TEST *******************

total test#:			 5
hexa min width:			 3
hexa max width:			 6
hexa count:			 30
number count:			 80
population size:		 80
generation size:		 10

tournament winner p:		 0.98
do xover p:			 1
xover:				 2points
do mutation1 p:			 0.1
mutation1 p:			 0.05
do optimize p:			 0.98
local optimize count:		 8000
do deep better optimize p:	 1
do deep worse optimize p:	 0
do spin p:			 0
spin count:			 900
do spin apply p:		 1
do mutation2 p:			 0.1
mutation2 p:			 0.07
force mutation2:		 0
replace bad p:			 0.195

converge rate p:		 0.99
converge count:			 1

**********************************************


===================[TEST 1]===================

##### START ##### Tue May 20 11:08:27 2003



##### CONVERGE ##### Tue May 20 11:09:45 2003

Elapsed time: 78 seconds
Total loop: 341 generations

Result : 271.167

5 34 65 72 76 24 8 43 79 46 31 64 45 11 3 42 55 39 25 20 32 38 67 50 12 18 28 74 58 33 66 61 71 47 21 77 54 7 15 40 78 41 60 9 62 44 48 6 57 68 51 22 4 2 14 80 36 29 56 37 59 69 30 1 23 53 70 75 10 52 63 35 19 16 13 49 17 73 27 26 

 5 34 65 72 76 24	 => 276
 8 24 76 43 79 46	 => 276
 31 46 79 64 45 11	 => 276
 65 3 42 55 39 72	 => 276
 76 72 39 25 20 43	 => 275
 79 43 20 32 38 64	 => 276
 45 64 38 67 50 12	 => 276
 42 18 28 74 58 55	 => 275
 39 55 58 33 66 25	 => 276
 20 25 66 61 71 32	 => 275
 38 32 71 47 21 67	 => 276
 50 67 21 77 54 7	 => 276
 28 15 40 78 41 74	 => 276
 58 74 41 60 9 33	 => 275
 66 33 9 62 44 61	 => 275
 71 61 44 48 6 47	 => 277
 21 47 6 57 68 77	 => 276
 54 77 68 51 22 4	 => 276
 41 78 2 14 80 60	 => 275
 9 60 80 36 29 62	 => 276
 44 62 29 56 37 48	 => 276
 6 48 37 59 69 57	 => 276
 68 57 69 30 1 51	 => 276
 80 14 23 53 70 36	 => 276
 29 36 70 75 10 56	 => 276
 37 56 10 52 63 59	 => 277
 69 59 63 35 19 30	 => 275
 70 53 16 13 49 75	 => 276
 10 75 49 17 73 52	 => 276
 63 52 73 27 26 35	 => 276


===================[TEST 2]===================

##### START ##### Tue May 20 11:09:45 2003



##### CONVERGE ##### Tue May 20 11:11:05 2003

Elapsed time: 80 seconds
Total loop: 354 generations

Result : 271.622

5 10 58 67 75 60 1 27 64 48 17 69 66 11 2 18 73 57 24 25 68 23 78 30 9 7 54 77 46 22 53 71 34 52 20 76 41 31 3 26 35 80 21 29 63 38 65 15 33 79 40 8 32 42 28 70 37 55 16 39 62 61 43 19 12 56 72 45 50 49 59 36 14 4 47 51 6 74 44 13 

 5 10 58 67 75 60	 => 275
 1 60 75 27 64 48	 => 275
 17 48 64 69 66 11	 => 275
 58 2 18 73 57 67	 => 275
 75 67 57 24 25 27	 => 275
 64 27 25 68 23 69	 => 276
 66 69 23 78 30 9	 => 275
 18 7 54 77 46 73	 => 275
 57 73 46 22 53 24	 => 275
 25 24 53 71 34 68	 => 275
 23 68 34 52 20 78	 => 275
 30 78 20 76 41 31	 => 276
 54 3 26 35 80 77	 => 275
 46 77 80 21 29 22	 => 275
 53 22 29 63 38 71	 => 276
 34 71 38 65 15 52	 => 275
 20 52 15 33 79 76	 => 275
 41 76 79 40 8 32	 => 276
 80 35 42 28 70 21	 => 276
 29 21 70 37 55 63	 => 275
 38 63 55 16 39 65	 => 276
 15 65 39 62 61 33	 => 275
 79 33 61 43 19 40	 => 275
 70 28 12 56 72 37	 => 275
 55 37 72 45 50 16	 => 275
 39 16 50 49 59 62	 => 275
 61 62 59 36 14 43	 => 275
 72 56 4 47 51 45	 => 275
 50 45 51 6 74 49	 => 275
 59 49 74 44 13 36	 => 275


===================[TEST 3]===================

##### START ##### Tue May 20 11:11:05 2003



##### CONVERGE ##### Tue May 20 11:12:21 2003

Elapsed time: 76 seconds
Total loop: 329 generations

Result : 272.311

30 24 34 70 53 65 5 41 67 45 1 77 64 22 8 54 58 52 33 27 13 51 68 14 2 18 66 60 20 37 76 48 79 9 56 73 47 19 7 21 42 80 57 23 61 31 78 32 35 71 59 16 10 11 17 69 39 28 43 36 49 46 40 25 38 50 63 74 29 44 75 62 4 12 6 72 3 55 26 15 

 30 24 34 70 53 65	 => 276
 5 65 53 41 67 45	 => 276
 1 45 67 77 64 22	 => 276
 34 8 54 58 52 70	 => 276
 53 70 52 33 27 41	 => 276
 67 41 27 13 51 77	 => 276
 64 77 51 68 14 2	 => 276
 54 18 66 60 20 58	 => 276
 52 58 20 37 76 33	 => 276
 27 33 76 48 79 13	 => 276
 51 13 79 9 56 68	 => 276
 14 68 56 73 47 19	 => 277
 66 7 21 42 80 60	 => 276
 20 60 80 57 23 37	 => 277
 76 37 23 61 31 48	 => 276
 79 48 31 78 32 9	 => 277
 56 9 32 35 71 73	 => 276
 47 73 71 59 16 10	 => 276
 80 42 11 17 69 57	 => 276
 23 57 69 39 28 61	 => 277
 31 61 28 43 36 78	 => 277
 32 78 36 49 46 35	 => 276
 71 35 46 40 25 59	 => 276
 69 17 38 50 63 39	 => 276
 28 39 63 74 29 43	 => 276
 36 43 29 44 75 49	 => 276
 46 49 75 62 4 40	 => 276
 63 50 12 6 72 74	 => 277
 29 74 72 3 55 44	 => 277
 75 44 55 26 15 62	 => 277


===================[TEST 4]===================

##### START ##### Tue May 20 11:12:21 2003



##### CONVERGE ##### Tue May 20 11:14:42 2003

Elapsed time: 141 seconds
Total loop: 622 generations

Result : 272.428

24 39 41 66 77 27 16 42 78 34 21 62 75 4 19 59 49 40 32 17 53 22 33 74 8 2 73 44 47 36 70 30 72 68 26 56 67 18 12 7 58 80 38 29 64 45 48 11 37 76 69 5 1 6 57 35 65 43 13 61 63 55 28 9 20 46 51 79 23 60 54 71 3 15 31 52 10 50 25 14 

 24 39 41 66 77 27	 => 274
 16 27 77 42 78 34	 => 274
 21 34 78 62 75 4	 => 274
 41 19 59 49 40 66	 => 274
 77 66 40 32 17 42	 => 274
 78 42 17 53 22 62	 => 274
 75 62 22 33 74 8	 => 274
 59 2 73 44 47 49	 => 274
 40 49 47 36 70 32	 => 274
 17 32 70 30 72 53	 => 274
 22 53 72 68 26 33	 => 274
 74 33 26 56 67 18	 => 274
 73 12 7 58 80 44	 => 274
 47 44 80 38 29 36	 => 274
 70 36 29 64 45 30	 => 274
 72 30 45 48 11 68	 => 274
 26 68 11 37 76 56	 => 274
 67 56 76 69 5 1	 => 274
 80 58 6 57 35 38	 => 274
 29 38 35 65 43 64	 => 274
 45 64 43 13 61 48	 => 274
 11 48 61 63 55 37	 => 275
 76 37 55 28 9 69	 => 274
 35 57 20 46 51 65	 => 274
 43 65 51 79 23 13	 => 274
 61 13 23 60 54 63	 => 274
 55 63 54 71 3 28	 => 274
 51 46 15 31 52 79	 => 274
 23 79 52 10 50 60	 => 274
 54 60 50 25 14 71	 => 274


===================[TEST 5]===================

##### START ##### Tue May 20 11:14:42 2003



##### CONVERGE ##### Tue May 20 11:15:35 2003

Elapsed time: 53 seconds
Total loop: 234 generations

Result : 269.722

5 15 41 70 73 69 10 9 54 58 2 78 38 42 3 28 75 56 57 8 76 48 36 67 6 19 61 53 37 16 32 65 34 50 29 68 62 11 7 33 40 79 24 64 47 49 45 30 25 71 55 13 4 26 46 59 35 44 66 22 74 77 14 31 1 60 72 39 17 51 43 52 12 18 21 63 23 80 27 20 

 5 15 41 70 73 69	 => 273
 10 69 73 9 54 58	 => 273
 2 58 54 78 38 42	 => 272
 41 3 28 75 56 70	 => 273
 73 70 56 57 8 9	 => 273
 54 9 8 76 48 78	 => 273
 38 78 48 36 67 6	 => 273
 28 19 61 53 37 75	 => 273
 56 75 37 16 32 57	 => 273
 8 57 32 65 34 76	 => 272
 48 76 34 50 29 36	 => 273
 67 36 29 68 62 11	 => 273
 61 7 33 40 79 53	 => 273
 37 53 79 24 64 16	 => 273
 32 16 64 47 49 65	 => 273
 34 65 49 45 30 50	 => 273
 29 50 30 25 71 68	 => 273
 62 68 71 55 13 4	 => 273
 79 40 26 46 59 24	 => 274
 64 24 59 35 44 47	 => 273
 49 47 44 66 22 45	 => 273
 30 45 22 74 77 25	 => 273
 71 25 77 14 31 55	 => 273
 59 46 1 60 72 35	 => 273
 44 35 72 39 17 66	 => 273
 22 66 17 51 43 74	 => 273
 77 74 43 52 12 14	 => 272
 72 60 18 21 63 39	 => 273
 17 39 63 23 80 51	 => 273
 43 51 80 27 20 52	 => 273



test#	fitness		sum		time
---------------------------------------------------
1	271.167				78
2	271.622				80
3	272.311				76
4	272.428				141
5	269.722				53


---------------------------------------------------
Best fitness      : 272.428 ( test# 4)
Shortest time     : 53 ( test# 5)

Average fitness   : 271.45
Average time      : 85.6
