****************** GA TEST *******************

total test#:			 5
hexa min width:			 3
hexa max width:			 6
hexa count:			 30
number count:			 80
population size:		 80
generation size:		 10

tournament winner p:		 0.98
do xover p:			 1
xover:				 2points
do mutation1 p:			 0.1
mutation1 p:			 0.05
do optimize p:			 0.96
local optimize count:		 8000
do deep better optimize p:	 1
do deep worse optimize p:	 0
do spin p:			 0
spin count:			 900
do spin apply p:		 1
do mutation2 p:			 0.1
mutation2 p:			 0.07
force mutation2:		 0
replace bad p:			 0.195

converge rate p:		 0.99
converge count:			 1

**********************************************


===================[TEST 1]===================

##### START ##### Tue May 20 11:15:37 2003



##### CONVERGE ##### Tue May 20 11:16:32 2003

Elapsed time: 55 seconds
Total loop: 245 generations

Result : 270.222

27 3 57 78 76 33 12 8 73 72 18 75 19 17 16 30 48 45 32 35 34 49 68 38 25 10 80 55 51 39 59 37 77 6 40 66 50 11 22 21 65 31 70 28 44 67 23 64 24 74 53 4 26 1 47 60 20 52 46 42 62 58 56 9 5 63 79 36 41 54 29 61 7 13 14 69 2 71 15 43 

 27 3 57 78 76 33	 => 274
 12 33 76 8 73 72	 => 274
 18 72 73 75 19 17	 => 274
 57 16 30 48 45 78	 => 274
 76 78 45 32 35 8	 => 274
 73 8 35 34 49 75	 => 274
 19 75 49 68 38 25	 => 274
 30 10 80 55 51 48	 => 274
 45 48 51 39 59 32	 => 274
 35 32 59 37 77 34	 => 274
 49 34 77 6 40 68	 => 274
 38 68 40 66 50 11	 => 273
 80 22 21 65 31 55	 => 274
 51 55 31 70 28 39	 => 274
 59 39 28 44 67 37	 => 274
 77 37 67 23 64 6	 => 274
 40 6 64 24 74 66	 => 274
 50 66 74 53 4 26	 => 273
 31 65 1 47 60 70	 => 274
 28 70 60 20 52 44	 => 274
 67 44 52 46 42 23	 => 274
 64 23 42 62 58 24	 => 273
 74 24 58 56 9 53	 => 274
 60 47 5 63 79 20	 => 274
 52 20 79 36 41 46	 => 274
 42 46 41 54 29 62	 => 274
 58 62 29 61 7 56	 => 273
 79 63 13 14 69 36	 => 274
 41 36 69 2 71 54	 => 273
 29 54 71 15 43 61	 => 273


===================[TEST 2]===================

##### START ##### Tue May 20 11:16:32 2003



##### CONVERGE ##### Tue May 20 11:17:41 2003

Elapsed time: 69 seconds
Total loop: 312 generations

Result : 272

5 24 51 56 60 80 2 11 52 71 3 79 39 32 8 30 68 63 18 69 44 20 77 48 13 19 58 76 25 40 62 28 55 43 37 47 50 17 4 31 54 53 49 33 35 78 38 34 45 70 73 27 9 6 41 72 26 61 29 36 57 67 14 7 15 46 75 64 21 59 74 42 22 16 10 65 1 66 12 23 

 5 24 51 56 60 80	 => 276
 2 80 60 11 52 71	 => 276
 3 71 52 79 39 32	 => 276
 51 8 30 68 63 56	 => 276
 60 56 63 18 69 11	 => 277
 52 11 69 44 20 79	 => 275
 39 79 20 77 48 13	 => 276
 30 19 58 76 25 68	 => 276
 63 68 25 40 62 18	 => 276
 69 18 62 28 55 44	 => 276
 20 44 55 43 37 77	 => 276
 48 77 37 47 50 17	 => 276
 58 4 31 54 53 76	 => 276
 25 76 53 49 33 40	 => 276
 62 40 33 35 78 28	 => 276
 55 28 78 38 34 43	 => 276
 37 43 34 45 70 47	 => 276
 50 47 70 73 27 9	 => 276
 53 54 6 41 72 49	 => 275
 33 49 72 26 61 35	 => 276
 78 35 61 29 36 38	 => 277
 34 38 36 57 67 45	 => 277
 70 45 67 14 7 73	 => 276
 72 41 15 46 75 26	 => 275
 61 26 75 64 21 29	 => 276
 36 29 21 59 74 57	 => 276
 67 57 74 42 22 14	 => 276
 75 46 16 10 65 64	 => 276
 21 64 65 1 66 59	 => 276
 74 59 66 12 23 42	 => 276


===================[TEST 3]===================

##### START ##### Tue May 20 11:17:41 2003



##### CONVERGE ##### Tue May 20 11:18:49 2003

Elapsed time: 68 seconds
Total loop: 305 generations

Result : 268.5

9 3 75 63 42 80 15 44 47 43 59 51 67 5 21 39 73 1 57 64 38 28 76 30 20 2 60 74 24 65 52 11 50 54 26 78 40 22 13 37 55 33 49 27 61 56 69 31 17 66 68 6 14 18 46 71 35 29 16 41 34 79 32 10 7 36 77 62 53 58 70 45 12 25 48 23 4 72 8 19 

 9 3 75 63 42 80	 => 272
 15 80 42 44 47 43	 => 271
 59 43 47 51 67 5	 => 272
 75 21 39 73 1 63	 => 272
 42 63 1 57 64 44	 => 271
 47 44 64 38 28 51	 => 272
 67 51 28 76 30 20	 => 272
 39 2 60 74 24 73	 => 272
 1 73 24 65 52 57	 => 272
 64 57 52 11 50 38	 => 272
 28 38 50 54 26 76	 => 272
 30 76 26 78 40 22	 => 272
 60 13 37 55 33 74	 => 272
 24 74 33 49 27 65	 => 272
 52 65 27 61 56 11	 => 272
 50 11 56 69 31 54	 => 271
 26 54 31 17 66 78	 => 272
 40 78 66 68 6 14	 => 272
 33 55 18 46 71 49	 => 272
 27 49 71 35 29 61	 => 272
 56 61 29 16 41 69	 => 272
 31 69 41 34 79 17	 => 271
 66 17 79 32 10 68	 => 272
 71 46 7 36 77 35	 => 272
 29 35 77 62 53 16	 => 272
 41 16 53 58 70 34	 => 272
 79 34 70 45 12 32	 => 272
 77 36 25 48 23 62	 => 271
 53 62 23 4 72 58	 => 272
 70 58 72 8 19 45	 => 272


===================[TEST 4]===================

##### START ##### Tue May 20 11:18:49 2003



##### CONVERGE ##### Tue May 20 11:19:44 2003

Elapsed time: 55 seconds
Total loop: 247 generations

Result : 265.722

10 41 66 75 15 62 17 44 63 67 37 58 36 8 5 52 50 21 55 59 3 43 64 19 49 2 79 29 57 32 54 26 72 16 71 35 68 11 9 45 27 80 18 53 56 48 77 30 47 70 33 12 51 24 46 74 28 40 23 25 14 76 42 1 4 39 78 34 65 73 69 61 7 38 20 60 6 31 13 22 

 10 41 66 75 15 62	 => 269
 17 62 15 44 63 67	 => 268
 37 67 63 58 36 8	 => 269
 66 5 52 50 21 75	 => 269
 15 75 21 55 59 44	 => 269
 63 44 59 3 43 58	 => 270
 36 58 43 64 19 49	 => 269
 52 2 79 29 57 50	 => 269
 21 50 57 32 54 55	 => 269
 59 55 54 26 72 3	 => 269
 43 3 72 16 71 64	 => 269
 19 64 71 35 68 11	 => 268
 79 9 45 27 80 29	 => 269
 57 29 80 18 53 32	 => 269
 54 32 53 56 48 26	 => 269
 72 26 48 77 30 16	 => 269
 71 16 30 47 70 35	 => 269
 68 35 70 33 12 51	 => 269
 80 27 24 46 74 18	 => 269
 53 18 74 28 40 56	 => 269
 48 56 40 23 25 77	 => 269
 30 77 25 14 76 47	 => 269
 70 47 76 42 1 33	 => 269
 74 46 4 39 78 28	 => 269
 40 28 78 34 65 23	 => 268
 25 23 65 73 69 14	 => 269
 76 14 69 61 7 42	 => 269
 78 39 38 20 60 34	 => 269
 65 34 60 6 31 73	 => 269
 69 73 31 13 22 61	 => 269


===================[TEST 5]===================

##### START ##### Tue May 20 11:19:44 2003



##### CONVERGE ##### Tue May 20 11:20:51 2003

Elapsed time: 67 seconds
Total loop: 298 generations

Result : 273.093

10 43 49 74 53 47 21 18 77 60 6 80 38 15 13 34 55 52 71 8 56 37 54 36 31 3 64 76 44 26 28 51 62 33 35 72 78 1 7 2 65 63 22 45 68 58 61 11 59 67 41 14 4 5 42 79 16 46 19 24 48 73 27 9 12 57 70 75 50 69 66 39 23 29 20 25 17 40 30 32 

 10 43 49 74 53 47	 => 276
 21 47 53 18 77 60	 => 276
 6 60 77 80 38 15	 => 276
 49 13 34 55 52 74	 => 277
 53 74 52 71 8 18	 => 276
 77 18 8 56 37 80	 => 276
 38 80 37 54 36 31	 => 276
 34 3 64 76 44 55	 => 276
 52 55 44 26 28 71	 => 276
 8 71 28 51 62 56	 => 276
 37 56 62 33 35 54	 => 277
 36 54 35 72 78 1	 => 276
 64 7 2 65 63 76	 => 277
 44 76 63 22 45 26	 => 276
 28 26 45 68 58 51	 => 276
 62 51 58 61 11 33	 => 276
 35 33 11 59 67 72	 => 277
 78 72 67 41 14 4	 => 276
 63 65 5 42 79 22	 => 276
 45 22 79 16 46 68	 => 276
 58 68 46 19 24 61	 => 276
 11 61 24 48 73 59	 => 276
 67 59 73 27 9 41	 => 276
 79 42 12 57 70 16	 => 276
 46 16 70 75 50 19	 => 276
 24 19 50 69 66 48	 => 276
 73 48 66 39 23 27	 => 276
 70 57 29 20 25 75	 => 276
 50 75 25 17 40 69	 => 276
 66 69 40 30 32 39	 => 276



test#	fitness		sum		time
---------------------------------------------------
1	270.222				55
2	272				69
3	268.5				68
4	265.722				55
5	273.093				67


---------------------------------------------------
Best fitness      : 273.093 ( test# 5)
Shortest time     : 55 ( test# 1)

Average fitness   : 269.907
Average time      : 62.8
