****************** GA TEST *******************

total test#:			 5
hexa min width:			 3
hexa max width:			 6
hexa count:			 30
number count:			 80
population size:		 80
generation size:		 10

tournament winner p:		 0.98
do xover p:			 1
xover:				 2points
do mutation1 p:			 0.1
mutation1 p:			 0.05
do optimize p:			 0.98
local optimize count:		 9000
do deep better optimize p:	 1
do deep worse optimize p:	 0
do spin p:			 0
spin count:			 900
do spin apply p:		 1
do mutation2 p:			 0.1
mutation2 p:			 0.07
force mutation2:		 0
replace bad p:			 0.195

converge rate p:		 0.99
converge count:			 1

**********************************************


===================[TEST 1]===================

##### START ##### Tue May 20 11:20:52 2003



##### CONVERGE ##### Tue May 20 11:22:08 2003

Elapsed time: 76 seconds
Total loop: 297 generations

Result : 270.323

38 14 64 58 76 25 8 30 69 66 12 55 72 1 5 34 60 54 21 36 57 27 79 40 2 4 80 75 22 48 70 47 43 53 15 73 51 17 23 7 19 71 32 26 45 39 56 37 28 68 63 11 9 50 44 59 46 67 35 33 42 78 20 18 16 49 61 52 13 77 74 31 29 41 10 62 6 65 3 24 

 38 14 64 58 76 25	 => 275
 8 25 76 30 69 66	 => 274
 12 66 69 55 72 1	 => 275
 64 5 34 60 54 58	 => 275
 76 58 54 21 36 30	 => 275
 69 30 36 57 27 55	 => 274
 72 55 27 79 40 2	 => 275
 34 4 80 75 22 60	 => 275
 54 60 22 48 70 21	 => 275
 36 21 70 47 43 57	 => 274
 27 57 43 53 15 79	 => 274
 40 79 15 73 51 17	 => 275
 80 23 7 19 71 75	 => 275
 22 75 71 32 26 48	 => 274
 70 48 26 45 39 47	 => 275
 43 47 39 56 37 53	 => 275
 15 53 37 28 68 73	 => 274
 51 73 68 63 11 9	 => 275
 71 19 50 44 59 32	 => 275
 26 32 59 46 67 45	 => 275
 39 45 67 35 33 56	 => 275
 37 56 33 42 78 28	 => 274
 68 28 78 20 18 63	 => 275
 59 44 16 49 61 46	 => 275
 67 46 61 52 13 35	 => 274
 33 35 13 77 74 42	 => 274
 78 42 74 31 29 20	 => 274
 61 49 41 10 62 52	 => 275
 13 52 62 6 65 77	 => 275
 74 77 65 3 24 31	 => 274


===================[TEST 2]===================

##### START ##### Tue May 20 11:22:08 2003



##### CONVERGE ##### Tue May 20 11:23:18 2003

Elapsed time: 70 seconds
Total loop: 271 generations

Result : 268.315

23 3 27 76 63 80 10 1 61 57 29 69 52 4 21 50 53 45 32 56 17 68 49 18 16 6 75 62 26 51 65 24 78 22 38 79 48 40 12 8 74 41 59 33 42 58 47 43 13 77 54 5 9 11 28 60 31 46 35 44 71 55 36 37 19 70 64 72 25 67 30 66 14 39 7 20 15 73 2 34 

 23 3 27 76 63 80	 => 272
 10 80 63 1 61 57	 => 272
 29 57 61 69 52 4	 => 272
 27 21 50 53 45 76	 => 272
 63 76 45 32 56 1	 => 273
 61 1 56 17 68 69	 => 272
 52 69 68 49 18 16	 => 272
 50 6 75 62 26 53	 => 272
 45 53 26 51 65 32	 => 272
 56 32 65 24 78 17	 => 272
 68 17 78 22 38 49	 => 272
 18 49 38 79 48 40	 => 272
 75 12 8 74 41 62	 => 272
 26 62 41 59 33 51	 => 272
 65 51 33 42 58 24	 => 273
 78 24 58 47 43 22	 => 272
 38 22 43 13 77 79	 => 272
 48 79 77 54 5 9	 => 272
 41 74 11 28 60 59	 => 273
 33 59 60 31 46 42	 => 271
 58 42 46 35 44 47	 => 272
 43 47 44 71 55 13	 => 273
 77 13 55 36 37 54	 => 272
 60 28 19 70 64 31	 => 272
 46 31 64 72 25 35	 => 273
 44 35 25 67 30 71	 => 272
 55 71 30 66 14 36	 => 272
 64 70 39 7 20 72	 => 272
 25 72 20 15 73 67	 => 272
 30 67 73 2 34 66	 => 272


===================[TEST 3]===================

##### START ##### Tue May 20 11:23:18 2003



##### CONVERGE ##### Tue May 20 11:24:33 2003

Elapsed time: 75 seconds
Total loop: 292 generations

Result : 269.722

33 15 35 77 61 52 4 18 79 59 37 19 71 7 2 43 56 60 40 17 78 62 53 66 1 12 26 69 67 20 30 76 32 27 21 75 48 10 13 58 68 39 54 24 57 65 45 29 51 70 25 6 49 9 31 72 44 22 38 46 28 74 50 3 5 41 80 55 34 64 63 42 16 47 14 36 11 73 8 23 

 33 15 35 77 61 52	 => 273
 4 52 61 18 79 59	 => 273
 37 59 79 19 71 7	 => 272
 35 2 43 56 60 77	 => 273
 61 77 60 40 17 18	 => 273
 79 18 17 78 62 19	 => 273
 71 19 62 53 66 1	 => 272
 43 12 26 69 67 56	 => 273
 60 56 67 20 30 40	 => 273
 17 40 30 76 32 78	 => 273
 62 78 32 27 21 53	 => 273
 66 53 21 75 48 10	 => 273
 26 13 58 68 39 69	 => 273
 67 69 39 54 24 20	 => 273
 30 20 24 57 65 76	 => 272
 32 76 65 45 29 27	 => 274
 21 27 29 51 70 75	 => 273
 48 75 70 25 6 49	 => 273
 39 68 9 31 72 54	 => 273
 24 54 72 44 22 57	 => 273
 65 57 22 38 46 45	 => 273
 29 45 46 28 74 51	 => 273
 70 51 74 50 3 25	 => 273
 72 31 5 41 80 44	 => 273
 22 44 80 55 34 38	 => 273
 46 38 34 64 63 28	 => 273
 74 28 63 42 16 50	 => 273
 80 41 47 14 36 55	 => 273
 34 55 36 11 73 64	 => 273
 63 64 73 8 23 42	 => 273


===================[TEST 4]===================

##### START ##### Tue May 20 11:24:33 2003



##### CONVERGE ##### Tue May 20 11:25:57 2003

Elapsed time: 84 seconds
Total loop: 327 generations

Result : 268.722

7 11 62 76 66 50 39 16 69 32 10 77 71 13 5 15 70 43 48 23 49 38 29 56 1 42 52 63 30 28 53 22 78 21 57 60 44 26 17 3 58 79 8 64 46 59 73 19 40 75 51 33 9 25 67 35 74 45 12 37 61 41 31 34 6 18 72 54 14 80 68 47 24 27 36 65 4 55 20 2 

 7 11 62 76 66 50	 => 272
 39 50 66 16 69 32	 => 272
 10 32 69 77 71 13	 => 272
 62 5 15 70 43 76	 => 271
 66 76 43 48 23 16	 => 272
 69 16 23 49 38 77	 => 272
 71 77 38 29 56 1	 => 272
 15 42 52 63 30 70	 => 272
 43 70 30 28 53 48	 => 272
 23 48 53 22 78 49	 => 273
 38 49 78 21 57 29	 => 272
 56 29 57 60 44 26	 => 272
 52 17 3 58 79 63	 => 272
 30 63 79 8 64 28	 => 272
 53 28 64 46 59 22	 => 272
 78 22 59 73 19 21	 => 272
 57 21 19 40 75 60	 => 272
 44 60 75 51 33 9	 => 272
 79 58 25 67 35 8	 => 272
 64 8 35 74 45 46	 => 272
 59 46 45 12 37 73	 => 272
 19 73 37 61 41 40	 => 271
 75 40 41 31 34 51	 => 272
 35 67 6 18 72 74	 => 272
 45 74 72 54 14 12	 => 271
 37 12 14 80 68 61	 => 272
 41 61 68 47 24 31	 => 272
 72 18 27 36 65 54	 => 272
 14 54 65 4 55 80	 => 272
 68 80 55 20 2 47	 => 272


===================[TEST 5]===================

##### START ##### Tue May 20 11:25:57 2003



##### CONVERGE ##### Tue May 20 11:26:57 2003

Elapsed time: 60 seconds
Total loop: 234 generations

Result : 267.315

23 18 62 72 40 56 6 45 64 61 34 42 67 3 4 48 70 15 63 35 26 59 78 24 1 17 16 46 74 30 20 77 50 21 37 79 47 7 66 19 75 49 65 8 76 60 54 9 52 73 53 14 5 2 41 39 51 32 22 27 58 71 10 12 43 28 69 68 29 80 55 44 33 11 38 57 13 25 36 31 

 23 18 62 72 40 56	 => 271
 6 56 40 45 64 61	 => 272
 34 61 64 42 67 3	 => 271
 62 4 48 70 15 72	 => 271
 40 72 15 63 35 45	 => 270
 64 45 35 26 59 42	 => 271
 67 42 59 78 24 1	 => 271
 48 17 16 46 74 70	 => 271
 15 70 74 30 20 63	 => 272
 35 63 20 77 50 26	 => 271
 59 26 50 21 37 78	 => 271
 24 78 37 79 47 7	 => 272
 16 66 19 75 49 46	 => 271
 74 46 49 65 8 30	 => 272
 20 30 8 76 60 77	 => 271
 50 77 60 54 9 21	 => 271
 37 21 9 52 73 79	 => 271
 47 79 73 53 14 5	 => 271
 49 75 2 41 39 65	 => 271
 8 65 39 51 32 76	 => 271
 60 76 32 22 27 54	 => 271
 9 54 27 58 71 52	 => 271
 73 52 71 10 12 53	 => 271
 39 41 43 28 69 51	 => 271
 32 51 69 68 29 22	 => 271
 27 22 29 80 55 58	 => 271
 71 58 55 44 33 10	 => 271
 69 28 11 38 57 68	 => 271
 29 68 57 13 25 80	 => 272
 55 80 25 36 31 44	 => 271



test#	fitness		sum		time
---------------------------------------------------
1	270.323				76
2	268.315				70
3	269.722				75
4	268.722				84
5	267.315				60


---------------------------------------------------
Best fitness      : 270.323 ( test# 1)
Shortest time     : 60 ( test# 5)

Average fitness   : 268.88
Average time      : 73
