****************** GA TEST *******************

total test#:			 5
hexa min width:			 3
hexa max width:			 6
hexa count:			 30
number count:			 80
population size:		 80
generation size:		 10

tournament winner p:		 0.98
do xover p:			 1
xover:				 2points
do mutation1 p:			 0.1
mutation1 p:			 0.05
do optimize p:			 0.98
local optimize count:		 7000
do deep better optimize p:	 1
do deep worse optimize p:	 0
do spin p:			 0
spin count:			 900
do spin apply p:		 1
do mutation2 p:			 0.1
mutation2 p:			 0.07
force mutation2:		 0
replace bad p:			 0.195

converge rate p:		 0.99
converge count:			 1

**********************************************


===================[TEST 1]===================

##### START ##### Tue May 20 11:26:57 2003



##### CONVERGE ##### Tue May 20 11:28:23 2003

Elapsed time: 86 seconds
Total loop: 433 generations

Result : 274.361

14 9 73 78 42 60 1 45 77 51 21 56 63 8 10 30 33 52 47 12 58 28 79 31 19 3 75 68 67 7 70 50 39 26 46 49 54 17 15 18 34 66 48 20 76 53 64 44 37 74 69 5 24 16 32 80 29 23 35 25 41 65 27 4 6 57 72 62 55 61 59 71 13 11 38 36 22 40 43 2 

 14 9 73 78 42 60	 => 276
 1 60 42 45 77 51	 => 276
 21 51 77 56 63 8	 => 276
 73 10 30 33 52 78	 => 276
 42 78 52 47 12 45	 => 276
 77 45 12 58 28 56	 => 276
 63 56 28 79 31 19	 => 276
 30 3 75 68 67 33	 => 276
 52 33 67 7 70 47	 => 276
 12 47 70 50 39 58	 => 276
 28 58 39 26 46 79	 => 276
 31 79 46 49 54 17	 => 276
 75 15 18 34 66 68	 => 276
 67 68 66 48 20 7	 => 276
 70 7 20 76 53 50	 => 276
 39 50 53 64 44 26	 => 276
 46 26 44 37 74 49	 => 276
 54 49 74 69 5 24	 => 275
 66 34 16 32 80 48	 => 276
 20 48 80 29 23 76	 => 276
 53 76 23 35 25 64	 => 276
 44 64 25 41 65 37	 => 276
 74 37 65 27 4 69	 => 276
 80 32 6 57 72 29	 => 276
 23 29 72 62 55 35	 => 276
 25 35 55 61 59 41	 => 276
 65 41 59 71 13 27	 => 276
 72 57 11 38 36 62	 => 276
 55 62 36 22 40 61	 => 276
 59 61 40 43 2 71	 => 276


===================[TEST 2]===================

##### START ##### Tue May 20 11:28:23 2003



##### CONVERGE ##### Tue May 20 11:29:44 2003

Elapsed time: 81 seconds
Total loop: 403 generations

Result : 270.394

17 15 39 65 80 58 9 5 78 44 4 75 55 18 3 51 66 50 47 28 20 68 38 31 6 8 62 74 13 53 45 77 57 22 69 71 54 11 12 43 24 59 49 26 33 40 63 16 32 64 36 34 14 27 42 73 46 48 29 61 35 67 56 19 2 41 70 60 21 52 76 30 10 23 1 79 25 37 7 72 

 17 15 39 65 80 58	 => 274
 9 58 80 5 78 44	 => 274
 4 44 78 75 55 18	 => 274
 39 3 51 66 50 65	 => 274
 80 65 50 47 28 5	 => 275
 78 5 28 20 68 75	 => 274
 55 75 68 38 31 6	 => 273
 51 8 62 74 13 66	 => 274
 50 66 13 53 45 47	 => 274
 28 47 45 77 57 20	 => 274
 68 20 57 22 69 38	 => 274
 31 38 69 71 54 11	 => 274
 62 12 43 24 59 74	 => 274
 13 74 59 49 26 53	 => 274
 45 53 26 33 40 77	 => 274
 57 77 40 63 16 22	 => 275
 69 22 16 32 64 71	 => 274
 54 71 64 36 34 14	 => 273
 59 24 27 42 73 49	 => 274
 26 49 73 46 48 33	 => 275
 40 33 48 29 61 63	 => 274
 16 63 61 35 67 32	 => 274
 64 32 67 56 19 36	 => 274
 73 42 2 41 70 46	 => 274
 48 46 70 60 21 29	 => 274
 61 29 21 52 76 35	 => 274
 67 35 76 30 10 56	 => 274
 70 41 23 1 79 60	 => 274
 21 60 79 25 37 52	 => 274
 76 52 37 7 72 30	 => 274


===================[TEST 3]===================

##### START ##### Tue May 20 11:29:44 2003



##### CONVERGE ##### Tue May 20 11:30:45 2003

Elapsed time: 61 seconds
Total loop: 307 generations

Result : 271.984

9 11 72 68 69 47 1 44 77 38 21 66 70 3 14 31 65 25 63 7 46 36 79 15 10 19 61 71 29 20 74 62 24 43 48 51 59 23 30 12 22 80 37 39 27 54 64 28 49 57 40 52 16 6 56 75 42 55 26 50 18 67 58 5 2 60 41 78 33 73 76 53 4 35 17 45 13 34 32 8 

 9 11 72 68 69 47	 => 276
 1 47 69 44 77 38	 => 276
 21 38 77 66 70 3	 => 275
 72 14 31 65 25 68	 => 275
 69 68 25 63 7 44	 => 276
 77 44 7 46 36 66	 => 276
 70 66 36 79 15 10	 => 276
 31 19 61 71 29 65	 => 276
 25 65 29 20 74 63	 => 276
 7 63 74 62 24 46	 => 276
 36 46 24 43 48 79	 => 276
 15 79 48 51 59 23	 => 275
 61 30 12 22 80 71	 => 276
 29 71 80 37 39 20	 => 276
 74 20 39 27 54 62	 => 276
 24 62 54 64 28 43	 => 275
 48 43 28 49 57 51	 => 276
 59 51 57 40 52 16	 => 275
 80 22 6 56 75 37	 => 276
 39 37 75 42 55 27	 => 275
 54 27 55 26 50 64	 => 276
 28 64 50 18 67 49	 => 276
 57 49 67 58 5 40	 => 276
 75 56 2 60 41 42	 => 276
 55 42 41 78 33 26	 => 275
 50 26 33 73 76 18	 => 276
 67 18 76 53 4 58	 => 276
 41 60 35 17 45 78	 => 276
 33 78 45 13 34 73	 => 276
 76 73 34 32 8 53	 => 276


===================[TEST 4]===================

##### START ##### Tue May 20 11:30:45 2003



##### CONVERGE ##### Tue May 20 11:31:40 2003

Elapsed time: 55 seconds
Total loop: 275 generations

Result : 269.984

3 29 66 61 77 38 34 2 71 52 20 68 54 8 17 18 49 62 26 46 59 28 74 40 10 14 76 72 45 39 53 67 22 56 35 41 70 13 36 6 75 9 79 30 27 58 47 24 37 80 48 23 12 4 44 63 32 42 43 57 31 78 25 5 1 65 69 55 33 50 60 73 7 19 15 51 21 64 16 11 

 3 29 66 61 77 38	 => 274
 34 38 77 2 71 52	 => 274
 20 52 71 68 54 8	 => 273
 66 17 18 49 62 61	 => 273
 77 61 62 26 46 2	 => 274
 71 2 46 59 28 68	 => 274
 54 68 28 74 40 10	 => 274
 18 14 76 72 45 49	 => 274
 62 49 45 39 53 26	 => 274
 46 26 53 67 22 59	 => 273
 28 59 22 56 35 74	 => 274
 40 74 35 41 70 13	 => 273
 76 36 6 75 9 72	 => 274
 45 72 9 79 30 39	 => 274
 53 39 30 27 58 67	 => 274
 22 67 58 47 24 56	 => 274
 35 56 24 37 80 41	 => 273
 70 41 80 48 23 12	 => 274
 9 75 4 44 63 79	 => 274
 30 79 63 32 42 27	 => 273
 58 27 42 43 57 47	 => 274
 24 47 57 31 78 37	 => 274
 80 37 78 25 5 48	 => 273
 63 44 1 65 69 32	 => 274
 42 32 69 55 33 43	 => 274
 57 43 33 50 60 31	 => 274
 78 31 60 73 7 25	 => 274
 69 65 19 15 51 55	 => 274
 33 55 51 21 64 50	 => 274
 60 50 64 16 11 73	 => 274


===================[TEST 5]===================

##### START ##### Tue May 20 11:31:40 2003



##### CONVERGE ##### Tue May 20 11:32:25 2003

Elapsed time: 45 seconds
Total loop: 224 generations

Result : 267.417

22 16 66 70 69 27 28 39 30 77 19 51 33 60 1 6 71 56 7 29 79 42 76 53 15 8 68 55 62 10 65 64 26 34 13 75 48 5 14 11 73 50 72 21 80 31 63 52 35 61 54 23 9 2 49 24 36 37 41 18 43 59 58 3 20 74 67 45 44 78 46 47 17 32 12 40 25 38 57 4 

 22 16 66 70 69 27	 => 270
 28 27 69 39 30 77	 => 270
 19 77 30 51 33 60	 => 270
 66 1 6 71 56 70	 => 270
 69 70 56 7 29 39	 => 270
 30 39 29 79 42 51	 => 270
 33 51 42 76 53 15	 => 270
 6 8 68 55 62 71	 => 270
 56 71 62 10 65 7	 => 271
 29 7 65 64 26 79	 => 270
 42 79 26 34 13 76	 => 270
 53 76 13 75 48 5	 => 270
 68 14 11 73 50 55	 => 271
 62 55 50 72 21 10	 => 270
 65 10 21 80 31 64	 => 271
 26 64 31 63 52 34	 => 270
 13 34 52 35 61 75	 => 270
 48 75 61 54 23 9	 => 270
 50 73 2 49 24 72	 => 270
 21 72 24 36 37 80	 => 270
 31 80 37 41 18 63	 => 270
 52 63 18 43 59 35	 => 270
 61 35 59 58 3 54	 => 270
 24 49 20 74 67 36	 => 270
 37 36 67 45 44 41	 => 270
 18 41 44 78 46 43	 => 270
 59 43 46 47 17 58	 => 270
 67 74 32 12 40 45	 => 270
 44 45 40 25 38 78	 => 270
 46 78 38 57 4 47	 => 270



test#	fitness		sum		time
---------------------------------------------------
1	274.361				86
2	270.394				81
3	271.984				61
4	269.984				55
5	267.417				45


---------------------------------------------------
Best fitness      : 274.361 ( test# 1)
Shortest time     : 45 ( test# 5)

Average fitness   : 270.828
Average time      : 65.6
