****************** GA TEST *******************

total test#:			 5
hexa min width:			 3
hexa max width:			 6
hexa count:			 30
number count:			 80
population size:		 80
generation size:		 10

tournament winner p:		 0.98
do xover p:			 1
xover:				 2points
do mutation1 p:			 0.1
mutation1 p:			 0.05
do optimize p:			 0.98
local optimize count:		 8000
do deep better optimize p:	 1
do deep worse optimize p:	 0
do spin p:			 0
spin count:			 900
do spin apply p:		 1
do mutation2 p:			 0.1
mutation2 p:			 0.07
force mutation2:		 0
replace bad p:			 0.195

converge rate p:		 0.99
converge count:			 1

**********************************************


===================[TEST 1]===================

##### START ##### Tue May 20 11:32:27 2003



##### CONVERGE ##### Tue May 20 11:33:30 2003

Elapsed time: 63 seconds
Total loop: 276 generations

Result : 266.56

7 61 63 70 32 37 14 52 55 80 8 67 12 48 3 46 77 11 78 27 29 40 74 57 20 26 43 56 22 36 47 34 54 58 15 71 51 2 4 19 69 79 18 59 50 45 44 35 38 53 68 17 10 41 25 39 28 76 31 24 64 65 30 16 42 75 62 60 13 66 72 33 6 23 1 49 9 73 21 5 

 7 61 63 70 32 37	 => 270
 14 37 32 52 55 80	 => 270
 8 80 55 67 12 48	 => 270
 63 3 46 77 11 70	 => 270
 32 70 11 78 27 52	 => 270
 55 52 27 29 40 67	 => 270
 12 67 40 74 57 20	 => 270
 46 26 43 56 22 77	 => 270
 11 77 22 36 47 78	 => 271
 27 78 47 34 54 29	 => 269
 40 29 54 58 15 74	 => 270
 57 74 15 71 51 2	 => 270
 43 4 19 69 79 56	 => 270
 22 56 79 18 59 36	 => 270
 47 36 59 50 45 34	 => 271
 54 34 45 44 35 58	 => 270
 15 58 35 38 53 71	 => 270
 51 71 53 68 17 10	 => 270
 79 69 41 25 39 18	 => 271
 59 18 39 28 76 50	 => 270
 45 50 76 31 24 44	 => 270
 35 44 24 64 65 38	 => 270
 53 38 65 30 16 68	 => 270
 39 25 42 75 62 28	 => 271
 76 28 62 60 13 31	 => 270
 24 31 13 66 72 64	 => 270
 65 64 72 33 6 30	 => 270
 62 75 23 1 49 60	 => 270
 13 60 49 9 73 66	 => 270
 72 66 73 21 5 33	 => 270


===================[TEST 2]===================

##### START ##### Tue May 20 11:33:30 2003



##### CONVERGE ##### Tue May 20 11:34:55 2003

Elapsed time: 85 seconds
Total loop: 376 generations

Result : 268.984

14 22 36 80 73 48 3 46 45 58 40 76 52 2 15 24 67 51 10 13 72 21 69 49 6 23 38 70 50 30 65 42 71 11 29 59 66 1 28 18 54 64 55 4 79 53 17 78 34 62 25 27 33 5 39 56 60 19 44 61 8 75 68 9 7 37 74 41 35 77 47 63 12 31 32 57 20 43 16 26 

 14 22 36 80 73 48	 => 273
 3 48 73 46 45 58	 => 273
 40 58 45 76 52 2	 => 273
 36 15 24 67 51 80	 => 273
 73 80 51 10 13 46	 => 273
 45 46 13 72 21 76	 => 273
 52 76 21 69 49 6	 => 273
 24 23 38 70 50 67	 => 272
 51 67 50 30 65 10	 => 273
 13 10 65 42 71 72	 => 273
 21 72 71 11 29 69	 => 273
 49 69 29 59 66 1	 => 273
 38 28 18 54 64 70	 => 272
 50 70 64 55 4 30	 => 273
 65 30 4 79 53 42	 => 273
 71 42 53 17 78 11	 => 272
 29 11 78 34 62 59	 => 273
 66 59 62 25 27 33	 => 272
 64 54 5 39 56 55	 => 273
 4 55 56 60 19 79	 => 273
 53 79 19 44 61 17	 => 273
 78 17 61 8 75 34	 => 273
 62 34 75 68 9 25	 => 273
 56 39 7 37 74 60	 => 273
 19 60 74 41 35 44	 => 273
 61 44 35 77 47 8	 => 272
 75 8 47 63 12 68	 => 273
 74 37 31 32 57 41	 => 272
 35 41 57 20 43 77	 => 273
 47 77 43 16 26 63	 => 272


===================[TEST 3]===================

##### START ##### Tue May 20 11:34:55 2003



##### CONVERGE ##### Tue May 20 11:36:43 2003

Elapsed time: 108 seconds
Total loop: 474 generations

Result : 272.217

9 19 67 39 77 63 12 16 59 48 44 66 56 2 6 34 80 49 25 69 8 57 74 1 21 4 45 75 37 38 46 73 54 27 55 60 68 17 28 13 36 78 24 23 52 43 31 47 35 51 70 15 10 32 33 72 41 62 29 58 40 64 50 5 20 30 79 53 11 61 76 42 3 26 22 65 14 71 7 18 

 9 19 67 39 77 63	 => 274
 12 63 77 16 59 48	 => 275
 44 48 59 66 56 2	 => 275
 67 6 34 80 49 39	 => 275
 77 39 49 25 69 16	 => 275
 59 16 69 8 57 66	 => 275
 56 66 57 74 1 21	 => 275
 34 4 45 75 37 80	 => 275
 49 80 37 38 46 25	 => 275
 69 25 46 73 54 8	 => 275
 57 8 54 27 55 74	 => 275
 1 74 55 60 68 17	 => 275
 45 28 13 36 78 75	 => 275
 37 75 78 24 23 38	 => 275
 46 38 23 52 43 73	 => 275
 54 73 43 31 47 27	 => 275
 55 27 47 35 51 60	 => 275
 68 60 51 70 15 10	 => 274
 78 36 32 33 72 24	 => 275
 23 24 72 41 62 52	 => 274
 43 52 62 29 58 31	 => 275
 47 31 58 40 64 35	 => 275
 51 35 64 50 5 70	 => 275
 72 33 20 30 79 41	 => 275
 62 41 79 53 11 29	 => 275
 58 29 11 61 76 40	 => 275
 64 40 76 42 3 50	 => 275
 79 30 26 22 65 53	 => 275
 11 53 65 14 71 61	 => 275
 76 61 71 7 18 42	 => 275


===================[TEST 4]===================

##### START ##### Tue May 20 11:36:43 2003



##### CONVERGE ##### Tue May 20 11:37:58 2003

Elapsed time: 75 seconds
Total loop: 326 generations

Result : 268.222

11 29 48 62 58 64 4 13 56 76 10 43 34 52 31 53 40 38 47 54 46 60 51 77 7 25 61 49 44 67 36 65 23 66 26 74 35 9 24 14 78 45 55 12 50 42 68 8 27 71 70 5 17 15 20 59 63 33 22 57 37 75 28 1 21 30 79 72 3 80 73 41 18 2 19 69 16 32 6 39 

 11 29 48 62 58 64	 => 272
 4 64 58 13 56 76	 => 271
 10 76 56 43 34 52	 => 271
 48 31 53 40 38 62	 => 272
 58 62 38 47 54 13	 => 272
 56 13 54 46 60 43	 => 272
 34 43 60 51 77 7	 => 272
 53 25 61 49 44 40	 => 272
 38 40 44 67 36 47	 => 272
 54 47 36 65 23 46	 => 271
 60 46 23 66 26 51	 => 272
 77 51 26 74 35 9	 => 272
 61 24 14 78 45 49	 => 271
 44 49 45 55 12 67	 => 272
 36 67 12 50 42 65	 => 272
 23 65 42 68 8 66	 => 272
 26 66 8 27 71 74	 => 272
 35 74 71 70 5 17	 => 272
 45 78 15 20 59 55	 => 272
 12 55 59 63 33 50	 => 272
 42 50 33 22 57 68	 => 272
 8 68 57 37 75 27	 => 272
 71 27 75 28 1 70	 => 272
 59 20 21 30 79 63	 => 272
 33 63 79 72 3 22	 => 272
 57 22 3 80 73 37	 => 272
 75 37 73 41 18 28	 => 272
 79 30 2 19 69 72	 => 271
 3 72 69 16 32 80	 => 272
 73 80 32 6 39 41	 => 271


===================[TEST 5]===================

##### START ##### Tue May 20 11:37:58 2003



##### CONVERGE ##### Tue May 20 11:39:05 2003

Elapsed time: 67 seconds
Total loop: 292 generations

Result : 267.622

1 2 65 74 66 63 22 27 68 25 36 77 53 12 6 38 79 9 76 19 21 60 64 3 14 10 58 52 34 30 44 57 54 49 23 72 67 42 13 5 73 70 37 48 75 18 61 33 59 35 62 7 29 20 56 15 46 50 39 28 47 43 41 31 4 71 80 32 24 55 78 45 17 11 8 69 40 51 16 26 

 1 2 65 74 66 63	 => 271
 22 63 66 27 68 25	 => 271
 36 25 68 77 53 12	 => 271
 65 6 38 79 9 74	 => 271
 66 74 9 76 19 27	 => 271
 68 27 19 21 60 77	 => 272
 53 77 60 64 3 14	 => 271
 38 10 58 52 34 79	 => 271
 9 79 34 30 44 76	 => 272
 19 76 44 57 54 21	 => 271
 60 21 54 49 23 64	 => 271
 3 64 23 72 67 42	 => 271
 58 13 5 73 70 52	 => 271
 34 52 70 37 48 30	 => 271
 44 30 48 75 18 57	 => 272
 54 57 18 61 33 49	 => 272
 23 49 33 59 35 72	 => 271
 67 72 35 62 7 29	 => 272
 70 73 20 56 15 37	 => 271
 48 37 15 46 50 75	 => 271
 18 75 50 39 28 61	 => 271
 33 61 28 47 43 59	 => 271
 35 59 43 41 31 62	 => 271
 15 56 4 71 80 46	 => 272
 50 46 80 32 24 39	 => 271
 28 39 24 55 78 47	 => 271
 43 47 78 45 17 41	 => 271
 80 71 11 8 69 32	 => 271
 24 32 69 40 51 55	 => 271
 78 55 51 16 26 45	 => 271



test#	fitness		sum		time
---------------------------------------------------
1	266.56				63
2	268.984				85
3	272.217				108
4	268.222				75
5	267.622				67


---------------------------------------------------
Best fitness      : 272.217 ( test# 3)
Shortest time     : 63 ( test# 1)

Average fitness   : 268.721
Average time      : 79.6
