****************** GA TEST *******************

total test#:			 5
hexa min width:			 3
hexa max width:			 6
hexa count:			 30
number count:			 80
population size:		 80
generation size:		 10

tournament winner p:		 0.98
do xover p:			 1
xover:				 2points
do mutation1 p:			 0.1
mutation1 p:			 0.05
do optimize p:			 0.98
local optimize count:		 8000
do deep better optimize p:	 0.98
do deep worse optimize p:	 0
do spin p:			 0
spin count:			 900
do spin apply p:		 1
do mutation2 p:			 0.1
mutation2 p:			 0.07
force mutation2:		 0
replace bad p:			 0.195

converge rate p:		 0.99
converge count:			 1

**********************************************


===================[TEST 1]===================

##### START ##### Tue May 20 11:39:07 2003



##### CONVERGE ##### Tue May 20 11:39:58 2003

Elapsed time: 51 seconds
Total loop: 222 generations

Result : 265.56

9 2 58 70 76 54 3 12 64 61 20 60 46 19 23 10 79 29 15 67 32 34 69 59 1 18 62 44 56 42 48 68 40 55 39 51 43 8 7 17 65 74 27 26 50 35 24 47 6 71 80 11 13 22 28 53 36 77 5 78 73 41 21 49 14 63 75 45 31 57 25 72 38 4 16 66 37 33 30 52 

 9 2 58 70 76 54	 => 269
 3 54 76 12 64 61	 => 270
 20 61 64 60 46 19	 => 270
 58 23 10 79 29 70	 => 269
 76 70 29 15 67 12	 => 269
 64 12 67 32 34 60	 => 269
 46 60 34 69 59 1	 => 269
 10 18 62 44 56 79	 => 269
 29 79 56 42 48 15	 => 269
 67 15 48 68 40 32	 => 270
 34 32 40 55 39 69	 => 269
 59 69 39 51 43 8	 => 269
 62 7 17 65 74 44	 => 269
 56 44 74 27 26 42	 => 269
 48 42 26 50 35 68	 => 269
 40 68 35 24 47 55	 => 269
 39 55 47 6 71 51	 => 269
 43 51 71 80 11 13	 => 269
 74 65 22 28 53 27	 => 269
 26 27 53 36 77 50	 => 269
 35 50 77 5 78 24	 => 269
 47 24 78 73 41 6	 => 269
 71 6 41 21 49 80	 => 268
 53 28 14 63 75 36	 => 269
 77 36 75 45 31 5	 => 269
 78 5 31 57 25 73	 => 269
 41 73 25 72 38 21	 => 270
 75 63 4 16 66 45	 => 269
 31 45 66 37 33 57	 => 269
 25 57 33 30 52 72	 => 269


===================[TEST 2]===================

##### START ##### Tue May 20 11:39:58 2003



##### CONVERGE ##### Tue May 20 11:41:00 2003

Elapsed time: 62 seconds
Total loop: 274 generations

Result : 266.315

59 3 25 71 54 58 6 5 68 79 4 78 29 12 2 69 55 48 26 67 16 36 77 39 11 24 15 74 33 42 66 61 35 63 43 32 65 14 13 19 76 73 40 8 46 47 23 41 28 64 50 21 38 17 30 34 80 62 20 72 37 70 49 9 31 44 52 45 10 75 56 57 1 51 18 60 27 53 22 7 

 59 3 25 71 54 58	 => 270
 6 58 54 5 68 79	 => 270
 4 79 68 78 29 12	 => 270
 25 2 69 55 48 71	 => 270
 54 71 48 26 67 5	 => 271
 68 5 67 16 36 78	 => 270
 29 78 36 77 39 11	 => 270
 69 24 15 74 33 55	 => 270
 48 55 33 42 66 26	 => 270
 67 26 66 61 35 16	 => 271
 36 16 35 63 43 77	 => 270
 39 77 43 32 65 14	 => 270
 15 13 19 76 73 74	 => 270
 33 74 73 40 8 42	 => 270
 66 42 8 46 47 61	 => 270
 35 61 47 23 41 63	 => 270
 43 63 41 28 64 32	 => 271
 65 32 64 50 21 38	 => 270
 73 76 17 30 34 40	 => 270
 8 40 34 80 62 46	 => 270
 47 46 62 20 72 23	 => 270
 41 23 72 37 70 28	 => 271
 64 28 70 49 9 50	 => 270
 34 30 31 44 52 80	 => 271
 62 80 52 45 10 20	 => 269
 72 20 10 75 56 37	 => 270
 70 37 56 57 1 49	 => 270
 52 44 51 18 60 45	 => 270
 10 45 60 27 53 75	 => 270
 56 75 53 22 7 57	 => 270


===================[TEST 3]===================

##### START ##### Tue May 20 11:41:00 2003



##### CONVERGE ##### Tue May 20 11:42:04 2003

Elapsed time: 64 seconds
Total loop: 278 generations

Result : 266.404

14 17 26 79 66 69 8 10 77 42 1 56 65 29 21 47 61 36 62 18 68 41 59 45 5 12 75 19 57 35 20 44 58 39 7 80 67 13 30 46 24 76 33 51 72 49 38 43 48 54 40 2 28 34 25 78 15 22 37 53 16 73 52 4 9 70 74 60 63 31 71 27 32 11 6 50 3 64 23 55 

 14 17 26 79 66 69	 => 271
 8 69 66 10 77 42	 => 272
 1 42 77 56 65 29	 => 270
 26 21 47 61 36 79	 => 270
 66 79 36 62 18 10	 => 271
 77 10 18 68 41 56	 => 270
 65 56 41 59 45 5	 => 271
 47 12 75 19 57 61	 => 271
 36 61 57 35 20 62	 => 271
 18 62 20 44 58 68	 => 270
 41 68 58 39 7 59	 => 272
 45 59 7 80 67 13	 => 271
 75 30 46 24 76 19	 => 270
 57 19 76 33 51 35	 => 271
 20 35 51 72 49 44	 => 271
 58 44 49 38 43 39	 => 271
 7 39 43 48 54 80	 => 271
 67 80 54 40 2 28	 => 271
 76 24 34 25 78 33	 => 270
 51 33 78 15 22 72	 => 271
 49 72 22 37 53 38	 => 271
 43 38 53 16 73 48	 => 271
 54 48 73 52 4 40	 => 271
 78 25 9 70 74 15	 => 271
 22 15 74 60 63 37	 => 271
 53 37 63 31 71 16	 => 271
 73 16 71 27 32 52	 => 271
 74 70 11 6 50 60	 => 271
 63 60 50 3 64 31	 => 271
 71 31 64 23 55 27	 => 271


===================[TEST 4]===================

##### START ##### Tue May 20 11:42:04 2003



##### CONVERGE ##### Tue May 20 11:43:14 2003

Elapsed time: 70 seconds
Total loop: 310 generations

Result : 265.218

43 16 18 61 74 58 6 14 73 44 9 55 70 19 45 41 75 30 76 15 60 53 69 21 1 5 77 39 32 46 11 51 57 8 23 79 40 38 17 25 34 78 27 48 50 63 24 66 26 68 47 33 3 4 54 72 7 65 37 31 56 67 49 12 13 64 59 80 22 71 52 36 10 29 2 35 42 20 62 28 

 43 16 18 61 74 58	 => 270
 6 58 74 14 73 44	 => 269
 9 44 73 55 70 19	 => 270
 18 45 41 75 30 61	 => 270
 74 61 30 76 15 14	 => 270
 73 14 15 60 53 55	 => 270
 70 55 53 69 21 1	 => 269
 41 5 77 39 32 75	 => 269
 30 75 32 46 11 76	 => 270
 15 76 11 51 57 60	 => 270
 53 60 57 8 23 69	 => 270
 21 69 23 79 40 38	 => 270
 77 17 25 34 78 39	 => 270
 32 39 78 27 48 46	 => 270
 11 46 48 50 63 51	 => 269
 57 51 63 24 66 8	 => 269
 23 8 66 26 68 79	 => 270
 40 79 68 47 33 3	 => 270
 78 34 4 54 72 27	 => 269
 48 27 72 7 65 50	 => 269
 63 50 65 37 31 24	 => 270
 66 24 31 56 67 26	 => 270
 68 26 67 49 12 47	 => 269
 72 54 13 64 59 7	 => 269
 65 7 59 80 22 37	 => 270
 31 37 22 71 52 56	 => 269
 67 56 52 36 10 49	 => 270
 59 64 29 2 35 80	 => 269
 22 80 35 42 20 71	 => 270
 52 71 20 62 28 36	 => 269


===================[TEST 5]===================

##### START ##### Tue May 20 11:43:14 2003



##### CONVERGE ##### Tue May 20 11:44:05 2003

Elapsed time: 51 seconds
Total loop: 223 generations

Result : 267.5

6 11 58 69 74 53 19 25 76 24 45 41 79 5 7 26 68 43 9 51 47 31 75 22 23 15 80 16 65 27 59 56 49 37 32 57 77 8 40 17 63 54 67 42 52 35 60 34 50 61 64 10 1 3 46 38 33 39 30 55 28 44 48 4 21 62 71 78 20 72 66 12 73 18 13 29 2 70 36 14 

 6 11 58 69 74 53	 => 271
 19 53 74 25 76 24	 => 271
 45 24 76 41 79 5	 => 270
 58 7 26 68 43 69	 => 271
 74 69 43 9 51 25	 => 271
 76 25 51 47 31 41	 => 271
 79 41 31 75 22 23	 => 271
 26 15 80 16 65 68	 => 270
 43 68 65 27 59 9	 => 271
 51 9 59 56 49 47	 => 271
 31 47 49 37 32 75	 => 271
 22 75 32 57 77 8	 => 271
 80 40 17 63 54 16	 => 270
 65 16 54 67 42 27	 => 271
 59 27 42 52 35 56	 => 271
 49 56 35 60 34 37	 => 271
 32 37 34 50 61 57	 => 271
 77 57 61 64 10 1	 => 270
 54 63 3 46 38 67	 => 271
 42 67 38 33 39 52	 => 271
 35 52 39 30 55 60	 => 271
 34 60 55 28 44 50	 => 271
 61 50 44 48 4 64	 => 271
 38 46 21 62 71 33	 => 271
 39 33 71 78 20 30	 => 271
 55 30 20 72 66 28	 => 271
 44 28 66 12 73 48	 => 271
 71 62 18 13 29 78	 => 271
 20 78 29 2 70 72	 => 271
 66 72 70 36 14 12	 => 270



test#	fitness		sum		time
---------------------------------------------------
1	265.56				51
2	266.315				62
3	266.404				64
4	265.218				70
5	267.5				51


---------------------------------------------------
Best fitness      : 267.5 ( test# 5)
Shortest time     : 51 ( test# 1)

Average fitness   : 266.2
Average time      : 59.6
