****************** GA TEST *******************

total test#:			 5
hexa min width:			 3
hexa max width:			 6
hexa count:			 30
number count:			 80
population size:		 80
generation size:		 10

tournament winner p:		 0.98
do xover p:			 1
xover:				 2points
do mutation1 p:			 0.1
mutation1 p:			 0.05
do optimize p:			 0.98
local optimize count:		 8000
do deep better optimize p:	 1
do deep worse optimize p:	 0.02
do spin p:			 0
spin count:			 900
do spin apply p:		 1
do mutation2 p:			 0.1
mutation2 p:			 0.07
force mutation2:		 0
replace bad p:			 0.195

converge rate p:		 0.99
converge count:			 1

**********************************************


===================[TEST 1]===================

##### START ##### Tue May 20 11:44:07 2003



##### CONVERGE ##### Tue May 20 11:46:26 2003

Elapsed time: 139 seconds
Total loop: 615 generations

Result : 251.471

5 34 50 53 67 48 12 2 52 76 6 72 20 32 30 36 41 47 15 73 13 46 39 69 11 31 77 33 40 62 51 25 80 18 61 66 16 7 44 65 28 9 68 45 17 58 74 3 49 60 35 1 78 26 56 71 42 14 70 24 43 64 29 21 23 10 55 57 19 27 75 8 38 22 59 54 37 63 4 79 

 5 34 50 53 67 48	 => 257
 12 48 67 2 52 76	 => 257
 6 76 52 72 20 32	 => 258
 50 30 36 41 47 53	 => 257
 67 53 47 15 73 2	 => 257
 52 2 73 13 46 72	 => 258
 20 72 46 39 69 11	 => 257
 36 31 77 33 40 41	 => 258
 47 41 40 62 51 15	 => 256
 73 15 51 25 80 13	 => 257
 46 13 80 18 61 39	 => 257
 69 39 61 66 16 7	 => 258
 77 44 65 28 9 33	 => 256
 40 33 9 68 45 62	 => 257
 51 62 45 17 58 25	 => 258
 80 25 58 74 3 18	 => 258
 61 18 3 49 60 66	 => 257
 16 66 60 35 1 78	 => 256
 9 28 26 56 71 68	 => 258
 45 68 71 42 14 17	 => 257
 58 17 14 70 24 74	 => 257
 3 74 24 43 64 49	 => 257
 60 49 64 29 21 35	 => 258
 71 56 23 10 55 42	 => 257
 14 42 55 57 19 70	 => 257
 24 70 19 27 75 43	 => 258
 64 43 75 8 38 29	 => 257
 55 10 22 59 54 57	 => 257
 19 57 54 37 63 27	 => 257
 75 27 63 4 79 8	 => 256


===================[TEST 2]===================

##### START ##### Tue May 20 11:46:26 2003



##### CONVERGE ##### Tue May 20 11:47:52 2003

Elapsed time: 86 seconds
Total loop: 382 generations

Result : 242.45

17 36 51 35 44 64 8 68 55 7 33 43 60 49 69 4 77 11 79 9 25 47 41 54 2 40 39 65 22 15 42 62 30 23 80 19 24 29 18 59 3 63 26 56 14 58 73 1 74 50 12 66 76 45 53 57 32 61 13 27 38 34 71 5 37 48 20 46 75 78 16 21 67 70 52 10 6 31 28 72 

 17 36 51 35 44 64	 => 247
 8 64 44 68 55 7	 => 246
 33 7 55 43 60 49	 => 247
 51 69 4 77 11 35	 => 247
 44 35 11 79 9 68	 => 246
 55 68 9 25 47 43	 => 247
 60 43 47 41 54 2	 => 247
 4 40 39 65 22 77	 => 247
 11 77 22 15 42 79	 => 246
 9 79 42 62 30 25	 => 247
 47 25 30 23 80 41	 => 246
 54 41 80 19 24 29	 => 247
 39 18 59 3 63 65	 => 247
 22 65 63 26 56 15	 => 247
 42 15 56 14 58 62	 => 247
 30 62 58 73 1 23	 => 247
 80 23 1 74 50 19	 => 247
 24 19 50 12 66 76	 => 247
 63 3 45 53 57 26	 => 247
 56 26 57 32 61 14	 => 246
 58 14 61 13 27 73	 => 246
 1 73 27 38 34 74	 => 247
 50 74 34 71 5 12	 => 246
 57 53 37 48 20 32	 => 247
 61 32 20 46 75 13	 => 247
 27 13 75 78 16 38	 => 247
 34 38 16 21 67 71	 => 247
 20 48 70 52 10 46	 => 246
 75 46 10 6 31 78	 => 246
 16 78 31 28 72 21	 => 246


===================[TEST 3]===================

##### START ##### Tue May 20 11:47:52 2003



##### CONVERGE ##### Tue May 20 11:50:01 2003

Elapsed time: 129 seconds
Total loop: 570 generations

Result : 246.833

8 66 73 59 26 20 7 77 51 72 79 12 36 2 9 62 34 15 25 50 46 16 74 44 70 17 47 23 69 32 76 43 14 67 35 65 30 4 42 63 22 55 60 13 49 39 68 21 27 38 54 1 64 40 57 18 53 58 11 28 61 48 75 10 5 78 41 19 71 52 29 33 6 3 80 31 24 56 45 37 

 8 66 73 59 26 20	 => 252
 7 20 26 77 51 72	 => 253
 79 72 51 12 36 2	 => 252
 73 9 62 34 15 59	 => 252
 26 59 15 25 50 77	 => 252
 51 77 50 46 16 12	 => 252
 36 12 16 74 44 70	 => 252
 62 17 47 23 69 34	 => 252
 15 34 69 32 76 25	 => 251
 50 25 76 43 14 46	 => 254
 16 46 14 67 35 74	 => 252
 44 74 35 65 30 4	 => 252
 47 42 63 22 55 23	 => 252
 69 23 55 60 13 32	 => 252
 76 32 13 49 39 43	 => 252
 14 43 39 68 21 67	 => 252
 35 67 21 27 38 65	 => 253
 30 65 38 54 1 64	 => 252
 55 22 40 57 18 60	 => 252
 13 60 18 53 58 49	 => 251
 39 49 58 11 28 68	 => 253
 21 68 28 61 48 27	 => 253
 38 27 48 75 10 54	 => 252
 18 57 5 78 41 53	 => 252
 58 53 41 19 71 11	 => 253
 28 11 71 52 29 61	 => 252
 48 61 29 33 6 75	 => 252
 41 78 3 80 31 19	 => 252
 71 19 31 24 56 52	 => 253
 29 52 56 45 37 33	 => 252


===================[TEST 4]===================

##### START ##### Tue May 20 11:50:01 2003



##### CONVERGE ##### Tue May 20 11:51:44 2003

Elapsed time: 103 seconds
Total loop: 458 generations

Result : 244.761

47 26 71 10 76 21 2 78 56 20 22 5 75 73 39 58 60 14 62 11 46 54 65 49 4 35 13 77 9 48 59 68 7 57 23 51 44 19 66 50 18 27 67 24 12 40 63 16 72 33 29 79 15 17 43 80 37 30 38 69 6 25 64 28 32 8 52 55 41 45 53 42 61 70 31 36 1 74 34 3 

 47 26 71 10 76 21	 => 251
 2 21 76 78 56 20	 => 253
 22 20 56 5 75 73	 => 251
 71 39 58 60 14 10	 => 252
 76 10 14 62 11 78	 => 251
 56 78 11 46 54 5	 => 250
 75 5 54 65 49 4	 => 252
 58 35 13 77 9 60	 => 252
 14 60 9 48 59 62	 => 252
 11 62 59 68 7 46	 => 253
 54 46 7 57 23 65	 => 252
 49 65 23 51 44 19	 => 251
 13 66 50 18 27 77	 => 251
 9 77 27 67 24 48	 => 252
 59 48 24 12 40 68	 => 251
 7 68 40 63 16 57	 => 251
 23 57 16 72 33 51	 => 252
 44 51 33 29 79 15	 => 251
 27 18 17 43 80 67	 => 252
 24 67 80 37 30 12	 => 250
 40 12 30 38 69 63	 => 252
 16 63 69 6 25 72	 => 251
 33 72 25 64 28 29	 => 251
 80 43 32 8 52 37	 => 252
 30 37 52 55 41 38	 => 253
 69 38 41 45 53 6	 => 252
 25 6 53 42 61 64	 => 251
 52 8 70 31 36 55	 => 252
 41 55 36 1 74 45	 => 252
 53 45 74 34 3 42	 => 251


===================[TEST 5]===================

##### START ##### Tue May 20 11:51:44 2003



##### CONVERGE ##### Tue May 20 11:53:47 2003

Elapsed time: 123 seconds
Total loop: 542 generations

Result : 236.922

31 71 33 24 68 17 75 21 32 30 73 54 53 2 67 70 10 40 74 18 76 43 55 26 13 41 34 11 78 38 5 66 3 45 22 49 77 15 46 16 79 58 8 50 39 47 19 64 60 4 72 29 12 1 36 63 57 28 69 42 25 35 14 59 44 20 23 61 7 37 65 48 56 9 51 80 52 6 62 27 

 31 71 33 24 68 17	 => 244
 75 17 68 21 32 30	 => 243
 73 30 32 54 53 2	 => 244
 33 67 70 10 40 24	 => 244
 68 24 40 74 18 21	 => 245
 32 21 18 76 43 54	 => 244
 53 54 43 55 26 13	 => 244
 70 41 34 11 78 10	 => 244
 40 10 78 38 5 74	 => 245
 18 74 5 66 3 76	 => 242
 43 76 3 45 22 55	 => 244
 26 55 22 49 77 15	 => 244
 34 46 16 79 58 11	 => 244
 78 11 58 8 50 38	 => 243
 5 38 50 39 47 66	 => 245
 3 66 47 19 64 45	 => 244
 22 45 64 60 4 49	 => 244
 77 49 4 72 29 12	 => 243
 58 79 1 36 63 8	 => 245
 50 8 63 57 28 39	 => 245
 47 39 28 69 42 19	 => 244
 64 19 42 25 35 60	 => 245
 4 60 35 14 59 72	 => 244
 63 36 44 20 23 57	 => 243
 28 57 23 61 7 69	 => 245
 42 69 7 37 65 25	 => 245
 35 25 65 48 56 14	 => 243
 23 20 9 51 80 61	 => 244
 7 61 80 52 6 37	 => 243
 65 37 6 62 27 48	 => 245



test#	fitness		sum		time
---------------------------------------------------
1	251.471				139
2	242.45				86
3	246.833				129
4	244.761				103
5	236.922				123


---------------------------------------------------
Best fitness      : 251.471 ( test# 1)
Shortest time     : 86 ( test# 2)

Average fitness   : 244.487
Average time      : 116
