****************** GA TEST *******************

total test#:			 5
hexa min width:			 3
hexa max width:			 6
hexa count:			 30
number count:			 80
population size:		 70
generation size:		 10

tournament winner p:		 0.98
do xover p:			 1
xover:				 2points
do mutation1 p:			 0.1
mutation1 p:			 0.05
do optimize p:			 1
local optimize count:		 8000
do deep better optimize p:	 1
do deep worse optimize p:	 0
do spin p:			 0
spin count:			 900
do spin apply p:		 1
do mutation2 p:			 0.1
mutation2 p:			 0.07
force mutation2:		 0
replace bad p:			 0.195

converge rate p:		 0.99
converge count:			 1

**********************************************


===================[TEST 1]===================

##### START ##### Tue May 20 10:04:07 2003



##### CONVERGE ##### Tue May 20 10:04:38 2003

Elapsed time: 31 seconds
Total loop: 129 generations

Result : 265.337

43 3 46 79 48 52 13 21 67 70 9 77 41 7 1 25 76 45 18 59 39 8 74 51 20 53 22 60 35 34 63 29 64 62 23 71 38 14 12 73 54 50 65 27 49 68 37 11 61 44 66 19 32 2 42 57 40 33 16 69 17 75 15 10 5 55 72 78 31 58 80 56 28 36 4 26 30 47 24 6 

 43 3 46 79 48 52	 => 271
 13 52 48 21 67 70	 => 271
 9 70 67 77 41 7	 => 271
 46 1 25 76 45 79	 => 272
 48 79 45 18 59 21	 => 270
 67 21 59 39 8 77	 => 271
 41 77 8 74 51 20	 => 271
 25 53 22 60 35 76	 => 271
 45 76 35 34 63 18	 => 271
 59 18 63 29 64 39	 => 272
 8 39 64 62 23 74	 => 270
 51 74 23 71 38 14	 => 271
 22 12 73 54 50 60	 => 271
 35 60 50 65 27 34	 => 271
 63 34 27 49 68 29	 => 270
 64 29 68 37 11 62	 => 271
 23 62 11 61 44 71	 => 272
 38 71 44 66 19 32	 => 270
 50 54 2 42 57 65	 => 270
 27 65 57 40 33 49	 => 271
 68 49 33 16 69 37	 => 272
 11 37 69 17 75 61	 => 270
 44 61 75 15 10 66	 => 271
 57 42 5 55 72 40	 => 271
 33 40 72 78 31 16	 => 270
 69 16 31 58 80 17	 => 271
 75 17 80 56 28 15	 => 271
 72 55 36 4 26 78	 => 271
 31 78 26 30 47 58	 => 270
 80 58 47 24 6 56	 => 271


===================[TEST 2]===================

##### START ##### Tue May 20 10:04:38 2003



##### CONVERGE ##### Tue May 20 10:05:32 2003

Elapsed time: 54 seconds
Total loop: 219 generations

Result : 269.134

29 4 32 76 74 59 12 7 78 44 5 70 53 24 18 19 77 52 38 26 50 42 57 49 3 21 68 43 46 6 55 47 58 40 27 66 72 2 14 10 63 75 31 73 51 41 64 23 62 56 39 28 13 17 22 65 45 9 48 61 33 30 71 15 36 25 80 54 37 35 60 69 11 20 16 79 1 67 8 34 

 29 4 32 76 74 59	 => 274
 12 59 74 7 78 44	 => 274
 5 44 78 70 53 24	 => 274
 32 18 19 77 52 76	 => 274
 74 76 52 38 26 7	 => 273
 78 7 26 50 42 70	 => 273
 53 70 42 57 49 3	 => 274
 19 21 68 43 46 77	 => 274
 52 77 46 6 55 38	 => 274
 26 38 55 47 58 50	 => 274
 42 50 58 40 27 57	 => 274
 49 57 27 66 72 2	 => 273
 68 14 10 63 75 43	 => 273
 46 43 75 31 73 6	 => 274
 55 6 73 51 41 47	 => 273
 58 47 41 64 23 40	 => 273
 27 40 23 62 56 66	 => 274
 72 66 56 39 28 13	 => 274
 75 63 17 22 65 31	 => 273
 73 31 65 45 9 51	 => 274
 41 51 9 48 61 64	 => 274
 23 64 61 33 30 62	 => 273
 56 62 30 71 15 39	 => 273
 65 22 36 25 80 45	 => 273
 9 45 80 54 37 48	 => 273
 61 48 37 35 60 33	 => 274
 30 33 60 69 11 71	 => 274
 80 25 20 16 79 54	 => 274
 37 54 79 1 67 35	 => 273
 60 35 67 8 34 69	 => 273


===================[TEST 3]===================

##### START ##### Tue May 20 10:05:32 2003



##### CONVERGE ##### Tue May 20 10:06:42 2003

Elapsed time: 70 seconds
Total loop: 293 generations

Result : 270.111

6 3 62 56 76 71 8 20 52 48 4 77 61 32 1 11 75 70 42 10 78 36 43 31 26 2 74 66 45 7 35 51 58 15 44 73 50 33 13 19 30 72 46 38 80 64 57 29 54 59 63 5 24 18 69 39 37 34 23 16 53 65 21 12 9 41 79 55 47 67 68 40 27 49 22 28 17 60 25 14 

 6 3 62 56 76 71	 => 274
 8 71 76 20 52 48	 => 275
 4 48 52 77 61 32	 => 274
 62 1 11 75 70 56	 => 275
 76 56 70 42 10 20	 => 274
 52 20 10 78 36 77	 => 273
 61 77 36 43 31 26	 => 274
 11 2 74 66 45 75	 => 273
 70 75 45 7 35 42	 => 274
 10 42 35 51 58 78	 => 274
 36 78 58 15 44 43	 => 274
 31 43 44 73 50 33	 => 274
 74 13 19 30 72 66	 => 274
 45 66 72 46 38 7	 => 274
 35 7 38 80 64 51	 => 275
 58 51 64 57 29 15	 => 274
 44 15 29 54 59 73	 => 274
 50 73 59 63 5 24	 => 274
 72 30 18 69 39 46	 => 274
 38 46 39 37 34 80	 => 274
 64 80 34 23 16 57	 => 274
 29 57 16 53 65 54	 => 274
 59 54 65 21 12 63	 => 274
 39 69 9 41 79 37	 => 274
 34 37 79 55 47 23	 => 275
 16 23 47 67 68 53	 => 274
 65 53 68 40 27 21	 => 274
 79 41 49 22 28 55	 => 274
 47 55 28 17 60 67	 => 274
 68 67 60 25 14 40	 => 274


===================[TEST 4]===================

##### START ##### Tue May 20 10:06:42 2003



##### CONVERGE ##### Tue May 20 10:08:04 2003

Elapsed time: 82 seconds
Total loop: 315 generations

Result : 270.315

28 4 68 63 73 38 6 16 77 64 12 66 37 18 15 35 45 48 60 14 57 44 75 31 21 49 50 72 23 39 58 24 61 25 13 67 79 9 5 22 47 78 26 36 53 65 56 43 51 76 42 7 3 1 52 71 33 55 29 17 80 27 46 32 2 62 54 69 34 74 40 70 11 10 20 59 8 30 19 41 

 28 4 68 63 73 38	 => 274
 6 38 73 16 77 64	 => 274
 12 64 77 66 37 18	 => 274
 68 15 35 45 48 63	 => 274
 73 63 48 60 14 16	 => 274
 77 16 14 57 44 66	 => 274
 37 66 44 75 31 21	 => 274
 35 49 50 72 23 45	 => 274
 48 45 23 39 58 60	 => 273
 14 60 58 24 61 57	 => 274
 44 57 61 25 13 75	 => 275
 31 75 13 67 79 9	 => 274
 50 5 22 47 78 72	 => 274
 23 72 78 26 36 39	 => 274
 58 39 36 53 65 24	 => 275
 61 24 65 56 43 25	 => 274
 13 25 43 51 76 67	 => 275
 79 67 76 42 7 3	 => 274
 78 47 1 52 71 26	 => 275
 36 26 71 33 55 53	 => 274
 65 53 55 29 17 56	 => 275
 43 56 17 80 27 51	 => 274
 76 51 27 46 32 42	 => 274
 71 52 2 62 54 33	 => 274
 55 33 54 69 34 29	 => 274
 17 29 34 74 40 80	 => 274
 27 80 40 70 11 46	 => 274
 54 62 10 20 59 69	 => 274
 34 69 59 8 30 74	 => 274
 40 74 30 19 41 70	 => 274


===================[TEST 5]===================

##### START ##### Tue May 20 10:08:04 2003



##### CONVERGE ##### Tue May 20 10:09:09 2003

Elapsed time: 65 seconds
Total loop: 278 generations

Result : 271.323

2 26 58 73 66 50 14 9 64 72 25 71 36 7 6 27 63 49 39 40 23 68 77 21 3 1 60 78 47 22 56 65 53 42 13 76 59 29 4 8 52 74 24 31 46 55 43 18 48 79 45 5 11 20 54 51 57 67 28 37 61 69 19 16 38 44 32 80 12 62 75 41 10 15 34 70 17 35 30 33 

 2 26 58 73 66 50	 => 275
 14 50 66 9 64 72	 => 275
 25 72 64 71 36 7	 => 275
 58 6 27 63 49 73	 => 276
 66 73 49 39 40 9	 => 276
 64 9 40 23 68 71	 => 275
 36 71 68 77 21 3	 => 276
 27 1 60 78 47 63	 => 276
 49 63 47 22 56 39	 => 276
 40 39 56 65 53 23	 => 276
 68 23 53 42 13 77	 => 276
 21 77 13 76 59 29	 => 275
 60 4 8 52 74 78	 => 276
 47 78 74 24 31 22	 => 276
 56 22 31 46 55 65	 => 275
 53 65 55 43 18 42	 => 276
 13 42 18 48 79 76	 => 276
 59 76 79 45 5 11	 => 275
 74 52 20 54 51 24	 => 275
 31 24 51 57 67 46	 => 276
 55 46 67 28 37 43	 => 276
 18 43 37 61 69 48	 => 276
 79 48 69 19 16 45	 => 276
 51 54 38 44 32 57	 => 276
 67 57 32 80 12 28	 => 276
 37 28 12 62 75 61	 => 275
 69 61 75 41 10 19	 => 275
 32 44 15 34 70 80	 => 275
 12 80 70 17 35 62	 => 276
 75 62 35 30 33 41	 => 276



test#	fitness		sum		time
---------------------------------------------------
1	265.337				31
2	269.134				54
3	270.111				70
4	270.315				82
5	271.323				65


---------------------------------------------------
Best fitness      : 271.323 ( test# 5)
Shortest time     : 31 ( test# 1)

Average fitness   : 269.244
Average time      : 60.4
