****************** GA TEST *******************

total test#:			 5
hexa min width:			 3
hexa max width:			 6
hexa count:			 30
number count:			 80
population size:		 80
generation size:		 10

tournament winner p:		 0.98
do xover p:			 1
xover:				 2points
do mutation1 p:			 0.1
mutation1 p:			 0.05
do optimize p:			 0.98
local optimize count:		 8000
do deep better optimize p:	 1
do deep worse optimize p:	 0
do spin p:			 0
spin count:			 900
do spin apply p:		 1
do mutation2 p:			 0.1
mutation2 p:			 0.07
force mutation2:		 0
replace bad p:			 0.195

converge rate p:		 0.99
converge count:			 1

**********************************************


===================[TEST 1]===================

##### START ##### Tue May 20 11:53:47 2003



##### CONVERGE ##### Tue May 20 11:55:06 2003

Elapsed time: 79 seconds
Total loop: 346 generations

Result : 271

7 38 74 67 76 13 5 37 78 66 16 62 29 24 4 30 60 40 35 20 34 44 70 51 19 12 79 72 22 45 73 33 80 11 36 71 46 1 2 14 31 77 42 17 58 49 47 55 48 54 69 26 8 23 27 75 65 18 50 53 32 39 63 3 6 43 59 61 21 56 64 68 9 15 41 57 28 52 25 10 

 7 38 74 67 76 13	 => 275
 5 13 76 37 78 66	 => 275
 16 66 78 62 29 24	 => 275
 74 4 30 60 40 67	 => 275
 76 67 40 35 20 37	 => 275
 78 37 20 34 44 62	 => 275
 29 62 44 70 51 19	 => 275
 30 12 79 72 22 60	 => 275
 40 60 22 45 73 35	 => 275
 20 35 73 33 80 34	 => 275
 44 34 80 11 36 70	 => 275
 51 70 36 71 46 1	 => 275
 79 2 14 31 77 72	 => 275
 22 72 77 42 17 45	 => 275
 73 45 17 58 49 33	 => 275
 80 33 49 47 55 11	 => 275
 36 11 55 48 54 71	 => 275
 46 71 54 69 26 8	 => 274
 77 31 23 27 75 42	 => 275
 17 42 75 65 18 58	 => 275
 49 58 18 50 53 47	 => 275
 55 47 53 32 39 48	 => 274
 54 48 39 63 3 69	 => 276
 75 27 6 43 59 65	 => 275
 18 65 59 61 21 50	 => 274
 53 50 21 56 64 32	 => 276
 39 32 64 68 9 63	 => 275
 59 43 15 41 57 61	 => 276
 21 61 57 28 52 56	 => 275
 64 56 52 25 10 68	 => 275


===================[TEST 2]===================

##### START ##### Tue May 20 11:55:06 2003



##### CONVERGE ##### Tue May 20 11:56:13 2003

Elapsed time: 67 seconds
Total loop: 292 generations

Result : 268.601

3 17 78 70 80 25 34 36 79 19 7 77 68 22 1 27 39 58 12 16 52 13 76 20 18 28 73 38 67 37 60 74 59 24 49 71 26 30 4 54 48 56 46 29 50 23 72 21 33 75 51 8 42 11 66 45 41 61 32 35 47 64 40 10 6 62 53 55 31 65 63 57 2 43 15 44 9 69 5 14 

 3 17 78 70 80 25	 => 273
 34 25 80 36 79 19	 => 273
 7 19 79 77 68 22	 => 272
 78 1 27 39 58 70	 => 273
 80 70 58 12 16 36	 => 272
 79 36 16 52 13 77	 => 273
 68 77 13 76 20 18	 => 272
 27 28 73 38 67 39	 => 272
 58 39 67 37 60 12	 => 273
 16 12 60 74 59 52	 => 273
 13 52 59 24 49 76	 => 273
 20 76 49 71 26 30	 => 272
 73 4 54 48 56 38	 => 273
 67 38 56 46 29 37	 => 273
 60 37 29 50 23 74	 => 273
 59 74 23 72 21 24	 => 273
 49 24 21 33 75 71	 => 273
 26 71 75 51 8 42	 => 273
 56 48 11 66 45 46	 => 272
 29 46 45 41 61 50	 => 272
 23 50 61 32 35 72	 => 273
 21 72 35 47 64 33	 => 272
 75 33 64 40 10 51	 => 273
 45 66 6 62 53 41	 => 273
 61 41 53 55 31 32	 => 273
 35 32 31 65 63 47	 => 273
 64 47 63 57 2 40	 => 273
 53 62 43 15 44 55	 => 272
 31 55 44 9 69 65	 => 273
 63 65 69 5 14 57	 => 273


===================[TEST 3]===================

##### START ##### Tue May 20 11:56:13 2003



##### CONVERGE ##### Tue May 20 11:57:06 2003

Elapsed time: 53 seconds
Total loop: 237 generations

Result : 269.702

17 6 59 79 41 70 25 39 67 30 4 54 77 40 11 33 58 32 61 20 78 14 68 47 12 5 80 31 65 13 42 49 22 46 43 38 75 1 8 15 66 72 55 36 69 63 57 35 34 76 37 18 28 23 27 29 74 9 48 26 64 56 53 16 7 73 62 60 19 71 44 52 3 2 24 51 21 50 45 10 

 17 6 59 79 41 70	 => 272
 25 70 41 39 67 30	 => 272
 4 30 67 54 77 40	 => 272
 59 11 33 58 32 79	 => 272
 41 79 32 61 20 39	 => 272
 67 39 20 78 14 54	 => 272
 77 54 14 68 47 12	 => 272
 33 5 80 31 65 58	 => 272
 32 58 65 13 42 61	 => 271
 20 61 42 49 22 78	 => 272
 14 78 22 46 43 68	 => 271
 47 68 43 38 75 1	 => 272
 80 8 15 66 72 31	 => 272
 65 31 72 55 36 13	 => 272
 42 13 36 69 63 49	 => 272
 22 49 63 57 35 46	 => 272
 43 46 35 34 76 38	 => 272
 75 38 76 37 18 28	 => 272
 72 66 23 27 29 55	 => 272
 36 55 29 74 9 69	 => 272
 63 69 9 48 26 57	 => 272
 35 57 26 64 56 34	 => 272
 76 34 56 53 16 37	 => 272
 29 27 7 73 62 74	 => 272
 9 74 62 60 19 48	 => 272
 26 48 19 71 44 64	 => 272
 56 64 44 52 3 53	 => 272
 62 73 2 24 51 60	 => 272
 19 60 51 21 50 71	 => 272
 44 71 50 45 10 52	 => 272


===================[TEST 4]===================

##### START ##### Tue May 20 11:57:06 2003



##### CONVERGE ##### Tue May 20 11:57:41 2003

Elapsed time: 35 seconds
Total loop: 151 generations

Result : 268.404

4 36 56 51 58 68 16 25 49 57 44 70 38 15 10 60 64 32 45 61 35 33 78 40 14 13 73 26 37 47 48 21 62 23 41 72 22 20 8 24 65 77 55 31 54 71 69 28 34 75 67 7 30 1 12 63 43 27 42 9 52 80 6 11 2 74 79 53 29 76 66 50 19 5 3 59 39 17 18 46 

 4 36 56 51 58 68	 => 273
 16 68 58 25 49 57	 => 273
 44 57 49 70 38 15	 => 273
 56 10 60 64 32 51	 => 273
 58 51 32 45 61 25	 => 272
 49 25 61 35 33 70	 => 273
 38 70 33 78 40 14	 => 273
 60 13 73 26 37 64	 => 273
 32 64 37 47 48 45	 => 273
 61 45 48 21 62 35	 => 272
 33 35 62 23 41 78	 => 272
 40 78 41 72 22 20	 => 273
 73 8 24 65 77 26	 => 273
 37 26 77 55 31 47	 => 273
 48 47 31 54 71 21	 => 272
 62 21 71 69 28 23	 => 274
 41 23 28 34 75 72	 => 273
 22 72 75 67 7 30	 => 273
 77 65 1 12 63 55	 => 273
 31 55 63 43 27 54	 => 273
 71 54 27 42 9 69	 => 272
 28 69 9 52 80 34	 => 272
 75 34 80 6 11 67	 => 273
 63 12 2 74 79 43	 => 273
 27 43 79 53 29 42	 => 273
 9 42 29 76 66 52	 => 274
 80 52 66 50 19 6	 => 273
 79 74 5 3 59 53	 => 273
 29 53 59 39 17 76	 => 273
 66 76 17 18 46 50	 => 273


===================[TEST 5]===================

##### START ##### Tue May 20 11:57:41 2003



##### CONVERGE ##### Tue May 20 11:59:01 2003

Elapsed time: 80 seconds
Total loop: 351 generations

Result : 268.222

19 7 80 72 66 28 15 73 30 60 29 78 27 48 6 44 36 33 24 4 40 47 64 54 2 17 46 62 67 37 75 50 79 8 34 69 35 16 9 21 70 63 31 12 55 43 53 39 45 76 41 26 25 10 56 42 61 71 32 18 68 49 57 3 23 52 38 59 11 65 77 20 1 51 13 58 5 74 14 22 

 19 7 80 72 66 28	 => 272
 15 28 66 73 30 60	 => 272
 29 60 30 78 27 48	 => 272
 80 6 44 36 33 72	 => 271
 66 72 33 24 4 73	 => 272
 30 73 4 40 47 78	 => 272
 27 78 47 64 54 2	 => 272
 44 17 46 62 67 36	 => 272
 33 36 67 37 75 24	 => 272
 4 24 75 50 79 40	 => 272
 47 40 79 8 34 64	 => 272
 54 64 34 69 35 16	 => 272
 46 9 21 70 63 62	 => 271
 67 62 63 31 12 37	 => 272
 75 37 12 55 43 50	 => 272
 79 50 43 53 39 8	 => 272
 34 8 39 45 76 69	 => 271
 35 69 76 41 26 25	 => 272
 63 70 10 56 42 31	 => 272
 12 31 42 61 71 55	 => 272
 43 55 71 32 18 53	 => 272
 39 53 18 68 49 45	 => 272
 76 45 49 57 3 41	 => 271
 42 56 23 52 38 61	 => 272
 71 61 38 59 11 32	 => 272
 18 32 11 65 77 68	 => 271
 49 68 77 20 1 57	 => 272
 38 52 51 13 58 59	 => 271
 11 59 58 5 74 65	 => 272
 77 65 74 14 22 20	 => 272



test#	fitness		sum		time
---------------------------------------------------
1	271				79
2	268.601				67
3	269.702				53
4	268.404				35
5	268.222				80


---------------------------------------------------
Best fitness      : 271 ( test# 1)
Shortest time     : 35 ( test# 4)

Average fitness   : 269.186
Average time      : 62.8
