****************** GA TEST *******************

total test#:			 5
hexa min width:			 3
hexa max width:			 6
hexa count:			 30
number count:			 80
population size:		 80
generation size:		 10

tournament winner p:		 0.98
do xover p:			 1
xover:				 2points
do mutation1 p:			 0.1
mutation1 p:			 0.05
do optimize p:			 0.98
local optimize count:		 8000
do deep better optimize p:	 1
do deep worse optimize p:	 0
do spin p:			 0.02
spin count:			 900
do spin apply p:		 1
do mutation2 p:			 0.1
mutation2 p:			 0.07
force mutation2:		 0
replace bad p:			 0.195

converge rate p:		 0.99
converge count:			 1

**********************************************


===================[TEST 1]===================

##### START ##### Tue May 20 11:59:02 2003



##### CONVERGE ##### Tue May 20 12:00:18 2003

Elapsed time: 76 seconds
Total loop: 329 generations

Result : 270.45

20 3 57 73 71 50 13 15 47 78 6 60 79 5 24 11 66 43 8 64 33 55 48 28 4 2 61 65 70 25 62 52 56 42 40 68 44 46 16 18 80 34 41 39 74 23 63 38 32 54 51 31 27 7 53 59 26 35 49 30 37 75 45 17 9 58 69 76 19 72 67 36 14 22 21 29 1 77 10 12 

 20 3 57 73 71 50	 => 274
 13 50 71 15 47 78	 => 274
 6 78 47 60 79 5	 => 275
 57 24 11 66 43 73	 => 274
 71 73 43 8 64 15	 => 274
 47 15 64 33 55 60	 => 274
 79 60 55 48 28 4	 => 274
 11 2 61 65 70 66	 => 275
 43 66 70 25 62 8	 => 274
 64 8 62 52 56 33	 => 275
 55 33 56 42 40 48	 => 274
 28 48 40 68 44 46	 => 274
 61 16 18 80 34 65	 => 274
 70 65 34 41 39 25	 => 274
 62 25 39 74 23 52	 => 275
 56 52 23 63 38 42	 => 274
 40 42 38 32 54 68	 => 274
 44 68 54 51 31 27	 => 275
 34 80 7 53 59 41	 => 274
 39 41 59 26 35 74	 => 274
 23 74 35 49 30 63	 => 274
 38 63 30 37 75 32	 => 275
 54 32 75 45 17 51	 => 274
 59 53 9 58 69 26	 => 274
 35 26 69 76 19 49	 => 274
 30 49 19 72 67 37	 => 274
 75 37 67 36 14 45	 => 274
 69 58 22 21 29 76	 => 275
 19 76 29 1 77 72	 => 274
 67 72 77 10 12 36	 => 274


===================[TEST 2]===================

##### START ##### Tue May 20 12:00:18 2003



##### CONVERGE ##### Tue May 20 12:01:26 2003

Elapsed time: 68 seconds
Total loop: 293 generations

Result : 266.826

8 20 80 69 78 15 49 42 75 11 36 65 70 13 14 28 57 22 43 16 63 9 79 12 35 2 73 54 56 19 72 37 39 52 27 58 67 26 4 7 71 61 59 21 55 66 46 29 40 64 18 30 33 1 10 68 50 17 45 41 38 76 48 24 5 77 60 51 47 25 74 31 3 6 23 53 32 62 44 34 

 8 20 80 69 78 15	 => 270
 49 15 78 42 75 11	 => 270
 36 11 75 65 70 13	 => 270
 80 14 28 57 22 69	 => 270
 78 69 22 43 16 42	 => 270
 75 42 16 63 9 65	 => 270
 70 65 9 79 12 35	 => 270
 28 2 73 54 56 57	 => 270
 22 57 56 19 72 43	 => 269
 16 43 72 37 39 63	 => 270
 9 63 39 52 27 79	 => 269
 12 79 27 58 67 26	 => 269
 73 4 7 71 61 54	 => 270
 56 54 61 59 21 19	 => 270
 72 19 21 55 66 37	 => 270
 39 37 66 46 29 52	 => 269
 27 52 29 40 64 58	 => 270
 67 58 64 18 30 33	 => 270
 61 71 1 10 68 59	 => 270
 21 59 68 50 17 55	 => 270
 66 55 17 45 41 46	 => 270
 29 46 41 38 76 40	 => 270
 64 40 76 48 24 18	 => 270
 68 10 5 77 60 50	 => 270
 17 50 60 51 47 45	 => 270
 41 45 47 25 74 38	 => 270
 76 38 74 31 3 48	 => 270
 60 77 6 23 53 51	 => 270
 47 51 53 32 62 25	 => 270
 74 25 62 44 34 31	 => 270


===================[TEST 3]===================

##### START ##### Tue May 20 12:01:26 2003



##### CONVERGE ##### Tue May 20 12:02:41 2003

Elapsed time: 75 seconds
Total loop: 327 generations

Result : 269.222

2 8 52 71 64 76 16 27 70 20 28 48 66 40 11 31 79 29 33 49 21 58 73 18 10 6 77 26 53 35 44 67 59 19 43 72 55 12 9 37 56 68 39 51 22 54 69 5 60 74 45 3 24 4 65 41 62 57 25 46 63 30 50 14 23 47 34 78 17 80 42 75 13 38 15 61 1 36 32 7 

 2 8 52 71 64 76	 => 273
 16 76 64 27 70 20	 => 273
 28 20 70 48 66 40	 => 272
 52 11 31 79 29 71	 => 273
 64 71 29 33 49 27	 => 273
 70 27 49 21 58 48	 => 273
 66 48 58 73 18 10	 => 273
 31 6 77 26 53 79	 => 272
 29 79 53 35 44 33	 => 273
 49 33 44 67 59 21	 => 273
 58 21 59 19 43 73	 => 273
 18 73 43 72 55 12	 => 273
 77 9 37 56 68 26	 => 273
 53 26 68 39 51 35	 => 272
 44 35 51 22 54 67	 => 273
 59 67 54 69 5 19	 => 273
 43 19 5 60 74 72	 => 273
 55 72 74 45 3 24	 => 273
 68 56 4 65 41 39	 => 273
 51 39 41 62 57 22	 => 272
 54 22 57 25 46 69	 => 273
 5 69 46 63 30 60	 => 273
 74 60 30 50 14 45	 => 273
 41 65 23 47 34 62	 => 272
 57 62 34 78 17 25	 => 273
 46 25 17 80 42 63	 => 273
 30 63 42 75 13 50	 => 273
 34 47 38 15 61 78	 => 273
 17 78 61 1 36 80	 => 273
 42 80 36 32 7 75	 => 272


===================[TEST 4]===================

##### START ##### Tue May 20 12:02:41 2003



##### CONVERGE ##### Tue May 20 12:03:35 2003

Elapsed time: 54 seconds
Total loop: 236 generations

Result : 265.826

27 22 50 61 38 71 7 53 60 39 66 54 45 4 23 46 52 37 59 21 63 18 72 48 31 20 47 77 26 78 17 42 67 19 30 73 44 2 14 11 62 58 29 1 55 76 32 33 34 80 13 35 24 15 36 69 75 40 25 41 64 65 49 28 3 16 70 51 8 57 74 5 12 10 43 79 6 68 56 9 

 27 22 50 61 38 71	 => 269
 7 71 38 53 60 39	 => 268
 66 39 60 54 45 4	 => 268
 50 23 46 52 37 61	 => 269
 38 61 37 59 21 53	 => 269
 60 53 21 63 18 54	 => 269
 45 54 18 72 48 31	 => 268
 46 20 47 77 26 52	 => 268
 37 52 26 78 17 59	 => 269
 21 59 17 42 67 63	 => 269
 18 63 67 19 30 72	 => 269
 48 72 30 73 44 2	 => 269
 47 14 11 62 58 77	 => 269
 26 77 58 29 1 78	 => 269
 17 78 1 55 76 42	 => 269
 67 42 76 32 33 19	 => 269
 30 19 33 34 80 73	 => 269
 44 73 80 13 35 24	 => 269
 58 62 15 36 69 29	 => 269
 1 29 69 75 40 55	 => 269
 76 55 40 25 41 32	 => 269
 33 32 41 64 65 34	 => 269
 80 34 65 49 28 13	 => 269
 69 36 3 16 70 75	 => 269
 40 75 70 51 8 25	 => 269
 41 25 8 57 74 64	 => 269
 65 64 74 5 12 49	 => 269
 70 16 10 43 79 51	 => 269
 8 51 79 6 68 57	 => 269
 74 57 68 56 9 5	 => 269


===================[TEST 5]===================

##### START ##### Tue May 20 12:03:35 2003



##### CONVERGE ##### Tue May 20 12:04:52 2003

Elapsed time: 77 seconds
Total loop: 330 generations

Result : 271.601

24 9 53 61 69 59 4 44 55 45 50 41 51 33 18 30 75 39 49 14 62 60 57 65 2 10 42 71 48 19 46 67 37 22 38 80 15 21 13 12 63 74 31 32 68 43 73 34 26 76 70 29 6 11 20 77 52 16 28 47 40 56 25 23 3 58 66 79 35 54 72 78 5 7 1 64 17 27 8 36 

 24 9 53 61 69 59	 => 275
 4 59 69 44 55 45	 => 276
 50 45 55 41 51 33	 => 275
 53 18 30 75 39 61	 => 276
 69 61 39 49 14 44	 => 276
 55 44 14 62 60 41	 => 276
 51 41 60 57 65 2	 => 276
 30 10 42 71 48 75	 => 276
 39 75 48 19 46 49	 => 276
 14 49 46 67 37 62	 => 275
 60 62 37 22 38 57	 => 276
 65 57 38 80 15 21	 => 276
 42 13 12 63 74 71	 => 275
 48 71 74 31 32 19	 => 275
 46 19 32 68 43 67	 => 275
 37 67 43 73 34 22	 => 276
 38 22 34 26 76 80	 => 276
 15 80 76 70 29 6	 => 276
 74 63 11 20 77 31	 => 276
 32 31 77 52 16 68	 => 276
 43 68 16 28 47 73	 => 275
 34 73 47 40 56 26	 => 276
 76 26 56 25 23 70	 => 276
 77 20 3 58 66 52	 => 276
 16 52 66 79 35 28	 => 276
 47 28 35 54 72 40	 => 276
 56 40 72 78 5 25	 => 276
 66 58 7 1 64 79	 => 275
 35 79 64 17 27 54	 => 276
 72 54 27 8 36 78	 => 275



test#	fitness		sum		time
---------------------------------------------------
1	270.45				76
2	266.826				68
3	269.222				75
4	265.826				54
5	271.601				77


---------------------------------------------------
Best fitness      : 271.601 ( test# 5)
Shortest time     : 54 ( test# 4)

Average fitness   : 268.785
Average time      : 70
