****************** GA TEST *******************

total test#:			 5
hexa min width:			 3
hexa max width:			 6
hexa count:			 30
number count:			 80
population size:		 80
generation size:		 10

tournament winner p:		 0.98
do xover p:			 1
xover:				 2points
do mutation1 p:			 0.1
mutation1 p:			 0.05
do optimize p:			 0.98
local optimize count:		 8000
do deep better optimize p:	 1
do deep worse optimize p:	 0
do spin p:			 0
spin count:			 900
do spin apply p:		 1
do mutation2 p:			 0.1
mutation2 p:			 0.07
force mutation2:		 0
replace bad p:			 0.195

converge rate p:		 0.99
converge count:			 1

**********************************************


===================[TEST 1]===================

##### START ##### Tue May 20 12:04:52 2003



##### CONVERGE ##### Tue May 20 12:05:49 2003

Elapsed time: 57 seconds
Total loop: 251 generations

Result : 268.311

15 9 52 71 77 48 25 12 58 53 24 72 45 20 40 5 65 39 13 60 44 27 64 62 3 10 79 47 66 43 46 67 42 54 41 59 32 14 18 28 51 49 33 35 55 26 61 22 29 68 75 31 8 2 80 57 23 70 4 56 30 74 19 7 11 38 63 76 36 69 78 37 34 16 6 73 1 17 50 21 

 15 9 52 71 77 48	 => 272
 25 48 77 12 58 53	 => 273
 24 53 58 72 45 20	 => 272
 52 40 5 65 39 71	 => 272
 77 71 39 13 60 12	 => 272
 58 12 60 44 27 72	 => 273
 45 72 27 64 62 3	 => 273
 5 10 79 47 66 65	 => 272
 39 65 66 43 46 13	 => 272
 60 13 46 67 42 44	 => 272
 27 44 42 54 41 64	 => 272
 62 64 41 59 32 14	 => 272
 79 18 28 51 49 47	 => 272
 66 47 49 33 35 43	 => 273
 46 43 35 55 26 67	 => 272
 42 67 26 61 22 54	 => 272
 41 54 22 29 68 59	 => 273
 32 59 68 75 31 8	 => 273
 49 51 2 80 57 33	 => 272
 35 33 57 23 70 55	 => 273
 26 55 70 4 56 61	 => 272
 22 61 56 30 74 29	 => 272
 68 29 74 19 7 75	 => 272
 57 80 11 38 63 23	 => 272
 70 23 63 76 36 4	 => 272
 56 4 36 69 78 30	 => 273
 74 30 78 37 34 19	 => 272
 63 38 16 6 73 76	 => 272
 36 76 73 1 17 69	 => 272
 78 69 17 50 21 37	 => 272


===================[TEST 2]===================

##### START ##### Tue May 20 12:05:49 2003



##### CONVERGE ##### Tue May 20 12:06:51 2003

Elapsed time: 62 seconds
Total loop: 270 generations

Result : 268.394

24 11 59 77 78 23 18 27 74 52 7 38 67 34 2 75 43 16 49 26 42 64 71 28 4 6 47 21 80 15 69 54 33 25 37 63 51 22 50 13 73 68 31 57 19 58 66 36 35 76 56 14 12 1 29 70 55 40 45 44 30 61 41 3 5 60 53 62 17 65 72 48 20 10 8 79 39 9 32 46 

 24 11 59 77 78 23	 => 272
 18 23 78 27 74 52	 => 272
 7 52 74 38 67 34	 => 272
 59 2 75 43 16 77	 => 272
 78 77 16 49 26 27	 => 273
 74 27 26 42 64 38	 => 271
 67 38 64 71 28 4	 => 272
 75 6 47 21 80 43	 => 272
 16 43 80 15 69 49	 => 272
 26 49 69 54 33 42	 => 273
 64 42 33 25 37 71	 => 272
 28 71 37 63 51 22	 => 272
 47 50 13 73 68 21	 => 272
 80 21 68 31 57 15	 => 272
 69 15 57 19 58 54	 => 272
 33 54 58 66 36 25	 => 272
 37 25 36 35 76 63	 => 272
 51 63 76 56 14 12	 => 272
 68 73 1 29 70 31	 => 272
 57 31 70 55 40 19	 => 272
 58 19 40 45 44 66	 => 272
 36 66 44 30 61 35	 => 272
 76 35 61 41 3 56	 => 272
 70 29 5 60 53 55	 => 272
 40 55 53 62 17 45	 => 272
 44 45 17 65 72 30	 => 273
 61 30 72 48 20 41	 => 272
 53 60 10 8 79 62	 => 272
 17 62 79 39 9 65	 => 271
 72 65 9 32 46 48	 => 272


===================[TEST 3]===================

##### START ##### Tue May 20 12:06:51 2003



##### CONVERGE ##### Tue May 20 12:07:51 2003

Elapsed time: 60 seconds
Total loop: 265 generations

Result : 271.222

20 8 52 75 79 41 12 1 69 72 9 78 31 16 17 33 55 43 45 32 24 71 59 29 7 39 30 65 53 28 50 77 47 36 38 58 76 15 60 4 49 67 35 26 80 14 61 40 37 66 51 21 3 5 57 62 23 48 46 25 44 68 19 34 6 54 73 63 22 74 64 70 10 27 2 56 18 42 11 13 

 20 8 52 75 79 41	 => 275
 12 41 79 1 69 72	 => 274
 9 72 69 78 31 16	 => 275
 52 17 33 55 43 75	 => 275
 79 75 43 45 32 1	 => 275
 69 1 32 24 71 78	 => 275
 31 78 71 59 29 7	 => 275
 33 39 30 65 53 55	 => 275
 43 55 53 28 50 45	 => 274
 32 45 50 77 47 24	 => 275
 71 24 47 36 38 59	 => 275
 29 59 38 58 76 15	 => 275
 30 60 4 49 67 65	 => 275
 53 65 67 35 26 28	 => 274
 50 28 26 80 14 77	 => 275
 47 77 14 61 40 36	 => 275
 38 36 40 37 66 58	 => 275
 76 58 66 51 21 3	 => 275
 67 49 5 57 62 35	 => 275
 26 35 62 23 48 80	 => 274
 14 80 48 46 25 61	 => 274
 40 61 25 44 68 37	 => 275
 66 37 68 19 34 51	 => 275
 62 57 6 54 73 23	 => 275
 48 23 73 63 22 46	 => 275
 25 46 22 74 64 44	 => 275
 68 44 64 70 10 19	 => 275
 73 54 27 2 56 63	 => 275
 22 63 56 18 42 74	 => 275
 64 74 42 11 13 70	 => 274


===================[TEST 4]===================

##### START ##### Tue May 20 12:07:51 2003



##### CONVERGE ##### Tue May 20 12:08:55 2003

Elapsed time: 64 seconds
Total loop: 280 generations

Result : 268.236

43 4 21 78 73 55 3 40 60 42 45 69 57 1 24 18 79 53 28 2 74 27 70 39 11 29 48 61 38 22 54 47 68 25 9 75 63 17 14 5 65 80 23 49 56 46 71 16 72 76 41 6 12 15 31 59 35 51 37 13 58 44 33 7 50 32 66 64 20 67 77 52 10 30 19 62 26 34 36 8 

 43 4 21 78 73 55	 => 274
 3 55 73 40 60 42	 => 273
 45 42 60 69 57 1	 => 274
 21 24 18 79 53 78	 => 273
 73 78 53 28 2 40	 => 274
 60 40 2 74 27 69	 => 272
 57 69 27 70 39 11	 => 273
 18 29 48 61 38 79	 => 273
 53 79 38 22 54 28	 => 274
 2 28 54 47 68 74	 => 273
 27 74 68 25 9 70	 => 273
 39 70 9 75 63 17	 => 273
 48 14 5 65 80 61	 => 273
 38 61 80 23 49 22	 => 273
 54 22 49 56 46 47	 => 274
 68 47 46 71 16 25	 => 273
 9 25 16 72 76 75	 => 273
 63 75 76 41 6 12	 => 273
 80 65 15 31 59 23	 => 273
 49 23 59 35 51 56	 => 273
 46 56 51 37 13 71	 => 274
 16 71 13 58 44 72	 => 274
 76 72 44 33 7 41	 => 273
 59 31 50 32 66 35	 => 273
 51 35 66 64 20 37	 => 273
 13 37 20 67 77 58	 => 272
 44 58 77 52 10 33	 => 274
 66 32 30 19 62 64	 => 273
 20 64 62 26 34 67	 => 273
 77 67 34 36 8 52	 => 274


===================[TEST 5]===================

##### START ##### Tue May 20 12:08:55 2003



##### CONVERGE ##### Tue May 20 12:09:57 2003

Elapsed time: 62 seconds
Total loop: 272 generations

Result : 270.45

33 10 28 59 76 69 11 2 73 44 20 75 45 17 8 58 42 80 32 26 53 46 40 47 21 29 39 51 56 23 41 50 72 16 48 79 31 30 18 37 68 61 19 65 36 60 54 22 43 67 78 14 5 15 49 62 57 35 27 63 38 55 25 6 3 34 70 77 9 64 74 71 12 4 24 66 7 52 13 1 

 33 10 28 59 76 69	 => 275
 11 69 76 2 73 44	 => 275
 20 44 73 75 45 17	 => 274
 28 8 58 42 80 59	 => 275
 76 59 80 32 26 2	 => 275
 73 2 26 53 46 75	 => 275
 45 75 46 40 47 21	 => 274
 58 29 39 51 56 42	 => 275
 80 42 56 23 41 32	 => 274
 26 32 41 50 72 53	 => 274
 46 53 72 16 48 40	 => 275
 47 40 48 79 31 30	 => 275
 39 18 37 68 61 51	 => 274
 56 51 61 19 65 23	 => 275
 41 23 65 36 60 50	 => 275
 72 50 60 54 22 16	 => 274
 48 16 22 43 67 79	 => 275
 31 79 67 78 14 5	 => 274
 61 68 15 49 62 19	 => 274
 65 19 62 57 35 36	 => 274
 60 36 35 27 63 54	 => 275
 22 54 63 38 55 43	 => 275
 67 43 55 25 6 78	 => 274
 62 49 3 34 70 57	 => 275
 35 57 70 77 9 27	 => 275
 63 27 9 64 74 38	 => 275
 55 38 74 71 12 25	 => 275
 70 34 4 24 66 77	 => 275
 9 77 66 7 52 64	 => 275
 74 64 52 13 1 71	 => 275



test#	fitness		sum		time
---------------------------------------------------
1	268.311				57
2	268.394				62
3	271.222				60
4	268.236				64
5	270.45				62


---------------------------------------------------
Best fitness      : 271.222 ( test# 3)
Shortest time     : 57 ( test# 1)

Average fitness   : 269.323
Average time      : 61
