****************** GA TEST *******************

total test#:			 5
hexa min width:			 3
hexa max width:			 6
hexa count:			 30
number count:			 80
population size:		 80
generation size:		 10

tournament winner p:		 0.98
do xover p:			 1
xover:				 2points
do mutation1 p:			 0.1
mutation1 p:			 0.05
do optimize p:			 0.98
local optimize count:		 8000
do deep better optimize p:	 1
do deep worse optimize p:	 0
do spin p:			 0
spin count:			 1000
do spin apply p:		 1
do mutation2 p:			 0.1
mutation2 p:			 0.07
force mutation2:		 0
replace bad p:			 0.195

converge rate p:		 0.99
converge count:			 1

**********************************************


===================[TEST 1]===================

##### START ##### Tue May 20 12:09:57 2003



##### CONVERGE ##### Tue May 20 12:10:59 2003

Elapsed time: 62 seconds
Total loop: 272 generations

Result : 268.093

2 4 57 70 74 64 14 5 54 61 9 36 77 34 22 27 79 16 59 48 50 78 18 32 30 12 72 44 37 51 29 42 43 19 63 73 69 17 21 13 46 75 15 49 33 67 65 35 23 58 39 24 8 38 31 66 52 56 3 47 25 76 68 7 1 62 60 55 45 80 71 20 11 26 40 28 10 53 6 41 

 2 4 57 70 74 64	 => 271
 14 64 74 5 54 61	 => 272
 9 61 54 36 77 34	 => 271
 57 22 27 79 16 70	 => 271
 74 70 16 59 48 5	 => 272
 54 5 48 50 78 36	 => 271
 77 36 78 18 32 30	 => 271
 27 12 72 44 37 79	 => 271
 16 79 37 51 29 59	 => 271
 48 59 29 42 43 50	 => 271
 78 50 43 19 63 18	 => 271
 32 18 63 73 69 17	 => 272
 72 21 13 46 75 44	 => 271
 37 44 75 15 49 51	 => 271
 29 51 49 33 67 42	 => 271
 43 42 67 65 35 19	 => 271
 63 19 35 23 58 73	 => 271
 69 73 58 39 24 8	 => 271
 75 46 38 31 66 15	 => 271
 49 15 66 52 56 33	 => 271
 67 33 56 3 47 65	 => 271
 35 65 47 25 76 23	 => 271
 58 23 76 68 7 39	 => 271
 66 31 1 62 60 52	 => 272
 56 52 60 55 45 3	 => 271
 47 3 45 80 71 25	 => 271
 76 25 71 20 11 68	 => 271
 60 62 26 40 28 55	 => 271
 45 55 28 10 53 80	 => 271
 71 80 53 6 41 20	 => 271


===================[TEST 2]===================

##### START ##### Tue May 20 12:10:59 2003



##### CONVERGE ##### Tue May 20 12:11:48 2003

Elapsed time: 49 seconds
Total loop: 217 generations

Result : 266.856

39 25 64 67 73 2 56 14 75 50 8 70 61 6 1 7 76 55 10 51 48 12 78 23 26 30 19 79 59 24 46 52 63 38 31 72 62 4 47 13 69 44 49 15 80 53 36 28 35 66 40 3 27 22 57 29 65 32 9 60 42 68 43 18 11 34 74 54 37 45 77 20 21 33 17 58 5 71 16 41 

 39 25 64 67 73 2	 => 270
 56 2 73 14 75 50	 => 270
 8 50 75 70 61 6	 => 270
 64 1 7 76 55 67	 => 270
 73 67 55 10 51 14	 => 270
 75 14 51 48 12 70	 => 270
 61 70 12 78 23 26	 => 270
 7 30 19 79 59 76	 => 270
 55 76 59 24 46 10	 => 270
 51 10 46 52 63 48	 => 270
 12 48 63 38 31 78	 => 270
 23 78 31 72 62 4	 => 270
 19 47 13 69 44 79	 => 271
 59 79 44 49 15 24	 => 270
 46 24 15 80 53 52	 => 270
 63 52 53 36 28 38	 => 270
 31 38 28 35 66 72	 => 270
 62 72 66 40 3 27	 => 270
 44 69 22 57 29 49	 => 270
 15 49 29 65 32 80	 => 270
 53 80 32 9 60 36	 => 270
 28 36 60 42 68 35	 => 269
 66 35 68 43 18 40	 => 270
 29 57 11 34 74 65	 => 270
 32 65 74 54 37 9	 => 271
 60 9 37 45 77 42	 => 270
 68 42 77 20 21 43	 => 271
 74 34 33 17 58 54	 => 270
 37 54 58 5 71 45	 => 270
 77 45 71 16 41 20	 => 270


===================[TEST 3]===================

##### START ##### Tue May 20 12:11:48 2003



##### CONVERGE ##### Tue May 20 12:12:46 2003

Elapsed time: 58 seconds
Total loop: 255 generations

Result : 268.049

5 18 40 67 76 66 13 51 38 28 77 78 43 8 35 33 70 27 44 6 73 26 62 60 3 12 74 58 25 63 42 48 59 41 10 75 49 16 7 4 50 79 15 32 31 56 29 39 54 53 65 9 21 14 46 68 55 71 34 52 37 61 36 2 1 80 22 69 20 72 57 64 17 24 30 47 19 45 11 23 

 5 18 40 67 76 66	 => 272
 13 66 76 51 38 28	 => 272
 77 28 38 78 43 8	 => 272
 40 35 33 70 27 67	 => 272
 76 67 27 44 6 51	 => 271
 38 51 6 73 26 78	 => 272
 43 78 26 62 60 3	 => 272
 33 12 74 58 25 70	 => 272
 27 70 25 63 42 44	 => 271
 6 44 42 48 59 73	 => 272
 26 73 59 41 10 62	 => 271
 60 62 10 75 49 16	 => 272
 74 7 4 50 79 58	 => 272
 25 58 79 15 32 63	 => 272
 42 63 32 31 56 48	 => 272
 59 48 56 29 39 41	 => 272
 10 41 39 54 53 75	 => 272
 49 75 53 65 9 21	 => 272
 79 50 14 46 68 15	 => 272
 32 15 68 55 71 31	 => 272
 56 31 71 34 52 29	 => 273
 39 29 52 37 61 54	 => 272
 53 54 61 36 2 65	 => 271
 68 46 1 80 22 55	 => 272
 71 55 22 69 20 34	 => 271
 52 34 20 72 57 37	 => 272
 61 37 57 64 17 36	 => 272
 22 80 24 30 47 69	 => 272
 20 69 47 19 45 72	 => 272
 57 72 45 11 23 64	 => 272


===================[TEST 4]===================

##### START ##### Tue May 20 12:12:46 2003



##### CONVERGE ##### Tue May 20 12:13:53 2003

Elapsed time: 67 seconds
Total loop: 293 generations

Result : 269.984

10 21 55 67 43 78 16 23 58 56 9 47 62 41 5 29 61 57 39 45 26 75 24 64 2 7 65 74 38 36 42 46 76 20 53 73 28 32 22 8 37 68 31 27 52 70 18 44 35 49 79 33 12 40 34 63 50 51 17 66 30 80 11 19 1 54 71 60 25 59 77 72 4 14 6 69 13 48 3 15 

 10 21 55 67 43 78	 => 274
 16 78 43 23 58 56	 => 274
 9 56 58 47 62 41	 => 273
 55 5 29 61 57 67	 => 274
 43 67 57 39 45 23	 => 274
 58 23 45 26 75 47	 => 274
 62 47 75 24 64 2	 => 274
 29 7 65 74 38 61	 => 274
 57 61 38 36 42 39	 => 273
 45 39 42 46 76 26	 => 274
 75 26 76 20 53 24	 => 274
 64 24 53 73 28 32	 => 274
 65 22 8 37 68 74	 => 274
 38 74 68 31 27 36	 => 274
 42 36 27 52 70 46	 => 273
 76 46 70 18 44 20	 => 274
 53 20 44 35 49 73	 => 274
 28 73 49 79 33 12	 => 274
 68 37 40 34 63 31	 => 273
 27 31 63 50 51 52	 => 274
 70 52 51 17 66 18	 => 274
 44 18 66 30 80 35	 => 273
 49 35 80 11 19 79	 => 273
 63 34 1 54 71 50	 => 273
 51 50 71 60 25 17	 => 274
 66 17 25 59 77 30	 => 274
 80 30 77 72 4 11	 => 274
 71 54 14 6 69 60	 => 274
 25 60 69 13 48 59	 => 274
 77 59 48 3 15 72	 => 274


===================[TEST 5]===================

##### START ##### Tue May 20 12:13:53 2003



##### CONVERGE ##### Tue May 20 12:15:11 2003

Elapsed time: 78 seconds
Total loop: 342 generations

Result : 270.356

8 49 46 41 79 53 7 16 72 48 12 80 45 18 1 54 60 74 30 35 43 29 70 36 15 11 65 68 17 22 73 52 42 47 44 69 50 6 5 10 56 71 66 31 32 64 58 13 25 77 26 39 14 4 23 55 59 33 20 67 38 75 63 9 37 24 78 57 28 61 62 34 3 19 21 76 2 51 27 40 

 8 49 46 41 79 53	 => 276
 7 53 79 16 72 48	 => 275
 12 48 72 80 45 18	 => 275
 46 1 54 60 74 41	 => 276
 79 41 74 30 35 16	 => 275
 72 16 35 43 29 80	 => 275
 45 80 29 70 36 15	 => 275
 54 11 65 68 17 60	 => 275
 74 60 17 22 73 30	 => 276
 35 30 73 52 42 43	 => 275
 29 43 42 47 44 70	 => 275
 36 70 44 69 50 6	 => 275
 65 5 10 56 71 68	 => 275
 17 68 71 66 31 22	 => 275
 73 22 31 32 64 52	 => 274
 42 52 64 58 13 47	 => 276
 44 47 13 25 77 69	 => 275
 50 69 77 26 39 14	 => 275
 71 56 4 23 55 66	 => 275
 31 66 55 59 33 32	 => 276
 64 32 33 20 67 58	 => 274
 13 58 67 38 75 25	 => 276
 77 25 75 63 9 26	 => 275
 55 23 37 24 78 59	 => 276
 33 59 78 57 28 20	 => 275
 67 20 28 61 62 38	 => 276
 75 38 62 34 3 63	 => 275
 78 24 19 21 76 57	 => 275
 28 57 76 2 51 61	 => 275
 62 61 51 27 40 34	 => 275



test#	fitness		sum		time
---------------------------------------------------
1	268.093				62
2	266.856				49
3	268.049				58
4	269.984				67
5	270.356				78


---------------------------------------------------
Best fitness      : 270.356 ( test# 5)
Shortest time     : 49 ( test# 2)

Average fitness   : 268.667
Average time      : 62.8
