****************** GA TEST *******************

total test#:			 5
hexa min width:			 3
hexa max width:			 6
hexa count:			 30
number count:			 80
population size:		 80
generation size:		 10

tournament winner p:		 0.98
do xover p:			 1
xover:				 2points
do mutation1 p:			 0.1
mutation1 p:			 0.05
do optimize p:			 0.98
local optimize count:		 8000
do deep better optimize p:	 1
do deep worse optimize p:	 0
do spin p:			 0
spin count:			 800
do spin apply p:		 1
do mutation2 p:			 0.1
mutation2 p:			 0.07
force mutation2:		 0
replace bad p:			 0.195

converge rate p:		 0.99
converge count:			 1

**********************************************


===================[TEST 1]===================

##### START ##### Tue May 20 12:15:12 2003



##### CONVERGE ##### Tue May 20 12:16:36 2003

Elapsed time: 84 seconds
Total loop: 366 generations

Result : 270.093

3 19 70 67 73 41 4 48 29 78 33 79 52 2 12 31 56 37 28 20 38 59 51 23 9 1 55 76 54 32 66 47 74 16 35 65 72 27 45 14 40 43 46 22 44 62 13 61 39 57 69 6 5 10 75 60 21 80 17 58 34 68 25 15 18 50 49 77 30 63 71 64 11 36 8 53 24 26 7 42 

 3 19 70 67 73 41	 => 273
 4 41 73 48 29 78	 => 273
 33 78 29 79 52 2	 => 273
 70 12 31 56 37 67	 => 273
 73 67 37 28 20 48	 => 273
 29 48 20 38 59 79	 => 273
 52 79 59 51 23 9	 => 273
 31 1 55 76 54 56	 => 273
 37 56 54 32 66 28	 => 273
 20 28 66 47 74 38	 => 273
 59 38 74 16 35 51	 => 273
 23 51 35 65 72 27	 => 273
 55 45 14 40 43 76	 => 273
 54 76 43 46 22 32	 => 273
 66 32 22 44 62 47	 => 273
 74 47 62 13 61 16	 => 273
 35 16 61 39 57 65	 => 273
 72 65 57 69 6 5	 => 274
 43 40 10 75 60 46	 => 274
 22 46 60 21 80 44	 => 273
 62 44 80 17 58 13	 => 274
 61 13 58 34 68 39	 => 273
 57 39 68 25 15 69	 => 273
 60 75 18 50 49 21	 => 273
 80 21 49 77 30 17	 => 274
 58 17 30 63 71 34	 => 273
 68 34 71 64 11 25	 => 273
 49 50 36 8 53 77	 => 273
 30 77 53 24 26 63	 => 273
 71 63 26 7 42 64	 => 273


===================[TEST 2]===================

##### START ##### Tue May 20 12:16:36 2003



##### CONVERGE ##### Tue May 20 12:18:05 2003

Elapsed time: 89 seconds
Total loop: 391 generations

Result : 269.471

24 30 57 61 75 28 7 32 78 55 21 79 33 10 29 35 52 41 64 3 34 49 73 31 11 25 77 72 15 43 59 71 44 48 27 80 63 1 13 9 37 67 60 19 42 40 69 4 70 45 51 22 14 8 38 65 23 66 2 56 39 36 68 5 20 54 76 62 46 58 74 47 12 16 17 50 6 53 18 26 

 24 30 57 61 75 28	 => 275
 7 28 75 32 78 55	 => 275
 21 55 78 79 33 10	 => 276
 57 29 35 52 41 61	 => 275
 75 61 41 64 3 32	 => 276
 78 32 3 34 49 79	 => 275
 33 79 49 73 31 11	 => 276
 35 25 77 72 15 52	 => 276
 41 52 15 43 59 64	 => 274
 3 64 59 71 44 34	 => 275
 49 34 44 48 27 73	 => 275
 31 73 27 80 63 1	 => 275
 77 13 9 37 67 72	 => 275
 15 72 67 60 19 43	 => 276
 59 43 19 42 40 71	 => 274
 44 71 40 69 4 48	 => 276
 27 48 4 70 45 80	 => 274
 63 80 45 51 22 14	 => 275
 67 37 8 38 65 60	 => 275
 19 60 65 23 66 42	 => 275
 40 42 66 2 56 69	 => 275
 4 69 56 39 36 70	 => 274
 45 70 36 68 5 51	 => 275
 65 38 20 54 76 23	 => 276
 66 23 76 62 46 2	 => 275
 56 2 46 58 74 39	 => 275
 36 39 74 47 12 68	 => 276
 76 54 16 17 50 62	 => 275
 46 62 50 6 53 58	 => 275
 74 58 53 18 26 47	 => 276


===================[TEST 3]===================

##### START ##### Tue May 20 12:18:05 2003



##### CONVERGE ##### Tue May 20 12:19:05 2003

Elapsed time: 60 seconds
Total loop: 265 generations

Result : 267.826

40 8 55 80 51 37 17 30 59 77 2 65 64 4 9 48 67 12 35 62 13 42 53 44 3 16 41 29 70 21 66 38 57 32 74 63 31 6 45 26 61 69 33 49 18 79 50 15 60 27 75 54 20 1 36 71 56 43 23 58 10 78 24 7 22 47 39 76 34 73 72 68 19 11 52 46 14 28 5 25 

 40 8 55 80 51 37	 => 271
 17 37 51 30 59 77	 => 271
 2 77 59 65 64 4	 => 271
 55 9 48 67 12 80	 => 271
 51 80 12 35 62 30	 => 270
 59 30 62 13 42 65	 => 271
 64 65 42 53 44 3	 => 271
 48 16 41 29 70 67	 => 271
 12 67 70 21 66 35	 => 271
 62 35 66 38 57 13	 => 271
 42 13 57 32 74 53	 => 271
 44 53 74 63 31 6	 => 271
 41 45 26 61 69 29	 => 271
 70 29 69 33 49 21	 => 271
 66 21 49 18 79 38	 => 271
 57 38 79 50 15 32	 => 271
 74 32 15 60 27 63	 => 271
 31 63 27 75 54 20	 => 270
 69 61 1 36 71 33	 => 271
 49 33 71 56 43 18	 => 270
 79 18 43 23 58 50	 => 271
 15 50 58 10 78 60	 => 271
 27 60 78 24 7 75	 => 271
 71 36 22 47 39 56	 => 271
 43 56 39 76 34 23	 => 271
 58 23 34 73 72 10	 => 270
 78 10 72 68 19 24	 => 271
 39 47 11 52 46 76	 => 271
 34 76 46 14 28 73	 => 271
 72 73 28 5 25 68	 => 271


===================[TEST 4]===================

##### START ##### Tue May 20 12:19:05 2003



##### CONVERGE ##### Tue May 20 12:20:14 2003

Elapsed time: 69 seconds
Total loop: 302 generations

Result : 271.154

17 1 54 80 49 73 18 27 69 38 34 70 33 30 23 53 29 35 46 37 21 50 71 31 19 13 78 59 42 47 75 39 56 40 36 51 68 16 3 24 67 43 76 7 41 65 64 10 63 74 55 22 4 20 2 66 57 28 44 32 45 60 12 9 14 77 58 61 26 48 79 72 6 15 11 52 25 62 8 5 

 17 1 54 80 49 73	 => 274
 18 73 49 27 69 38	 => 274
 34 38 69 70 33 30	 => 274
 54 23 53 29 35 80	 => 274
 49 80 35 46 37 27	 => 274
 69 27 37 21 50 70	 => 274
 33 70 50 71 31 19	 => 274
 53 13 78 59 42 29	 => 274
 35 29 42 47 75 46	 => 274
 37 46 75 39 56 21	 => 274
 50 21 56 40 36 71	 => 274
 31 71 36 51 68 16	 => 273
 78 3 24 67 43 59	 => 274
 42 59 43 76 7 47	 => 274
 75 47 7 41 65 39	 => 274
 56 39 65 64 10 40	 => 274
 36 40 10 63 74 51	 => 274
 68 51 74 55 22 4	 => 274
 43 67 20 2 66 76	 => 274
 7 76 66 57 28 41	 => 275
 65 41 28 44 32 64	 => 274
 10 64 32 45 60 63	 => 274
 74 63 60 12 9 55	 => 273
 66 2 14 77 58 57	 => 274
 28 57 58 61 26 44	 => 274
 32 44 26 48 79 45	 => 274
 60 45 79 72 6 12	 => 274
 58 77 15 11 52 61	 => 274
 26 61 52 25 62 48	 => 274
 79 48 62 8 5 72	 => 274


===================[TEST 5]===================

##### START ##### Tue May 20 12:20:14 2003



##### CONVERGE ##### Tue May 20 12:21:29 2003

Elapsed time: 75 seconds
Total loop: 329 generations

Result : 269.734

29 5 56 67 79 36 6 14 74 64 9 41 72 13 10 38 60 42 39 32 34 78 59 22 1 3 61 46 65 30 37 77 54 4 44 55 53 40 18 23 45 80 27 25 73 31 57 51 43 76 47 16 26 7 48 66 12 71 8 33 69 20 70 17 21 68 58 75 49 52 62 50 2 28 24 19 15 63 35 11 

 29 5 56 67 79 36	 => 272
 6 36 79 14 74 64	 => 273
 9 64 74 41 72 13	 => 273
 56 10 38 60 42 67	 => 273
 79 67 42 39 32 14	 => 273
 74 14 32 34 78 41	 => 273
 72 41 78 59 22 1	 => 273
 38 3 61 46 65 60	 => 273
 42 60 65 30 37 39	 => 273
 32 39 37 77 54 34	 => 273
 78 34 54 4 44 59	 => 273
 22 59 44 55 53 40	 => 273
 61 18 23 45 80 46	 => 273
 65 46 80 27 25 30	 => 273
 37 30 25 73 31 77	 => 273
 54 77 31 57 51 4	 => 274
 44 4 51 43 76 55	 => 273
 53 55 76 47 16 26	 => 273
 80 45 7 48 66 27	 => 273
 25 27 66 12 71 73	 => 274
 31 73 71 8 33 57	 => 273
 51 57 33 69 20 43	 => 273
 76 43 20 70 17 47	 => 273
 66 48 21 68 58 12	 => 273
 71 12 58 75 49 8	 => 273
 33 8 49 52 62 69	 => 273
 20 69 62 50 2 70	 => 273
 58 68 28 24 19 75	 => 272
 49 75 19 15 63 52	 => 273
 62 52 63 35 11 50	 => 273



test#	fitness		sum		time
---------------------------------------------------
1	270.093				84
2	269.471				89
3	267.826				60
4	271.154				69
5	269.734				75


---------------------------------------------------
Best fitness      : 271.154 ( test# 4)
Shortest time     : 60 ( test# 3)

Average fitness   : 269.656
Average time      : 75.4
