****************** GA TEST *******************

total test#:			 5
hexa min width:			 3
hexa max width:			 6
hexa count:			 30
number count:			 80
population size:		 80
generation size:		 10

tournament winner p:		 0.98
do xover p:			 1
xover:				 2points
do mutation1 p:			 0.1
mutation1 p:			 0.05
do optimize p:			 0.98
local optimize count:		 8000
do deep better optimize p:	 1
do deep worse optimize p:	 0
do spin p:			 0
spin count:			 900
do spin apply p:		 1
do mutation2 p:			 0.1
mutation2 p:			 0.07
force mutation2:		 0
replace bad p:			 0.195

converge rate p:		 0.99
converge count:			 1

**********************************************


===================[TEST 1]===================

##### START ##### Tue May 20 12:21:32 2003



##### CONVERGE ##### Tue May 20 12:22:46 2003

Elapsed time: 74 seconds
Total loop: 324 generations

Result : 266.071

6 38 76 79 39 32 22 49 60 69 1 66 61 13 11 12 68 24 50 30 46 20 62 47 15 18 45 51 77 4 48 54 42 31 70 67 17 8 55 2 73 44 21 74 34 56 78 9 19 75 36 23 53 40 29 63 52 27 41 35 57 72 43 25 5 58 64 80 7 71 59 26 14 28 3 37 10 65 33 16 

 6 38 76 79 39 32	 => 270
 22 32 39 49 60 69	 => 271
 1 69 60 66 61 13	 => 270
 76 11 12 68 24 79	 => 270
 39 79 24 50 30 49	 => 271
 60 49 30 46 20 66	 => 271
 61 66 20 62 47 15	 => 271
 12 18 45 51 77 68	 => 271
 24 68 77 4 48 50	 => 271
 30 50 48 54 42 46	 => 270
 20 46 42 31 70 62	 => 271
 47 62 70 67 17 8	 => 271
 45 55 2 73 44 51	 => 270
 77 51 44 21 74 4	 => 271
 48 4 74 34 56 54	 => 270
 42 54 56 78 9 31	 => 270
 70 31 9 19 75 67	 => 271
 17 67 75 36 23 53	 => 271
 44 73 40 29 63 21	 => 270
 74 21 63 52 27 34	 => 271
 56 34 27 41 35 78	 => 271
 9 78 35 57 72 19	 => 270
 75 19 72 43 25 36	 => 270
 63 29 5 58 64 52	 => 271
 27 52 64 80 7 41	 => 271
 35 41 7 71 59 57	 => 270
 72 57 59 26 14 43	 => 271
 64 58 28 3 37 80	 => 270
 7 80 37 10 65 71	 => 270
 59 71 65 33 16 26	 => 270


===================[TEST 2]===================

##### START ##### Tue May 20 12:22:46 2003



##### CONVERGE ##### Tue May 20 12:23:33 2003

Elapsed time: 47 seconds
Total loop: 207 generations

Result : 268.323

66 6 33 69 70 28 5 35 76 59 1 71 61 4 12 19 80 60 8 31 49 11 74 41 14 7 48 73 45 17 62 72 50 36 53 64 32 9 2 16 55 78 13 47 29 46 65 3 54 63 25 52 37 23 26 77 56 51 43 39 44 68 42 21 20 27 67 40 15 57 75 34 10 38 22 79 24 58 30 18 

 66 6 33 69 70 28	 => 272
 5 28 70 35 76 59	 => 273
 1 59 76 71 61 4	 => 272
 33 12 19 80 60 69	 => 273
 70 69 60 8 31 35	 => 273
 76 35 31 49 11 71	 => 273
 61 71 11 74 41 14	 => 272
 19 7 48 73 45 80	 => 272
 60 80 45 17 62 8	 => 272
 31 8 62 72 50 49	 => 272
 11 49 50 36 53 74	 => 273
 41 74 53 64 32 9	 => 273
 48 2 16 55 78 73	 => 272
 45 73 78 13 47 17	 => 273
 62 17 47 29 46 72	 => 273
 50 72 46 65 3 36	 => 272
 53 36 3 54 63 64	 => 273
 32 64 63 25 52 37	 => 273
 78 55 23 26 77 13	 => 272
 47 13 77 56 51 29	 => 273
 46 29 51 43 39 65	 => 273
 3 65 39 44 68 54	 => 273
 63 54 68 42 21 25	 => 273
 77 26 20 27 67 56	 => 273
 51 56 67 40 15 43	 => 272
 39 43 15 57 75 44	 => 273
 68 44 75 34 10 42	 => 273
 67 27 38 22 79 40	 => 273
 15 40 79 24 58 57	 => 273
 75 57 58 30 18 34	 => 272


===================[TEST 3]===================

##### START ##### Tue May 20 12:23:33 2003



##### CONVERGE ##### Tue May 20 12:25:14 2003

Elapsed time: 101 seconds
Total loop: 444 generations

Result : 268.111

18 38 61 63 66 26 10 73 32 65 55 64 50 6 14 51 67 16 44 9 54 40 78 37 3 1 62 43 48 25 72 77 17 24 59 39 56 4 12 52 23 80 71 5 47 46 75 33 42 76 49 11 41 8 30 60 58 31 45 28 36 57 29 19 20 34 70 53 15 79 69 74 7 27 21 68 22 35 2 13 

 18 38 61 63 66 26	 => 272
 10 26 66 73 32 65	 => 272
 55 65 32 64 50 6	 => 272
 61 14 51 67 16 63	 => 272
 66 63 16 44 9 73	 => 271
 32 73 9 54 40 64	 => 272
 50 64 40 78 37 3	 => 272
 51 1 62 43 48 67	 => 272
 16 67 48 25 72 44	 => 272
 9 44 72 77 17 54	 => 273
 40 54 17 24 59 78	 => 272
 37 78 59 39 56 4	 => 273
 62 12 52 23 80 43	 => 272
 48 43 80 71 5 25	 => 272
 72 25 5 47 46 77	 => 272
 17 77 46 75 33 24	 => 272
 59 24 33 42 76 39	 => 273
 56 39 76 49 11 41	 => 272
 80 23 8 30 60 71	 => 272
 5 71 60 58 31 47	 => 272
 46 47 31 45 28 75	 => 272
 33 75 28 36 57 42	 => 271
 76 42 57 29 19 49	 => 272
 60 30 20 34 70 58	 => 272
 31 58 70 53 15 45	 => 272
 28 45 15 79 69 36	 => 272
 57 36 69 74 7 29	 => 272
 70 34 27 21 68 53	 => 273
 15 53 68 22 35 79	 => 272
 69 79 35 2 13 74	 => 272


===================[TEST 4]===================

##### START ##### Tue May 20 12:25:14 2003



##### CONVERGE ##### Tue May 20 12:26:12 2003

Elapsed time: 58 seconds
Total loop: 255 generations

Result : 268.45

21 10 70 57 78 36 4 28 71 55 8 65 33 40 17 61 42 25 64 20 9 79 66 22 7 12 39 73 45 16 80 41 58 14 46 75 34 30 37 2 44 77 48 13 54 68 38 53 32 52 76 6 29 18 27 59 43 56 31 26 60 63 49 1 5 67 72 51 19 74 62 15 23 11 47 24 35 69 3 50 

 21 10 70 57 78 36	 => 272
 4 36 78 28 71 55	 => 272
 8 55 71 65 33 40	 => 272
 70 17 61 42 25 57	 => 272
 78 57 25 64 20 28	 => 272
 71 28 20 9 79 65	 => 272
 33 65 79 66 22 7	 => 272
 61 12 39 73 45 42	 => 272
 25 42 45 16 80 64	 => 272
 20 64 80 41 58 9	 => 272
 79 9 58 14 46 66	 => 272
 22 66 46 75 34 30	 => 273
 39 37 2 44 77 73	 => 272
 45 73 77 48 13 16	 => 272
 80 16 13 54 68 41	 => 272
 58 41 68 38 53 14	 => 272
 46 14 53 32 52 75	 => 272
 34 75 52 76 6 29	 => 272
 77 44 18 27 59 48	 => 273
 13 48 59 43 56 54	 => 273
 68 54 56 31 26 38	 => 273
 53 38 26 60 63 32	 => 272
 52 32 63 49 1 76	 => 273
 59 27 5 67 72 43	 => 273
 56 43 72 51 19 31	 => 272
 26 31 19 74 62 60	 => 272
 63 60 62 15 23 49	 => 272
 72 67 11 47 24 51	 => 272
 19 51 24 35 69 74	 => 272
 62 74 69 3 50 15	 => 273


===================[TEST 5]===================

##### START ##### Tue May 20 12:26:12 2003



##### CONVERGE ##### Tue May 20 12:28:00 2003

Elapsed time: 108 seconds
Total loop: 474 generations

Result : 272.601

3 36 47 78 74 39 2 35 77 49 8 80 41 22 9 33 65 45 31 14 50 21 52 69 13 10 42 79 48 15 73 40 68 28 58 70 24 4 30 5 67 54 64 16 62 71 51 19 46 56 72 34 20 6 27 59 44 32 38 23 63 75 17 11 18 53 76 60 26 61 66 55 1 7 37 43 29 57 12 25 

 3 36 47 78 74 39	 => 277
 2 39 74 35 77 49	 => 276
 8 49 77 80 41 22	 => 277
 47 9 33 65 45 78	 => 277
 74 78 45 31 14 35	 => 277
 77 35 14 50 21 80	 => 277
 41 80 21 52 69 13	 => 276
 33 10 42 79 48 65	 => 277
 45 65 48 15 73 31	 => 277
 14 31 73 40 68 50	 => 276
 21 50 68 28 58 52	 => 277
 69 52 58 70 24 4	 => 277
 42 30 5 67 54 79	 => 277
 48 79 54 64 16 15	 => 276
 73 15 16 62 71 40	 => 277
 68 40 71 51 19 28	 => 277
 58 28 19 46 56 70	 => 277
 24 70 56 72 34 20	 => 276
 54 67 6 27 59 64	 => 277
 16 64 59 44 32 62	 => 277
 71 62 32 38 23 51	 => 277
 19 51 23 63 75 46	 => 277
 56 46 75 17 11 72	 => 277
 59 27 18 53 76 44	 => 277
 32 44 76 60 26 38	 => 276
 23 38 26 61 66 63	 => 277
 75 63 66 55 1 17	 => 277
 76 53 7 37 43 60	 => 276
 26 60 43 29 57 61	 => 276
 66 61 57 12 25 55	 => 276



test#	fitness		sum		time
---------------------------------------------------
1	266.071				74
2	268.323				47
3	268.111				101
4	268.45				58
5	272.601				108


---------------------------------------------------
Best fitness      : 272.601 ( test# 5)
Shortest time     : 47 ( test# 2)

Average fitness   : 268.711
Average time      : 77.6
