****************** GA TEST *******************

total test#:			 5
hexa min width:			 3
hexa max width:			 6
hexa count:			 30
number count:			 80
population size:		 80
generation size:		 10

tournament winner p:		 0.98
do xover p:			 1
xover:				 2points
do mutation1 p:			 0.1
mutation1 p:			 0.05
do optimize p:			 0.98
local optimize count:		 8000
do deep better optimize p:	 1
do deep worse optimize p:	 0
do spin p:			 0
spin count:			 900
do spin apply p:		 0.98
do mutation2 p:			 0.1
mutation2 p:			 0.07
force mutation2:		 0
replace bad p:			 0.195

converge rate p:		 0.99
converge count:			 1

**********************************************


===================[TEST 1]===================

##### START ##### Tue May 20 12:28:02 2003



##### CONVERGE ##### Tue May 20 12:29:08 2003

Elapsed time: 66 seconds
Total loop: 285 generations

Result : 271.778

26 5 60 77 76 31 3 19 72 75 20 59 36 14 29 7 79 24 49 30 44 51 78 43 9 15 68 64 42 25 57 61 35 45 22 66 54 13 6 10 63 65 48 32 39 62 50 23 40 80 53 11 12 8 21 71 52 34 18 73 56 33 69 1 17 41 74 70 28 46 55 58 4 16 37 38 27 67 2 47 

 26 5 60 77 76 31	 => 275
 3 31 76 19 72 75	 => 276
 20 75 72 59 36 14	 => 276
 60 29 7 79 24 77	 => 276
 76 77 24 49 30 19	 => 275
 72 19 30 44 51 59	 => 275
 36 59 51 78 43 9	 => 276
 7 15 68 64 42 79	 => 275
 24 79 42 25 57 49	 => 276
 30 49 57 61 35 44	 => 276
 51 44 35 45 22 78	 => 275
 43 78 22 66 54 13	 => 276
 68 6 10 63 65 64	 => 276
 42 64 65 48 32 25	 => 276
 57 25 32 39 62 61	 => 276
 35 61 62 50 23 45	 => 276
 22 45 23 40 80 66	 => 276
 54 66 80 53 11 12	 => 276
 65 63 8 21 71 48	 => 276
 32 48 71 52 34 39	 => 276
 62 39 34 18 73 50	 => 276
 23 50 73 56 33 40	 => 275
 80 40 33 69 1 53	 => 276
 71 21 17 41 74 52	 => 276
 34 52 74 70 28 18	 => 276
 73 18 28 46 55 56	 => 276
 33 56 55 58 4 69	 => 275
 74 41 16 37 38 70	 => 276
 28 70 38 27 67 46	 => 276
 55 46 67 2 47 58	 => 275


===================[TEST 2]===================

##### START ##### Tue May 20 12:29:08 2003



##### CONVERGE ##### Tue May 20 12:29:49 2003

Elapsed time: 41 seconds
Total loop: 183 generations

Result : 265.601

8 11 63 40 78 70 18 13 79 12 37 71 65 5 1 23 67 75 62 2 77 28 73 26 7 20 69 72 19 14 33 45 50 9 32 80 43 16 10 4 39 76 42 47 56 74 54 38 44 66 48 3 29 34 30 49 52 24 35 27 60 46 25 41 22 58 59 64 36 57 55 68 15 51 17 21 61 31 6 53 

 8 11 63 40 78 70	 => 270
 18 70 78 13 79 12	 => 270
 37 12 79 71 65 5	 => 269
 63 1 23 67 75 40	 => 269
 78 40 75 62 2 13	 => 270
 79 13 2 77 28 71	 => 270
 65 71 28 73 26 7	 => 270
 23 20 69 72 19 67	 => 270
 75 67 19 14 33 62	 => 270
 2 62 33 45 50 77	 => 269
 28 77 50 9 32 73	 => 269
 26 73 32 80 43 16	 => 270
 69 10 4 39 76 72	 => 270
 19 72 76 42 47 14	 => 270
 33 14 47 56 74 45	 => 269
 50 45 74 54 38 9	 => 270
 32 9 38 44 66 80	 => 269
 43 80 66 48 3 29	 => 269
 76 39 34 30 49 42	 => 270
 47 42 49 52 24 56	 => 270
 74 56 24 35 27 54	 => 270
 38 54 27 60 46 44	 => 269
 66 44 46 25 41 48	 => 270
 49 30 22 58 59 52	 => 270
 24 52 59 64 36 35	 => 270
 27 35 36 57 55 60	 => 270
 46 60 55 68 15 25	 => 269
 59 58 51 17 21 64	 => 270
 36 64 21 61 31 57	 => 270
 55 57 31 6 53 68	 => 270


===================[TEST 3]===================

##### START ##### Tue May 20 12:29:49 2003



##### CONVERGE ##### Tue May 20 12:30:51 2003

Elapsed time: 62 seconds
Total loop: 271 generations

Result : 267.856

5 61 69 32 75 29 6 31 60 70 8 79 41 13 11 37 74 48 64 20 36 45 80 7 19 43 22 77 18 30 38 51 62 4 44 76 63 1 9 39 53 71 47 28 66 58 56 40 50 57 25 17 33 10 23 67 42 21 16 54 12 59 78 2 26 46 68 72 52 65 73 14 35 34 27 24 3 55 15 49 

 5 61 69 32 75 29	 => 271
 6 29 75 31 60 70	 => 271
 8 70 60 79 41 13	 => 271
 69 11 37 74 48 32	 => 271
 75 32 48 64 20 31	 => 270
 60 31 20 36 45 79	 => 271
 41 79 45 80 7 19	 => 271
 37 43 22 77 18 74	 => 271
 48 74 18 30 38 64	 => 272
 20 64 38 51 62 36	 => 271
 45 36 62 4 44 80	 => 271
 7 80 44 76 63 1	 => 271
 22 9 39 53 71 77	 => 271
 18 77 71 47 28 30	 => 271
 38 30 28 66 58 51	 => 271
 62 51 58 56 40 4	 => 271
 44 4 40 50 57 76	 => 271
 63 76 57 25 17 33	 => 271
 71 53 10 23 67 47	 => 271
 28 47 67 42 21 66	 => 271
 58 66 21 16 54 56	 => 271
 40 56 54 12 59 50	 => 271
 57 50 59 78 2 25	 => 271
 67 23 26 46 68 42	 => 272
 21 42 68 72 52 16	 => 271
 54 16 52 65 73 12	 => 272
 59 12 73 14 35 78	 => 271
 68 46 34 27 24 72	 => 271
 52 72 24 3 55 65	 => 271
 73 65 55 15 49 14	 => 271


===================[TEST 4]===================

##### START ##### Tue May 20 12:30:51 2003



##### CONVERGE ##### Tue May 20 12:32:02 2003

Elapsed time: 71 seconds
Total loop: 314 generations

Result : 272.417

43 25 45 79 63 20 7 66 65 54 28 51 44 33 1 36 76 38 27 2 35 56 68 39 17 8 31 71 53 4 77 72 62 5 49 73 34 12 11 14 80 69 41 37 30 55 52 29 60 59 64 23 22 9 15 61 32 74 24 40 48 47 42 3 19 70 78 46 21 75 67 58 13 18 6 57 26 50 10 16 

 43 25 45 79 63 20	 => 275
 7 20 63 66 65 54	 => 275
 28 54 65 51 44 33	 => 275
 45 1 36 76 38 79	 => 275
 63 79 38 27 2 66	 => 275
 65 66 2 35 56 51	 => 275
 44 51 56 68 39 17	 => 275
 36 8 31 71 53 76	 => 275
 38 76 53 4 77 27	 => 275
 2 27 77 72 62 35	 => 275
 56 35 62 5 49 68	 => 275
 39 68 49 73 34 12	 => 275
 31 11 14 80 69 71	 => 276
 53 71 69 41 37 4	 => 275
 77 4 37 30 55 72	 => 275
 62 72 55 52 29 5	 => 275
 49 5 29 60 59 73	 => 275
 34 73 59 64 23 22	 => 275
 69 80 9 15 61 41	 => 275
 37 41 61 32 74 30	 => 275
 55 30 74 24 40 52	 => 275
 29 52 40 48 47 60	 => 276
 59 60 47 42 3 64	 => 275
 61 15 19 70 78 32	 => 275
 74 32 78 46 21 24	 => 275
 40 24 21 75 67 48	 => 275
 47 48 67 58 13 42	 => 275
 78 70 18 6 57 46	 => 275
 21 46 57 26 50 75	 => 275
 67 75 50 10 16 58	 => 276


===================[TEST 5]===================

##### START ##### Tue May 20 12:32:02 2003



##### CONVERGE ##### Tue May 20 12:33:30 2003

Elapsed time: 88 seconds
Total loop: 384 generations

Result : 269.45

4 9 42 79 76 63 6 32 61 35 20 64 72 21 11 14 77 50 3 34 29 53 44 24 16 2 36 74 71 12 60 80 68 23 56 67 54 28 40 27 45 52 46 18 73 30 41 31 58 38 70 25 19 49 48 33 37 66 17 47 57 39 59 10 15 78 62 65 26 51 75 43 1 5 8 55 7 69 13 22 

 4 9 42 79 76 63	 => 273
 6 63 76 32 61 35	 => 273
 20 35 61 64 72 21	 => 273
 42 11 14 77 50 79	 => 273
 76 79 50 3 34 32	 => 274
 61 32 34 29 53 64	 => 273
 72 64 53 44 24 16	 => 273
 14 2 36 74 71 77	 => 274
 50 77 71 12 60 3	 => 273
 34 3 60 80 68 29	 => 274
 53 29 68 23 56 44	 => 273
 24 44 56 67 54 28	 => 273
 36 40 27 45 52 74	 => 274
 71 74 52 46 18 12	 => 273
 60 12 18 73 30 80	 => 273
 68 80 30 41 31 23	 => 273
 56 23 31 58 38 67	 => 273
 54 67 38 70 25 19	 => 273
 52 45 49 48 33 46	 => 273
 18 46 33 37 66 73	 => 273
 30 73 66 17 47 41	 => 274
 31 41 47 57 39 58	 => 273
 38 58 39 59 10 70	 => 274
 33 48 15 78 62 37	 => 273
 66 37 62 65 26 17	 => 273
 47 17 26 51 75 57	 => 273
 39 57 75 43 1 59	 => 274
 62 78 5 8 55 65	 => 273
 26 65 55 7 69 51	 => 273
 75 51 69 13 22 43	 => 273



test#	fitness		sum		time
---------------------------------------------------
1	271.778				66
2	265.601				41
3	267.856				62
4	272.417				71
5	269.45				88


---------------------------------------------------
Best fitness      : 272.417 ( test# 4)
Shortest time     : 41 ( test# 2)

Average fitness   : 269.42
Average time      : 65.6
