****************** GA TEST *******************

total test#:			 5
hexa min width:			 3
hexa max width:			 6
hexa count:			 30
number count:			 80
population size:		 80
generation size:		 10

tournament winner p:		 0.98
do xover p:			 1
xover:				 2points
do mutation1 p:			 0.12
mutation1 p:			 0.05
do optimize p:			 0.98
local optimize count:		 8000
do deep better optimize p:	 1
do deep worse optimize p:	 0
do spin p:			 0
spin count:			 900
do spin apply p:		 1
do mutation2 p:			 0.1
mutation2 p:			 0.07
force mutation2:		 0
replace bad p:			 0.195

converge rate p:		 0.99
converge count:			 1

**********************************************


===================[TEST 1]===================

##### START ##### Tue May 20 12:33:32 2003



##### CONVERGE ##### Tue May 20 12:34:52 2003

Elapsed time: 80 seconds
Total loop: 348 generations

Result : 272.222

2 36 46 78 72 42 20 18 74 50 10 79 47 15 13 21 77 40 39 29 44 31 73 30 16 8 45 70 55 28 37 66 61 48 19 75 76 3 41 9 57 54 35 34 68 43 24 33 63 38 49 11 27 6 64 60 14 65 7 69 25 62 52 12 1 56 80 59 51 71 53 67 17 26 23 32 5 58 4 22 

 2 36 46 78 72 42	 => 276
 20 42 72 18 74 50	 => 276
 10 50 74 79 47 15	 => 275
 46 13 21 77 40 78	 => 275
 72 78 40 39 29 18	 => 276
 74 18 29 44 31 79	 => 275
 47 79 31 73 30 16	 => 276
 21 8 45 70 55 77	 => 276
 40 77 55 28 37 39	 => 276
 29 39 37 66 61 44	 => 276
 31 44 61 48 19 73	 => 276
 30 73 19 75 76 3	 => 276
 45 41 9 57 54 70	 => 276
 55 70 54 35 34 28	 => 276
 37 28 34 68 43 66	 => 276
 61 66 43 24 33 48	 => 275
 19 48 33 63 38 75	 => 276
 76 75 38 49 11 27	 => 276
 54 57 6 64 60 35	 => 276
 34 35 60 14 65 68	 => 276
 43 68 65 7 69 24	 => 276
 33 24 69 25 62 63	 => 276
 38 63 62 52 12 49	 => 276
 60 64 1 56 80 14	 => 275
 65 14 80 59 51 7	 => 276
 69 7 51 71 53 25	 => 276
 62 25 53 67 17 52	 => 276
 80 56 26 23 32 59	 => 276
 51 59 32 5 58 71	 => 276
 53 71 58 4 22 67	 => 275


===================[TEST 2]===================

##### START ##### Tue May 20 12:34:52 2003



##### CONVERGE ##### Tue May 20 12:35:29 2003

Elapsed time: 37 seconds
Total loop: 164 generations

Result : 266.859

40 4 49 35 67 76 6 14 45 64 23 80 46 13 9 28 73 78 60 18 65 50 55 39 2 20 43 75 33 1 26 61 42 29 31 70 52 25 15 3 72 63 32 68 47 69 30 41 27 74 58 11 7 12 44 48 57 19 51 56 38 79 24 10 8 62 53 59 34 16 77 36 17 5 21 71 37 54 22 66 

 40 4 49 35 67 76	 => 271
 6 76 67 14 45 64	 => 272
 23 64 45 80 46 13	 => 271
 49 9 28 73 78 35	 => 272
 67 35 78 60 18 14	 => 272
 45 14 18 65 50 80	 => 272
 46 80 50 55 39 2	 => 272
 28 20 43 75 33 73	 => 272
 78 73 33 1 26 60	 => 271
 18 60 26 61 42 65	 => 272
 50 65 42 29 31 55	 => 272
 39 55 31 70 52 25	 => 272
 43 15 3 72 63 75	 => 271
 33 75 63 32 68 1	 => 272
 26 1 68 47 69 61	 => 272
 42 61 69 30 41 29	 => 272
 31 29 41 27 74 70	 => 272
 52 70 74 58 11 7	 => 272
 63 72 12 44 48 32	 => 271
 68 32 48 57 19 47	 => 271
 69 47 19 51 56 30	 => 272
 41 30 56 38 79 27	 => 271
 74 27 79 24 10 58	 => 272
 48 44 8 62 53 57	 => 272
 19 57 53 59 34 51	 => 273
 56 51 34 16 77 38	 => 272
 79 38 77 36 17 24	 => 271
 53 62 5 21 71 59	 => 271
 34 59 71 37 54 16	 => 271
 77 16 54 22 66 36	 => 271


===================[TEST 3]===================

##### START ##### Tue May 20 12:35:29 2003



##### CONVERGE ##### Tue May 20 12:36:39 2003

Elapsed time: 70 seconds
Total loop: 306 generations

Result : 268.778

1 16 57 78 54 67 4 37 58 53 14 70 46 32 5 7 75 51 25 28 33 47 69 34 6 22 60 64 45 12 65 63 59 26 39 74 36 20 18 27 61 43 30 79 35 19 44 62 17 55 76 23 8 13 77 48 31 50 56 68 10 71 52 2 3 41 73 42 21 80 38 72 29 40 11 66 15 49 24 9 

 1 16 57 78 54 67	 => 273
 4 67 54 37 58 53	 => 273
 14 53 58 70 46 32	 => 273
 57 5 7 75 51 78	 => 273
 54 78 51 25 28 37	 => 273
 58 37 28 33 47 70	 => 273
 46 70 47 69 34 6	 => 272
 7 22 60 64 45 75	 => 273
 51 75 45 12 65 25	 => 273
 28 25 65 63 59 33	 => 273
 47 33 59 26 39 69	 => 273
 34 69 39 74 36 20	 => 272
 60 18 27 61 43 64	 => 273
 45 64 43 30 79 12	 => 273
 65 12 79 35 19 63	 => 273
 59 63 19 44 62 26	 => 273
 39 26 62 17 55 74	 => 273
 36 74 55 76 23 8	 => 272
 43 61 13 77 48 30	 => 272
 79 30 48 31 50 35	 => 273
 19 35 50 56 68 44	 => 272
 62 44 68 10 71 17	 => 272
 55 17 71 52 2 76	 => 273
 48 77 3 41 73 31	 => 273
 50 31 73 42 21 56	 => 273
 68 56 21 80 38 10	 => 273
 71 10 38 72 29 52	 => 272
 73 41 40 11 66 42	 => 273
 21 42 66 15 49 80	 => 273
 38 80 49 24 9 72	 => 272


===================[TEST 4]===================

##### START ##### Tue May 20 12:36:39 2003



##### CONVERGE ##### Tue May 20 12:37:23 2003

Elapsed time: 44 seconds
Total loop: 192 generations

Result : 262.417

6 39 77 31 73 40 2 33 62 55 1 53 79 15 22 49 30 56 61 11 69 37 52 25 19 43 57 54 32 12 74 41 9 78 20 45 72 51 14 18 47 75 50 42 60 36 67 34 8 80 21 23 24 7 17 70 38 5 71 26 64 66 63 27 35 59 46 76 29 65 10 58 4 13 28 44 3 48 68 16 

 6 39 77 31 73 40	 => 266
 2 40 73 33 62 55	 => 265
 1 55 62 53 79 15	 => 265
 77 22 49 30 56 31	 => 265
 73 31 56 61 11 33	 => 265
 62 33 11 69 37 53	 => 265
 79 53 37 52 25 19	 => 265
 49 43 57 54 32 30	 => 265
 56 30 32 12 74 61	 => 265
 11 61 74 41 9 69	 => 265
 37 69 9 78 20 52	 => 265
 25 52 20 45 72 51	 => 265
 57 14 18 47 75 54	 => 265
 32 54 75 50 42 12	 => 265
 74 12 42 60 36 41	 => 265
 9 41 36 67 34 78	 => 265
 20 78 34 8 80 45	 => 265
 72 45 80 21 23 24	 => 265
 75 47 7 17 70 50	 => 266
 42 50 70 38 5 60	 => 265
 36 60 5 71 26 67	 => 265
 34 67 26 64 66 8	 => 265
 80 8 66 63 27 21	 => 265
 70 17 35 59 46 38	 => 265
 5 38 46 76 29 71	 => 265
 26 71 29 65 10 64	 => 265
 66 64 10 58 4 63	 => 265
 46 59 13 28 44 76	 => 266
 29 76 44 3 48 65	 => 265
 10 65 48 68 16 58	 => 265


===================[TEST 5]===================

##### START ##### Tue May 20 12:37:23 2003



##### CONVERGE ##### Tue May 20 12:38:27 2003

Elapsed time: 64 seconds
Total loop: 282 generations

Result : 271.217

35 28 50 73 57 31 12 42 63 69 5 78 54 4 1 67 58 25 37 40 15 36 79 3 24 7 11 70 61 27 66 45 71 32 41 74 68 9 23 47 76 46 56 13 51 72 44 10 52 65 34 14 19 21 16 59 62 33 26 48 43 77 38 8 29 53 55 80 18 75 64 30 22 20 6 60 2 39 17 49 

 35 28 50 73 57 31	 => 274
 12 31 57 42 63 69	 => 274
 5 69 63 78 54 4	 => 273
 50 1 67 58 25 73	 => 274
 57 73 25 37 40 42	 => 274
 63 42 40 15 36 78	 => 274
 54 78 36 79 3 24	 => 274
 67 7 11 70 61 58	 => 274
 25 58 61 27 66 37	 => 274
 40 37 66 45 71 15	 => 274
 36 15 71 32 41 79	 => 274
 3 79 41 74 68 9	 => 274
 11 23 47 76 46 70	 => 273
 61 70 46 56 13 27	 => 273
 66 27 13 51 72 45	 => 274
 71 45 72 44 10 32	 => 274
 41 32 10 52 65 74	 => 274
 68 74 65 34 14 19	 => 274
 46 76 21 16 59 56	 => 274
 13 56 59 62 33 51	 => 274
 72 51 33 26 48 44	 => 274
 10 44 48 43 77 52	 => 274
 65 52 77 38 8 34	 => 274
 59 16 29 53 55 62	 => 274
 33 62 55 80 18 26	 => 274
 48 26 18 75 64 43	 => 274
 77 43 64 30 22 38	 => 274
 55 53 20 6 60 80	 => 274
 18 80 60 2 39 75	 => 274
 64 75 39 17 49 30	 => 274



test#	fitness		sum		time
---------------------------------------------------
1	272.222				80
2	266.859				37
3	268.778				70
4	262.417				44
5	271.217				64


---------------------------------------------------
Best fitness      : 272.222 ( test# 1)
Shortest time     : 37 ( test# 2)

Average fitness   : 268.299
Average time      : 59
