****************** GA TEST *******************

total test#:			 5
hexa min width:			 3
hexa max width:			 6
hexa count:			 30
number count:			 80
population size:		 80
generation size:		 10

tournament winner p:		 0.98
do xover p:			 1
xover:				 2points
do mutation1 p:			 0.08
mutation1 p:			 0.05
do optimize p:			 0.98
local optimize count:		 8000
do deep better optimize p:	 1
do deep worse optimize p:	 0
do spin p:			 0
spin count:			 900
do spin apply p:		 1
do mutation2 p:			 0.1
mutation2 p:			 0.07
force mutation2:		 0
replace bad p:			 0.195

converge rate p:		 0.99
converge count:			 1

**********************************************


===================[TEST 1]===================

##### START ##### Tue May 20 12:38:27 2003



##### CONVERGE ##### Tue May 20 12:39:28 2003

Elapsed time: 61 seconds
Total loop: 266 generations

Result : 270.56

17 14 77 59 79 28 10 48 33 76 34 78 38 15 22 35 69 11 50 27 21 67 36 30 25 1 62 70 37 41 66 64 46 32 73 51 80 4 7 29 31 75 45 6 44 53 39 40 26 52 68 18 5 9 43 71 49 60 23 55 58 57 47 24 19 20 72 63 8 74 56 54 2 42 12 65 3 61 13 16 

 17 14 77 59 79 28	 => 274
 10 28 79 48 33 76	 => 274
 34 76 33 78 38 15	 => 274
 77 22 35 69 11 59	 => 273
 79 59 11 50 27 48	 => 274
 33 48 27 21 67 78	 => 274
 38 78 67 36 30 25	 => 274
 35 1 62 70 37 69	 => 274
 11 69 37 41 66 50	 => 274
 27 50 66 64 46 21	 => 274
 67 21 46 32 73 36	 => 275
 30 36 73 51 80 4	 => 274
 62 7 29 31 75 70	 => 274
 37 70 75 45 6 41	 => 274
 66 41 6 44 53 64	 => 274
 46 64 53 39 40 32	 => 274
 73 32 40 26 52 51	 => 274
 80 51 52 68 18 5	 => 274
 75 31 9 43 71 45	 => 274
 6 45 71 49 60 44	 => 275
 53 44 60 23 55 39	 => 274
 40 39 55 58 57 26	 => 275
 52 26 57 47 24 68	 => 274
 71 43 19 20 72 49	 => 274
 60 49 72 63 8 23	 => 275
 55 23 8 74 56 58	 => 274
 57 58 56 54 2 47	 => 274
 72 20 42 12 65 63	 => 274
 8 63 65 3 61 74	 => 274
 56 74 61 13 16 54	 => 274


===================[TEST 2]===================

##### START ##### Tue May 20 12:39:28 2003



##### CONVERGE ##### Tue May 20 12:40:32 2003

Elapsed time: 64 seconds
Total loop: 279 generations

Result : 267.311

31 46 14 76 80 25 10 13 69 74 6 62 33 27 26 45 63 47 11 44 35 49 70 54 3 12 39 59 53 19 78 42 61 24 32 65 50 1 22 8 72 71 52 18 64 51 77 16 67 68 2 28 58 23 15 38 79 20 30 29 40 43 55 36 9 73 57 48 37 60 75 41 17 21 7 66 4 56 5 34 

 31 46 14 76 80 25	 => 272
 10 25 80 13 69 74	 => 271
 6 74 69 62 33 27	 => 271
 14 26 45 63 47 76	 => 271
 80 76 47 11 44 13	 => 271
 69 13 44 35 49 62	 => 272
 33 62 49 70 54 3	 => 271
 45 12 39 59 53 63	 => 271
 47 63 53 19 78 11	 => 271
 44 11 78 42 61 35	 => 271
 49 35 61 24 32 70	 => 271
 54 70 32 65 50 1	 => 272
 39 22 8 72 71 59	 => 271
 53 59 71 52 18 19	 => 272
 78 19 18 64 51 42	 => 272
 61 42 51 77 16 24	 => 271
 32 24 16 67 68 65	 => 272
 50 65 68 2 28 58	 => 271
 71 72 23 15 38 52	 => 271
 18 52 38 79 20 64	 => 271
 51 64 20 30 29 77	 => 271
 16 77 29 40 43 67	 => 272
 68 67 43 55 36 2	 => 271
 38 15 9 73 57 79	 => 271
 20 79 57 48 37 30	 => 271
 29 30 37 60 75 40	 => 271
 43 40 75 41 17 55	 => 271
 57 73 21 7 66 48	 => 272
 37 48 66 4 56 60	 => 271
 75 60 56 5 34 41	 => 271


===================[TEST 3]===================

##### START ##### Tue May 20 12:40:32 2003



##### CONVERGE ##### Tue May 20 12:41:43 2003

Elapsed time: 71 seconds
Total loop: 315 generations

Result : 268.734

18 23 71 21 74 65 4 11 68 50 41 56 44 13 19 34 60 67 57 42 31 64 80 26 2 36 72 62 8 14 66 48 29 51 17 69 78 3 33 12 39 54 79 55 43 46 76 22 37 75 38 10 1 27 53 20 40 35 47 25 49 63 52 7 28 70 61 73 16 77 58 45 5 6 30 32 15 59 9 24 

 18 23 71 21 74 65	 => 272
 4 65 74 11 68 50	 => 272
 41 50 68 56 44 13	 => 272
 71 19 34 60 67 21	 => 272
 74 21 67 57 42 11	 => 272
 68 11 42 31 64 56	 => 272
 44 56 64 80 26 2	 => 272
 34 36 72 62 8 60	 => 272
 67 60 8 14 66 57	 => 272
 42 57 66 48 29 31	 => 273
 64 31 29 51 17 80	 => 272
 26 80 17 69 78 3	 => 273
 72 33 12 39 54 62	 => 272
 8 62 54 79 55 14	 => 272
 66 14 55 43 46 48	 => 272
 29 48 46 76 22 51	 => 272
 17 51 22 37 75 69	 => 271
 78 69 75 38 10 1	 => 271
 54 39 27 53 20 79	 => 272
 55 79 20 40 35 43	 => 272
 46 43 35 47 25 76	 => 272
 22 76 25 49 63 37	 => 272
 75 37 63 52 7 38	 => 272
 20 53 28 70 61 40	 => 272
 35 40 61 73 16 47	 => 272
 25 47 16 77 58 49	 => 272
 63 49 58 45 5 52	 => 272
 61 70 6 30 32 73	 => 272
 16 73 32 15 59 77	 => 272
 58 77 59 9 24 45	 => 272


===================[TEST 4]===================

##### START ##### Tue May 20 12:41:43 2003



##### CONVERGE ##### Tue May 20 12:42:52 2003

Elapsed time: 69 seconds
Total loop: 240 generations

Result : 270.45

2 9 49 79 71 64 10 23 65 41 28 78 47 15 18 36 66 27 62 12 59 37 63 44 5 3 69 45 55 46 19 70 52 24 39 60 67 1 17 7 61 75 25 29 77 33 21 74 38 40 72 4 31 6 51 56 35 53 58 32 34 76 26 22 30 54 48 68 13 57 80 42 16 50 11 43 20 73 14 8 

 2 9 49 79 71 64	 => 274
 10 64 71 23 65 41	 => 274
 28 41 65 78 47 15	 => 274
 49 18 36 66 27 79	 => 275
 71 79 27 62 12 23	 => 274
 65 23 12 59 37 78	 => 274
 47 78 37 63 44 5	 => 274
 36 3 69 45 55 66	 => 274
 27 66 55 46 19 62	 => 275
 12 62 19 70 52 59	 => 274
 37 59 52 24 39 63	 => 274
 44 63 39 60 67 1	 => 274
 69 17 7 61 75 45	 => 274
 55 45 75 25 29 46	 => 275
 19 46 29 77 33 70	 => 274
 52 70 33 21 74 24	 => 274
 39 24 74 38 40 60	 => 275
 67 60 40 72 4 31	 => 274
 75 61 6 51 56 25	 => 274
 29 25 56 35 53 77	 => 275
 33 77 53 58 32 21	 => 274
 74 21 32 34 76 38	 => 275
 40 38 76 26 22 72	 => 274
 56 51 30 54 48 35	 => 274
 53 35 48 68 13 58	 => 275
 32 58 13 57 80 34	 => 274
 76 34 80 42 16 26	 => 274
 48 54 50 11 43 68	 => 274
 13 68 43 20 73 57	 => 274
 80 57 73 14 8 42	 => 274


===================[TEST 5]===================

##### START ##### Tue May 20 12:42:52 2003



##### CONVERGE ##### Tue May 20 12:43:33 2003

Elapsed time: 41 seconds
Total loop: 178 generations

Result : 261.778

63 31 71 46 22 32 7 53 79 72 17 11 80 6 13 78 28 30 74 41 25 57 70 45 3 1 33 64 62 14 58 40 27 77 10 39 73 29 8 18 75 68 24 34 51 69 38 15 65 60 19 26 48 20 37 42 66 49 12 47 44 56 50 16 5 55 61 43 35 76 52 54 9 36 4 67 21 23 59 2 

 63 31 71 46 22 32	 => 265
 7 32 22 53 79 72	 => 265
 17 72 79 11 80 6	 => 265
 71 13 78 28 30 46	 => 266
 22 46 30 74 41 53	 => 266
 79 53 41 25 57 11	 => 266
 80 11 57 70 45 3	 => 266
 78 1 33 64 62 28	 => 266
 30 28 62 14 58 74	 => 266
 41 74 58 40 27 25	 => 265
 57 25 27 77 10 70	 => 266
 45 70 10 39 73 29	 => 266
 33 8 18 75 68 64	 => 266
 62 64 68 24 34 14	 => 266
 58 14 34 51 69 40	 => 266
 27 40 69 38 15 77	 => 266
 10 77 15 65 60 39	 => 266
 73 39 60 19 26 48	 => 265
 68 75 20 37 42 24	 => 266
 34 24 42 66 49 51	 => 266
 69 51 49 12 47 38	 => 266
 15 38 47 44 56 65	 => 265
 60 65 56 50 16 19	 => 266
 42 37 5 55 61 66	 => 266
 49 66 61 43 35 12	 => 266
 47 12 35 76 52 44	 => 266
 56 44 52 54 9 50	 => 265
 61 55 36 4 67 43	 => 266
 35 43 67 21 23 76	 => 265
 52 76 23 59 2 54	 => 266



test#	fitness		sum		time
---------------------------------------------------
1	270.56				61
2	267.311				64
3	268.734				71
4	270.45				69
5	261.778				41


---------------------------------------------------
Best fitness      : 270.56 ( test# 1)
Shortest time     : 41 ( test# 5)

Average fitness   : 267.767
Average time      : 61.2
