****************** GA TEST *******************

total test#:			 5
hexa min width:			 3
hexa max width:			 6
hexa count:			 30
number count:			 80
population size:		 80
generation size:		 10

tournament winner p:		 0.98
do xover p:			 1
xover:				 2points
do mutation1 p:			 0.1
mutation1 p:			 0.07
do optimize p:			 0.98
local optimize count:		 8000
do deep better optimize p:	 1
do deep worse optimize p:	 0
do spin p:			 0
spin count:			 900
do spin apply p:		 1
do mutation2 p:			 0.1
mutation2 p:			 0.07
force mutation2:		 0
replace bad p:			 0.195

converge rate p:		 0.99
converge count:			 1

**********************************************


===================[TEST 1]===================

##### START ##### Tue May 20 12:43:37 2003



##### CONVERGE ##### Tue May 20 12:44:44 2003

Elapsed time: 67 seconds
Total loop: 289 generations

Result : 270.45

11 55 64 58 80 6 3 48 74 63 10 42 65 20 26 41 66 19 40 29 45 37 72 53 5 15 31 76 46 28 75 38 47 23 50 56 30 14 1 61 43 62 49 13 54 67 60 39 27 79 59 32 18 7 44 69 57 33 8 52 25 71 22 16 2 34 68 73 35 77 78 70 9 36 12 51 17 21 24 4 

 11 55 64 58 80 6	 => 274
 3 6 80 48 74 63	 => 274
 10 63 74 42 65 20	 => 274
 64 26 41 66 19 58	 => 274
 80 58 19 40 29 48	 => 274
 74 48 29 45 37 42	 => 275
 65 42 37 72 53 5	 => 274
 41 15 31 76 46 66	 => 275
 19 66 46 28 75 40	 => 274
 29 40 75 38 47 45	 => 274
 37 45 47 23 50 72	 => 274
 53 72 50 56 30 14	 => 275
 31 1 61 43 62 76	 => 274
 46 76 62 49 13 28	 => 274
 75 28 13 54 67 38	 => 275
 47 38 67 60 39 23	 => 274
 50 23 39 27 79 56	 => 274
 30 56 79 59 32 18	 => 274
 62 43 7 44 69 49	 => 274
 13 49 69 57 33 54	 => 275
 67 54 33 8 52 60	 => 274
 39 60 52 25 71 27	 => 274
 79 27 71 22 16 59	 => 274
 69 44 2 34 68 57	 => 274
 33 57 68 73 35 8	 => 274
 52 8 35 77 78 25	 => 275
 71 25 78 70 9 22	 => 275
 68 34 36 12 51 73	 => 274
 35 73 51 17 21 77	 => 274
 78 77 21 24 4 70	 => 274


===================[TEST 2]===================

##### START ##### Tue May 20 12:44:44 2003



##### CONVERGE ##### Tue May 20 12:45:52 2003

Elapsed time: 68 seconds
Total loop: 301 generations

Result : 267.859

5 24 31 78 66 68 19 30 54 36 10 63 44 65 15 34 64 51 46 2 75 49 73 33 11 1 71 60 42 25 45 47 57 6 13 70 74 9 29 14 22 76 43 27 67 62 32 69 37 77 28 7 17 12 48 72 40 23 39 50 26 59 55 16 3 58 53 61 56 21 80 35 18 8 41 52 4 79 20 38 

 5 24 31 78 66 68	 => 272
 19 68 66 30 54 36	 => 273
 10 36 54 63 44 65	 => 272
 31 15 34 64 51 78	 => 273
 66 78 51 46 2 30	 => 273
 54 30 2 75 49 63	 => 273
 44 63 49 73 33 11	 => 273
 34 1 71 60 42 64	 => 272
 51 64 42 25 45 46	 => 273
 2 46 45 47 57 75	 => 272
 49 75 57 6 13 73	 => 273
 33 73 13 70 74 9	 => 272
 71 29 14 22 76 60	 => 272
 42 60 76 43 27 25	 => 273
 45 25 27 67 62 47	 => 273
 57 47 62 32 69 6	 => 273
 13 6 69 37 77 70	 => 272
 74 70 77 28 7 17	 => 273
 76 22 12 48 72 43	 => 273
 27 43 72 40 23 67	 => 272
 62 67 23 39 50 32	 => 273
 69 32 50 26 59 37	 => 273
 77 37 59 55 16 28	 => 272
 72 48 3 58 53 40	 => 274
 23 40 53 61 56 39	 => 272
 50 39 56 21 80 26	 => 272
 59 26 80 35 18 55	 => 273
 53 58 8 41 52 61	 => 273
 56 61 52 4 79 21	 => 273
 80 21 79 20 38 35	 => 273


===================[TEST 3]===================

##### START ##### Tue May 20 12:45:52 2003



##### CONVERGE ##### Tue May 20 12:47:15 2003

Elapsed time: 83 seconds
Total loop: 366 generations

Result : 272.218

14 16 38 80 73 55 1 27 79 42 9 66 65 15 8 61 72 18 47 32 48 24 67 53 2 6 41 71 26 46 68 23 59 54 25 70 50 11 17 12 75 60 40 33 43 63 49 29 35 64 77 3 13 7 19 76 51 34 36 52 37 74 22 5 28 45 57 78 21 62 69 44 31 30 10 56 20 39 4 58 

 14 16 38 80 73 55	 => 276
 1 55 73 27 79 42	 => 277
 9 42 79 66 65 15	 => 276
 38 8 61 72 18 80	 => 277
 73 80 18 47 32 27	 => 277
 79 27 32 48 24 66	 => 276
 65 66 24 67 53 2	 => 277
 61 6 41 71 26 72	 => 277
 18 72 26 46 68 47	 => 277
 32 47 68 23 59 48	 => 277
 24 48 59 54 25 67	 => 277
 53 67 25 70 50 11	 => 276
 41 17 12 75 60 71	 => 276
 26 71 60 40 33 46	 => 276
 68 46 33 43 63 23	 => 276
 59 23 63 49 29 54	 => 277
 25 54 29 35 64 70	 => 277
 50 70 64 77 3 13	 => 277
 60 75 7 19 76 40	 => 277
 33 40 76 51 34 43	 => 277
 63 43 34 36 52 49	 => 277
 29 49 52 37 74 35	 => 276
 64 35 74 22 5 77	 => 277
 76 19 28 45 57 51	 => 276
 34 51 57 78 21 36	 => 277
 52 36 21 62 69 37	 => 277
 74 37 69 44 31 22	 => 277
 57 45 30 10 56 78	 => 276
 21 78 56 20 39 62	 => 276
 69 62 39 4 58 44	 => 276


===================[TEST 4]===================

##### START ##### Tue May 20 12:47:15 2003



##### CONVERGE ##### Tue May 20 12:48:23 2003

Elapsed time: 68 seconds
Total loop: 295 generations

Result : 269.856

46 6 26 71 49 74 15 12 59 64 13 54 40 43 4 29 77 66 37 38 62 48 69 42 20 3 47 61 56 21 16 63 57 23 14 79 67 2 25 7 53 80 11 45 73 55 39 36 44 78 32 1 17 35 19 75 28 41 34 31 58 65 30 24 5 70 76 72 22 68 60 52 8 27 18 10 50 51 9 33 

 46 6 26 71 49 74	 => 272
 15 74 49 12 59 64	 => 273
 13 64 59 54 40 43	 => 273
 26 4 29 77 66 71	 => 273
 49 71 66 37 38 12	 => 273
 59 12 38 62 48 54	 => 273
 40 54 48 69 42 20	 => 273
 29 3 47 61 56 77	 => 273
 66 77 56 21 16 37	 => 273
 38 37 16 63 57 62	 => 273
 48 62 57 23 14 69	 => 273
 42 69 14 79 67 2	 => 273
 47 25 7 53 80 61	 => 273
 56 61 80 11 45 21	 => 274
 16 21 45 73 55 63	 => 273
 57 63 55 39 36 23	 => 273
 14 23 36 44 78 79	 => 274
 67 79 78 32 1 17	 => 274
 80 53 35 19 75 11	 => 273
 45 11 75 28 41 73	 => 273
 55 73 41 34 31 39	 => 273
 36 39 31 58 65 44	 => 273
 78 44 65 30 24 32	 => 273
 75 19 5 70 76 28	 => 273
 41 28 76 72 22 34	 => 273
 31 34 22 68 60 58	 => 273
 65 58 60 52 8 30	 => 273
 76 70 27 18 10 72	 => 273
 22 72 10 50 51 68	 => 273
 60 68 51 9 33 52	 => 273


===================[TEST 5]===================

##### START ##### Tue May 20 12:48:23 2003



##### CONVERGE ##### Tue May 20 12:49:35 2003

Elapsed time: 72 seconds
Total loop: 315 generations

Result : 269.56

44 2 43 75 49 60 15 33 79 37 3 80 42 32 25 6 66 58 39 19 26 35 72 31 13 28 59 68 46 17 47 69 73 14 53 67 41 9 1 27 61 57 63 22 70 48 51 18 50 71 56 8 30 20 65 7 74 38 12 54 64 36 40 21 10 62 55 78 16 76 52 77 5 4 29 45 24 34 11 23 

 44 2 43 75 49 60	 => 273
 15 60 49 33 79 37	 => 273
 3 37 79 80 42 32	 => 273
 43 25 6 66 58 75	 => 273
 49 75 58 39 19 33	 => 273
 79 33 19 26 35 80	 => 272
 42 80 35 72 31 13	 => 273
 6 28 59 68 46 66	 => 273
 58 66 46 17 47 39	 => 273
 19 39 47 69 73 26	 => 273
 35 26 73 14 53 72	 => 273
 31 72 53 67 41 9	 => 273
 59 1 27 61 57 68	 => 273
 46 68 57 63 22 17	 => 273
 47 17 22 70 48 69	 => 273
 73 69 48 51 18 14	 => 273
 53 14 18 50 71 67	 => 273
 41 67 71 56 8 30	 => 273
 57 61 20 65 7 63	 => 273
 22 63 7 74 38 70	 => 274
 48 70 38 12 54 51	 => 273
 18 51 54 64 36 50	 => 273
 71 50 36 40 21 56	 => 274
 7 65 10 62 55 74	 => 273
 38 74 55 78 16 12	 => 273
 54 12 16 76 52 64	 => 274
 36 64 52 77 5 40	 => 274
 55 62 4 29 45 78	 => 273
 16 78 45 24 34 76	 => 273
 52 76 34 11 23 77	 => 273



test#	fitness		sum		time
---------------------------------------------------
1	270.45				67
2	267.859				68
3	272.218				83
4	269.856				68
5	269.56				72


---------------------------------------------------
Best fitness      : 272.218 ( test# 3)
Shortest time     : 67 ( test# 1)

Average fitness   : 269.989
Average time      : 71.6
