****************** GA TEST *******************

total test#:			 5
hexa min width:			 3
hexa max width:			 6
hexa count:			 30
number count:			 80
population size:		 80
generation size:		 10

tournament winner p:		 0.98
do xover p:			 1
xover:				 2points
do mutation1 p:			 0.1
mutation1 p:			 0.05
do optimize p:			 1
local optimize count:		 8000
do deep better optimize p:	 1
do deep worse optimize p:	 0
do spin p:			 0
spin count:			 900
do spin apply p:		 1
do mutation2 p:			 0.1
mutation2 p:			 0.07
force mutation2:		 0
replace bad p:			 0.195

converge rate p:		 0.99
converge count:			 1

**********************************************


===================[TEST 1]===================

##### START ##### Tue May 20 10:09:12 2003



##### CONVERGE ##### Tue May 20 10:11:04 2003

Elapsed time: 112 seconds
Total loop: 483 generations

Result : 273.702

25 23 77 48 65 38 3 30 72 68 7 63 62 4 9 18 64 60 39 34 51 26 66 22 37 16 75 67 36 45 32 79 41 31 61 70 52 5 11 2 50 71 47 10 55 54 58 13 28 73 59 14 8 24 6 78 42 44 19 46 57 74 29 12 1 69 80 56 35 76 43 53 20 17 21 33 27 49 15 40 

 25 23 77 48 65 38	 => 276
 3 38 65 30 72 68	 => 276
 7 68 72 63 62 4	 => 276
 77 9 18 64 60 48	 => 276
 65 48 60 39 34 30	 => 276
 72 30 34 51 26 63	 => 276
 62 63 26 66 22 37	 => 276
 18 16 75 67 36 64	 => 276
 60 64 36 45 32 39	 => 276
 34 39 32 79 41 51	 => 276
 26 51 41 31 61 66	 => 276
 22 66 61 70 52 5	 => 276
 75 11 2 50 71 67	 => 276
 36 67 71 47 10 45	 => 276
 32 45 10 55 54 79	 => 275
 41 79 54 58 13 31	 => 276
 61 31 13 28 73 70	 => 276
 52 70 73 59 14 8	 => 276
 71 50 24 6 78 47	 => 276
 10 47 78 42 44 55	 => 276
 54 55 44 19 46 58	 => 276
 13 58 46 57 74 28	 => 276
 73 28 74 29 12 59	 => 275
 78 6 1 69 80 42	 => 276
 44 42 80 56 35 19	 => 276
 46 19 35 76 43 57	 => 276
 74 57 43 53 20 29	 => 276
 80 69 17 21 33 56	 => 276
 35 56 33 27 49 76	 => 276
 43 76 49 15 40 53	 => 276


===================[TEST 2]===================

##### START ##### Tue May 20 10:11:04 2003



##### CONVERGE ##### Tue May 20 10:12:17 2003

Elapsed time: 73 seconds
Total loop: 315 generations

Result : 269.833

42 6 48 54 79 44 1 40 77 32 7 67 80 10 21 56 59 35 37 28 46 15 71 16 24 18 20 78 43 33 66 51 45 57 39 74 70 3 34 9 63 69 36 14 58 52 41 27 64 12 76 29 13 8 30 68 47 50 17 55 61 25 73 23 22 31 75 65 19 62 60 49 5 38 11 53 2 72 4 26 

 42 6 48 54 79 44	 => 273
 1 44 79 40 77 32	 => 273
 7 32 77 67 80 10	 => 273
 48 21 56 59 35 54	 => 273
 79 54 35 37 28 40	 => 273
 77 40 28 46 15 67	 => 273
 80 67 15 71 16 24	 => 273
 56 18 20 78 43 59	 => 274
 35 59 43 33 66 37	 => 273
 28 37 66 51 45 46	 => 273
 15 46 45 57 39 71	 => 273
 16 71 39 74 70 3	 => 273
 20 34 9 63 69 78	 => 273
 43 78 69 36 14 33	 => 273
 66 33 14 58 52 51	 => 274
 45 51 52 41 27 57	 => 273
 39 57 27 64 12 74	 => 273
 70 74 12 76 29 13	 => 274
 69 63 8 30 68 36	 => 274
 14 36 68 47 50 58	 => 273
 52 58 50 17 55 41	 => 273
 27 41 55 61 25 64	 => 273
 12 64 25 73 23 76	 => 273
 68 30 22 31 75 47	 => 273
 50 47 75 65 19 17	 => 273
 55 17 19 62 60 61	 => 274
 25 61 60 49 5 73	 => 273
 75 31 38 11 53 65	 => 273
 19 65 53 2 72 62	 => 273
 60 62 72 4 26 49	 => 273


===================[TEST 3]===================

##### START ##### Tue May 20 10:12:17 2003



##### CONVERGE ##### Tue May 20 10:13:38 2003

Elapsed time: 81 seconds
Total loop: 348 generations

Result : 270.778

6 22 72 69 80 26 18 17 77 57 16 70 51 3 1 36 52 45 33 31 42 38 68 25 23 9 66 49 62 20 63 59 47 46 34 67 76 5 19 29 41 71 43 30 39 64 44 14 54 60 50 8 13 40 55 24 78 61 11 56 28 79 27 4 12 48 58 35 32 75 73 65 2 53 7 74 21 37 10 15 

 6 22 72 69 80 26	 => 275
 18 26 80 17 77 57	 => 275
 16 57 77 70 51 3	 => 274
 72 1 36 52 45 69	 => 275
 80 69 45 33 31 17	 => 275
 77 17 31 42 38 70	 => 275
 51 70 38 68 25 23	 => 275
 36 9 66 49 62 52	 => 274
 45 52 62 20 63 33	 => 275
 31 33 63 59 47 42	 => 275
 38 42 47 46 34 68	 => 275
 25 68 34 67 76 5	 => 275
 66 19 29 41 71 49	 => 275
 62 49 71 43 30 20	 => 275
 63 20 30 39 64 59	 => 275
 47 59 64 44 14 46	 => 274
 34 46 14 54 60 67	 => 275
 76 67 60 50 8 13	 => 274
 71 41 40 55 24 43	 => 274
 30 43 24 78 61 39	 => 275
 64 39 61 11 56 44	 => 275
 14 44 56 28 79 54	 => 275
 60 54 79 27 4 50	 => 274
 24 55 12 48 58 78	 => 275
 61 78 58 35 32 11	 => 275
 56 11 32 75 73 28	 => 275
 79 28 73 65 2 27	 => 274
 58 48 53 7 74 35	 => 275
 32 35 74 21 37 75	 => 274
 73 75 37 10 15 65	 => 275


===================[TEST 4]===================

##### START ##### Tue May 20 10:13:38 2003



##### CONVERGE ##### Tue May 20 10:14:46 2003

Elapsed time: 68 seconds
Total loop: 291 generations

Result : 270.327

23 1 39 79 56 76 10 21 80 31 26 50 78 9 14 33 59 49 30 40 8 74 54 15 3 17 43 55 67 6 63 71 62 16 60 66 47 32 19 34 51 72 29 45 48 41 46 38 25 69 70 12 11 13 36 73 35 44 53 42 65 58 24 27 5 57 68 52 22 28 64 61 2 4 18 75 20 77 37 7 

 23 1 39 79 56 76	 => 274
 10 76 56 21 80 31	 => 274
 26 31 80 50 78 9	 => 274
 39 14 33 59 49 79	 => 273
 56 79 49 30 40 21	 => 275
 80 21 40 8 74 50	 => 273
 78 50 74 54 15 3	 => 274
 33 17 43 55 67 59	 => 274
 49 59 67 6 63 30	 => 274
 40 30 63 71 62 8	 => 274
 74 8 62 16 60 54	 => 274
 15 54 60 66 47 32	 => 274
 43 19 34 51 72 55	 => 274
 67 55 72 29 45 6	 => 274
 63 6 45 48 41 71	 => 274
 62 71 41 46 38 16	 => 274
 60 16 38 25 69 66	 => 274
 47 66 69 70 12 11	 => 275
 72 51 13 36 73 29	 => 274
 45 29 73 35 44 48	 => 274
 41 48 44 53 42 46	 => 274
 38 46 42 65 58 25	 => 274
 69 25 58 24 27 70	 => 273
 73 36 5 57 68 35	 => 274
 44 35 68 52 22 53	 => 274
 42 53 22 28 64 65	 => 274
 58 65 64 61 2 24	 => 274
 68 57 4 18 75 52	 => 274
 22 52 75 20 77 28	 => 274
 64 28 77 37 7 61	 => 274


===================[TEST 5]===================

##### START ##### Tue May 20 10:14:46 2003



##### CONVERGE ##### Tue May 20 10:15:53 2003

Elapsed time: 67 seconds
Total loop: 288 generations

Result : 270.45

11 35 40 78 67 44 8 17 76 62 5 75 43 13 2 27 58 69 29 15 52 39 63 47 7 25 49 79 36 18 65 57 56 14 50 80 28 6 19 3 70 54 45 42 31 61 66 21 38 72 53 9 32 23 22 60 73 24 37 55 30 64 46 1 10 68 41 51 48 71 34 74 26 4 77 33 12 59 20 16 

 11 35 40 78 67 44	 => 275
 8 44 67 17 76 62	 => 274
 5 62 76 75 43 13	 => 274
 40 2 27 58 69 78	 => 274
 67 78 69 29 15 17	 => 275
 76 17 15 52 39 75	 => 274
 43 75 39 63 47 7	 => 274
 27 25 49 79 36 58	 => 274
 69 58 36 18 65 29	 => 275
 15 29 65 57 56 52	 => 274
 39 52 56 14 50 63	 => 274
 47 63 50 80 28 6	 => 274
 49 19 3 70 54 79	 => 274
 36 79 54 45 42 18	 => 274
 65 18 42 31 61 57	 => 274
 56 57 61 66 21 14	 => 275
 50 14 21 38 72 80	 => 275
 28 80 72 53 9 32	 => 274
 54 70 23 22 60 45	 => 274
 42 45 60 73 24 31	 => 275
 61 31 24 37 55 66	 => 274
 21 66 55 30 64 38	 => 274
 72 38 64 46 1 53	 => 274
 60 22 10 68 41 73	 => 274
 24 73 41 51 48 37	 => 274
 55 37 48 71 34 30	 => 275
 64 30 34 74 26 46	 => 274
 41 68 4 77 33 51	 => 274
 48 51 33 12 59 71	 => 274
 34 71 59 20 16 74	 => 274



test#	fitness		sum		time
---------------------------------------------------
1	273.702				112
2	269.833				73
3	270.778				81
4	270.327				68
5	270.45				67


---------------------------------------------------
Best fitness      : 273.702 ( test# 1)
Shortest time     : 67 ( test# 5)

Average fitness   : 271.018
Average time      : 80.2
