****************** GA TEST *******************

total test#:			 5
hexa min width:			 3
hexa max width:			 6
hexa count:			 30
number count:			 80
population size:		 80
generation size:		 10

tournament winner p:		 0.98
do xover p:			 1
xover:				 2points
do mutation1 p:			 0.1
mutation1 p:			 0.03
do optimize p:			 0.98
local optimize count:		 8000
do deep better optimize p:	 1
do deep worse optimize p:	 0
do spin p:			 0
spin count:			 900
do spin apply p:		 1
do mutation2 p:			 0.1
mutation2 p:			 0.07
force mutation2:		 0
replace bad p:			 0.195

converge rate p:		 0.99
converge count:			 1

**********************************************


===================[TEST 1]===================

##### START ##### Tue May 20 12:49:37 2003



##### CONVERGE ##### Tue May 20 12:50:18 2003

Elapsed time: 41 seconds
Total loop: 178 generations

Result : 264.542

2 4 74 49 72 68 8 11 57 53 17 56 69 16 3 44 58 41 36 60 46 39 61 32 12 24 40 78 25 73 35 30 62 29 31 65 71 9 45 19 52 34 38 21 51 59 14 75 43 26 79 10 18 6 63 76 28 54 77 15 55 66 48 7 1 37 64 23 22 80 20 67 13 42 33 70 27 47 50 5 

 2 4 74 49 72 68	 => 269
 8 68 72 11 57 53	 => 269
 17 53 57 56 69 16	 => 268
 74 3 44 58 41 49	 => 269
 72 49 41 36 60 11	 => 269
 57 11 60 46 39 56	 => 269
 69 56 39 61 32 12	 => 269
 44 24 40 78 25 58	 => 269
 41 58 25 73 35 36	 => 268
 60 36 35 30 62 46	 => 269
 39 46 62 29 31 61	 => 268
 32 61 31 65 71 9	 => 269
 40 45 19 52 34 78	 => 268
 25 78 34 38 21 73	 => 269
 35 73 21 51 59 30	 => 269
 62 30 59 14 75 29	 => 269
 31 29 75 43 26 65	 => 269
 71 65 26 79 10 18	 => 269
 34 52 6 63 76 38	 => 269
 21 38 76 28 54 51	 => 268
 59 51 54 77 15 14	 => 270
 75 14 15 55 66 43	 => 268
 26 43 66 48 7 79	 => 269
 76 63 1 37 64 28	 => 269
 54 28 64 23 22 77	 => 268
 15 77 22 80 20 55	 => 269
 66 55 20 67 13 48	 => 269
 64 37 42 33 70 23	 => 269
 22 23 70 27 47 80	 => 269
 20 80 47 50 5 67	 => 269


===================[TEST 2]===================

##### START ##### Tue May 20 12:50:18 2003



##### CONVERGE ##### Tue May 20 12:51:17 2003

Elapsed time: 59 seconds
Total loop: 261 generations

Result : 270.826

20 9 43 64 79 58 16 7 63 51 27 80 28 25 1 52 75 39 48 37 15 72 62 21 11 22 24 71 30 31 50 55 68 23 34 77 74 6 42 10 49 78 35 29 36 73 41 14 65 61 33 26 3 8 45 59 60 54 32 38 69 47 66 2 13 57 40 76 12 67 56 17 19 4 53 44 5 70 18 46 

 20 9 43 64 79 58	 => 273
 16 58 79 7 63 51	 => 274
 27 51 63 80 28 25	 => 274
 43 1 52 75 39 64	 => 274
 79 64 39 48 37 7	 => 274
 63 7 37 15 72 80	 => 274
 28 80 72 62 21 11	 => 274
 52 22 24 71 30 75	 => 274
 39 75 30 31 50 48	 => 273
 37 48 50 55 68 15	 => 273
 72 15 68 23 34 62	 => 274
 21 62 34 77 74 6	 => 274
 24 42 10 49 78 71	 => 274
 30 71 78 35 29 31	 => 274
 50 31 29 36 73 55	 => 274
 68 55 73 41 14 23	 => 274
 34 23 14 65 61 77	 => 274
 74 77 61 33 26 3	 => 274
 78 49 8 45 59 35	 => 274
 29 35 59 60 54 36	 => 273
 73 36 54 32 38 41	 => 274
 14 41 38 69 47 65	 => 274
 61 65 47 66 2 33	 => 274
 59 45 13 57 40 60	 => 274
 54 60 40 76 12 32	 => 274
 38 32 12 67 56 69	 => 274
 47 69 56 17 19 66	 => 274
 40 57 4 53 44 76	 => 274
 12 76 44 5 70 67	 => 274
 56 67 70 18 46 17	 => 274


===================[TEST 3]===================

##### START ##### Tue May 20 12:51:18 2003



##### CONVERGE ##### Tue May 20 12:52:07 2003

Elapsed time: 49 seconds
Total loop: 216 generations

Result : 270.093

24 16 44 73 78 38 2 7 77 71 1 49 57 18 4 22 56 74 11 31 79 30 61 41 35 26 48 67 54 19 59 66 27 40 36 75 43 17 45 10 64 39 62 32 21 76 42 23 29 70 58 15 12 5 51 53 55 50 37 47 63 69 28 20 3 65 46 60 25 68 33 72 8 13 9 80 6 34 52 14 

 24 16 44 73 78 38	 => 273
 2 38 78 7 77 71	 => 273
 1 71 77 49 57 18	 => 273
 44 4 22 56 74 73	 => 273
 78 73 74 11 31 7	 => 274
 77 7 31 79 30 49	 => 273
 57 49 30 61 41 35	 => 273
 22 26 48 67 54 56	 => 273
 74 56 54 19 59 11	 => 273
 31 11 59 66 27 79	 => 273
 30 79 27 40 36 61	 => 273
 41 61 36 75 43 17	 => 273
 48 45 10 64 39 67	 => 273
 54 67 39 62 32 19	 => 273
 59 19 32 21 76 66	 => 273
 27 66 76 42 23 40	 => 274
 36 40 23 29 70 75	 => 273
 43 75 70 58 15 12	 => 273
 39 64 5 51 53 62	 => 274
 32 62 53 55 50 21	 => 273
 76 21 50 37 47 42	 => 273
 23 42 47 63 69 29	 => 273
 70 29 69 28 20 58	 => 274
 53 51 3 65 46 55	 => 273
 50 55 46 60 25 37	 => 273
 47 37 25 68 33 63	 => 273
 69 63 33 72 8 28	 => 273
 46 65 13 9 80 60	 => 273
 25 60 80 6 34 68	 => 273
 33 68 34 52 14 72	 => 273


===================[TEST 4]===================

##### START ##### Tue May 20 12:52:07 2003



##### CONVERGE ##### Tue May 20 12:52:56 2003

Elapsed time: 49 seconds
Total loop: 214 generations

Result : 267.734

50 2 27 80 44 68 17 33 53 56 19 78 61 4 14 62 64 24 43 47 39 21 60 31 20 22 76 37 10 77 52 25 65 32 55 72 35 18 16 30 45 67 46 34 13 70 74 5 38 69 54 12 29 1 41 71 58 48 51 15 66 73 26 11 23 42 36 75 3 79 57 40 9 7 63 49 6 59 28 8 

 50 2 27 80 44 68	 => 271
 17 68 44 33 53 56	 => 271
 19 56 53 78 61 4	 => 271
 27 14 62 64 24 80	 => 271
 44 80 24 43 47 33	 => 271
 53 33 47 39 21 78	 => 271
 61 78 21 60 31 20	 => 271
 62 22 76 37 10 64	 => 271
 24 64 10 77 52 43	 => 270
 47 43 52 25 65 39	 => 271
 21 39 65 32 55 60	 => 272
 31 60 55 72 35 18	 => 271
 76 16 30 45 67 37	 => 271
 10 37 67 46 34 77	 => 271
 52 77 34 13 70 25	 => 271
 65 25 70 74 5 32	 => 271
 55 32 5 38 69 72	 => 271
 35 72 69 54 12 29	 => 271
 67 45 1 41 71 46	 => 271
 34 46 71 58 48 13	 => 270
 70 13 48 51 15 74	 => 271
 5 74 15 66 73 38	 => 271
 69 38 73 26 11 54	 => 271
 71 41 23 42 36 58	 => 271
 48 58 36 75 3 51	 => 271
 15 51 3 79 57 66	 => 271
 73 66 57 40 9 26	 => 271
 36 42 7 63 49 75	 => 272
 3 75 49 6 59 79	 => 271
 57 79 59 28 8 40	 => 271


===================[TEST 5]===================

##### START ##### Tue May 20 12:52:56 2003



##### CONVERGE ##### Tue May 20 12:54:23 2003

Elapsed time: 87 seconds
Total loop: 381 generations

Result : 270.417

7 31 66 71 75 23 9 20 79 67 5 72 46 4 3 51 22 60 26 21 43 38 40 41 36 11 62 70 57 52 56 53 74 29 49 64 69 10 47 2 50 42 25 27 68 17 65 35 33 63 34 28 15 16 61 80 19 54 45 24 44 73 58 12 6 59 48 77 30 55 76 14 8 18 39 32 1 78 37 13 

 7 31 66 71 75 23	 => 273
 9 23 75 20 79 67	 => 273
 5 67 79 72 46 4	 => 273
 66 3 51 22 60 71	 => 273
 75 71 60 26 21 20	 => 273
 79 20 21 43 38 72	 => 273
 46 72 38 40 41 36	 => 273
 51 11 62 70 57 22	 => 273
 60 22 57 52 56 26	 => 273
 21 26 56 53 74 43	 => 273
 38 43 74 29 49 40	 => 273
 41 40 49 64 69 10	 => 273
 62 47 2 50 42 70	 => 273
 57 70 42 25 27 52	 => 273
 56 52 27 68 17 53	 => 273
 74 53 17 65 35 29	 => 273
 49 29 35 33 63 64	 => 273
 69 64 63 34 28 15	 => 273
 42 50 16 61 80 25	 => 274
 27 25 80 19 54 68	 => 273
 17 68 54 45 24 65	 => 273
 35 65 24 44 73 33	 => 274
 63 33 73 58 12 34	 => 273
 80 61 6 59 48 19	 => 273
 54 19 48 77 30 45	 => 273
 24 45 30 55 76 44	 => 274
 73 44 76 14 8 58	 => 273
 48 59 18 39 32 77	 => 273
 30 77 32 1 78 55	 => 273
 76 55 78 37 13 14	 => 273



test#	fitness		sum		time
---------------------------------------------------
1	264.542				41
2	270.826				59
3	270.093				49
4	267.734				49
5	270.417				87


---------------------------------------------------
Best fitness      : 270.826 ( test# 2)
Shortest time     : 41 ( test# 1)

Average fitness   : 268.722
Average time      : 57
