****************** GA TEST *******************

total test#:			 5
hexa min width:			 3
hexa max width:			 6
hexa count:			 30
number count:			 80
population size:		 80
generation size:		 10

tournament winner p:		 0.98
do xover p:			 1
xover:				 2points
do mutation1 p:			 0.1
mutation1 p:			 0.05
do optimize p:			 0.98
local optimize count:		 8000
do deep better optimize p:	 1
do deep worse optimize p:	 0
do spin p:			 0
spin count:			 900
do spin apply p:		 1
do mutation2 p:			 0.12
mutation2 p:			 0.07
force mutation2:		 0
replace bad p:			 0.195

converge rate p:		 0.99
converge count:			 1

**********************************************


===================[TEST 1]===================

##### START ##### Tue May 20 12:54:27 2003



##### CONVERGE ##### Tue May 20 12:55:32 2003

Elapsed time: 65 seconds
Total loop: 282 generations

Result : 270.417

33 15 22 79 52 72 20 13 76 40 34 46 73 4 5 71 32 65 37 27 63 48 25 58 23 1 54 70 45 30 64 53 29 66 42 61 68 19 3 8 78 60 21 47 51 28 62 35 10 59 74 9 2 16 31 67 44 43 39 50 36 80 26 24 18 57 56 75 17 77 55 69 7 6 38 41 14 49 12 11 

 33 15 22 79 52 72	 => 273
 20 72 52 13 76 40	 => 273
 34 40 76 46 73 4	 => 273
 22 5 71 32 65 79	 => 274
 52 79 65 37 27 13	 => 273
 76 13 27 63 48 46	 => 273
 73 46 48 25 58 23	 => 273
 71 1 54 70 45 32	 => 273
 65 32 45 30 64 37	 => 273
 27 37 64 53 29 63	 => 273
 48 63 29 66 42 25	 => 273
 58 25 42 61 68 19	 => 273
 54 3 8 78 60 70	 => 273
 45 70 60 21 47 30	 => 273
 64 30 47 51 28 53	 => 273
 29 53 28 62 35 66	 => 273
 42 66 35 10 59 61	 => 273
 68 61 59 74 9 2	 => 273
 60 78 16 31 67 21	 => 273
 47 21 67 44 43 51	 => 273
 28 51 43 39 50 62	 => 273
 35 62 50 36 80 10	 => 273
 59 10 80 26 24 74	 => 273
 67 31 18 57 56 44	 => 273
 43 44 56 75 17 39	 => 274
 50 39 17 77 55 36	 => 274
 80 36 55 69 7 26	 => 273
 56 57 6 38 41 75	 => 273
 17 75 41 14 49 77	 => 273
 55 77 49 12 11 69	 => 273


===================[TEST 2]===================

##### START ##### Tue May 20 12:55:32 2003



##### CONVERGE ##### Tue May 20 12:56:33 2003

Elapsed time: 61 seconds
Total loop: 268 generations

Result : 271.323

13 30 74 38 69 51 7 48 54 46 17 80 60 18 6 35 61 62 33 26 28 40 79 15 1 2 78 76 24 21 75 77 37 45 47 52 63 20 22 5 23 71 65 19 31 53 39 25 43 64 49 34 14 11 50 55 36 70 16 67 42 59 32 29 10 68 57 56 41 44 66 73 3 9 27 58 4 72 12 8 

 13 30 74 38 69 51	 => 275
 7 51 69 48 54 46	 => 275
 17 46 54 80 60 18	 => 275
 74 6 35 61 62 38	 => 276
 69 38 62 33 26 48	 => 276
 54 48 26 28 40 80	 => 276
 60 80 40 79 15 1	 => 275
 35 2 78 76 24 61	 => 276
 62 61 24 21 75 33	 => 276
 26 33 75 77 37 28	 => 276
 40 28 37 45 47 79	 => 276
 15 79 47 52 63 20	 => 276
 78 22 5 23 71 76	 => 275
 24 76 71 65 19 21	 => 276
 75 21 19 31 53 77	 => 276
 37 77 53 39 25 45	 => 276
 47 45 25 43 64 52	 => 276
 63 52 64 49 34 14	 => 276
 71 23 11 50 55 65	 => 275
 19 65 55 36 70 31	 => 276
 53 31 70 16 67 39	 => 276
 25 39 67 42 59 43	 => 275
 64 43 59 32 29 49	 => 276
 55 50 10 68 57 36	 => 276
 70 36 57 56 41 16	 => 276
 67 16 41 44 66 42	 => 276
 59 42 66 73 3 32	 => 275
 57 68 9 27 58 56	 => 275
 41 56 58 4 72 44	 => 275
 66 44 72 12 8 73	 => 275


===================[TEST 3]===================

##### START ##### Tue May 20 12:56:33 2003



##### CONVERGE ##### Tue May 20 12:57:18 2003

Elapsed time: 45 seconds
Total loop: 197 generations

Result : 269.117

1 3 78 80 61 51 7 8 72 74 15 58 35 19 10 20 47 38 22 64 27 45 66 39 30 24 71 52 59 31 76 41 44 34 57 23 75 13 36 2 53 60 42 29 63 33 55 67 37 56 73 40 6 21 48 49 28 62 14 46 25 43 54 11 16 65 68 69 32 79 77 70 5 18 4 50 17 26 12 9 

 1 3 78 80 61 51	 => 274
 7 51 61 8 72 74	 => 273
 15 74 72 58 35 19	 => 273
 78 10 20 47 38 80	 => 273
 61 80 38 22 64 8	 => 273
 72 8 64 27 45 58	 => 274
 35 58 45 66 39 30	 => 273
 20 24 71 52 59 47	 => 273
 38 47 59 31 76 22	 => 273
 64 22 76 41 44 27	 => 274
 45 27 44 34 57 66	 => 273
 39 66 57 23 75 13	 => 273
 71 36 2 53 60 52	 => 274
 59 52 60 42 29 31	 => 273
 76 31 29 63 33 41	 => 273
 44 41 33 55 67 34	 => 274
 57 34 67 37 56 23	 => 274
 75 23 56 73 40 6	 => 273
 60 53 21 48 49 42	 => 273
 29 42 49 28 62 63	 => 273
 33 63 62 14 46 55	 => 273
 67 55 46 25 43 37	 => 273
 56 37 43 54 11 73	 => 274
 49 48 16 65 68 28	 => 274
 62 28 68 69 32 14	 => 273
 46 14 32 79 77 25	 => 273
 43 25 77 70 5 54	 => 274
 68 65 18 4 50 69	 => 274
 32 69 50 17 26 79	 => 273
 77 79 26 12 9 70	 => 273


===================[TEST 4]===================

##### START ##### Tue May 20 12:57:18 2003



##### CONVERGE ##### Tue May 20 12:58:38 2003

Elapsed time: 80 seconds
Total loop: 353 generations

Result : 271.093

24 6 49 55 80 60 5 19 77 33 8 76 67 13 16 32 64 58 44 18 73 11 75 25 20 4 65 72 37 17 54 42 43 69 3 78 71 23 1 22 47 68 29 51 48 62 57 2 59 63 35 12 15 26 38 66 39 41 36 30 56 70 40 7 21 31 79 34 45 61 46 53 9 28 52 50 10 74 14 27 

 24 6 49 55 80 60	 => 274
 5 60 80 19 77 33	 => 274
 8 33 77 76 67 13	 => 274
 49 16 32 64 58 55	 => 274
 80 55 58 44 18 19	 => 274
 77 19 18 73 11 76	 => 274
 67 76 11 75 25 20	 => 274
 32 4 65 72 37 64	 => 274
 58 64 37 17 54 44	 => 274
 18 44 54 42 43 73	 => 274
 11 73 43 69 3 75	 => 274
 25 75 3 78 71 23	 => 275
 65 1 22 47 68 72	 => 275
 37 72 68 29 51 17	 => 274
 54 17 51 48 62 42	 => 274
 43 42 62 57 2 69	 => 275
 3 69 2 59 63 78	 => 274
 71 78 63 35 12 15	 => 274
 68 47 26 38 66 29	 => 274
 51 29 66 39 41 48	 => 274
 62 48 41 36 30 57	 => 274
 2 57 30 56 70 59	 => 274
 63 59 70 40 7 35	 => 274
 66 38 21 31 79 39	 => 274
 41 39 79 34 45 36	 => 274
 30 36 45 61 46 56	 => 274
 70 56 46 53 9 40	 => 274
 79 31 28 52 50 34	 => 274
 45 34 50 10 74 61	 => 274
 46 61 74 14 27 53	 => 275


===================[TEST 5]===================

##### START ##### Tue May 20 12:58:38 2003



##### CONVERGE ##### Tue May 20 12:59:36 2003

Elapsed time: 58 seconds
Total loop: 257 generations

Result : 266.942

29 16 54 67 64 41 8 5 74 79 2 31 65 20 18 32 78 22 43 70 36 55 44 69 7 4 73 49 35 33 60 25 38 57 40 19 66 34 13 9 47 80 11 63 30 61 37 53 27 76 62 42 6 24 58 51 39 77 10 56 46 52 28 26 1 72 50 75 21 68 71 59 15 17 12 45 14 48 3 23 

 29 16 54 67 64 41	 => 271
 8 41 64 5 74 79	 => 271
 2 79 74 31 65 20	 => 271
 54 18 32 78 22 67	 => 271
 64 67 22 43 70 5	 => 271
 74 5 70 36 55 31	 => 271
 65 31 55 44 69 7	 => 271
 32 4 73 49 35 78	 => 271
 22 78 35 33 60 43	 => 271
 70 43 60 25 38 36	 => 272
 55 36 38 57 40 44	 => 270
 69 44 40 19 66 34	 => 272
 73 13 9 47 80 49	 => 271
 35 49 80 11 63 33	 => 271
 60 33 63 30 61 25	 => 272
 38 25 61 37 53 57	 => 271
 40 57 53 27 76 19	 => 272
 66 19 76 62 42 6	 => 271
 80 47 24 58 51 11	 => 271
 63 11 51 39 77 30	 => 271
 61 30 77 10 56 37	 => 271
 53 37 56 46 52 27	 => 271
 76 27 52 28 26 62	 => 271
 51 58 1 72 50 39	 => 271
 77 39 50 75 21 10	 => 272
 56 10 21 68 71 46	 => 272
 52 46 71 59 15 28	 => 271
 50 72 17 12 45 75	 => 271
 21 75 45 14 48 68	 => 271
 71 68 48 3 23 59	 => 272



test#	fitness		sum		time
---------------------------------------------------
1	270.417				65
2	271.323				61
3	269.117				45
4	271.093				80
5	266.942				58


---------------------------------------------------
Best fitness      : 271.323 ( test# 2)
Shortest time     : 45 ( test# 3)

Average fitness   : 269.778
Average time      : 61.8
