****************** GA TEST *******************

total test#:			 5
hexa min width:			 3
hexa max width:			 6
hexa count:			 30
number count:			 80
population size:		 80
generation size:		 10

tournament winner p:		 0.98
do xover p:			 1
xover:				 2points
do mutation1 p:			 0.1
mutation1 p:			 0.05
do optimize p:			 0.98
local optimize count:		 8000
do deep better optimize p:	 1
do deep worse optimize p:	 0
do spin p:			 0
spin count:			 900
do spin apply p:		 1
do mutation2 p:			 0.08
mutation2 p:			 0.07
force mutation2:		 0
replace bad p:			 0.195

converge rate p:		 0.99
converge count:			 1

**********************************************


===================[TEST 1]===================

##### START ##### Tue May 20 12:59:37 2003



##### CONVERGE ##### Tue May 20 13:00:39 2003

Elapsed time: 62 seconds
Total loop: 271 generations

Result : 268.984

7 14 28 79 73 72 6 9 63 50 47 52 48 13 27 25 80 34 49 29 62 58 31 76 8 16 66 44 41 46 23 40 70 19 33 71 51 11 35 1 61 65 18 59 30 74 38 32 42 75 53 3 20 15 54 60 69 37 55 39 45 77 21 5 2 64 24 78 10 56 68 57 4 17 22 67 26 36 43 12 

 7 14 28 79 73 72	 => 273
 6 72 73 9 63 50	 => 273
 47 50 63 52 48 13	 => 273
 28 27 25 80 34 79	 => 273
 73 79 34 49 29 9	 => 273
 63 9 29 62 58 52	 => 273
 48 52 58 31 76 8	 => 273
 25 16 66 44 41 80	 => 272
 34 80 41 46 23 49	 => 273
 29 49 23 40 70 62	 => 273
 58 62 70 19 33 31	 => 273
 76 31 33 71 51 11	 => 273
 66 35 1 61 65 44	 => 272
 41 44 65 18 59 46	 => 273
 23 46 59 30 74 40	 => 272
 70 40 74 38 32 19	 => 273
 33 19 32 42 75 71	 => 272
 51 71 75 53 3 20	 => 273
 65 61 15 54 60 18	 => 273
 59 18 60 69 37 30	 => 273
 74 30 37 55 39 38	 => 273
 32 38 39 45 77 42	 => 273
 75 42 77 21 5 53	 => 273
 60 54 2 64 24 69	 => 273
 37 69 24 78 10 55	 => 273
 39 55 10 56 68 45	 => 273
 77 45 68 57 4 21	 => 272
 24 64 17 22 67 78	 => 272
 10 78 67 26 36 56	 => 273
 68 56 36 43 12 57	 => 272


===================[TEST 2]===================

##### START ##### Tue May 20 13:00:39 2003



##### CONVERGE ##### Tue May 20 13:02:00 2003

Elapsed time: 81 seconds
Total loop: 353 generations

Result : 272.093

17 11 57 60 78 53 8 31 80 26 10 77 70 12 9 35 66 48 40 18 44 25 59 42 2 6 54 68 46 39 36 76 61 7 79 56 16 23 5 13 72 63 38 21 52 51 50 30 28 75 45 49 34 15 14 73 62 29 20 74 22 71 32 24 4 55 67 64 33 69 58 65 27 41 1 47 19 43 3 37 

 17 11 57 60 78 53	 => 276
 8 53 78 31 80 26	 => 276
 10 26 80 77 70 12	 => 275
 57 9 35 66 48 60	 => 275
 78 60 48 40 18 31	 => 275
 80 31 18 44 25 77	 => 275
 70 77 25 59 42 2	 => 275
 35 6 54 68 46 66	 => 275
 48 66 46 39 36 40	 => 275
 18 40 36 76 61 44	 => 275
 25 44 61 7 79 59	 => 275
 42 59 79 56 16 23	 => 275
 54 5 13 72 63 68	 => 275
 46 68 63 38 21 39	 => 275
 36 39 21 52 51 76	 => 275
 61 76 51 50 30 7	 => 275
 79 7 30 28 75 56	 => 275
 16 56 75 45 49 34	 => 275
 63 72 15 14 73 38	 => 275
 21 38 73 62 29 52	 => 275
 51 52 29 20 74 50	 => 276
 30 50 74 22 71 28	 => 275
 75 28 71 32 24 45	 => 275
 73 14 4 55 67 62	 => 275
 29 62 67 64 33 20	 => 275
 74 20 33 69 58 22	 => 276
 71 22 58 65 27 32	 => 275
 67 55 41 1 47 64	 => 275
 33 64 47 19 43 69	 => 275
 58 69 43 3 37 65	 => 275


===================[TEST 3]===================

##### START ##### Tue May 20 13:02:00 2003



##### CONVERGE ##### Tue May 20 13:02:50 2003

Elapsed time: 50 seconds
Total loop: 219 generations

Result : 265.978

26 15 45 58 66 60 4 34 75 32 13 73 29 48 36 19 40 72 30 10 47 31 42 70 24 20 59 79 53 18 57 52 74 25 51 37 68 2 6 3 80 43 22 55 78 9 64 46 39 71 16 50 28 14 76 35 17 63 33 23 44 54 41 49 8 65 69 61 27 77 67 62 1 12 7 56 11 38 5 21 

 26 15 45 58 66 60	 => 270
 4 60 66 34 75 32	 => 271
 13 32 75 73 29 48	 => 270
 45 36 19 40 72 58	 => 270
 66 58 72 30 10 34	 => 270
 75 34 10 47 31 73	 => 270
 29 73 31 42 70 24	 => 269
 19 20 59 79 53 40	 => 270
 72 40 53 18 57 30	 => 270
 10 30 57 52 74 47	 => 270
 31 47 74 25 51 42	 => 270
 70 42 51 37 68 2	 => 270
 59 6 3 80 43 79	 => 270
 53 79 43 22 55 18	 => 270
 57 18 55 78 9 52	 => 269
 74 52 9 64 46 25	 => 270
 51 25 46 39 71 37	 => 269
 68 37 71 16 50 28	 => 270
 43 80 14 76 35 22	 => 270
 55 22 35 17 63 78	 => 270
 9 78 63 33 23 64	 => 270
 46 64 23 44 54 39	 => 270
 71 39 54 41 49 16	 => 270
 35 76 8 65 69 17	 => 270
 63 17 69 61 27 33	 => 270
 23 33 27 77 67 44	 => 271
 54 44 67 62 1 41	 => 269
 69 65 12 7 56 61	 => 270
 27 61 56 11 38 77	 => 270
 67 77 38 5 21 62	 => 270


===================[TEST 4]===================

##### START ##### Tue May 20 13:02:50 2003



##### CONVERGE ##### Tue May 20 13:04:31 2003

Elapsed time: 101 seconds
Total loop: 443 generations

Result : 272.222

33 13 52 59 76 43 3 11 78 65 35 71 18 9 39 17 66 42 57 31 22 63 62 58 4 23 74 68 28 32 51 41 73 30 26 67 38 25 6 1 47 80 49 19 64 69 34 29 45 79 50 21 20 24 36 40 56 48 5 55 60 53 37 12 15 54 75 77 14 70 72 44 10 16 7 46 8 61 2 27 

 33 13 52 59 76 43	 => 276
 3 43 76 11 78 65	 => 276
 35 65 78 71 18 9	 => 276
 52 39 17 66 42 59	 => 275
 76 59 42 57 31 11	 => 276
 78 11 31 22 63 71	 => 276
 18 71 63 62 58 4	 => 276
 17 23 74 68 28 66	 => 276
 42 66 28 32 51 57	 => 276
 31 57 51 41 73 22	 => 275
 63 22 73 30 26 62	 => 276
 58 62 26 67 38 25	 => 276
 74 6 1 47 80 68	 => 276
 28 68 80 49 19 32	 => 276
 51 32 19 64 69 41	 => 276
 73 41 69 34 29 30	 => 276
 26 30 29 45 79 67	 => 276
 38 67 79 50 21 20	 => 275
 80 47 24 36 40 49	 => 276
 19 49 40 56 48 64	 => 276
 69 64 48 5 55 34	 => 275
 29 34 55 60 53 45	 => 276
 79 45 53 37 12 50	 => 276
 40 36 15 54 75 56	 => 276
 48 56 75 77 14 5	 => 275
 55 5 14 70 72 60	 => 276
 53 60 72 44 10 37	 => 276
 75 54 16 7 46 77	 => 275
 14 77 46 8 61 70	 => 276
 72 70 61 2 27 44	 => 276


===================[TEST 5]===================

##### START ##### Tue May 20 13:04:31 2003



##### CONVERGE ##### Tue May 20 13:05:33 2003

Elapsed time: 62 seconds
Total loop: 273 generations

Result : 271.36

23 15 28 77 72 60 1 18 50 73 9 64 62 17 21 22 80 47 14 48 43 52 65 29 3 11 53 74 35 38 61 58 51 19 44 70 63 4 49 8 45 46 69 13 27 78 36 33 42 66 59 5 12 16 24 75 54 37 41 56 32 76 26 6 25 40 57 79 7 71 68 39 34 30 2 67 20 31 10 55 

 23 15 28 77 72 60	 => 275
 1 60 72 18 50 73	 => 274
 9 73 50 64 62 17	 => 275
 28 21 22 80 47 77	 => 275
 72 77 47 14 48 18	 => 276
 50 18 48 43 52 64	 => 275
 62 64 52 65 29 3	 => 275
 22 11 53 74 35 80	 => 275
 47 80 35 38 61 14	 => 275
 48 14 61 58 51 43	 => 275
 52 43 51 19 44 65	 => 274
 29 65 44 70 63 4	 => 275
 53 49 8 45 46 74	 => 275
 35 74 46 69 13 38	 => 275
 61 38 13 27 78 58	 => 275
 51 58 78 36 33 19	 => 275
 44 19 33 42 66 70	 => 274
 63 70 66 59 5 12	 => 275
 46 45 16 24 75 69	 => 275
 13 69 75 54 37 27	 => 275
 78 27 37 41 56 36	 => 275
 33 36 56 32 76 42	 => 275
 66 42 76 26 6 59	 => 275
 75 24 25 40 57 54	 => 275
 37 54 57 79 7 41	 => 275
 56 41 7 71 68 32	 => 275
 76 32 68 39 34 26	 => 275
 57 40 30 2 67 79	 => 275
 7 79 67 20 31 71	 => 275
 68 71 31 10 55 39	 => 274



test#	fitness		sum		time
---------------------------------------------------
1	268.984				62
2	272.093				81
3	265.978				50
4	272.222				101
5	271.36				62


---------------------------------------------------
Best fitness      : 272.222 ( test# 4)
Shortest time     : 50 ( test# 3)

Average fitness   : 270.127
Average time      : 71.2
