****************** GA TEST *******************

total test#:			 5
hexa min width:			 3
hexa max width:			 6
hexa count:			 30
number count:			 80
population size:		 80
generation size:		 10

tournament winner p:		 0.98
do xover p:			 1
xover:				 2points
do mutation1 p:			 0.1
mutation1 p:			 0.05
do optimize p:			 0.98
local optimize count:		 8000
do deep better optimize p:	 1
do deep worse optimize p:	 0
do spin p:			 0
spin count:			 900
do spin apply p:		 1
do mutation2 p:			 0.1
mutation2 p:			 0.09
force mutation2:		 0
replace bad p:			 0.195

converge rate p:		 0.99
converge count:			 1

**********************************************


===================[TEST 1]===================

##### START ##### Tue May 20 13:05:37 2003



##### CONVERGE ##### Tue May 20 13:06:28 2003

Elapsed time: 51 seconds
Total loop: 223 generations

Result : 265.222

29 32 40 41 46 80 7 28 50 57 55 47 58 2 3 38 78 68 30 56 25 63 65 23 12 26 33 77 16 13 64 21 73 9 34 75 67 5 4 24 61 70 31 62 66 43 69 54 44 53 49 6 19 37 18 51 42 17 59 15 48 39 76 8 60 27 71 79 1 72 74 22 10 11 36 45 20 52 35 14 

 29 32 40 41 46 80	 => 268
 7 80 46 28 50 57	 => 268
 55 57 50 47 58 2	 => 269
 40 3 38 78 68 41	 => 268
 46 41 68 30 56 28	 => 269
 50 28 56 25 63 47	 => 269
 58 47 63 65 23 12	 => 268
 38 26 33 77 16 78	 => 268
 68 78 16 13 64 30	 => 269
 56 30 64 21 73 25	 => 269
 63 25 73 9 34 65	 => 269
 23 65 34 75 67 5	 => 269
 33 4 24 61 70 77	 => 269
 16 77 70 31 62 13	 => 269
 64 13 62 66 43 21	 => 269
 73 21 43 69 54 9	 => 269
 34 9 54 44 53 75	 => 269
 67 75 53 49 6 19	 => 269
 70 61 37 18 51 31	 => 268
 62 31 51 42 17 66	 => 269
 43 66 17 59 15 69	 => 269
 54 69 15 48 39 44	 => 269
 53 44 39 76 8 49	 => 269
 51 18 60 27 71 42	 => 269
 17 42 71 79 1 59	 => 269
 15 59 1 72 74 48	 => 269
 39 48 74 22 10 76	 => 269
 71 27 11 36 45 79	 => 269
 1 79 45 20 52 72	 => 269
 74 72 52 35 14 22	 => 269


===================[TEST 2]===================

##### START ##### Tue May 20 13:06:28 2003



##### CONVERGE ##### Tue May 20 13:07:19 2003

Elapsed time: 51 seconds
Total loop: 223 generations

Result : 267.5

7 24 62 46 53 78 1 30 61 48 26 71 55 9 4 51 28 80 33 29 38 42 57 35 10 22 75 70 25 37 68 47 56 72 5 74 66 34 19 31 27 49 20 69 32 18 64 14 41 65 50 3 13 23 73 79 11 60 39 58 40 54 45 16 15 17 76 77 8 59 67 44 21 36 2 63 12 52 43 6 

 7 24 62 46 53 78	 => 270
 1 78 53 30 61 48	 => 271
 26 48 61 71 55 9	 => 270
 62 4 51 28 80 46	 => 271
 53 46 80 33 29 30	 => 271
 61 30 29 38 42 71	 => 271
 55 71 42 57 35 10	 => 270
 51 22 75 70 25 28	 => 271
 80 28 25 37 68 33	 => 271
 29 33 68 47 56 38	 => 271
 42 38 56 72 5 57	 => 270
 35 57 5 74 66 34	 => 271
 75 19 31 27 49 70	 => 271
 25 70 49 20 69 37	 => 270
 68 37 69 32 18 47	 => 271
 56 47 18 64 14 72	 => 271
 5 72 14 41 65 74	 => 271
 66 74 65 50 3 13	 => 271
 49 27 23 73 79 20	 => 271
 69 20 79 11 60 32	 => 271
 18 32 60 39 58 64	 => 271
 14 64 58 40 54 41	 => 271
 65 41 54 45 16 50	 => 271
 79 73 15 17 76 11	 => 271
 60 11 76 77 8 39	 => 271
 58 39 8 59 67 40	 => 271
 54 40 67 44 21 45	 => 271
 76 17 36 2 63 77	 => 271
 8 77 63 12 52 59	 => 271
 67 59 52 43 6 44	 => 271


===================[TEST 3]===================

##### START ##### Tue May 20 13:07:19 2003



##### CONVERGE ##### Tue May 20 13:09:10 2003

Elapsed time: 111 seconds
Total loop: 487 generations

Result : 272.836

7 33 41 75 77 42 6 21 69 60 12 59 65 10 5 37 78 39 35 28 54 44 47 45 15 11 51 79 19 49 55 27 76 23 31 80 34 38 9 3 66 67 43 18 73 53 74 22 72 48 63 26 24 13 40 46 70 25 20 30 61 16 62 14 4 58 57 71 32 68 64 56 17 1 36 52 2 50 8 29 

 7 33 41 75 77 42	 => 275
 6 42 77 21 69 60	 => 275
 12 60 69 59 65 10	 => 275
 41 5 37 78 39 75	 => 275
 77 75 39 35 28 21	 => 275
 69 21 28 54 44 59	 => 275
 65 59 44 47 45 15	 => 275
 37 11 51 79 19 78	 => 275
 39 78 19 49 55 35	 => 275
 28 35 55 27 76 54	 => 275
 44 54 76 23 31 47	 => 275
 45 47 31 80 34 38	 => 275
 51 9 3 66 67 79	 => 275
 19 79 67 43 18 49	 => 275
 55 49 18 73 53 27	 => 275
 76 27 53 74 22 23	 => 275
 31 23 22 72 48 80	 => 276
 34 80 48 63 26 24	 => 275
 67 66 13 40 46 43	 => 275
 18 43 46 70 25 73	 => 275
 53 73 25 20 30 74	 => 275
 22 74 30 61 16 72	 => 275
 48 72 16 62 14 63	 => 275
 46 40 4 58 57 70	 => 275
 25 70 57 71 32 20	 => 275
 30 20 32 68 64 61	 => 275
 16 61 64 56 17 62	 => 276
 57 58 1 36 52 71	 => 275
 32 71 52 2 50 68	 => 275
 64 68 50 8 29 56	 => 275


===================[TEST 4]===================

##### START ##### Tue May 20 13:09:10 2003



##### CONVERGE ##### Tue May 20 13:10:28 2003

Elapsed time: 78 seconds
Total loop: 341 generations

Result : 271.45

8 22 47 67 73 58 1 31 36 76 26 79 25 33 9 60 49 44 48 12 51 66 42 50 13 6 64 55 41 37 56 34 75 7 35 80 52 16 20 23 70 43 62 38 54 57 72 30 46 77 40 15 11 2 27 71 45 5 69 18 32 78 24 10 14 65 53 74 29 68 59 63 19 17 28 39 4 61 21 3 

 8 22 47 67 73 58	 => 275
 1 58 73 31 36 76	 => 275
 26 76 36 79 25 33	 => 275
 47 9 60 49 44 67	 => 276
 73 67 44 48 12 31	 => 275
 36 31 12 51 66 79	 => 275
 25 79 66 42 50 13	 => 275
 60 6 64 55 41 49	 => 275
 44 49 41 37 56 48	 => 275
 12 48 56 34 75 51	 => 276
 66 51 75 7 35 42	 => 276
 50 42 35 80 52 16	 => 275
 64 20 23 70 43 55	 => 275
 41 55 43 62 38 37	 => 276
 56 37 38 54 57 34	 => 276
 75 34 57 72 30 7	 => 275
 35 7 30 46 77 80	 => 275
 52 80 77 40 15 11	 => 275
 43 70 2 27 71 62	 => 275
 38 62 71 45 5 54	 => 275
 57 54 5 69 18 72	 => 275
 30 72 18 32 78 46	 => 276
 77 46 78 24 10 40	 => 275
 71 27 14 65 53 45	 => 275
 5 45 53 74 29 69	 => 275
 18 69 29 68 59 32	 => 275
 78 32 59 63 19 24	 => 275
 53 65 17 28 39 74	 => 276
 29 74 39 4 61 68	 => 275
 59 68 61 21 3 63	 => 275


===================[TEST 5]===================

##### START ##### Tue May 20 13:10:28 2003



##### CONVERGE ##### Tue May 20 13:11:44 2003

Elapsed time: 76 seconds
Total loop: 334 generations

Result : 270.315

39 18 58 78 44 37 11 47 70 65 4 54 59 22 1 52 45 41 31 33 43 27 75 49 10 8 50 71 48 32 77 23 67 38 25 42 76 6 7 28 62 56 66 2 60 80 26 40 55 74 35 30 17 14 12 64 46 36 3 69 13 72 29 9 21 68 63 73 53 57 79 61 20 15 5 51 16 24 19 34 

 39 18 58 78 44 37	 => 274
 11 37 44 47 70 65	 => 274
 4 65 70 54 59 22	 => 274
 58 1 52 45 41 78	 => 275
 44 78 41 31 33 47	 => 274
 70 47 33 43 27 54	 => 274
 59 54 27 75 49 10	 => 274
 52 8 50 71 48 45	 => 274
 41 45 48 32 77 31	 => 274
 33 31 77 23 67 43	 => 274
 27 43 67 38 25 75	 => 275
 49 75 25 42 76 6	 => 273
 50 7 28 62 56 71	 => 274
 48 71 56 66 2 32	 => 275
 77 32 2 60 80 23	 => 274
 67 23 80 26 40 38	 => 274
 25 38 40 55 74 42	 => 274
 76 42 74 35 30 17	 => 274
 56 62 14 12 64 66	 => 274
 2 66 64 46 36 60	 => 274
 80 60 36 3 69 26	 => 274
 40 26 69 13 72 55	 => 275
 74 55 72 29 9 35	 => 274
 64 12 21 68 63 46	 => 274
 36 46 63 73 53 3	 => 274
 69 3 53 57 79 13	 => 274
 72 13 79 61 20 29	 => 274
 63 68 15 5 51 73	 => 275
 53 73 51 16 24 57	 => 274
 79 57 24 19 34 61	 => 274



test#	fitness		sum		time
---------------------------------------------------
1	265.222				51
2	267.5				51
3	272.836				111
4	271.45				78
5	270.315				76


---------------------------------------------------
Best fitness      : 272.836 ( test# 3)
Shortest time     : 51 ( test# 1)

Average fitness   : 269.465
Average time      : 73.4
