****************** GA TEST *******************

total test#:			 5
hexa min width:			 3
hexa max width:			 6
hexa count:			 30
number count:			 80
population size:		 80
generation size:		 10

tournament winner p:		 0.98
do xover p:			 1
xover:				 2points
do mutation1 p:			 0.1
mutation1 p:			 0.05
do optimize p:			 0.98
local optimize count:		 8000
do deep better optimize p:	 1
do deep worse optimize p:	 0
do spin p:			 0
spin count:			 900
do spin apply p:		 1
do mutation2 p:			 0.1
mutation2 p:			 0.05
force mutation2:		 0
replace bad p:			 0.195

converge rate p:		 0.99
converge count:			 1

**********************************************


===================[TEST 1]===================

##### START ##### Tue May 20 13:11:47 2003



##### CONVERGE ##### Tue May 20 13:12:45 2003

Elapsed time: 58 seconds
Total loop: 254 generations

Result : 269.093

9 7 77 74 72 33 4 36 66 61 21 38 71 15 6 39 68 8 55 27 63 42 65 53 3 14 78 24 50 45 46 32 49 28 25 44 57 29 12 19 79 60 34 59 51 40 43 80 22 73 30 52 16 20 23 56 35 37 54 47 11 69 76 2 26 62 70 58 18 67 75 41 1 13 5 64 17 48 31 10 

 9 7 77 74 72 33	 => 272
 4 33 72 36 66 61	 => 272
 21 61 66 38 71 15	 => 272
 77 6 39 68 8 74	 => 272
 72 74 8 55 27 36	 => 272
 66 36 27 63 42 38	 => 272
 71 38 42 65 53 3	 => 272
 39 14 78 24 50 68	 => 273
 8 68 50 45 46 55	 => 272
 27 55 46 32 49 63	 => 272
 42 63 49 28 25 65	 => 272
 53 65 25 44 57 29	 => 273
 78 12 19 79 60 24	 => 272
 50 24 60 34 59 45	 => 272
 46 45 59 51 40 32	 => 273
 49 32 40 43 80 28	 => 272
 25 28 80 22 73 44	 => 272
 57 44 73 30 52 16	 => 272
 60 79 20 23 56 34	 => 272
 59 34 56 35 37 51	 => 272
 40 51 37 54 47 43	 => 272
 80 43 47 11 69 22	 => 272
 73 22 69 76 2 30	 => 272
 56 23 26 62 70 35	 => 272
 37 35 70 58 18 54	 => 272
 47 54 18 67 75 11	 => 272
 69 11 75 41 1 76	 => 273
 70 62 13 5 64 58	 => 272
 18 58 64 17 48 67	 => 272
 75 67 48 31 10 41	 => 272


===================[TEST 2]===================

##### START ##### Tue May 20 13:12:45 2003



##### CONVERGE ##### Tue May 20 13:13:54 2003

Elapsed time: 69 seconds
Total loop: 300 generations

Result : 271.222

14 27 74 66 59 35 6 43 54 78 9 69 50 15 10 32 53 40 39 28 20 61 77 13 4 7 71 64 48 16 79 37 72 25 19 68 80 18 5 12 58 65 44 38 34 70 49 21 67 75 33 11 8 2 30 76 23 60 17 45 52 41 36 22 29 55 62 57 56 63 42 73 31 3 46 51 1 47 24 26 

 14 27 74 66 59 35	 => 275
 6 35 59 43 54 78	 => 275
 9 78 54 69 50 15	 => 275
 74 10 32 53 40 66	 => 275
 59 66 40 39 28 43	 => 275
 54 43 28 20 61 69	 => 275
 50 69 61 77 13 4	 => 274
 32 7 71 64 48 53	 => 275
 40 53 48 16 79 39	 => 275
 28 39 79 37 72 20	 => 275
 61 20 72 25 19 77	 => 274
 13 77 19 68 80 18	 => 275
 71 5 12 58 65 64	 => 275
 48 64 65 44 38 16	 => 275
 79 16 38 34 70 37	 => 274
 72 37 70 49 21 25	 => 274
 19 25 21 67 75 68	 => 275
 80 68 75 33 11 8	 => 275
 65 58 2 30 76 44	 => 275
 38 44 76 23 60 34	 => 275
 70 34 60 17 45 49	 => 275
 21 49 45 52 41 67	 => 275
 75 67 41 36 22 33	 => 274
 76 30 29 55 62 23	 => 275
 60 23 62 57 56 17	 => 275
 45 17 56 63 42 52	 => 275
 41 52 42 73 31 36	 => 275
 62 55 3 46 51 57	 => 274
 56 57 51 1 47 63	 => 275
 42 63 47 24 26 73	 => 275


===================[TEST 3]===================

##### START ##### Tue May 20 13:13:54 2003



##### CONVERGE ##### Tue May 20 13:15:03 2003

Elapsed time: 69 seconds
Total loop: 304 generations

Result : 269.56

10 8 75 60 40 80 4 25 78 46 33 42 69 5 11 52 44 31 66 51 9 68 74 19 1 6 30 71 70 14 49 61 37 27 58 64 43 15 63 3 50 56 29 34 48 67 53 28 18 79 62 23 2 7 54 76 41 45 36 24 73 77 16 21 17 26 59 72 20 65 55 39 13 38 22 57 12 47 35 32 

 10 8 75 60 40 80	 => 273
 4 80 40 25 78 46	 => 273
 33 46 78 42 69 5	 => 273
 75 11 52 44 31 60	 => 273
 40 60 31 66 51 25	 => 273
 78 25 51 9 68 42	 => 273
 69 42 68 74 19 1	 => 273
 52 6 30 71 70 44	 => 273
 31 44 70 14 49 66	 => 274
 51 66 49 61 37 9	 => 273
 68 9 37 27 58 74	 => 273
 19 74 58 64 43 15	 => 273
 30 63 3 50 56 71	 => 273
 70 71 56 29 34 14	 => 274
 49 14 34 48 67 61	 => 273
 37 61 67 53 28 27	 => 273
 58 27 28 18 79 64	 => 274
 43 64 79 62 23 2	 => 273
 56 50 7 54 76 29	 => 272
 34 29 76 41 45 48	 => 273
 67 48 45 36 24 53	 => 273
 28 53 24 73 77 18	 => 273
 79 18 77 16 21 62	 => 273
 76 54 17 26 59 41	 => 273
 45 41 59 72 20 36	 => 273
 24 36 20 65 55 73	 => 273
 77 73 55 39 13 16	 => 273
 59 26 38 22 57 72	 => 274
 20 72 57 12 47 65	 => 273
 55 65 47 35 32 39	 => 273


===================[TEST 4]===================

##### START ##### Tue May 20 13:15:03 2003



##### CONVERGE ##### Tue May 20 13:15:41 2003

Elapsed time: 38 seconds
Total loop: 166 generations

Result : 268.56

18 17 79 59 73 26 11 34 68 60 19 71 38 16 6 12 61 55 30 21 24 54 77 23 9 13 48 74 64 7 56 65 76 5 36 53 69 14 10 4 70 66 27 35 63 46 39 41 58 78 50 15 8 1 33 75 44 29 43 52 20 62 22 2 3 37 80 31 45 40 72 49 47 25 42 57 67 32 51 28 

 18 17 79 59 73 26	 => 272
 11 26 73 34 68 60	 => 272
 19 60 68 71 38 16	 => 272
 79 6 12 61 55 59	 => 272
 73 59 55 30 21 34	 => 272
 68 34 21 24 54 71	 => 272
 38 71 54 77 23 9	 => 272
 12 13 48 74 64 61	 => 272
 55 61 64 7 56 30	 => 273
 21 30 56 65 76 24	 => 272
 54 24 76 5 36 77	 => 272
 23 77 36 53 69 14	 => 272
 48 10 4 70 66 74	 => 272
 64 74 66 27 35 7	 => 273
 56 7 35 63 46 65	 => 272
 76 65 46 39 41 5	 => 272
 36 5 41 58 78 53	 => 271
 69 53 78 50 15 8	 => 273
 66 70 1 33 75 27	 => 272
 35 27 75 44 29 63	 => 273
 46 63 29 43 52 39	 => 272
 41 39 52 20 62 58	 => 272
 78 58 62 22 2 50	 => 272
 75 33 3 37 80 44	 => 272
 29 44 80 31 45 43	 => 272
 52 43 45 40 72 20	 => 272
 62 20 72 49 47 22	 => 272
 80 37 25 42 57 31	 => 272
 45 31 57 67 32 40	 => 272
 72 40 32 51 28 49	 => 272


===================[TEST 5]===================

##### START ##### Tue May 20 13:15:41 2003



##### CONVERGE ##### Tue May 20 13:17:14 2003

Elapsed time: 93 seconds
Total loop: 412 generations

Result : 270.734

12 18 63 66 80 35 1 14 74 70 7 60 52 11 16 15 56 58 38 17 45 64 69 23 6 10 78 65 50 13 59 53 62 3 31 68 76 8 25 19 20 67 39 41 33 75 36 44 71 57 47 24 2 27 42 79 21 61 43 26 49 48 22 29 9 77 46 73 30 54 72 51 32 4 40 34 28 55 5 37 

 12 18 63 66 80 35	 => 274
 1 35 80 14 74 70	 => 274
 7 70 74 60 52 11	 => 274
 63 16 15 56 58 66	 => 274
 80 66 58 38 17 14	 => 273
 74 14 17 45 64 60	 => 274
 52 60 64 69 23 6	 => 274
 15 10 78 65 50 56	 => 274
 58 56 50 13 59 38	 => 274
 17 38 59 53 62 45	 => 274
 64 45 62 3 31 69	 => 274
 23 69 31 68 76 8	 => 275
 78 25 19 20 67 65	 => 274
 50 65 67 39 41 13	 => 275
 59 13 41 33 75 53	 => 274
 62 53 75 36 44 3	 => 273
 31 3 44 71 57 68	 => 274
 76 68 57 47 24 2	 => 274
 67 20 27 42 79 39	 => 274
 41 39 79 21 61 33	 => 274
 75 33 61 43 26 36	 => 274
 44 36 26 49 48 71	 => 274
 57 71 48 22 29 47	 => 274
 79 42 9 77 46 21	 => 274
 61 21 46 73 30 43	 => 274
 26 43 30 54 72 49	 => 274
 48 49 72 51 32 22	 => 274
 46 77 4 40 34 73	 => 274
 30 73 34 28 55 54	 => 274
 72 54 55 5 37 51	 => 274



test#	fitness		sum		time
---------------------------------------------------
1	269.093				58
2	271.222				69
3	269.56				69
4	268.56				38
5	270.734				93


---------------------------------------------------
Best fitness      : 271.222 ( test# 2)
Shortest time     : 38 ( test# 4)

Average fitness   : 269.834
Average time      : 65.4
