****************** GA TEST *******************

total test#:			 5
hexa min width:			 3
hexa max width:			 6
hexa count:			 30
number count:			 80
population size:		 80
generation size:		 10

tournament winner p:		 0.98
do xover p:			 1
xover:				 2points
do mutation1 p:			 0.1
mutation1 p:			 0.05
do optimize p:			 0.98
local optimize count:		 8000
do deep better optimize p:	 1
do deep worse optimize p:	 0
do spin p:			 0
spin count:			 900
do spin apply p:		 1
do mutation2 p:			 0.1
mutation2 p:			 0.07
force mutation2:		 1
replace bad p:			 0.195

converge rate p:		 0.99
converge count:			 1

**********************************************


===================[TEST 1]===================

##### START ##### Tue May 20 13:17:17 2003



##### CONVERGE ##### Tue May 20 13:18:37 2003

Elapsed time: 80 seconds
Total loop: 349 generations

Result : 266.942

36 53 20 76 19 67 27 46 78 34 21 58 71 9 4 49 66 56 59 14 43 32 60 48 2 18 37 73 28 11 52 35 69 29 39 77 25 22 6 1 80 74 23 63 70 40 68 30 55 42 64 47 16 15 17 62 12 41 45 8 38 72 33 5 44 79 57 65 51 54 75 50 3 13 26 31 10 61 7 24 

 36 53 20 76 19 67	 => 271
 27 67 19 46 78 34	 => 271
 21 34 78 58 71 9	 => 271
 20 4 49 66 56 76	 => 271
 19 76 56 59 14 46	 => 270
 78 46 14 43 32 58	 => 271
 71 58 32 60 48 2	 => 271
 49 18 37 73 28 66	 => 271
 56 66 28 11 52 59	 => 272
 14 59 52 35 69 43	 => 272
 32 43 69 29 39 60	 => 272
 48 60 39 77 25 22	 => 271
 37 6 1 80 74 73	 => 271
 28 73 74 23 63 11	 => 272
 52 11 63 70 40 35	 => 271
 69 35 40 68 30 29	 => 271
 39 29 30 55 42 77	 => 272
 25 77 42 64 47 16	 => 271
 74 80 15 17 62 23	 => 271
 63 23 62 12 41 70	 => 271
 40 70 41 45 8 68	 => 272
 30 68 8 38 72 55	 => 271
 42 55 72 33 5 64	 => 271
 62 17 44 79 57 12	 => 271
 41 12 57 65 51 45	 => 271
 8 45 51 54 75 38	 => 271
 72 38 75 50 3 33	 => 271
 57 79 13 26 31 65	 => 271
 51 65 31 10 61 54	 => 272
 75 54 61 7 24 50	 => 271


===================[TEST 2]===================

##### START ##### Tue May 20 13:18:37 2003



##### CONVERGE ##### Tue May 20 13:19:31 2003

Elapsed time: 54 seconds
Total loop: 239 generations

Result : 268.601

30 10 36 78 49 69 1 26 64 63 33 80 21 11 25 48 59 27 68 24 19 60 76 18 17 9 66 74 16 38 65 46 51 5 62 75 34 8 23 31 47 32 73 40 13 71 54 45 50 35 67 6 56 12 57 52 39 55 43 37 15 72 42 7 20 61 44 70 22 79 77 53 14 29 28 41 3 58 2 4 

 30 10 36 78 49 69	 => 272
 1 69 49 26 64 63	 => 272
 33 63 64 80 21 11	 => 272
 36 25 48 59 27 78	 => 273
 49 78 27 68 24 26	 => 272
 64 26 24 19 60 80	 => 273
 21 80 60 76 18 17	 => 272
 48 9 66 74 16 59	 => 272
 27 59 16 38 65 68	 => 273
 24 68 65 46 51 19	 => 273
 60 19 51 5 62 76	 => 273
 18 76 62 75 34 8	 => 273
 66 23 31 47 32 74	 => 273
 16 74 32 73 40 38	 => 273
 65 38 40 13 71 46	 => 273
 51 46 71 54 45 5	 => 272
 62 5 45 50 35 75	 => 272
 34 75 35 67 6 56	 => 273
 32 47 12 57 52 73	 => 273
 40 73 52 39 55 13	 => 272
 71 13 55 43 37 54	 => 273
 45 54 37 15 72 50	 => 273
 35 50 72 42 7 67	 => 273
 52 57 20 61 44 39	 => 273
 55 39 44 70 22 43	 => 273
 37 43 22 79 77 15	 => 273
 72 15 77 53 14 42	 => 273
 44 61 29 28 41 70	 => 273
 22 70 41 3 58 79	 => 273
 77 79 58 2 4 53	 => 273


===================[TEST 3]===================

##### START ##### Tue May 20 13:19:31 2003



##### CONVERGE ##### Tue May 20 13:21:03 2003

Elapsed time: 92 seconds
Total loop: 403 generations

Result : 269.5

16 8 68 51 60 70 24 7 66 46 9 76 33 43 21 36 40 57 56 42 44 38 71 20 34 22 47 79 49 45 26 73 31 14 75 30 72 5 10 32 80 25 64 11 65 53 62 39 37 78 58 19 15 2 48 54 27 52 6 35 41 59 28 13 12 55 77 50 61 63 67 74 4 3 18 69 1 29 23 17 

 16 8 68 51 60 70	 => 273
 24 70 60 7 66 46	 => 273
 9 46 66 76 33 43	 => 273
 68 21 36 40 57 51	 => 273
 60 51 57 56 42 7	 => 273
 66 7 42 44 38 76	 => 273
 33 76 38 71 20 34	 => 272
 36 22 47 79 49 40	 => 273
 57 40 49 45 26 56	 => 273
 42 56 26 73 31 44	 => 272
 38 44 31 14 75 71	 => 273
 20 71 75 30 72 5	 => 273
 47 10 32 80 25 79	 => 273
 49 79 25 64 11 45	 => 273
 26 45 11 65 53 73	 => 273
 31 73 53 62 39 14	 => 272
 75 14 39 37 78 30	 => 273
 72 30 78 58 19 15	 => 272
 25 80 2 48 54 64	 => 273
 11 64 54 27 52 65	 => 273
 53 65 52 6 35 62	 => 273
 39 62 35 41 59 37	 => 273
 78 37 59 28 13 58	 => 273
 54 48 12 55 77 27	 => 273
 52 27 77 50 61 6	 => 273
 35 6 61 63 67 41	 => 273
 59 41 67 74 4 28	 => 273
 77 55 3 18 69 50	 => 272
 61 50 69 1 29 63	 => 273
 67 63 29 23 17 74	 => 273


===================[TEST 4]===================

##### START ##### Tue May 20 13:21:03 2003



##### CONVERGE ##### Tue May 20 13:22:19 2003

Elapsed time: 76 seconds
Total loop: 335 generations

Result : 269.154

13 18 68 73 79 21 9 38 76 49 12 51 80 4 11 36 74 10 65 7 45 55 41 31 14 19 56 47 40 33 50 69 35 34 62 57 58 23 8 67 16 78 52 22 32 66 63 5 37 77 25 29 26 24 60 42 71 53 30 28 64 75 43 15 1 44 54 48 17 72 61 27 2 46 20 59 6 70 39 3 

 13 18 68 73 79 21	 => 272
 9 21 79 38 76 49	 => 272
 12 49 76 51 80 4	 => 272
 68 11 36 74 10 73	 => 272
 79 73 10 65 7 38	 => 272
 76 38 7 45 55 51	 => 272
 80 51 55 41 31 14	 => 272
 36 19 56 47 40 74	 => 272
 10 74 40 33 50 65	 => 272
 7 65 50 69 35 45	 => 271
 55 45 35 34 62 41	 => 272
 31 41 62 57 58 23	 => 272
 56 8 67 16 78 47	 => 272
 40 47 78 52 22 33	 => 272
 50 33 22 32 66 69	 => 272
 35 69 66 63 5 34	 => 272
 62 34 5 37 77 57	 => 272
 58 57 77 25 29 26	 => 272
 78 16 24 60 42 52	 => 272
 22 52 42 71 53 32	 => 272
 66 32 53 30 28 63	 => 272
 5 63 28 64 75 37	 => 272
 77 37 75 43 15 25	 => 272
 42 60 1 44 54 71	 => 272
 53 71 54 48 17 30	 => 273
 28 30 17 72 61 64	 => 272
 75 64 61 27 2 43	 => 272
 54 44 46 20 59 48	 => 271
 17 48 59 6 70 72	 => 272
 61 72 70 39 3 27	 => 272


===================[TEST 5]===================

##### START ##### Tue May 20 13:22:19 2003



##### CONVERGE ##### Tue May 20 13:23:41 2003

Elapsed time: 82 seconds
Total loop: 360 generations

Result : 267.323

34 15 21 75 73 54 5 17 59 63 12 70 38 30 20 51 79 26 35 45 11 69 60 19 16 1 49 55 37 46 48 76 57 9 65 29 67 32 22 18 47 80 40 14 44 43 50 36 61 72 52 10 42 2 25 78 27 68 39 28 23 74 7 6 13 62 66 31 41 64 77 33 58 4 53 56 8 71 3 24 

 34 15 21 75 73 54	 => 272
 5 54 73 17 59 63	 => 271
 12 63 59 70 38 30	 => 272
 21 20 51 79 26 75	 => 272
 73 75 26 35 45 17	 => 271
 59 17 45 11 69 70	 => 271
 38 70 69 60 19 16	 => 272
 51 1 49 55 37 79	 => 272
 26 79 37 46 48 35	 => 271
 45 35 48 76 57 11	 => 272
 69 11 57 9 65 60	 => 271
 19 60 65 29 67 32	 => 272
 49 22 18 47 80 55	 => 271
 37 55 80 40 14 46	 => 272
 48 46 14 44 43 76	 => 271
 57 76 43 50 36 9	 => 271
 65 9 36 61 72 29	 => 272
 67 29 72 52 10 42	 => 272
 80 47 2 25 78 40	 => 272
 14 40 78 27 68 44	 => 271
 43 44 68 39 28 50	 => 272
 36 50 28 23 74 61	 => 272
 72 61 74 7 6 52	 => 272
 78 25 13 62 66 27	 => 271
 68 27 66 31 41 39	 => 272
 28 39 41 64 77 23	 => 272
 74 23 77 33 58 7	 => 272
 66 62 4 53 56 31	 => 272
 41 31 56 8 71 64	 => 271
 77 64 71 3 24 33	 => 272



test#	fitness		sum		time
---------------------------------------------------
1	266.942				80
2	268.601				54
3	269.5				92
4	269.154				76
5	267.323				82


---------------------------------------------------
Best fitness      : 269.5 ( test# 3)
Shortest time     : 54 ( test# 2)

Average fitness   : 268.304
Average time      : 76.8
