****************** GA TEST *******************

total test#:			 5
hexa min width:			 3
hexa max width:			 6
hexa count:			 30
number count:			 80
population size:		 80
generation size:		 10

tournament winner p:		 0.98
do xover p:			 1
xover:				 2points
do mutation1 p:			 0.1
mutation1 p:			 0.05
do optimize p:			 0.98
local optimize count:		 8000
do deep better optimize p:	 1
do deep worse optimize p:	 0
do spin p:			 0
spin count:			 900
do spin apply p:		 1
do mutation2 p:			 0.1
mutation2 p:			 0.07
force mutation2:		 1
replace bad p:			 0.195

converge rate p:		 0.99
converge count:			 1

**********************************************


===================[TEST 1]===================

##### START ##### Tue May 20 13:23:42 2003



##### CONVERGE ##### Tue May 20 13:24:58 2003

Elapsed time: 76 seconds
Total loop: 333 generations

Result : 271.218

45 21 27 76 39 67 20 46 30 74 22 77 60 13 2 32 73 66 31 18 48 56 59 23 1 6 44 79 42 26 37 78 63 15 35 69 80 10 34 8 58 52 49 28 57 50 55 14 71 72 24 19 12 7 40 70 47 25 51 38 36 62 43 3 4 54 61 75 17 68 65 64 5 11 41 33 29 53 9 16 

 45 21 27 76 39 67	 => 275
 20 67 39 46 30 74	 => 276
 22 74 30 77 60 13	 => 276
 27 2 32 73 66 76	 => 276
 39 76 66 31 18 46	 => 276
 30 46 18 48 56 77	 => 275
 60 77 56 59 23 1	 => 276
 32 6 44 79 42 73	 => 276
 66 73 42 26 37 31	 => 275
 18 31 37 78 63 48	 => 275
 56 48 63 15 35 59	 => 276
 23 59 35 69 80 10	 => 276
 44 34 8 58 52 79	 => 275
 42 79 52 49 28 26	 => 276
 37 26 28 57 50 78	 => 276
 63 78 50 55 14 15	 => 275
 35 15 14 71 72 69	 => 276
 80 69 72 24 19 12	 => 276
 52 58 7 40 70 49	 => 276
 28 49 70 47 25 57	 => 276
 50 57 25 51 38 55	 => 276
 14 55 38 36 62 71	 => 276
 72 71 62 43 3 24	 => 275
 70 40 4 54 61 47	 => 276
 25 47 61 75 17 51	 => 276
 38 51 17 68 65 36	 => 275
 62 36 65 64 5 43	 => 275
 61 54 11 41 33 75	 => 275
 17 75 33 29 53 68	 => 275
 65 68 53 9 16 64	 => 275


===================[TEST 2]===================

##### START ##### Tue May 20 13:24:58 2003



##### CONVERGE ##### Tue May 20 13:26:22 2003

Elapsed time: 84 seconds
Total loop: 371 generations

Result : 271.45

6 18 78 73 59 41 3 25 75 72 7 55 53 13 26 21 61 17 70 32 42 46 74 45 2 1 66 63 64 15 48 54 29 35 49 58 40 9 38 8 57 43 67 23 56 79 31 47 27 60 76 37 5 19 24 65 44 20 50 39 51 80 28 4 11 62 69 77 16 68 52 34 30 22 12 33 10 71 14 36 

 6 18 78 73 59 41	 => 275
 3 41 59 25 75 72	 => 275
 7 72 75 55 53 13	 => 275
 78 26 21 61 17 73	 => 276
 59 73 17 70 32 25	 => 276
 75 25 32 42 46 55	 => 275
 53 55 46 74 45 2	 => 275
 21 1 66 63 64 61	 => 276
 17 61 64 15 48 70	 => 275
 32 70 48 54 29 42	 => 275
 46 42 29 35 49 74	 => 275
 45 74 49 58 40 9	 => 275
 66 38 8 57 43 63	 => 275
 64 63 43 67 23 15	 => 275
 48 15 23 56 79 54	 => 275
 29 54 79 31 47 35	 => 275
 49 35 47 27 60 58	 => 276
 40 58 60 76 37 5	 => 276
 43 57 19 24 65 67	 => 275
 23 67 65 44 20 56	 => 275
 79 56 20 50 39 31	 => 275
 47 31 39 51 80 27	 => 275
 60 27 80 28 4 76	 => 275
 65 24 11 62 69 44	 => 275
 20 44 69 77 16 50	 => 276
 39 50 16 68 52 51	 => 276
 80 51 52 34 30 28	 => 275
 69 62 22 12 33 77	 => 275
 16 77 33 10 71 68	 => 275
 52 68 71 14 36 34	 => 275


===================[TEST 3]===================

##### START ##### Tue May 20 13:26:22 2003



##### CONVERGE ##### Tue May 20 13:27:46 2003

Elapsed time: 84 seconds
Total loop: 368 generations

Result : 265.622

13 17 61 51 67 60 6 53 76 7 14 69 78 25 2 41 66 48 31 19 36 16 26 77 3 24 39 70 29 40 55 57 72 62 58 64 23 21 18 37 42 63 33 34 79 4 54 20 22 43 74 27 38 44 59 28 45 50 15 68 32 73 47 10 1 56 80 30 49 71 35 75 8 5 52 46 9 65 12 11 

 13 17 61 51 67 60	 => 269
 6 60 67 53 76 7	 => 269
 14 7 76 69 78 25	 => 269
 61 2 41 66 48 51	 => 269
 67 51 48 31 19 53	 => 269
 76 53 19 36 16 69	 => 269
 78 69 16 26 77 3	 => 269
 41 24 39 70 29 66	 => 269
 48 66 29 40 55 31	 => 269
 19 31 55 57 72 36	 => 270
 16 36 72 62 58 26	 => 270
 77 26 58 64 23 21	 => 269
 39 18 37 42 63 70	 => 269
 29 70 63 33 34 40	 => 269
 55 40 34 79 4 57	 => 269
 72 57 4 54 20 62	 => 269
 58 62 20 22 43 64	 => 269
 23 64 43 74 27 38	 => 269
 63 42 44 59 28 33	 => 269
 34 33 28 45 50 79	 => 269
 4 79 50 15 68 54	 => 270
 20 54 68 32 73 22	 => 269
 43 22 73 47 10 74	 => 269
 28 59 1 56 80 45	 => 269
 50 45 80 30 49 15	 => 269
 68 15 49 71 35 32	 => 270
 73 32 35 75 8 47	 => 270
 80 56 5 52 46 30	 => 269
 49 30 46 9 65 71	 => 270
 35 71 65 12 11 75	 => 269


===================[TEST 4]===================

##### START ##### Tue May 20 13:27:46 2003



##### CONVERGE ##### Tue May 20 13:29:10 2003

Elapsed time: 84 seconds
Total loop: 367 generations

Result : 271.833

4 17 47 60 69 79 6 22 66 33 25 63 72 16 24 23 71 50 42 32 48 44 34 55 7 30 56 46 49 35 28 64 61 14 74 62 31 19 13 2 78 80 39 26 70 52 65 20 37 68 51 53 10 8 12 58 54 29 18 41 36 76 40 3 1 73 77 59 38 67 75 27 21 9 15 43 11 57 5 45 

 4 17 47 60 69 79	 => 276
 6 79 69 22 66 33	 => 275
 25 33 66 63 72 16	 => 275
 47 24 23 71 50 60	 => 275
 69 60 50 42 32 22	 => 275
 66 22 32 48 44 63	 => 275
 72 63 44 34 55 7	 => 275
 23 30 56 46 49 71	 => 275
 50 71 49 35 28 42	 => 275
 32 42 28 64 61 48	 => 275
 44 48 61 14 74 34	 => 275
 55 34 74 62 31 19	 => 275
 56 13 2 78 80 46	 => 275
 49 46 80 39 26 35	 => 275
 28 35 26 70 52 64	 => 275
 61 64 52 65 20 14	 => 276
 74 14 20 37 68 62	 => 275
 31 62 68 51 53 10	 => 275
 80 78 8 12 58 39	 => 275
 26 39 58 54 29 70	 => 276
 52 70 29 18 41 65	 => 275
 20 65 41 36 76 37	 => 275
 68 37 76 40 3 51	 => 275
 58 12 1 73 77 54	 => 275
 29 54 77 59 38 18	 => 275
 41 18 38 67 75 36	 => 275
 76 36 75 27 21 40	 => 275
 77 73 9 15 43 59	 => 276
 38 59 43 11 57 67	 => 275
 75 67 57 5 45 27	 => 276


===================[TEST 5]===================

##### START ##### Tue May 20 13:29:10 2003



##### CONVERGE ##### Tue May 20 13:30:46 2003

Elapsed time: 96 seconds
Total loop: 422 generations

Result : 273.826

26 8 31 80 69 63 5 13 72 55 10 73 65 2 16 56 78 15 66 34 39 46 75 17 1 12 41 43 47 35 36 52 50 27 40 57 77 11 30 25 58 79 44 29 71 54 62 32 51 70 49 20 3 6 37 53 42 38 4 48 23 61 28 18 7 64 74 60 59 67 76 68 21 14 19 45 22 24 9 33 

 26 8 31 80 69 63	 => 277
 5 63 69 13 72 55	 => 277
 10 55 72 73 65 2	 => 277
 31 16 56 78 15 80	 => 276
 69 80 15 66 34 13	 => 277
 72 13 34 39 46 73	 => 277
 65 73 46 75 17 1	 => 277
 56 12 41 43 47 78	 => 277
 15 78 47 35 36 66	 => 277
 34 66 36 52 50 39	 => 277
 46 39 50 27 40 75	 => 277
 17 75 40 57 77 11	 => 277
 41 30 25 58 79 43	 => 276
 47 43 79 44 29 35	 => 277
 36 35 29 71 54 52	 => 277
 50 52 54 62 32 27	 => 277
 40 27 32 51 70 57	 => 277
 77 57 70 49 20 3	 => 276
 79 58 6 37 53 44	 => 277
 29 44 53 42 38 71	 => 277
 54 71 38 4 48 62	 => 277
 32 62 48 23 61 51	 => 277
 70 51 61 28 18 49	 => 277
 53 37 7 64 74 42	 => 277
 38 42 74 60 59 4	 => 277
 48 4 59 67 76 23	 => 277
 61 23 76 68 21 28	 => 277
 74 64 14 19 45 60	 => 276
 59 60 45 22 24 67	 => 277
 76 67 24 9 33 68	 => 277



test#	fitness		sum		time
---------------------------------------------------
1	271.218				76
2	271.45				84
3	265.622				84
4	271.833				84
5	273.826				96


---------------------------------------------------
Best fitness      : 273.826 ( test# 5)
Shortest time     : 76 ( test# 1)

Average fitness   : 270.79
Average time      : 84.8
