****************** GA TEST *******************

total test#:			 5
hexa min width:			 3
hexa max width:			 6
hexa count:			 30
number count:			 80
population size:		 80
generation size:		 10

tournament winner p:		 0.98
do xover p:			 1
xover:				 3points
do mutation1 p:			 0.1
mutation1 p:			 0.05
do optimize p:			 0.98
local optimize count:		 8000
do deep better optimize p:	 1
do deep worse optimize p:	 0
do spin p:			 0
spin count:			 900
do spin apply p:		 1
do mutation2 p:			 0.1
mutation2 p:			 0.07
force mutation2:		 0
replace bad p:			 0.195

converge rate p:		 0.99
converge count:			 1

**********************************************


===================[TEST 1]===================

##### START ##### Tue May 20 13:30:47 2003



##### CONVERGE ##### Tue May 20 13:33:20 2003

Elapsed time: 153 seconds
Total loop: 667 generations

Result : 269.45

23 51 39 63 77 20 31 1 74 71 16 52 57 4 7 17 73 75 30 28 72 47 50 43 24 25 76 56 26 29 41 59 44 27 34 79 65 3 19 13 40 70 58 35 32 78 55 11 69 53 48 18 10 6 37 62 64 22 49 38 33 68 21 15 2 42 67 60 12 80 61 54 36 14 45 46 9 66 5 8 

 23 51 39 63 77 20	 => 273
 31 20 77 1 74 71	 => 274
 16 71 74 52 57 4	 => 274
 39 7 17 73 75 63	 => 274
 77 63 75 30 28 1	 => 274
 74 1 28 72 47 52	 => 274
 57 52 47 50 43 24	 => 273
 17 25 76 56 26 73	 => 273
 75 73 26 29 41 30	 => 274
 28 30 41 59 44 72	 => 274
 47 72 44 27 34 50	 => 274
 43 50 34 79 65 3	 => 274
 76 19 13 40 70 56	 => 274
 26 56 70 58 35 29	 => 274
 41 29 35 32 78 59	 => 274
 44 59 78 55 11 27	 => 274
 34 27 11 69 53 79	 => 273
 65 79 53 48 18 10	 => 273
 70 40 6 37 62 58	 => 273
 35 58 62 64 22 32	 => 273
 78 32 22 49 38 55	 => 274
 11 55 38 33 68 69	 => 274
 53 69 68 21 15 48	 => 274
 62 37 2 42 67 64	 => 274
 22 64 67 60 12 49	 => 274
 38 49 12 80 61 33	 => 273
 68 33 61 54 36 21	 => 273
 67 42 14 45 46 60	 => 274
 12 60 46 9 66 80	 => 273
 61 80 66 5 8 54	 => 274


===================[TEST 2]===================

##### START ##### Tue May 20 13:33:20 2003



##### CONVERGE ##### Tue May 20 13:34:29 2003

Elapsed time: 69 seconds
Total loop: 304 generations

Result : 267.117

14 2 59 48 74 75 12 32 72 6 50 77 52 15 4 63 36 61 33 23 42 26 73 34 9 18 45 55 54 21 66 49 58 43 29 57 78 1 35 16 40 80 39 22 76 37 64 20 71 51 67 11 8 24 28 60 19 56 13 25 30 62 17 3 38 79 47 68 69 70 65 53 44 5 41 31 7 27 46 10 

 14 2 59 48 74 75	 => 272
 12 75 74 32 72 6	 => 271
 50 6 72 77 52 15	 => 272
 59 4 63 36 61 48	 => 271
 74 48 61 33 23 32	 => 271
 72 32 23 42 26 77	 => 272
 52 77 26 73 34 9	 => 271
 63 18 45 55 54 36	 => 271
 61 36 54 21 66 33	 => 271
 23 33 66 49 58 42	 => 271
 26 42 58 43 29 73	 => 271
 34 73 29 57 78 1	 => 272
 45 35 16 40 80 55	 => 271
 54 55 80 39 22 21	 => 271
 66 21 22 76 37 49	 => 271
 58 49 37 64 20 43	 => 271
 29 43 20 71 51 57	 => 271
 78 57 51 67 11 8	 => 272
 80 40 24 28 60 39	 => 271
 22 39 60 19 56 76	 => 272
 37 76 56 13 25 64	 => 271
 20 64 25 30 62 71	 => 272
 51 71 62 17 3 67	 => 271
 60 28 38 79 47 19	 => 271
 56 19 47 68 69 13	 => 272
 25 13 69 70 65 30	 => 272
 62 30 65 53 44 17	 => 271
 47 79 5 41 31 68	 => 271
 69 68 31 7 27 70	 => 272
 65 70 27 46 10 53	 => 271


===================[TEST 3]===================

##### START ##### Tue May 20 13:34:29 2003



##### CONVERGE ##### Tue May 20 13:35:58 2003

Elapsed time: 89 seconds
Total loop: 392 generations

Result : 271.856

15 7 53 77 73 50 3 14 74 61 27 48 64 1 25 30 80 10 78 24 36 79 44 35 5 2 52 69 41 32 34 58 45 6 65 59 63 9 11 21 51 71 40 22 62 67 42 57 28 60 72 8 13 19 39 55 47 49 12 43 68 38 46 31 4 54 76 75 16 66 70 37 17 18 23 29 33 56 20 26 

 15 7 53 77 73 50	 => 275
 3 50 73 14 74 61	 => 275
 27 61 74 48 64 1	 => 275
 53 25 30 80 10 77	 => 275
 73 77 10 78 24 14	 => 276
 74 14 24 36 79 48	 => 275
 64 48 79 44 35 5	 => 275
 30 2 52 69 41 80	 => 274
 10 80 41 32 34 78	 => 275
 24 78 34 58 45 36	 => 275
 79 36 45 6 65 44	 => 275
 35 44 65 59 63 9	 => 275
 52 11 21 51 71 69	 => 275
 41 69 71 40 22 32	 => 275
 34 32 22 62 67 58	 => 275
 45 58 67 42 57 6	 => 275
 65 6 57 28 60 59	 => 275
 63 59 60 72 8 13	 => 275
 71 51 19 39 55 40	 => 275
 22 40 55 47 49 62	 => 275
 67 62 49 12 43 42	 => 275
 57 42 43 68 38 28	 => 276
 60 28 38 46 31 72	 => 275
 55 39 4 54 76 47	 => 275
 49 47 76 75 16 12	 => 275
 43 12 16 66 70 68	 => 275
 38 68 70 37 17 46	 => 276
 76 54 18 23 29 75	 => 275
 16 75 29 33 56 66	 => 275
 70 66 56 20 26 37	 => 275


===================[TEST 4]===================

##### START ##### Tue May 20 13:35:58 2003



##### CONVERGE ##### Tue May 20 13:37:22 2003

Elapsed time: 84 seconds
Total loop: 368 generations

Result : 269.833

12 21 54 69 80 37 1 20 64 72 4 60 67 6 23 31 61 36 41 27 53 49 55 34 9 5 73 51 52 26 57 47 48 35 33 58 65 28 66 24 3 56 59 29 44 70 63 10 62 75 13 19 43 7 77 71 38 32 42 22 40 76 30 18 2 17 68 78 16 79 74 45 8 14 50 46 15 39 11 25 

 12 21 54 69 80 37	 => 273
 1 37 80 20 64 72	 => 274
 4 72 64 60 67 6	 => 273
 54 23 31 61 36 69	 => 274
 80 69 36 41 27 20	 => 273
 64 20 27 53 49 60	 => 273
 67 60 49 55 34 9	 => 274
 31 5 73 51 52 61	 => 273
 36 61 52 26 57 41	 => 273
 27 41 57 47 48 53	 => 273
 49 53 48 35 33 55	 => 273
 34 55 33 58 65 28	 => 273
 73 66 24 3 56 51	 => 273
 52 51 56 59 29 26	 => 273
 57 26 29 44 70 47	 => 273
 48 47 70 63 10 35	 => 273
 33 35 10 62 75 58	 => 273
 65 58 75 13 19 43	 => 273
 56 3 7 77 71 59	 => 273
 29 59 71 38 32 44	 => 273
 70 44 32 42 22 63	 => 273
 10 63 22 40 76 62	 => 273
 75 62 76 30 18 13	 => 274
 71 77 2 17 68 38	 => 273
 32 38 68 78 16 42	 => 274
 22 42 16 79 74 40	 => 273
 76 40 74 45 8 30	 => 273
 68 17 14 50 46 78	 => 273
 16 78 46 15 39 79	 => 273
 74 79 39 11 25 45	 => 273


===================[TEST 5]===================

##### START ##### Tue May 20 13:37:22 2003



##### CONVERGE ##### Tue May 20 13:39:44 2003

Elapsed time: 142 seconds
Total loop: 618 generations

Result : 270.873

11 16 61 38 77 72 3 26 79 18 29 65 73 10 13 44 70 49 76 9 37 59 51 19 8 15 67 75 4 36 40 58 55 28 46 80 48 30 17 14 39 63 66 31 56 54 57 23 52 47 68 20 12 2 60 45 42 35 32 41 25 78 24 6 21 64 43 71 53 50 74 69 5 34 1 62 7 33 22 27 

 11 16 61 38 77 72	 => 275
 3 72 77 26 79 18	 => 275
 29 18 79 65 73 10	 => 274
 61 13 44 70 49 38	 => 275
 77 38 49 76 9 26	 => 275
 79 26 9 37 59 65	 => 275
 73 65 59 51 19 8	 => 275
 44 15 67 75 4 70	 => 275
 49 70 4 36 40 76	 => 275
 9 76 40 58 55 37	 => 275
 59 37 55 28 46 51	 => 276
 19 51 46 80 48 30	 => 274
 67 17 14 39 63 75	 => 275
 4 75 63 66 31 36	 => 275
 40 36 31 56 54 58	 => 275
 55 58 54 57 23 28	 => 275
 46 28 23 52 47 80	 => 276
 48 80 47 68 20 12	 => 275
 63 39 2 60 45 66	 => 275
 31 66 45 42 35 56	 => 275
 54 56 35 32 41 57	 => 275
 23 57 41 25 78 52	 => 276
 47 52 78 24 6 68	 => 275
 45 60 21 64 43 42	 => 275
 35 42 43 71 53 32	 => 276
 41 32 53 50 74 25	 => 275
 78 25 74 69 5 24	 => 275
 43 64 34 1 62 71	 => 275
 53 71 62 7 33 50	 => 276
 74 50 33 22 27 69	 => 275



test#	fitness		sum		time
---------------------------------------------------
1	269.45				153
2	267.117				69
3	271.856				89
4	269.833				84
5	270.873				142


---------------------------------------------------
Best fitness      : 271.856 ( test# 3)
Shortest time     : 69 ( test# 2)

Average fitness   : 269.826
Average time      : 107.4
