****************** GA TEST *******************

total test#:			 5
hexa min width:			 3
hexa max width:			 6
hexa count:			 30
number count:			 80
population size:		 80
generation size:		 10

tournament winner p:		 0.98
do xover p:			 1
xover:				 1points
do mutation1 p:			 0.1
mutation1 p:			 0.05
do optimize p:			 0.98
local optimize count:		 8000
do deep better optimize p:	 1
do deep worse optimize p:	 0
do spin p:			 0
spin count:			 900
do spin apply p:		 1
do mutation2 p:			 0.1
mutation2 p:			 0.07
force mutation2:		 0
replace bad p:			 0.195

converge rate p:		 0.99
converge count:			 1

**********************************************


===================[TEST 1]===================

##### START ##### Tue May 20 13:39:47 2003



##### CONVERGE ##### Tue May 20 13:40:40 2003

Elapsed time: 53 seconds
Total loop: 233 generations

Result : 264.622

8 42 35 77 32 74 2 38 63 59 9 45 72 20 12 25 67 52 23 47 70 5 60 50 36 24 68 71 14 75 37 15 76 11 46 30 61 21 7 3 53 66 26 17 55 69 48 49 54 79 34 51 13 18 41 64 78 28 39 29 31 57 43 1 19 44 22 62 40 73 56 65 16 33 27 80 4 10 58 6 

 8 42 35 77 32 74	 => 268
 2 74 32 38 63 59	 => 268
 9 59 63 45 72 20	 => 268
 35 12 25 67 52 77	 => 268
 32 77 52 23 47 38	 => 269
 63 38 47 70 5 45	 => 268
 72 45 5 60 50 36	 => 268
 25 24 68 71 14 67	 => 269
 52 67 14 75 37 23	 => 268
 47 23 37 15 76 70	 => 268
 5 70 76 11 46 60	 => 268
 50 60 46 30 61 21	 => 268
 68 7 3 53 66 71	 => 268
 14 71 66 26 17 75	 => 269
 37 75 17 55 69 15	 => 268
 76 15 69 48 49 11	 => 268
 46 11 49 54 79 30	 => 269
 61 30 79 34 51 13	 => 268
 66 53 18 41 64 26	 => 268
 17 26 64 78 28 55	 => 268
 69 55 28 39 29 48	 => 268
 49 48 29 31 57 54	 => 268
 79 54 57 43 1 34	 => 268
 64 41 19 44 22 78	 => 268
 28 78 22 62 40 39	 => 269
 29 39 40 73 56 31	 => 268
 57 31 56 65 16 43	 => 268
 22 44 33 27 80 62	 => 268
 40 62 80 4 10 73	 => 269
 56 73 10 58 6 65	 => 268


===================[TEST 2]===================

##### START ##### Tue May 20 13:40:40 2003



##### CONVERGE ##### Tue May 20 13:41:40 2003

Elapsed time: 60 seconds
Total loop: 262 generations

Result : 270.315

7 18 56 79 67 47 25 26 74 35 5 71 75 14 1 32 78 28 55 19 51 34 60 21 13 16 77 27 45 11 57 39 53 33 43 72 70 8 38 41 12 80 49 62 29 76 64 10 48 68 42 20 2 4 69 59 30 46 22 37 50 65 36 15 3 61 52 66 58 44 63 54 6 31 40 24 9 73 23 17 

 7 18 56 79 67 47	 => 274
 25 47 67 26 74 35	 => 274
 5 35 74 71 75 14	 => 274
 56 1 32 78 28 79	 => 274
 67 79 28 55 19 26	 => 274
 74 26 19 51 34 71	 => 275
 75 71 34 60 21 13	 => 274
 32 16 77 27 45 78	 => 275
 28 78 45 11 57 55	 => 274
 19 55 57 39 53 51	 => 274
 34 51 53 33 43 60	 => 274
 21 60 43 72 70 8	 => 274
 77 38 41 12 80 27	 => 275
 45 27 80 49 62 11	 => 274
 57 11 62 29 76 39	 => 274
 53 39 76 64 10 33	 => 275
 43 33 10 48 68 72	 => 274
 70 72 68 42 20 2	 => 274
 80 12 4 69 59 49	 => 273
 62 49 59 30 46 29	 => 275
 76 29 46 22 37 64	 => 274
 10 64 37 50 65 48	 => 274
 68 48 65 36 15 42	 => 274
 59 69 3 61 52 30	 => 274
 46 30 52 66 58 22	 => 274
 37 22 58 44 63 50	 => 274
 65 50 63 54 6 36	 => 274
 52 61 31 40 24 66	 => 274
 58 66 24 9 73 44	 => 274
 63 44 73 23 17 54	 => 274


===================[TEST 3]===================

##### START ##### Tue May 20 13:41:40 2003



##### CONVERGE ##### Tue May 20 13:42:32 2003

Elapsed time: 52 seconds
Total loop: 230 generations

Result : 268.691

35 8 69 52 66 41 17 21 46 80 1 68 42 34 38 27 74 11 59 62 25 49 50 43 19 9 65 63 33 16 78 23 24 70 53 28 79 18 15 2 54 72 20 67 39 48 76 30 32 58 44 40 22 7 61 57 29 60 12 36 45 51 31 55 4 47 73 71 26 75 77 64 3 10 14 56 6 37 13 5 

 35 8 69 52 66 41	 => 271
 17 41 66 21 46 80	 => 271
 1 80 46 68 42 34	 => 271
 69 38 27 74 11 52	 => 271
 66 52 11 59 62 21	 => 271
 46 21 62 25 49 68	 => 271
 42 68 49 50 43 19	 => 271
 27 9 65 63 33 74	 => 271
 11 74 33 16 78 59	 => 271
 62 59 78 23 24 25	 => 271
 49 25 24 70 53 50	 => 271
 43 50 53 28 79 18	 => 271
 65 15 2 54 72 63	 => 271
 33 63 72 20 67 16	 => 271
 78 16 67 39 48 23	 => 271
 24 23 48 76 30 70	 => 271
 53 70 30 32 58 28	 => 271
 79 28 58 44 40 22	 => 271
 72 54 7 61 57 20	 => 271
 67 20 57 29 60 39	 => 272
 48 39 60 12 36 76	 => 271
 30 76 36 45 51 32	 => 270
 58 32 51 31 55 44	 => 271
 57 61 4 47 73 29	 => 271
 60 29 73 71 26 12	 => 271
 36 12 26 75 77 45	 => 271
 51 45 77 64 3 31	 => 271
 73 47 10 14 56 71	 => 271
 26 71 56 6 37 75	 => 271
 77 75 37 13 5 64	 => 271


===================[TEST 4]===================

##### START ##### Tue May 20 13:42:32 2003



##### CONVERGE ##### Tue May 20 13:43:39 2003

Elapsed time: 67 seconds
Total loop: 295 generations

Result : 269.942

8 26 78 52 71 39 2 27 61 74 33 57 45 4 23 1 72 48 41 35 25 69 68 18 17 10 70 76 46 3 64 75 34 54 24 80 55 29 11 14 30 73 40 37 63 32 65 15 43 59 56 5 19 6 58 67 16 51 42 21 79 50 36 31 9 47 77 66 22 62 49 53 7 28 13 44 20 60 38 12 

 8 26 78 52 71 39	 => 274
 2 39 71 27 61 74	 => 274
 33 74 61 57 45 4	 => 274
 78 23 1 72 48 52	 => 274
 71 52 48 41 35 27	 => 274
 61 27 35 25 69 57	 => 274
 45 57 69 68 18 17	 => 274
 1 10 70 76 46 72	 => 275
 48 72 46 3 64 41	 => 274
 35 41 64 75 34 25	 => 274
 69 25 34 54 24 68	 => 274
 18 68 24 80 55 29	 => 274
 70 11 14 30 73 76	 => 274
 46 76 73 40 37 3	 => 275
 64 3 37 63 32 75	 => 274
 34 75 32 65 15 54	 => 275
 24 54 15 43 59 80	 => 275
 55 80 59 56 5 19	 => 274
 73 30 6 58 67 40	 => 274
 37 40 67 16 51 63	 => 274
 32 63 51 42 21 65	 => 274
 15 65 21 79 50 43	 => 273
 59 43 50 36 31 56	 => 275
 67 58 9 47 77 16	 => 274
 51 16 77 66 22 42	 => 274
 21 42 22 62 49 79	 => 275
 50 79 49 53 7 36	 => 274
 77 47 28 13 44 66	 => 275
 22 66 44 20 60 62	 => 274
 49 62 60 38 12 53	 => 274


===================[TEST 5]===================

##### START ##### Tue May 20 13:43:39 2003



##### CONVERGE ##### Tue May 20 13:44:17 2003

Elapsed time: 38 seconds
Total loop: 165 generations

Result : 269.56

10 3 48 77 62 73 21 24 67 27 59 43 68 9 12 14 80 42 36 33 30 76 44 35 7 17 46 78 38 6 71 69 34 29 60 37 79 18 23 32 28 66 45 40 61 26 63 52 31 65 54 22 16 11 49 74 2 51 19 53 25 50 58 15 1 72 75 70 55 57 64 56 20 13 4 39 5 47 41 8 

 10 3 48 77 62 73	 => 273
 21 73 62 24 67 27	 => 274
 59 27 67 43 68 9	 => 273
 48 12 14 80 42 77	 => 273
 62 77 42 36 33 24	 => 274
 67 24 33 30 76 43	 => 273
 68 43 76 44 35 7	 => 273
 14 17 46 78 38 80	 => 273
 42 80 38 6 71 36	 => 273
 33 36 71 69 34 30	 => 273
 76 30 34 29 60 44	 => 273
 35 44 60 37 79 18	 => 273
 46 23 32 28 66 78	 => 273
 38 78 66 45 40 6	 => 273
 71 6 40 61 26 69	 => 273
 34 69 26 63 52 29	 => 273
 60 29 52 31 65 37	 => 274
 79 37 65 54 22 16	 => 273
 66 28 11 49 74 45	 => 273
 40 45 74 2 51 61	 => 273
 26 61 51 19 53 63	 => 273
 52 63 53 25 50 31	 => 274
 65 31 50 58 15 54	 => 273
 74 49 1 72 75 2	 => 273
 51 2 75 70 55 19	 => 272
 53 19 55 57 64 25	 => 273
 50 25 64 56 20 58	 => 273
 75 72 13 4 39 70	 => 273
 55 70 39 5 47 57	 => 273
 64 57 47 41 8 56	 => 273



test#	fitness		sum		time
---------------------------------------------------
1	264.622				53
2	270.315				60
3	268.691				52
4	269.942				67
5	269.56				38


---------------------------------------------------
Best fitness      : 270.315 ( test# 2)
Shortest time     : 38 ( test# 5)

Average fitness   : 268.626
Average time      : 54
