****************** GA TEST *******************

total test#:			 5
hexa min width:			 3
hexa max width:			 6
hexa count:			 30
number count:			 80
population size:		 80
generation size:		 10

tournament winner p:		 0.98
do xover p:			 1
xover:				 2points
do mutation1 p:			 0.1
mutation1 p:			 0.05
do optimize p:			 0.98
local optimize count:		 8000
do deep better optimize p:	 1
do deep worse optimize p:	 0
do spin p:			 0
spin count:			 900
do spin apply p:		 1
do mutation2 p:			 0.1
mutation2 p:			 0.07
force mutation2:		 0
replace bad p:			 0.195

converge rate p:		 0.99
converge count:			 1

**********************************************


===================[TEST 1]===================

##### START ##### Tue May 20 13:44:17 2003



##### CONVERGE ##### Tue May 20 13:45:27 2003

Elapsed time: 70 seconds
Total loop: 306 generations

Result : 266.873

45 16 34 80 35 61 6 26 68 75 13 49 57 9 3 53 77 24 67 39 51 38 73 31 22 4 66 47 25 59 20 36 58 28 23 76 65 2 11 14 71 62 32 46 42 69 63 17 55 72 52 1 5 7 56 43 60 48 29 21 41 74 8 10 15 70 27 44 64 37 79 50 19 40 12 78 30 18 54 33 

 45 16 34 80 35 61	 => 271
 6 61 35 26 68 75	 => 271
 13 75 68 49 57 9	 => 271
 34 3 53 77 24 80	 => 271
 35 80 24 67 39 26	 => 271
 68 26 39 51 38 49	 => 271
 57 49 38 73 31 22	 => 270
 53 4 66 47 25 77	 => 272
 24 77 25 59 20 67	 => 272
 39 67 20 36 58 51	 => 271
 38 51 58 28 23 73	 => 271
 31 73 23 76 65 2	 => 270
 66 11 14 71 62 47	 => 271
 25 47 62 32 46 59	 => 271
 20 59 46 42 69 36	 => 272
 58 36 69 63 17 28	 => 271
 23 28 17 55 72 76	 => 271
 65 76 72 52 1 5	 => 271
 62 71 7 56 43 32	 => 271
 46 32 43 60 48 42	 => 271
 69 42 48 29 21 63	 => 272
 17 63 21 41 74 55	 => 271
 72 55 74 8 10 52	 => 271
 43 56 15 70 27 60	 => 271
 48 60 27 44 64 29	 => 272
 21 29 64 37 79 41	 => 271
 74 41 79 50 19 8	 => 271
 27 70 40 12 78 44	 => 271
 64 44 78 30 18 37	 => 271
 79 37 18 54 33 50	 => 271


===================[TEST 2]===================

##### START ##### Tue May 20 13:45:27 2003



##### CONVERGE ##### Tue May 20 13:46:28 2003

Elapsed time: 61 seconds
Total loop: 266 generations

Result : 268.45

12 15 50 79 61 55 8 27 78 43 3 65 74 9 2 23 77 41 26 39 52 11 75 47 1 25 22 54 72 16 40 71 44 24 66 53 21 10 59 29 63 45 69 17 70 58 68 7 49 73 64 57 4 14 34 48 32 36 6 35 62 51 30 5 46 33 80 76 42 67 60 56 13 28 18 37 19 31 38 20 

 12 15 50 79 61 55	 => 272
 8 55 61 27 78 43	 => 272
 3 43 78 65 74 9	 => 272
 50 2 23 77 41 79	 => 272
 61 79 41 26 39 27	 => 273
 78 27 39 52 11 65	 => 272
 74 65 11 75 47 1	 => 273
 23 25 22 54 72 77	 => 273
 41 77 72 16 40 26	 => 272
 39 26 40 71 44 52	 => 272
 11 52 44 24 66 75	 => 272
 47 75 66 53 21 10	 => 272
 22 59 29 63 45 54	 => 272
 72 54 45 69 17 16	 => 273
 40 16 17 70 58 71	 => 272
 44 71 58 68 7 24	 => 272
 66 24 7 49 73 53	 => 272
 21 53 73 64 57 4	 => 272
 45 63 14 34 48 69	 => 273
 17 69 48 32 36 70	 => 272
 58 70 36 6 35 68	 => 273
 7 68 35 62 51 49	 => 272
 73 49 51 30 5 64	 => 272
 48 34 46 33 80 32	 => 273
 36 32 80 76 42 6	 => 272
 35 6 42 67 60 62	 => 272
 51 62 60 56 13 30	 => 272
 80 33 28 18 37 76	 => 272
 42 76 37 19 31 67	 => 272
 60 67 31 38 20 56	 => 272


===================[TEST 3]===================

##### START ##### Tue May 20 13:46:28 2003



##### CONVERGE ##### Tue May 20 13:47:36 2003

Elapsed time: 68 seconds
Total loop: 297 generations

Result : 267.134

36 5 74 39 73 45 9 31 63 51 46 57 30 24 4 34 67 53 59 16 33 72 78 14 21 22 61 75 12 1 80 43 41 40 7 76 68 29 6 10 54 65 62 56 44 47 49 52 27 70 38 17 3 8 18 64 26 20 77 35 42 66 58 13 37 48 79 50 19 71 28 55 23 15 11 69 2 60 32 25 

 36 5 74 39 73 45	 => 272
 9 45 73 31 63 51	 => 272
 46 51 63 57 30 24	 => 271
 74 4 34 67 53 39	 => 271
 73 39 53 59 16 31	 => 271
 63 31 16 33 72 57	 => 272
 30 57 72 78 14 21	 => 272
 34 22 61 75 12 67	 => 271
 53 67 12 1 80 59	 => 272
 16 59 80 43 41 33	 => 272
 72 33 41 40 7 78	 => 271
 14 78 7 76 68 29	 => 272
 61 6 10 54 65 75	 => 271
 12 75 65 62 56 1	 => 271
 80 1 56 44 47 43	 => 271
 41 43 47 49 52 40	 => 272
 7 40 52 27 70 76	 => 272
 68 76 70 38 17 3	 => 272
 65 54 8 18 64 62	 => 271
 56 62 64 26 20 44	 => 272
 47 44 20 77 35 49	 => 272
 52 49 35 42 66 27	 => 271
 70 27 66 58 13 38	 => 272
 64 18 37 48 79 26	 => 272
 20 26 79 50 19 77	 => 271
 35 77 19 71 28 42	 => 272
 66 42 28 55 23 58	 => 272
 79 48 15 11 69 50	 => 272
 19 50 69 2 60 71	 => 271
 28 71 60 32 25 55	 => 271


===================[TEST 4]===================

##### START ##### Tue May 20 13:47:36 2003



##### CONVERGE ##### Tue May 20 13:49:01 2003

Elapsed time: 85 seconds
Total loop: 371 generations

Result : 267.778

24 11 77 49 72 39 1 42 66 52 37 38 71 7 3 60 56 27 54 28 30 68 14 67 13 2 73 58 23 33 79 15 65 40 55 35 76 25 18 29 34 59 46 53 31 61 75 16 62 63 44 41 12 21 64 48 50 43 45 17 22 80 19 4 6 57 47 51 36 78 74 69 8 26 20 70 5 32 10 9 

 24 11 77 49 72 39	 => 272
 1 39 72 42 66 52	 => 272
 37 52 66 38 71 7	 => 271
 77 3 60 56 27 49	 => 272
 72 49 27 54 28 42	 => 272
 66 42 28 30 68 38	 => 272
 71 38 68 14 67 13	 => 271
 60 2 73 58 23 56	 => 272
 27 56 23 33 79 54	 => 272
 28 54 79 15 65 30	 => 271
 68 30 65 40 55 14	 => 272
 67 14 55 35 76 25	 => 272
 73 18 29 34 59 58	 => 271
 23 58 59 46 53 33	 => 272
 79 33 53 31 61 15	 => 272
 65 15 61 75 16 40	 => 272
 55 40 16 62 63 35	 => 271
 76 35 63 44 41 12	 => 271
 59 34 21 64 48 46	 => 272
 53 46 48 50 43 31	 => 271
 61 31 43 45 17 75	 => 272
 16 75 17 22 80 62	 => 272
 63 62 80 19 4 44	 => 272
 48 64 6 57 47 50	 => 272
 43 50 47 51 36 45	 => 272
 17 45 36 78 74 22	 => 272
 80 22 74 69 8 19	 => 272
 47 57 26 20 70 51	 => 271
 36 51 70 5 32 78	 => 272
 74 78 32 10 9 69	 => 272


===================[TEST 5]===================

##### START ##### Tue May 20 13:49:01 2003



##### CONVERGE ##### Tue May 20 13:50:13 2003

Elapsed time: 72 seconds
Total loop: 315 generations

Result : 271.167

35 7 77 28 78 51 20 6 58 63 25 55 60 14 10 27 67 66 34 64 24 70 50 38 3 4 68 74 36 30 44 76 33 45 54 71 62 1 8 11 56 59 47 29 65 32 73 17 49 40 69 15 19 9 57 48 41 46 23 37 39 61 31 26 12 42 75 72 18 79 80 43 21 13 22 52 2 53 5 16 

 35 7 77 28 78 51	 => 276
 20 51 78 6 58 63	 => 276
 25 63 58 55 60 14	 => 275
 77 10 27 67 66 28	 => 275
 78 28 66 34 64 6	 => 276
 58 6 64 24 70 55	 => 277
 60 55 70 50 38 3	 => 276
 27 4 68 74 36 67	 => 276
 66 67 36 30 44 34	 => 277
 64 34 44 76 33 24	 => 275
 70 24 33 45 54 50	 => 276
 38 50 54 71 62 1	 => 276
 68 8 11 56 59 74	 => 276
 36 74 59 47 29 30	 => 275
 44 30 29 65 32 76	 => 276
 33 76 32 73 17 45	 => 276
 54 45 17 49 40 71	 => 276
 62 71 40 69 15 19	 => 276
 59 56 9 57 48 47	 => 276
 29 47 48 41 46 65	 => 276
 32 65 46 23 37 73	 => 276
 17 73 37 39 61 49	 => 276
 40 49 61 31 26 69	 => 276
 48 57 12 42 75 41	 => 275
 46 41 75 72 18 23	 => 275
 37 23 18 79 80 39	 => 276
 61 39 80 43 21 31	 => 275
 75 42 13 22 52 72	 => 276
 18 72 52 2 53 79	 => 276
 80 79 53 5 16 43	 => 276



test#	fitness		sum		time
---------------------------------------------------
1	266.873				70
2	268.45				61
3	267.134				68
4	267.778				85
5	271.167				72


---------------------------------------------------
Best fitness      : 271.167 ( test# 5)
Shortest time     : 61 ( test# 2)

Average fitness   : 268.281
Average time      : 71.2
