****************** GA TEST *******************

total test#:			 5
hexa min width:			 3
hexa max width:			 6
hexa count:			 30
number count:			 80
population size:		 90
generation size:		 10

tournament winner p:		 0.98
do xover p:			 1
xover:				 2points
do mutation1 p:			 0.1
mutation1 p:			 0.05
do optimize p:			 1
local optimize count:		 8000
do deep better optimize p:	 1
do deep worse optimize p:	 0
do spin p:			 0
spin count:			 900
do spin apply p:		 1
do mutation2 p:			 0.1
mutation2 p:			 0.07
force mutation2:		 0
replace bad p:			 0.195

converge rate p:		 0.99
converge count:			 1

**********************************************


===================[TEST 1]===================

##### START ##### Tue May 20 10:15:57 2003



##### CONVERGE ##### Tue May 20 10:17:28 2003

Elapsed time: 91 seconds
Total loop: 392 generations

Result : 267.093

25 10 34 58 66 77 11 27 40 49 7 47 68 59 22 64 76 16 33 70 24 62 53 35 5 4 52 9 65 39 41 31 71 6 54 80 46 2 36 37 73 63 38 57 23 79 69 14 42 74 30 28 13 18 3 75 51 26 45 29 44 72 20 32 19 67 55 50 43 61 48 78 8 21 17 60 1 56 12 15 

 25 10 34 58 66 77	 => 270
 11 77 66 27 40 49	 => 270
 7 49 40 47 68 59	 => 270
 34 22 64 76 16 58	 => 270
 66 58 16 33 70 27	 => 270
 40 27 70 24 62 47	 => 270
 68 47 62 53 35 5	 => 270
 64 4 52 9 65 76	 => 270
 16 76 65 39 41 33	 => 270
 70 33 41 31 71 24	 => 270
 62 24 71 6 54 53	 => 270
 35 53 54 80 46 2	 => 270
 52 36 37 73 63 9	 => 270
 65 9 63 38 57 39	 => 271
 41 39 57 23 79 31	 => 270
 71 31 79 69 14 6	 => 270
 54 6 14 42 74 80	 => 270
 46 80 74 30 28 13	 => 271
 63 73 18 3 75 38	 => 270
 57 38 75 51 26 23	 => 270
 79 23 26 45 29 69	 => 271
 14 69 29 44 72 42	 => 270
 74 42 72 20 32 30	 => 270
 75 3 19 67 55 51	 => 270
 26 51 55 50 43 45	 => 270
 29 45 43 61 48 44	 => 270
 72 44 48 78 8 20	 => 270
 55 67 21 17 60 50	 => 270
 43 50 60 1 56 61	 => 271
 48 61 56 12 15 78	 => 270


===================[TEST 2]===================

##### START ##### Tue May 20 10:17:28 2003



##### CONVERGE ##### Tue May 20 10:18:40 2003

Elapsed time: 72 seconds
Total loop: 311 generations

Result : 271.778

8 30 41 68 51 77 1 9 62 76 14 71 38 15 17 29 64 57 55 35 53 46 74 26 20 16 78 45 43 32 25 75 33 28 42 72 50 11 24 21 47 60 69 27 54 63 59 18 36 80 48 19 7 3 66 31 37 58 2 40 44 79 23 10 5 67 70 52 56 73 61 65 4 13 39 34 12 49 6 22 

 8 30 41 68 51 77	 => 275
 1 77 51 9 62 76	 => 276
 14 76 62 71 38 15	 => 276
 41 17 29 64 57 68	 => 276
 51 68 57 55 35 9	 => 275
 62 9 35 53 46 71	 => 276
 38 71 46 74 26 20	 => 275
 29 16 78 45 43 64	 => 275
 57 64 43 32 25 55	 => 276
 35 55 25 75 33 53	 => 276
 46 53 33 28 42 74	 => 276
 26 74 42 72 50 11	 => 275
 78 24 21 47 60 45	 => 275
 43 45 60 69 27 32	 => 276
 25 32 27 54 63 75	 => 276
 33 75 63 59 18 28	 => 276
 42 28 18 36 80 72	 => 276
 50 72 80 48 19 7	 => 276
 60 47 3 66 31 69	 => 276
 27 69 31 37 58 54	 => 276
 63 54 58 2 40 59	 => 276
 18 59 40 44 79 36	 => 276
 80 36 79 23 10 48	 => 276
 31 66 5 67 70 37	 => 276
 58 37 70 52 56 2	 => 275
 40 2 56 73 61 44	 => 276
 79 44 61 65 4 23	 => 276
 70 67 13 39 34 52	 => 275
 56 52 34 12 49 73	 => 276
 61 73 49 6 22 65	 => 276


===================[TEST 3]===================

##### START ##### Tue May 20 10:18:40 2003



##### CONVERGE ##### Tue May 20 10:20:12 2003

Elapsed time: 92 seconds
Total loop: 396 generations

Result : 270.323

22 31 80 28 70 44 11 30 65 55 48 72 29 5 7 66 19 74 51 21 45 42 78 38 16 15 47 69 59 14 58 64 35 26 49 56 50 4 13 1 68 76 23 33 63 43 75 32 39 73 62 25 9 18 10 79 41 36 40 17 60 52 46 3 24 54 67 71 20 61 77 34 6 27 2 53 12 57 8 37 

 22 31 80 28 70 44	 => 275
 11 44 70 30 65 55	 => 275
 48 55 65 72 29 5	 => 274
 80 7 66 19 74 28	 => 274
 70 28 74 51 21 30	 => 274
 65 30 21 45 42 72	 => 275
 29 72 42 78 38 16	 => 275
 66 15 47 69 59 19	 => 275
 74 19 59 14 58 51	 => 275
 21 51 58 64 35 45	 => 274
 42 45 35 26 49 78	 => 275
 38 78 49 56 50 4	 => 275
 47 13 1 68 76 69	 => 274
 59 69 76 23 33 14	 => 274
 58 14 33 63 43 64	 => 275
 35 64 43 75 32 26	 => 275
 49 26 32 39 73 56	 => 275
 50 56 73 62 25 9	 => 275
 76 68 18 10 79 23	 => 274
 33 23 79 41 36 63	 => 275
 43 63 36 40 17 75	 => 274
 32 75 17 60 52 39	 => 275
 73 39 52 46 3 62	 => 275
 79 10 24 54 67 41	 => 275
 36 41 67 71 20 40	 => 275
 17 40 20 61 77 60	 => 275
 52 60 77 34 6 46	 => 275
 67 54 27 2 53 71	 => 274
 20 71 53 12 57 61	 => 274
 77 61 57 8 37 34	 => 274


===================[TEST 4]===================

##### START ##### Tue May 20 10:20:12 2003



##### CONVERGE ##### Tue May 20 10:21:14 2003

Elapsed time: 62 seconds
Total loop: 263 generations

Result : 267.45

8 18 75 37 66 67 1 29 45 63 10 54 74 25 19 11 69 60 35 44 41 59 39 40 5 36 79 62 14 17 76 15 61 16 55 58 46 33 7 24 27 72 57 49 47 68 70 42 28 73 38 26 30 12 71 32 65 21 34 31 22 78 53 2 3 48 52 56 43 77 64 50 4 23 13 80 6 9 20 51 

 8 18 75 37 66 67	 => 271
 1 67 66 29 45 63	 => 271
 10 63 45 54 74 25	 => 271
 75 19 11 69 60 37	 => 271
 66 37 60 35 44 29	 => 271
 45 29 44 41 59 54	 => 272
 74 54 59 39 40 5	 => 271
 11 36 79 62 14 69	 => 271
 60 69 14 17 76 35	 => 271
 44 35 76 15 61 41	 => 272
 59 41 61 16 55 39	 => 271
 40 39 55 58 46 33	 => 271
 79 7 24 27 72 62	 => 271
 14 62 72 57 49 17	 => 271
 76 17 49 47 68 15	 => 272
 61 15 68 70 42 16	 => 272
 55 16 42 28 73 58	 => 272
 46 58 73 38 26 30	 => 271
 72 27 12 71 32 57	 => 271
 49 57 32 65 21 47	 => 271
 68 47 21 34 31 70	 => 271
 42 70 31 22 78 28	 => 271
 73 28 78 53 2 38	 => 272
 32 71 3 48 52 65	 => 271
 21 65 52 56 43 34	 => 271
 31 34 43 77 64 22	 => 271
 78 22 64 50 4 53	 => 271
 52 48 23 13 80 56	 => 272
 43 56 80 6 9 77	 => 271
 64 77 9 20 51 50	 => 271


===================[TEST 5]===================

##### START ##### Tue May 20 10:21:14 2003



##### CONVERGE ##### Tue May 20 10:22:25 2003

Elapsed time: 71 seconds
Total loop: 307 generations

Result : 270.222

9 15 48 62 64 76 3 2 63 66 32 49 47 17 14 22 74 54 35 57 36 67 56 42 13 1 59 75 43 40 27 65 53 24 38 72 55 11 7 26 70 37 44 34 69 39 73 19 71 50 79 12 6 5 60 58 28 41 23 29 51 31 33 10 4 46 77 80 25 68 78 61 20 45 8 18 52 30 21 16 

 9 15 48 62 64 76	 => 274
 3 76 64 2 63 66	 => 274
 32 66 63 49 47 17	 => 274
 48 14 22 74 54 62	 => 274
 64 62 54 35 57 2	 => 274
 63 2 57 36 67 49	 => 274
 47 49 67 56 42 13	 => 274
 22 1 59 75 43 74	 => 274
 54 74 43 40 27 35	 => 273
 57 35 27 65 53 36	 => 273
 67 36 53 24 38 56	 => 274
 42 56 38 72 55 11	 => 274
 59 7 26 70 37 75	 => 274
 43 75 37 44 34 40	 => 273
 27 40 34 69 39 65	 => 274
 53 65 39 73 19 24	 => 273
 38 24 19 71 50 72	 => 274
 55 72 50 79 12 6	 => 274
 37 70 5 60 58 44	 => 274
 34 44 58 28 41 69	 => 274
 39 69 41 23 29 73	 => 274
 19 73 29 51 31 71	 => 274
 50 71 31 33 10 79	 => 274
 58 60 4 46 77 28	 => 273
 41 28 77 80 25 23	 => 274
 29 23 25 68 78 51	 => 274
 31 51 78 61 20 33	 => 274
 77 46 45 8 18 80	 => 274
 25 80 18 52 30 68	 => 273
 78 68 30 21 16 61	 => 274



test#	fitness		sum		time
---------------------------------------------------
1	267.093				91
2	271.778				72
3	270.323				92
4	267.45				62
5	270.222				71


---------------------------------------------------
Best fitness      : 271.778 ( test# 2)
Shortest time     : 62 ( test# 4)

Average fitness   : 269.373
Average time      : 77.6
