****************** GA TEST *******************

total test#:			 5
hexa min width:			 3
hexa max width:			 6
hexa count:			 30
number count:			 80
population size:		 80
generation size:		 10

tournament winner p:		 0.98
do xover p:			 0.98
xover:				 2points
do mutation1 p:			 0.1
mutation1 p:			 0.05
do optimize p:			 0.98
local optimize count:		 8000
do deep better optimize p:	 1
do deep worse optimize p:	 0
do spin p:			 0
spin count:			 900
do spin apply p:		 1
do mutation2 p:			 0.1
mutation2 p:			 0.07
force mutation2:		 0
replace bad p:			 0.195

converge rate p:		 0.99
converge count:			 1

**********************************************


===================[TEST 1]===================

##### START ##### Tue May 20 13:50:17 2003



##### CONVERGE ##### Tue May 20 13:51:36 2003

Elapsed time: 79 seconds
Total loop: 344 generations

Result : 267.622

23 46 14 69 39 80 16 6 77 53 4 74 60 3 1 50 79 59 31 67 15 32 76 24 5 18 44 55 25 34 43 62 54 56 38 64 41 28 22 2 75 73 13 71 49 12 61 27 29 57 78 10 21 11 48 51 40 47 37 65 19 70 20 17 36 52 45 72 30 58 63 66 33 9 26 68 8 35 7 42 

 23 46 14 69 39 80	 => 271
 16 80 39 6 77 53	 => 271
 4 53 77 74 60 3	 => 271
 14 1 50 79 59 69	 => 272
 39 69 59 31 67 6	 => 271
 77 6 67 15 32 74	 => 271
 60 74 32 76 24 5	 => 271
 50 18 44 55 25 79	 => 271
 59 79 25 34 43 31	 => 271
 67 31 43 62 54 15	 => 272
 32 15 54 56 38 76	 => 271
 24 76 38 64 41 28	 => 271
 44 22 2 75 73 55	 => 271
 25 55 73 13 71 34	 => 271
 43 34 71 49 12 62	 => 271
 54 62 12 61 27 56	 => 272
 38 56 27 29 57 64	 => 271
 41 64 57 78 10 21	 => 271
 73 75 11 48 51 13	 => 271
 71 13 51 40 47 49	 => 271
 12 49 47 37 65 61	 => 271
 27 61 65 19 70 29	 => 271
 57 29 70 20 17 78	 => 271
 51 48 36 52 45 40	 => 272
 47 40 45 72 30 37	 => 271
 65 37 30 58 63 19	 => 272
 70 19 63 66 33 20	 => 271
 45 52 9 26 68 72	 => 272
 30 72 68 8 35 58	 => 271
 63 58 35 7 42 66	 => 271


===================[TEST 2]===================

##### START ##### Tue May 20 13:51:36 2003



##### CONVERGE ##### Tue May 20 13:52:44 2003

Elapsed time: 68 seconds
Total loop: 298 generations

Result : 269.833

3 16 70 37 80 67 11 8 71 36 19 45 56 46 13 40 72 41 29 78 10 61 68 21 22 5 39 74 44 33 54 47 55 30 49 76 52 7 4 2 75 79 26 17 64 58 48 35 27 57 51 23 14 9 42 43 73 50 15 38 65 60 66 12 6 32 77 34 24 69 62 20 1 18 53 59 25 63 28 31 

 3 16 70 37 80 67	 => 273
 11 67 80 8 71 36	 => 273
 19 36 71 45 56 46	 => 273
 70 13 40 72 41 37	 => 273
 80 37 41 29 78 8	 => 273
 71 8 78 10 61 45	 => 273
 56 45 61 68 21 22	 => 273
 40 5 39 74 44 72	 => 274
 41 72 44 33 54 29	 => 273
 78 29 54 47 55 10	 => 273
 61 10 55 30 49 68	 => 273
 21 68 49 76 52 7	 => 273
 39 4 2 75 79 74	 => 273
 44 74 79 26 17 33	 => 273
 54 33 17 64 58 47	 => 273
 55 47 58 48 35 30	 => 273
 49 30 35 27 57 76	 => 274
 52 76 57 51 23 14	 => 273
 79 75 9 42 43 26	 => 274
 17 26 43 73 50 64	 => 273
 58 64 50 15 38 48	 => 273
 35 48 38 65 60 27	 => 273
 57 27 60 66 12 51	 => 273
 43 42 6 32 77 73	 => 273
 50 73 77 34 24 15	 => 273
 38 15 24 69 62 65	 => 273
 60 65 62 20 1 66	 => 274
 77 32 18 53 59 34	 => 273
 24 34 59 25 63 69	 => 274
 62 69 63 28 31 20	 => 273


===================[TEST 3]===================

##### START ##### Tue May 20 13:52:44 2003



##### CONVERGE ##### Tue May 20 13:54:13 2003

Elapsed time: 89 seconds
Total loop: 392 generations

Result : 269.315

39 23 52 59 62 38 2 48 47 76 6 67 73 4 22 5 80 55 16 33 50 27 70 19 17 7 74 65 42 44 36 75 64 11 51 63 69 1 21 12 58 43 72 8 57 53 29 41 28 79 31 13 18 15 24 61 40 35 34 66 32 77 49 9 54 26 68 71 25 60 56 45 14 10 20 78 3 37 30 46 

 39 23 52 59 62 38	 => 273
 2 38 62 48 47 76	 => 273
 6 76 47 67 73 4	 => 273
 52 22 5 80 55 59	 => 273
 62 59 55 16 33 48	 => 273
 47 48 33 50 27 67	 => 272
 73 67 27 70 19 17	 => 273
 5 7 74 65 42 80	 => 273
 55 80 42 44 36 16	 => 273
 33 16 36 75 64 50	 => 274
 27 50 64 11 51 70	 => 273
 19 70 51 63 69 1	 => 273
 74 21 12 58 43 65	 => 273
 42 65 43 72 8 44	 => 274
 36 44 8 57 53 75	 => 273
 64 75 53 29 41 11	 => 273
 51 11 41 28 79 63	 => 273
 69 63 79 31 13 18	 => 273
 43 58 15 24 61 72	 => 273
 8 72 61 40 35 57	 => 273
 53 57 35 34 66 29	 => 274
 41 29 66 32 77 28	 => 273
 79 28 77 49 9 31	 => 273
 61 24 54 26 68 40	 => 273
 35 40 68 71 25 34	 => 273
 66 34 25 60 56 32	 => 273
 77 32 56 45 14 49	 => 273
 68 26 10 20 78 71	 => 273
 25 71 78 3 37 60	 => 274
 56 60 37 30 46 45	 => 274


===================[TEST 4]===================

##### START ##### Tue May 20 13:54:13 2003



##### CONVERGE ##### Tue May 20 13:55:29 2003

Elapsed time: 76 seconds
Total loop: 331 generations

Result : 269.117

12 22 74 57 67 41 8 31 77 50 11 45 62 28 1 43 64 34 76 9 68 44 69 38 15 30 46 78 13 20 66 48 6 70 16 72 23 55 14 10 52 73 63 26 61 53 71 25 32 58 79 39 2 3 35 47 37 40 21 27 54 65 33 7 18 56 80 59 36 75 60 42 19 24 5 49 4 51 17 29 

 12 22 74 57 67 41	 => 273
 8 41 67 31 77 50	 => 274
 11 50 77 45 62 28	 => 273
 74 1 43 64 34 57	 => 273
 67 57 34 76 9 31	 => 274
 77 31 9 68 44 45	 => 274
 62 45 44 69 38 15	 => 273
 43 30 46 78 13 64	 => 274
 34 64 13 20 66 76	 => 273
 9 76 66 48 6 68	 => 273
 44 68 6 70 16 69	 => 273
 38 69 16 72 23 55	 => 273
 46 14 10 52 73 78	 => 273
 13 78 73 63 26 20	 => 273
 66 20 26 61 53 48	 => 274
 6 48 53 71 25 70	 => 273
 16 70 25 32 58 72	 => 273
 23 72 58 79 39 2	 => 273
 73 52 3 35 47 63	 => 273
 26 63 47 37 40 61	 => 274
 53 61 40 21 27 71	 => 273
 25 71 27 54 65 32	 => 274
 58 32 65 33 7 79	 => 274
 47 35 18 56 80 37	 => 273
 40 37 80 59 36 21	 => 273
 27 21 36 75 60 54	 => 273
 65 54 60 42 19 33	 => 273
 80 56 24 5 49 59	 => 273
 36 59 49 4 51 75	 => 274
 60 75 51 17 29 42	 => 274


===================[TEST 5]===================

##### START ##### Tue May 20 13:55:29 2003



##### CONVERGE ##### Tue May 20 13:56:22 2003

Elapsed time: 53 seconds
Total loop: 234 generations

Result : 265.734

53 2 75 78 17 44 4 71 77 56 7 30 76 23 28 22 46 20 65 18 33 39 57 58 9 10 66 61 64 24 50 49 55 15 70 43 29 12 8 13 73 48 41 31 79 36 74 40 32 69 80 37 11 14 72 21 59 38 25 16 62 45 42 1 3 54 60 35 52 47 67 34 19 6 51 63 5 68 26 27 

 53 2 75 78 17 44	 => 269
 4 44 17 71 77 56	 => 269
 7 56 77 30 76 23	 => 269
 75 28 22 46 20 78	 => 269
 17 78 20 65 18 71	 => 269
 77 71 18 33 39 30	 => 268
 76 30 39 57 58 9	 => 269
 22 10 66 61 64 46	 => 269
 20 46 64 24 50 65	 => 269
 18 65 50 49 55 33	 => 270
 39 33 55 15 70 57	 => 269
 58 57 70 43 29 12	 => 269
 66 8 13 73 48 61	 => 269
 64 61 48 41 31 24	 => 269
 50 24 31 79 36 49	 => 269
 55 49 36 74 40 15	 => 269
 70 15 40 32 69 43	 => 269
 29 43 69 80 37 11	 => 269
 48 73 14 72 21 41	 => 269
 31 41 21 59 38 79	 => 269
 36 79 38 25 16 74	 => 268
 40 74 16 62 45 32	 => 269
 69 32 45 42 1 80	 => 269
 21 72 3 54 60 59	 => 269
 38 59 60 35 52 25	 => 269
 16 25 52 47 67 62	 => 269
 45 62 67 34 19 42	 => 269
 60 54 6 51 63 35	 => 269
 52 35 63 5 68 47	 => 270
 67 47 68 26 27 34	 => 269



test#	fitness		sum		time
---------------------------------------------------
1	267.622				79
2	269.833				68
3	269.315				89
4	269.117				76
5	265.734				53


---------------------------------------------------
Best fitness      : 269.833 ( test# 2)
Shortest time     : 53 ( test# 5)

Average fitness   : 268.324
Average time      : 73
