****************** GA TEST *******************

total test#:			 5
hexa min width:			 3
hexa max width:			 6
hexa count:			 30
number count:			 80
population size:		 90
generation size:		 10

tournament winner p:		 0.98
do xover p:			 1
xover:				 2points
do mutation1 p:			 0.1
mutation1 p:			 0.05
do optimize p:			 0.98
local optimize count:		 8000
do deep better optimize p:	 1
do deep worse optimize p:	 0
do spin p:			 0
spin count:			 900
do spin apply p:		 1
do mutation2 p:			 0.1
mutation2 p:			 0.07
force mutation2:		 0
replace bad p:			 0.195

converge rate p:		 0.99
converge count:			 1

**********************************************


===================[TEST 1]===================

##### START ##### Tue May 20 13:56:23 2003



##### CONVERGE ##### Tue May 20 13:57:25 2003

Elapsed time: 62 seconds
Total loop: 272 generations

Result : 268.984

24 61 34 54 79 21 3 31 73 66 1 49 74 9 7 75 46 57 32 19 36 65 48 33 4 10 16 70 56 2 80 62 44 29 51 72 52 17 43 26 63 55 53 37 45 47 71 20 41 60 50 13 25 12 23 67 42 28 22 59 6 76 30 15 38 39 64 77 40 68 78 69 14 8 27 58 11 18 35 5 

 24 61 34 54 79 21	 => 273
 3 21 79 31 73 66	 => 273
 1 66 73 49 74 9	 => 272
 34 7 75 46 57 54	 => 273
 79 54 57 32 19 31	 => 272
 73 31 19 36 65 49	 => 273
 74 49 65 48 33 4	 => 273
 75 10 16 70 56 46	 => 273
 57 46 56 2 80 32	 => 273
 19 32 80 62 44 36	 => 273
 65 36 44 29 51 48	 => 273
 33 48 51 72 52 17	 => 273
 16 43 26 63 55 70	 => 273
 56 70 55 53 37 2	 => 273
 80 2 37 45 47 62	 => 273
 44 62 47 71 20 29	 => 273
 51 29 20 41 60 72	 => 273
 52 72 60 50 13 25	 => 272
 55 63 12 23 67 53	 => 273
 37 53 67 42 28 45	 => 272
 47 45 28 22 59 71	 => 272
 20 71 59 6 76 41	 => 273
 60 41 76 30 15 50	 => 272
 67 23 38 39 64 42	 => 273
 28 42 64 77 40 22	 => 273
 59 22 40 68 78 6	 => 273
 76 6 78 69 14 30	 => 273
 64 39 8 27 58 77	 => 273
 40 77 58 11 18 68	 => 272
 78 68 18 35 5 69	 => 273


===================[TEST 2]===================

##### START ##### Tue May 20 13:57:25 2003



##### CONVERGE ##### Tue May 20 13:58:26 2003

Elapsed time: 61 seconds
Total loop: 268 generations

Result : 268.856

58 5 34 64 73 39 12 33 79 36 30 38 48 41 22 57 67 28 60 14 68 40 66 65 15 1 56 72 19 46 52 43 35 53 10 77 26 29 8 7 59 70 23 42 71 18 80 44 13 75 69 9 16 2 55 63 24 49 17 37 47 50 62 3 11 45 74 76 32 78 61 27 25 6 20 51 4 31 54 21 

 58 5 34 64 73 39	 => 273
 12 39 73 33 79 36	 => 272
 30 36 79 38 48 41	 => 272
 34 22 57 67 28 64	 => 272
 73 64 28 60 14 33	 => 272
 79 33 14 68 40 38	 => 272
 48 38 40 66 65 15	 => 272
 57 1 56 72 19 67	 => 272
 28 67 19 46 52 60	 => 272
 14 60 52 43 35 68	 => 272
 40 68 35 53 10 66	 => 272
 65 66 10 77 26 29	 => 273
 56 8 7 59 70 72	 => 272
 19 72 70 23 42 46	 => 272
 52 46 42 71 18 43	 => 272
 35 43 18 80 44 53	 => 273
 10 53 44 13 75 77	 => 272
 26 77 75 69 9 16	 => 272
 70 59 2 55 63 23	 => 272
 42 23 63 24 49 71	 => 272
 18 71 49 17 37 80	 => 272
 44 80 37 47 50 13	 => 271
 75 13 50 62 3 69	 => 272
 63 55 11 45 74 24	 => 272
 49 24 74 76 32 17	 => 272
 37 17 32 78 61 47	 => 272
 50 47 61 27 25 62	 => 272
 74 45 6 20 51 76	 => 272
 32 76 51 4 31 78	 => 272
 61 78 31 54 21 27	 => 272


===================[TEST 3]===================

##### START ##### Tue May 20 13:58:26 2003



##### CONVERGE ##### Tue May 20 14:00:32 2003

Elapsed time: 126 seconds
Total loop: 558 generations

Result : 273.222

35 22 38 74 75 33 10 18 70 71 23 64 44 4 2 41 62 60 32 17 51 57 56 49 6 9 50 73 42 5 76 36 65 14 34 69 61 8 15 28 43 68 63 25 80 55 67 40 66 53 52 13 29 3 54 46 39 24 31 19 27 58 47 1 7 72 59 79 45 78 77 48 20 30 11 26 12 37 16 21 

 35 22 38 74 75 33	 => 277
 10 33 75 18 70 71	 => 277
 23 71 70 64 44 4	 => 276
 38 2 41 62 60 74	 => 277
 75 74 60 32 17 18	 => 276
 70 18 17 51 57 64	 => 277
 44 64 57 56 49 6	 => 276
 41 9 50 73 42 62	 => 277
 60 62 42 5 76 32	 => 277
 17 32 76 36 65 51	 => 277
 57 51 65 14 34 56	 => 277
 49 56 34 69 61 8	 => 277
 50 15 28 43 68 73	 => 277
 42 73 68 63 25 5	 => 276
 76 5 25 80 55 36	 => 277
 65 36 55 67 40 14	 => 277
 34 14 40 66 53 69	 => 276
 61 69 53 52 13 29	 => 277
 68 43 3 54 46 63	 => 277
 25 63 46 39 24 80	 => 277
 55 80 24 31 19 67	 => 276
 40 67 19 27 58 66	 => 277
 53 66 58 47 1 52	 => 277
 46 54 7 72 59 39	 => 277
 24 39 59 79 45 31	 => 277
 19 31 45 78 77 27	 => 277
 58 27 77 48 20 47	 => 277
 59 72 30 11 26 79	 => 277
 45 79 26 12 37 78	 => 277
 77 78 37 16 21 48	 => 277


===================[TEST 4]===================

##### START ##### Tue May 20 14:00:32 2003



##### CONVERGE ##### Tue May 20 14:01:37 2003

Elapsed time: 65 seconds
Total loop: 284 generations

Result : 267.394

24 38 71 58 20 60 6 68 56 61 31 78 35 10 13 63 25 41 75 9 33 28 79 12 39 3 47 80 53 34 44 57 52 36 43 65 50 22 17 4 69 54 29 21 45 70 14 42 18 67 62 19 8 5 37 77 40 59 32 51 72 73 49 2 16 27 74 55 11 76 30 46 1 26 23 66 15 48 7 64 

 24 38 71 58 20 60	 => 271
 6 60 20 68 56 61	 => 271
 31 61 56 78 35 10	 => 271
 71 13 63 25 41 58	 => 271
 20 58 41 75 9 68	 => 271
 56 68 9 33 28 78	 => 272
 35 78 28 79 12 39	 => 271
 63 3 47 80 53 25	 => 271
 41 25 53 34 44 75	 => 272
 9 75 44 57 52 33	 => 270
 28 33 52 36 43 79	 => 271
 12 79 43 65 50 22	 => 271
 47 17 4 69 54 80	 => 271
 53 80 54 29 21 34	 => 271
 44 34 21 45 70 57	 => 271
 52 57 70 14 42 36	 => 271
 43 36 42 18 67 65	 => 271
 50 65 67 62 19 8	 => 271
 54 69 5 37 77 29	 => 271
 21 29 77 40 59 45	 => 271
 70 45 59 32 51 14	 => 271
 42 14 51 72 73 18	 => 270
 67 18 73 49 2 62	 => 271
 77 37 16 27 74 40	 => 271
 59 40 74 55 11 32	 => 271
 51 32 11 76 30 72	 => 272
 73 72 30 46 1 49	 => 271
 74 27 26 23 66 55	 => 271
 11 55 66 15 48 76	 => 271
 30 76 48 7 64 46	 => 271


===================[TEST 5]===================

##### START ##### Tue May 20 14:01:37 2003



##### CONVERGE ##### Tue May 20 14:03:03 2003

Elapsed time: 86 seconds
Total loop: 378 generations

Result : 268.622

10 32 69 67 54 40 4 44 66 64 28 79 30 5 17 15 70 34 45 29 12 42 74 14 33 13 46 65 63 3 57 78 52 19 73 55 48 9 16 22 56 68 50 24 39 71 51 1 49 75 25 8 61 31 26 41 80 38 20 53 58 60 27 36 2 47 76 37 21 77 43 62 23 18 35 59 6 72 11 7 

 10 32 69 67 54 40	 => 272
 4 40 54 44 66 64	 => 272
 28 64 66 79 30 5	 => 272
 69 17 15 70 34 67	 => 272
 54 67 34 45 29 44	 => 273
 66 44 29 12 42 79	 => 272
 30 79 42 74 14 33	 => 272
 15 13 46 65 63 70	 => 272
 34 70 63 3 57 45	 => 272
 29 45 57 78 52 12	 => 273
 42 12 52 19 73 74	 => 272
 14 74 73 55 48 9	 => 273
 46 16 22 56 68 65	 => 273
 63 65 68 50 24 3	 => 273
 57 3 24 39 71 78	 => 272
 52 78 71 51 1 19	 => 272
 73 19 1 49 75 55	 => 272
 48 55 75 25 8 61	 => 272
 68 56 31 26 41 50	 => 272
 24 50 41 80 38 39	 => 272
 71 39 38 20 53 51	 => 272
 1 51 53 58 60 49	 => 272
 75 49 60 27 36 25	 => 272
 41 26 2 47 76 80	 => 272
 38 80 76 37 21 20	 => 272
 53 20 21 77 43 58	 => 272
 60 58 43 62 23 27	 => 273
 76 47 18 35 59 37	 => 272
 21 37 59 6 72 77	 => 272
 43 77 72 11 7 62	 => 272



test#	fitness		sum		time
---------------------------------------------------
1	268.984				62
2	268.856				61
3	273.222				126
4	267.394				65
5	268.622				86


---------------------------------------------------
Best fitness      : 273.222 ( test# 3)
Shortest time     : 61 ( test# 2)

Average fitness   : 269.416
Average time      : 80
