****************** GA TEST *******************

total test#:			 5
hexa min width:			 3
hexa max width:			 6
hexa count:			 30
number count:			 80
population size:		 70
generation size:		 10

tournament winner p:		 0.98
do xover p:			 1
xover:				 2points
do mutation1 p:			 0.1
mutation1 p:			 0.05
do optimize p:			 0.98
local optimize count:		 8000
do deep better optimize p:	 1
do deep worse optimize p:	 0
do spin p:			 0
spin count:			 900
do spin apply p:		 1
do mutation2 p:			 0.1
mutation2 p:			 0.07
force mutation2:		 0
replace bad p:			 0.195

converge rate p:		 0.99
converge count:			 1

**********************************************


===================[TEST 1]===================

##### START ##### Tue May 20 14:03:08 2003



##### CONVERGE ##### Tue May 20 14:04:09 2003

Elapsed time: 61 seconds
Total loop: 268 generations

Result : 267.937

2 19 66 74 78 34 8 25 79 49 1 67 73 4 5 13 80 35 31 30 58 15 60 6 53 27 44 71 38 48 40 52 62 20 57 59 77 14 16 9 69 64 24 29 28 76 45 18 63 56 47 11 23 10 32 75 55 61 12 51 54 42 43 22 7 68 36 72 37 50 70 26 39 33 17 46 3 65 21 41 

 2 19 66 74 78 34	 => 273
 8 34 78 25 79 49	 => 273
 1 49 79 67 73 4	 => 273
 66 5 13 80 35 74	 => 273
 78 74 35 31 30 25	 => 273
 79 25 30 58 15 67	 => 274
 73 67 15 60 6 53	 => 274
 13 27 44 71 38 80	 => 273
 35 80 38 48 40 31	 => 272
 30 31 40 52 62 58	 => 273
 15 58 62 20 57 60	 => 272
 6 60 57 59 77 14	 => 273
 44 16 9 69 64 71	 => 273
 38 71 64 24 29 48	 => 274
 40 48 29 28 76 52	 => 273
 62 52 76 45 18 20	 => 273
 57 20 18 63 56 59	 => 273
 77 59 56 47 11 23	 => 273
 64 69 10 32 75 24	 => 274
 29 24 75 55 61 28	 => 272
 76 28 61 12 51 45	 => 273
 18 45 51 54 42 63	 => 273
 56 63 42 43 22 47	 => 273
 75 32 7 68 36 55	 => 273
 61 55 36 72 37 12	 => 273
 51 12 37 50 70 54	 => 274
 42 54 70 26 39 43	 => 274
 36 68 33 17 46 72	 => 272
 37 72 46 3 65 50	 => 273
 70 50 65 21 41 26	 => 273


===================[TEST 2]===================

##### START ##### Tue May 20 14:04:09 2003



##### CONVERGE ##### Tue May 20 14:05:02 2003

Elapsed time: 53 seconds
Total loop: 234 generations

Result : 270.117

24 43 56 66 72 13 10 35 78 67 17 75 30 8 7 54 58 33 46 22 16 48 60 52 9 2 27 76 57 31 49 70 71 26 53 50 59 1 23 25 55 68 38 4 80 41 62 5 77 63 28 34 40 12 32 69 44 39 37 15 74 42 29 36 20 45 64 73 18 51 79 47 3 11 21 61 6 65 14 19 

 24 43 56 66 72 13	 => 274
 10 13 72 35 78 67	 => 275
 17 67 78 75 30 8	 => 275
 56 7 54 58 33 66	 => 274
 72 66 33 46 22 35	 => 274
 78 35 22 16 48 75	 => 274
 30 75 48 60 52 9	 => 274
 54 2 27 76 57 58	 => 274
 33 58 57 31 49 46	 => 274
 22 46 49 70 71 16	 => 274
 48 16 71 26 53 60	 => 274
 52 60 53 50 59 1	 => 275
 27 23 25 55 68 76	 => 274
 57 76 68 38 4 31	 => 274
 49 31 4 80 41 70	 => 275
 71 70 41 62 5 26	 => 275
 53 26 5 77 63 50	 => 274
 59 50 63 28 34 40	 => 274
 68 55 12 32 69 38	 => 274
 4 38 69 44 39 80	 => 274
 41 80 39 37 15 62	 => 274
 5 62 15 74 42 77	 => 275
 63 77 42 29 36 28	 => 275
 69 32 20 45 64 44	 => 274
 39 44 64 73 18 37	 => 275
 15 37 18 51 79 74	 => 274
 42 74 79 47 3 29	 => 274
 64 45 11 21 61 73	 => 275
 18 73 61 6 65 51	 => 274
 79 51 65 14 19 47	 => 275


===================[TEST 3]===================

##### START ##### Tue May 20 14:05:02 2003



##### CONVERGE ##### Tue May 20 14:05:58 2003

Elapsed time: 56 seconds
Total loop: 246 generations

Result : 269.45

7 14 58 62 68 64 8 36 77 20 13 63 52 48 9 57 70 18 73 16 23 59 44 53 3 1 45 71 29 27 56 33 72 21 54 78 34 11 31 15 61 50 55 42 79 37 67 43 30 47 60 5 49 2 41 65 10 22 40 28 39 66 46 24 6 75 76 74 51 35 80 38 4 17 19 12 32 69 25 26 

 7 14 58 62 68 64	 => 273
 8 64 68 36 77 20	 => 273
 13 20 77 63 52 48	 => 273
 58 9 57 70 18 62	 => 274
 68 62 18 73 16 36	 => 273
 77 36 16 23 59 63	 => 274
 52 63 59 44 53 3	 => 274
 57 1 45 71 29 70	 => 273
 18 70 29 27 56 73	 => 273
 16 73 56 33 72 23	 => 273
 59 23 72 21 54 44	 => 273
 53 44 54 78 34 11	 => 274
 45 31 15 61 50 71	 => 273
 29 71 50 55 42 27	 => 274
 56 27 42 79 37 33	 => 274
 72 33 37 67 43 21	 => 273
 54 21 43 30 47 78	 => 273
 34 78 47 60 5 49	 => 273
 50 61 2 41 65 55	 => 274
 42 55 65 10 22 79	 => 273
 37 79 22 40 28 67	 => 273
 43 67 28 39 66 30	 => 273
 47 30 66 46 24 60	 => 273
 65 41 6 75 76 10	 => 273
 22 10 76 74 51 40	 => 273
 28 40 51 35 80 39	 => 273
 66 39 80 38 4 46	 => 273
 76 75 17 19 12 74	 => 273
 51 74 12 32 69 35	 => 273
 80 35 69 25 26 38	 => 273


===================[TEST 4]===================

##### START ##### Tue May 20 14:05:58 2003



##### CONVERGE ##### Tue May 20 14:06:45 2003

Elapsed time: 47 seconds
Total loop: 203 generations

Result : 265.856

15 3 32 71 79 69 6 24 62 29 46 78 14 40 9 68 56 33 49 13 42 50 60 57 11 23 67 47 8 58 65 64 35 30 52 48 36 16 77 1 5 72 80 4 51 28 73 39 26 74 76 18 17 10 27 75 22 37 61 19 59 53 38 2 25 54 66 43 41 45 44 55 20 12 31 63 7 70 21 34 

 15 3 32 71 79 69	 => 269
 6 69 79 24 62 29	 => 269
 46 29 62 78 14 40	 => 269
 32 9 68 56 33 71	 => 269
 79 71 33 49 13 24	 => 269
 62 24 13 42 50 78	 => 269
 14 78 50 60 57 11	 => 270
 68 23 67 47 8 56	 => 269
 33 56 8 58 65 49	 => 269
 13 49 65 64 35 42	 => 268
 50 42 35 30 52 60	 => 269
 57 60 52 48 36 16	 => 269
 67 77 1 5 72 47	 => 269
 8 47 72 80 4 58	 => 269
 65 58 4 51 28 64	 => 270
 35 64 28 73 39 30	 => 269
 52 30 39 26 74 48	 => 269
 36 48 74 76 18 17	 => 269
 72 5 10 27 75 80	 => 269
 4 80 75 22 37 51	 => 269
 28 51 37 61 19 73	 => 269
 39 73 19 59 53 26	 => 269
 74 26 53 38 2 76	 => 269
 75 27 25 54 66 22	 => 269
 37 22 66 43 41 61	 => 270
 19 61 41 45 44 59	 => 269
 53 59 44 55 20 38	 => 269
 66 54 12 31 63 43	 => 269
 41 43 63 7 70 45	 => 269
 44 45 70 21 34 55	 => 269


===================[TEST 5]===================

##### START ##### Tue May 20 14:06:45 2003



##### CONVERGE ##### Tue May 20 14:07:32 2003

Elapsed time: 47 seconds
Total loop: 212 generations

Result : 269.833

28 1 70 61 56 58 18 32 79 30 14 75 73 2 17 39 35 51 46 27 23 37 69 16 3 29 71 77 22 53 66 33 78 19 47 68 64 9 6 4 55 60 41 20 38 63 31 50 40 49 67 15 10 42 21 54 76 44 24 74 26 52 57 8 7 72 43 62 25 80 45 59 34 48 12 36 5 65 11 13 

 28 1 70 61 56 58	 => 274
 18 58 56 32 79 30	 => 273
 14 30 79 75 73 2	 => 273
 70 17 39 35 51 61	 => 273
 56 61 51 46 27 32	 => 273
 79 32 27 23 37 75	 => 273
 73 75 37 69 16 3	 => 273
 39 29 71 77 22 35	 => 273
 51 35 22 53 66 46	 => 273
 27 46 66 33 78 23	 => 273
 37 23 78 19 47 69	 => 273
 16 69 47 68 64 9	 => 273
 71 6 4 55 60 77	 => 273
 22 77 60 41 20 53	 => 273
 66 53 20 38 63 33	 => 273
 78 33 63 31 50 19	 => 274
 47 19 50 40 49 68	 => 273
 64 68 49 67 15 10	 => 273
 60 55 42 21 54 41	 => 273
 20 41 54 76 44 38	 => 273
 63 38 44 24 74 31	 => 274
 50 31 74 26 52 40	 => 273
 49 40 52 57 8 67	 => 273
 54 21 7 72 43 76	 => 273
 44 76 43 62 25 24	 => 274
 74 24 25 80 45 26	 => 274
 52 26 45 59 34 57	 => 273
 43 72 48 12 36 62	 => 273
 25 62 36 5 65 80	 => 273
 45 80 65 11 13 59	 => 273



test#	fitness		sum		time
---------------------------------------------------
1	267.937				61
2	270.117				53
3	269.45				56
4	265.856				47
5	269.833				47


---------------------------------------------------
Best fitness      : 270.117 ( test# 2)
Shortest time     : 47 ( test# 4)

Average fitness   : 268.639
Average time      : 52.8
