****************** GA TEST *******************

total test#:			 5
hexa min width:			 3
hexa max width:			 6
hexa count:			 30
number count:			 80
population size:		 80
generation size:		 20

tournament winner p:		 0.98
do xover p:			 1
xover:				 2points
do mutation1 p:			 0.1
mutation1 p:			 0.05
do optimize p:			 0.98
local optimize count:		 8000
do deep better optimize p:	 1
do deep worse optimize p:	 0
do spin p:			 0
spin count:			 900
do spin apply p:		 1
do mutation2 p:			 0.1
mutation2 p:			 0.07
force mutation2:		 0
replace bad p:			 0.195

converge rate p:		 0.99
converge count:			 1

**********************************************


===================[TEST 1]===================

##### START ##### Tue May 20 14:07:33 2003



##### CONVERGE ##### Tue May 20 14:08:49 2003

Elapsed time: 76 seconds
Total loop: 169 generations

Result : 266.734

29 38 30 73 65 35 6 23 77 64 19 39 59 11 4 58 42 63 10 36 34 61 57 32 22 5 74 20 71 16 68 55 67 1 50 69 28 33 18 44 54 60 37 66 40 25 79 43 27 80 62 7 24 14 53 52 26 49 46 31 70 21 78 3 17 47 75 72 2 76 45 41 15 8 12 56 13 51 48 9 

 29 38 30 73 65 35	 => 270
 6 35 65 23 77 64	 => 270
 19 64 77 39 59 11	 => 269
 30 4 58 42 63 73	 => 270
 65 73 63 10 36 23	 => 270
 77 23 36 34 61 39	 => 270
 59 39 61 57 32 22	 => 270
 58 5 74 20 71 42	 => 270
 63 42 71 16 68 10	 => 270
 36 10 68 55 67 34	 => 270
 61 34 67 1 50 57	 => 270
 32 57 50 69 28 33	 => 269
 74 18 44 54 60 20	 => 270
 71 20 60 37 66 16	 => 270
 68 16 66 40 25 55	 => 270
 67 55 25 79 43 1	 => 270
 50 1 43 27 80 69	 => 270
 28 69 80 62 7 24	 => 270
 60 54 14 53 52 37	 => 270
 66 37 52 26 49 40	 => 270
 25 40 49 46 31 79	 => 270
 43 79 31 70 21 27	 => 271
 80 27 21 78 3 62	 => 271
 52 53 17 47 75 26	 => 270
 49 26 75 72 2 46	 => 270
 31 46 2 76 45 70	 => 270
 21 70 45 41 15 78	 => 270
 75 47 8 12 56 72	 => 270
 2 72 56 13 51 76	 => 270
 45 76 51 48 9 41	 => 270


===================[TEST 2]===================

##### START ##### Tue May 20 14:08:49 2003



##### CONVERGE ##### Tue May 20 14:10:02 2003

Elapsed time: 73 seconds
Total loop: 159 generations

Result : 269.404

19 22 63 53 69 48 11 13 74 59 7 44 75 14 9 29 80 40 64 35 38 70 65 12 8 4 49 76 36 25 30 73 33 31 37 78 77 5 23 6 41 79 43 15 71 60 51 26 52 50 55 3 10 16 27 68 57 20 32 39 61 46 54 17 34 21 66 56 42 72 28 67 18 62 24 45 1 58 2 47 

 19 22 63 53 69 48	 => 274
 11 48 69 13 74 59	 => 274
 7 59 74 44 75 14	 => 273
 63 9 29 80 40 53	 => 274
 69 53 40 64 35 13	 => 274
 74 13 35 38 70 44	 => 274
 75 44 70 65 12 8	 => 274
 29 4 49 76 36 80	 => 274
 40 80 36 25 30 64	 => 275
 35 64 30 73 33 38	 => 273
 70 38 33 31 37 65	 => 274
 12 65 37 78 77 5	 => 274
 49 23 6 41 79 76	 => 274
 36 76 79 43 15 25	 => 274
 30 25 15 71 60 73	 => 274
 33 73 60 51 26 31	 => 274
 37 31 26 52 50 78	 => 274
 77 78 50 55 3 10	 => 273
 79 41 16 27 68 43	 => 274
 15 43 68 57 20 71	 => 274
 60 71 20 32 39 51	 => 273
 26 51 39 61 46 52	 => 275
 50 52 46 54 17 55	 => 274
 68 27 34 21 66 57	 => 273
 20 57 66 56 42 32	 => 273
 39 32 42 72 28 61	 => 274
 46 61 28 67 18 54	 => 274
 66 21 62 24 45 56	 => 274
 42 56 45 1 58 72	 => 274
 28 72 58 2 47 67	 => 274


===================[TEST 3]===================

##### START ##### Tue May 20 14:10:02 2003



##### CONVERGE ##### Tue May 20 14:11:04 2003

Elapsed time: 62 seconds
Total loop: 135 generations

Result : 268.691

3 9 70 74 72 43 26 17 79 34 33 52 67 6 4 21 53 49 12 48 40 35 57 55 5 19 77 30 71 36 50 59 62 16 61 56 31 11 39 8 75 42 54 38 24 64 68 2 58 78 44 15 47 7 27 66 60 29 41 45 22 76 14 1 13 73 32 46 63 20 80 69 10 37 18 65 25 51 28 23 

 3 9 70 74 72 43	 => 271
 26 43 72 17 79 34	 => 271
 33 34 79 52 67 6	 => 271
 70 4 21 53 49 74	 => 271
 72 74 49 12 48 17	 => 272
 79 17 48 40 35 52	 => 271
 67 52 35 57 55 5	 => 271
 21 19 77 30 71 53	 => 271
 49 53 71 36 50 12	 => 271
 48 12 50 59 62 40	 => 271
 35 40 62 16 61 57	 => 271
 55 57 61 56 31 11	 => 271
 77 39 8 75 42 30	 => 271
 71 30 42 54 38 36	 => 271
 50 36 38 24 64 59	 => 271
 62 59 64 68 2 16	 => 271
 61 16 2 58 78 56	 => 271
 31 56 78 44 15 47	 => 271
 42 75 7 27 66 54	 => 271
 38 54 66 60 29 24	 => 271
 64 24 29 41 45 68	 => 271
 2 68 45 22 76 58	 => 271
 78 58 76 14 1 44	 => 271
 66 27 13 73 32 60	 => 271
 29 60 32 46 63 41	 => 271
 45 41 63 20 80 22	 => 271
 76 22 80 69 10 14	 => 271
 32 73 37 18 65 46	 => 271
 63 46 65 25 51 20	 => 270
 80 20 51 28 23 69	 => 271


===================[TEST 4]===================

##### START ##### Tue May 20 14:11:04 2003



##### CONVERGE ##### Tue May 20 14:12:15 2003

Elapsed time: 71 seconds
Total loop: 156 generations

Result : 269.5

19 24 51 75 54 50 28 9 76 55 13 78 32 18 15 5 65 62 30 43 44 23 57 52 31 8 68 61 66 34 16 80 60 29 59 71 27 7 38 1 79 26 47 39 64 40 58 6 41 67 74 12 22 37 48 36 45 42 33 35 77 56 21 14 11 63 70 72 10 69 49 53 17 2 20 46 3 73 25 4 

 19 24 51 75 54 50	 => 273
 28 50 54 9 76 55	 => 272
 13 55 76 78 32 18	 => 272
 51 15 5 65 62 75	 => 273
 54 75 62 30 43 9	 => 273
 76 9 43 44 23 78	 => 273
 32 78 23 57 52 31	 => 273
 5 8 68 61 66 65	 => 273
 62 65 66 34 16 30	 => 273
 43 30 16 80 60 44	 => 273
 23 44 60 29 59 57	 => 272
 52 57 59 71 27 7	 => 273
 68 38 1 79 26 61	 => 273
 66 61 26 47 39 34	 => 273
 16 34 39 64 40 80	 => 273
 60 80 40 58 6 29	 => 273
 59 29 6 41 67 71	 => 273
 27 71 67 74 12 22	 => 273
 26 79 37 48 36 47	 => 273
 39 47 36 45 42 64	 => 273
 40 64 42 33 35 58	 => 272
 6 58 35 77 56 41	 => 273
 67 41 56 21 14 74	 => 273
 36 48 11 63 70 45	 => 273
 42 45 70 72 10 33	 => 272
 35 33 10 69 49 77	 => 273
 56 77 49 53 17 21	 => 273
 70 63 2 20 46 72	 => 273
 10 72 46 3 73 69	 => 273
 49 69 73 25 4 53	 => 273


===================[TEST 5]===================

##### START ##### Tue May 20 14:12:15 2003



##### CONVERGE ##### Tue May 20 14:13:32 2003

Elapsed time: 77 seconds
Total loop: 170 generations

Result : 268.45

10 26 73 74 48 42 7 64 56 55 6 45 75 36 3 28 71 24 22 41 52 15 76 18 44 1 43 61 69 29 58 49 51 13 66 38 70 5 27 17 46 79 32 2 67 68 39 53 31 72 65 8 19 16 21 78 63 30 9 60 54 35 59 11 4 50 57 80 33 40 77 34 14 23 25 37 20 62 12 47 

 10 26 73 74 48 42	 => 273
 7 42 48 64 56 55	 => 272
 6 55 56 45 75 36	 => 273
 73 3 28 71 24 74	 => 273
 48 74 24 22 41 64	 => 273
 56 64 41 52 15 45	 => 273
 75 45 15 76 18 44	 => 273
 28 1 43 61 69 71	 => 273
 24 71 69 29 58 22	 => 273
 41 22 58 49 51 52	 => 273
 15 52 51 13 66 76	 => 273
 18 76 66 38 70 5	 => 273
 43 27 17 46 79 61	 => 273
 69 61 79 32 2 29	 => 272
 58 29 2 67 68 49	 => 273
 51 49 68 39 53 13	 => 273
 66 13 53 31 72 38	 => 273
 70 38 72 65 8 19	 => 272
 79 46 16 21 78 32	 => 272
 2 32 78 63 30 67	 => 272
 68 67 30 9 60 39	 => 273
 53 39 60 54 35 31	 => 272
 72 31 35 59 11 65	 => 273
 78 21 4 50 57 63	 => 273
 30 63 57 80 33 9	 => 272
 60 9 33 40 77 54	 => 273
 35 54 77 34 14 59	 => 273
 57 50 23 25 37 80	 => 272
 33 80 37 20 62 40	 => 272
 77 40 62 12 47 34	 => 272



test#	fitness		sum		time
---------------------------------------------------
1	266.734				76
2	269.404				73
3	268.691				62
4	269.5				71
5	268.45				77


---------------------------------------------------
Best fitness      : 269.5 ( test# 4)
Shortest time     : 62 ( test# 3)

Average fitness   : 268.556
Average time      : 71.8
