****************** GA TEST *******************

total test#:			 5
hexa min width:			 3
hexa max width:			 6
hexa count:			 30
number count:			 80
population size:		 80
generation size:		 10

tournament winner p:		 0.98
do xover p:			 1
xover:				 2points
do mutation1 p:			 0.1
mutation1 p:			 0.05
do optimize p:			 0.98
local optimize count:		 8000
do deep better optimize p:	 1
do deep worse optimize p:	 0
do spin p:			 0
spin count:			 900
do spin apply p:		 1
do mutation2 p:			 0.1
mutation2 p:			 0.07
force mutation2:		 0
replace bad p:			 0.195

converge rate p:		 0.99
converge count:			 1

**********************************************


===================[TEST 1]===================

##### START ##### Tue May 20 14:13:33 2003



##### CONVERGE ##### Tue May 20 14:14:22 2003

Elapsed time: 49 seconds
Total loop: 214 generations

Result : 266.778

19 17 61 77 75 22 28 15 80 51 6 43 49 41 2 16 69 46 45 13 71 48 73 33 25 4 76 67 39 5 66 58 18 54 7 79 78 1 24 29 42 32 56 72 30 40 64 37 31 63 34 3 14 50 53 38 27 47 55 35 36 68 65 9 26 57 70 60 12 74 59 23 20 10 21 52 11 62 44 8 

 19 17 61 77 75 22	 => 271
 28 22 75 15 80 51	 => 271
 6 51 80 43 49 41	 => 270
 61 2 16 69 46 77	 => 271
 75 77 46 45 13 15	 => 271
 80 15 13 71 48 43	 => 270
 49 43 48 73 33 25	 => 271
 16 4 76 67 39 69	 => 271
 46 69 39 5 66 45	 => 270
 13 45 66 58 18 71	 => 271
 48 71 18 54 7 73	 => 271
 33 73 7 79 78 1	 => 271
 76 24 29 42 32 67	 => 270
 39 67 32 56 72 5	 => 271
 66 5 72 30 40 58	 => 271
 18 58 40 64 37 54	 => 271
 7 54 37 31 63 79	 => 271
 78 79 63 34 3 14	 => 271
 32 42 50 53 38 56	 => 271
 72 56 38 27 47 30	 => 270
 40 30 47 55 35 64	 => 271
 37 64 35 36 68 31	 => 271
 63 31 68 65 9 34	 => 270
 38 53 26 57 70 27	 => 271
 47 27 70 60 12 55	 => 271
 35 55 12 74 59 36	 => 271
 68 36 59 23 20 65	 => 271
 70 57 10 21 52 60	 => 270
 12 60 52 11 62 74	 => 271
 59 74 62 44 8 23	 => 270


===================[TEST 2]===================

##### START ##### Tue May 20 14:14:22 2003



##### CONVERGE ##### Tue May 20 14:15:31 2003

Elapsed time: 69 seconds
Total loop: 304 generations

Result : 270.833

9 38 69 61 76 21 2 39 73 63 26 40 62 10 4 60 74 6 75 17 46 59 57 55 1 8 37 47 48 29 42 51 43 19 50 67 27 18 30 25 58 77 33 41 45 66 64 32 53 54 68 14 44 13 15 79 56 20 49 31 23 71 16 12 11 78 35 80 34 65 72 70 22 5 24 52 7 36 3 28 

 9 38 69 61 76 21	 => 274
 2 21 76 39 73 63	 => 274
 26 63 73 40 62 10	 => 274
 69 4 60 74 6 61	 => 274
 76 61 6 75 17 39	 => 274
 73 39 17 46 59 40	 => 274
 62 40 59 57 55 1	 => 274
 60 8 37 47 48 74	 => 274
 6 74 48 29 42 75	 => 274
 17 75 42 51 43 46	 => 274
 59 46 43 19 50 57	 => 274
 55 57 50 67 27 18	 => 274
 37 30 25 58 77 47	 => 274
 48 47 77 33 41 29	 => 275
 42 29 41 45 66 51	 => 274
 43 51 66 64 32 19	 => 275
 50 19 32 53 54 67	 => 275
 27 67 54 68 14 44	 => 274
 77 58 13 15 79 33	 => 275
 41 33 79 56 20 45	 => 274
 66 45 20 49 31 64	 => 275
 32 64 31 23 71 53	 => 274
 54 53 71 16 12 68	 => 274
 79 15 11 78 35 56	 => 274
 20 56 35 80 34 49	 => 274
 31 49 34 65 72 23	 => 274
 71 23 72 70 22 16	 => 274
 35 78 5 24 52 80	 => 274
 34 80 52 7 36 65	 => 274
 72 65 36 3 28 70	 => 274


===================[TEST 3]===================

##### START ##### Tue May 20 14:15:31 2003



##### CONVERGE ##### Tue May 20 14:16:28 2003

Elapsed time: 57 seconds
Total loop: 252 generations

Result : 268.826

50 12 58 42 71 39 13 31 69 49 5 36 78 35 6 63 73 30 34 64 43 29 77 41 10 15 25 70 26 53 56 57 18 67 38 40 68 8 54 9 52 62 47 14 32 60 51 19 27 80 72 11 1 2 33 76 37 66 17 46 74 55 22 16 24 23 79 45 28 59 48 65 7 44 20 61 3 75 4 21 

 50 12 58 42 71 39	 => 272
 13 39 71 31 69 49	 => 272
 5 49 69 36 78 35	 => 272
 58 6 63 73 30 42	 => 272
 71 42 30 34 64 31	 => 272
 69 31 64 43 29 36	 => 272
 78 36 29 77 41 10	 => 271
 63 15 25 70 26 73	 => 272
 30 73 26 53 56 34	 => 272
 64 34 56 57 18 43	 => 272
 29 43 18 67 38 77	 => 272
 41 77 38 40 68 8	 => 272
 25 54 9 52 62 70	 => 272
 26 70 62 47 14 53	 => 272
 56 53 14 32 60 57	 => 272
 18 57 60 51 19 67	 => 272
 38 67 19 27 80 40	 => 271
 68 40 80 72 11 1	 => 272
 62 52 2 33 76 47	 => 272
 14 47 76 37 66 32	 => 272
 60 32 66 17 46 51	 => 272
 19 51 46 74 55 27	 => 272
 80 27 55 22 16 72	 => 272
 76 33 24 23 79 37	 => 272
 66 37 79 45 28 17	 => 272
 46 17 28 59 48 74	 => 272
 55 74 48 65 7 22	 => 271
 79 23 44 20 61 45	 => 272
 28 45 61 3 75 59	 => 271
 48 59 75 4 21 65	 => 272


===================[TEST 4]===================

##### START ##### Tue May 20 14:16:28 2003



##### CONVERGE ##### Tue May 20 14:17:18 2003

Elapsed time: 50 seconds
Total loop: 219 generations

Result : 268.702

50 6 48 80 20 67 7 35 68 74 14 41 52 22 32 8 45 58 38 40 30 57 60 15 46 21 64 79 54 13 63 65 34 43 47 61 37 51 12 2 72 42 73 10 71 49 56 24 26 70 59 11 33 9 19 55 18 44 23 28 62 75 36 5 25 76 78 69 39 53 66 31 1 3 16 29 4 77 27 17 

 50 6 48 80 20 67	 => 271
 7 67 20 35 68 74	 => 271
 14 74 68 41 52 22	 => 271
 48 32 8 45 58 80	 => 271
 20 80 58 38 40 35	 => 271
 68 35 40 30 57 41	 => 271
 52 41 57 60 15 46	 => 271
 8 21 64 79 54 45	 => 271
 58 45 54 13 63 38	 => 271
 40 38 63 65 34 30	 => 270
 57 30 34 43 47 60	 => 271
 15 60 47 61 37 51	 => 271
 64 12 2 72 42 79	 => 271
 54 79 42 73 10 13	 => 271
 63 13 10 71 49 65	 => 271
 34 65 49 56 24 43	 => 271
 47 43 24 26 70 61	 => 271
 37 61 70 59 11 33	 => 271
 42 72 9 19 55 73	 => 270
 10 73 55 18 44 71	 => 271
 49 71 44 23 28 56	 => 271
 24 56 28 62 75 26	 => 271
 70 26 75 36 5 59	 => 271
 55 19 25 76 78 18	 => 271
 44 18 78 69 39 23	 => 271
 28 23 39 53 66 62	 => 271
 75 62 66 31 1 36	 => 271
 78 76 3 16 29 69	 => 271
 39 69 29 4 77 53	 => 271
 66 53 77 27 17 31	 => 271


===================[TEST 5]===================

##### START ##### Tue May 20 14:17:18 2003



##### CONVERGE ##### Tue May 20 14:18:38 2003

Elapsed time: 80 seconds
Total loop: 353 generations

Result : 269.856

13 25 66 79 22 68 6 27 73 77 20 44 50 9 2 33 61 32 67 46 34 49 76 53 1 14 78 42 45 30 38 31 58 17 39 62 40 3 4 11 75 63 37 56 65 52 51 64 21 70 71 23 7 10 60 28 72 15 43 47 55 35 59 18 16 41 57 74 12 80 36 69 19 24 29 48 5 54 26 8 

 13 25 66 79 22 68	 => 273
 6 68 22 27 73 77	 => 273
 20 77 73 44 50 9	 => 273
 66 2 33 61 32 79	 => 273
 22 79 32 67 46 27	 => 273
 73 27 46 34 49 44	 => 273
 50 44 49 76 53 1	 => 273
 33 14 78 42 45 61	 => 273
 32 61 45 30 38 67	 => 273
 46 67 38 31 58 34	 => 274
 49 34 58 17 39 76	 => 273
 53 76 39 62 40 3	 => 273
 78 4 11 75 63 42	 => 273
 45 42 63 37 56 30	 => 273
 38 30 56 65 52 31	 => 272
 58 31 52 51 64 17	 => 273
 39 17 64 21 70 62	 => 273
 40 62 70 71 23 7	 => 273
 63 75 10 60 28 37	 => 273
 56 37 28 72 15 65	 => 273
 52 65 15 43 47 51	 => 273
 64 51 47 55 35 21	 => 273
 70 21 35 59 18 71	 => 274
 28 60 16 41 57 72	 => 274
 15 72 57 74 12 43	 => 273
 47 43 12 80 36 55	 => 273
 35 55 36 69 19 59	 => 273
 57 41 24 29 48 74	 => 273
 12 74 48 5 54 80	 => 273
 36 80 54 26 8 69	 => 273



test#	fitness		sum		time
---------------------------------------------------
1	266.778				49
2	270.833				69
3	268.826				57
4	268.702				50
5	269.856				80


---------------------------------------------------
Best fitness      : 270.833 ( test# 2)
Shortest time     : 49 ( test# 1)

Average fitness   : 268.999
Average time      : 61
