****************** GA TEST *******************

total test#:			 5
hexa min width:			 3
hexa max width:			 6
hexa count:			 30
number count:			 80
population size:		 80
generation size:		 10

tournament winner p:		 1
do xover p:			 1
xover:				 2points
do mutation1 p:			 0.1
mutation1 p:			 0.05
do optimize p:			 0.98
local optimize count:		 8000
do deep better optimize p:	 1
do deep worse optimize p:	 0
do spin p:			 0
spin count:			 900
do spin apply p:		 1
do mutation2 p:			 0.1
mutation2 p:			 0.07
force mutation2:		 0
replace bad p:			 0.195

converge rate p:		 0.99
converge count:			 1

**********************************************


===================[TEST 1]===================

##### START ##### Tue May 20 14:18:43 2003



##### CONVERGE ##### Tue May 20 14:19:46 2003

Elapsed time: 63 seconds
Total loop: 279 generations

Result : 270.049

11 14 37 80 78 54 22 6 68 45 3 79 56 23 2 49 75 30 34 46 48 27 76 20 16 8 21 70 51 36 47 58 41 13 69 55 44 10 9 33 77 64 24 29 52 53 35 74 4 59 67 42 7 31 18 60 65 43 28 63 25 73 39 32 15 66 50 62 26 71 61 57 19 17 40 38 5 72 1 12 

 11 14 37 80 78 54	 => 274
 22 54 78 6 68 45	 => 273
 3 45 68 79 56 23	 => 274
 37 2 49 75 30 80	 => 273
 78 80 30 34 46 6	 => 274
 68 6 46 48 27 79	 => 274
 56 79 27 76 20 16	 => 274
 49 8 21 70 51 75	 => 274
 30 75 51 36 47 34	 => 273
 46 34 47 58 41 48	 => 274
 27 48 41 13 69 76	 => 274
 20 76 69 55 44 10	 => 274
 21 9 33 77 64 70	 => 274
 51 70 64 24 29 36	 => 274
 47 36 29 52 53 58	 => 275
 41 58 53 35 74 13	 => 274
 69 13 74 4 59 55	 => 274
 44 55 59 67 42 7	 => 274
 64 77 31 18 60 24	 => 274
 29 24 60 65 43 52	 => 273
 53 52 43 28 63 35	 => 274
 74 35 63 25 73 4	 => 274
 59 4 73 39 32 67	 => 274
 60 18 15 66 50 65	 => 274
 43 65 50 62 26 28	 => 274
 63 28 26 71 61 25	 => 274
 73 25 61 57 19 39	 => 274
 50 66 17 40 38 62	 => 273
 26 62 38 5 72 71	 => 274
 61 71 72 1 12 57	 => 274


===================[TEST 2]===================

##### START ##### Tue May 20 14:19:46 2003



##### CONVERGE ##### Tue May 20 14:20:42 2003

Elapsed time: 56 seconds
Total loop: 243 generations

Result : 271.833

28 8 39 60 65 75 4 35 79 17 25 63 68 23 1 53 73 50 51 14 74 10 59 55 20 7 44 69 29 45 27 43 67 33 32 76 37 16 12 9 80 61 19 52 66 42 56 34 30 70 57 21 15 2 77 36 31 71 3 38 54 64 41 13 11 48 72 58 40 78 62 49 5 24 26 47 6 46 22 18 

 28 8 39 60 65 75	 => 275
 4 75 65 35 79 17	 => 275
 25 17 79 63 68 23	 => 275
 39 1 53 73 50 60	 => 276
 65 60 50 51 14 35	 => 275
 79 35 14 74 10 63	 => 275
 68 63 10 59 55 20	 => 275
 53 7 44 69 29 73	 => 275
 50 73 29 45 27 51	 => 275
 14 51 27 43 67 74	 => 276
 10 74 67 33 32 59	 => 275
 55 59 32 76 37 16	 => 275
 44 12 9 80 61 69	 => 275
 29 69 61 19 52 45	 => 275
 27 45 52 66 42 43	 => 275
 67 43 42 56 34 33	 => 275
 32 33 34 30 70 76	 => 275
 37 76 70 57 21 15	 => 276
 61 80 2 77 36 19	 => 275
 52 19 36 31 71 66	 => 275
 42 66 71 3 38 56	 => 276
 34 56 38 54 64 30	 => 276
 70 30 64 41 13 57	 => 275
 36 77 11 48 72 31	 => 275
 71 31 72 58 40 3	 => 275
 38 3 40 78 62 54	 => 275
 64 54 62 49 5 41	 => 275
 72 48 24 26 47 58	 => 275
 40 58 47 6 46 78	 => 275
 62 78 46 22 18 49	 => 275


===================[TEST 3]===================

##### START ##### Tue May 20 14:20:42 2003



##### CONVERGE ##### Tue May 20 14:21:45 2003

Elapsed time: 63 seconds
Total loop: 274 generations

Result : 268.093

1 49 65 78 8 71 7 69 43 73 12 45 75 23 9 28 36 55 44 17 70 27 63 47 14 13 62 64 68 20 48 26 66 5 40 72 39 10 37 11 51 46 31 42 56 79 35 60 33 61 80 15 4 30 54 59 25 58 6 38 52 53 41 3 2 57 74 76 32 77 67 34 24 16 29 19 18 50 21 22 

 1 49 65 78 8 71	 => 272
 7 71 8 69 43 73	 => 271
 12 73 43 45 75 23	 => 271
 65 9 28 36 55 78	 => 271
 8 78 55 44 17 69	 => 271
 43 69 17 70 27 45	 => 271
 75 45 27 63 47 14	 => 271
 28 13 62 64 68 36	 => 271
 55 36 68 20 48 44	 => 271
 17 44 48 26 66 70	 => 271
 27 70 66 5 40 63	 => 271
 47 63 40 72 39 10	 => 271
 62 37 11 51 46 64	 => 271
 68 64 46 31 42 20	 => 271
 48 20 42 56 79 26	 => 271
 66 26 79 35 60 5	 => 271
 40 5 60 33 61 72	 => 271
 39 72 61 80 15 4	 => 271
 46 51 30 54 59 31	 => 271
 42 31 59 25 58 56	 => 271
 79 56 58 6 38 35	 => 272
 60 35 38 52 53 33	 => 271
 61 33 53 41 3 80	 => 271
 59 54 2 57 74 25	 => 271
 58 25 74 76 32 6	 => 271
 38 6 32 77 67 52	 => 272
 53 52 67 34 24 41	 => 271
 74 57 16 29 19 76	 => 271
 32 76 19 18 50 77	 => 272
 67 77 50 21 22 34	 => 271


===================[TEST 4]===================

##### START ##### Tue May 20 14:21:45 2003



##### CONVERGE ##### Tue May 20 14:22:56 2003

Elapsed time: 71 seconds
Total loop: 305 generations

Result : 269.856

10 2 67 71 74 49 5 14 68 63 11 54 70 7 13 19 51 52 28 34 59 44 60 40 6 3 55 76 69 23 50 72 30 18 62 38 56 17 24 22 65 31 47 27 53 48 41 64 25 66 73 32 8 9 77 45 43 58 12 61 46 36 57 16 1 29 78 39 42 33 79 35 20 26 21 80 4 75 37 15 

 10 2 67 71 74 49	 => 273
 5 49 74 14 68 63	 => 273
 11 63 68 54 70 7	 => 273
 67 13 19 51 52 71	 => 273
 74 71 52 28 34 14	 => 273
 68 14 34 59 44 54	 => 273
 70 54 44 60 40 6	 => 274
 19 3 55 76 69 51	 => 273
 52 51 69 23 50 28	 => 273
 34 28 50 72 30 59	 => 273
 44 59 30 18 62 60	 => 273
 40 60 62 38 56 17	 => 273
 55 24 22 65 31 76	 => 273
 69 76 31 47 27 23	 => 273
 50 23 27 53 48 72	 => 273
 30 72 48 41 64 18	 => 273
 62 18 64 25 66 38	 => 273
 56 38 66 73 32 8	 => 273
 31 65 9 77 45 47	 => 274
 27 47 45 43 58 53	 => 273
 48 53 58 12 61 41	 => 273
 64 41 61 46 36 25	 => 273
 66 25 36 57 16 73	 => 273
 45 77 1 29 78 43	 => 273
 58 43 78 39 42 12	 => 272
 61 12 42 33 79 46	 => 273
 36 46 79 35 20 57	 => 273
 78 29 26 21 80 39	 => 273
 42 39 80 4 75 33	 => 273
 79 33 75 37 15 35	 => 274


===================[TEST 5]===================

##### START ##### Tue May 20 14:22:56 2003



##### CONVERGE ##### Tue May 20 14:24:36 2003

Elapsed time: 100 seconds
Total loop: 415 generations

Result : 269.134

40 1 33 74 70 56 14 18 75 41 3 78 67 10 16 34 69 48 22 42 37 23 60 36 9 13 39 47 72 6 57 50 66 24 64 62 35 17 25 38 80 44 51 53 45 63 43 27 68 29 71 55 21 2 65 32 31 61 7 54 30 52 49 4 15 58 73 76 26 77 79 59 5 12 8 46 20 28 19 11 

 40 1 33 74 70 56	 => 274
 14 56 70 18 75 41	 => 274
 3 41 75 78 67 10	 => 274
 33 16 34 69 48 74	 => 274
 70 74 48 22 42 18	 => 274
 75 18 42 37 23 78	 => 273
 67 78 23 60 36 9	 => 273
 34 13 39 47 72 69	 => 274
 48 69 72 6 57 22	 => 274
 42 22 57 50 66 37	 => 274
 23 37 66 24 64 60	 => 274
 36 60 64 62 35 17	 => 274
 39 25 38 80 44 47	 => 273
 72 47 44 51 53 6	 => 273
 57 6 53 45 63 50	 => 274
 66 50 63 43 27 24	 => 273
 64 24 27 68 29 62	 => 274
 35 62 29 71 55 21	 => 273
 44 80 2 65 32 51	 => 274
 53 51 32 31 61 45	 => 273
 63 45 61 7 54 43	 => 273
 27 43 54 30 52 68	 => 274
 29 68 52 49 4 71	 => 273
 32 65 15 58 73 31	 => 274
 61 31 73 76 26 7	 => 274
 54 7 26 77 79 30	 => 273
 52 30 79 59 5 49	 => 274
 73 58 12 8 46 76	 => 273
 26 76 46 20 28 77	 => 273
 79 77 28 19 11 59	 => 273



test#	fitness		sum		time
---------------------------------------------------
1	270.049				63
2	271.833				56
3	268.093				63
4	269.856				71
5	269.134				100


---------------------------------------------------
Best fitness      : 271.833 ( test# 2)
Shortest time     : 56 ( test# 2)

Average fitness   : 269.793
Average time      : 70.6
