****************** GA TEST *******************

total test#:			 5
hexa min width:			 3
hexa max width:			 6
hexa count:			 30
number count:			 80
population size:		 80
generation size:		 10

tournament winner p:		 0.96
do xover p:			 1
xover:				 2points
do mutation1 p:			 0.1
mutation1 p:			 0.05
do optimize p:			 0.98
local optimize count:		 8000
do deep better optimize p:	 1
do deep worse optimize p:	 0
do spin p:			 0
spin count:			 900
do spin apply p:		 1
do mutation2 p:			 0.1
mutation2 p:			 0.07
force mutation2:		 0
replace bad p:			 0.195

converge rate p:		 0.99
converge count:			 1

**********************************************


===================[TEST 1]===================

##### START ##### Tue May 20 14:24:38 2003



##### CONVERGE ##### Tue May 20 14:26:03 2003

Elapsed time: 85 seconds
Total loop: 377 generations

Result : 270.734

51 20 36 63 60 44 6 40 52 72 29 74 33 14 13 56 59 46 61 4 27 77 54 31 5 7 34 79 39 28 42 78 62 17 37 49 73 30 15 9 71 66 41 22 80 24 45 48 65 58 35 32 26 16 12 68 38 25 53 47 19 50 55 11 23 69 64 76 18 70 67 75 8 21 1 43 10 57 3 2 

 51 20 36 63 60 44	 => 274
 6 44 60 40 52 72	 => 274
 29 72 52 74 33 14	 => 274
 36 13 56 59 46 63	 => 273
 60 63 46 61 4 40	 => 274
 52 40 4 27 77 74	 => 274
 33 74 77 54 31 5	 => 274
 56 7 34 79 39 59	 => 274
 46 59 39 28 42 61	 => 275
 4 61 42 78 62 27	 => 274
 77 27 62 17 37 54	 => 274
 31 54 37 49 73 30	 => 274
 34 15 9 71 66 79	 => 274
 39 79 66 41 22 28	 => 275
 42 28 22 80 24 78	 => 274
 62 78 24 45 48 17	 => 274
 37 17 48 65 58 49	 => 274
 73 49 58 35 32 26	 => 273
 66 71 16 12 68 41	 => 274
 22 41 68 38 25 80	 => 274
 24 80 25 53 47 45	 => 274
 48 45 47 19 50 65	 => 274
 58 65 50 55 11 35	 => 274
 68 12 23 69 64 38	 => 274
 25 38 64 76 18 53	 => 274
 47 53 18 70 67 19	 => 274
 50 19 67 75 8 55	 => 274
 64 69 21 1 43 76	 => 274
 18 76 43 10 57 70	 => 274
 67 70 57 3 2 75	 => 274


===================[TEST 2]===================

##### START ##### Tue May 20 14:26:03 2003



##### CONVERGE ##### Tue May 20 14:27:45 2003

Elapsed time: 102 seconds
Total loop: 448 generations

Result : 272.5

26 16 80 70 64 20 1 42 71 78 4 79 37 7 10 24 77 14 39 47 12 25 67 45 23 3 61 74 36 54 56 48 73 53 46 40 65 13 9 11 69 52 33 27 57 34 49 19 43 75 58 30 8 15 41 66 29 63 35 38 51 76 18 5 28 44 68 60 21 72 59 50 22 32 17 55 6 62 2 31 

 26 16 80 70 64 20	 => 276
 1 20 64 42 71 78	 => 276
 4 78 71 79 37 7	 => 276
 80 10 24 77 14 70	 => 275
 64 70 14 39 47 42	 => 276
 71 42 47 12 25 79	 => 276
 37 79 25 67 45 23	 => 276
 24 3 61 74 36 77	 => 275
 14 77 36 54 56 39	 => 276
 47 39 56 48 73 12	 => 275
 25 12 73 53 46 67	 => 276
 45 67 46 40 65 13	 => 276
 61 9 11 69 52 74	 => 276
 36 74 52 33 27 54	 => 276
 56 54 27 57 34 48	 => 276
 73 48 34 49 19 53	 => 276
 46 53 19 43 75 40	 => 276
 65 40 75 58 30 8	 => 276
 52 69 15 41 66 33	 => 276
 27 33 66 29 63 57	 => 275
 34 57 63 35 38 49	 => 276
 19 49 38 51 76 43	 => 276
 75 43 76 18 5 58	 => 275
 66 41 28 44 68 29	 => 276
 63 29 68 60 21 35	 => 276
 38 35 21 72 59 51	 => 276
 76 51 59 50 22 18	 => 276
 68 44 32 17 55 60	 => 276
 21 60 55 6 62 72	 => 276
 59 72 62 2 31 50	 => 276


===================[TEST 3]===================

##### START ##### Tue May 20 14:27:45 2003



##### CONVERGE ##### Tue May 20 14:29:24 2003

Elapsed time: 99 seconds
Total loop: 435 generations

Result : 270.311

6 14 42 70 78 64 15 10 72 35 16 65 74 12 21 29 69 44 33 39 63 25 79 22 9 4 57 56 59 51 18 75 47 1 60 77 31 5 54 27 28 53 36 19 61 50 52 49 26 62 67 20 17 8 73 76 37 45 43 24 55 68 48 3 11 32 46 80 23 58 71 30 2 13 38 66 7 40 34 41 

 6 14 42 70 78 64	 => 274
 15 64 78 10 72 35	 => 274
 16 35 72 65 74 12	 => 274
 42 21 29 69 44 70	 => 275
 78 70 44 33 39 10	 => 274
 72 10 39 63 25 65	 => 274
 74 65 25 79 22 9	 => 274
 29 4 57 56 59 69	 => 274
 44 69 59 51 18 33	 => 274
 39 33 18 75 47 63	 => 275
 25 63 47 1 60 79	 => 275
 22 79 60 77 31 5	 => 274
 57 54 27 28 53 56	 => 275
 59 56 53 36 19 51	 => 274
 18 51 19 61 50 75	 => 274
 47 75 50 52 49 1	 => 274
 60 1 49 26 62 77	 => 275
 31 77 62 67 20 17	 => 274
 53 28 8 73 76 36	 => 274
 19 36 76 37 45 61	 => 274
 50 61 45 43 24 52	 => 275
 49 52 24 55 68 26	 => 274
 62 26 68 48 3 67	 => 274
 76 73 11 32 46 37	 => 275
 45 37 46 80 23 43	 => 274
 24 43 23 58 71 55	 => 274
 68 55 71 30 2 48	 => 274
 46 32 13 38 66 80	 => 275
 23 80 66 7 40 58	 => 274
 71 58 40 34 41 30	 => 274


===================[TEST 4]===================

##### START ##### Tue May 20 14:29:24 2003



##### CONVERGE ##### Tue May 20 14:30:54 2003

Elapsed time: 90 seconds
Total loop: 393 generations

Result : 271.826

3 27 77 79 72 17 13 24 78 71 6 68 36 16 14 44 59 2 64 34 8 63 62 45 1 15 69 57 31 46 73 41 55 54 33 80 43 11 19 21 42 66 38 37 30 48 67 10 47 51 74 4 23 29 39 60 40 70 35 25 50 76 20 7 22 65 49 53 28 75 61 56 12 18 32 58 9 52 26 5 

 3 27 77 79 72 17	 => 275
 13 17 72 24 78 71	 => 275
 6 71 78 68 36 16	 => 275
 77 14 44 59 2 79	 => 275
 72 79 2 64 34 24	 => 275
 78 24 34 8 63 68	 => 275
 36 68 63 62 45 1	 => 275
 44 15 69 57 31 59	 => 275
 2 59 31 46 73 64	 => 275
 34 64 73 41 55 8	 => 275
 63 8 55 54 33 62	 => 275
 45 62 33 80 43 11	 => 274
 69 19 21 42 66 57	 => 274
 31 57 66 38 37 46	 => 275
 73 46 37 30 48 41	 => 275
 55 41 48 67 10 54	 => 275
 33 54 10 47 51 80	 => 275
 43 80 51 74 4 23	 => 275
 66 42 29 39 60 38	 => 274
 37 38 60 40 70 30	 => 275
 48 30 70 35 25 67	 => 275
 10 67 25 50 76 47	 => 275
 51 47 76 20 7 74	 => 275
 60 39 22 65 49 40	 => 275
 70 40 49 53 28 35	 => 275
 25 35 28 75 61 50	 => 274
 76 50 61 56 12 20	 => 275
 49 65 18 32 58 53	 => 275
 28 53 58 9 52 75	 => 275
 61 75 52 26 5 56	 => 275


===================[TEST 5]===================

##### START ##### Tue May 20 14:30:54 2003



##### CONVERGE ##### Tue May 20 14:32:05 2003

Elapsed time: 71 seconds
Total loop: 313 generations

Result : 267.417

9 15 51 76 54 65 3 34 45 69 56 61 38 2 8 42 73 21 60 25 59 46 58 20 47 18 37 64 36 67 13 50 63 16 28 75 62 27 6 66 68 29 52 22 48 70 40 32 41 78 23 31 1 35 14 72 19 57 11 44 39 74 49 5 33 55 77 80 26 71 79 17 12 4 24 30 10 53 43 7 

 9 15 51 76 54 65	 => 270
 3 65 54 34 45 69	 => 270
 56 69 45 61 38 2	 => 271
 51 8 42 73 21 76	 => 271
 54 76 21 60 25 34	 => 270
 45 34 25 59 46 61	 => 270
 38 61 46 58 20 47	 => 270
 42 18 37 64 36 73	 => 270
 21 73 36 67 13 60	 => 270
 25 60 13 50 63 59	 => 270
 46 59 63 16 28 58	 => 270
 20 58 28 75 62 27	 => 270
 37 6 66 68 29 64	 => 270
 36 64 29 52 22 67	 => 270
 13 67 22 48 70 50	 => 270
 63 50 70 40 32 16	 => 271
 28 16 32 41 78 75	 => 270
 62 75 78 23 31 1	 => 270
 29 68 35 14 72 52	 => 270
 22 52 72 19 57 48	 => 270
 70 48 57 11 44 40	 => 270
 32 40 44 39 74 41	 => 270
 78 41 74 49 5 23	 => 270
 72 14 33 55 77 19	 => 270
 57 19 77 80 26 11	 => 270
 44 11 26 71 79 39	 => 270
 74 39 79 17 12 49	 => 270
 77 55 4 24 30 80	 => 270
 26 80 30 10 53 71	 => 270
 79 71 53 43 7 17	 => 270



test#	fitness		sum		time
---------------------------------------------------
1	270.734				85
2	272.5				102
3	270.311				99
4	271.826				90
5	267.417				71


---------------------------------------------------
Best fitness      : 272.5 ( test# 2)
Shortest time     : 71 ( test# 5)

Average fitness   : 270.558
Average time      : 89.4
