****************** GA TEST *******************

total test#:			 5
hexa min width:			 3
hexa max width:			 6
hexa count:			 30
number count:			 80
population size:		 80
generation size:		 10

tournament winner p:		 0.98
do xover p:			 1
xover:				 2points
do mutation1 p:			 0.1
mutation1 p:			 0.05
do optimize p:			 0.98
local optimize count:		 8000
do deep better optimize p:	 1
do deep worse optimize p:	 0
do spin p:			 0
spin count:			 900
do spin apply p:		 1
do mutation2 p:			 0.1
mutation2 p:			 0.07
force mutation2:		 0
replace bad p:			 0.215

converge rate p:		 0.99
converge count:			 1

**********************************************


===================[TEST 1]===================

##### START ##### Tue May 20 14:32:08 2003



##### CONVERGE ##### Tue May 20 14:33:17 2003

Elapsed time: 69 seconds
Total loop: 303 generations

Result : 269.222

23 36 41 60 75 37 2 25 70 64 13 52 71 3 5 28 77 61 9 43 72 11 49 54 35 10 53 73 32 31 63 29 57 38 46 58 59 7 27 21 22 76 45 16 56 78 20 50 26 55 74 12 15 14 47 69 68 19 33 67 30 80 34 4 1 40 48 66 39 62 42 79 8 44 51 24 17 65 6 18 

 23 36 41 60 75 37	 => 272
 2 37 75 25 70 64	 => 273
 13 64 70 52 71 3	 => 273
 41 5 28 77 61 60	 => 272
 75 60 61 9 43 25	 => 273
 70 25 43 72 11 52	 => 273
 71 52 11 49 54 35	 => 272
 28 10 53 73 32 77	 => 273
 61 77 32 31 63 9	 => 273
 43 9 63 29 57 72	 => 273
 11 72 57 38 46 49	 => 273
 54 49 46 58 59 7	 => 273
 53 27 21 22 76 73	 => 272
 32 73 76 45 16 31	 => 273
 63 31 16 56 78 29	 => 273
 57 29 78 20 50 38	 => 272
 46 38 50 26 55 58	 => 273
 59 58 55 74 12 15	 => 273
 76 22 14 47 69 45	 => 273
 16 45 69 68 19 56	 => 273
 78 56 19 33 67 20	 => 273
 50 20 67 30 80 26	 => 273
 55 26 80 34 4 74	 => 273
 69 47 1 40 48 68	 => 273
 19 68 48 66 39 33	 => 273
 67 33 39 62 42 30	 => 273
 80 30 42 79 8 34	 => 273
 48 40 44 51 24 66	 => 273
 39 66 24 17 65 62	 => 273
 42 62 65 6 18 79	 => 272


===================[TEST 2]===================

##### START ##### Tue May 20 14:33:17 2003



##### CONVERGE ##### Tue May 20 14:34:35 2003

Elapsed time: 78 seconds
Total loop: 345 generations

Result : 268.722

56 10 71 55 64 17 2 44 76 69 16 37 59 15 6 63 58 19 68 22 28 65 33 74 4 3 45 67 36 38 53 30 70 25 51 57 43 14 8 49 79 24 60 46 66 39 77 31 35 72 75 5 20 7 54 48 29 23 41 26 61 42 47 1 11 52 78 80 21 50 73 40 9 18 12 32 27 62 34 13 

 56 10 71 55 64 17	 => 273
 2 17 64 44 76 69	 => 272
 16 69 76 37 59 15	 => 272
 71 6 63 58 19 55	 => 272
 64 55 19 68 22 44	 => 272
 76 44 22 28 65 37	 => 272
 59 37 65 33 74 4	 => 272
 63 3 45 67 36 58	 => 272
 19 58 36 38 53 68	 => 272
 22 68 53 30 70 28	 => 271
 65 28 70 25 51 33	 => 272
 74 33 51 57 43 14	 => 272
 45 8 49 79 24 67	 => 272
 36 67 24 60 46 38	 => 271
 53 38 46 66 39 30	 => 272
 70 30 39 77 31 25	 => 272
 51 25 31 35 72 57	 => 271
 43 57 72 75 5 20	 => 272
 24 79 7 54 48 60	 => 272
 46 60 48 29 23 66	 => 272
 39 66 23 41 26 77	 => 272
 31 77 26 61 42 35	 => 272
 72 35 42 47 1 75	 => 272
 48 54 11 52 78 29	 => 272
 23 29 78 80 21 41	 => 272
 26 41 21 50 73 61	 => 272
 42 61 73 40 9 47	 => 272
 78 52 18 12 32 80	 => 272
 21 80 32 27 62 50	 => 272
 73 50 62 34 13 40	 => 272


===================[TEST 3]===================

##### START ##### Tue May 20 14:34:35 2003



##### CONVERGE ##### Tue May 20 14:35:21 2003

Elapsed time: 46 seconds
Total loop: 202 generations

Result : 267.45

30 2 51 49 70 69 18 17 26 71 19 76 44 36 16 39 74 43 60 33 73 47 41 58 5 13 64 46 35 52 8 78 20 54 37 48 66 21 11 34 57 59 55 25 80 29 63 28 40 65 56 10 27 9 68 24 72 15 53 32 42 67 38 6 1 31 75 50 7 61 77 45 3 22 14 79 12 62 4 23 

 30 2 51 49 70 69	 => 271
 18 69 70 17 26 71	 => 271
 19 71 26 76 44 36	 => 272
 51 16 39 74 43 49	 => 272
 70 49 43 60 33 17	 => 272
 26 17 33 73 47 76	 => 272
 44 76 47 41 58 5	 => 271
 39 13 64 46 35 74	 => 271
 43 74 35 52 8 60	 => 272
 33 60 8 78 20 73	 => 272
 47 73 20 54 37 41	 => 272
 58 41 37 48 66 21	 => 271
 64 11 34 57 59 46	 => 271
 35 46 59 55 25 52	 => 272
 8 52 25 80 29 78	 => 272
 20 78 29 63 28 54	 => 272
 37 54 28 40 65 48	 => 272
 66 48 65 56 10 27	 => 272
 59 57 9 68 24 55	 => 272
 25 55 24 72 15 80	 => 271
 29 80 15 53 32 63	 => 272
 28 63 32 42 67 40	 => 272
 65 40 67 38 6 56	 => 272
 24 68 1 31 75 72	 => 271
 15 72 75 50 7 53	 => 272
 32 53 7 61 77 42	 => 272
 67 42 77 45 3 38	 => 272
 75 31 22 14 79 50	 => 271
 7 50 79 12 62 61	 => 271
 77 61 62 4 23 45	 => 272


===================[TEST 4]===================

##### START ##### Tue May 20 14:35:21 2003



##### CONVERGE ##### Tue May 20 14:36:20 2003

Elapsed time: 59 seconds
Total loop: 261 generations

Result : 269.856

13 46 73 51 75 15 4 38 76 65 19 45 66 3 8 37 63 41 47 21 29 64 59 22 17 25 61 69 18 54 50 58 68 5 48 78 55 11 16 12 36 79 39 14 77 20 80 43 27 72 35 23 10 33 26 60 53 30 42 24 32 67 71 1 7 74 52 40 56 49 70 31 2 44 6 57 9 62 28 34 

 13 46 73 51 75 15	 => 273
 4 15 75 38 76 65	 => 273
 19 65 76 45 66 3	 => 274
 73 8 37 63 41 51	 => 273
 75 51 41 47 21 38	 => 273
 76 38 21 29 64 45	 => 273
 66 45 64 59 22 17	 => 273
 37 25 61 69 18 63	 => 273
 41 63 18 54 50 47	 => 273
 21 47 50 58 68 29	 => 273
 64 29 68 5 48 59	 => 273
 22 59 48 78 55 11	 => 273
 61 16 12 36 79 69	 => 273
 18 69 79 39 14 54	 => 273
 50 54 14 77 20 58	 => 273
 68 58 20 80 43 5	 => 274
 48 5 43 27 72 78	 => 273
 55 78 72 35 23 10	 => 273
 79 36 33 26 60 39	 => 273
 14 39 60 53 30 77	 => 273
 20 77 30 42 24 80	 => 273
 43 80 24 32 67 27	 => 273
 72 27 67 71 1 35	 => 273
 60 26 7 74 52 53	 => 272
 30 53 52 40 56 42	 => 273
 24 42 56 49 70 32	 => 273
 67 32 70 31 2 71	 => 273
 52 74 44 6 57 40	 => 273
 56 40 57 9 62 49	 => 273
 70 49 62 28 34 31	 => 274


===================[TEST 5]===================

##### START ##### Tue May 20 14:36:21 2003



##### CONVERGE ##### Tue May 20 14:37:25 2003

Elapsed time: 64 seconds
Total loop: 282 generations

Result : 267.45

22 8 79 78 65 20 9 47 55 76 27 70 36 7 10 12 44 48 21 13 71 16 75 40 35 30 80 77 29 64 66 41 59 34 17 61 67 11 19 3 69 23 73 5 52 43 45 50 56 54 57 32 1 6 39 62 49 31 42 58 26 37 63 4 2 46 74 51 25 68 53 60 33 14 15 72 18 38 24 28 

 22 8 79 78 65 20	 => 272
 9 20 65 47 55 76	 => 272
 27 76 55 70 36 7	 => 271
 79 10 12 44 48 78	 => 271
 65 78 48 21 13 47	 => 272
 55 47 13 71 16 70	 => 272
 36 70 16 75 40 35	 => 272
 12 30 80 77 29 44	 => 272
 48 44 29 64 66 21	 => 272
 13 21 66 41 59 71	 => 271
 16 71 59 34 17 75	 => 272
 40 75 17 61 67 11	 => 271
 80 19 3 69 23 77	 => 271
 29 77 23 73 5 64	 => 271
 66 64 5 52 43 41	 => 271
 59 41 43 45 50 34	 => 272
 17 34 50 56 54 61	 => 272
 67 61 54 57 32 1	 => 272
 23 69 6 39 62 73	 => 272
 5 73 62 49 31 52	 => 272
 43 52 31 42 58 45	 => 271
 50 45 58 26 37 56	 => 272
 54 56 37 63 4 57	 => 271
 62 39 2 46 74 49	 => 272
 31 49 74 51 25 42	 => 272
 58 42 25 68 53 26	 => 272
 37 26 53 60 33 63	 => 272
 74 46 14 15 72 51	 => 272
 25 51 72 18 38 68	 => 272
 53 68 38 24 28 60	 => 271



test#	fitness		sum		time
---------------------------------------------------
1	269.222				69
2	268.722				78
3	267.45				46
4	269.856				59
5	267.45				64


---------------------------------------------------
Best fitness      : 269.856 ( test# 4)
Shortest time     : 46 ( test# 3)

Average fitness   : 268.54
Average time      : 63.2
