****************** GA TEST *******************

total test#:			 5
hexa min width:			 3
hexa max width:			 6
hexa count:			 30
number count:			 80
population size:		 80
generation size:		 10

tournament winner p:		 0.98
do xover p:			 1
xover:				 2points
do mutation1 p:			 0.1
mutation1 p:			 0.05
do optimize p:			 0.98
local optimize count:		 8000
do deep better optimize p:	 1
do deep worse optimize p:	 0
do spin p:			 0
spin count:			 900
do spin apply p:		 1
do mutation2 p:			 0.1
mutation2 p:			 0.07
force mutation2:		 0
replace bad p:			 0.175

converge rate p:		 0.99
converge count:			 1

**********************************************


===================[TEST 1]===================

##### START ##### Tue May 20 14:37:28 2003



##### CONVERGE ##### Tue May 20 14:38:19 2003

Elapsed time: 51 seconds
Total loop: 224 generations

Result : 269.056

22 11 45 71 75 49 5 28 61 55 7 39 70 42 17 47 79 14 64 21 66 58 46 52 8 36 53 40 19 67 31 41 50 15 38 77 54 6 10 25 76 69 60 18 57 59 73 35 30 78 48 12 4 2 34 33 63 43 29 13 51 72 37 9 1 68 74 20 44 80 56 32 26 24 23 65 3 62 27 16 

 22 11 45 71 75 49	 => 273
 5 49 75 28 61 55	 => 273
 7 55 61 39 70 42	 => 274
 45 17 47 79 14 71	 => 273
 75 71 14 64 21 28	 => 273
 61 28 21 66 58 39	 => 273
 70 39 58 46 52 8	 => 273
 47 36 53 40 19 79	 => 274
 14 79 19 67 31 64	 => 274
 21 64 31 41 50 66	 => 273
 58 66 50 15 38 46	 => 273
 52 46 38 77 54 6	 => 273
 53 10 25 76 69 40	 => 273
 19 40 69 60 18 67	 => 273
 31 67 18 57 59 41	 => 273
 50 41 59 73 35 15	 => 273
 38 15 35 30 78 77	 => 273
 54 77 78 48 12 4	 => 273
 69 76 2 34 33 60	 => 274
 18 60 33 63 43 57	 => 274
 59 57 43 29 13 73	 => 274
 35 73 13 51 72 30	 => 274
 78 30 72 37 9 48	 => 274
 33 34 1 68 74 63	 => 273
 43 63 74 20 44 29	 => 273
 13 29 44 80 56 51	 => 273
 72 51 56 32 26 37	 => 274
 74 68 24 23 65 20	 => 274
 44 20 65 3 62 80	 => 274
 56 80 62 27 16 32	 => 273


===================[TEST 2]===================

##### START ##### Tue May 20 14:38:19 2003



##### CONVERGE ##### Tue May 20 14:39:12 2003

Elapsed time: 53 seconds
Total loop: 232 generations

Result : 268.56

37 1 64 58 35 77 9 63 61 27 23 79 62 20 16 18 70 46 49 21 41 7 80 10 34 28 45 68 44 42 22 74 65 19 60 53 67 2 14 17 50 78 29 11 52 71 30 13 51 76 56 15 5 8 48 59 66 55 33 31 72 75 12 3 6 54 39 43 36 69 32 57 24 25 38 73 4 47 40 26 

 37 1 64 58 35 77	 => 272
 9 77 35 63 61 27	 => 272
 23 27 61 79 62 20	 => 272
 64 16 18 70 46 58	 => 272
 35 58 46 49 21 63	 => 272
 61 63 21 41 7 79	 => 272
 62 79 7 80 10 34	 => 272
 18 28 45 68 44 70	 => 273
 46 70 44 42 22 49	 => 273
 21 49 22 74 65 41	 => 272
 7 41 65 19 60 80	 => 272
 10 80 60 53 67 2	 => 272
 45 14 17 50 78 68	 => 272
 44 68 78 29 11 42	 => 272
 22 42 11 52 71 74	 => 272
 65 74 71 30 13 19	 => 272
 60 19 13 51 76 53	 => 272
 67 53 76 56 15 5	 => 272
 78 50 8 48 59 29	 => 272
 11 29 59 66 55 52	 => 272
 71 52 55 33 31 30	 => 272
 13 30 31 72 75 51	 => 272
 76 51 75 12 3 56	 => 273
 59 48 6 54 39 66	 => 272
 55 66 39 43 36 33	 => 272
 31 33 36 69 32 72	 => 273
 75 72 32 57 24 12	 => 272
 39 54 25 38 73 43	 => 272
 36 43 73 4 47 69	 => 272
 32 69 47 40 26 57	 => 271


===================[TEST 3]===================

##### START ##### Tue May 20 14:39:12 2003



##### CONVERGE ##### Tue May 20 14:41:01 2003

Elapsed time: 109 seconds
Total loop: 482 generations

Result : 271.56

38 15 51 77 69 25 1 45 71 65 2 63 68 6 11 43 58 35 26 23 16 57 54 30 3 18 14 66 76 21 59 72 80 13 55 70 56 10 36 5 75 79 12 22 74 27 39 44 31 62 47 33 8 4 32 73 48 46 40 49 34 78 37 20 19 42 61 52 28 60 64 53 9 29 24 67 17 50 7 41 

 38 15 51 77 69 25	 => 275
 1 25 69 45 71 65	 => 276
 2 65 71 63 68 6	 => 275
 51 11 43 58 35 77	 => 275
 69 77 35 26 23 45	 => 275
 71 45 23 16 57 63	 => 275
 68 63 57 54 30 3	 => 275
 43 18 14 66 76 58	 => 275
 35 58 76 21 59 26	 => 275
 23 26 59 72 80 16	 => 276
 57 16 80 13 55 54	 => 275
 30 54 55 70 56 10	 => 275
 14 36 5 75 79 66	 => 275
 76 66 79 12 22 21	 => 276
 59 21 22 74 27 72	 => 275
 80 72 27 39 44 13	 => 275
 55 13 44 31 62 70	 => 275
 56 70 62 47 33 8	 => 276
 79 75 4 32 73 12	 => 275
 22 12 73 48 46 74	 => 275
 27 74 46 40 49 39	 => 275
 44 39 49 34 78 31	 => 275
 62 31 78 37 20 47	 => 275
 73 32 19 42 61 48	 => 275
 46 48 61 52 28 40	 => 275
 49 40 28 60 64 34	 => 275
 78 34 64 53 9 37	 => 275
 61 42 29 24 67 52	 => 275
 28 52 67 17 50 60	 => 274
 64 60 50 7 41 53	 => 275


===================[TEST 4]===================

##### START ##### Tue May 20 14:41:01 2003



##### CONVERGE ##### Tue May 20 14:42:20 2003

Elapsed time: 79 seconds
Total loop: 343 generations

Result : 269.833

26 8 35 71 60 73 3 24 54 59 34 62 45 20 18 40 80 29 46 43 23 67 63 22 14 16 41 77 19 51 48 49 65 11 44 79 56 9 4 39 52 61 58 7 42 76 25 47 28 64 57 15 2 32 1 70 27 69 6 55 68 50 38 36 31 78 66 72 33 74 37 75 5 17 10 30 12 53 21 13 

 26 8 35 71 60 73	 => 273
 3 73 60 24 54 59	 => 273
 34 59 54 62 45 20	 => 274
 35 18 40 80 29 71	 => 273
 60 71 29 46 43 24	 => 273
 54 24 43 23 67 62	 => 273
 45 62 67 63 22 14	 => 273
 40 16 41 77 19 80	 => 273
 29 80 19 51 48 46	 => 273
 43 46 48 49 65 23	 => 274
 67 23 65 11 44 63	 => 273
 22 63 44 79 56 9	 => 273
 41 4 39 52 61 77	 => 274
 19 77 61 58 7 51	 => 273
 48 51 7 42 76 49	 => 273
 65 49 76 25 47 11	 => 273
 44 11 47 28 64 79	 => 273
 56 79 64 57 15 2	 => 273
 61 52 32 1 70 58	 => 274
 7 58 70 27 69 42	 => 273
 76 42 69 6 55 25	 => 273
 47 25 55 68 50 28	 => 273
 64 28 50 38 36 57	 => 273
 70 1 31 78 66 27	 => 273
 69 27 66 72 33 6	 => 273
 55 6 33 74 37 68	 => 273
 50 68 37 75 5 38	 => 273
 66 78 17 10 30 72	 => 273
 33 72 30 12 53 74	 => 274
 37 74 53 21 13 75	 => 273


===================[TEST 5]===================

##### START ##### Tue May 20 14:42:20 2003



##### CONVERGE ##### Tue May 20 14:43:11 2003

Elapsed time: 51 seconds
Total loop: 225 generations

Result : 266.56

4 39 43 53 75 56 26 17 32 64 10 78 15 71 9 34 59 72 18 35 70 38 68 13 58 22 48 76 31 21 69 51 27 23 44 66 54 25 5 20 74 47 37 57 7 65 77 28 29 80 40 19 11 3 30 79 36 55 42 24 52 60 45 16 2 61 63 41 33 73 46 67 1 6 50 49 12 62 14 8 

 4 39 43 53 75 56	 => 270
 26 56 75 17 32 64	 => 270
 10 64 32 78 15 71	 => 270
 43 9 34 59 72 53	 => 270
 75 53 72 18 35 17	 => 270
 32 17 35 70 38 78	 => 270
 15 78 38 68 13 58	 => 270
 34 22 48 76 31 59	 => 270
 72 59 31 21 69 18	 => 270
 35 18 69 51 27 70	 => 270
 38 70 27 23 44 68	 => 270
 13 68 44 66 54 25	 => 270
 48 5 20 74 47 76	 => 270
 31 76 47 37 57 21	 => 269
 69 21 57 7 65 51	 => 270
 27 51 65 77 28 23	 => 271
 44 23 28 29 80 66	 => 270
 54 66 80 40 19 11	 => 270
 47 74 3 30 79 37	 => 270
 57 37 79 36 55 7	 => 271
 65 7 55 42 24 77	 => 270
 28 77 24 52 60 29	 => 270
 80 29 60 45 16 40	 => 270
 79 30 2 61 63 36	 => 271
 55 36 63 41 33 42	 => 270
 24 42 33 73 46 52	 => 270
 60 52 46 67 1 45	 => 271
 63 61 6 50 49 41	 => 270
 33 41 49 12 62 73	 => 270
 46 73 62 14 8 67	 => 270



test#	fitness		sum		time
---------------------------------------------------
1	269.056				51
2	268.56				53
3	271.56				109
4	269.833				79
5	266.56				51


---------------------------------------------------
Best fitness      : 271.56 ( test# 3)
Shortest time     : 51 ( test# 1)

Average fitness   : 269.114
Average time      : 68.6
