****************** GA TEST *******************

total test#:			 5
hexa min width:			 3
hexa max width:			 6
hexa count:			 30
number count:			 80
population size:		 80
generation size:		 10

tournament winner p:		 0.98
do xover p:			 1
xover:				 2points
do mutation1 p:			 0.1
mutation1 p:			 0.05
do optimize p:			 1
local optimize count:		 8000
do deep better optimize p:	 1
do deep worse optimize p:	 0
do spin p:			 0
spin count:			 900
do spin apply p:		 1
do mutation2 p:			 0.1
mutation2 p:			 0.07
force mutation2:		 0
replace bad p:			 0.195

converge rate p:		 0.99
converge count:			 1

**********************************************


===================[TEST 1]===================

##### START ##### Tue May 20 14:43:13 2003



##### CONVERGE ##### Tue May 20 14:44:25 2003

Elapsed time: 72 seconds
Total loop: 311 generations

Result : 267.601

5 8 80 33 78 67 2 26 70 29 9 71 28 64 13 39 61 46 54 35 17 53 60 58 1 22 47 57 45 30 36 56 74 27 41 72 25 15 4 24 76 63 66 10 65 75 19 21 32 79 62 31 3 18 14 34 55 42 12 59 68 73 20 6 40 52 77 48 38 44 51 49 11 7 37 50 23 69 16 43 

 5 8 80 33 78 67	 => 271
 2 67 78 26 70 29	 => 272
 9 29 70 71 28 64	 => 271
 80 13 39 61 46 33	 => 272
 78 33 46 54 35 26	 => 272
 70 26 35 17 53 71	 => 272
 28 71 53 60 58 1	 => 271
 39 22 47 57 45 61	 => 271
 46 61 45 30 36 54	 => 272
 35 54 36 56 74 17	 => 272
 53 17 74 27 41 60	 => 272
 58 60 41 72 25 15	 => 271
 47 4 24 76 63 57	 => 271
 45 57 63 66 10 30	 => 271
 36 30 10 65 75 56	 => 272
 74 56 75 19 21 27	 => 272
 41 27 21 32 79 72	 => 272
 25 72 79 62 31 3	 => 272
 63 76 18 14 34 66	 => 271
 10 66 34 55 42 65	 => 272
 75 65 42 12 59 19	 => 272
 21 19 59 68 73 32	 => 272
 79 32 73 20 6 62	 => 272
 34 14 40 52 77 55	 => 272
 42 55 77 48 38 12	 => 272
 59 12 38 44 51 68	 => 272
 73 68 51 49 11 20	 => 272
 77 52 7 37 50 48	 => 271
 38 48 50 23 69 44	 => 272
 51 44 69 16 43 49	 => 272


===================[TEST 2]===================

##### START ##### Tue May 20 14:44:25 2003



##### CONVERGE ##### Tue May 20 14:45:33 2003

Elapsed time: 68 seconds
Total loop: 294 generations

Result : 270.111

7 65 47 72 67 16 9 33 71 78 23 55 29 18 11 8 76 60 15 27 43 46 80 52 12 17 69 66 38 26 59 74 56 40 10 79 50 3 24 20 25 70 61 13 57 45 39 21 51 73 37 5 30 14 42 62 28 53 31 49 36 77 34 2 4 63 75 54 32 68 58 64 6 22 19 41 44 35 48 1 

 7 65 47 72 67 16	 => 274
 9 16 67 33 71 78	 => 274
 23 78 71 55 29 18	 => 274
 47 11 8 76 60 72	 => 274
 67 72 60 15 27 33	 => 274
 71 33 27 43 46 55	 => 275
 29 55 46 80 52 12	 => 274
 8 17 69 66 38 76	 => 274
 60 76 38 26 59 15	 => 274
 27 15 59 74 56 43	 => 274
 46 43 56 40 10 80	 => 275
 52 80 10 79 50 3	 => 274
 69 24 20 25 70 66	 => 274
 38 66 70 61 13 26	 => 274
 59 26 13 57 45 74	 => 274
 56 74 45 39 21 40	 => 275
 10 40 21 51 73 79	 => 274
 50 79 73 37 5 30	 => 274
 70 25 14 42 62 61	 => 274
 13 61 62 28 53 57	 => 274
 45 57 53 31 49 39	 => 274
 21 39 49 36 77 51	 => 273
 73 51 77 34 2 37	 => 274
 62 42 4 63 75 28	 => 274
 53 28 75 54 32 31	 => 273
 49 31 32 68 58 36	 => 274
 77 36 58 64 6 34	 => 275
 75 63 22 19 41 54	 => 274
 32 54 41 44 35 68	 => 274
 58 68 35 48 1 64	 => 274


===================[TEST 3]===================

##### START ##### Tue May 20 14:45:33 2003



##### CONVERGE ##### Tue May 20 14:46:44 2003

Elapsed time: 71 seconds
Total loop: 304 generations

Result : 269.856

54 9 64 47 60 39 12 36 65 61 7 77 55 8 15 49 42 56 24 50 19 26 78 34 3 16 76 62 28 48 75 46 59 70 22 66 63 10 4 25 33 74 44 17 68 18 53 27 31 57 69 5 13 21 43 58 20 67 35 32 51 79 14 23 40 71 41 80 30 52 73 45 11 6 37 38 1 72 2 29 

 54 9 64 47 60 39	 => 273
 12 39 60 36 65 61	 => 273
 7 61 65 77 55 8	 => 273
 64 15 49 42 56 47	 => 273
 60 47 56 24 50 36	 => 273
 65 36 50 19 26 77	 => 273
 55 77 26 78 34 3	 => 273
 49 16 76 62 28 42	 => 273
 56 42 28 48 75 24	 => 273
 50 24 75 46 59 19	 => 273
 26 19 59 70 22 78	 => 274
 34 78 22 66 63 10	 => 273
 76 4 25 33 74 62	 => 274
 28 62 74 44 17 48	 => 273
 75 48 17 68 18 46	 => 272
 59 46 18 53 27 70	 => 273
 22 70 27 31 57 66	 => 273
 63 66 57 69 5 13	 => 273
 74 33 21 43 58 44	 => 273
 17 44 58 20 67 68	 => 274
 18 68 67 35 32 53	 => 273
 27 53 32 51 79 31	 => 273
 57 31 79 14 23 69	 => 273
 58 43 40 71 41 20	 => 273
 67 20 41 80 30 35	 => 273
 32 35 30 52 73 51	 => 273
 79 51 73 45 11 14	 => 273
 41 71 6 37 38 80	 => 273
 30 80 38 1 72 52	 => 273
 73 52 72 2 29 45	 => 273


===================[TEST 4]===================

##### START ##### Tue May 20 14:46:44 2003



##### CONVERGE ##### Tue May 20 14:48:38 2003

Elapsed time: 114 seconds
Total loop: 493 generations

Result : 271.221

37 8 53 66 60 50 36 10 78 40 4 59 69 24 1 51 55 48 72 19 80 28 75 29 14 5 54 68 41 45 13 79 11 34 46 65 39 20 3 26 52 71 32 17 76 44 57 49 6 74 67 7 22 9 47 63 42 43 33 21 64 77 23 27 15 35 73 58 25 61 70 38 2 16 30 62 12 56 18 31 

 37 8 53 66 60 50	 => 274
 36 50 60 10 78 40	 => 274
 4 40 78 59 69 24	 => 274
 53 1 51 55 48 66	 => 274
 60 66 48 72 19 10	 => 275
 78 10 19 80 28 59	 => 274
 69 59 28 75 29 14	 => 274
 51 5 54 68 41 55	 => 274
 48 55 41 45 13 72	 => 274
 19 72 13 79 11 80	 => 274
 28 80 11 34 46 75	 => 274
 29 75 46 65 39 20	 => 274
 54 3 26 52 71 68	 => 274
 41 68 71 32 17 45	 => 274
 13 45 17 76 44 79	 => 274
 11 79 44 57 49 34	 => 274
 46 34 49 6 74 65	 => 274
 39 65 74 67 7 22	 => 274
 71 52 9 47 63 32	 => 274
 17 32 63 42 43 76	 => 273
 44 76 43 33 21 57	 => 274
 49 57 21 64 77 6	 => 274
 74 6 77 23 27 67	 => 274
 63 47 15 35 73 42	 => 275
 43 42 73 58 25 33	 => 274
 21 33 25 61 70 64	 => 274
 77 64 70 38 2 23	 => 274
 73 35 16 30 62 58	 => 274
 25 58 62 12 56 61	 => 274
 70 61 56 18 31 38	 => 274


===================[TEST 5]===================

##### START ##### Tue May 20 14:48:38 2003



##### CONVERGE ##### Tue May 20 14:50:36 2003

Elapsed time: 118 seconds
Total loop: 508 generations

Result : 270.622

15 20 78 22 72 68 8 19 57 50 21 45 71 30 27 17 69 61 53 48 42 63 38 43 14 2 56 75 55 11 25 79 28 29 74 46 60 13 6 24 47 66 36 31 77 51 64 23 26 76 73 7 12 10 62 54 35 41 9 32 70 59 39 1 4 40 80 65 44 67 52 49 5 18 34 37 3 58 16 33 

 15 20 78 22 72 68	 => 275
 8 68 72 19 57 50	 => 274
 21 50 57 45 71 30	 => 274
 78 27 17 69 61 22	 => 274
 72 22 61 53 48 19	 => 275
 57 19 48 42 63 45	 => 274
 71 45 63 38 43 14	 => 274
 17 2 56 75 55 69	 => 274
 61 69 55 11 25 53	 => 274
 48 53 25 79 28 42	 => 275
 63 42 28 29 74 38	 => 274
 43 38 74 46 60 13	 => 274
 56 6 24 47 66 75	 => 274
 55 75 66 36 31 11	 => 274
 25 11 31 77 51 79	 => 274
 28 79 51 64 23 29	 => 274
 74 29 23 26 76 46	 => 274
 60 46 76 73 7 12	 => 274
 66 47 10 62 54 36	 => 275
 31 36 54 35 41 77	 => 274
 51 77 41 9 32 64	 => 274
 23 64 32 70 59 26	 => 274
 76 26 59 39 1 73	 => 274
 54 62 4 40 80 35	 => 275
 41 35 80 65 44 9	 => 274
 32 9 44 67 52 70	 => 274
 59 70 52 49 5 39	 => 274
 80 40 18 34 37 65	 => 274
 44 65 37 3 58 67	 => 274
 52 67 58 16 33 49	 => 275



test#	fitness		sum		time
---------------------------------------------------
1	267.601				72
2	270.111				68
3	269.856				71
4	271.221				114
5	270.622				118


---------------------------------------------------
Best fitness      : 271.221 ( test# 4)
Shortest time     : 68 ( test# 2)

Average fitness   : 269.882
Average time      : 88.6
