****************** GA TEST *******************

total test#:			 5
hexa min width:			 3
hexa max width:			 6
hexa count:			 30
number count:			 80
population size:		 70
generation size:		 10

tournament winner p:		 0.98
do xover p:			 1
xover:				 2points
do mutation1 p:			 0.1
mutation1 p:			 0.05
do optimize p:			 1
local optimize count:		 8000
do deep better optimize p:	 1
do deep worse optimize p:	 0
do spin p:			 0
spin count:			 900
do spin apply p:		 1
do mutation2 p:			 0.1
mutation2 p:			 0.07
force mutation2:		 0
replace bad p:			 0.195

converge rate p:		 0.99
converge count:			 1

**********************************************


===================[TEST 1]===================

##### START ##### Tue May 20 10:22:27 2003



##### CONVERGE ##### Tue May 20 10:23:57 2003

Elapsed time: 90 seconds
Total loop: 386 generations

Result : 272.154

11 28 74 47 69 46 10 2 73 75 4 54 61 8 18 27 67 42 51 64 25 57 80 9 14 17 49 60 55 20 40 56 39 44 30 58 66 32 13 22 63 68 48 24 59 76 41 19 72 52 71 21 7 3 15 77 31 35 26 38 62 43 36 1 29 45 79 70 34 37 78 50 6 5 23 53 16 65 12 33 

 11 28 74 47 69 46	 => 275
 10 46 69 2 73 75	 => 275
 4 75 73 54 61 8	 => 275
 74 18 27 67 42 47	 => 275
 69 47 42 51 64 2	 => 275
 73 2 64 25 57 54	 => 275
 61 54 57 80 9 14	 => 275
 27 17 49 60 55 67	 => 275
 42 67 55 20 40 51	 => 275
 64 51 40 56 39 25	 => 275
 57 25 39 44 30 80	 => 275
 9 80 30 58 66 32	 => 275
 49 13 22 63 68 60	 => 275
 55 60 68 48 24 20	 => 275
 40 20 24 59 76 56	 => 275
 39 56 76 41 19 44	 => 275
 30 44 19 72 52 58	 => 275
 66 58 52 71 21 7	 => 275
 68 63 3 15 77 48	 => 274
 24 48 77 31 35 59	 => 274
 76 59 35 26 38 41	 => 275
 19 41 38 62 43 72	 => 275
 52 72 43 36 1 71	 => 275
 77 15 29 45 79 31	 => 276
 35 31 79 70 34 26	 => 275
 38 26 34 37 78 62	 => 275
 43 62 78 50 6 36	 => 275
 79 45 5 23 53 70	 => 275
 34 70 53 16 65 37	 => 275
 78 37 65 12 33 50	 => 275


===================[TEST 2]===================

##### START ##### Tue May 20 10:23:57 2003



##### CONVERGE ##### Tue May 20 10:25:17 2003

Elapsed time: 80 seconds
Total loop: 344 generations

Result : 271.45

3 25 51 57 61 79 7 12 64 53 5 80 29 44 4 30 65 69 40 37 35 48 60 33 26 6 73 56 45 38 18 76 70 22 41 63 62 17 24 10 39 74 54 8 78 58 19 31 46 72 43 13 23 20 42 47 52 36 34 50 59 71 28 16 1 66 68 77 9 75 49 67 2 11 21 32 27 55 15 14 

 3 25 51 57 61 79	 => 276
 7 79 61 12 64 53	 => 276
 5 53 64 80 29 44	 => 275
 51 4 30 65 69 57	 => 276
 61 57 69 40 37 12	 => 276
 64 12 37 35 48 80	 => 276
 29 80 48 60 33 26	 => 276
 30 6 73 56 45 65	 => 275
 69 65 45 38 18 40	 => 275
 37 40 18 76 70 35	 => 276
 48 35 70 22 41 60	 => 276
 33 60 41 63 62 17	 => 276
 73 24 10 39 74 56	 => 276
 45 56 74 54 8 38	 => 275
 18 38 8 78 58 76	 => 276
 70 76 58 19 31 22	 => 276
 41 22 31 46 72 63	 => 275
 62 63 72 43 13 23	 => 276
 74 39 20 42 47 54	 => 276
 8 54 47 52 36 78	 => 275
 58 78 36 34 50 19	 => 275
 31 19 50 59 71 46	 => 276
 72 46 71 28 16 43	 => 276
 47 42 1 66 68 52	 => 276
 36 52 68 77 9 34	 => 276
 50 34 9 75 49 59	 => 276
 71 59 49 67 2 28	 => 276
 68 66 11 21 32 77	 => 275
 9 77 32 27 55 75	 => 275
 49 75 55 15 14 67	 => 275


===================[TEST 3]===================

##### START ##### Tue May 20 10:25:17 2003



##### CONVERGE ##### Tue May 20 10:25:50 2003

Elapsed time: 33 seconds
Total loop: 144 generations

Result : 267.45

14 23 80 49 70 35 6 21 63 76 11 37 74 10 20 22 72 28 60 43 39 68 45 42 5 15 55 64 44 29 38 26 65 18 36 78 52 19 1 30 50 71 9 54 47 77 53 33 34 73 56 4 8 40 32 69 41 51 27 17 59 75 2 31 24 57 48 58 46 61 62 66 7 16 13 79 25 3 12 67 

 14 23 80 49 70 35	 => 271
 6 35 70 21 63 76	 => 271
 11 76 63 37 74 10	 => 271
 80 20 22 72 28 49	 => 271
 70 49 28 60 43 21	 => 271
 63 21 43 39 68 37	 => 271
 74 37 68 45 42 5	 => 271
 22 15 55 64 44 72	 => 272
 28 72 44 29 38 60	 => 271
 43 60 38 26 65 39	 => 271
 68 39 65 18 36 45	 => 271
 42 45 36 78 52 19	 => 272
 55 1 30 50 71 64	 => 271
 44 64 71 9 54 29	 => 271
 38 29 54 47 77 26	 => 271
 65 26 77 53 33 18	 => 272
 36 18 33 34 73 78	 => 272
 52 78 73 56 4 8	 => 271
 71 50 40 32 69 9	 => 271
 54 9 69 41 51 47	 => 271
 77 47 51 27 17 53	 => 272
 33 53 17 59 75 34	 => 271
 73 34 75 2 31 56	 => 271
 69 32 24 57 48 41	 => 271
 51 41 48 58 46 27	 => 271
 17 27 46 61 62 59	 => 272
 75 59 62 66 7 2	 => 271
 48 57 16 13 79 58	 => 271
 46 58 79 25 3 61	 => 272
 62 61 3 12 67 66	 => 271


===================[TEST 4]===================

##### START ##### Tue May 20 10:25:50 2003



##### CONVERGE ##### Tue May 20 10:26:34 2003

Elapsed time: 44 seconds
Total loop: 188 generations

Result : 267.5

12 10 49 56 70 75 6 33 38 50 39 69 68 8 5 26 78 57 24 32 46 54 34 43 4 7 40 80 42 1 71 37 62 16 60 64 53 18 51 23 17 61 76 11 79 73 19 66 22 45 63 20 27 3 67 48 31 28 29 44 47 74 55 14 2 52 72 77 35 59 58 25 13 41 9 21 15 65 36 30 

 12 10 49 56 70 75	 => 272
 6 75 70 33 38 50	 => 272
 39 50 38 69 68 8	 => 272
 49 5 26 78 57 56	 => 271
 70 56 57 24 32 33	 => 272
 38 33 32 46 54 69	 => 272
 68 69 54 34 43 4	 => 272
 26 7 40 80 42 78	 => 273
 57 78 42 1 71 24	 => 273
 32 24 71 37 62 46	 => 272
 54 46 62 16 60 34	 => 272
 43 34 60 64 53 18	 => 272
 40 51 23 17 61 80	 => 272
 42 80 61 76 11 1	 => 271
 71 1 11 79 73 37	 => 272
 62 37 73 19 66 16	 => 273
 60 16 66 22 45 64	 => 273
 53 64 45 63 20 27	 => 272
 61 17 3 67 48 76	 => 272
 11 76 48 31 28 79	 => 273
 73 79 28 29 44 19	 => 272
 66 19 44 47 74 22	 => 272
 45 22 74 55 14 63	 => 273
 48 67 2 52 72 31	 => 272
 28 31 72 77 35 29	 => 272
 44 29 35 59 58 47	 => 272
 74 47 58 25 13 55	 => 272
 72 52 41 9 21 77	 => 272
 35 77 21 15 65 59	 => 272
 58 59 65 36 30 25	 => 273


===================[TEST 5]===================

##### START ##### Tue May 20 10:26:34 2003



##### CONVERGE ##### Tue May 20 10:27:53 2003

Elapsed time: 79 seconds
Total loop: 341 generations

Result : 269.45

13 17 77 59 63 44 1 56 47 62 16 57 80 11 2 21 78 36 12 48 30 35 75 23 3 7 41 58 68 14 65 73 45 28 60 67 29 19 9 31 71 64 18 51 38 33 55 39 5 74 50 20 34 26 24 70 27 69 37 42 53 79 22 43 10 66 76 49 15 72 54 61 4 25 6 52 40 46 32 8 

 13 17 77 59 63 44	 => 273
 1 44 63 56 47 62	 => 273
 16 62 47 57 80 11	 => 273
 77 2 21 78 36 59	 => 273
 63 59 36 12 48 56	 => 274
 47 56 48 30 35 57	 => 273
 80 57 35 75 23 3	 => 273
 21 7 41 58 68 78	 => 273
 36 78 68 14 65 12	 => 273
 48 12 65 73 45 30	 => 273
 35 30 45 28 60 75	 => 273
 23 75 60 67 29 19	 => 273
 41 9 31 71 64 58	 => 274
 68 58 64 18 51 14	 => 273
 65 14 51 38 33 73	 => 274
 45 73 33 55 39 28	 => 273
 60 28 39 5 74 67	 => 273
 29 67 74 50 20 34	 => 274
 64 71 26 24 70 18	 => 273
 51 18 70 27 69 38	 => 273
 33 38 69 37 42 55	 => 274
 39 55 42 53 79 5	 => 273
 74 5 79 22 43 50	 => 273
 70 24 10 66 76 27	 => 273
 69 27 76 49 15 37	 => 273
 42 37 15 72 54 53	 => 273
 79 53 54 61 4 22	 => 273
 76 66 25 6 52 49	 => 274
 15 49 52 40 46 72	 => 274
 54 72 46 32 8 61	 => 273



test#	fitness		sum		time
---------------------------------------------------
1	272.154				90
2	271.45				80
3	267.45				33
4	267.5				44
5	269.45				79


---------------------------------------------------
Best fitness      : 272.154 ( test# 1)
Shortest time     : 33 ( test# 3)

Average fitness   : 269.601
Average time      : 65.2
