****************** GA TEST *******************

total test#:			 5
hexa min width:			 3
hexa max width:			 6
hexa count:			 30
number count:			 80
population size:		 80
generation size:		 10

tournament winner p:		 0.98
do xover p:			 1
xover:				 2points
do mutation1 p:			 0.1
mutation1 p:			 0.05
do optimize p:			 0.96
local optimize count:		 8000
do deep better optimize p:	 1
do deep worse optimize p:	 0
do spin p:			 0
spin count:			 900
do spin apply p:		 1
do mutation2 p:			 0.1
mutation2 p:			 0.07
force mutation2:		 0
replace bad p:			 0.195

converge rate p:		 0.99
converge count:			 1

**********************************************


===================[TEST 1]===================

##### START ##### Tue May 20 14:50:38 2003



##### CONVERGE ##### Tue May 20 14:51:22 2003

Elapsed time: 44 seconds
Total loop: 196 generations

Result : 267.323

32 14 62 69 46 48 2 70 30 75 18 56 77 16 7 39 65 29 27 31 61 23 63 44 9 3 43 67 55 17 79 25 49 37 38 64 36 26 13 11 80 58 41 34 76 40 50 71 5 57 66 33 15 28 45 19 60 42 12 52 22 72 21 51 6 74 68 54 35 73 78 59 20 4 24 47 10 53 1 8 

 32 14 62 69 46 48	 => 271
 2 48 46 70 30 75	 => 271
 18 75 30 56 77 16	 => 272
 62 7 39 65 29 69	 => 271
 46 69 29 27 31 70	 => 272
 30 70 31 61 23 56	 => 271
 77 56 23 63 44 9	 => 272
 39 3 43 67 55 65	 => 272
 29 65 55 17 79 27	 => 272
 31 27 79 25 49 61	 => 272
 23 61 49 37 38 63	 => 271
 44 63 38 64 36 26	 => 271
 43 13 11 80 58 67	 => 272
 55 67 58 41 34 17	 => 272
 79 17 34 76 40 25	 => 271
 49 25 40 50 71 37	 => 272
 38 37 71 5 57 64	 => 272
 36 64 57 66 33 15	 => 271
 58 80 28 45 19 41	 => 271
 34 41 19 60 42 76	 => 272
 40 76 42 12 52 50	 => 272
 71 50 52 22 72 5	 => 272
 57 5 72 21 51 66	 => 272
 19 45 6 74 68 60	 => 272
 42 60 68 54 35 12	 => 271
 52 12 35 73 78 22	 => 272
 72 22 78 59 20 21	 => 272
 68 74 4 24 47 54	 => 271
 35 54 47 10 53 73	 => 272
 78 73 53 1 8 59	 => 272


===================[TEST 2]===================

##### START ##### Tue May 20 14:51:22 2003



##### CONVERGE ##### Tue May 20 14:53:05 2003

Elapsed time: 103 seconds
Total loop: 463 generations

Result : 273.217

14 19 53 75 80 35 11 13 73 64 2 62 63 12 5 41 78 24 36 48 33 47 67 21 15 23 54 58 22 57 59 31 69 8 52 74 25 37 27 9 49 79 26 34 29 66 56 45 42 55 76 16 30 10 40 72 71 44 38 43 39 51 46 6 4 61 28 77 18 70 68 65 7 32 17 60 1 50 3 20 

 14 19 53 75 80 35	 => 276
 11 35 80 13 73 64	 => 276
 2 64 73 62 63 12	 => 276
 53 5 41 78 24 75	 => 276
 80 75 24 36 48 13	 => 276
 73 13 48 33 47 62	 => 276
 63 62 47 67 21 15	 => 275
 41 23 54 58 22 78	 => 276
 24 78 22 57 59 36	 => 276
 48 36 59 31 69 33	 => 276
 47 33 69 8 52 67	 => 276
 21 67 52 74 25 37	 => 276
 54 27 9 49 79 58	 => 276
 22 58 79 26 34 57	 => 276
 59 57 34 29 66 31	 => 276
 69 31 66 56 45 8	 => 275
 52 8 45 42 55 74	 => 276
 25 74 55 76 16 30	 => 276
 79 49 10 40 72 26	 => 276
 34 26 72 71 44 29	 => 276
 66 29 44 38 43 56	 => 276
 45 56 43 39 51 42	 => 276
 55 42 51 46 6 76	 => 276
 72 40 4 61 28 71	 => 276
 44 71 28 77 18 38	 => 276
 43 38 18 70 68 39	 => 276
 51 39 68 65 7 46	 => 276
 28 61 32 17 60 77	 => 275
 18 77 60 1 50 70	 => 276
 68 70 50 3 20 65	 => 276


===================[TEST 3]===================

##### START ##### Tue May 20 14:53:05 2003



##### CONVERGE ##### Tue May 20 14:54:08 2003

Elapsed time: 63 seconds
Total loop: 282 generations

Result : 269.984

25 2 42 79 58 68 3 14 62 69 15 71 51 6 11 66 36 40 55 28 50 49 78 24 1 12 23 74 63 13 67 29 45 43 9 70 77 16 18 34 52 72 31 21 80 64 59 33 46 73 41 5 8 32 27 60 75 7 38 26 56 54 37 22 10 57 44 61 48 30 76 47 4 19 39 53 17 65 20 35 

 25 2 42 79 58 68	 => 274
 3 68 58 14 62 69	 => 274
 15 69 62 71 51 6	 => 274
 42 11 66 36 40 79	 => 274
 58 79 40 55 28 14	 => 274
 62 14 28 50 49 71	 => 274
 51 71 49 78 24 1	 => 274
 66 12 23 74 63 36	 => 274
 40 36 63 13 67 55	 => 274
 28 55 67 29 45 50	 => 274
 49 50 45 43 9 78	 => 274
 24 78 9 70 77 16	 => 274
 23 18 34 52 72 74	 => 273
 63 74 72 31 21 13	 => 274
 67 13 21 80 64 29	 => 274
 45 29 64 59 33 43	 => 273
 9 43 33 46 73 70	 => 274
 77 70 73 41 5 8	 => 274
 72 52 32 27 60 31	 => 274
 21 31 60 75 7 80	 => 274
 64 80 7 38 26 59	 => 274
 33 59 26 56 54 46	 => 274
 73 46 54 37 22 41	 => 273
 60 27 10 57 44 75	 => 273
 7 75 44 61 48 38	 => 273
 26 38 48 30 76 56	 => 274
 54 56 76 47 4 37	 => 274
 44 57 19 39 53 61	 => 273
 48 61 53 17 65 30	 => 274
 76 30 65 20 35 47	 => 273


===================[TEST 4]===================

##### START ##### Tue May 20 14:54:08 2003



##### CONVERGE ##### Tue May 20 14:55:32 2003

Elapsed time: 84 seconds
Total loop: 373 generations

Result : 271.217

22 15 47 35 80 75 3 10 67 39 21 79 41 27 20 66 32 74 63 12 51 55 60 25 14 31 38 65 42 11 52 62 34 13 61 58 68 2 18 6 69 78 28 50 45 54 64 46 37 59 77 8 4 7 19 73 44 33 30 48 26 53 43 5 9 57 71 72 24 70 76 40 36 1 17 56 29 23 16 49 

 22 15 47 35 80 75	 => 274
 3 75 80 10 67 39	 => 274
 21 39 67 79 41 27	 => 274
 47 20 66 32 74 35	 => 274
 80 35 74 63 12 10	 => 274
 67 10 12 51 55 79	 => 274
 41 79 55 60 25 14	 => 274
 66 31 38 65 42 32	 => 274
 74 32 42 11 52 63	 => 274
 12 63 52 62 34 51	 => 274
 55 51 34 13 61 60	 => 274
 25 60 61 58 68 2	 => 274
 38 18 6 69 78 65	 => 274
 42 65 78 28 50 11	 => 274
 52 11 50 45 54 62	 => 274
 34 62 54 64 46 13	 => 273
 61 13 46 37 59 58	 => 274
 68 58 59 77 8 4	 => 274
 78 69 7 19 73 28	 => 274
 50 28 73 44 33 45	 => 273
 54 45 33 30 48 64	 => 274
 46 64 48 26 53 37	 => 274
 59 37 53 43 5 77	 => 274
 73 19 9 57 71 44	 => 273
 33 44 71 72 24 30	 => 274
 48 30 24 70 76 26	 => 274
 53 26 76 40 36 43	 => 274
 71 57 1 17 56 72	 => 274
 24 72 56 29 23 70	 => 274
 76 70 23 16 49 40	 => 274


===================[TEST 5]===================

##### START ##### Tue May 20 14:55:32 2003



##### CONVERGE ##### Tue May 20 14:57:16 2003

Elapsed time: 104 seconds
Total loop: 465 generations

Result : 271.404

13 15 73 70 77 28 2 22 80 67 10 47 66 6 4 23 69 37 17 53 33 40 64 27 31 14 38 79 52 29 72 41 61 48 30 78 74 3 7 11 76 65 39 12 63 59 45 21 44 55 56 5 8 19 26 51 60 50 24 36 68 62 34 25 35 58 46 75 20 71 57 54 1 16 32 49 18 43 9 42 

 13 15 73 70 77 28	 => 276
 2 28 77 22 80 67	 => 276
 10 67 80 47 66 6	 => 276
 73 4 23 69 37 70	 => 276
 77 70 37 17 53 22	 => 276
 80 22 53 33 40 47	 => 275
 66 47 40 64 27 31	 => 275
 23 14 38 79 52 69	 => 275
 37 69 52 29 72 17	 => 276
 53 17 72 41 61 33	 => 277
 40 33 61 48 30 64	 => 276
 27 64 30 78 74 3	 => 276
 38 7 11 76 65 79	 => 276
 52 79 65 39 12 29	 => 276
 72 29 12 63 59 41	 => 276
 61 41 59 45 21 48	 => 275
 30 48 21 44 55 78	 => 276
 74 78 55 56 5 8	 => 276
 65 76 19 26 51 39	 => 276
 12 39 51 60 50 63	 => 275
 59 63 50 24 36 45	 => 277
 21 45 36 68 62 44	 => 276
 55 44 62 34 25 56	 => 276
 51 26 35 58 46 60	 => 276
 50 60 46 75 20 24	 => 275
 36 24 20 71 57 68	 => 276
 62 68 57 54 1 34	 => 276
 46 58 16 32 49 75	 => 276
 20 75 49 18 43 71	 => 276
 57 71 43 9 42 54	 => 276



test#	fitness		sum		time
---------------------------------------------------
1	267.323				44
2	273.217				103
3	269.984				63
4	271.217				84
5	271.404				104


---------------------------------------------------
Best fitness      : 273.217 ( test# 2)
Shortest time     : 44 ( test# 1)

Average fitness   : 270.629
Average time      : 79.6
