****************** GA TEST *******************

total test#:			 5
hexa min width:			 3
hexa max width:			 6
hexa count:			 30
number count:			 80
population size:		 80
generation size:		 10

tournament winner p:		 0.98
do xover p:			 1
xover:				 2points
do mutation1 p:			 0.1
mutation1 p:			 0.05
do optimize p:			 0.98
local optimize count:		 9000
do deep better optimize p:	 1
do deep worse optimize p:	 0
do spin p:			 0
spin count:			 900
do spin apply p:		 1
do mutation2 p:			 0.1
mutation2 p:			 0.07
force mutation2:		 0
replace bad p:			 0.195

converge rate p:		 0.99
converge count:			 1

**********************************************


===================[TEST 1]===================

##### START ##### Tue May 20 14:57:18 2003



##### CONVERGE ##### Tue May 20 14:59:04 2003

Elapsed time: 106 seconds
Total loop: 417 generations

Result : 273.722

14 4 78 69 66 46 17 23 72 53 35 70 27 20 8 42 61 19 57 43 22 47 79 50 3 10 45 68 51 41 48 49 58 38 34 37 75 2 30 6 74 54 24 39 56 44 33 55 40 73 67 16 9 13 32 80 26 52 31 60 18 71 25 1 12 62 64 76 28 63 77 65 21 11 5 59 15 36 7 29 

 14 4 78 69 66 46	 => 277
 17 46 66 23 72 53	 => 277
 35 53 72 70 27 20	 => 277
 78 8 42 61 19 69	 => 277
 66 69 19 57 43 23	 => 277
 72 23 43 22 47 70	 => 277
 27 70 47 79 50 3	 => 276
 42 10 45 68 51 61	 => 277
 19 61 51 41 48 57	 => 277
 43 57 48 49 58 22	 => 277
 47 22 58 38 34 79	 => 278
 50 79 34 37 75 2	 => 277
 45 30 6 74 54 68	 => 277
 51 68 54 24 39 41	 => 277
 48 41 39 56 44 49	 => 277
 58 49 44 33 55 38	 => 277
 34 38 55 40 73 37	 => 277
 75 37 73 67 16 9	 => 277
 54 74 13 32 80 24	 => 277
 39 24 80 26 52 56	 => 277
 44 56 52 31 60 33	 => 276
 55 33 60 18 71 40	 => 277
 73 40 71 25 1 67	 => 277
 80 32 12 62 64 26	 => 276
 52 26 64 76 28 31	 => 277
 60 31 28 63 77 18	 => 277
 71 18 77 65 21 25	 => 277
 64 62 11 5 59 76	 => 277
 28 76 59 15 36 63	 => 277
 77 63 36 7 29 65	 => 277


===================[TEST 2]===================

##### START ##### Tue May 20 14:59:04 2003



##### CONVERGE ##### Tue May 20 15:00:04 2003

Elapsed time: 60 seconds
Total loop: 231 generations

Result : 268.526

42 1 47 58 66 60 2 20 53 72 14 63 54 17 11 68 59 30 71 29 31 77 38 32 10 19 41 78 8 50 55 62 26 28 73 34 80 16 51 18 33 52 79 6 57 43 65 48 35 56 75 5 23 4 44 61 25 45 40 24 37 64 36 7 3 74 67 70 27 69 76 49 12 9 15 39 22 46 21 13 

 42 1 47 58 66 60	 => 274
 2 60 66 20 53 72	 => 273
 14 72 53 63 54 17	 => 273
 47 11 68 59 30 58	 => 273
 66 58 30 71 29 20	 => 274
 53 20 29 31 77 63	 => 273
 54 63 77 38 32 10	 => 274
 68 19 41 78 8 59	 => 273
 30 59 8 50 55 71	 => 273
 29 71 55 62 26 31	 => 274
 77 31 26 28 73 38	 => 273
 32 38 73 34 80 16	 => 273
 41 51 18 33 52 78	 => 273
 8 78 52 79 6 50	 => 273
 55 50 6 57 43 62	 => 273
 26 62 43 65 48 28	 => 272
 73 28 48 35 56 34	 => 274
 80 34 56 75 5 23	 => 273
 52 33 4 44 61 79	 => 273
 6 79 61 25 45 57	 => 273
 43 57 45 40 24 65	 => 274
 48 65 24 37 64 35	 => 273
 56 35 64 36 7 75	 => 273
 61 44 3 74 67 25	 => 274
 45 25 67 70 27 40	 => 274
 24 40 27 69 76 37	 => 273
 64 37 76 49 12 36	 => 274
 67 74 9 15 39 70	 => 274
 27 70 39 22 46 69	 => 273
 76 69 46 21 13 49	 => 274


===================[TEST 3]===================

##### START ##### Tue May 20 15:00:04 2003



##### CONVERGE ##### Tue May 20 15:01:39 2003

Elapsed time: 95 seconds
Total loop: 372 generations

Result : 267.778

2 21 77 29 79 63 3 10 80 37 16 65 66 8 6 36 52 71 53 30 46 41 54 45 1 27 75 69 13 59 24 70 49 14 67 60 17 28 26 5 35 62 44 25 39 55 68 15 42 74 58 40 23 33 34 64 51 48 19 43 57 47 20 31 7 38 78 72 4 76 73 18 56 11 22 50 9 61 12 32 

 2 21 77 29 79 63	 => 271
 3 63 79 10 80 37	 => 272
 16 37 80 65 66 8	 => 272
 77 6 36 52 71 29	 => 271
 79 29 71 53 30 10	 => 272
 80 10 30 46 41 65	 => 272
 66 65 41 54 45 1	 => 272
 36 27 75 69 13 52	 => 272
 71 52 13 59 24 53	 => 272
 30 53 24 70 49 46	 => 272
 41 46 49 14 67 54	 => 271
 45 54 67 60 17 28	 => 271
 75 26 5 35 62 69	 => 272
 13 69 62 44 25 59	 => 272
 24 59 25 39 55 70	 => 272
 49 70 55 68 15 14	 => 271
 67 14 15 42 74 60	 => 272
 17 60 74 58 40 23	 => 272
 62 35 33 34 64 44	 => 272
 25 44 64 51 48 39	 => 271
 55 39 48 19 43 68	 => 272
 15 68 43 57 47 42	 => 272
 74 42 47 20 31 58	 => 272
 64 34 7 38 78 51	 => 272
 48 51 78 72 4 19	 => 272
 43 19 4 76 73 57	 => 272
 47 57 73 18 56 20	 => 271
 78 38 11 22 50 72	 => 271
 4 72 50 9 61 76	 => 272
 73 76 61 12 32 18	 => 272


===================[TEST 4]===================

##### START ##### Tue May 20 15:01:39 2003



##### CONVERGE ##### Tue May 20 15:02:53 2003

Elapsed time: 74 seconds
Total loop: 286 generations

Result : 271.111

12 16 40 66 62 79 10 13 70 41 9 68 61 26 5 33 67 64 14 57 42 25 77 37 7 27 63 46 38 49 43 60 59 52 21 73 50 17 20 2 69 76 55 11 78 34 35 36 28 65 71 1 15 8 23 44 58 29 45 54 48 75 30 6 4 72 74 47 22 56 51 53 18 24 19 39 31 80 32 3 

 12 16 40 66 62 79	 => 275
 10 79 62 13 70 41	 => 275
 9 41 70 68 61 26	 => 275
 40 5 33 67 64 66	 => 275
 62 66 64 14 57 13	 => 276
 70 13 57 42 25 68	 => 275
 61 68 25 77 37 7	 => 275
 33 27 63 46 38 67	 => 274
 64 67 38 49 43 14	 => 275
 57 14 43 60 59 42	 => 275
 25 42 59 52 21 77	 => 276
 37 77 21 73 50 17	 => 275
 63 20 2 69 76 46	 => 276
 38 46 76 55 11 49	 => 275
 43 49 11 78 34 60	 => 275
 59 60 34 35 36 52	 => 276
 21 52 36 28 65 73	 => 275
 50 73 65 71 1 15	 => 275
 76 69 8 23 44 55	 => 275
 11 55 44 58 29 78	 => 275
 34 78 29 45 54 35	 => 275
 36 35 54 48 75 28	 => 276
 65 28 75 30 6 71	 => 275
 44 23 4 72 74 58	 => 275
 29 58 74 47 22 45	 => 275
 54 45 22 56 51 48	 => 276
 75 48 51 53 18 30	 => 275
 74 72 24 19 39 47	 => 275
 22 47 39 31 80 56	 => 275
 51 56 80 32 3 53	 => 275


===================[TEST 5]===================

##### START ##### Tue May 20 15:02:53 2003



##### CONVERGE ##### Tue May 20 15:03:52 2003

Elapsed time: 59 seconds
Total loop: 233 generations

Result : 268.826

3 36 61 59 72 41 2 45 69 43 15 62 70 13 27 10 74 40 44 12 50 34 73 32 1 20 77 60 31 8 75 67 24 55 35 46 79 7 5 17 42 71 64 38 30 53 52 21 58 57 63 9 18 11 6 78 25 37 33 66 49 26 54 14 47 48 68 80 29 19 76 39 28 4 16 56 23 65 22 51 

 3 36 61 59 72 41	 => 272
 2 41 72 45 69 43	 => 272
 15 43 69 62 70 13	 => 272
 61 27 10 74 40 59	 => 271
 72 59 40 44 12 45	 => 272
 69 45 12 50 34 62	 => 272
 70 62 34 73 32 1	 => 272
 10 20 77 60 31 74	 => 272
 40 74 31 8 75 44	 => 272
 12 44 75 67 24 50	 => 272
 34 50 24 55 35 73	 => 271
 32 73 35 46 79 7	 => 272
 77 5 17 42 71 60	 => 272
 31 60 71 64 38 8	 => 272
 75 8 38 30 53 67	 => 271
 24 67 53 52 21 55	 => 272
 35 55 21 58 57 46	 => 272
 79 46 57 63 9 18	 => 272
 71 42 11 6 78 64	 => 272
 38 64 78 25 37 30	 => 272
 53 30 37 33 66 52	 => 271
 21 52 66 49 26 58	 => 272
 57 58 26 54 14 63	 => 272
 78 6 47 48 68 25	 => 272
 37 25 68 80 29 33	 => 272
 66 33 29 19 76 49	 => 272
 26 49 76 39 28 54	 => 272
 68 48 4 16 56 80	 => 272
 29 80 56 23 65 19	 => 272
 76 19 65 22 51 39	 => 272



test#	fitness		sum		time
---------------------------------------------------
1	273.722				106
2	268.526				60
3	267.778				95
4	271.111				74
5	268.826				59


---------------------------------------------------
Best fitness      : 273.722 ( test# 1)
Shortest time     : 59 ( test# 5)

Average fitness   : 269.993
Average time      : 78.8
