****************** GA TEST *******************

total test#:			 5
hexa min width:			 3
hexa max width:			 6
hexa count:			 30
number count:			 80
population size:		 80
generation size:		 10

tournament winner p:		 0.98
do xover p:			 1
xover:				 2points
do mutation1 p:			 0.1
mutation1 p:			 0.05
do optimize p:			 0.98
local optimize count:		 7000
do deep better optimize p:	 1
do deep worse optimize p:	 0
do spin p:			 0
spin count:			 900
do spin apply p:		 1
do mutation2 p:			 0.1
mutation2 p:			 0.07
force mutation2:		 0
replace bad p:			 0.195

converge rate p:		 0.99
converge count:			 1

**********************************************


===================[TEST 1]===================

##### START ##### Tue May 20 15:03:53 2003



##### CONVERGE ##### Tue May 20 15:04:40 2003

Elapsed time: 47 seconds
Total loop: 238 generations

Result : 267.984

2 9 65 72 69 55 4 40 42 62 39 52 66 11 8 29 80 18 57 16 77 45 46 41 22 13 27 56 67 17 32 70 20 36 48 59 75 3 10 50 61 68 34 30 51 71 44 31 19 79 24 12 23 28 21 60 58 38 15 53 49 76 26 47 5 74 54 73 33 43 78 37 6 1 7 63 25 35 14 64 

 2 9 65 72 69 55	 => 272
 4 55 69 40 42 62	 => 272
 39 62 42 52 66 11	 => 272
 65 8 29 80 18 72	 => 272
 69 72 18 57 16 40	 => 272
 42 40 16 77 45 52	 => 272
 66 52 45 46 41 22	 => 272
 29 13 27 56 67 80	 => 272
 18 80 67 17 32 57	 => 271
 16 57 32 70 20 77	 => 272
 45 77 20 36 48 46	 => 272
 41 46 48 59 75 3	 => 272
 27 10 50 61 68 56	 => 272
 67 56 68 34 30 17	 => 272
 32 17 30 51 71 70	 => 271
 20 70 71 44 31 36	 => 272
 48 36 31 19 79 59	 => 272
 75 59 79 24 12 23	 => 272
 68 61 28 21 60 34	 => 272
 30 34 60 58 38 51	 => 271
 71 51 38 15 53 44	 => 272
 31 44 53 49 76 19	 => 272
 79 19 76 26 47 24	 => 271
 60 21 5 74 54 58	 => 272
 38 58 54 73 33 15	 => 271
 53 15 33 43 78 49	 => 271
 76 49 78 37 6 26	 => 272
 54 74 1 7 63 73	 => 272
 33 73 63 25 35 43	 => 272
 78 43 35 14 64 37	 => 271


===================[TEST 2]===================

##### START ##### Tue May 20 15:04:40 2003



##### CONVERGE ##### Tue May 20 15:05:27 2003

Elapsed time: 47 seconds
Total loop: 234 generations

Result : 264.942

30 8 79 59 44 49 21 56 41 58 67 70 32 2 12 54 15 50 43 17 33 52 71 26 18 9 80 35 76 11 73 72 31 45 38 57 77 1 20 14 74 46 66 36 48 29 65 27 42 60 40 28 7 10 4 69 34 16 64 47 25 63 62 3 39 68 55 78 22 51 61 53 5 13 37 19 24 75 23 6 

 30 8 79 59 44 49	 => 269
 21 49 44 56 41 58	 => 269
 67 58 41 70 32 2	 => 270
 79 12 54 15 50 59	 => 269
 44 59 50 43 17 56	 => 269
 41 56 17 33 52 70	 => 269
 32 70 52 71 26 18	 => 269
 54 9 80 35 76 15	 => 269
 50 15 76 11 73 43	 => 268
 17 43 73 72 31 33	 => 269
 52 33 31 45 38 71	 => 270
 26 71 38 57 77 1	 => 270
 80 20 14 74 46 35	 => 269
 76 35 46 66 36 11	 => 270
 73 11 36 48 29 72	 => 269
 31 72 29 65 27 45	 => 269
 38 45 27 42 60 57	 => 269
 77 57 60 40 28 7	 => 269
 46 74 10 4 69 66	 => 269
 36 66 69 34 16 48	 => 269
 29 48 16 64 47 65	 => 269
 27 65 47 25 63 42	 => 269
 60 42 63 62 3 40	 => 270
 69 4 39 68 55 34	 => 269
 16 34 55 78 22 64	 => 269
 47 64 22 51 61 25	 => 270
 63 25 61 53 5 62	 => 269
 55 68 13 37 19 78	 => 270
 22 78 19 24 75 51	 => 269
 61 51 75 23 6 53	 => 269


===================[TEST 3]===================

##### START ##### Tue May 20 15:05:27 2003



##### CONVERGE ##### Tue May 20 15:06:46 2003

Elapsed time: 79 seconds
Total loop: 393 generations

Result : 272.856

7 1 59 80 71 58 10 19 77 41 4 57 50 47 3 14 68 52 18 37 44 42 78 45 5 16 56 76 46 30 62 63 53 28 31 74 40 8 20 26 32 66 33 25 69 27 67 38 29 75 64 6 17 12 54 79 15 55 24 34 60 48 39 21 2 65 61 72 49 73 36 70 23 43 13 22 9 51 35 11 

 7 1 59 80 71 58	 => 276
 10 58 71 19 77 41	 => 276
 4 41 77 57 50 47	 => 276
 59 3 14 68 52 80	 => 276
 71 80 52 18 37 19	 => 277
 77 19 37 44 42 57	 => 276
 50 57 42 78 45 5	 => 277
 14 16 56 76 46 68	 => 276
 52 68 46 30 62 18	 => 276
 37 18 62 63 53 44	 => 277
 42 44 53 28 31 78	 => 276
 45 78 31 74 40 8	 => 276
 56 20 26 32 66 76	 => 276
 46 76 66 33 25 30	 => 276
 62 30 25 69 27 63	 => 276
 53 63 27 67 38 28	 => 276
 31 28 38 29 75 74	 => 275
 40 74 75 64 6 17	 => 276
 66 32 12 54 79 33	 => 276
 25 33 79 15 55 69	 => 276
 27 69 55 24 34 67	 => 276
 38 67 34 60 48 29	 => 276
 75 29 48 39 21 64	 => 276
 79 54 2 65 61 15	 => 276
 55 15 61 72 49 24	 => 276
 34 24 49 73 36 60	 => 276
 48 60 36 70 23 39	 => 276
 61 65 43 13 22 72	 => 276
 49 72 22 9 51 73	 => 276
 36 73 51 35 11 70	 => 276


===================[TEST 4]===================

##### START ##### Tue May 20 15:06:46 2003



##### CONVERGE ##### Tue May 20 15:08:15 2003

Elapsed time: 89 seconds
Total loop: 448 generations

Result : 274.45

19 6 80 63 73 37 5 38 60 66 10 56 65 21 17 15 69 34 49 22 41 61 64 30 2 7 68 67 52 27 47 75 45 14 54 76 42 13 23 9 62 50 51 31 28 71 55 18 57 59 48 20 33 1 36 78 44 46 35 43 26 79 32 3 11 39 70 58 25 77 72 53 16 29 8 74 4 40 12 24 

 19 6 80 63 73 37	 => 278
 5 37 73 38 60 66	 => 279
 10 66 60 56 65 21	 => 278
 80 17 15 69 34 63	 => 278
 73 63 34 49 22 38	 => 279
 60 38 22 41 61 56	 => 278
 65 56 61 64 30 2	 => 278
 15 7 68 67 52 69	 => 278
 34 69 52 27 47 49	 => 278
 22 49 47 75 45 41	 => 279
 61 41 45 14 54 64	 => 279
 30 64 54 76 42 13	 => 279
 68 23 9 62 50 67	 => 279
 52 67 50 51 31 27	 => 278
 47 27 31 28 71 75	 => 279
 45 75 71 55 18 14	 => 278
 54 14 18 57 59 76	 => 278
 42 76 59 48 20 33	 => 278
 50 62 1 36 78 51	 => 278
 31 51 78 44 46 28	 => 278
 71 28 46 35 43 55	 => 278
 18 55 43 26 79 57	 => 278
 59 57 79 32 3 48	 => 278
 78 36 11 39 70 44	 => 278
 46 44 70 58 25 35	 => 278
 43 35 25 77 72 26	 => 278
 79 26 72 53 16 32	 => 278
 70 39 29 8 74 58	 => 278
 25 58 74 4 40 77	 => 278
 72 77 40 12 24 53	 => 278


===================[TEST 5]===================

##### START ##### Tue May 20 15:08:15 2003



##### CONVERGE ##### Tue May 20 15:09:45 2003

Elapsed time: 90 seconds
Total loop: 448 generations

Result : 271.833

29 8 70 64 60 44 15 27 49 80 16 61 50 19 5 40 43 53 25 46 14 78 42 32 12 4 59 72 57 36 62 51 77 9 55 73 63 11 7 2 67 68 20 22 71 33 79 26 54 58 75 6 1 10 34 76 41 45 30 17 47 52 23 13 3 66 56 65 38 74 69 48 37 28 21 39 24 35 18 31 

 29 8 70 64 60 44	 => 275
 15 44 60 27 49 80	 => 275
 16 80 49 61 50 19	 => 275
 70 5 40 43 53 64	 => 275
 60 64 53 25 46 27	 => 275
 49 27 46 14 78 61	 => 275
 50 61 78 42 32 12	 => 275
 40 4 59 72 57 43	 => 275
 53 43 57 36 62 25	 => 276
 46 25 62 51 77 14	 => 275
 78 14 77 9 55 42	 => 275
 32 42 55 73 63 11	 => 276
 59 7 2 67 68 72	 => 275
 57 72 68 20 22 36	 => 275
 62 36 22 71 33 51	 => 275
 77 51 33 79 26 9	 => 275
 55 9 26 54 58 73	 => 275
 63 73 58 75 6 1	 => 276
 68 67 10 34 76 20	 => 275
 22 20 76 41 45 71	 => 275
 33 71 45 30 17 79	 => 275
 26 79 17 47 52 54	 => 275
 58 54 52 23 13 75	 => 275
 76 34 3 66 56 41	 => 276
 45 41 56 65 38 30	 => 275
 17 30 38 74 69 47	 => 275
 52 47 69 48 37 23	 => 276
 56 66 28 21 39 65	 => 275
 38 65 39 24 35 74	 => 275
 69 74 35 18 31 48	 => 275



test#	fitness		sum		time
---------------------------------------------------
1	267.984				47
2	264.942				47
3	272.856				79
4	274.45				89
5	271.833				90


---------------------------------------------------
Best fitness      : 274.45 ( test# 4)
Shortest time     : 47 ( test# 1)

Average fitness   : 270.413
Average time      : 70.4
