****************** GA TEST *******************

total test#:			 5
hexa min width:			 3
hexa max width:			 6
hexa count:			 30
number count:			 80
population size:		 80
generation size:		 10

tournament winner p:		 0.98
do xover p:			 1
xover:				 2points
do mutation1 p:			 0.1
mutation1 p:			 0.05
do optimize p:			 0.98
local optimize count:		 8000
do deep better optimize p:	 1
do deep worse optimize p:	 0
do spin p:			 0
spin count:			 900
do spin apply p:		 1
do mutation2 p:			 0.1
mutation2 p:			 0.07
force mutation2:		 0
replace bad p:			 0.195

converge rate p:		 0.99
converge count:			 1

**********************************************


===================[TEST 1]===================

##### START ##### Tue May 20 15:09:48 2003



##### CONVERGE ##### Tue May 20 15:10:57 2003

Elapsed time: 69 seconds
Total loop: 302 generations

Result : 269.327

23 14 49 71 48 68 6 37 75 39 15 65 72 7 11 53 44 45 47 25 36 35 74 26 1 2 78 62 34 27 77 18 70 40 17 76 59 22 19 5 42 67 32 51 54 46 69 30 50 60 24 41 13 20 38 73 8 55 21 28 66 29 79 31 16 58 80 57 52 43 63 33 3 12 10 56 4 61 9 64 

 23 14 49 71 48 68	 => 273
 6 68 48 37 75 39	 => 273
 15 39 75 65 72 7	 => 273
 49 11 53 44 45 71	 => 273
 48 71 45 47 25 37	 => 273
 75 37 25 36 35 65	 => 273
 72 65 35 74 26 1	 => 273
 53 2 78 62 34 44	 => 273
 45 44 34 27 77 47	 => 274
 25 47 77 18 70 36	 => 273
 35 36 70 40 17 74	 => 272
 26 74 17 76 59 22	 => 274
 78 19 5 42 67 62	 => 273
 34 62 67 32 51 27	 => 273
 77 27 51 54 46 18	 => 273
 70 18 46 69 30 40	 => 273
 17 40 30 50 60 76	 => 273
 59 76 60 24 41 13	 => 273
 67 42 20 38 73 32	 => 272
 51 32 73 8 55 54	 => 273
 46 54 55 21 28 69	 => 273
 30 69 28 66 29 50	 => 272
 60 50 29 79 31 24	 => 273
 73 38 16 58 80 8	 => 273
 55 8 80 57 52 21	 => 273
 28 21 52 43 63 66	 => 273
 29 66 63 33 3 79	 => 273
 80 58 12 10 56 57	 => 273
 52 57 56 4 61 43	 => 273
 63 43 61 9 64 33	 => 273


===================[TEST 2]===================

##### START ##### Tue May 20 15:10:57 2003



##### CONVERGE ##### Tue May 20 15:12:02 2003

Elapsed time: 65 seconds
Total loop: 285 generations

Result : 270.093

10 21 72 59 71 40 7 37 44 74 11 68 62 14 13 27 67 35 8 64 26 34 80 25 4 41 57 50 31 56 76 24 75 20 38 60 61 9 28 5 55 78 43 15 48 54 49 52 33 70 77 2 3 1 17 79 42 46 53 23 47 69 18 6 12 58 65 32 36 63 51 66 22 16 29 73 39 30 19 45 

 10 21 72 59 71 40	 => 273
 7 40 71 37 44 74	 => 273
 11 74 44 68 62 14	 => 273
 72 13 27 67 35 59	 => 273
 71 59 35 8 64 37	 => 274
 44 37 64 26 34 68	 => 273
 62 68 34 80 25 4	 => 273
 27 41 57 50 31 67	 => 273
 35 67 31 56 76 8	 => 273
 64 8 76 24 75 26	 => 273
 34 26 75 20 38 80	 => 273
 25 80 38 60 61 9	 => 273
 57 28 5 55 78 50	 => 273
 31 50 78 43 15 56	 => 273
 76 56 15 48 54 24	 => 273
 75 24 54 49 52 20	 => 274
 38 20 52 33 70 60	 => 273
 61 60 70 77 2 3	 => 273
 78 55 1 17 79 43	 => 273
 15 43 79 42 46 48	 => 273
 54 48 46 53 23 49	 => 273
 52 49 23 47 69 33	 => 273
 70 33 69 18 6 77	 => 273
 79 17 12 58 65 42	 => 273
 46 42 65 32 36 53	 => 274
 23 53 36 63 51 47	 => 273
 69 47 51 66 22 18	 => 273
 65 58 16 29 73 32	 => 273
 36 32 73 39 30 63	 => 273
 51 63 30 19 45 66	 => 274


===================[TEST 3]===================

##### START ##### Tue May 20 15:12:02 2003



##### CONVERGE ##### Tue May 20 15:12:59 2003

Elapsed time: 57 seconds
Total loop: 252 generations

Result : 266.36

63 10 1 57 74 65 36 5 69 21 45 80 48 7 6 77 68 61 70 3 47 66 24 37 15 2 53 62 8 41 22 75 52 26 55 51 73 29 19 9 49 78 39 42 50 40 64 13 46 79 30 33 4 18 14 72 43 25 34 56 31 60 32 23 16 54 71 59 38 67 44 76 27 11 17 58 12 35 20 28 

 63 10 1 57 74 65	 => 270
 36 65 74 5 69 21	 => 270
 45 21 69 80 48 7	 => 270
 1 6 77 68 61 57	 => 270
 74 57 61 70 3 5	 => 270
 69 5 3 47 66 80	 => 270
 48 80 66 24 37 15	 => 270
 77 2 53 62 8 68	 => 270
 61 68 8 41 22 70	 => 270
 3 70 22 75 52 47	 => 269
 66 47 52 26 55 24	 => 270
 37 24 55 51 73 29	 => 269
 53 19 9 49 78 62	 => 270
 8 62 78 39 42 41	 => 270
 22 41 42 50 40 75	 => 270
 52 75 40 64 13 26	 => 270
 55 26 13 46 79 51	 => 270
 73 51 79 30 33 4	 => 270
 78 49 18 14 72 39	 => 270
 42 39 72 43 25 50	 => 271
 40 50 25 34 56 64	 => 269
 13 64 56 31 60 46	 => 270
 79 46 60 32 23 30	 => 270
 72 14 16 54 71 43	 => 270
 25 43 71 59 38 34	 => 270
 56 34 38 67 44 31	 => 270
 60 31 44 76 27 32	 => 270
 71 54 11 17 58 59	 => 270
 38 59 58 12 35 67	 => 269
 44 67 35 20 28 76	 => 270


===================[TEST 4]===================

##### START ##### Tue May 20 15:12:59 2003



##### CONVERGE ##### Tue May 20 15:13:46 2003

Elapsed time: 47 seconds
Total loop: 205 generations

Result : 267.743

13 38 39 72 75 36 9 33 78 42 21 69 32 30 44 27 79 12 63 17 24 52 77 37 6 7 50 61 49 28 43 80 46 26 47 58 53 1 10 19 73 59 51 25 41 55 34 31 76 35 65 14 48 16 45 29 60 67 2 74 40 18 70 8 11 71 56 64 23 66 68 57 20 5 22 54 3 62 15 4 

 13 38 39 72 75 36	 => 273
 9 36 75 33 78 42	 => 273
 21 42 78 69 32 30	 => 272
 39 44 27 79 12 72	 => 273
 75 72 12 63 17 33	 => 272
 78 33 17 24 52 69	 => 273
 32 69 52 77 37 6	 => 273
 27 7 50 61 49 79	 => 273
 12 79 49 28 43 63	 => 274
 17 63 43 80 46 24	 => 273
 52 24 46 26 47 77	 => 272
 37 77 47 58 53 1	 => 273
 50 10 19 73 59 61	 => 272
 49 61 59 51 25 28	 => 273
 43 28 25 41 55 80	 => 272
 46 80 55 34 31 26	 => 272
 47 26 31 76 35 58	 => 273
 53 58 35 65 14 48	 => 273
 59 73 16 45 29 51	 => 273
 25 51 29 60 67 41	 => 273
 55 41 67 2 74 34	 => 273
 31 34 74 40 18 76	 => 273
 35 76 18 70 8 65	 => 272
 29 45 11 71 56 60	 => 272
 67 60 56 64 23 2	 => 272
 74 2 23 66 68 40	 => 273
 18 40 68 57 20 70	 => 273
 56 71 5 22 54 64	 => 272
 23 64 54 3 62 66	 => 272
 68 66 62 15 4 57	 => 272


===================[TEST 5]===================

##### START ##### Tue May 20 15:13:46 2003



##### CONVERGE ##### Tue May 20 15:15:02 2003

Elapsed time: 76 seconds
Total loop: 336 generations

Result : 269.778

2 44 77 59 19 73 15 58 68 41 9 66 70 20 6 32 60 40 64 34 13 35 71 22 10 47 37 80 17 54 39 48 75 27 53 78 45 5 25 4 76 51 42 30 38 65 43 16 31 69 50 3 28 7 46 52 49 62 8 57 55 72 29 23 24 36 67 74 14 79 61 56 1 12 21 63 11 33 26 18 

 2 44 77 59 19 73	 => 274
 15 73 19 58 68 41	 => 274
 9 41 68 66 70 20	 => 274
 77 6 32 60 40 59	 => 274
 19 59 40 64 34 58	 => 274
 68 58 34 13 35 66	 => 274
 70 66 35 71 22 10	 => 274
 32 47 37 80 17 60	 => 273
 40 60 17 54 39 64	 => 274
 34 64 39 48 75 13	 => 273
 35 13 75 27 53 71	 => 274
 22 71 53 78 45 5	 => 274
 37 25 4 76 51 80	 => 273
 17 80 51 42 30 54	 => 274
 39 54 30 38 65 48	 => 274
 75 48 65 43 16 27	 => 274
 53 27 16 31 69 78	 => 274
 45 78 69 50 3 28	 => 273
 51 76 7 46 52 42	 => 274
 30 42 52 49 62 38	 => 273
 65 38 62 8 57 43	 => 273
 16 43 57 55 72 31	 => 274
 69 31 72 29 23 50	 => 274
 52 46 24 36 67 49	 => 274
 62 49 67 74 14 8	 => 274
 57 8 14 79 61 55	 => 274
 72 55 61 56 1 29	 => 274
 67 36 12 21 63 74	 => 273
 14 74 63 11 33 79	 => 274
 61 79 33 26 18 56	 => 273



test#	fitness		sum		time
---------------------------------------------------
1	269.327				69
2	270.093				65
3	266.36				57
4	267.743				47
5	269.778				76


---------------------------------------------------
Best fitness      : 270.093 ( test# 2)
Shortest time     : 47 ( test# 4)

Average fitness   : 268.66
Average time      : 62.8
