****************** GA TEST *******************

total test#:			 5
hexa min width:			 3
hexa max width:			 6
hexa count:			 30
number count:			 80
population size:		 80
generation size:		 10

tournament winner p:		 0.98
do xover p:			 1
xover:				 2points
do mutation1 p:			 0.1
mutation1 p:			 0.05
do optimize p:			 0.98
local optimize count:		 8000
do deep better optimize p:	 0.98
do deep worse optimize p:	 0
do spin p:			 0
spin count:			 900
do spin apply p:		 1
do mutation2 p:			 0.1
mutation2 p:			 0.07
force mutation2:		 0
replace bad p:			 0.195

converge rate p:		 0.99
converge count:			 1

**********************************************


===================[TEST 1]===================

##### START ##### Tue May 20 15:15:03 2003



##### CONVERGE ##### Tue May 20 15:16:33 2003

Elapsed time: 90 seconds
Total loop: 397 generations

Result : 269.222

48 4 31 75 53 62 11 37 47 63 17 71 67 7 35 20 78 34 15 59 18 41 73 19 2 5 33 76 61 16 69 43 68 24 49 44 74 13 27 9 72 56 39 25 70 50 65 23 55 77 42 26 10 1 58 46 57 36 22 30 21 79 14 6 3 45 64 40 54 66 80 51 28 12 60 52 32 29 38 8 

 48 4 31 75 53 62	 => 273
 11 62 53 37 47 63	 => 273
 17 63 47 71 67 7	 => 272
 31 35 20 78 34 75	 => 273
 53 75 34 15 59 37	 => 273
 47 37 59 18 41 71	 => 273
 67 71 41 73 19 2	 => 273
 20 5 33 76 61 78	 => 273
 34 78 61 16 69 15	 => 273
 59 15 69 43 68 18	 => 272
 41 18 68 24 49 73	 => 273
 19 73 49 44 74 13	 => 272
 33 27 9 72 56 76	 => 273
 61 76 56 39 25 16	 => 273
 69 16 25 70 50 43	 => 273
 68 43 50 65 23 24	 => 273
 49 24 23 55 77 44	 => 272
 74 44 77 42 26 10	 => 273
 56 72 1 58 46 39	 => 272
 25 39 46 57 36 70	 => 273
 50 70 36 22 30 65	 => 273
 23 65 30 21 79 55	 => 273
 77 55 79 14 6 42	 => 273
 46 58 3 45 64 57	 => 273
 36 57 64 40 54 22	 => 273
 30 22 54 66 80 21	 => 273
 79 21 80 51 28 14	 => 273
 64 45 12 60 52 40	 => 273
 54 40 52 32 29 66	 => 273
 80 66 29 38 8 51	 => 272


===================[TEST 2]===================

##### START ##### Tue May 20 15:16:33 2003



##### CONVERGE ##### Tue May 20 15:17:40 2003

Elapsed time: 67 seconds
Total loop: 293 generations

Result : 270.56

49 3 34 73 55 60 13 27 80 39 19 68 63 5 18 16 76 57 21 41 15 43 70 22 8 29 38 75 40 9 72 56 69 1 77 46 42 17 32 30 35 64 62 24 66 47 54 48 50 52 67 14 53 4 44 65 6 51 31 25 36 61 37 7 26 59 74 79 33 78 71 58 10 11 23 28 12 45 2 20 

 49 3 34 73 55 60	 => 274
 13 60 55 27 80 39	 => 274
 19 39 80 68 63 5	 => 274
 34 18 16 76 57 73	 => 274
 55 73 57 21 41 27	 => 274
 80 27 41 15 43 68	 => 274
 63 68 43 70 22 8	 => 274
 16 29 38 75 40 76	 => 274
 57 76 40 9 72 21	 => 275
 41 21 72 56 69 15	 => 274
 43 15 69 1 77 70	 => 275
 22 70 77 46 42 17	 => 274
 38 32 30 35 64 75	 => 274
 40 75 64 62 24 9	 => 274
 72 9 24 66 47 56	 => 274
 69 56 47 54 48 1	 => 275
 77 1 48 50 52 46	 => 274
 42 46 52 67 14 53	 => 274
 64 35 4 44 65 62	 => 274
 24 62 65 6 51 66	 => 274
 47 66 51 31 25 54	 => 274
 48 54 25 36 61 50	 => 274
 52 50 61 37 7 67	 => 274
 65 44 26 59 74 6	 => 274
 51 6 74 79 33 31	 => 274
 25 31 33 78 71 36	 => 274
 61 36 71 58 10 37	 => 273
 74 59 11 23 28 79	 => 274
 33 79 28 12 45 78	 => 275
 71 78 45 2 20 58	 => 274


===================[TEST 3]===================

##### START ##### Tue May 20 15:17:40 2003



##### CONVERGE ##### Tue May 20 15:18:50 2003

Elapsed time: 70 seconds
Total loop: 308 generations

Result : 268.093

5 10 64 76 59 58 36 49 15 54 1 77 52 72 13 27 78 14 51 22 71 37 61 35 9 2 75 63 26 42 60 39 28 34 40 73 50 12 20 3 41 69 67 4 56 70 79 21 38 66 43 33 6 8 31 55 65 24 19 23 48 62 46 17 7 68 45 74 44 80 57 47 11 30 29 25 32 16 53 18 

 5 10 64 76 59 58	 => 272
 36 58 59 49 15 54	 => 271
 1 54 15 77 52 72	 => 271
 64 13 27 78 14 76	 => 272
 59 76 14 51 22 49	 => 271
 15 49 22 71 37 77	 => 271
 52 77 37 61 35 9	 => 271
 27 2 75 63 26 78	 => 271
 14 78 26 42 60 51	 => 271
 22 51 60 39 28 71	 => 271
 37 71 28 34 40 61	 => 271
 35 61 40 73 50 12	 => 271
 75 20 3 41 69 63	 => 271
 26 63 69 67 4 42	 => 271
 60 42 4 56 70 39	 => 271
 28 39 70 79 21 34	 => 271
 40 34 21 38 66 73	 => 272
 50 73 66 43 33 6	 => 271
 69 41 8 31 55 67	 => 271
 4 67 55 65 24 56	 => 271
 70 56 24 19 23 79	 => 271
 21 79 23 48 62 38	 => 271
 66 38 62 46 17 43	 => 272
 55 31 7 68 45 65	 => 271
 24 65 45 74 44 19	 => 271
 23 19 44 80 57 48	 => 271
 62 48 57 47 11 46	 => 271
 45 68 30 29 25 74	 => 271
 44 74 25 32 16 80	 => 271
 57 80 16 53 18 47	 => 271


===================[TEST 4]===================

##### START ##### Tue May 20 15:18:50 2003



##### CONVERGE ##### Tue May 20 15:19:57 2003

Elapsed time: 67 seconds
Total loop: 292 generations

Result : 269.093

30 22 26 68 56 70 10 25 34 78 13 80 51 16 12 46 71 49 31 43 52 38 69 33 1 36 42 54 23 32 67 24 55 11 47 74 41 8 50 20 62 44 59 60 15 75 35 72 3 65 77 9 6 4 39 64 21 53 28 66 17 79 29 19 18 73 57 76 37 61 63 58 27 14 7 45 5 48 40 2 

 30 22 26 68 56 70	 => 272
 10 70 56 25 34 78	 => 273
 13 78 34 80 51 16	 => 272
 26 12 46 71 49 68	 => 272
 56 68 49 31 43 25	 => 272
 34 25 43 52 38 80	 => 272
 51 80 38 69 33 1	 => 272
 46 36 42 54 23 71	 => 272
 49 71 23 32 67 31	 => 273
 43 31 67 24 55 52	 => 272
 38 52 55 11 47 69	 => 272
 33 69 47 74 41 8	 => 272
 42 50 20 62 44 54	 => 272
 23 54 44 59 60 32	 => 272
 67 32 60 15 75 24	 => 273
 55 24 75 35 72 11	 => 272
 47 11 72 3 65 74	 => 272
 41 74 65 77 9 6	 => 272
 44 62 4 39 64 59	 => 272
 60 59 64 21 53 15	 => 272
 75 15 53 28 66 35	 => 272
 72 35 66 17 79 3	 => 272
 65 3 79 29 19 77	 => 272
 64 39 18 73 57 21	 => 272
 53 21 57 76 37 28	 => 272
 66 28 37 61 63 17	 => 272
 79 17 63 58 27 29	 => 273
 57 73 14 7 45 76	 => 272
 37 76 45 5 48 61	 => 272
 63 61 48 40 2 58	 => 272


===================[TEST 5]===================

##### START ##### Tue May 20 15:19:57 2003



##### CONVERGE ##### Tue May 20 15:20:56 2003

Elapsed time: 59 seconds
Total loop: 258 generations

Result : 267.984

49 12 57 74 28 52 4 56 55 77 15 78 38 9 13 37 69 21 46 47 6 30 80 27 18 33 58 73 1 60 75 31 67 35 53 61 44 7 17 16 40 68 45 25 39 41 76 22 59 42 72 29 23 11 43 65 19 79 32 5 48 62 34 3 10 71 64 24 54 70 63 51 14 26 36 50 8 66 20 2 

 49 12 57 74 28 52	 => 272
 4 52 28 56 55 77	 => 272
 15 77 55 78 38 9	 => 272
 57 13 37 69 21 74	 => 271
 28 74 21 46 47 56	 => 272
 55 56 47 6 30 78	 => 272
 38 78 30 80 27 18	 => 271
 37 33 58 73 1 69	 => 271
 21 69 1 60 75 46	 => 272
 47 46 75 31 67 6	 => 272
 30 6 67 35 53 80	 => 271
 27 80 53 61 44 7	 => 272
 58 17 16 40 68 73	 => 272
 1 73 68 45 25 60	 => 272
 75 60 25 39 41 31	 => 271
 67 31 41 76 22 35	 => 272
 53 35 22 59 42 61	 => 272
 44 61 42 72 29 23	 => 271
 68 40 11 43 65 45	 => 272
 25 45 65 19 79 39	 => 272
 41 39 79 32 5 76	 => 272
 22 76 5 48 62 59	 => 272
 42 59 62 34 3 72	 => 272
 65 43 10 71 64 19	 => 272
 79 19 64 24 54 32	 => 272
 5 32 54 70 63 48	 => 272
 62 48 63 51 14 34	 => 272
 64 71 26 36 50 24	 => 271
 54 24 50 8 66 70	 => 272
 63 70 66 20 2 51	 => 272



test#	fitness		sum		time
---------------------------------------------------
1	269.222				90
2	270.56				67
3	268.093				70
4	269.093				67
5	267.984				59


---------------------------------------------------
Best fitness      : 270.56 ( test# 2)
Shortest time     : 59 ( test# 5)

Average fitness   : 268.99
Average time      : 70.6
