****************** GA TEST *******************

total test#:			 5
hexa min width:			 3
hexa max width:			 6
hexa count:			 30
number count:			 80
population size:		 80
generation size:		 10

tournament winner p:		 0.98
do xover p:			 1
xover:				 2points
do mutation1 p:			 0.1
mutation1 p:			 0.05
do optimize p:			 0.98
local optimize count:		 8000
do deep better optimize p:	 1
do deep worse optimize p:	 0.02
do spin p:			 0
spin count:			 900
do spin apply p:		 1
do mutation2 p:			 0.1
mutation2 p:			 0.07
force mutation2:		 0
replace bad p:			 0.195

converge rate p:		 0.99
converge count:			 1

**********************************************


===================[TEST 1]===================

##### START ##### Tue May 20 15:20:58 2003



##### CONVERGE ##### Tue May 20 15:23:00 2003

Elapsed time: 122 seconds
Total loop: 541 generations

Result : 247.515

54 57 1 46 27 73 5 55 77 19 74 14 66 6 52 50 72 36 49 43 25 44 78 42 13 9 34 75 16 51 33 69 39 62 7 58 60 12 68 15 24 41 53 21 61 20 3 65 11 56 18 32 31 38 30 70 4 48 45 80 17 79 29 64 40 37 76 47 35 22 59 71 2 8 26 63 23 67 28 10 

 54 57 1 46 27 73	 => 258
 5 73 27 55 77 19	 => 256
 74 19 77 14 66 6	 => 256
 1 52 50 72 36 46	 => 257
 27 46 36 49 43 55	 => 256
 77 55 43 25 44 14	 => 258
 66 14 44 78 42 13	 => 257
 50 9 34 75 16 72	 => 256
 36 72 16 51 33 49	 => 257
 43 49 33 69 39 25	 => 258
 44 25 39 62 7 78	 => 255
 42 78 7 58 60 12	 => 257
 34 68 15 24 41 75	 => 257
 16 75 41 53 21 51	 => 257
 33 51 21 61 20 69	 => 255
 39 69 20 3 65 62	 => 258
 7 62 65 11 56 58	 => 259
 60 58 56 18 32 31	 => 255
 41 24 38 30 70 53	 => 256
 21 53 70 4 48 61	 => 257
 20 61 48 45 80 3	 => 257
 65 3 80 17 79 11	 => 255
 56 11 79 29 64 18	 => 257
 70 30 40 37 76 4	 => 257
 48 4 76 47 35 45	 => 255
 80 45 35 22 59 17	 => 258
 79 17 59 71 2 29	 => 257
 76 37 8 26 63 47	 => 257
 35 47 63 23 67 22	 => 257
 59 22 67 28 10 71	 => 257


===================[TEST 2]===================

##### START ##### Tue May 20 15:23:00 2003



##### CONVERGE ##### Tue May 20 15:24:14 2003

Elapsed time: 74 seconds
Total loop: 326 generations

Result : 244.956

42 3 37 71 46 51 9 20 53 70 15 72 4 36 80 16 39 7 74 32 6 68 44 1 60 8 64 57 65 27 38 59 41 14 76 78 11 40 23 12 63 31 18 52 5 69 25 43 28 10 56 75 19 21 62 55 73 47 58 45 61 48 79 29 17 30 13 24 35 49 2 34 26 50 67 66 22 54 77 33 

 42 3 37 71 46 51	 => 250
 9 51 46 20 53 70	 => 249
 15 70 53 72 4 36	 => 250
 37 80 16 39 7 71	 => 250
 46 71 7 74 32 20	 => 250
 53 20 32 6 68 72	 => 251
 4 72 68 44 1 60	 => 249
 16 8 64 57 65 39	 => 249
 7 39 65 27 38 74	 => 250
 32 74 38 59 41 6	 => 250
 68 6 41 14 76 44	 => 249
 1 44 76 78 11 40	 => 250
 64 23 12 63 31 57	 => 250
 65 57 31 18 52 27	 => 250
 38 27 52 5 69 59	 => 250
 41 59 69 25 43 14	 => 251
 76 14 43 28 10 78	 => 249
 11 78 10 56 75 19	 => 249
 31 63 21 62 55 18	 => 250
 52 18 55 73 47 5	 => 250
 69 5 47 58 45 25	 => 249
 43 25 45 61 48 28	 => 250
 10 28 48 79 29 56	 => 250
 55 62 17 30 13 73	 => 250
 47 73 13 24 35 58	 => 250
 45 58 35 49 2 61	 => 250
 48 61 2 34 26 79	 => 250
 13 30 50 67 66 24	 => 250
 35 24 66 22 54 49	 => 250
 2 49 54 77 33 34	 => 249


===================[TEST 3]===================

##### START ##### Tue May 20 15:24:14 2003



##### CONVERGE ##### Tue May 20 15:25:44 2003

Elapsed time: 90 seconds
Total loop: 400 generations

Result : 245.153

67 61 3 56 10 53 41 79 5 62 31 78 72 2 68 48 9 65 29 11 34 43 13 20 24 22 80 25 66 6 76 71 28 55 77 47 60 33 18 7 45 74 19 59 8 30 51 15 40 16 69 57 1 12 58 42 49 73 35 52 21 70 32 23 27 38 36 39 17 50 75 14 37 64 26 46 54 44 4 63 

 67 61 3 56 10 53	 => 250
 41 53 10 79 5 62	 => 250
 31 62 5 78 72 2	 => 250
 3 68 48 9 65 56	 => 249
 10 56 65 29 11 79	 => 250
 5 79 11 34 43 78	 => 250
 72 78 43 13 20 24	 => 250
 48 22 80 25 66 9	 => 250
 65 9 66 6 76 29	 => 251
 11 29 76 71 28 34	 => 249
 43 34 28 55 77 13	 => 250
 20 13 77 47 60 33	 => 250
 80 18 7 45 74 25	 => 249
 66 25 74 19 59 6	 => 249
 76 6 59 8 30 71	 => 250
 28 71 30 51 15 55	 => 250
 77 55 15 40 16 47	 => 250
 60 47 16 69 57 1	 => 250
 74 45 12 58 42 19	 => 250
 59 19 42 49 73 8	 => 250
 30 8 73 35 52 51	 => 249
 15 51 52 21 70 40	 => 249
 16 40 70 32 23 69	 => 250
 42 58 27 38 36 49	 => 250
 73 49 36 39 17 35	 => 249
 52 35 17 50 75 21	 => 250
 70 21 75 14 37 32	 => 249
 36 38 64 26 46 39	 => 249
 17 39 46 54 44 50	 => 250
 75 50 44 4 63 14	 => 250


===================[TEST 4]===================

##### START ##### Tue May 20 15:25:44 2003



##### CONVERGE ##### Tue May 20 15:27:27 2003

Elapsed time: 103 seconds
Total loop: 455 generations

Result : 248.153

60 14 30 24 58 68 43 33 11 41 66 54 67 15 46 55 22 77 1 61 16 78 39 10 5 53 20 45 59 31 64 56 57 37 28 50 75 51 49 26 69 44 63 13 70 21 42 40 47 52 38 7 32 2 71 6 74 27 65 29 62 35 79 3 8 23 72 12 4 76 18 36 25 48 19 80 9 73 17 34 

 60 14 30 24 58 68	 => 254
 43 68 58 33 11 41	 => 254
 66 41 11 54 67 15	 => 254
 30 46 55 22 77 24	 => 254
 58 24 77 1 61 33	 => 254
 11 33 61 16 78 54	 => 253
 67 54 78 39 10 5	 => 253
 55 53 20 45 59 22	 => 254
 77 22 59 31 64 1	 => 254
 61 1 64 56 57 16	 => 255
 78 16 57 37 28 39	 => 255
 10 39 28 50 75 51	 => 253
 20 49 26 69 44 45	 => 253
 59 45 44 63 13 31	 => 255
 64 31 13 70 21 56	 => 255
 57 56 21 42 40 37	 => 253
 28 37 40 47 52 50	 => 254
 75 50 52 38 7 32	 => 254
 44 69 2 71 6 63	 => 255
 13 63 6 74 27 70	 => 253
 21 70 27 65 29 42	 => 254
 40 42 29 62 35 47	 => 255
 52 47 35 79 3 38	 => 254
 6 71 8 23 72 74	 => 254
 27 74 72 12 4 65	 => 254
 29 65 4 76 18 62	 => 254
 35 62 18 36 25 79	 => 255
 72 23 48 19 80 12	 => 254
 4 12 80 9 73 76	 => 254
 18 76 73 17 34 36	 => 254


===================[TEST 5]===================

##### START ##### Tue May 20 15:27:27 2003



##### CONVERGE ##### Tue May 20 15:29:45 2003

Elapsed time: 138 seconds
Total loop: 609 generations

Result : 250.487

42 40 55 77 30 11 68 50 26 70 15 71 49 23 28 17 6 72 12 14 76 19 51 29 36 44 79 47 62 37 66 43 45 39 25 60 69 20 24 31 58 16 74 18 32 59 61 8 48 75 3 7 41 53 1 54 21 56 13 35 46 57 5 67 73 27 80 52 33 63 65 78 4 10 22 64 34 9 2 38 

 42 40 55 77 30 11	 => 255
 68 11 30 50 26 70	 => 255
 15 70 26 71 49 23	 => 254
 55 28 17 6 72 77	 => 255
 30 77 72 12 14 50	 => 255
 26 50 14 76 19 71	 => 256
 49 71 19 51 29 36	 => 255
 17 44 79 47 62 6	 => 255
 72 6 62 37 66 12	 => 255
 14 12 66 43 45 76	 => 256
 19 76 45 39 25 51	 => 255
 29 51 25 60 69 20	 => 254
 79 24 31 58 16 47	 => 255
 62 47 16 74 18 37	 => 254
 66 37 18 32 59 43	 => 255
 45 43 59 61 8 39	 => 255
 25 39 8 48 75 60	 => 255
 69 60 75 3 7 41	 => 255
 16 58 53 1 54 74	 => 256
 18 74 54 21 56 32	 => 255
 59 32 56 13 35 61	 => 256
 8 61 35 46 57 48	 => 255
 75 48 57 5 67 3	 => 255
 54 1 73 27 80 21	 => 256
 56 21 80 52 33 13	 => 255
 35 13 33 63 65 46	 => 255
 57 46 65 78 4 5	 => 255
 80 27 10 22 64 52	 => 255
 33 52 64 34 9 63	 => 255
 65 63 9 2 38 78	 => 255



test#	fitness		sum		time
---------------------------------------------------
1	247.515				122
2	244.956				74
3	245.153				90
4	248.153				103
5	250.487				138


---------------------------------------------------
Best fitness      : 250.487 ( test# 5)
Shortest time     : 74 ( test# 2)

Average fitness   : 247.253
Average time      : 105.4
