****************** GA TEST *******************

total test#:			 5
hexa min width:			 3
hexa max width:			 6
hexa count:			 30
number count:			 80
population size:		 80
generation size:		 10

tournament winner p:		 0.98
do xover p:			 1
xover:				 2points
do mutation1 p:			 0.1
mutation1 p:			 0.05
do optimize p:			 0.98
local optimize count:		 8000
do deep better optimize p:	 1
do deep worse optimize p:	 0
do spin p:			 0
spin count:			 900
do spin apply p:		 1
do mutation2 p:			 0.1
mutation2 p:			 0.07
force mutation2:		 0
replace bad p:			 0.195

converge rate p:		 0.99
converge count:			 1

**********************************************


===================[TEST 1]===================

##### START ##### Tue May 20 15:29:48 2003



##### CONVERGE ##### Tue May 20 15:32:07 2003

Elapsed time: 139 seconds
Total loop: 611 generations

Result : 270.826

38 37 21 64 54 60 3 48 36 73 29 61 59 15 14 66 62 47 30 31 72 26 77 49 2 1 56 44 45 27 63 50 28 46 25 75 41 7 16 11 78 69 32 57 19 58 67 24 39 65 80 8 5 6 18 71 42 53 34 43 68 33 35 22 9 55 79 52 13 76 40 74 23 20 17 51 12 70 4 10 

 38 37 21 64 54 60	 => 274
 3 60 54 48 36 73	 => 274
 29 73 36 61 59 15	 => 273
 21 14 66 62 47 64	 => 274
 54 64 47 30 31 48	 => 274
 36 48 31 72 26 61	 => 274
 59 61 26 77 49 2	 => 274
 66 1 56 44 45 62	 => 274
 47 62 45 27 63 30	 => 274
 31 30 63 50 28 72	 => 274
 26 72 28 46 25 77	 => 274
 49 77 25 75 41 7	 => 274
 56 16 11 78 69 44	 => 274
 45 44 69 32 57 27	 => 274
 63 27 57 19 58 50	 => 274
 28 50 58 67 24 46	 => 273
 25 46 24 39 65 75	 => 274
 41 75 65 80 8 5	 => 274
 69 78 6 18 71 32	 => 274
 57 32 71 42 53 19	 => 274
 58 19 53 34 43 67	 => 274
 24 67 43 68 33 39	 => 274
 65 39 33 35 22 80	 => 274
 71 18 9 55 79 42	 => 274
 53 42 79 52 13 34	 => 273
 43 34 13 76 40 68	 => 274
 33 68 40 74 23 35	 => 273
 79 55 20 17 51 52	 => 274
 13 52 51 12 70 76	 => 274
 40 76 70 4 10 74	 => 274


===================[TEST 2]===================

##### START ##### Tue May 20 15:32:07 2003



##### CONVERGE ##### Tue May 20 15:33:13 2003

Elapsed time: 66 seconds
Total loop: 292 generations

Result : 267.315

5 11 73 71 80 31 12 14 72 62 2 66 69 1 3 13 79 32 46 28 67 25 42 49 20 19 68 36 56 24 35 74 21 41 75 38 59 8 30 39 33 65 37 53 7 78 48 9 64 45 55 47 27 15 44 77 43 54 23 60 50 40 63 4 16 34 58 76 17 70 51 57 10 52 22 29 18 61 26 6 

 5 11 73 71 80 31	 => 271
 12 31 80 14 72 62	 => 271
 2 62 72 66 69 1	 => 272
 73 3 13 79 32 71	 => 271
 80 71 32 46 28 14	 => 271
 72 14 28 67 25 66	 => 272
 69 66 25 42 49 20	 => 271
 13 19 68 36 56 79	 => 271
 32 79 56 24 35 46	 => 272
 28 46 35 74 21 67	 => 271
 25 67 21 41 75 42	 => 271
 49 42 75 38 59 8	 => 271
 68 30 39 33 65 36	 => 271
 56 36 65 37 53 24	 => 271
 35 24 53 7 78 74	 => 271
 21 74 78 48 9 41	 => 271
 75 41 9 64 45 38	 => 272
 59 38 45 55 47 27	 => 271
 65 33 15 44 77 37	 => 271
 53 37 77 43 54 7	 => 271
 78 7 54 23 60 48	 => 270
 9 48 60 50 40 64	 => 271
 45 64 40 63 4 55	 => 271
 77 44 16 34 58 43	 => 272
 54 43 58 76 17 23	 => 271
 60 23 17 70 51 50	 => 271
 40 50 51 57 10 63	 => 271
 58 34 52 22 29 76	 => 271
 17 76 29 18 61 70	 => 271
 51 70 61 26 6 57	 => 271


===================[TEST 3]===================

##### START ##### Tue May 20 15:33:13 2003



##### CONVERGE ##### Tue May 20 15:34:16 2003

Elapsed time: 63 seconds
Total loop: 278 generations

Result : 270.394

29 16 35 75 74 45 1 18 63 73 11 51 56 20 8 31 72 53 12 43 78 22 70 28 47 7 55 67 41 66 30 62 49 17 38 79 50 9 27 24 68 33 61 6 52 58 69 19 44 77 40 25 3 15 32 65 36 54 37 4 59 80 23 10 5 76 60 48 39 71 64 34 14 2 42 46 13 57 21 26 

 29 16 35 75 74 45	 => 274
 1 45 74 18 63 73	 => 274
 11 73 63 51 56 20	 => 274
 35 8 31 72 53 75	 => 274
 74 75 53 12 43 18	 => 275
 63 18 43 78 22 51	 => 275
 56 51 22 70 28 47	 => 274
 31 7 55 67 41 72	 => 273
 53 72 41 66 30 12	 => 274
 43 12 30 62 49 78	 => 274
 22 78 49 17 38 70	 => 274
 28 70 38 79 50 9	 => 274
 55 27 24 68 33 67	 => 274
 41 67 33 61 6 66	 => 274
 30 66 6 52 58 62	 => 274
 49 62 58 69 19 17	 => 274
 38 17 19 44 77 79	 => 274
 50 79 77 40 25 3	 => 274
 33 68 15 32 65 61	 => 274
 6 61 65 36 54 52	 => 274
 58 52 54 37 4 69	 => 274
 19 69 4 59 80 44	 => 275
 77 44 80 23 10 40	 => 274
 65 32 5 76 60 36	 => 274
 54 36 60 48 39 37	 => 274
 4 37 39 71 64 59	 => 274
 80 59 64 34 14 23	 => 274
 60 76 2 42 46 48	 => 274
 39 48 46 13 57 71	 => 274
 64 71 57 21 26 34	 => 273


===================[TEST 4]===================

##### START ##### Tue May 20 15:34:16 2003



##### CONVERGE ##### Tue May 20 15:35:26 2003

Elapsed time: 70 seconds
Total loop: 306 generations

Result : 267.394

47 18 42 34 74 56 2 44 60 35 7 25 75 70 11 55 76 53 15 51 52 38 65 58 10 4 31 73 32 24 71 17 64 30 22 80 43 3 5 16 67 79 41 23 59 77 37 46 27 66 57 13 12 6 9 69 39 40 8 50 63 48 45 28 20 72 62 68 54 61 36 78 1 21 19 29 26 33 49 14 

 47 18 42 34 74 56	 => 271
 2 56 74 44 60 35	 => 271
 7 35 60 25 75 70	 => 272
 42 11 55 76 53 34	 => 271
 74 34 53 15 51 44	 => 271
 60 44 51 52 38 25	 => 270
 75 25 38 65 58 10	 => 271
 55 4 31 73 32 76	 => 271
 53 76 32 24 71 15	 => 271
 51 15 71 17 64 52	 => 270
 38 52 64 30 22 65	 => 271
 58 65 22 80 43 3	 => 271
 31 5 16 67 79 73	 => 271
 32 73 79 41 23 24	 => 272
 71 24 23 59 77 17	 => 271
 64 17 77 37 46 30	 => 271
 22 30 46 27 66 80	 => 271
 43 80 66 57 13 12	 => 271
 79 67 6 9 69 41	 => 271
 23 41 69 39 40 59	 => 271
 77 59 40 8 50 37	 => 271
 46 37 50 63 48 27	 => 271
 66 27 48 45 28 57	 => 271
 69 9 20 72 62 39	 => 271
 40 39 62 68 54 8	 => 271
 50 8 54 61 36 63	 => 272
 48 63 36 78 1 45	 => 271
 62 72 21 19 29 68	 => 271
 54 68 29 26 33 61	 => 271
 36 61 33 49 14 78	 => 271


===================[TEST 5]===================

##### START ##### Tue May 20 15:35:26 2003



##### CONVERGE ##### Tue May 20 15:36:35 2003

Elapsed time: 69 seconds
Total loop: 301 generations

Result : 270.315

24 17 54 75 68 36 9 37 76 48 14 64 71 1 13 23 80 29 45 21 73 3 65 56 15 7 72 74 18 63 39 35 61 41 31 58 59 5 2 16 78 32 49 38 30 69 57 12 62 70 52 25 11 33 27 55 42 60 4 53 44 47 34 10 20 51 79 43 46 50 77 66 6 8 26 67 28 40 22 19 

 24 17 54 75 68 36	 => 274
 9 36 68 37 76 48	 => 274
 14 48 76 64 71 1	 => 274
 54 13 23 80 29 75	 => 274
 68 75 29 45 21 37	 => 275
 76 37 21 73 3 64	 => 274
 71 64 3 65 56 15	 => 274
 23 7 72 74 18 80	 => 274
 29 80 18 63 39 45	 => 274
 21 45 39 35 61 73	 => 274
 3 73 61 41 31 65	 => 274
 56 65 31 58 59 5	 => 274
 72 2 16 78 32 74	 => 274
 18 74 32 49 38 63	 => 274
 39 63 38 30 69 35	 => 274
 61 35 69 57 12 41	 => 275
 31 41 12 62 70 58	 => 274
 59 58 70 52 25 11	 => 275
 32 78 33 27 55 49	 => 274
 38 49 55 42 60 30	 => 274
 69 30 60 4 53 57	 => 273
 12 57 53 44 47 62	 => 275
 70 62 47 34 10 52	 => 275
 55 27 20 51 79 42	 => 274
 60 42 79 43 46 4	 => 274
 53 4 46 50 77 44	 => 274
 47 44 77 66 6 34	 => 274
 79 51 8 26 67 43	 => 274
 46 43 67 28 40 50	 => 274
 77 50 40 22 19 66	 => 274



test#	fitness		sum		time
---------------------------------------------------
1	270.826				139
2	267.315				66
3	270.394				63
4	267.394				70
5	270.315				69


---------------------------------------------------
Best fitness      : 270.826 ( test# 1)
Shortest time     : 63 ( test# 3)

Average fitness   : 269.249
Average time      : 81.4
