****************** GA TEST *******************

total test#:			 5
hexa min width:			 3
hexa max width:			 6
hexa count:			 30
number count:			 80
population size:		 80
generation size:		 10

tournament winner p:		 0.98
do xover p:			 1
xover:				 2points
do mutation1 p:			 0.1
mutation1 p:			 0.05
do optimize p:			 0.98
local optimize count:		 8000
do deep better optimize p:	 1
do deep worse optimize p:	 0
do spin p:			 0.02
spin count:			 900
do spin apply p:		 1
do mutation2 p:			 0.1
mutation2 p:			 0.07
force mutation2:		 0
replace bad p:			 0.195

converge rate p:		 0.99
converge count:			 1

**********************************************


===================[TEST 1]===================

##### START ##### Tue May 20 15:36:38 2003



##### CONVERGE ##### Tue May 20 15:37:29 2003

Elapsed time: 51 seconds
Total loop: 223 generations

Result : 268.417

5 16 41 78 64 67 8 4 77 51 20 63 57 3 7 49 79 17 68 40 29 58 54 37 2 1 46 75 21 72 14 76 44 50 36 71 39 35 32 9 56 53 28 22 73 15 69 18 26 70 31 33 27 62 34 38 80 30 23 61 42 55 65 24 11 48 60 59 19 74 52 45 12 13 25 66 6 47 10 43 

 5 16 41 78 64 67	 => 271
 8 67 64 4 77 51	 => 271
 20 51 77 63 57 3	 => 271
 41 7 49 79 17 78	 => 271
 64 78 17 68 40 4	 => 271
 77 4 40 29 58 63	 => 271
 57 63 58 54 37 2	 => 271
 49 1 46 75 21 79	 => 271
 17 79 21 72 14 68	 => 271
 40 68 14 76 44 29	 => 271
 58 29 44 50 36 54	 => 271
 37 54 36 71 39 35	 => 272
 46 32 9 56 53 75	 => 271
 21 75 53 28 22 72	 => 271
 14 72 22 73 15 76	 => 272
 44 76 15 69 18 50	 => 272
 36 50 18 26 70 71	 => 271
 39 71 70 31 33 27	 => 271
 53 56 62 34 38 28	 => 271
 22 28 38 80 30 73	 => 271
 15 73 30 23 61 69	 => 271
 18 69 61 42 55 26	 => 271
 70 26 55 65 24 31	 => 271
 38 34 11 48 60 80	 => 271
 30 80 60 59 19 23	 => 271
 61 23 19 74 52 42	 => 271
 55 42 52 45 12 65	 => 271
 60 48 13 25 66 59	 => 271
 19 59 66 6 47 74	 => 271
 52 74 47 10 43 45	 => 271


===================[TEST 2]===================

##### START ##### Tue May 20 15:37:29 2003



##### CONVERGE ##### Tue May 20 15:39:38 2003

Elapsed time: 129 seconds
Total loop: 564 generations

Result : 271.217

55 15 23 63 72 46 1 24 67 64 4 79 39 21 40 48 22 77 30 8 76 20 71 32 33 14 69 65 56 16 73 51 36 34 37 57 66 11 2 7 61 70 25 42 43 49 53 50 28 68 58 19 5 6 38 74 31 59 41 29 52 62 45 13 9 75 47 78 18 80 54 44 17 12 27 35 3 60 10 26 

 55 15 23 63 72 46	 => 274
 1 46 72 24 67 64	 => 274
 4 64 67 79 39 21	 => 274
 23 40 48 22 77 63	 => 273
 72 63 77 30 8 24	 => 274
 67 24 8 76 20 79	 => 274
 39 79 20 71 32 33	 => 274
 48 14 69 65 56 22	 => 274
 77 22 56 16 73 30	 => 274
 8 30 73 51 36 76	 => 274
 20 76 36 34 37 71	 => 274
 32 71 37 57 66 11	 => 274
 69 2 7 61 70 65	 => 274
 56 65 70 25 42 16	 => 274
 73 16 42 43 49 51	 => 274
 36 51 49 53 50 34	 => 273
 37 34 50 28 68 57	 => 274
 66 57 68 58 19 5	 => 273
 70 61 6 38 74 25	 => 274
 42 25 74 31 59 43	 => 274
 49 43 59 41 29 53	 => 274
 50 53 29 52 62 28	 => 274
 68 28 62 45 13 58	 => 274
 74 38 9 75 47 31	 => 274
 59 31 47 78 18 41	 => 274
 29 41 18 80 54 52	 => 274
 62 52 54 44 17 45	 => 274
 47 75 12 27 35 78	 => 274
 18 78 35 3 60 80	 => 274
 54 80 60 10 26 44	 => 274


===================[TEST 3]===================

##### START ##### Tue May 20 15:39:38 2003



##### CONVERGE ##### Tue May 20 15:40:45 2003

Elapsed time: 67 seconds
Total loop: 286 generations

Result : 270.45

43 14 40 51 68 59 6 28 76 37 5 77 61 19 18 63 69 33 71 23 32 38 73 9 16 13 11 72 46 25 30 52 66 29 36 67 54 35 12 20 79 80 4 47 65 55 17 56 42 44 57 27 26 8 45 58 48 53 34 50 39 70 60 2 10 64 49 75 15 62 74 31 1 24 21 41 3 78 22 7 

 43 14 40 51 68 59	 => 275
 6 59 68 28 76 37	 => 274
 5 37 76 77 61 19	 => 275
 40 18 63 69 33 51	 => 274
 68 51 33 71 23 28	 => 274
 76 28 23 32 38 77	 => 274
 61 77 38 73 9 16	 => 274
 63 13 11 72 46 69	 => 274
 33 69 46 25 30 71	 => 274
 23 71 30 52 66 32	 => 274
 38 32 66 29 36 73	 => 274
 9 73 36 67 54 35	 => 274
 11 12 20 79 80 72	 => 274
 46 72 80 4 47 25	 => 274
 30 25 47 65 55 52	 => 274
 66 52 55 17 56 29	 => 275
 36 29 56 42 44 67	 => 274
 54 67 44 57 27 26	 => 275
 80 79 8 45 58 4	 => 274
 47 4 58 48 53 65	 => 275
 55 65 53 34 50 17	 => 274
 56 17 50 39 70 42	 => 274
 44 42 70 60 2 57	 => 275
 58 45 10 64 49 48	 => 274
 53 48 49 75 15 34	 => 274
 50 34 15 62 74 39	 => 274
 70 39 74 31 1 60	 => 275
 49 64 24 21 41 75	 => 274
 15 75 41 3 78 62	 => 274
 74 62 78 22 7 31	 => 274


===================[TEST 4]===================

##### START ##### Tue May 20 15:40:45 2003



##### CONVERGE ##### Tue May 20 15:42:02 2003

Elapsed time: 77 seconds
Total loop: 335 generations

Result : 271.569

25 8 78 47 73 46 5 11 80 61 18 49 42 27 4 29 70 48 41 57 15 66 74 36 9 13 62 71 32 55 31 65 67 21 34 77 45 10 3 19 58 63 33 23 60 43 52 28 44 72 76 6 1 22 37 64 40 56 35 30 68 54 24 7 38 39 59 75 12 53 79 50 2 14 20 69 16 51 17 26 

 25 8 78 47 73 46	 => 277
 5 46 73 11 80 61	 => 276
 18 61 80 49 42 27	 => 277
 78 4 29 70 48 47	 => 276
 73 47 48 41 57 11	 => 277
 80 11 57 15 66 49	 => 278
 42 49 66 74 36 9	 => 276
 29 13 62 71 32 70	 => 277
 48 70 32 55 31 41	 => 277
 57 41 31 65 67 15	 => 276
 66 15 67 21 34 74	 => 277
 36 74 34 77 45 10	 => 276
 62 3 19 58 63 71	 => 276
 32 71 63 33 23 55	 => 277
 31 55 23 60 43 65	 => 277
 67 65 43 52 28 21	 => 276
 34 21 28 44 72 77	 => 276
 45 77 72 76 6 1	 => 277
 63 58 22 37 64 33	 => 277
 23 33 64 40 56 60	 => 276
 43 60 56 35 30 52	 => 276
 28 52 30 68 54 44	 => 276
 72 44 54 24 7 76	 => 277
 64 37 38 39 59 40	 => 277
 56 40 59 75 12 35	 => 277
 30 35 12 53 79 68	 => 277
 54 68 79 50 2 24	 => 277
 59 39 14 20 69 75	 => 276
 12 75 69 16 51 53	 => 276
 79 53 51 17 26 50	 => 276


===================[TEST 5]===================

##### START ##### Tue May 20 15:42:02 2003



##### CONVERGE ##### Tue May 20 15:43:16 2003

Elapsed time: 74 seconds
Total loop: 320 generations

Result : 271.222

26 9 76 62 71 30 2 36 70 66 5 50 75 8 4 35 53 45 33 27 67 25 79 32 14 6 38 65 78 23 43 56 49 16 39 74 44 7 12 34 69 57 29 22 59 72 51 31 63 52 68 18 19 1 58 61 80 24 40 28 54 48 41 3 10 20 46 64 21 55 77 42 13 60 37 47 15 73 17 11 

 26 9 76 62 71 30	 => 274
 2 30 71 36 70 66	 => 275
 5 66 70 50 75 8	 => 274
 76 4 35 53 45 62	 => 275
 71 62 45 33 27 36	 => 274
 70 36 27 67 25 50	 => 275
 75 50 25 79 32 14	 => 275
 35 6 38 65 78 53	 => 275
 45 53 78 23 43 33	 => 275
 27 33 43 56 49 67	 => 275
 25 67 49 16 39 79	 => 275
 32 79 39 74 44 7	 => 275
 38 12 34 69 57 65	 => 275
 78 65 57 29 22 23	 => 274
 43 23 22 59 72 56	 => 275
 49 56 72 51 31 16	 => 275
 39 16 31 63 52 74	 => 275
 44 74 52 68 18 19	 => 275
 57 69 1 58 61 29	 => 275
 22 29 61 80 24 59	 => 275
 72 59 24 40 28 51	 => 274
 31 51 28 54 48 63	 => 275
 52 63 48 41 3 68	 => 275
 61 58 10 20 46 80	 => 275
 24 80 46 64 21 40	 => 275
 28 40 21 55 77 54	 => 275
 48 54 77 42 13 41	 => 275
 46 20 60 37 47 64	 => 274
 21 64 47 15 73 55	 => 275
 77 55 73 17 11 42	 => 275



test#	fitness		sum		time
---------------------------------------------------
1	268.417				51
2	271.217				129
3	270.45				67
4	271.569				77
5	271.222				74


---------------------------------------------------
Best fitness      : 271.569 ( test# 4)
Shortest time     : 51 ( test# 1)

Average fitness   : 270.575
Average time      : 79.6
