****************** GA TEST *******************

total test#:			 5
hexa min width:			 3
hexa max width:			 6
hexa count:			 30
number count:			 80
population size:		 80
generation size:		 10

tournament winner p:		 0.98
do xover p:			 1
xover:				 2points
do mutation1 p:			 0.1
mutation1 p:			 0.05
do optimize p:			 0.98
local optimize count:		 8000
do deep better optimize p:	 1
do deep worse optimize p:	 0
do spin p:			 0
spin count:			 900
do spin apply p:		 1
do mutation2 p:			 0.1
mutation2 p:			 0.07
force mutation2:		 0
replace bad p:			 0.195

converge rate p:		 0.99
converge count:			 1

**********************************************


===================[TEST 1]===================

##### START ##### Tue May 20 15:43:18 2003



##### CONVERGE ##### Tue May 20 15:44:27 2003

Elapsed time: 69 seconds
Total loop: 306 generations

Result : 268.221

2 59 47 68 28 67 25 45 77 29 3 60 80 22 11 34 75 35 52 43 32 14 73 26 18 5 46 54 57 33 19 51 74 41 37 36 72 27 16 40 53 62 42 23 79 66 9 31 58 69 49 24 21 1 50 63 20 44 17 56 39 78 4 13 7 61 70 55 65 30 64 76 10 6 8 71 12 38 48 15 

 2 59 47 68 28 67	 => 271
 25 67 28 45 77 29	 => 271
 3 29 77 60 80 22	 => 271
 47 11 34 75 35 68	 => 270
 28 68 35 52 43 45	 => 271
 77 45 43 32 14 60	 => 271
 80 60 14 73 26 18	 => 271
 34 5 46 54 57 75	 => 271
 35 75 57 33 19 52	 => 271
 43 52 19 51 74 32	 => 271
 14 32 74 41 37 73	 => 271
 26 73 37 36 72 27	 => 271
 46 16 40 53 62 54	 => 271
 57 54 62 42 23 33	 => 271
 19 33 23 79 66 51	 => 271
 74 51 66 9 31 41	 => 272
 37 41 31 58 69 36	 => 272
 72 36 69 49 24 21	 => 271
 62 53 1 50 63 42	 => 271
 23 42 63 20 44 79	 => 271
 66 79 44 17 56 9	 => 271
 31 9 56 39 78 58	 => 271
 69 58 78 4 13 49	 => 271
 63 50 7 61 70 20	 => 271
 44 20 70 55 65 17	 => 271
 56 17 65 30 64 39	 => 271
 78 39 64 76 10 4	 => 271
 70 61 6 8 71 55	 => 271
 65 55 71 12 38 30	 => 271
 64 30 38 48 15 76	 => 271


===================[TEST 2]===================

##### START ##### Tue May 20 15:44:27 2003



##### CONVERGE ##### Tue May 20 15:45:19 2003

Elapsed time: 52 seconds
Total loop: 226 generations

Result : 267.311

10 20 45 53 76 67 1 35 75 17 65 69 26 19 16 41 74 42 60 5 29 58 72 36 11 8 50 80 18 40 37 78 62 39 12 77 61 13 3 38 43 57 48 28 59 30 55 7 66 70 15 2 46 24 51 49 23 64 32 31 68 44 56 21 14 63 71 73 9 79 52 27 25 4 6 54 22 34 47 33 

 10 20 45 53 76 67	 => 271
 1 67 76 35 75 17	 => 271
 65 17 75 69 26 19	 => 271
 45 16 41 74 42 53	 => 271
 76 53 42 60 5 35	 => 271
 75 35 5 29 58 69	 => 271
 26 69 58 72 36 11	 => 272
 41 8 50 80 18 74	 => 271
 42 74 18 40 37 60	 => 271
 5 60 37 78 62 29	 => 271
 58 29 62 39 12 72	 => 272
 36 72 12 77 61 13	 => 271
 50 3 38 43 57 80	 => 271
 18 80 57 48 28 40	 => 271
 37 40 28 59 30 78	 => 272
 62 78 30 55 7 39	 => 271
 12 39 7 66 70 77	 => 271
 61 77 70 15 2 46	 => 271
 57 43 24 51 49 48	 => 272
 28 48 49 23 64 59	 => 271
 30 59 64 32 31 55	 => 271
 7 55 31 68 44 66	 => 271
 70 66 44 56 21 15	 => 272
 49 51 14 63 71 23	 => 271
 64 23 71 73 9 32	 => 272
 31 32 9 79 52 68	 => 271
 44 68 52 27 25 56	 => 272
 71 63 4 6 54 73	 => 271
 9 73 54 22 34 79	 => 271
 52 79 34 47 33 27	 => 272


===================[TEST 3]===================

##### START ##### Tue May 20 15:45:19 2003



##### CONVERGE ##### Tue May 20 15:46:44 2003

Elapsed time: 85 seconds
Total loop: 375 generations

Result : 273.856

4 41 32 72 51 77 12 27 74 36 23 69 65 9 5 43 78 47 58 22 52 33 79 26 6 18 44 73 21 31 42 54 50 15 48 66 56 2 20 3 76 61 57 34 53 63 70 25 64 59 55 1 40 13 10 60 49 24 30 37 35 46 39 14 19 68 71 75 28 80 67 62 29 17 8 38 11 45 7 16 

 4 41 32 72 51 77	 => 277
 12 77 51 27 74 36	 => 277
 23 36 74 69 65 9	 => 276
 32 5 43 78 47 72	 => 277
 51 72 47 58 22 27	 => 277
 74 27 22 52 33 69	 => 277
 65 69 33 79 26 6	 => 278
 43 18 44 73 21 78	 => 277
 47 78 21 31 42 58	 => 277
 22 58 42 54 50 52	 => 278
 33 52 50 15 48 79	 => 277
 26 79 48 66 56 2	 => 277
 44 20 3 76 61 73	 => 277
 21 73 61 57 34 31	 => 277
 42 31 34 53 63 54	 => 277
 50 54 63 70 25 15	 => 277
 48 15 25 64 59 66	 => 277
 56 66 59 55 1 40	 => 277
 61 76 13 10 60 57	 => 277
 34 57 60 49 24 53	 => 277
 63 53 24 30 37 70	 => 277
 25 70 37 35 46 64	 => 277
 59 64 46 39 14 55	 => 277
 60 10 19 68 71 49	 => 277
 24 49 71 75 28 30	 => 277
 37 30 28 80 67 35	 => 277
 46 35 67 62 29 39	 => 278
 71 68 17 8 38 75	 => 277
 28 75 38 11 45 80	 => 277
 67 80 45 7 16 62	 => 277


===================[TEST 4]===================

##### START ##### Tue May 20 15:46:44 2003



##### CONVERGE ##### Tue May 20 15:48:19 2003

Elapsed time: 95 seconds
Total loop: 416 generations

Result : 274.394

14 11 39 80 73 61 7 1 72 64 15 76 32 19 26 18 62 53 25 47 40 42 78 28 22 10 75 54 59 34 45 63 57 12 49 77 29 17 20 21 43 65 50 16 66 55 60 31 41 68 67 24 13 8 33 79 44 23 36 37 51 58 38 6 3 48 71 69 35 46 74 52 5 30 4 56 2 70 27 9 

 14 11 39 80 73 61	 => 278
 7 61 73 1 72 64	 => 278
 15 64 72 76 32 19	 => 278
 39 26 18 62 53 80	 => 278
 73 80 53 25 47 1	 => 279
 72 1 47 40 42 76	 => 278
 32 76 42 78 28 22	 => 278
 18 10 75 54 59 62	 => 278
 53 62 59 34 45 25	 => 278
 47 25 45 63 57 40	 => 277
 42 40 57 12 49 78	 => 278
 28 78 49 77 29 17	 => 278
 75 20 21 43 65 54	 => 278
 59 54 65 50 16 34	 => 278
 45 34 16 66 55 63	 => 279
 57 63 55 60 31 12	 => 278
 49 12 31 41 68 77	 => 278
 29 77 68 67 24 13	 => 278
 65 43 8 33 79 50	 => 278
 16 50 79 44 23 66	 => 278
 55 66 23 36 37 60	 => 277
 31 60 37 51 58 41	 => 278
 68 41 58 38 6 67	 => 278
 79 33 3 48 71 44	 => 278
 23 44 71 69 35 36	 => 278
 37 36 35 46 74 51	 => 279
 58 51 74 52 5 38	 => 278
 71 48 30 4 56 69	 => 278
 35 69 56 2 70 46	 => 278
 74 46 70 27 9 52	 => 278


===================[TEST 5]===================

##### START ##### Tue May 20 15:48:19 2003



##### CONVERGE ##### Tue May 20 15:49:21 2003

Elapsed time: 62 seconds
Total loop: 274 generations

Result : 273.836

35 19 61 67 72 22 10 53 70 49 18 64 71 4 23 11 76 38 25 21 52 16 63 47 15 29 66 62 32 37 68 50 60 41 45 55 65 1 3 12 75 58 56 31 54 36 69 20 42 73 51 26 6 9 30 48 43 44 40 33 34 78 24 8 17 59 79 57 13 77 80 46 14 2 5 74 28 27 39 7 

 35 19 61 67 72 22	 => 276
 10 22 72 53 70 49	 => 276
 18 49 70 64 71 4	 => 276
 61 23 11 76 38 67	 => 276
 72 67 38 25 21 53	 => 276
 70 53 21 52 16 64	 => 276
 71 64 16 63 47 15	 => 276
 11 29 66 62 32 76	 => 276
 38 76 32 37 68 25	 => 276
 21 25 68 50 60 52	 => 276
 16 52 60 41 45 63	 => 277
 47 63 45 55 65 1	 => 276
 66 3 12 75 58 62	 => 276
 32 62 58 56 31 37	 => 276
 68 37 31 54 36 50	 => 276
 60 50 36 69 20 41	 => 276
 45 41 20 42 73 55	 => 276
 65 55 73 51 26 6	 => 276
 58 75 9 30 48 56	 => 276
 31 56 48 43 44 54	 => 276
 36 54 44 40 33 69	 => 276
 20 69 33 34 78 42	 => 276
 73 42 78 24 8 51	 => 276
 48 30 17 59 79 43	 => 276
 44 43 79 57 13 40	 => 276
 33 40 13 77 80 34	 => 277
 78 34 80 46 14 24	 => 276
 79 59 2 5 74 57	 => 276
 13 57 74 28 27 77	 => 276
 80 77 27 39 7 46	 => 276



test#	fitness		sum		time
---------------------------------------------------
1	268.221				69
2	267.311				52
3	273.856				85
4	274.394				95
5	273.836				62


---------------------------------------------------
Best fitness      : 274.394 ( test# 4)
Shortest time     : 52 ( test# 2)

Average fitness   : 271.523
Average time      : 72.6
