****************** GA TEST *******************

total test#:			 5
hexa min width:			 3
hexa max width:			 6
hexa count:			 30
number count:			 80
population size:		 80
generation size:		 10

tournament winner p:		 0.98
do xover p:			 1
xover:				 2points
do mutation1 p:			 0.1
mutation1 p:			 0.05
do optimize p:			 0.98
local optimize count:		 8000
do deep better optimize p:	 1
do deep worse optimize p:	 0
do spin p:			 0
spin count:			 900
do spin apply p:		 1
do mutation2 p:			 0.1
mutation2 p:			 0.07
force mutation2:		 0
replace bad p:			 0.195

converge rate p:		 0.99
converge count:			 1

**********************************************


===================[TEST 1]===================

##### START ##### Tue May 20 15:49:23 2003



##### CONVERGE ##### Tue May 20 15:50:25 2003

Elapsed time: 62 seconds
Total loop: 273 generations

Result : 269.5

7 2 65 75 64 60 6 21 78 44 26 74 16 35 27 12 69 25 73 15 24 61 72 46 3 20 77 76 18 39 49 58 54 34 28 55 53 19 17 4 29 70 40 30 59 38 56 33 52 71 62 1 31 13 42 79 23 41 47 32 43 57 22 9 10 67 51 48 63 8 80 66 5 11 45 50 36 68 14 37 

 7 2 65 75 64 60	 => 273
 6 60 64 21 78 44	 => 273
 26 44 78 74 16 35	 => 273
 65 27 12 69 25 75	 => 273
 64 75 25 73 15 21	 => 273
 78 21 15 24 61 74	 => 273
 16 74 61 72 46 3	 => 272
 12 20 77 76 18 69	 => 272
 25 69 18 39 49 73	 => 273
 15 73 49 58 54 24	 => 273
 61 24 54 34 28 72	 => 273
 46 72 28 55 53 19	 => 273
 77 17 4 29 70 76	 => 273
 18 76 70 40 30 39	 => 273
 49 39 30 59 38 58	 => 273
 54 58 38 56 33 34	 => 273
 28 34 33 52 71 55	 => 273
 53 55 71 62 1 31	 => 273
 70 29 13 42 79 40	 => 273
 30 40 79 23 41 59	 => 272
 38 59 41 47 32 56	 => 273
 33 56 32 43 57 52	 => 273
 71 52 57 22 9 62	 => 273
 79 42 10 67 51 23	 => 272
 41 23 51 48 63 47	 => 273
 32 47 63 8 80 43	 => 273
 57 43 80 66 5 22	 => 273
 51 67 11 45 50 48	 => 272
 63 48 50 36 68 8	 => 273
 80 8 68 14 37 66	 => 273


===================[TEST 2]===================

##### START ##### Tue May 20 15:50:25 2003



##### CONVERGE ##### Tue May 20 15:51:53 2003

Elapsed time: 88 seconds
Total loop: 386 generations

Result : 269.984

23 16 42 71 67 55 20 45 56 31 11 74 69 33 36 15 58 52 32 7 73 19 61 17 34 25 63 70 43 60 28 75 59 18 44 72 78 1 4 8 77 51 41 9 54 48 35 38 62 40 50 13 21 10 30 65 37 68 22 46 27 66 53 2 6 57 79 29 39 76 64 49 14 5 24 80 3 47 26 12 

 23 16 42 71 67 55	 => 274
 20 55 67 45 56 31	 => 274
 11 31 56 74 69 33	 => 274
 42 36 15 58 52 71	 => 274
 67 71 52 32 7 45	 => 274
 56 45 7 73 19 74	 => 274
 69 74 19 61 17 34	 => 274
 15 25 63 70 43 58	 => 274
 52 58 43 60 28 32	 => 273
 7 32 28 75 59 73	 => 274
 19 73 59 18 44 61	 => 274
 17 61 44 72 78 1	 => 273
 63 4 8 77 51 70	 => 273
 43 70 51 41 9 60	 => 274
 28 60 9 54 48 75	 => 274
 59 75 48 35 38 18	 => 273
 44 18 38 62 40 72	 => 274
 78 72 40 50 13 21	 => 274
 51 77 10 30 65 41	 => 274
 9 41 65 37 68 54	 => 274
 48 54 68 22 46 35	 => 273
 38 35 46 27 66 62	 => 274
 40 62 66 53 2 50	 => 273
 65 30 6 57 79 37	 => 274
 68 37 79 29 39 22	 => 274
 46 22 39 76 64 27	 => 274
 66 27 64 49 14 53	 => 273
 79 57 5 24 80 29	 => 274
 39 29 80 3 47 76	 => 274
 64 76 47 26 12 49	 => 274


===================[TEST 3]===================

##### START ##### Tue May 20 15:51:53 2003



##### CONVERGE ##### Tue May 20 15:53:12 2003

Elapsed time: 79 seconds
Total loop: 348 generations

Result : 266.459

45 21 68 38 65 35 25 17 75 55 2 72 67 1 10 37 56 63 43 46 6 57 40 28 7 18 80 77 3 31 76 59 41 50 78 62 51 13 4 9 23 79 61 22 24 60 53 8 27 47 71 14 26 12 33 64 58 42 19 74 36 73 48 5 16 49 52 70 30 44 69 34 11 15 20 66 29 32 54 39 

 45 21 68 38 65 35	 => 272
 25 35 65 17 75 55	 => 272
 2 55 75 72 67 1	 => 272
 68 10 37 56 63 38	 => 272
 65 38 63 43 46 17	 => 272
 75 17 46 6 57 72	 => 273
 67 72 57 40 28 7	 => 271
 37 18 80 77 3 56	 => 271
 63 56 3 31 76 43	 => 272
 46 43 76 59 41 6	 => 271
 57 6 41 50 78 40	 => 272
 28 40 78 62 51 13	 => 272
 80 4 9 23 79 77	 => 272
 3 77 79 61 22 31	 => 273
 76 31 22 24 60 59	 => 272
 41 59 60 53 8 50	 => 271
 78 50 8 27 47 62	 => 272
 51 62 47 71 14 26	 => 271
 79 23 12 33 64 61	 => 272
 22 61 64 58 42 24	 => 271
 60 24 42 19 74 53	 => 272
 8 53 74 36 73 27	 => 271
 47 27 73 48 5 71	 => 271
 64 33 16 49 52 58	 => 272
 42 58 52 70 30 19	 => 271
 74 19 30 44 69 36	 => 272
 73 36 69 34 11 48	 => 271
 52 49 15 20 66 70	 => 272
 30 70 66 29 32 44	 => 271
 69 44 32 54 39 34	 => 272


===================[TEST 4]===================

##### START ##### Tue May 20 15:53:12 2003



##### CONVERGE ##### Tue May 20 15:54:15 2003

Elapsed time: 63 seconds
Total loop: 278 generations

Result : 273.111

15 20 41 67 68 66 3 27 55 58 12 75 44 33 1 47 77 43 42 30 26 64 59 28 7 18 31 80 24 32 60 57 62 21 45 72 56 17 10 9 69 78 50 13 54 61 63 14 49 76 38 25 11 4 6 70 53 37 34 29 48 74 35 5 23 73 52 65 36 51 79 19 22 39 2 46 8 71 16 40 

 15 20 41 67 68 66	 => 277
 3 66 68 27 55 58	 => 277
 12 58 55 75 44 33	 => 277
 41 1 47 77 43 67	 => 276
 68 67 43 42 30 27	 => 277
 55 27 30 26 64 75	 => 277
 44 75 64 59 28 7	 => 277
 47 18 31 80 24 77	 => 277
 43 77 24 32 60 42	 => 278
 30 42 60 57 62 26	 => 277
 64 26 62 21 45 59	 => 277
 28 59 45 72 56 17	 => 277
 31 10 9 69 78 80	 => 277
 24 80 78 50 13 32	 => 277
 60 32 13 54 61 57	 => 277
 62 57 61 63 14 21	 => 278
 45 21 14 49 76 72	 => 277
 56 72 76 38 25 11	 => 278
 78 69 4 6 70 50	 => 277
 13 50 70 53 37 54	 => 277
 61 54 37 34 29 63	 => 278
 14 63 29 48 74 49	 => 277
 76 49 74 35 5 38	 => 277
 70 6 23 73 52 53	 => 277
 37 53 52 65 36 34	 => 277
 29 34 36 51 79 48	 => 277
 74 48 79 19 22 35	 => 277
 52 73 39 2 46 65	 => 277
 36 65 46 8 71 51	 => 277
 79 51 71 16 40 19	 => 276


===================[TEST 5]===================

##### START ##### Tue May 20 15:54:15 2003



##### CONVERGE ##### Tue May 20 15:55:05 2003

Elapsed time: 50 seconds
Total loop: 217 generations

Result : 271.691

22 12 45 78 58 59 11 2 70 74 5 73 49 3 9 63 17 62 40 34 52 43 76 27 6 1 48 77 68 26 61 32 55 18 30 79 33 29 10 13 72 54 25 24 66 65 51 53 38 56 67 20 19 16 35 71 57 31 15 46 42 44 41 28 8 39 64 47 60 36 75 69 4 23 21 80 14 37 7 50 

 22 12 45 78 58 59	 => 274
 11 59 58 2 70 74	 => 274
 5 74 70 73 49 3	 => 274
 45 9 63 17 62 78	 => 274
 58 78 62 40 34 2	 => 274
 70 2 34 52 43 73	 => 274
 49 73 43 76 27 6	 => 274
 63 1 48 77 68 17	 => 274
 62 17 68 26 61 40	 => 274
 34 40 61 32 55 52	 => 274
 43 52 55 18 30 76	 => 274
 27 76 30 79 33 29	 => 274
 48 10 13 72 54 77	 => 274
 68 77 54 25 24 26	 => 274
 61 26 24 66 65 32	 => 274
 55 32 65 51 53 18	 => 274
 30 18 53 38 56 79	 => 274
 33 79 56 67 20 19	 => 274
 54 72 16 35 71 25	 => 273
 24 25 71 57 31 66	 => 274
 65 66 31 15 46 51	 => 274
 53 51 46 42 44 38	 => 274
 56 38 44 41 28 67	 => 274
 71 35 8 39 64 57	 => 274
 31 57 64 47 60 15	 => 274
 46 15 60 36 75 42	 => 274
 44 42 75 69 4 41	 => 275
 64 39 23 21 80 47	 => 274
 60 47 80 14 37 36	 => 274
 75 36 37 7 50 69	 => 274



test#	fitness		sum		time
---------------------------------------------------
1	269.5				62
2	269.984				88
3	266.459				79
4	273.111				63
5	271.691				50


---------------------------------------------------
Best fitness      : 273.111 ( test# 4)
Shortest time     : 50 ( test# 5)

Average fitness   : 270.149
Average time      : 68.4
