****************** GA TEST *******************

total test#:			 5
hexa min width:			 3
hexa max width:			 6
hexa count:			 30
number count:			 80
population size:		 80
generation size:		 20

tournament winner p:		 0.98
do xover p:			 1
xover:				 2points
do mutation1 p:			 0.1
mutation1 p:			 0.05
do optimize p:			 1
local optimize count:		 8000
do deep better optimize p:	 1
do deep worse optimize p:	 0
do spin p:			 0
spin count:			 900
do spin apply p:		 1
do mutation2 p:			 0.1
mutation2 p:			 0.07
force mutation2:		 0
replace bad p:			 0.195

converge rate p:		 0.99
converge count:			 1

**********************************************


===================[TEST 1]===================

##### START ##### Tue May 20 10:27:57 2003



##### CONVERGE ##### Tue May 20 10:28:55 2003

Elapsed time: 58 seconds
Total loop: 125 generations

Result : 265.601

42 7 50 29 79 62 12 8 69 40 13 76 51 21 34 16 73 68 45 41 72 3 78 22 39 4 64 67 46 10 28 53 31 37 49 54 66 1 36 11 65 26 47 74 61 44 70 35 18 77 48 2 23 17 60 55 9 24 38 32 56 59 52 15 14 57 75 80 43 30 71 27 5 19 6 33 25 58 20 63 

 42 7 50 29 79 62	 => 269
 12 62 79 8 69 40	 => 270
 13 40 69 76 51 21	 => 270
 50 34 16 73 68 29	 => 270
 79 29 68 45 41 8	 => 270
 69 8 41 72 3 76	 => 269
 51 76 3 78 22 39	 => 269
 16 4 64 67 46 73	 => 270
 68 73 46 10 28 45	 => 270
 41 45 28 53 31 72	 => 270
 3 72 31 37 49 78	 => 270
 22 78 49 54 66 1	 => 270
 64 36 11 65 26 67	 => 269
 46 67 26 47 74 10	 => 270
 28 10 74 61 44 53	 => 270
 31 53 44 70 35 37	 => 270
 49 37 35 18 77 54	 => 270
 66 54 77 48 2 23	 => 270
 26 65 17 60 55 47	 => 270
 74 47 55 9 24 61	 => 270
 44 61 24 38 32 70	 => 269
 35 70 32 56 59 18	 => 270
 77 18 59 52 15 48	 => 269
 55 60 14 57 75 9	 => 270
 24 9 75 80 43 38	 => 269
 32 38 43 30 71 56	 => 270
 59 56 71 27 5 52	 => 270
 75 57 19 6 33 80	 => 270
 43 80 33 25 58 30	 => 269
 71 30 58 20 63 27	 => 269


===================[TEST 2]===================

##### START ##### Tue May 20 10:28:55 2003



##### CONVERGE ##### Tue May 20 10:30:14 2003

Elapsed time: 79 seconds
Total loop: 170 generations

Result : 271.222

6 27 43 76 77 46 15 11 52 74 5 68 63 13 19 47 59 31 42 38 69 37 75 23 9 1 57 41 70 40 33 56 36 28 30 71 51 24 4 32 67 73 25 26 58 62 39 54 48 44 79 12 18 10 55 45 49 72 35 8 65 61 20 22 14 78 34 64 21 80 66 60 2 29 17 53 7 50 3 16 

 6 27 43 76 77 46	 => 275
 15 46 77 11 52 74	 => 275
 5 74 52 68 63 13	 => 275
 43 19 47 59 31 76	 => 275
 77 76 31 42 38 11	 => 275
 52 11 38 69 37 68	 => 275
 63 68 37 75 23 9	 => 275
 47 1 57 41 70 59	 => 275
 31 59 70 40 33 42	 => 275
 38 42 33 56 36 69	 => 274
 37 69 36 28 30 75	 => 275
 23 75 30 71 51 24	 => 274
 57 4 32 67 73 41	 => 274
 70 41 73 25 26 40	 => 275
 33 40 26 58 62 56	 => 275
 36 56 62 39 54 28	 => 275
 30 28 54 48 44 71	 => 275
 51 71 44 79 12 18	 => 275
 73 67 10 55 45 25	 => 275
 26 25 45 49 72 58	 => 275
 62 58 72 35 8 39	 => 274
 54 39 8 65 61 48	 => 275
 44 48 61 20 22 79	 => 274
 45 55 14 78 34 49	 => 275
 72 49 34 64 21 35	 => 275
 8 35 21 80 66 65	 => 275
 61 65 66 60 2 20	 => 274
 34 78 29 17 53 64	 => 275
 21 64 53 7 50 80	 => 275
 66 80 50 3 16 60	 => 275


===================[TEST 3]===================

##### START ##### Tue May 20 10:30:14 2003



##### CONVERGE ##### Tue May 20 10:31:32 2003

Elapsed time: 78 seconds
Total loop: 167 generations

Result : 269.5

9 21 47 76 63 57 8 25 75 45 3 65 80 5 6 40 74 30 68 11 64 32 29 44 23 2 69 53 35 39 26 43 61 17 70 59 67 4 42 38 10 60 49 37 51 77 48 27 22 78 50 18 1 33 55 66 14 56 7 34 62 79 16 28 13 54 71 73 52 72 46 58 12 36 19 20 15 41 31 24 

 9 21 47 76 63 57	 => 273
 8 57 63 25 75 45	 => 273
 3 45 75 65 80 5	 => 273
 47 6 40 74 30 76	 => 273
 63 76 30 68 11 25	 => 273
 75 25 11 64 32 65	 => 272
 80 65 32 29 44 23	 => 273
 40 2 69 53 35 74	 => 273
 30 74 35 39 26 68	 => 272
 11 68 26 43 61 64	 => 273
 32 64 61 17 70 29	 => 273
 44 29 70 59 67 4	 => 273
 69 42 38 10 60 53	 => 272
 35 53 60 49 37 39	 => 273
 26 39 37 51 77 43	 => 273
 61 43 77 48 27 17	 => 273
 70 17 27 22 78 59	 => 273
 67 59 78 50 18 1	 => 273
 60 10 33 55 66 49	 => 273
 37 49 66 14 56 51	 => 273
 77 51 56 7 34 48	 => 273
 27 48 34 62 79 22	 => 272
 78 22 79 16 28 50	 => 273
 66 55 13 54 71 14	 => 273
 56 14 71 73 52 7	 => 273
 34 7 52 72 46 62	 => 273
 79 62 46 58 12 16	 => 273
 71 54 36 19 20 73	 => 273
 52 73 20 15 41 72	 => 273
 46 72 41 31 24 58	 => 272


===================[TEST 4]===================

##### START ##### Tue May 20 10:31:32 2003



##### CONVERGE ##### Tue May 20 10:32:26 2003

Elapsed time: 54 seconds
Total loop: 117 generations

Result : 268.833

8 47 60 69 35 54 40 18 50 75 25 70 33 19 9 23 74 37 62 51 3 80 29 45 15 16 71 76 12 22 66 24 67 32 61 72 48 17 6 5 52 63 65 34 49 77 68 4 39 64 36 42 10 2 46 44 59 21 30 27 56 78 41 14 13 31 79 55 28 73 58 38 1 11 43 53 7 57 26 20 

 8 47 60 69 35 54	 => 273
 40 54 35 18 50 75	 => 272
 25 75 50 70 33 19	 => 272
 60 9 23 74 37 69	 => 272
 35 69 37 62 51 18	 => 272
 50 18 51 3 80 70	 => 272
 33 70 80 29 45 15	 => 272
 23 16 71 76 12 74	 => 272
 37 74 12 22 66 62	 => 273
 51 62 66 24 67 3	 => 273
 80 3 67 32 61 29	 => 272
 45 29 61 72 48 17	 => 272
 71 6 5 52 63 76	 => 273
 12 76 63 65 34 22	 => 272
 66 22 34 49 77 24	 => 272
 67 24 77 68 4 32	 => 272
 61 32 4 39 64 72	 => 272
 48 72 64 36 42 10	 => 272
 63 52 2 46 44 65	 => 272
 34 65 44 59 21 49	 => 272
 77 49 21 30 27 68	 => 272
 4 68 27 56 78 39	 => 272
 64 39 78 41 14 36	 => 272
 44 46 13 31 79 59	 => 272
 21 59 79 55 28 30	 => 272
 27 30 28 73 58 56	 => 272
 78 56 58 38 1 41	 => 272
 79 31 11 43 53 55	 => 272
 28 55 53 7 57 73	 => 273
 58 73 57 26 20 38	 => 272


===================[TEST 5]===================

##### START ##### Tue May 20 10:32:26 2003



##### CONVERGE ##### Tue May 20 10:33:51 2003

Elapsed time: 85 seconds
Total loop: 182 generations

Result : 269.984

1 42 54 68 70 39 31 17 71 46 20 67 53 16 9 15 79 49 22 48 41 30 75 43 6 7 24 76 72 4 47 57 59 40 29 55 63 8 28 13 73 60 25 37 78 51 32 35 38 77 56 18 5 23 12 80 21 33 36 44 58 66 26 11 34 62 65 74 45 27 64 50 10 19 2 52 14 61 3 69 

 1 42 54 68 70 39	 => 274
 31 39 70 17 71 46	 => 274
 20 46 71 67 53 16	 => 273
 54 9 15 79 49 68	 => 274
 70 68 49 22 48 17	 => 274
 71 17 48 41 30 67	 => 274
 53 67 30 75 43 6	 => 274
 15 7 24 76 72 79	 => 273
 49 79 72 4 47 22	 => 273
 48 22 47 57 59 41	 => 274
 30 41 59 40 29 75	 => 274
 43 75 29 55 63 8	 => 273
 24 28 13 73 60 76	 => 274
 72 76 60 25 37 4	 => 274
 47 4 37 78 51 57	 => 274
 59 57 51 32 35 40	 => 274
 29 40 35 38 77 55	 => 274
 63 55 77 56 18 5	 => 274
 60 73 23 12 80 25	 => 273
 37 25 80 21 33 78	 => 274
 51 78 33 36 44 32	 => 274
 35 32 44 58 66 38	 => 273
 77 38 66 26 11 56	 => 274
 80 12 34 62 65 21	 => 274
 33 21 65 74 45 36	 => 274
 44 36 45 27 64 58	 => 274
 66 58 64 50 10 26	 => 274
 65 62 19 2 52 74	 => 274
 45 74 52 14 61 27	 => 273
 64 27 61 3 69 50	 => 274



test#	fitness		sum		time
---------------------------------------------------
1	265.601				58
2	271.222				79
3	269.5				78
4	268.833				54
5	269.984				85


---------------------------------------------------
Best fitness      : 271.222 ( test# 2)
Shortest time     : 54 ( test# 4)

Average fitness   : 269.028
Average time      : 70.8
