****************** GA TEST *******************

total test#:			 5
hexa min width:			 3
hexa max width:			 6
hexa count:			 30
number count:			 80
population size:		 80
generation size:		 10

tournament winner p:		 0.98
do xover p:			 1
xover:				 2points
do mutation1 p:			 0.1
mutation1 p:			 0.05
do optimize p:			 0.98
local optimize count:		 8000
do deep better optimize p:	 1
do deep worse optimize p:	 0
do spin p:			 0
spin count:			 1000
do spin apply p:		 1
do mutation2 p:			 0.1
mutation2 p:			 0.07
force mutation2:		 0
replace bad p:			 0.195

converge rate p:		 0.99
converge count:			 1

**********************************************


===================[TEST 1]===================

##### START ##### Tue May 20 15:55:08 2003



##### CONVERGE ##### Tue May 20 15:56:47 2003

Elapsed time: 99 seconds
Total loop: 434 generations

Result : 273.5

1 9 58 80 77 52 2 24 67 55 18 71 62 4 6 16 74 43 13 40 57 17 75 19 32 3 56 69 59 22 66 46 54 21 53 73 50 7 26 29 48 49 44 34 41 68 61 27 38 65 39 15 35 25 47 64 60 33 37 36 45 70 42 23 10 20 76 63 8 72 79 30 11 28 12 78 5 51 31 14 

 1 9 58 80 77 52	 => 277
 2 52 77 24 67 55	 => 277
 18 55 67 71 62 4	 => 277
 58 6 16 74 43 80	 => 277
 77 80 43 13 40 24	 => 277
 67 24 40 57 17 71	 => 276
 62 71 17 75 19 32	 => 276
 16 3 56 69 59 74	 => 277
 43 74 59 22 66 13	 => 277
 40 13 66 46 54 57	 => 276
 17 57 54 21 53 75	 => 277
 19 75 53 73 50 7	 => 277
 56 26 29 48 49 69	 => 277
 59 69 49 44 34 22	 => 277
 66 22 34 41 68 46	 => 277
 54 46 68 61 27 21	 => 277
 53 21 27 38 65 73	 => 277
 50 73 65 39 15 35	 => 277
 49 48 25 47 64 44	 => 277
 34 44 64 60 33 41	 => 276
 68 41 33 37 36 61	 => 276
 27 61 36 45 70 38	 => 277
 65 38 70 42 23 39	 => 277
 64 47 10 20 76 60	 => 277
 33 60 76 63 8 37	 => 277
 36 37 8 72 79 45	 => 277
 70 45 79 30 11 42	 => 277
 76 20 28 12 78 63	 => 277
 8 63 78 5 51 72	 => 277
 79 72 51 31 14 30	 => 277


===================[TEST 2]===================

##### START ##### Tue May 20 15:56:47 2003



##### CONVERGE ##### Tue May 20 15:58:13 2003

Elapsed time: 86 seconds
Total loop: 376 generations

Result : 269.049

8 18 53 56 75 63 5 20 60 50 24 58 74 6 4 7 73 80 16 25 76 34 37 51 19 1 62 66 64 23 17 78 61 11 54 77 45 9 26 15 35 69 21 31 59 65 36 22 67 42 29 32 47 27 49 72 38 52 28 33 46 68 55 12 2 70 41 71 43 79 44 57 3 13 48 30 10 40 14 39 

 8 18 53 56 75 63	 => 273
 5 63 75 20 60 50	 => 273
 24 50 60 58 74 6	 => 272
 53 4 7 73 80 56	 => 273
 75 56 80 16 25 20	 => 272
 60 20 25 76 34 58	 => 273
 74 58 34 37 51 19	 => 273
 7 1 62 66 64 73	 => 273
 80 73 64 23 17 16	 => 273
 25 16 17 78 61 76	 => 273
 34 76 61 11 54 37	 => 273
 51 37 54 77 45 9	 => 273
 62 26 15 35 69 66	 => 273
 64 66 69 21 31 23	 => 274
 17 23 31 59 65 78	 => 273
 61 78 65 36 22 11	 => 273
 54 11 22 67 42 77	 => 273
 45 77 42 29 32 47	 => 272
 69 35 27 49 72 21	 => 273
 31 21 72 38 52 59	 => 273
 65 59 52 28 33 36	 => 273
 22 36 33 46 68 67	 => 272
 42 67 68 55 12 29	 => 273
 72 49 2 70 41 38	 => 272
 52 38 41 71 43 28	 => 273
 33 28 43 79 44 46	 => 273
 68 46 44 57 3 55	 => 273
 41 70 13 48 30 71	 => 273
 43 71 30 10 40 79	 => 273
 44 79 40 14 39 57	 => 273


===================[TEST 3]===================

##### START ##### Tue May 20 15:58:13 2003



##### CONVERGE ##### Tue May 20 15:59:20 2003

Elapsed time: 67 seconds
Total loop: 294 generations

Result : 270.5

7 13 42 79 71 62 10 19 76 36 32 64 55 11 27 21 77 28 18 59 5 51 75 12 17 9 37 66 63 38 50 72 69 44 30 74 58 25 31 34 61 45 23 39 67 8 60 20 35 70 53 16 3 15 78 52 47 46 24 68 26 65 49 2 6 43 48 80 29 54 73 57 4 40 22 41 14 56 1 33 

 7 13 42 79 71 62	 => 274
 10 62 71 19 76 36	 => 274
 32 36 76 64 55 11	 => 274
 42 27 21 77 28 79	 => 274
 71 79 28 18 59 19	 => 274
 76 19 59 5 51 64	 => 274
 55 64 51 75 12 17	 => 274
 21 9 37 66 63 77	 => 273
 28 77 63 38 50 18	 => 274
 59 18 50 72 69 5	 => 273
 51 5 69 44 30 75	 => 274
 12 75 30 74 58 25	 => 274
 37 31 34 61 45 66	 => 274
 63 66 45 23 39 38	 => 274
 50 38 39 67 8 72	 => 274
 69 72 8 60 20 44	 => 273
 30 44 20 35 70 74	 => 273
 58 74 70 53 16 3	 => 274
 45 61 15 78 52 23	 => 274
 39 23 52 47 46 67	 => 274
 8 67 46 24 68 60	 => 273
 20 60 68 26 65 35	 => 274
 70 35 65 49 2 53	 => 274
 52 78 6 43 48 47	 => 274
 46 47 48 80 29 24	 => 274
 68 24 29 54 73 26	 => 274
 65 26 73 57 4 49	 => 274
 48 43 40 22 41 80	 => 274
 29 80 41 14 56 54	 => 274
 73 54 56 1 33 57	 => 274


===================[TEST 4]===================

##### START ##### Tue May 20 15:59:20 2003



##### CONVERGE ##### Tue May 20 16:00:26 2003

Elapsed time: 66 seconds
Total loop: 291 generations

Result : 268.778

20 4 80 58 73 38 6 24 60 72 5 52 75 8 12 2 66 54 50 14 74 49 79 15 3 25 61 68 51 35 17 77 41 9 21 69 53 36 13 1 67 63 22 34 62 48 33 65 31 78 45 10 18 7 56 57 43 55 28 46 59 39 47 32 11 29 76 44 27 42 71 40 16 23 37 64 26 70 30 19 

 20 4 80 58 73 38	 => 273
 6 38 73 24 60 72	 => 273
 5 72 60 52 75 8	 => 272
 80 12 2 66 54 58	 => 272
 73 58 54 50 14 24	 => 273
 60 24 14 74 49 52	 => 273
 75 52 49 79 15 3	 => 273
 2 25 61 68 51 66	 => 273
 54 66 51 35 17 50	 => 273
 14 50 17 77 41 74	 => 273
 49 74 41 9 21 79	 => 273
 15 79 21 69 53 36	 => 273
 61 13 1 67 63 68	 => 273
 51 68 63 22 34 35	 => 273
 17 35 34 62 48 77	 => 273
 41 77 48 33 65 9	 => 273
 21 9 65 31 78 69	 => 273
 53 69 78 45 10 18	 => 273
 63 67 7 56 57 22	 => 272
 34 22 57 43 55 62	 => 273
 48 62 55 28 46 33	 => 272
 65 33 46 59 39 31	 => 273
 78 31 39 47 32 45	 => 272
 57 56 11 29 76 43	 => 272
 55 43 76 44 27 28	 => 273
 46 28 27 42 71 59	 => 273
 39 59 71 40 16 47	 => 272
 76 29 23 37 64 44	 => 273
 27 44 64 26 70 42	 => 273
 71 42 70 30 19 40	 => 272


===================[TEST 5]===================

##### START ##### Tue May 20 16:00:26 2003



##### CONVERGE ##### Tue May 20 16:01:16 2003

Elapsed time: 50 seconds
Total loop: 220 generations

Result : 268.833

5 11 77 63 61 55 29 40 73 14 3 80 68 34 2 21 74 36 48 24 32 23 66 22 13 26 42 65 44 39 31 62 75 20 57 72 54 1 37 28 76 25 69 30 47 64 41 10 53 60 27 16 43 6 38 58 18 51 17 52 49 67 56 9 8 79 71 70 45 59 50 35 15 12 7 33 19 46 78 4 

 5 11 77 63 61 55	 => 272
 29 55 61 40 73 14	 => 272
 3 14 73 80 68 34	 => 272
 77 2 21 74 36 63	 => 273
 61 63 36 48 24 40	 => 272
 73 40 24 32 23 80	 => 272
 68 80 23 66 22 13	 => 272
 21 26 42 65 44 74	 => 272
 36 74 44 39 31 48	 => 272
 24 48 31 62 75 32	 => 272
 23 32 75 20 57 66	 => 273
 22 66 57 72 54 1	 => 272
 42 37 28 76 25 65	 => 273
 44 65 25 69 30 39	 => 272
 31 39 30 47 64 62	 => 273
 75 62 64 41 10 20	 => 272
 57 20 10 53 60 72	 => 272
 54 72 60 27 16 43	 => 272
 25 76 6 38 58 69	 => 272
 30 69 58 18 51 47	 => 273
 64 47 51 17 52 41	 => 272
 10 41 52 49 67 53	 => 272
 60 53 67 56 9 27	 => 272
 58 38 8 79 71 18	 => 272
 51 18 71 70 45 17	 => 272
 52 17 45 59 50 49	 => 272
 67 49 50 35 15 56	 => 272
 71 79 12 7 33 70	 => 272
 45 70 33 19 46 59	 => 272
 50 59 46 78 4 35	 => 272



test#	fitness		sum		time
---------------------------------------------------
1	273.5				99
2	269.049				86
3	270.5				67
4	268.778				66
5	268.833				50


---------------------------------------------------
Best fitness      : 273.5 ( test# 1)
Shortest time     : 50 ( test# 5)

Average fitness   : 270.132
Average time      : 73.6
