****************** GA TEST *******************

total test#:			 5
hexa min width:			 3
hexa max width:			 6
hexa count:			 30
number count:			 80
population size:		 80
generation size:		 10

tournament winner p:		 0.98
do xover p:			 1
xover:				 2points
do mutation1 p:			 0.1
mutation1 p:			 0.05
do optimize p:			 0.98
local optimize count:		 8000
do deep better optimize p:	 1
do deep worse optimize p:	 0
do spin p:			 0
spin count:			 800
do spin apply p:		 1
do mutation2 p:			 0.1
mutation2 p:			 0.07
force mutation2:		 0
replace bad p:			 0.195

converge rate p:		 0.99
converge count:			 1

**********************************************


===================[TEST 1]===================

##### START ##### Tue May 20 16:01:18 2003



##### CONVERGE ##### Tue May 20 16:02:40 2003

Elapsed time: 82 seconds
Total loop: 361 generations

Result : 271.222

35 19 39 69 76 36 6 26 70 61 10 73 12 49 2 59 65 41 46 17 52 37 71 67 15 5 30 72 44 13 66 51 42 64 9 74 53 1 38 3 54 78 20 48 40 57 45 16 32 80 34 27 7 14 31 77 56 33 21 79 43 60 58 11 8 28 75 68 22 62 47 63 4 25 29 50 18 55 24 23 

 35 19 39 69 76 36	 => 274
 6 36 76 26 70 61	 => 275
 10 61 70 73 12 49	 => 275
 39 2 59 65 41 69	 => 275
 76 69 41 46 17 26	 => 275
 70 26 17 52 37 73	 => 275
 12 73 37 71 67 15	 => 275
 59 5 30 72 44 65	 => 275
 41 65 44 13 66 46	 => 275
 17 46 66 51 42 52	 => 274
 37 52 42 64 9 71	 => 275
 67 71 9 74 53 1	 => 275
 30 38 3 54 78 72	 => 275
 44 72 78 20 48 13	 => 275
 66 13 48 40 57 51	 => 275
 42 51 57 45 16 64	 => 275
 9 64 16 32 80 74	 => 275
 53 74 80 34 27 7	 => 275
 78 54 14 31 77 20	 => 274
 48 20 77 56 33 40	 => 274
 57 40 33 21 79 45	 => 275
 16 45 79 43 60 32	 => 275
 80 32 60 58 11 34	 => 275
 77 31 8 28 75 56	 => 275
 33 56 75 68 22 21	 => 275
 79 21 22 62 47 43	 => 274
 60 43 47 63 4 58	 => 275
 75 28 25 29 50 68	 => 275
 22 68 50 18 55 62	 => 275
 47 62 55 24 23 63	 => 274


===================[TEST 2]===================

##### START ##### Tue May 20 16:02:40 2003



##### CONVERGE ##### Tue May 20 16:04:12 2003

Elapsed time: 92 seconds
Total loop: 401 generations

Result : 273.221

23 12 54 78 79 30 15 17 65 70 10 76 36 19 29 21 55 39 43 20 48 50 74 32 8 1 72 69 58 41 40 62 63 34 7 77 64 22 4 35 51 45 52 11 57 66 33 18 60 80 28 25 2 24 49 56 53 47 14 59 37 68 31 9 5 38 75 61 26 73 67 46 27 16 44 42 3 71 6 13 

 23 12 54 78 79 30	 => 276
 15 30 79 17 65 70	 => 276
 10 70 65 76 36 19	 => 276
 54 29 21 55 39 78	 => 276
 79 78 39 43 20 17	 => 276
 65 17 20 48 50 76	 => 276
 36 76 50 74 32 8	 => 276
 21 1 72 69 58 55	 => 276
 39 55 58 41 40 43	 => 276
 20 43 40 62 63 48	 => 276
 50 48 63 34 7 74	 => 276
 32 74 7 77 64 22	 => 276
 72 4 35 51 45 69	 => 276
 58 69 45 52 11 41	 => 276
 40 41 11 57 66 62	 => 277
 63 62 66 33 18 34	 => 276
 7 34 18 60 80 77	 => 276
 64 77 80 28 25 2	 => 276
 45 51 24 49 56 52	 => 277
 11 52 56 53 47 57	 => 276
 66 57 47 14 59 33	 => 276
 18 33 59 37 68 60	 => 275
 80 60 68 31 9 28	 => 276
 56 49 5 38 75 53	 => 276
 47 53 75 61 26 14	 => 276
 59 14 26 73 67 37	 => 276
 68 37 67 46 27 31	 => 276
 75 38 16 44 42 61	 => 276
 26 61 42 3 71 73	 => 276
 67 73 71 6 13 46	 => 276


===================[TEST 3]===================

##### START ##### Tue May 20 16:04:12 2003



##### CONVERGE ##### Tue May 20 16:04:52 2003

Elapsed time: 40 seconds
Total loop: 177 generations

Result : 262.601

7 4 78 41 73 64 21 26 40 42 50 70 59 6 15 51 14 68 10 49 24 58 60 18 2 12 79 35 76 28 71 75 38 22 65 52 69 3 34 29 44 45 63 20 54 19 47 66 25 36 74 31 5 32 43 39 37 53 13 80 33 16 67 48 9 62 77 57 30 56 55 72 23 1 8 61 17 46 27 11 

 7 4 78 41 73 64	 => 267
 21 64 73 26 40 42	 => 266
 50 42 40 70 59 6	 => 267
 78 15 51 14 68 41	 => 267
 73 41 68 10 49 26	 => 267
 40 26 49 24 58 70	 => 267
 59 70 58 60 18 2	 => 267
 51 12 79 35 76 14	 => 267
 68 14 76 28 71 10	 => 267
 49 10 71 75 38 24	 => 267
 58 24 38 22 65 60	 => 267
 18 60 65 52 69 3	 => 267
 79 34 29 44 45 35	 => 266
 76 35 45 63 20 28	 => 267
 71 28 20 54 19 75	 => 267
 38 75 19 47 66 22	 => 267
 65 22 66 25 36 52	 => 266
 69 52 36 74 31 5	 => 267
 45 44 32 43 39 63	 => 266
 20 63 39 37 53 54	 => 266
 19 54 53 13 80 47	 => 266
 66 47 80 33 16 25	 => 267
 36 25 16 67 48 74	 => 266
 39 43 9 62 77 37	 => 267
 53 37 77 57 30 13	 => 267
 80 13 30 56 55 33	 => 267
 16 33 55 72 23 67	 => 266
 77 62 1 8 61 57	 => 266
 30 57 61 17 46 56	 => 267
 55 56 46 27 11 72	 => 267


===================[TEST 4]===================

##### START ##### Tue May 20 16:04:52 2003



##### CONVERGE ##### Tue May 20 16:06:10 2003

Elapsed time: 78 seconds
Total loop: 340 generations

Result : 271.833

10 22 66 67 58 52 4 19 74 69 13 59 55 5 12 18 47 65 15 51 37 35 78 27 21 25 46 64 75 3 70 54 48 34 43 63 57 7 30 6 56 73 11 49 60 39 72 28 36 71 41 1 42 14 44 77 45 33 32 40 24 76 20 31 9 38 62 53 50 61 68 79 8 17 26 80 2 29 16 23 

 10 22 66 67 58 52	 => 275
 4 52 58 19 74 69	 => 276
 13 69 74 59 55 5	 => 275
 66 12 18 47 65 67	 => 275
 58 67 65 15 51 19	 => 275
 74 19 51 37 35 59	 => 275
 55 59 35 78 27 21	 => 275
 18 25 46 64 75 47	 => 275
 65 47 75 3 70 15	 => 275
 51 15 70 54 48 37	 => 275
 35 37 48 34 43 78	 => 275
 27 78 43 63 57 7	 => 275
 46 30 6 56 73 64	 => 275
 75 64 73 11 49 3	 => 275
 70 3 49 60 39 54	 => 275
 48 54 39 72 28 34	 => 275
 43 34 28 36 71 63	 => 275
 57 63 71 41 1 42	 => 275
 73 56 14 44 77 11	 => 275
 49 11 77 45 33 60	 => 275
 39 60 33 32 40 72	 => 276
 28 72 40 24 76 36	 => 276
 71 36 76 20 31 41	 => 275
 77 44 9 38 62 45	 => 275
 33 45 62 53 50 32	 => 275
 40 32 50 61 68 24	 => 275
 76 24 68 79 8 20	 => 275
 62 38 17 26 80 53	 => 276
 50 53 80 2 29 61	 => 275
 68 61 29 16 23 79	 => 276


===================[TEST 5]===================

##### START ##### Tue May 20 16:06:10 2003



##### CONVERGE ##### Tue May 20 16:07:07 2003

Elapsed time: 57 seconds
Total loop: 255 generations

Result : 268.221

10 7 64 58 67 65 12 2 72 53 41 80 17 8 23 43 44 39 42 63 19 35 78 30 32 38 47 74 25 50 71 54 22 68 49 24 75 15 29 9 52 60 51 11 28 57 66 4 56 70 26 40 36 16 13 79 34 69 20 31 55 59 46 14 21 76 48 73 27 61 77 33 1 6 5 62 3 45 18 37 

 10 7 64 58 67 65	 => 271
 12 65 67 2 72 53	 => 271
 41 53 72 80 17 8	 => 271
 64 23 43 44 39 58	 => 271
 67 58 39 42 63 2	 => 271
 72 2 63 19 35 80	 => 271
 17 80 35 78 30 32	 => 272
 43 38 47 74 25 44	 => 271
 39 44 25 50 71 42	 => 271
 63 42 71 54 22 19	 => 271
 35 19 22 68 49 78	 => 271
 30 78 49 24 75 15	 => 271
 47 29 9 52 60 74	 => 271
 25 74 60 51 11 50	 => 271
 71 50 11 28 57 54	 => 271
 22 54 57 66 4 68	 => 271
 49 68 4 56 70 24	 => 271
 75 24 70 26 40 36	 => 271
 60 52 16 13 79 51	 => 271
 11 51 79 34 69 28	 => 272
 57 28 69 20 31 66	 => 271
 4 66 31 55 59 56	 => 271
 70 56 59 46 14 26	 => 271
 79 13 21 76 48 34	 => 271
 69 34 48 73 27 20	 => 271
 31 20 27 61 77 55	 => 271
 59 55 77 33 1 46	 => 271
 48 76 6 5 62 73	 => 270
 27 73 62 3 45 61	 => 271
 77 61 45 18 37 33	 => 271



test#	fitness		sum		time
---------------------------------------------------
1	271.222				82
2	273.221				92
3	262.601				40
4	271.833				78
5	268.221				57


---------------------------------------------------
Best fitness      : 273.221 ( test# 2)
Shortest time     : 40 ( test# 3)

Average fitness   : 269.42
Average time      : 69.8
