****************** GA TEST *******************

total test#:			 5
hexa min width:			 3
hexa max width:			 6
hexa count:			 30
number count:			 80
population size:		 80
generation size:		 10

tournament winner p:		 0.98
do xover p:			 1
xover:				 2points
do mutation1 p:			 0.1
mutation1 p:			 0.05
do optimize p:			 0.98
local optimize count:		 8000
do deep better optimize p:	 1
do deep worse optimize p:	 0
do spin p:			 0
spin count:			 900
do spin apply p:		 1
do mutation2 p:			 0.1
mutation2 p:			 0.07
force mutation2:		 0
replace bad p:			 0.195

converge rate p:		 0.99
converge count:			 1

**********************************************


===================[TEST 1]===================

##### START ##### Tue May 20 16:07:08 2003



##### CONVERGE ##### Tue May 20 16:08:10 2003

Elapsed time: 62 seconds
Total loop: 274 generations

Result : 271.702

29 22 66 71 54 32 17 26 70 75 2 49 59 19 1 37 44 55 25 43 39 47 69 45 5 14 41 76 62 36 52 50 64 42 13 78 51 18 27 23 61 46 21 33 68 35 67 16 60 65 73 4 3 10 56 80 34 38 57 9 74 48 8 20 15 30 58 63 24 31 79 53 12 11 40 72 7 77 28 6 

 29 22 66 71 54 32	 => 274
 17 32 54 26 70 75	 => 274
 2 75 70 49 59 19	 => 274
 66 1 37 44 55 71	 => 274
 54 71 55 25 43 26	 => 274
 70 26 43 39 47 49	 => 274
 59 49 47 69 45 5	 => 274
 37 14 41 76 62 44	 => 274
 55 44 62 36 52 25	 => 274
 43 25 52 50 64 39	 => 273
 47 39 64 42 13 69	 => 274
 45 69 13 78 51 18	 => 274
 41 27 23 61 46 76	 => 274
 62 76 46 21 33 36	 => 274
 52 36 33 68 35 50	 => 274
 64 50 35 67 16 42	 => 274
 13 42 16 60 65 78	 => 274
 51 78 65 73 4 3	 => 274
 46 61 10 56 80 21	 => 274
 33 21 80 34 38 68	 => 274
 35 68 38 57 9 67	 => 274
 16 67 9 74 48 60	 => 274
 65 60 48 8 20 73	 => 274
 80 56 15 30 58 34	 => 273
 38 34 58 63 24 57	 => 274
 9 57 24 31 79 74	 => 274
 48 74 79 53 12 8	 => 274
 58 30 11 40 72 63	 => 274
 24 63 72 7 77 31	 => 274
 79 31 77 28 6 53	 => 274


===================[TEST 2]===================

##### START ##### Tue May 20 16:08:10 2003



##### CONVERGE ##### Tue May 20 16:09:58 2003

Elapsed time: 108 seconds
Total loop: 471 generations

Result : 268

20 35 48 69 40 60 4 46 42 80 6 78 49 16 2 11 76 66 45 7 75 24 79 34 8 36 56 62 31 15 39 51 55 14 25 58 53 23 12 38 27 77 54 32 65 70 22 61 71 43 68 3 47 10 37 67 41 13 74 28 33 57 29 5 18 59 50 73 21 52 64 72 17 26 1 63 19 44 9 30 

 20 35 48 69 40 60	 => 272
 4 60 40 46 42 80	 => 272
 6 80 42 78 49 16	 => 271
 48 2 11 76 66 69	 => 272
 40 69 66 45 7 46	 => 273
 42 46 7 75 24 78	 => 272
 49 78 24 79 34 8	 => 272
 11 36 56 62 31 76	 => 272
 66 76 31 15 39 45	 => 272
 7 45 39 51 55 75	 => 272
 24 75 55 14 25 79	 => 272
 34 79 25 58 53 23	 => 272
 56 12 38 27 77 62	 => 272
 31 62 77 54 32 15	 => 271
 39 15 32 65 70 51	 => 272
 55 51 70 22 61 14	 => 273
 25 14 61 71 43 58	 => 272
 53 58 43 68 3 47	 => 272
 77 27 10 37 67 54	 => 272
 32 54 67 41 13 65	 => 272
 70 65 13 74 28 22	 => 272
 61 22 28 33 57 71	 => 272
 43 71 57 29 5 68	 => 273
 67 37 18 59 50 41	 => 272
 13 41 50 73 21 74	 => 272
 28 74 21 52 64 33	 => 272
 57 33 64 72 17 29	 => 272
 50 59 26 1 63 73	 => 272
 21 73 63 19 44 52	 => 272
 64 52 44 9 30 72	 => 271


===================[TEST 3]===================

##### START ##### Tue May 20 16:09:58 2003



##### CONVERGE ##### Tue May 20 16:11:13 2003

Elapsed time: 75 seconds
Total loop: 330 generations

Result : 270.093

27 20 35 68 79 44 24 1 50 75 16 69 41 22 17 32 64 57 23 46 48 59 30 62 12 3 73 61 40 31 58 70 29 55 52 38 76 15 5 13 43 78 21 42 54 18 56 45 4 80 39 14 26 11 49 71 25 60 19 66 37 65 77 8 2 53 74 67 28 72 51 36 7 6 10 63 9 34 47 33 

 27 20 35 68 79 44	 => 273
 24 44 79 1 50 75	 => 273
 16 75 50 69 41 22	 => 273
 35 17 32 64 57 68	 => 273
 79 68 57 23 46 1	 => 274
 50 1 46 48 59 69	 => 273
 41 69 59 30 62 12	 => 273
 32 3 73 61 40 64	 => 273
 57 64 40 31 58 23	 => 273
 46 23 58 70 29 48	 => 274
 59 48 29 55 52 30	 => 273
 62 30 52 38 76 15	 => 273
 73 5 13 43 78 61	 => 273
 40 61 78 21 42 31	 => 273
 58 31 42 54 18 70	 => 273
 29 70 18 56 45 55	 => 273
 52 55 45 4 80 38	 => 274
 76 38 80 39 14 26	 => 273
 78 43 11 49 71 21	 => 273
 42 21 71 25 60 54	 => 273
 18 54 60 19 66 56	 => 273
 45 56 66 37 65 4	 => 273
 80 4 65 77 8 39	 => 273
 71 49 2 53 74 25	 => 274
 60 25 74 67 28 19	 => 273
 66 19 28 72 51 37	 => 273
 65 37 51 36 7 77	 => 273
 74 53 6 10 63 67	 => 273
 28 67 63 9 34 72	 => 273
 51 72 34 47 33 36	 => 273


===================[TEST 4]===================

##### START ##### Tue May 20 16:11:13 2003



##### CONVERGE ##### Tue May 20 16:12:15 2003

Elapsed time: 62 seconds
Total loop: 277 generations

Result : 268.856

3 8 57 66 58 80 12 23 69 30 19 53 73 28 10 46 78 15 76 34 45 48 38 49 11 39 51 36 22 72 9 37 71 21 50 77 54 4 2 41 79 63 32 47 42 65 60 18 61 44 67 29 1 26 16 56 62 33 13 59 31 43 52 5 6 68 64 75 25 70 74 55 17 7 24 35 27 40 20 14 

 3 8 57 66 58 80	 => 272
 12 80 58 23 69 30	 => 272
 19 30 69 53 73 28	 => 272
 57 10 46 78 15 66	 => 272
 58 66 15 76 34 23	 => 272
 69 23 34 45 48 53	 => 272
 73 53 48 38 49 11	 => 272
 46 39 51 36 22 78	 => 272
 15 78 22 72 9 76	 => 272
 34 76 9 37 71 45	 => 272
 48 45 71 21 50 38	 => 273
 49 38 50 77 54 4	 => 272
 51 2 41 79 63 36	 => 272
 22 36 63 32 47 72	 => 272
 9 72 47 42 65 37	 => 272
 71 37 65 60 18 21	 => 272
 50 21 18 61 44 77	 => 271
 54 77 44 67 29 1	 => 272
 63 79 26 16 56 32	 => 272
 47 32 56 62 33 42	 => 272
 65 42 33 13 59 60	 => 272
 18 60 59 31 43 61	 => 272
 44 61 43 52 5 67	 => 272
 56 16 6 68 64 62	 => 272
 33 62 64 75 25 13	 => 272
 59 13 25 70 74 31	 => 272
 43 31 74 55 17 52	 => 272
 64 68 7 24 35 75	 => 273
 25 75 35 27 40 70	 => 272
 74 70 40 20 14 55	 => 273


===================[TEST 5]===================

##### START ##### Tue May 20 16:12:15 2003



##### CONVERGE ##### Tue May 20 16:13:28 2003

Elapsed time: 73 seconds
Total loop: 318 generations

Result : 270.417

10 15 48 77 80 43 1 24 74 51 4 66 56 22 3 5 79 61 17 14 67 28 70 19 34 27 69 75 18 25 73 49 53 35 21 78 57 29 2 8 72 47 71 37 45 44 60 32 55 52 62 11 13 9 20 54 16 50 41 33 36 58 39 7 42 65 76 59 31 68 64 46 30 23 38 12 40 63 6 26 

 10 15 48 77 80 43	 => 273
 1 43 80 24 74 51	 => 273
 4 51 74 66 56 22	 => 273
 48 3 5 79 61 77	 => 273
 80 77 61 17 14 24	 => 273
 74 24 14 67 28 66	 => 273
 56 66 28 70 19 34	 => 273
 5 27 69 75 18 79	 => 273
 61 79 18 25 73 17	 => 273
 14 17 73 49 53 67	 => 273
 28 67 53 35 21 70	 => 274
 19 70 21 78 57 29	 => 274
 69 2 8 72 47 75	 => 273
 18 75 47 71 37 25	 => 273
 73 25 37 45 44 49	 => 273
 53 49 44 60 32 35	 => 273
 21 35 32 55 52 78	 => 273
 57 78 52 62 11 13	 => 273
 47 72 9 20 54 71	 => 273
 37 71 54 16 50 45	 => 273
 44 45 50 41 33 60	 => 273
 32 60 33 36 58 55	 => 274
 52 55 58 39 7 62	 => 273
 54 20 42 65 76 16	 => 273
 50 16 76 59 31 41	 => 273
 33 41 31 68 64 36	 => 273
 58 36 64 46 30 39	 => 273
 76 65 23 38 12 59	 => 273
 31 59 12 40 63 68	 => 273
 64 68 63 6 26 46	 => 273



test#	fitness		sum		time
---------------------------------------------------
1	271.702				62
2	268				108
3	270.093				75
4	268.856				62
5	270.417				73


---------------------------------------------------
Best fitness      : 271.702 ( test# 1)
Shortest time     : 62 ( test# 1)

Average fitness   : 269.813
Average time      : 76
