****************** GA TEST *******************

total test#:			 5
hexa min width:			 3
hexa max width:			 6
hexa count:			 30
number count:			 80
population size:		 80
generation size:		 10

tournament winner p:		 0.98
do xover p:			 1
xover:				 2points
do mutation1 p:			 0.1
mutation1 p:			 0.05
do optimize p:			 0.98
local optimize count:		 8000
do deep better optimize p:	 1
do deep worse optimize p:	 0
do spin p:			 0
spin count:			 900
do spin apply p:		 0.98
do mutation2 p:			 0.1
mutation2 p:			 0.07
force mutation2:		 0
replace bad p:			 0.195

converge rate p:		 0.99
converge count:			 1

**********************************************


===================[TEST 1]===================

##### START ##### Tue May 20 16:13:33 2003



##### CONVERGE ##### Tue May 20 16:14:57 2003

Elapsed time: 84 seconds
Total loop: 368 generations

Result : 270.417

49 11 36 50 57 70 16 3 79 48 10 71 59 6 21 53 58 55 68 40 42 38 44 35 26 22 47 66 27 14 52 28 43 67 39 62 61 32 2 19 74 65 37 64 69 46 80 9 33 63 78 8 1 12 56 29 41 34 20 24 51 77 4 18 17 54 76 72 30 75 73 45 23 25 15 31 5 60 13 7 

 49 11 36 50 57 70	 => 273
 16 70 57 3 79 48	 => 273
 10 48 79 71 59 6	 => 273
 36 21 53 58 55 50	 => 273
 57 50 55 68 40 3	 => 273
 79 3 40 42 38 71	 => 273
 59 71 38 44 35 26	 => 273
 53 22 47 66 27 58	 => 273
 55 58 27 14 52 68	 => 274
 40 68 52 28 43 42	 => 273
 38 42 43 67 39 44	 => 273
 35 44 39 62 61 32	 => 273
 47 2 19 74 65 66	 => 273
 27 66 65 37 64 14	 => 273
 52 14 64 69 46 28	 => 273
 43 28 46 80 9 67	 => 273
 39 67 9 33 63 62	 => 273
 61 62 63 78 8 1	 => 273
 65 74 12 56 29 37	 => 273
 64 37 29 41 34 69	 => 274
 46 69 34 20 24 80	 => 273
 9 80 24 51 77 33	 => 274
 63 33 77 4 18 78	 => 273
 29 56 17 54 76 41	 => 273
 34 41 76 72 30 20	 => 273
 24 20 30 75 73 51	 => 273
 77 51 73 45 23 4	 => 273
 76 54 25 15 31 72	 => 273
 30 72 31 5 60 75	 => 273
 73 75 60 13 7 45	 => 273


===================[TEST 2]===================

##### START ##### Tue May 20 16:14:57 2003



##### CONVERGE ##### Tue May 20 16:15:53 2003

Elapsed time: 56 seconds
Total loop: 249 generations

Result : 268.56

21 20 59 74 36 62 6 67 25 76 8 65 51 47 2 42 61 34 28 33 14 68 79 3 7 11 49 64 45 29 75 52 70 24 16 71 80 23 22 44 40 53 63 18 41 57 31 38 55 69 46 1 5 13 26 77 39 35 50 58 17 73 19 10 4 48 78 56 15 72 60 66 37 27 9 54 43 32 30 12 

 21 20 59 74 36 62	 => 272
 6 62 36 67 25 76	 => 272
 8 76 25 65 51 47	 => 272
 59 2 42 61 34 74	 => 272
 36 74 34 28 33 67	 => 272
 25 67 33 14 68 65	 => 272
 51 65 68 79 3 7	 => 273
 42 11 49 64 45 61	 => 272
 34 61 45 29 75 28	 => 272
 33 28 75 52 70 14	 => 272
 68 14 70 24 16 79	 => 271
 3 79 16 71 80 23	 => 272
 49 22 44 40 53 64	 => 272
 45 64 53 63 18 29	 => 272
 75 29 18 41 57 52	 => 272
 70 52 57 31 38 24	 => 272
 16 24 38 55 69 71	 => 273
 80 71 69 46 1 5	 => 272
 53 40 13 26 77 63	 => 272
 18 63 77 39 35 41	 => 273
 57 41 35 50 58 31	 => 272
 38 31 58 17 73 55	 => 272
 69 55 73 19 10 46	 => 272
 77 26 4 48 78 39	 => 272
 35 39 78 56 15 50	 => 273
 58 50 15 72 60 17	 => 272
 73 17 60 66 37 19	 => 272
 78 48 27 9 54 56	 => 272
 15 56 54 43 32 72	 => 272
 60 72 32 30 12 66	 => 272


===================[TEST 3]===================

##### START ##### Tue May 20 16:15:53 2003



##### CONVERGE ##### Tue May 20 16:17:05 2003

Elapsed time: 72 seconds
Total loop: 318 generations

Result : 271.734

10 14 38 65 80 68 8 29 51 39 23 69 77 16 5 36 76 55 9 37 54 35 70 17 6 15 30 74 44 28 62 50 63 34 19 64 73 32 25 20 79 47 40 42 67 26 46 56 59 43 49 33 13 4 48 58 27 41 71 24 12 78 45 1 21 60 61 53 22 75 72 57 11 31 18 52 7 66 2 3 

 10 14 38 65 80 68	 => 275
 8 68 80 29 51 39	 => 275
 23 39 51 69 77 16	 => 275
 38 5 36 76 55 65	 => 275
 80 65 55 9 37 29	 => 275
 51 29 37 54 35 69	 => 275
 77 69 35 70 17 6	 => 274
 36 15 30 74 44 76	 => 275
 55 76 44 28 62 9	 => 274
 37 9 62 50 63 54	 => 275
 35 54 63 34 19 70	 => 275
 17 70 19 64 73 32	 => 275
 30 25 20 79 47 74	 => 275
 44 74 47 40 42 28	 => 275
 62 28 42 67 26 50	 => 275
 63 50 26 46 56 34	 => 275
 19 34 56 59 43 64	 => 275
 73 64 43 49 33 13	 => 275
 47 79 4 48 58 40	 => 276
 42 40 58 27 41 67	 => 275
 26 67 41 71 24 46	 => 275
 56 46 24 12 78 59	 => 275
 43 59 78 45 1 49	 => 275
 58 48 21 60 61 27	 => 275
 41 27 61 53 22 71	 => 275
 24 71 22 75 72 12	 => 276
 78 12 72 57 11 45	 => 275
 61 60 31 18 52 53	 => 275
 22 53 52 7 66 75	 => 275
 72 75 66 2 3 57	 => 275


===================[TEST 4]===================

##### START ##### Tue May 20 16:17:05 2003



##### CONVERGE ##### Tue May 20 16:18:02 2003

Elapsed time: 57 seconds
Total loop: 246 generations

Result : 267.093

4 24 63 44 55 80 12 35 78 10 33 40 73 36 29 13 77 45 15 76 27 14 75 66 2 17 53 49 61 47 25 68 59 30 65 51 8 5 37 6 69 56 41 16 60 54 48 11 43 70 74 46 21 18 7 79 42 32 19 58 39 71 9 3 20 50 72 67 38 52 64 62 26 23 1 57 22 34 28 31 

 4 24 63 44 55 80	 => 270
 12 80 55 35 78 10	 => 270
 33 10 78 40 73 36	 => 270
 63 29 13 77 45 44	 => 271
 55 44 45 15 76 35	 => 270
 78 35 76 27 14 40	 => 270
 73 40 14 75 66 2	 => 270
 13 17 53 49 61 77	 => 270
 45 77 61 47 25 15	 => 270
 76 15 25 68 59 27	 => 270
 14 27 59 30 65 75	 => 270
 66 75 65 51 8 5	 => 270
 53 37 6 69 56 49	 => 270
 61 49 56 41 16 47	 => 270
 25 47 16 60 54 68	 => 270
 59 68 54 48 11 30	 => 270
 65 30 11 43 70 51	 => 270
 8 51 70 74 46 21	 => 270
 56 69 18 7 79 41	 => 270
 16 41 79 42 32 60	 => 270
 54 60 32 19 58 48	 => 271
 11 48 58 39 71 43	 => 270
 70 43 71 9 3 74	 => 270
 79 7 20 50 72 42	 => 270
 32 42 72 67 38 19	 => 270
 58 19 38 52 64 39	 => 270
 71 39 64 62 26 9	 => 271
 72 50 23 1 57 67	 => 270
 38 67 57 22 34 52	 => 270
 64 52 34 28 31 62	 => 271


===================[TEST 5]===================

##### START ##### Tue May 20 16:18:02 2003



##### CONVERGE ##### Tue May 20 16:19:17 2003

Elapsed time: 75 seconds
Total loop: 328 generations

Result : 272.315

19 12 41 78 55 71 3 16 59 72 14 76 54 1 17 36 74 31 47 50 24 51 66 9 20 15 40 79 32 23 69 38 48 34 53 73 70 5 18 2 57 80 28 35 68 43 67 45 22 49 63 13 8 7 42 62 56 27 46 26 39 77 21 44 6 52 58 64 25 65 75 60 4 11 30 61 33 29 10 37 

 19 12 41 78 55 71	 => 276
 3 71 55 16 59 72	 => 276
 14 72 59 76 54 1	 => 276
 41 17 36 74 31 78	 => 277
 55 78 31 47 50 16	 => 277
 59 16 50 24 51 76	 => 276
 54 76 51 66 9 20	 => 276
 36 15 40 79 32 74	 => 276
 31 74 32 23 69 47	 => 276
 50 47 69 38 48 24	 => 276
 51 24 48 34 53 66	 => 276
 9 66 53 73 70 5	 => 276
 40 18 2 57 80 79	 => 276
 32 79 80 28 35 23	 => 277
 69 23 35 68 43 38	 => 276
 48 38 43 67 45 34	 => 275
 53 34 45 22 49 73	 => 276
 70 73 49 63 13 8	 => 276
 80 57 7 42 62 28	 => 276
 35 28 62 56 27 68	 => 276
 43 68 27 46 26 67	 => 277
 45 67 26 39 77 22	 => 276
 49 22 77 21 44 63	 => 276
 62 42 6 52 58 56	 => 276
 27 56 58 64 25 46	 => 276
 26 46 25 65 75 39	 => 276
 77 39 75 60 4 21	 => 276
 58 52 11 30 61 64	 => 276
 25 64 61 33 29 65	 => 277
 75 65 29 10 37 60	 => 276



test#	fitness		sum		time
---------------------------------------------------
1	270.417				84
2	268.56				56
3	271.734				72
4	267.093				57
5	272.315				75


---------------------------------------------------
Best fitness      : 272.315 ( test# 5)
Shortest time     : 56 ( test# 2)

Average fitness   : 270.024
Average time      : 68.8
