****************** GA TEST *******************

total test#:			 5
hexa min width:			 3
hexa max width:			 6
hexa count:			 30
number count:			 80
population size:		 80
generation size:		 10

tournament winner p:		 0.98
do xover p:			 1
xover:				 2points
do mutation1 p:			 0.12
mutation1 p:			 0.05
do optimize p:			 0.98
local optimize count:		 8000
do deep better optimize p:	 1
do deep worse optimize p:	 0
do spin p:			 0
spin count:			 900
do spin apply p:		 1
do mutation2 p:			 0.1
mutation2 p:			 0.07
force mutation2:		 0
replace bad p:			 0.195

converge rate p:		 0.99
converge count:			 1

**********************************************


===================[TEST 1]===================

##### START ##### Tue May 20 16:19:18 2003



##### CONVERGE ##### Tue May 20 16:20:26 2003

Elapsed time: 68 seconds
Total loop: 299 generations

Result : 267.833

59 32 74 42 63 1 5 64 76 62 13 61 52 7 25 8 66 56 27 19 33 18 80 50 10 17 67 75 38 29 55 78 60 41 39 45 37 20 2 11 43 73 34 22 71 16 23 53 21 72 51 31 35 6 69 46 30 68 36 57 40 77 48 3 12 49 65 58 14 70 54 28 24 44 9 47 4 79 26 15 

 59 32 74 42 63 1	 => 271
 5 1 63 64 76 62	 => 271
 13 62 76 61 52 7	 => 271
 74 25 8 66 56 42	 => 271
 63 42 56 27 19 64	 => 271
 76 64 19 33 18 61	 => 271
 52 61 18 80 50 10	 => 271
 8 17 67 75 38 66	 => 271
 56 66 38 29 55 27	 => 271
 19 27 55 78 60 33	 => 272
 18 33 60 41 39 80	 => 271
 50 80 39 45 37 20	 => 271
 67 2 11 43 73 75	 => 271
 38 75 73 34 22 29	 => 271
 55 29 22 71 16 78	 => 271
 60 78 16 23 53 41	 => 271
 39 41 53 21 72 45	 => 271
 37 45 72 51 31 35	 => 271
 73 43 6 69 46 34	 => 271
 22 34 46 30 68 71	 => 271
 16 71 68 36 57 23	 => 271
 53 23 57 40 77 21	 => 271
 72 21 77 48 3 51	 => 272
 46 69 12 49 65 30	 => 271
 68 30 65 58 14 36	 => 271
 57 36 14 70 54 40	 => 271
 77 40 54 28 24 48	 => 271
 65 49 44 9 47 58	 => 272
 14 58 47 4 79 70	 => 272
 54 70 79 26 15 28	 => 272


===================[TEST 2]===================

##### START ##### Tue May 20 16:20:26 2003



##### CONVERGE ##### Tue May 20 16:21:14 2003

Elapsed time: 48 seconds
Total loop: 213 generations

Result : 265.093

72 8 38 67 77 6 22 7 80 76 20 68 21 3 13 61 64 25 78 14 33 66 60 41 12 1 37 58 47 28 26 69 48 17 45 51 62 9 44 16 73 40 24 71 39 35 43 56 34 65 59 30 2 23 53 55 49 31 50 70 11 54 46 10 18 57 36 75 27 32 79 74 4 52 19 29 42 63 5 15 

 72 8 38 67 77 6	 => 268
 22 6 77 7 80 76	 => 268
 20 76 80 68 21 3	 => 268
 38 13 61 64 25 67	 => 268
 77 67 25 78 14 7	 => 268
 80 7 14 33 66 68	 => 268
 21 68 66 60 41 12	 => 268
 61 1 37 58 47 64	 => 268
 25 64 47 28 26 78	 => 268
 14 78 26 69 48 33	 => 268
 66 33 48 17 45 60	 => 269
 41 60 45 51 62 9	 => 268
 37 44 16 73 40 58	 => 268
 47 58 40 24 71 28	 => 268
 26 28 71 39 35 69	 => 268
 48 69 35 43 56 17	 => 268
 45 17 56 34 65 51	 => 268
 62 51 65 59 30 2	 => 269
 40 73 23 53 55 24	 => 268
 71 24 55 49 31 39	 => 269
 35 39 31 50 70 43	 => 268
 56 43 70 11 54 34	 => 268
 65 34 54 46 10 59	 => 268
 55 53 18 57 36 49	 => 268
 31 49 36 75 27 50	 => 268
 70 50 27 32 79 11	 => 269
 54 11 79 74 4 46	 => 268
 36 57 52 19 29 75	 => 268
 27 75 29 42 63 32	 => 268
 79 32 63 5 15 74	 => 268


===================[TEST 3]===================

##### START ##### Tue May 20 16:21:14 2003



##### CONVERGE ##### Tue May 20 16:22:16 2003

Elapsed time: 62 seconds
Total loop: 270 generations

Result : 269.311

37 3 51 61 75 46 8 9 70 65 10 34 72 22 11 28 67 55 2 71 29 60 73 27 7 5 32 78 64 18 68 63 40 23 48 52 69 4 16 19 62 66 33 14 54 56 35 57 13 80 42 6 25 12 53 47 77 49 20 59 31 79 38 21 15 36 45 43 39 74 50 58 17 30 44 76 1 41 24 26 

 37 3 51 61 75 46	 => 273
 8 46 75 9 70 65	 => 273
 10 65 70 34 72 22	 => 273
 51 11 28 67 55 61	 => 273
 75 61 55 2 71 9	 => 273
 70 9 71 29 60 34	 => 273
 72 34 60 73 27 7	 => 273
 28 5 32 78 64 67	 => 274
 55 67 64 18 68 2	 => 274
 71 2 68 63 40 29	 => 273
 60 29 40 23 48 73	 => 273
 27 73 48 52 69 4	 => 273
 32 16 19 62 66 78	 => 273
 64 78 66 33 14 18	 => 273
 68 18 14 54 56 63	 => 273
 40 63 56 35 57 23	 => 274
 48 23 57 13 80 52	 => 273
 69 52 80 42 6 25	 => 274
 66 62 12 53 47 33	 => 273
 14 33 47 77 49 54	 => 274
 56 54 49 20 59 35	 => 273
 57 35 59 31 79 13	 => 274
 80 13 79 38 21 42	 => 273
 47 53 15 36 45 77	 => 273
 49 77 45 43 39 20	 => 273
 59 20 39 74 50 31	 => 273
 79 31 50 58 17 38	 => 273
 45 36 30 44 76 43	 => 274
 39 43 76 1 41 74	 => 274
 50 74 41 24 26 58	 => 273


===================[TEST 4]===================

##### START ##### Tue May 20 16:22:16 2003



##### CONVERGE ##### Tue May 20 16:23:09 2003

Elapsed time: 53 seconds
Total loop: 229 generations

Result : 266.622

3 52 18 80 75 42 16 22 73 43 23 69 61 2 27 54 71 20 59 14 46 47 58 25 10 8 39 62 36 35 49 30 72 17 31 79 70 7 12 11 78 68 5 65 41 50 45 56 21 66 28 1 26 4 38 77 6 76 24 34 51 63 48 44 19 57 74 53 37 60 64 15 29 40 13 33 32 55 67 9 

 3 52 18 80 75 42	 => 270
 16 42 75 22 73 43	 => 271
 23 43 73 69 61 2	 => 271
 18 27 54 71 20 80	 => 270
 75 80 20 59 14 22	 => 270
 73 22 14 46 47 69	 => 271
 61 69 47 58 25 10	 => 270
 54 8 39 62 36 71	 => 270
 20 71 36 35 49 59	 => 270
 14 59 49 30 72 46	 => 270
 47 46 72 17 31 58	 => 271
 25 58 31 79 70 7	 => 270
 39 12 11 78 68 62	 => 270
 36 62 68 5 65 35	 => 271
 49 35 65 41 50 30	 => 270
 72 30 50 45 56 17	 => 270
 31 17 56 21 66 79	 => 270
 70 79 66 28 1 26	 => 270
 68 78 4 38 77 5	 => 270
 65 5 77 6 76 41	 => 270
 50 41 76 24 34 45	 => 270
 56 45 34 51 63 21	 => 270
 66 21 63 48 44 28	 => 270
 77 38 19 57 74 6	 => 271
 76 6 74 53 37 24	 => 270
 34 24 37 60 64 51	 => 270
 63 51 64 15 29 48	 => 270
 74 57 40 13 33 53	 => 270
 37 53 33 32 55 60	 => 270
 64 60 55 67 9 15	 => 270


===================[TEST 5]===================

##### START ##### Tue May 20 16:23:09 2003



##### CONVERGE ##### Tue May 20 16:24:12 2003

Elapsed time: 63 seconds
Total loop: 254 generations

Result : 266.604

15 10 39 75 63 70 3 8 73 55 27 29 71 17 13 41 69 35 26 66 59 37 72 62 1 4 57 76 25 65 54 50 16 61 28 80 24 6 21 9 74 36 52 18 38 46 77 23 33 47 43 64 14 12 20 78 56 30 32 49 42 48 68 34 7 58 53 79 22 60 67 45 2 11 31 40 19 51 5 44 

 15 10 39 75 63 70	 => 272
 3 70 63 8 73 55	 => 272
 27 55 73 29 71 17	 => 272
 39 13 41 69 35 75	 => 272
 63 75 35 26 66 8	 => 273
 73 8 66 59 37 29	 => 272
 71 29 37 72 62 1	 => 272
 41 4 57 76 25 69	 => 272
 35 69 25 65 54 26	 => 274
 66 26 54 50 16 59	 => 271
 37 59 16 61 28 72	 => 273
 62 72 28 80 24 6	 => 272
 57 21 9 74 36 76	 => 273
 25 76 36 52 18 65	 => 272
 54 65 18 38 46 50	 => 271
 16 50 46 77 23 61	 => 273
 28 61 23 33 47 80	 => 272
 24 80 47 43 64 14	 => 272
 36 74 12 20 78 52	 => 272
 18 52 78 56 30 38	 => 272
 46 38 30 32 49 77	 => 272
 23 77 49 42 48 33	 => 272
 47 33 48 68 34 43	 => 273
 78 20 7 58 53 56	 => 272
 30 56 53 79 22 32	 => 272
 49 32 22 60 67 42	 => 272
 48 42 67 45 2 68	 => 272
 53 58 11 31 40 79	 => 272
 22 79 40 19 51 60	 => 271
 67 60 51 5 44 45	 => 272



test#	fitness		sum		time
---------------------------------------------------
1	267.833				68
2	265.093				48
3	269.311				62
4	266.622				53
5	266.604				63


---------------------------------------------------
Best fitness      : 269.311 ( test# 3)
Shortest time     : 48 ( test# 2)

Average fitness   : 267.093
Average time      : 58.8
