****************** GA TEST *******************

total test#:			 5
hexa min width:			 3
hexa max width:			 6
hexa count:			 30
number count:			 80
population size:		 80
generation size:		 10

tournament winner p:		 0.98
do xover p:			 1
xover:				 2points
do mutation1 p:			 0.08
mutation1 p:			 0.05
do optimize p:			 0.98
local optimize count:		 8000
do deep better optimize p:	 1
do deep worse optimize p:	 0
do spin p:			 0
spin count:			 900
do spin apply p:		 1
do mutation2 p:			 0.1
mutation2 p:			 0.07
force mutation2:		 0
replace bad p:			 0.195

converge rate p:		 0.99
converge count:			 1

**********************************************


===================[TEST 1]===================

##### START ##### Tue May 20 16:24:13 2003



##### CONVERGE ##### Tue May 20 16:25:40 2003

Elapsed time: 87 seconds
Total loop: 374 generations

Result : 269.984

26 15 61 53 76 42 34 28 57 36 18 70 68 24 25 27 45 63 22 32 43 44 39 46 7 21 79 48 54 52 38 65 74 1 73 64 41 11 3 16 51 77 29 14 47 58 19 56 8 72 75 4 17 2 35 80 33 71 10 69 55 67 40 12 5 62 59 78 23 50 66 37 9 20 6 49 13 60 30 31 

 26 15 61 53 76 42	 => 273
 34 42 76 28 57 36	 => 273
 18 36 57 70 68 24	 => 273
 61 25 27 45 63 53	 => 274
 76 53 63 22 32 28	 => 274
 57 28 32 43 44 70	 => 274
 68 70 44 39 46 7	 => 274
 27 21 79 48 54 45	 => 274
 63 45 54 52 38 22	 => 274
 32 22 38 65 74 43	 => 274
 44 43 74 1 73 39	 => 274
 46 39 73 64 41 11	 => 274
 79 3 16 51 77 48	 => 274
 54 48 77 29 14 52	 => 274
 38 52 14 47 58 65	 => 274
 74 65 58 19 56 1	 => 273
 73 1 56 8 72 64	 => 274
 41 64 72 75 4 17	 => 273
 77 51 2 35 80 29	 => 274
 14 29 80 33 71 47	 => 274
 58 47 71 10 69 19	 => 274
 56 19 69 55 67 8	 => 274
 72 8 67 40 12 75	 => 274
 80 35 5 62 59 33	 => 274
 71 33 59 78 23 10	 => 274
 69 10 23 50 66 55	 => 273
 67 55 66 37 9 40	 => 274
 59 62 20 6 49 78	 => 274
 23 78 49 13 60 50	 => 273
 66 50 60 30 31 37	 => 274


===================[TEST 2]===================

##### START ##### Tue May 20 16:25:40 2003



##### CONVERGE ##### Tue May 20 16:26:52 2003

Elapsed time: 72 seconds
Total loop: 309 generations

Result : 270.5

69 9 27 74 64 31 25 18 75 61 3 55 62 17 20 42 77 34 72 11 79 36 59 58 4 8 50 52 45 30 16 56 40 47 13 67 48 28 37 10 65 60 44 43 51 78 39 14 57 76 54 6 23 5 29 71 32 33 38 35 66 63 22 2 12 49 80 70 21 68 46 53 24 15 19 41 1 73 26 7 

 69 9 27 74 64 31	 => 274
 25 31 64 18 75 61	 => 274
 3 61 75 55 62 17	 => 273
 27 20 42 77 34 74	 => 274
 64 74 34 72 11 18	 => 273
 75 18 11 79 36 55	 => 274
 62 55 36 59 58 4	 => 274
 42 8 50 52 45 77	 => 274
 34 77 45 30 16 72	 => 274
 11 72 16 56 40 79	 => 274
 36 79 40 47 13 59	 => 274
 58 59 13 67 48 28	 => 273
 50 37 10 65 60 52	 => 274
 45 52 60 44 43 30	 => 274
 16 30 43 51 78 56	 => 274
 40 56 78 39 14 47	 => 274
 13 47 14 57 76 67	 => 274
 48 67 76 54 6 23	 => 274
 60 65 5 29 71 44	 => 274
 43 44 71 32 33 51	 => 274
 78 51 33 38 35 39	 => 274
 14 39 35 66 63 57	 => 274
 76 57 63 22 2 54	 => 274
 71 29 12 49 80 32	 => 273
 33 32 80 70 21 38	 => 274
 35 38 21 68 46 66	 => 274
 63 66 46 53 24 22	 => 274
 80 49 15 19 41 70	 => 274
 21 70 41 1 73 68	 => 274
 46 68 73 26 7 53	 => 273


===================[TEST 3]===================

##### START ##### Tue May 20 16:26:52 2003


