****************** GA TEST *******************

total test#:			 5
hexa min width:			 3
hexa max width:			 6
hexa count:			 30
number count:			 80
population size:		 80
generation size:		 10

tournament winner p:		 0.98
do xover p:			 1
xover:				 2points
do mutation1 p:			 0.1
mutation1 p:			 0.05
do optimize p:			 1
local optimize count:		 8000
do deep better optimize p:	 1
do deep worse optimize p:	 0
do spin p:			 0
spin count:			 900
do spin apply p:		 1
do mutation2 p:			 0.1
mutation2 p:			 0.07
force mutation2:		 0
replace bad p:			 0.195

converge rate p:		 0.99
converge count:			 1

**********************************************


===================[TEST 1]===================

##### START ##### Tue May 20 10:33:52 2003



##### CONVERGE ##### Tue May 20 10:35:14 2003

Elapsed time: 82 seconds
Total loop: 352 generations

Result : 269.702

5 25 68 57 73 44 1 43 41 70 49 80 19 13 4 9 74 60 23 16 71 21 59 65 28 14 76 79 20 32 62 36 64 39 18 72 56 2 11 6 54 46 78 17 63 61 34 38 52 53 15 45 31 7 58 29 30 55 26 33 40 75 35 42 12 66 77 47 37 67 69 50 3 24 10 48 22 51 8 27 

 5 25 68 57 73 44	 => 272
 1 44 73 43 41 70	 => 272
 49 70 41 80 19 13	 => 272
 68 4 9 74 60 57	 => 272
 73 57 60 23 16 43	 => 272
 41 43 16 71 21 80	 => 272
 19 80 21 59 65 28	 => 272
 9 14 76 79 20 74	 => 272
 60 74 20 32 62 23	 => 271
 16 23 62 36 64 71	 => 272
 21 71 64 39 18 59	 => 272
 65 59 18 72 56 2	 => 272
 76 11 6 54 46 79	 => 272
 20 79 46 78 17 32	 => 272
 62 32 17 63 61 36	 => 271
 64 36 61 34 38 39	 => 272
 18 39 38 52 53 72	 => 272
 56 72 53 15 45 31	 => 272
 46 54 7 58 29 78	 => 272
 17 78 29 30 55 63	 => 272
 61 63 55 26 33 34	 => 272
 38 34 33 40 75 52	 => 272
 53 52 75 35 42 15	 => 272
 29 58 12 66 77 30	 => 272
 55 30 77 47 37 26	 => 272
 33 26 37 67 69 40	 => 272
 75 40 69 50 3 35	 => 272
 77 66 24 10 48 47	 => 272
 37 47 48 22 51 67	 => 272
 69 67 51 8 27 50	 => 272


===================[TEST 2]===================

##### START ##### Tue May 20 10:35:14 2003



##### CONVERGE ##### Tue May 20 10:36:16 2003

Elapsed time: 62 seconds
Total loop: 266 generations

Result : 269.222

20 8 35 76 65 69 4 40 78 17 28 46 72 32 10 54 73 25 43 23 66 19 75 56 5 2 39 55 50 31 51 29 61 16 36 64 26 15 7 48 67 57 74 6 79 77 41 49 27 80 42 24 37 12 30 33 70 11 21 44 53 59 62 3 9 63 68 58 45 71 38 60 1 14 18 52 13 34 47 22 

 20 8 35 76 65 69	 => 273
 4 69 65 40 78 17	 => 273
 28 17 78 46 72 32	 => 273
 35 10 54 73 25 76	 => 273
 65 76 25 43 23 40	 => 272
 78 40 23 66 19 46	 => 272
 72 46 19 75 56 5	 => 273
 54 2 39 55 50 73	 => 273
 25 73 50 31 51 43	 => 273
 23 43 51 29 61 66	 => 273
 19 66 61 16 36 75	 => 273
 56 75 36 64 26 15	 => 272
 39 7 48 67 57 55	 => 273
 50 55 57 74 6 31	 => 273
 51 31 6 79 77 29	 => 273
 61 29 77 41 49 16	 => 273
 36 16 49 27 80 64	 => 272
 26 64 80 42 24 37	 => 273
 57 67 12 30 33 74	 => 273
 6 74 33 70 11 79	 => 273
 77 79 11 21 44 41	 => 273
 49 41 44 53 59 27	 => 273
 80 27 59 62 3 42	 => 273
 33 30 9 63 68 70	 => 273
 11 70 68 58 45 21	 => 273
 44 21 45 71 38 53	 => 272
 59 53 38 60 1 62	 => 273
 68 63 14 18 52 58	 => 273
 45 58 52 13 34 71	 => 273
 38 71 34 47 22 60	 => 272


===================[TEST 3]===================

##### START ##### Tue May 20 10:36:16 2003



##### CONVERGE ##### Tue May 20 10:37:49 2003

Elapsed time: 93 seconds
Total loop: 403 generations

Result : 271.5

2 6 66 67 65 69 3 29 61 47 33 56 39 38 10 27 53 51 22 41 16 72 70 26 12 1 44 78 71 5 73 80 43 24 50 75 31 23 37 4 54 58 49 14 35 68 42 18 46 62 63 8 36 20 17 77 55 45 28 57 48 64 25 15 7 59 60 76 11 52 79 40 19 34 13 32 30 74 9 21 

 2 6 66 67 65 69	 => 275
 3 69 65 29 61 47	 => 274
 33 47 61 56 39 38	 => 274
 66 10 27 53 51 67	 => 274
 65 67 51 22 41 29	 => 275
 61 29 41 16 72 56	 => 275
 39 56 72 70 26 12	 => 275
 27 1 44 78 71 53	 => 274
 51 53 71 5 73 22	 => 275
 41 22 73 80 43 16	 => 275
 72 16 43 24 50 70	 => 275
 26 70 50 75 31 23	 => 275
 44 37 4 54 58 78	 => 275
 71 78 58 49 14 5	 => 275
 73 5 14 35 68 80	 => 275
 43 80 68 42 18 24	 => 275
 50 24 18 46 62 75	 => 275
 31 75 62 63 8 36	 => 275
 58 54 20 17 77 49	 => 275
 14 49 77 55 45 35	 => 275
 68 35 45 28 57 42	 => 275
 18 42 57 48 64 46	 => 275
 62 46 64 25 15 63	 => 275
 77 17 7 59 60 55	 => 275
 45 55 60 76 11 28	 => 275
 57 28 11 52 79 48	 => 275
 64 48 79 40 19 25	 => 275
 60 59 34 13 32 76	 => 274
 11 76 32 30 74 52	 => 275
 79 52 74 9 21 40	 => 275


===================[TEST 4]===================

##### START ##### Tue May 20 10:37:49 2003



##### CONVERGE ##### Tue May 20 10:39:05 2003

Elapsed time: 76 seconds
Total loop: 323 generations

Result : 266.942

5 28 58 79 70 31 14 30 71 56 1 72 21 50 15 26 73 20 53 19 17 62 76 34 7 9 68 38 57 8 61 52 69 35 12 60 63 27 11 13 75 66 22 80 33 37 42 36 55 74 48 3 23 24 44 40 43 54 64 41 46 51 25 18 29 77 39 65 6 47 67 49 32 2 10 78 16 59 45 4 

 5 28 58 79 70 31	 => 271
 14 31 70 30 71 56	 => 272
 1 56 71 72 21 50	 => 271
 58 15 26 73 20 79	 => 271
 70 79 20 53 19 30	 => 271
 71 30 19 17 62 72	 => 271
 21 72 62 76 34 7	 => 272
 26 9 68 38 57 73	 => 271
 20 73 57 8 61 53	 => 272
 19 53 61 52 69 17	 => 271
 62 17 69 35 12 76	 => 271
 34 76 12 60 63 27	 => 272
 68 11 13 75 66 38	 => 271
 57 38 66 22 80 8	 => 271
 61 8 80 33 37 52	 => 271
 69 52 37 42 36 35	 => 271
 12 35 36 55 74 60	 => 272
 63 60 74 48 3 23	 => 271
 66 75 24 44 40 22	 => 271
 80 22 40 43 54 33	 => 272
 37 33 54 64 41 42	 => 271
 36 42 41 46 51 55	 => 271
 74 55 51 25 18 48	 => 271
 40 44 29 77 39 43	 => 272
 54 43 39 65 6 64	 => 271
 41 64 6 47 67 46	 => 271
 51 46 67 49 32 25	 => 270
 39 77 2 10 78 65	 => 271
 6 65 78 16 59 47	 => 271
 67 47 59 45 4 49	 => 271


===================[TEST 5]===================

##### START ##### Tue May 20 10:39:05 2003



##### CONVERGE ##### Tue May 20 10:40:31 2003

Elapsed time: 86 seconds
Total loop: 370 generations

Result : 270.134

15 10 58 80 77 34 7 8 79 70 14 71 21 19 12 4 74 46 26 37 42 38 67 65 13 6 62 78 50 22 57 68 45 59 24 56 60 3 35 2 54 44 52 28 53 47 17 39 36 61 51 16 30 1 75 49 29 64 27 66 41 76 18 33 9 40 72 63 20 48 73 55 11 5 25 69 31 43 23 32 

 15 10 58 80 77 34	 => 274
 7 34 77 8 79 70	 => 275
 14 70 79 71 21 19	 => 274
 58 12 4 74 46 80	 => 274
 77 80 46 26 37 8	 => 274
 79 8 37 42 38 71	 => 275
 21 71 38 67 65 13	 => 275
 4 6 62 78 50 74	 => 274
 46 74 50 22 57 26	 => 275
 37 26 57 68 45 42	 => 275
 38 42 45 59 24 67	 => 275
 65 67 24 56 60 3	 => 275
 62 35 2 54 44 78	 => 275
 50 78 44 52 28 22	 => 274
 57 22 28 53 47 68	 => 275
 45 68 47 17 39 59	 => 275
 24 59 39 36 61 56	 => 275
 60 56 61 51 16 30	 => 274
 44 54 1 75 49 52	 => 275
 28 52 49 29 64 53	 => 275
 47 53 64 27 66 17	 => 274
 39 17 66 41 76 36	 => 275
 61 36 76 18 33 51	 => 275
 49 75 9 40 72 29	 => 274
 64 29 72 63 20 27	 => 275
 66 27 20 48 73 41	 => 275
 76 41 73 55 11 18	 => 274
 72 40 5 25 69 63	 => 274
 20 63 69 31 43 48	 => 274
 73 48 43 23 32 55	 => 274



test#	fitness		sum		time
---------------------------------------------------
1	269.702				82
2	269.222				62
3	271.5				93
4	266.942				76
5	270.134				86


---------------------------------------------------
Best fitness      : 271.5 ( test# 3)
Shortest time     : 62 ( test# 2)

Average fitness   : 269.5
Average time      : 79.8
