****************** GA TEST *******************

total test#:			 5
hexa min width:			 3
hexa max width:			 6
hexa count:			 30
number count:			 80
population size:		 80
generation size:		 10

tournament winner p:		 1
do xover p:			 1
xover:				 2points
do mutation1 p:			 0.1
mutation1 p:			 0.05
do optimize p:			 1
local optimize count:		 8000
do deep better optimize p:	 1
do deep worse optimize p:	 0
do spin p:			 0
spin count:			 900
do spin apply p:		 1
do mutation2 p:			 0.1
mutation2 p:			 0.07
force mutation2:		 0
replace bad p:			 0.195

converge rate p:		 0.99
converge count:			 1

**********************************************


===================[TEST 1]===================

##### START ##### Tue May 20 10:40:32 2003



##### CONVERGE ##### Tue May 20 10:41:32 2003

Elapsed time: 60 seconds
Total loop: 258 generations

Result : 266.5

19 28 53 52 79 39 40 16 59 37 29 62 47 36 4 49 78 34 22 67 21 45 72 18 26 25 12 74 32 60 44 48 68 23 41 69 65 5 75 2 61 46 8 50 30 38 77 15 63 58 51 7 20 24 54 76 33 73 10 42 56 17 71 9 6 31 70 57 27 55 80 43 3 35 13 64 1 66 14 11 

 19 28 53 52 79 39	 => 270
 40 39 79 16 59 37	 => 270
 29 37 59 62 47 36	 => 270
 53 4 49 78 34 52	 => 270
 79 52 34 22 67 16	 => 270
 59 16 67 21 45 62	 => 270
 47 62 45 72 18 26	 => 270
 49 25 12 74 32 78	 => 270
 34 78 32 60 44 22	 => 270
 67 22 44 48 68 21	 => 270
 45 21 68 23 41 72	 => 270
 18 72 41 69 65 5	 => 270
 12 75 2 61 46 74	 => 270
 32 74 46 8 50 60	 => 270
 44 60 50 30 38 48	 => 270
 68 48 38 77 15 23	 => 269
 41 23 15 63 58 69	 => 269
 65 69 58 51 7 20	 => 270
 46 61 24 54 76 8	 => 269
 50 8 76 33 73 30	 => 270
 38 30 73 10 42 77	 => 270
 15 77 42 56 17 63	 => 270
 58 63 17 71 9 51	 => 269
 76 54 6 31 70 33	 => 270
 73 33 70 57 27 10	 => 270
 42 10 27 55 80 56	 => 270
 17 56 80 43 3 71	 => 270
 70 31 35 13 64 57	 => 270
 27 57 64 1 66 55	 => 270
 80 55 66 14 11 43	 => 269


===================[TEST 2]===================

##### START ##### Tue May 20 10:41:32 2003



##### CONVERGE ##### Tue May 20 10:42:32 2003

Elapsed time: 60 seconds
Total loop: 258 generations

Result : 269.154

17 14 66 80 70 25 5 39 74 59 4 63 49 23 1 35 77 13 60 10 41 45 76 37 2 18 12 79 51 15 56 65 40 20 50 62 24 22 48 6 73 54 21 52 26 58 43 46 19 75 68 7 36 29 28 67 42 64 3 78 34 53 27 30 16 72 47 61 55 33 69 57 32 9 11 71 8 44 31 38 

 17 14 66 80 70 25	 => 272
 5 25 70 39 74 59	 => 272
 4 59 74 63 49 23	 => 272
 66 1 35 77 13 80	 => 272
 70 80 13 60 10 39	 => 272
 74 39 10 41 45 63	 => 272
 49 63 45 76 37 2	 => 272
 35 18 12 79 51 77	 => 272
 13 77 51 15 56 60	 => 272
 10 60 56 65 40 41	 => 272
 45 41 40 20 50 76	 => 272
 37 76 50 62 24 22	 => 271
 12 48 6 73 54 79	 => 272
 51 79 54 21 52 15	 => 272
 56 15 52 26 58 65	 => 272
 40 65 58 43 46 20	 => 272
 50 20 46 19 75 62	 => 272
 24 62 75 68 7 36	 => 272
 54 73 29 28 67 21	 => 272
 52 21 67 42 64 26	 => 272
 58 26 64 3 78 43	 => 272
 46 43 78 34 53 19	 => 273
 75 19 53 27 30 68	 => 272
 67 28 16 72 47 42	 => 272
 64 42 47 61 55 3	 => 272
 78 3 55 33 69 34	 => 272
 53 34 69 57 32 27	 => 272
 47 72 9 11 71 61	 => 271
 55 61 71 8 44 33	 => 272
 69 33 44 31 38 57	 => 272


===================[TEST 3]===================

##### START ##### Tue May 20 10:42:32 2003



##### CONVERGE ##### Tue May 20 10:43:23 2003

Elapsed time: 51 seconds
Total loop: 219 generations

Result : 268.221

10 1 78 70 62 50 15 14 76 54 31 65 39 6 16 24 46 37 72 17 35 64 41 49 13 2 59 77 63 9 44 67 36 22 73 21 80 7 12 5 61 57 18 47 71 33 55 58 29 68 60 34 8 56 28 51 43 40 20 52 45 32 79 3 27 48 74 75 19 69 66 38 11 26 23 25 30 53 4 42 

 10 1 78 70 62 50	 => 271
 15 50 62 14 76 54	 => 271
 31 54 76 65 39 6	 => 271
 78 16 24 46 37 70	 => 271
 62 70 37 72 17 14	 => 272
 76 14 17 35 64 65	 => 271
 39 65 64 41 49 13	 => 271
 24 2 59 77 63 46	 => 271
 37 46 63 9 44 72	 => 271
 17 72 44 67 36 35	 => 271
 64 35 36 22 73 41	 => 271
 49 41 73 21 80 7	 => 271
 59 12 5 61 57 77	 => 271
 63 77 57 18 47 9	 => 271
 44 9 47 71 33 67	 => 271
 36 67 33 55 58 22	 => 271
 73 22 58 29 68 21	 => 271
 80 21 68 60 34 8	 => 271
 57 61 56 28 51 18	 => 271
 47 18 51 43 40 71	 => 270
 33 71 40 20 52 55	 => 271
 58 55 52 45 32 29	 => 271
 68 29 32 79 3 60	 => 271
 51 28 27 48 74 43	 => 271
 40 43 74 75 19 20	 => 271
 52 20 19 69 66 45	 => 271
 32 45 66 38 11 79	 => 271
 74 48 26 23 25 75	 => 271
 19 75 25 30 53 69	 => 271
 66 69 53 4 42 38	 => 272


===================[TEST 4]===================

##### START ##### Tue May 20 10:43:23 2003



##### CONVERGE ##### Tue May 20 10:44:36 2003

Elapsed time: 73 seconds
Total loop: 314 generations

Result : 267.315

10 30 36 60 59 76 8 24 61 43 45 18 50 54 22 40 67 46 65 17 77 75 55 72 1 12 51 63 38 39 16 64 32 25 7 78 44 15 4 5 80 69 35 27 52 74 34 42 57 62 66 2 19 11 20 56 49 53 21 37 31 70 3 13 29 48 68 47 33 79 71 73 23 9 41 58 26 28 14 6 

 10 30 36 60 59 76	 => 271
 8 76 59 24 61 43	 => 271
 45 43 61 18 50 54	 => 271
 36 22 40 67 46 60	 => 271
 59 60 46 65 17 24	 => 271
 61 24 17 77 75 18	 => 272
 50 18 75 55 72 1	 => 271
 40 12 51 63 38 67	 => 271
 46 67 38 39 16 65	 => 271
 17 65 16 64 32 77	 => 271
 75 77 32 25 7 55	 => 271
 72 55 7 78 44 15	 => 271
 51 4 5 80 69 63	 => 272
 38 63 69 35 27 39	 => 271
 16 39 27 52 74 64	 => 272
 32 64 74 34 42 25	 => 271
 7 25 42 57 62 78	 => 271
 44 78 62 66 2 19	 => 271
 69 80 11 20 56 35	 => 271
 27 35 56 49 53 52	 => 272
 74 52 53 21 37 34	 => 271
 42 34 37 31 70 57	 => 271
 62 57 70 3 13 66	 => 271
 56 20 29 48 68 49	 => 270
 53 49 68 47 33 21	 => 271
 37 21 33 79 71 31	 => 272
 70 31 71 73 23 3	 => 271
 68 48 9 41 58 47	 => 271
 33 47 58 26 28 79	 => 271
 71 79 28 14 6 73	 => 271


===================[TEST 5]===================

##### START ##### Tue May 20 10:44:36 2003



##### CONVERGE ##### Tue May 20 10:45:38 2003

Elapsed time: 62 seconds
Total loop: 268 generations

Result : 270.622

30 13 42 76 77 36 7 52 68 34 17 78 72 5 61 23 63 10 51 9 29 38 54 22 11 2 56 80 50 27 73 41 71 33 49 67 74 8 25 4 70 39 64 14 75 44 65 20 47 59 43 3 28 12 31 58 37 26 45 19 57 66 35 24 16 53 79 55 32 60 62 48 6 46 1 40 18 69 21 15 

 30 13 42 76 77 36	 => 274
 7 36 77 52 68 34	 => 274
 17 34 68 78 72 5	 => 274
 42 61 23 63 10 76	 => 275
 77 76 10 51 9 52	 => 275
 68 52 9 29 38 78	 => 274
 72 78 38 54 22 11	 => 275
 23 2 56 80 50 63	 => 274
 10 63 50 27 73 51	 => 274
 9 51 73 41 71 29	 => 274
 38 29 71 33 49 54	 => 274
 22 54 49 67 74 8	 => 274
 56 25 4 70 39 80	 => 274
 50 80 39 64 14 27	 => 274
 73 27 14 75 44 41	 => 274
 71 41 44 65 20 33	 => 274
 49 33 20 47 59 67	 => 275
 74 67 59 43 3 28	 => 274
 39 70 12 31 58 64	 => 274
 14 64 58 37 26 75	 => 274
 44 75 26 45 19 65	 => 274
 20 65 19 57 66 47	 => 274
 59 47 66 35 24 43	 => 274
 58 31 16 53 79 37	 => 274
 26 37 79 55 32 45	 => 274
 19 45 32 60 62 57	 => 275
 66 57 62 48 6 35	 => 274
 79 53 46 1 40 55	 => 274
 32 55 40 18 69 60	 => 274
 62 60 69 21 15 48	 => 275



test#	fitness		sum		time
---------------------------------------------------
1	266.5				60
2	269.154				60
3	268.221				51
4	267.315				73
5	270.622				62


---------------------------------------------------
Best fitness      : 270.622 ( test# 5)
Shortest time     : 51 ( test# 3)

Average fitness   : 268.362
Average time      : 61.2
