****************** GA TEST *******************

total test#:			 5
hexa min width:			 3
hexa max width:			 6
hexa count:			 30
number count:			 80
population size:		 80
generation size:		 10

tournament winner p:		 0.96
do xover p:			 1
xover:				 2points
do mutation1 p:			 0.1
mutation1 p:			 0.05
do optimize p:			 1
local optimize count:		 8000
do deep better optimize p:	 1
do deep worse optimize p:	 0
do spin p:			 0
spin count:			 900
do spin apply p:		 1
do mutation2 p:			 0.1
mutation2 p:			 0.07
force mutation2:		 0
replace bad p:			 0.195

converge rate p:		 0.99
converge count:			 1

**********************************************


===================[TEST 1]===================

##### START ##### Tue May 20 10:45:42 2003



##### CONVERGE ##### Tue May 20 10:47:16 2003

Elapsed time: 94 seconds
Total loop: 403 generations

Result : 271.569

6 28 43 77 60 63 1 45 67 41 26 51 78 13 9 25 79 44 16 34 48 31 76 23 18 7 36 73 56 32 49 69 61 8 52 72 35 19 10 30 70 58 53 5 74 47 65 27 55 64 59 22 24 4 29 62 50 33 37 21 40 68 14 17 15 46 75 39 42 57 80 54 20 12 38 66 2 71 11 3 

 6 28 43 77 60 63	 => 277
 1 63 60 45 67 41	 => 277
 26 41 67 51 78 13	 => 276
 43 9 25 79 44 77	 => 277
 60 77 44 16 34 45	 => 276
 67 45 34 48 31 51	 => 276
 78 51 31 76 23 18	 => 277
 25 7 36 73 56 79	 => 276
 44 79 56 32 49 16	 => 276
 34 16 49 69 61 48	 => 277
 31 48 61 8 52 76	 => 276
 23 76 52 72 35 19	 => 277
 36 10 30 70 58 73	 => 277
 56 73 58 53 5 32	 => 277
 49 32 5 74 47 69	 => 276
 61 69 47 65 27 8	 => 277
 52 8 27 55 64 72	 => 278
 35 72 64 59 22 24	 => 276
 58 70 4 29 62 53	 => 276
 5 53 62 50 33 74	 => 277
 47 74 33 37 21 65	 => 277
 27 65 21 40 68 55	 => 276
 64 55 68 14 17 59	 => 277
 62 29 15 46 75 50	 => 277
 33 50 75 39 42 37	 => 276
 21 37 42 57 80 40	 => 277
 68 40 80 54 20 14	 => 276
 75 46 12 38 66 39	 => 276
 42 39 66 2 71 57	 => 277
 80 57 71 11 3 54	 => 276


===================[TEST 2]===================

##### START ##### Tue May 20 10:47:16 2003



##### CONVERGE ##### Tue May 20 10:48:29 2003

Elapsed time: 73 seconds
Total loop: 313 generations

Result : 270.856

13 7 39 80 74 61 21 6 79 33 42 59 51 10 2 48 71 35 60 19 78 34 66 56 8 4 36 72 43 45 20 44 53 27 16 77 50 9 26 11 64 65 12 37 55 73 52 24 62 69 58 15 5 1 57 75 54 41 23 30 38 68 14 3 25 17 46 70 40 67 76 49 29 31 63 47 18 32 28 22 

 13 7 39 80 74 61	 => 274
 21 61 74 6 79 33	 => 274
 42 33 79 59 51 10	 => 274
 39 2 48 71 35 80	 => 275
 74 80 35 60 19 6	 => 274
 79 6 19 78 34 59	 => 275
 51 59 34 66 56 8	 => 274
 48 4 36 72 43 71	 => 274
 35 71 43 45 20 60	 => 274
 19 60 20 44 53 78	 => 274
 34 78 53 27 16 66	 => 274
 56 66 16 77 50 9	 => 274
 36 26 11 64 65 72	 => 274
 43 72 65 12 37 45	 => 274
 20 45 37 55 73 44	 => 274
 53 44 73 52 24 27	 => 273
 16 27 24 62 69 77	 => 275
 50 77 69 58 15 5	 => 274
 65 64 1 57 75 12	 => 274
 37 12 75 54 41 55	 => 274
 73 55 41 23 30 52	 => 274
 24 52 30 38 68 62	 => 274
 69 62 68 14 3 58	 => 274
 75 57 25 17 46 54	 => 274
 41 54 46 70 40 23	 => 274
 30 23 40 67 76 38	 => 274
 68 38 76 49 29 14	 => 274
 46 17 31 63 47 70	 => 274
 40 70 47 18 32 67	 => 274
 76 67 32 28 22 49	 => 274


===================[TEST 3]===================

##### START ##### Tue May 20 10:48:29 2003



##### CONVERGE ##### Tue May 20 10:49:42 2003

Elapsed time: 73 seconds
Total loop: 316 generations

Result : 272.56

19 23 49 53 69 63 24 10 67 43 17 75 68 6 9 11 78 76 29 39 48 37 52 41 4 20 70 71 25 36 32 72 56 28 55 77 46 5 22 1 38 74 26 44 27 65 35 21 34 61 58 16 18 13 59 66 33 80 8 62 45 79 42 2 7 51 60 64 31 73 57 50 3 15 47 40 14 54 12 30 

 19 23 49 53 69 63	 => 276
 24 63 69 10 67 43	 => 276
 17 43 67 75 68 6	 => 276
 49 9 11 78 76 53	 => 276
 69 53 76 29 39 10	 => 276
 67 10 39 48 37 75	 => 276
 68 75 37 52 41 4	 => 277
 11 20 70 71 25 78	 => 275
 76 78 25 36 32 29	 => 276
 39 29 32 72 56 48	 => 276
 37 48 56 28 55 52	 => 276
 41 52 55 77 46 5	 => 276
 70 22 1 38 74 71	 => 276
 25 71 74 26 44 36	 => 276
 32 36 44 27 65 72	 => 276
 56 72 65 35 21 28	 => 277
 55 28 21 34 61 77	 => 276
 46 77 61 58 16 18	 => 276
 74 38 13 59 66 26	 => 276
 44 26 66 33 80 27	 => 276
 65 27 80 8 62 35	 => 277
 21 35 62 45 79 34	 => 276
 61 34 79 42 2 58	 => 276
 66 59 7 51 60 33	 => 276
 80 33 60 64 31 8	 => 276
 62 8 31 73 57 45	 => 276
 79 45 57 50 3 42	 => 276
 60 51 15 47 40 64	 => 277
 31 64 40 14 54 73	 => 276
 57 73 54 12 30 50	 => 276


===================[TEST 4]===================

##### START ##### Tue May 20 10:49:42 2003



##### CONVERGE ##### Tue May 20 10:50:57 2003

Elapsed time: 75 seconds
Total loop: 321 generations

Result : 270.833

21 20 60 55 78 41 11 46 34 64 9 79 35 53 29 16 76 38 50 7 80 28 68 54 10 8 69 56 49 30 31 70 36 37 26 77 48 1 13 5 58 73 23 43 44 57 32 42 19 74 45 24 6 2 51 67 25 72 22 47 63 71 52 14 17 39 75 65 15 61 66 18 4 3 33 59 12 62 27 40 

 21 20 60 55 78 41	 => 275
 11 41 78 46 34 64	 => 274
 9 64 34 79 35 53	 => 274
 60 29 16 76 38 55	 => 274
 78 55 38 50 7 46	 => 274
 34 46 7 80 28 79	 => 274
 35 79 28 68 54 10	 => 274
 16 8 69 56 49 76	 => 274
 38 76 49 30 31 50	 => 274
 7 50 31 70 36 80	 => 274
 28 80 36 37 26 68	 => 275
 54 68 26 77 48 1	 => 274
 69 13 5 58 73 56	 => 274
 49 56 73 23 43 30	 => 274
 31 30 43 44 57 70	 => 275
 36 70 57 32 42 37	 => 274
 26 37 42 19 74 77	 => 275
 48 77 74 45 24 6	 => 274
 73 58 2 51 67 23	 => 274
 43 23 67 25 72 44	 => 274
 57 44 72 22 47 32	 => 274
 42 32 47 63 71 19	 => 274
 74 19 71 52 14 45	 => 275
 67 51 17 39 75 25	 => 274
 72 25 75 65 15 22	 => 274
 47 22 15 61 66 63	 => 274
 71 63 66 18 4 52	 => 274
 75 39 3 33 59 65	 => 274
 15 65 59 12 62 61	 => 274
 66 61 62 27 40 18	 => 274


===================[TEST 5]===================

##### START ##### Tue May 20 10:50:57 2003



##### CONVERGE ##### Tue May 20 10:52:12 2003

Elapsed time: 75 seconds
Total loop: 325 generations

Result : 268.826

16 42 57 49 74 34 22 31 78 32 1 69 66 26 39 56 40 30 63 25 19 50 67 11 9 2 77 21 76 17 46 68 51 20 64 70 55 5 18 29 47 80 33 45 44 52 71 10 36 72 54 7 14 43 28 41 48 61 38 6 75 73 24 13 37 65 53 60 12 79 62 35 3 8 27 59 4 58 23 15 

 16 42 57 49 74 34	 => 272
 22 34 74 31 78 32	 => 271
 1 32 78 69 66 26	 => 272
 57 39 56 40 30 49	 => 271
 74 49 30 63 25 31	 => 272
 78 31 25 19 50 69	 => 272
 66 69 50 67 11 9	 => 272
 56 2 77 21 76 40	 => 272
 30 40 76 17 46 63	 => 272
 25 63 46 68 51 19	 => 272
 50 19 51 20 64 67	 => 271
 11 67 64 70 55 5	 => 272
 77 18 29 47 80 21	 => 272
 76 21 80 33 45 17	 => 272
 46 17 45 44 52 68	 => 272
 51 68 52 71 10 20	 => 272
 64 20 10 36 72 70	 => 272
 55 70 72 54 7 14	 => 272
 80 47 43 28 41 33	 => 272
 45 33 41 48 61 44	 => 272
 52 44 61 38 6 71	 => 272
 10 71 6 75 73 36	 => 271
 72 36 73 24 13 54	 => 272
 41 28 37 65 53 48	 => 272
 61 48 53 60 12 38	 => 272
 6 38 12 79 62 75	 => 272
 73 75 62 35 3 24	 => 272
 53 65 8 27 59 60	 => 272
 12 60 59 4 58 79	 => 272
 62 79 58 23 15 35	 => 272



test#	fitness		sum		time
---------------------------------------------------
1	271.569				94
2	270.856				73
3	272.56				73
4	270.833				75
5	268.826				75


---------------------------------------------------
Best fitness      : 272.56 ( test# 3)
Shortest time     : 73 ( test# 2)

Average fitness   : 270.929
Average time      : 78
