****************** GA TEST *******************

total test#:			 10
hexa min width:			 3
hexa max width:			 6
hexa count:			 30
number count:			 80
population size:		 120
generation size:		 50

tournament winner p:		 0.9
do xover p:			 1
xover:				 2points
do mutation1 p:			 0.2
mutation1 p:			 0.05
do optimize p:			 1
local optimize count:		 20000
do deep better optimize p:	 1
do deep worse optimize p:	 0
do spin p:			 0
spin count:			 1000
do spin apply p:		 1
do mutation2 p:			 0.2
mutation2 p:			 0.04
force mutation2:		 0
replace bad p:			 0.2

converge rate p:		 0.99
converge count:			 1

**********************************************


===================[TEST 1]===================

##### START ##### Sat May 17 22:23:43 2003



##### CONVERGE ##### Sat May 17 23:10:05 2003

Elapsed time: 2782 seconds
Total loop: 189 generations

Result : 274.221

12 22 66 55 77 45 13 43 65 34 16 73 69 20 4 30 76 46 42 14 44 39 68 25 3 5 60 79 27 19 67 52 58 40 28 62 72 23 9 11 48 70 35 47 61 31 78 18 49 80 21 6 36 8 53 63 38 33 50 24 37 71 41 15 17 32 74 56 26 75 64 57 7 2 54 59 10 51 29 1 

 12 22 66 55 77 45	 => 277
 13 45 77 43 65 34	 => 277
 16 34 65 73 69 20	 => 277
 66 4 30 76 46 55	 => 277
 77 55 46 42 14 43	 => 277
 65 43 14 44 39 73	 => 278
 69 73 39 68 25 3	 => 277
 30 5 60 79 27 76	 => 277
 46 76 27 19 67 42	 => 277
 14 42 67 52 58 44	 => 277
 39 44 58 40 28 68	 => 277
 25 68 28 62 72 23	 => 278
 60 9 11 48 70 79	 => 277
 27 79 70 35 47 19	 => 277
 67 19 47 61 31 52	 => 277
 58 52 31 78 18 40	 => 277
 28 40 18 49 80 62	 => 277
 72 62 80 21 6 36	 => 277
 70 48 8 53 63 35	 => 277
 47 35 63 38 33 61	 => 277
 31 61 33 50 24 78	 => 277
 18 78 24 37 71 49	 => 277
 80 49 71 41 15 21	 => 277
 63 53 17 32 74 38	 => 277
 33 38 74 56 26 50	 => 277
 24 50 26 75 64 37	 => 276
 71 37 64 57 7 41	 => 277
 74 32 2 54 59 56	 => 277
 26 56 59 10 51 75	 => 277
 64 75 51 29 1 57	 => 277


===================[TEST 2]===================

##### START ##### Sat May 17 23:10:05 2003



##### CONVERGE ##### Sat May 17 23:53:13 2003

Elapsed time: 2588 seconds
Total loop: 176 generations

Result : 274.417

17 10 59 75 72 45 3 23 78 56 5 74 37 27 9 35 73 26 69 12 21 70 60 34 2 1 55 77 36 16 57 54 64 13 49 66 62 6 8 32 29 76 50 22 61 67 52 28 42 79 48 7 15 4 47 71 40 33 18 46 51 58 19 31 14 25 80 65 41 53 68 43 38 39 24 44 11 63 30 20 

 17 10 59 75 72 45	 => 278
 3 45 72 23 78 56	 => 277
 5 56 78 74 37 27	 => 277
 59 9 35 73 26 75	 => 277
 72 75 26 69 12 23	 => 277
 78 23 12 21 70 74	 => 278
 37 74 70 60 34 2	 => 277
 35 1 55 77 36 73	 => 277
 26 73 36 16 57 69	 => 277
 12 69 57 54 64 21	 => 277
 70 21 64 13 49 60	 => 277
 34 60 49 66 62 6	 => 277
 55 8 32 29 76 77	 => 277
 36 77 76 50 22 16	 => 277
 57 16 22 61 67 54	 => 277
 64 54 67 52 28 13	 => 278
 49 13 28 42 79 66	 => 277
 62 66 79 48 7 15	 => 277
 76 29 4 47 71 50	 => 277
 22 50 71 40 33 61	 => 277
 67 61 33 18 46 52	 => 277
 28 52 46 51 58 42	 => 277
 79 42 58 19 31 48	 => 277
 71 47 14 25 80 40	 => 277
 33 40 80 65 41 18	 => 277
 46 18 41 53 68 51	 => 277
 58 51 68 43 38 19	 => 277
 80 25 39 24 44 65	 => 277
 41 65 44 11 63 53	 => 277
 68 53 63 30 20 43	 => 277


===================[TEST 3]===================

##### START ##### Sat May 17 23:53:13 2003



##### CONVERGE ##### Sun May 18 00:26:26 2003

Elapsed time: 1993 seconds
Total loop: 135 generations

Result : 273.315

17 6 61 80 65 49 7 36 78 42 20 75 48 14 3 26 55 52 30 15 50 23 71 38 22 4 59 69 64 37 39 66 77 5 51 56 60 1 27 19 35 68 32 8 74 53 45 31 72 62 41 34 24 29 40 73 43 47 13 46 25 58 33 11 10 57 54 76 44 70 79 67 16 18 9 63 2 21 12 28 

 17 6 61 80 65 49	 => 278
 7 49 65 36 78 42	 => 277
 20 42 78 75 48 14	 => 277
 61 3 26 55 52 80	 => 277
 65 80 52 30 15 36	 => 278
 78 36 15 50 23 75	 => 277
 48 75 23 71 38 22	 => 277
 26 4 59 69 64 55	 => 277
 52 55 64 37 39 30	 => 277
 15 30 39 66 77 50	 => 277
 23 50 77 5 51 71	 => 277
 38 71 51 56 60 1	 => 277
 59 27 19 35 68 69	 => 277
 64 69 68 32 8 37	 => 278
 39 37 8 74 53 66	 => 277
 77 66 53 45 31 5	 => 277
 51 5 31 72 62 56	 => 277
 60 56 62 41 34 24	 => 277
 68 35 29 40 73 32	 => 277
 8 32 73 43 47 74	 => 277
 53 74 47 13 46 45	 => 278
 31 45 46 25 58 72	 => 277
 62 72 58 33 11 41	 => 277
 73 40 10 57 54 43	 => 277
 47 43 54 76 44 13	 => 277
 46 13 44 70 79 25	 => 277
 58 25 79 67 16 33	 => 278
 54 57 18 9 63 76	 => 277
 44 76 63 2 21 70	 => 276
 79 70 21 12 28 67	 => 277


===================[TEST 4]===================

##### START ##### Sun May 18 00:26:26 2003



##### CONVERGE ##### Sun May 18 01:16:42 2003

Elapsed time: 3016 seconds
Total loop: 205 generations

Result : 275.417

9 3 71 66 75 54 17 15 76 41 16 77 48 20 6 22 61 52 43 27 45 38 78 30 7 12 73 68 42 44 36 70 57 11 49 51 65 5 19 8 56 55 46 23 58 47 72 21 67 79 37 33 13 2 39 80 31 40 35 26 29 63 28 4 1 59 69 53 50 64 74 60 24 25 10 62 18 32 14 34 

 9 3 71 66 75 54	 => 278
 17 54 75 15 76 41	 => 278
 16 41 76 77 48 20	 => 278
 71 6 22 61 52 66	 => 278
 75 66 52 43 27 15	 => 278
 76 15 27 45 38 77	 => 278
 48 77 38 78 30 7	 => 278
 22 12 73 68 42 61	 => 278
 52 61 42 44 36 43	 => 278
 27 43 36 70 57 45	 => 278
 38 45 57 11 49 78	 => 278
 30 78 49 51 65 5	 => 278
 73 19 8 56 55 68	 => 279
 42 68 55 46 23 44	 => 278
 36 44 23 58 47 70	 => 278
 57 70 47 72 21 11	 => 278
 49 11 21 67 79 51	 => 278
 65 51 79 37 33 13	 => 278
 55 56 2 39 80 46	 => 278
 23 46 80 31 40 58	 => 278
 47 58 40 35 26 72	 => 278
 21 72 26 29 63 67	 => 278
 79 67 63 28 4 37	 => 278
 80 39 1 59 69 31	 => 279
 40 31 69 53 50 35	 => 278
 26 35 50 64 74 29	 => 278
 63 29 74 60 24 28	 => 278
 69 59 25 10 62 53	 => 278
 50 53 62 18 32 64	 => 279
 74 64 32 14 34 60	 => 278


===================[TEST 5]===================

##### START ##### Sun May 18 01:16:43 2003



##### CONVERGE ##### Sun May 18 01:46:24 2003

Elapsed time: 1781 seconds
Total loop: 121 generations

Result : 272.111

14 28 49 67 79 39 12 13 64 69 9 74 33 27 3 44 80 32 51 34 21 70 75 18 6 8 53 73 19 37 57 50 63 2 45 76 46 15 7 16 61 66 55 26 42 65 72 24 58 71 60 1 22 10 30 54 68 31 43 23 41 59 17 11 25 48 52 47 35 56 78 77 4 29 38 62 36 40 20 5 

 14 28 49 67 79 39	 => 276
 12 39 79 13 64 69	 => 276
 9 69 64 74 33 27	 => 276
 49 3 44 80 32 67	 => 275
 79 67 32 51 34 13	 => 276
 64 13 34 21 70 74	 => 276
 33 74 70 75 18 6	 => 276
 44 8 53 73 19 80	 => 277
 32 80 19 37 57 51	 => 276
 34 51 57 50 63 21	 => 276
 70 21 63 2 45 75	 => 276
 18 75 45 76 46 15	 => 275
 53 7 16 61 66 73	 => 276
 19 73 66 55 26 37	 => 276
 57 37 26 42 65 50	 => 277
 63 50 65 72 24 2	 => 276
 45 2 24 58 71 76	 => 276
 46 76 71 60 1 22	 => 276
 66 61 10 30 54 55	 => 276
 26 55 54 68 31 42	 => 276
 65 42 31 43 23 72	 => 276
 24 72 23 41 59 58	 => 277
 71 58 59 17 11 60	 => 276
 54 30 25 48 52 68	 => 277
 31 68 52 47 35 43	 => 276
 23 43 35 56 78 41	 => 276
 59 41 78 77 4 17	 => 276
 52 48 29 38 62 47	 => 276
 35 47 62 36 40 56	 => 276
 78 56 40 20 5 77	 => 276


===================[TEST 6]===================

##### START ##### Sun May 18 01:46:25 2003



##### CONVERGE ##### Sun May 18 02:19:42 2003

Elapsed time: 1997 seconds
Total loop: 136 generations

Result : 272.5

2 13 45 57 80 79 5 12 71 28 23 70 74 10 27 31 66 50 40 37 34 52 29 47 3 22 53 55 49 8 63 33 68 24 69 51 64 16 4 15 73 76 44 43 67 62 59 30 41 61 60 1 39 14 36 32 65 25 17 46 42 58 38 18 11 54 78 72 19 75 77 35 26 7 9 56 6 48 21 20 

 2 13 45 57 80 79	 => 276
 5 79 80 12 71 28	 => 275
 23 28 71 70 74 10	 => 276
 45 27 31 66 50 57	 => 276
 80 57 50 40 37 12	 => 276
 71 12 37 34 52 70	 => 276
 74 70 52 29 47 3	 => 275
 31 22 53 55 49 66	 => 276
 50 66 49 8 63 40	 => 276
 37 40 63 33 68 34	 => 275
 52 34 68 24 69 29	 => 276
 47 29 69 51 64 16	 => 276
 53 4 15 73 76 55	 => 276
 49 55 76 44 43 8	 => 275
 63 8 43 67 62 33	 => 276
 68 33 62 59 30 24	 => 276
 69 24 30 41 61 51	 => 276
 64 51 61 60 1 39	 => 276
 76 73 14 36 32 44	 => 275
 43 44 32 65 25 67	 => 276
 62 67 25 17 46 59	 => 276
 30 59 46 42 58 41	 => 276
 61 41 58 38 18 60	 => 276
 32 36 11 54 78 65	 => 276
 25 65 78 72 19 17	 => 276
 46 17 19 75 77 42	 => 276
 58 42 77 35 26 38	 => 276
 78 54 7 9 56 72	 => 276
 19 72 56 6 48 75	 => 276
 77 75 48 21 20 35	 => 276


===================[TEST 7]===================

##### START ##### Sun May 18 02:19:42 2003



##### CONVERGE ##### Sun May 18 02:52:38 2003

Elapsed time: 1976 seconds
Total loop: 134 generations

Result : 273.856

5 12 80 73 60 47 13 35 72 50 16 53 63 23 10 32 46 36 59 14 69 34 75 25 27 2 70 49 78 21 37 58 40 31 29 77 65 6 15 17 74 52 43 33 62 66 54 28 55 57 61 9 8 4 48 56 45 39 30 26 51 64 22 18 11 41 76 67 20 71 79 42 19 1 24 68 7 44 38 3 

 5 12 80 73 60 47	 => 277
 13 47 60 35 72 50	 => 277
 16 50 72 53 63 23	 => 277
 80 10 32 46 36 73	 => 277
 60 73 36 59 14 35	 => 277
 72 35 14 69 34 53	 => 277
 63 53 34 75 25 27	 => 277
 32 2 70 49 78 46	 => 277
 36 46 78 21 37 59	 => 277
 14 59 37 58 40 69	 => 277
 34 69 40 31 29 75	 => 278
 25 75 29 77 65 6	 => 277
 70 15 17 74 52 49	 => 277
 78 49 52 43 33 21	 => 276
 37 21 33 62 66 58	 => 277
 40 58 66 54 28 31	 => 277
 29 31 28 55 57 77	 => 277
 65 77 57 61 9 8	 => 277
 52 74 4 48 56 43	 => 277
 33 43 56 45 39 62	 => 278
 66 62 39 30 26 54	 => 277
 28 54 26 51 64 55	 => 278
 57 55 64 22 18 61	 => 277
 56 48 11 41 76 45	 => 277
 39 45 76 67 20 30	 => 277
 26 30 20 71 79 51	 => 277
 64 51 79 42 19 22	 => 277
 76 41 1 24 68 67	 => 277
 20 67 68 7 44 71	 => 277
 79 71 44 38 3 42	 => 277


===================[TEST 8]===================

##### START ##### Sun May 18 02:52:38 2003



##### CONVERGE ##### Sun May 18 03:38:55 2003

Elapsed time: 2777 seconds
Total loop: 188 generations

Result : 272.833

7 5 63 67 74 60 25 22 65 30 33 78 64 6 3 32 70 41 48 24 71 16 80 29 9 11 49 76 38 40 39 53 42 13 54 77 35 1 20 12 61 58 46 18 47 79 75 15 51 66 52 2 44 19 23 69 68 28 14 34 56 45 36 27 4 62 50 73 43 57 72 59 8 26 10 55 17 31 37 21 

 7 5 63 67 74 60	 => 276
 25 60 74 22 65 30	 => 276
 33 30 65 78 64 6	 => 276
 63 3 32 70 41 67	 => 276
 74 67 41 48 24 22	 => 276
 65 22 24 71 16 78	 => 276
 64 78 16 80 29 9	 => 276
 32 11 49 76 38 70	 => 276
 41 70 38 40 39 48	 => 276
 24 48 39 53 42 71	 => 277
 16 71 42 13 54 80	 => 276
 29 80 54 77 35 1	 => 276
 49 20 12 61 58 76	 => 276
 38 76 58 46 18 40	 => 276
 39 40 18 47 79 53	 => 276
 42 53 79 75 15 13	 => 277
 54 13 15 51 66 77	 => 276
 35 77 66 52 2 44	 => 276
 58 61 19 23 69 46	 => 276
 18 46 69 68 28 47	 => 276
 79 47 28 14 34 75	 => 277
 15 75 34 56 45 51	 => 276
 66 51 45 36 27 52	 => 277
 69 23 4 62 50 68	 => 276
 28 68 50 73 43 14	 => 276
 34 14 43 57 72 56	 => 276
 45 56 72 59 8 36	 => 276
 50 62 26 10 55 73	 => 276
 43 73 55 17 31 57	 => 276
 72 57 31 37 21 59	 => 277


===================[TEST 9]===================

##### START ##### Sun May 18 03:38:55 2003



##### CONVERGE ##### Sun May 18 04:14:56 2003

Elapsed time: 2161 seconds
Total loop: 147 generations

Result : 272.856

15 23 35 66 79 58 2 20 74 43 14 56 76 13 1 49 70 55 22 34 42 50 53 33 8 11 47 68 31 38 59 52 67 45 19 80 62 30 21 9 60 71 41 27 63 37 72 3 64 65 57 5 7 4 40 61 36 48 17 39 69 29 51 10 12 73 54 75 46 28 77 44 6 26 16 32 18 78 25 24 

 15 23 35 66 79 58	 => 276
 2 58 79 20 74 43	 => 276
 14 43 74 56 76 13	 => 276
 35 1 49 70 55 66	 => 276
 79 66 55 22 34 20	 => 276
 74 20 34 42 50 56	 => 276
 76 56 50 53 33 8	 => 276
 49 11 47 68 31 70	 => 276
 55 70 31 38 59 22	 => 275
 34 22 59 52 67 42	 => 276
 50 42 67 45 19 53	 => 276
 33 53 19 80 62 30	 => 277
 47 21 9 60 71 68	 => 276
 31 68 71 41 27 38	 => 276
 59 38 27 63 37 52	 => 276
 67 52 37 72 3 45	 => 276
 19 45 3 64 65 80	 => 276
 62 80 65 57 5 7	 => 276
 71 60 4 40 61 41	 => 277
 27 41 61 36 48 63	 => 276
 37 63 48 17 39 72	 => 276
 3 72 39 69 29 64	 => 276
 65 64 29 51 10 57	 => 276
 61 40 12 73 54 36	 => 276
 48 36 54 75 46 17	 => 276
 39 17 46 28 77 69	 => 276
 29 69 77 44 6 51	 => 276
 54 73 26 16 32 75	 => 276
 46 75 32 18 78 28	 => 277
 77 28 78 25 24 44	 => 276


===================[TEST 10]===================

##### START ##### Sun May 18 04:14:56 2003



##### CONVERGE ##### Sun May 18 05:07:47 2003

Elapsed time: 3171 seconds
Total loop: 216 generations

Result : 272.826

16 44 55 50 51 60 11 35 62 57 14 80 56 7 28 26 47 70 40 30 52 17 66 45 12 15 61 73 54 19 46 49 59 18 64 76 22 3 8 2 69 63 25 42 72 48 68 34 13 71 79 4 24 10 32 77 37 23 36 29 67 65 39 9 1 53 75 78 27 74 43 41 20 31 5 33 6 58 38 21 

 16 44 55 50 51 60	 => 276
 11 60 51 35 62 57	 => 276
 14 57 62 80 56 7	 => 276
 55 28 26 47 70 50	 => 276
 51 50 70 40 30 35	 => 276
 62 35 30 52 17 80	 => 276
 56 80 17 66 45 12	 => 276
 26 15 61 73 54 47	 => 276
 70 47 54 19 46 40	 => 276
 30 40 46 49 59 52	 => 276
 17 52 59 18 64 66	 => 276
 45 66 64 76 22 3	 => 276
 61 8 2 69 63 73	 => 276
 54 73 63 25 42 19	 => 276
 46 19 42 72 48 49	 => 276
 59 49 48 68 34 18	 => 276
 64 18 34 13 71 76	 => 276
 22 76 71 79 4 24	 => 276
 63 69 10 32 77 25	 => 276
 42 25 77 37 23 72	 => 276
 48 72 23 36 29 68	 => 276
 34 68 29 67 65 13	 => 276
 71 13 65 39 9 79	 => 276
 77 32 1 53 75 37	 => 275
 23 37 75 78 27 36	 => 276
 29 36 27 74 43 67	 => 276
 65 67 43 41 20 39	 => 275
 75 53 31 5 33 78	 => 275
 27 78 33 6 58 74	 => 276
 43 74 58 38 21 41	 => 275



test#	fitness		sum		time
---------------------------------------------------
1	274.221				2782
2	274.417				2588
3	273.315				1993
4	275.417				3016
5	272.111				1781
6	272.5				1997
7	273.856				1976
8	272.833				2777
9	272.856				2161
10	272.826				3171


---------------------------------------------------
Best fitness      : 275.417 ( test# 4)
Shortest time     : 1781 ( test# 5)

Average fitness   : 273.435
Average time      : 2424.2
