****************** GA TEST *******************

total test#:			 10
hexa min width:			 3
hexa max width:			 6
hexa count:			 30
number count:			 80
population size:		 120
generation size:		 50

tournament winner p:		 0.9
do xover p:			 1
xover:				 2points
do mutation1 p:			 0.2
mutation1 p:			 0.05
do optimize p:			 1
local optimize count:		 20000
do deep better optimize p:	 1
do deep worse optimize p:	 0
do spin p:			 0
spin count:			 1000
do spin apply p:		 1
do mutation2 p:			 0.2
mutation2 p:			 0.04
force mutation2:		 0
replace bad p:			 0.1

converge rate p:		 0.99
converge count:			 1

**********************************************


===================[TEST 1]===================

##### START ##### Sat May 17 15:42:36 2003



##### CONVERGE ##### Sat May 17 16:27:55 2003

Elapsed time: 2719 seconds
Total loop: 183 generations

Result : 271.984

26 1 59 65 79 45 5 10 73 64 13 80 43 2 6 28 57 61 12 49 20 44 70 24 14 32 36 71 52 25 69 51 74 31 37 68 47 29 41 8 42 77 30 21 62 48 55 17 56 67 60 27 7 35 16 76 53 34 38 39 46 63 19 11 15 66 50 78 23 58 72 54 22 4 3 75 9 33 40 18 

 26 1 59 65 79 45	 => 275
 5 45 79 10 73 64	 => 276
 13 64 73 80 43 2	 => 275
 59 6 28 57 61 65	 => 276
 79 65 61 12 49 10	 => 276
 73 10 49 20 44 80	 => 276
 43 80 44 70 24 14	 => 275
 28 32 36 71 52 57	 => 276
 61 57 52 25 69 12	 => 276
 49 12 69 51 74 20	 => 275
 44 20 74 31 37 70	 => 276
 24 70 37 68 47 29	 => 275
 36 41 8 42 77 71	 => 275
 52 71 77 30 21 25	 => 276
 69 25 21 62 48 51	 => 276
 74 51 48 55 17 31	 => 276
 37 31 17 56 67 68	 => 276
 47 68 67 60 27 7	 => 276
 77 42 35 16 76 30	 => 276
 21 30 76 53 34 62	 => 276
 48 62 34 38 39 55	 => 276
 17 55 39 46 63 56	 => 276
 67 56 63 19 11 60	 => 276
 76 16 15 66 50 53	 => 276
 34 53 50 78 23 38	 => 276
 39 38 23 58 72 46	 => 276
 63 46 72 54 22 19	 => 276
 50 66 4 3 75 78	 => 276
 23 78 75 9 33 58	 => 276
 72 58 33 40 18 54	 => 275


===================[TEST 2]===================

##### START ##### Sat May 17 16:27:55 2003



##### CONVERGE ##### Sat May 17 17:17:08 2003

Elapsed time: 2953 seconds
Total loop: 200 generations

Result : 273.417

3 12 39 75 74 73 16 21 78 15 22 76 65 20 6 35 80 41 40 25 48 28 60 38 10 7 67 45 43 49 23 77 63 8 69 61 29 19 24 17 44 79 27 33 52 42 50 36 31 71 70 13 32 2 56 68 37 59 18 55 58 46 57 1 9 34 72 64 26 66 53 51 11 30 14 62 4 54 47 5 

 3 12 39 75 74 73	 => 276
 16 73 74 21 78 15	 => 277
 22 15 78 76 65 20	 => 276
 39 6 35 80 41 75	 => 276
 74 75 41 40 25 21	 => 276
 78 21 25 48 28 76	 => 276
 65 76 28 60 38 10	 => 277
 35 7 67 45 43 80	 => 277
 41 80 43 49 23 40	 => 276
 25 40 23 77 63 48	 => 276
 28 48 63 8 69 60	 => 276
 38 60 69 61 29 19	 => 276
 67 24 17 44 79 45	 => 276
 43 45 79 27 33 49	 => 276
 23 49 33 52 42 77	 => 276
 63 77 42 50 36 8	 => 276
 69 8 36 31 71 61	 => 276
 29 61 71 70 13 32	 => 276
 79 44 2 56 68 27	 => 276
 33 27 68 37 59 52	 => 276
 42 52 59 18 55 50	 => 276
 36 50 55 58 46 31	 => 276
 71 31 46 57 1 70	 => 276
 68 56 9 34 72 37	 => 276
 59 37 72 64 26 18	 => 276
 55 18 26 66 53 58	 => 276
 46 58 53 51 11 57	 => 276
 72 34 30 14 62 64	 => 276
 26 64 62 4 54 66	 => 276
 53 66 54 47 5 51	 => 276


===================[TEST 3]===================

##### START ##### Sat May 17 17:17:08 2003



##### CONVERGE ##### Sat May 17 18:03:26 2003

Elapsed time: 2778 seconds
Total loop: 188 generations

Result : 273.856

7 15 75 59 54 67 6 30 64 56 12 62 70 13 19 23 52 49 61 24 47 50 58 36 1 35 45 78 44 39 33 41 71 22 29 72 73 9 10 2 68 74 26 17 80 66 34 43 46 65 53 11 3 20 32 57 55 42 18 37 48 69 28 16 14 40 79 63 21 77 76 51 5 27 8 60 25 31 38 4 

 7 15 75 59 54 67	 => 277
 6 67 54 30 64 56	 => 277
 12 56 64 62 70 13	 => 277
 75 19 23 52 49 59	 => 277
 54 59 49 61 24 30	 => 277
 64 30 24 47 50 62	 => 277
 70 62 50 58 36 1	 => 277
 23 35 45 78 44 52	 => 277
 49 52 44 39 33 61	 => 278
 24 61 33 41 71 47	 => 277
 50 47 71 22 29 58	 => 277
 36 58 29 72 73 9	 => 277
 45 10 2 68 74 78	 => 277
 44 78 74 26 17 39	 => 278
 33 39 17 80 66 41	 => 276
 71 41 66 34 43 22	 => 277
 29 22 43 46 65 72	 => 277
 73 72 65 53 11 3	 => 277
 74 68 20 32 57 26	 => 277
 17 26 57 55 42 80	 => 277
 66 80 42 18 37 34	 => 277
 43 34 37 48 69 46	 => 277
 65 46 69 28 16 53	 => 277
 57 32 14 40 79 55	 => 277
 42 55 79 63 21 18	 => 278
 37 18 21 77 76 48	 => 277
 69 48 76 51 5 28	 => 277
 79 40 27 8 60 63	 => 277
 21 63 60 25 31 77	 => 277
 76 77 31 38 4 51	 => 277


===================[TEST 4]===================

##### START ##### Sat May 17 18:03:26 2003



##### CONVERGE ##### Sat May 17 18:49:13 2003

Elapsed time: 2747 seconds
Total loop: 187 generations

Result : 270.734

10 8 64 71 68 53 6 65 27 55 30 59 69 34 7 22 75 36 15 19 60 44 72 26 4 14 58 80 25 46 77 37 66 20 12 78 63 23 13 9 52 62 45 17 43 54 40 57 28 79 47 5 2 3 42 70 38 61 51 24 49 76 33 11 1 67 56 39 29 73 48 32 35 50 21 41 18 74 31 16 

 10 8 64 71 68 53	 => 274
 6 53 68 65 27 55	 => 274
 30 55 27 59 69 34	 => 274
 64 7 22 75 36 71	 => 275
 68 71 36 15 19 65	 => 274
 27 65 19 60 44 59	 => 274
 69 59 44 72 26 4	 => 274
 22 14 58 80 25 75	 => 274
 36 75 25 46 77 15	 => 274
 19 15 77 37 66 60	 => 274
 44 60 66 20 12 72	 => 274
 26 72 12 78 63 23	 => 274
 58 13 9 52 62 80	 => 274
 25 80 62 45 17 46	 => 275
 77 46 17 43 54 37	 => 274
 66 37 54 40 57 20	 => 274
 12 20 57 28 79 78	 => 274
 63 78 79 47 5 2	 => 274
 62 52 3 42 70 45	 => 274
 17 45 70 38 61 43	 => 274
 54 43 61 51 24 40	 => 273
 57 40 24 49 76 28	 => 274
 79 28 76 33 11 47	 => 274
 70 42 1 67 56 38	 => 274
 61 38 56 39 29 51	 => 274
 24 51 29 73 48 49	 => 274
 76 49 48 32 35 33	 => 273
 56 67 50 21 41 39	 => 274
 29 39 41 18 74 73	 => 274
 48 73 74 31 16 32	 => 274


===================[TEST 5]===================

##### START ##### Sat May 17 18:49:14 2003



##### CONVERGE ##### Sat May 17 19:34:19 2003

Elapsed time: 2705 seconds
Total loop: 184 generations

Result : 273.217

24 16 56 70 60 50 28 39 76 22 14 79 75 10 9 51 71 19 80 8 27 47 59 15 1 5 46 72 31 43 32 77 52 42 49 73 67 13 35 3 66 54 55 20 64 40 48 17 38 57 69 4 6 2 37 62 45 30 36 58 41 74 26 12 18 61 53 78 34 44 63 65 7 33 21 29 23 68 11 25 

 24 16 56 70 60 50	 => 276
 28 50 60 39 76 22	 => 275
 14 22 76 79 75 10	 => 276
 56 9 51 71 19 70	 => 276
 60 70 19 80 8 39	 => 276
 76 39 8 27 47 79	 => 276
 75 79 47 59 15 1	 => 276
 51 5 46 72 31 71	 => 276
 19 71 31 43 32 80	 => 276
 8 80 32 77 52 27	 => 276
 47 27 52 42 49 59	 => 276
 15 59 49 73 67 13	 => 276
 46 35 3 66 54 72	 => 276
 31 72 54 55 20 43	 => 275
 32 43 20 64 40 77	 => 276
 52 77 40 48 17 42	 => 276
 49 42 17 38 57 73	 => 276
 67 73 57 69 4 6	 => 276
 54 66 2 37 62 55	 => 276
 20 55 62 45 30 64	 => 276
 40 64 30 36 58 48	 => 276
 17 48 58 41 74 38	 => 276
 57 38 74 26 12 69	 => 276
 62 37 18 61 53 45	 => 276
 30 45 53 78 34 36	 => 276
 58 36 34 44 63 41	 => 276
 74 41 63 65 7 26	 => 276
 53 61 33 21 29 78	 => 275
 34 78 29 23 68 44	 => 276
 63 44 68 11 25 65	 => 276


===================[TEST 6]===================

##### START ##### Sat May 17 19:34:20 2003



##### CONVERGE ##### Sat May 17 20:08:29 2003

Elapsed time: 2049 seconds
Total loop: 139 generations

Result : 273.836

12 40 53 54 67 50 4 29 58 68 20 80 14 36 6 52 74 37 72 17 33 59 71 39 13 22 48 78 2 45 46 44 64 25 24 76 63 3 42 10 28 70 62 19 57 65 47 31 43 77 32 5 23 9 38 69 34 35 51 21 55 79 30 15 1 61 73 66 18 75 56 49 7 27 8 41 16 60 26 11 

 12 40 53 54 67 50	 => 276
 4 50 67 29 58 68	 => 276
 20 68 58 80 14 36	 => 276
 53 6 52 74 37 54	 => 276
 67 54 37 72 17 29	 => 276
 58 29 17 33 59 80	 => 276
 14 80 59 71 39 13	 => 276
 52 22 48 78 2 74	 => 276
 37 74 2 45 46 72	 => 276
 17 72 46 44 64 33	 => 276
 59 33 64 25 24 71	 => 276
 39 71 24 76 63 3	 => 276
 48 42 10 28 70 78	 => 276
 2 78 70 62 19 45	 => 276
 46 45 19 57 65 44	 => 276
 64 44 65 47 31 25	 => 276
 24 25 31 43 77 76	 => 276
 63 76 77 32 5 23	 => 276
 70 28 9 38 69 62	 => 276
 19 62 69 34 35 57	 => 276
 65 57 35 51 21 47	 => 276
 31 47 21 55 79 43	 => 276
 77 43 79 30 15 32	 => 276
 69 38 1 61 73 34	 => 276
 35 34 73 66 18 51	 => 277
 21 51 18 75 56 55	 => 276
 79 55 56 49 7 30	 => 276
 73 61 27 8 41 66	 => 276
 18 66 41 16 60 75	 => 276
 56 75 60 26 11 49	 => 277


===================[TEST 7]===================

##### START ##### Sat May 17 20:08:29 2003



##### CONVERGE ##### Sat May 17 20:44:27 2003

Elapsed time: 2158 seconds
Total loop: 147 generations

Result : 272.217

14 25 43 72 73 47 4 10 75 66 6 63 41 24 9 19 65 67 11 42 30 54 58 57 2 8 76 46 61 7 64 69 59 45 29 79 49 3 1 12 60 80 31 50 52 33 37 32 39 51 68 13 15 22 44 38 48 56 34 62 35 70 26 21 27 78 40 77 20 53 71 55 18 16 36 28 23 74 17 5 

 14 25 43 72 73 47	 => 274
 4 47 73 10 75 66	 => 275
 6 66 75 63 41 24	 => 275
 43 9 19 65 67 72	 => 275
 73 72 67 11 42 10	 => 275
 75 10 42 30 54 63	 => 274
 41 63 54 58 57 2	 => 275
 19 8 76 46 61 65	 => 275
 67 65 61 7 64 11	 => 275
 42 11 64 69 59 30	 => 275
 54 30 59 45 29 58	 => 275
 57 58 29 79 49 3	 => 275
 76 1 12 60 80 46	 => 275
 61 46 80 31 50 7	 => 275
 64 7 50 52 33 69	 => 275
 59 69 33 37 32 45	 => 275
 29 45 32 39 51 79	 => 275
 49 79 51 68 13 15	 => 275
 80 60 22 44 38 31	 => 275
 50 31 38 48 56 52	 => 275
 33 52 56 34 62 37	 => 274
 32 37 62 35 70 39	 => 275
 51 39 70 26 21 68	 => 275
 38 44 27 78 40 48	 => 275
 56 48 40 77 20 34	 => 275
 62 34 20 53 71 35	 => 275
 70 35 71 55 18 26	 => 275
 40 78 16 36 28 77	 => 275
 20 77 28 23 74 53	 => 275
 71 53 74 17 5 55	 => 275


===================[TEST 8]===================

##### START ##### Sat May 17 20:44:27 2003



##### CONVERGE ##### Sat May 17 21:18:45 2003

Elapsed time: 2058 seconds
Total loop: 140 generations

Result : 274.417

26 15 41 80 77 38 16 30 73 43 13 53 70 25 3 57 74 22 39 29 64 28 71 31 24 6 54 50 36 55 51 59 35 52 27 61 69 19 21 11 63 79 40 17 62 33 56 42 20 75 60 7 5 10 18 67 46 45 37 44 49 66 48 8 2 76 68 58 23 47 78 32 4 9 1 65 12 72 34 14 

 26 15 41 80 77 38	 => 277
 16 38 77 30 73 43	 => 277
 13 43 73 53 70 25	 => 277
 41 3 57 74 22 80	 => 277
 77 80 22 39 29 30	 => 277
 73 30 29 64 28 53	 => 277
 70 53 28 71 31 24	 => 277
 57 6 54 50 36 74	 => 277
 22 74 36 55 51 39	 => 277
 29 39 51 59 35 64	 => 277
 28 64 35 52 27 71	 => 277
 31 71 27 61 69 19	 => 278
 54 21 11 63 79 50	 => 278
 36 50 79 40 17 55	 => 277
 51 55 17 62 33 59	 => 277
 35 59 33 56 42 52	 => 277
 27 52 42 20 75 61	 => 277
 69 61 75 60 7 5	 => 277
 79 63 10 18 67 40	 => 277
 17 40 67 46 45 62	 => 277
 33 62 45 37 44 56	 => 277
 42 56 44 49 66 20	 => 277
 75 20 66 48 8 60	 => 277
 67 18 2 76 68 46	 => 277
 45 46 68 58 23 37	 => 277
 44 37 23 47 78 49	 => 278
 66 49 78 32 4 48	 => 277
 68 76 9 1 65 58	 => 277
 23 58 65 12 72 47	 => 277
 78 47 72 34 14 32	 => 277


===================[TEST 9]===================

##### START ##### Sat May 17 21:18:45 2003



##### CONVERGE ##### Sat May 17 21:50:09 2003

Elapsed time: 1884 seconds
Total loop: 128 generations

Result : 271.134

34 13 57 63 78 30 16 28 56 67 18 75 55 5 6 49 40 61 10 35 60 22 62 58 4 8 50 51 77 21 66 26 79 17 36 72 46 2 7 23 71 74 19 33 54 76 29 48 32 70 52 12 24 1 38 73 53 43 31 42 44 80 27 15 11 37 64 59 25 65 69 47 9 45 3 68 20 39 14 41 

 34 13 57 63 78 30	 => 275
 16 30 78 28 56 67	 => 275
 18 67 56 75 55 5	 => 276
 57 6 49 40 61 63	 => 276
 78 63 61 10 35 28	 => 275
 56 28 35 60 22 75	 => 276
 55 75 22 62 58 4	 => 276
 49 8 50 51 77 40	 => 275
 61 40 77 21 66 10	 => 275
 35 10 66 26 79 60	 => 276
 22 60 79 17 36 62	 => 276
 58 62 36 72 46 2	 => 276
 50 7 23 71 74 51	 => 276
 77 51 74 19 33 21	 => 275
 66 21 33 54 76 26	 => 276
 79 26 76 29 48 17	 => 275
 36 17 48 32 70 72	 => 275
 46 72 70 52 12 24	 => 276
 74 71 1 38 73 19	 => 276
 33 19 73 53 43 54	 => 275
 76 54 43 31 42 29	 => 275
 48 29 42 44 80 32	 => 275
 70 32 80 27 15 52	 => 276
 73 38 11 37 64 53	 => 276
 43 53 64 59 25 31	 => 275
 42 31 25 65 69 44	 => 276
 80 44 69 47 9 27	 => 276
 64 37 45 3 68 59	 => 276
 25 59 68 20 39 65	 => 276
 69 65 39 14 41 47	 => 275


===================[TEST 10]===================

##### START ##### Sat May 17 21:50:09 2003



##### CONVERGE ##### Sat May 17 22:23:43 2003

Elapsed time: 2014 seconds
Total loop: 137 generations

Result : 270.622

9 38 52 59 70 46 21 30 64 43 15 69 77 7 5 35 56 68 20 27 76 8 49 32 39 19 58 67 40 48 42 44 65 14 62 78 47 6 13 10 73 54 28 37 25 79 50 22 41 57 45 16 31 11 34 74 60 51 33 36 53 72 55 4 17 23 66 63 1 71 80 12 2 18 29 75 3 61 26 24 

 9 38 52 59 70 46	 => 274
 21 46 70 30 64 43	 => 274
 15 43 64 69 77 7	 => 275
 52 5 35 56 68 59	 => 275
 70 59 68 20 27 30	 => 274
 64 30 27 76 8 69	 => 274
 77 69 8 49 32 39	 => 274
 35 19 58 67 40 56	 => 275
 68 56 40 48 42 20	 => 274
 27 20 42 44 65 76	 => 274
 8 76 65 14 62 49	 => 274
 32 49 62 78 47 6	 => 274
 58 13 10 73 54 67	 => 275
 40 67 54 28 37 48	 => 274
 42 48 37 25 79 44	 => 275
 65 44 79 50 22 14	 => 274
 62 14 22 41 57 78	 => 274
 47 78 57 45 16 31	 => 274
 54 73 11 34 74 28	 => 274
 37 28 74 60 51 25	 => 275
 79 25 51 33 36 50	 => 274
 22 50 36 53 72 41	 => 274
 57 41 72 55 4 45	 => 274
 74 34 17 23 66 60	 => 274
 51 60 66 63 1 33	 => 274
 36 33 1 71 80 53	 => 274
 72 53 80 12 2 55	 => 274
 66 23 18 29 75 63	 => 274
 1 63 75 3 61 71	 => 274
 80 71 61 26 24 12	 => 274



test#	fitness		sum		time
---------------------------------------------------
1	271.984				2719
2	273.417				2953
3	273.856				2778
4	270.734				2747
5	273.217				2705
6	273.836				2049
7	272.217				2158
8	274.417				2058
9	271.134				1884
10	270.622				2014


---------------------------------------------------
Best fitness      : 274.417 ( test# 8)
Shortest time     : 1884 ( test# 9)

Average fitness   : 272.543
Average time      : 2406.5
