****************** GA TEST *******************

total test#:			 100
hexa min width:			 3
hexa max width:			 5
hexa count:			 19
number count:			 54
population size:		 50
generation size:		 12

tournament winner p:		 1.000000
xover uniform p:		 0.697000
do mutation1 p:			 0.100000
mutation1 p:			 0.050000
do optimize p:			 1.000000
local optimize count:		 6000
do deep better optimize p:	 1.000000
do deep worse optimize p:	 0.000000
do spin p:			 0.000000
spin count:			 1000
do spin apply p:		 1.000000
do mutation2 p:			 0.120000
mutation2 p:			 0.080000
force mutation2:		 0
replace bad p:			 0.195000

converge rate p:		 0.990000
converge count:			 5

**********************************************


===================[TEST 1]===================
Elapsed time: 22.000000 seconds
Total loop: 158 generations

Result : 184.628291

10 5 48 32 50 43 9 14 42 30 11 46 40 18 7 12 54 35 13 45 34 8 49 25 20 29 21 33 39 15 31 38 27 19 51 53 6 4 23 37 41 47 16 52 36 26 3 17 2 44 1 28 24 22 

 10 5 48 32 50 43	 => 188
 9 43 50 14 42 30	 => 188
 11 30 42 46 40 18	 => 187
 48 7 12 54 35 32	 => 188
 50 32 35 13 45 14	 => 189
 42 14 45 34 8 46	 => 189
 40 46 8 49 25 20	 => 188
 12 29 21 33 39 54	 => 188
 35 54 39 15 31 13	 => 187
 45 13 31 38 27 34	 => 188
 8 34 27 19 51 49	 => 188
 25 49 51 53 6 4	 => 188
 39 33 23 37 41 15	 => 188
 31 15 41 47 16 38	 => 188
 27 38 16 52 36 19	 => 188
 51 19 36 26 3 53	 => 188
 41 37 17 2 44 47	 => 188
 16 47 44 1 28 52	 => 188
 36 52 28 24 22 26	 => 188


===================[TEST 2]===================
Elapsed time: 42.000000 seconds
Total loop: 306 generations

Result : 187.500963

2 13 49 39 53 35 1 23 47 32 17 40 36 18 4 38 46 14 37 25 41 15 42 50 8 7 6 43 51 16 26 34 28 11 54 31 5 9 3 30 48 45 22 44 52 33 10 19 21 27 24 29 20 12 

 2 13 49 39 53 35	 => 191
 1 35 53 23 47 32	 => 191
 17 32 47 40 36 18	 => 190
 49 4 38 46 14 39	 => 190
 53 39 14 37 25 23	 => 191
 47 23 25 41 15 40	 => 191
 36 40 15 42 50 8	 => 191
 38 7 6 43 51 46	 => 191
 14 46 51 16 26 37	 => 190
 25 37 26 34 28 41	 => 191
 15 41 28 11 54 42	 => 191
 50 42 54 31 5 9	 => 191
 51 43 3 30 48 16	 => 191
 26 16 48 45 22 34	 => 191
 28 34 22 44 52 11	 => 191
 54 11 52 33 10 31	 => 191
 48 30 19 21 27 45	 => 190
 22 45 27 24 29 44	 => 191
 52 44 29 20 12 33	 => 190


===================[TEST 3]===================
Elapsed time: 21.000000 seconds
Total loop: 156 generations

Result : 186.478332

6 2 48 51 44 38 8 14 45 40 4 50 32 19 3 21 54 12 27 41 13 26 35 31 15 28 10 33 43 23 30 37 42 20 53 52 1 17 5 36 49 34 16 46 29 24 11 9 22 39 7 47 18 25 

 6 2 48 51 44 38	 => 189
 8 38 44 14 45 40	 => 189
 4 40 45 50 32 19	 => 190
 48 3 21 54 12 51	 => 189
 44 51 12 27 41 14	 => 189
 45 14 41 13 26 50	 => 189
 32 50 26 35 31 15	 => 189
 21 28 10 33 43 54	 => 189
 12 54 43 23 30 27	 => 189
 41 27 30 37 42 13	 => 190
 26 13 42 20 53 35	 => 189
 31 35 53 52 1 17	 => 189
 43 33 5 36 49 23	 => 189
 30 23 49 34 16 37	 => 189
 42 37 16 46 29 20	 => 190
 53 20 29 24 11 52	 => 189
 49 36 9 22 39 34	 => 189
 16 34 39 7 47 46	 => 189
 29 46 47 18 25 24	 => 189


===================[TEST 4]===================
Elapsed time: 35.000000 seconds
Total loop: 260 generations

Result : 186.615842

18 2 36 42 53 37 10 5 44 40 17 54 15 19 11 51 45 4 47 38 25 23 48 46 3 20 8 32 33 31 29 22 28 24 41 39 9 6 7 52 34 43 30 50 35 49 1 21 14 26 13 27 12 16 

 18 2 36 42 53 37	 => 188
 10 37 53 5 44 40	 => 189
 17 40 44 54 15 19	 => 189
 36 11 51 45 4 42	 => 189
 53 42 4 47 38 5	 => 189
 44 5 38 25 23 54	 => 189
 15 54 23 48 46 3	 => 189
 51 20 8 32 33 45	 => 189
 4 45 33 31 29 47	 => 189
 38 47 29 22 28 25	 => 189
 23 25 28 24 41 48	 => 189
 46 48 41 39 9 6	 => 189
 33 32 7 52 34 31	 => 189
 29 31 34 43 30 22	 => 189
 28 22 30 50 35 24	 => 189
 41 24 35 49 1 39	 => 189
 34 52 21 14 26 43	 => 190
 30 43 26 13 27 50	 => 189
 35 50 27 12 16 49	 => 189


===================[TEST 5]===================
Elapsed time: 30.000000 seconds
Total loop: 214 generations

Result : 186.950803

15 1 38 48 39 49 5 11 51 36 23 29 43 9 2 37 45 20 27 46 32 21 54 35 8 7 17 33 52 16 30 31 25 19 40 47 4 10 6 34 50 42 22 41 53 28 3 14 26 24 18 44 12 13 

 15 1 38 48 39 49	 => 190
 5 49 39 11 51 36	 => 191
 23 36 51 29 43 9	 => 191
 38 2 37 45 20 48	 => 190
 39 48 20 27 46 11	 => 191
 51 11 46 32 21 29	 => 190
 43 29 21 54 35 8	 => 190
 37 7 17 33 52 45	 => 191
 20 45 52 16 30 27	 => 190
 46 27 30 31 25 32	 => 191
 21 32 25 19 40 54	 => 191
 35 54 40 47 4 10	 => 190
 52 33 6 34 50 16	 => 191
 30 16 50 42 22 31	 => 191
 25 31 22 41 53 19	 => 191
 40 19 53 28 3 47	 => 190
 50 34 14 26 24 42	 => 190
 22 42 24 18 44 41	 => 191
 53 41 44 12 13 28	 => 191


===================[TEST 6]===================
Elapsed time: 48.000000 seconds
Total loop: 352 generations

Result : 186.793632

17 3 38 40 43 49 13 8 47 30 24 36 35 18 10 34 48 20 46 33 45 21 53 32 12 23 9 39 37 14 25 29 11 19 41 42 15 7 5 50 44 52 26 51 54 28 6 1 16 27 2 31 4 22 

 17 3 38 40 43 49	 => 190
 13 49 43 8 47 30	 => 190
 24 30 47 36 35 18	 => 190
 38 10 34 48 20 40	 => 190
 43 40 20 46 33 8	 => 190
 47 8 33 45 21 36	 => 190
 35 36 21 53 32 12	 => 189
 34 23 9 39 37 48	 => 190
 20 48 37 14 25 46	 => 190
 33 46 25 29 11 45	 => 189
 21 45 11 19 41 53	 => 190
 32 53 41 42 15 7	 => 190
 37 39 5 50 44 14	 => 189
 25 14 44 52 26 29	 => 190
 11 29 26 51 54 19	 => 190
 41 19 54 28 6 42	 => 190
 44 50 1 16 27 52	 => 190
 26 52 27 2 31 51	 => 189
 54 51 31 4 22 28	 => 190


===================[TEST 7]===================
Elapsed time: 38.000000 seconds
Total loop: 278 generations

Result : 187.162543

5 22 33 54 47 28 6 21 53 35 24 39 37 2 13 26 46 18 38 12 45 20 34 44 16 1 23 51 42 10 36 27 32 19 40 43 25 4 8 29 50 52 15 49 48 31 9 11 7 41 3 30 17 14 

 5 22 33 54 47 28	 => 189
 6 28 47 21 53 35	 => 190
 24 35 53 39 37 2	 => 190
 33 13 26 46 18 54	 => 190
 47 54 18 38 12 21	 => 190
 53 21 12 45 20 39	 => 190
 37 39 20 34 44 16	 => 190
 26 1 23 51 42 46	 => 189
 18 46 42 10 36 38	 => 190
 12 38 36 27 32 45	 => 190
 20 45 32 19 40 34	 => 190
 44 34 40 43 25 4	 => 190
 42 51 8 29 50 10	 => 190
 36 10 50 52 15 27	 => 190
 32 27 15 49 48 19	 => 190
 40 19 48 31 9 43	 => 190
 50 29 11 7 41 52	 => 190
 15 52 41 3 30 49	 => 190
 48 49 30 17 14 31	 => 189


===================[TEST 8]===================
Elapsed time: 14.000000 seconds
Total loop: 105 generations

Result : 185.850075

14 15 46 29 37 47 12 21 43 28 8 24 54 31 5 39 53 16 35 50 18 32 34 41 4 17 23 30 26 33 25 19 42 13 49 44 9 11 3 45 51 38 22 52 40 36 6 20 7 27 1 48 10 2 

 14 15 46 29 37 47	 => 188
 12 47 37 21 43 28	 => 188
 8 28 43 24 54 31	 => 188
 46 5 39 53 16 29	 => 188
 37 29 16 35 50 21	 => 188
 43 21 50 18 32 24	 => 188
 54 24 32 34 41 4	 => 189
 39 17 23 30 26 53	 => 188
 16 53 26 33 25 35	 => 188
 50 35 25 19 42 18	 => 189
 32 18 42 13 49 34	 => 188
 41 34 49 44 9 11	 => 188
 26 30 3 45 51 33	 => 188
 25 33 51 38 22 19	 => 188
 42 19 22 52 40 13	 => 188
 49 13 40 36 6 44	 => 188
 51 45 20 7 27 38	 => 188
 22 38 27 1 48 52	 => 188
 40 52 48 10 2 36	 => 188


===================[TEST 9]===================
Elapsed time: 35.000000 seconds
Total loop: 256 generations

Result : 187.639549

23 2 41 33 54 37 15 6 52 26 8 36 40 28 4 51 38 22 32 43 29 24 44 39 7 13 18 20 50 17 31 21 34 11 48 42 1 16 9 45 49 47 25 46 53 30 5 3 19 27 10 35 12 14 

 23 2 41 33 54 37	 => 190
 15 37 54 6 52 26	 => 190
 8 26 52 36 40 28	 => 190
 41 4 51 38 22 33	 => 189
 54 33 22 32 43 6	 => 190
 52 6 43 29 24 36	 => 190
 40 36 24 44 39 7	 => 190
 51 13 18 20 50 38	 => 190
 22 38 50 17 31 32	 => 190
 43 32 31 21 34 29	 => 190
 24 29 34 11 48 44	 => 190
 39 44 48 42 1 16	 => 190
 50 20 9 45 49 17	 => 190
 31 17 49 47 25 21	 => 190
 34 21 25 46 53 11	 => 190
 48 11 53 30 5 42	 => 189
 49 45 3 19 27 47	 => 190
 25 47 27 10 35 46	 => 190
 53 46 35 12 14 30	 => 190


===================[TEST 10]===================
Elapsed time: 42.000000 seconds
Total loop: 308 generations

Result : 187.158373

22 11 44 40 30 43 4 25 37 51 13 47 33 9 15 35 42 14 52 29 32 20 45 38 7 5 18 36 54 10 19 31 27 16 50 34 6 17 1 39 49 53 28 48 41 46 3 2 21 26 12 23 24 8 

 22 11 44 40 30 43	 => 190
 4 43 30 25 37 51	 => 190
 13 51 37 47 33 9	 => 190
 44 15 35 42 14 40	 => 190
 30 40 14 52 29 25	 => 190
 37 25 29 32 20 47	 => 190
 33 47 20 45 38 7	 => 190
 35 5 18 36 54 42	 => 190
 14 42 54 10 19 52	 => 191
 29 52 19 31 27 32	 => 190
 20 32 27 16 50 45	 => 190
 38 45 50 34 6 17	 => 190
 54 36 1 39 49 10	 => 189
 19 10 49 53 28 31	 => 190
 27 31 28 48 41 16	 => 191
 50 16 41 46 3 34	 => 190
 49 39 2 21 26 53	 => 190
 28 53 26 12 23 48	 => 190
 41 48 23 24 8 46	 => 190


===================[TEST 11]===================
Elapsed time: 42.000000 seconds
Total loop: 308 generations

Result : 187.306478

15 20 41 45 46 22 18 24 44 35 26 47 32 4 3 36 50 14 37 23 38 13 39 52 6 2 8 42 51 9 28 33 30 40 29 34 16 19 11 27 49 53 17 21 48 31 7 12 5 43 1 54 25 10 

 15 20 41 45 46 22	 => 189
 18 22 46 24 44 35	 => 189
 26 35 44 47 32 4	 => 188
 41 3 36 50 14 45	 => 189
 46 45 14 37 23 24	 => 189
 44 24 23 38 13 47	 => 189
 32 47 13 39 52 6	 => 189
 36 2 8 42 51 50	 => 189
 14 50 51 9 28 37	 => 189
 23 37 28 33 30 38	 => 189
 13 38 30 40 29 39	 => 189
 52 39 29 34 16 19	 => 189
 51 42 11 27 49 9	 => 189
 28 9 49 53 17 33	 => 189
 30 33 17 21 48 40	 => 189
 29 40 48 31 7 34	 => 189
 49 27 12 5 43 53	 => 189
 17 53 43 1 54 21	 => 189
 48 21 54 25 10 31	 => 189


===================[TEST 12]===================
Elapsed time: 50.000000 seconds
Total loop: 362 generations

Result : 187.639549

25 9 33 48 53 22 13 19 39 44 20 54 26 7 4 42 45 18 23 29 28 21 36 47 5 11 16 24 52 17 35 34 40 14 51 41 3 12 2 49 46 31 27 43 32 37 15 8 6 50 1 38 10 30 

 25 9 33 48 53 22	 => 190
 13 22 53 19 39 44	 => 190
 20 44 39 54 26 7	 => 190
 33 4 42 45 18 48	 => 190
 53 48 18 23 29 19	 => 190
 39 19 29 28 21 54	 => 190
 26 54 21 36 47 5	 => 189
 42 11 16 24 52 45	 => 190
 18 45 52 17 35 23	 => 190
 29 23 35 34 40 28	 => 189
 21 28 40 14 51 36	 => 190
 47 36 51 41 3 12	 => 190
 52 24 2 49 46 17	 => 190
 35 17 46 31 27 34	 => 190
 40 34 27 43 32 14	 => 190
 51 14 32 37 15 41	 => 190
 46 49 8 6 50 31	 => 190
 27 31 50 1 38 43	 => 190
 32 43 38 10 30 37	 => 190


===================[TEST 13]===================
Elapsed time: 41.000000 seconds
Total loop: 295 generations

Result : 186.500963

5 14 39 53 47 32 10 25 41 35 26 50 37 1 9 24 52 13 23 29 38 6 54 31 11 3 21 46 44 18 40 43 16 27 49 34 20 2 7 42 33 48 8 51 45 30 4 17 22 28 19 36 15 12 

 5 14 39 53 47 32	 => 190
 10 32 47 25 41 35	 => 190
 26 35 41 50 37 1	 => 190
 39 9 24 52 13 53	 => 190
 47 53 13 23 29 25	 => 190
 41 25 29 38 6 50	 => 189
 37 50 6 54 31 11	 => 189
 24 3 21 46 44 52	 => 190
 13 52 44 18 40 23	 => 190
 29 23 40 43 16 38	 => 189
 6 38 16 27 49 54	 => 190
 31 54 49 34 20 2	 => 190
 44 46 7 42 33 18	 => 190
 40 18 33 48 8 43	 => 190
 16 43 8 51 45 27	 => 190
 49 27 45 30 4 34	 => 189
 33 42 17 22 28 48	 => 190
 8 48 28 19 36 51	 => 190
 45 51 36 15 12 30	 => 189


===================[TEST 14]===================
Elapsed time: 42.000000 seconds
Total loop: 307 generations

Result : 187.478332

16 18 30 52 48 27 22 20 42 31 12 50 40 15 3 33 46 26 25 19 38 21 32 45 2 6 23 35 47 17 29 28 51 7 41 37 24 11 4 34 53 49 14 36 54 43 9 10 1 44 8 39 5 13 

 16 18 30 52 48 27	 => 191
 22 27 48 20 42 31	 => 190
 12 31 42 50 40 15	 => 190
 30 3 33 46 26 52	 => 190
 48 52 26 25 19 20	 => 190
 42 20 19 38 21 50	 => 190
 40 50 21 32 45 2	 => 190
 33 6 23 35 47 46	 => 190
 26 46 47 17 29 25	 => 190
 19 25 29 28 51 38	 => 190
 21 38 51 7 41 32	 => 190
 45 32 41 37 24 11	 => 190
 47 35 4 34 53 17	 => 190
 29 17 53 49 14 28	 => 190
 51 28 14 36 54 7	 => 190
 41 7 54 43 9 37	 => 191
 53 34 10 1 44 49	 => 191
 14 49 44 8 39 36	 => 190
 54 36 39 5 13 43	 => 190


===================[TEST 15]===================
Elapsed time: 16.000000 seconds
Total loop: 121 generations

Result : 184.900004

18 9 53 30 45 33 5 6 48 51 8 39 32 10 4 27 54 20 47 40 37 19 49 36 14 16 17 41 34 26 7 46 12 21 50 28 1 24 2 42 44 43 22 52 35 29 25 15 13 31 3 38 11 23 

 18 9 53 30 45 33	 => 188
 5 33 45 6 48 51	 => 188
 8 51 48 39 32 10	 => 188
 53 4 27 54 20 30	 => 188
 45 30 20 47 40 6	 => 188
 48 6 40 37 19 39	 => 189
 32 39 19 49 36 14	 => 189
 27 16 17 41 34 54	 => 189
 20 54 34 26 7 47	 => 188
 40 47 7 46 12 37	 => 189
 19 37 12 21 50 49	 => 188
 36 49 50 28 1 24	 => 188
 34 41 2 42 44 26	 => 189
 7 26 44 43 22 46	 => 188
 12 46 22 52 35 21	 => 188
 50 21 35 29 25 28	 => 188
 44 42 15 13 31 43	 => 188
 22 43 31 3 38 52	 => 189
 35 52 38 11 23 29	 => 188


===================[TEST 16]===================
Elapsed time: 48.000000 seconds
Total loop: 353 generations

Result : 188.411741

12 1 39 53 37 48 8 16 54 27 10 47 34 18 2 42 41 13 38 33 21 19 49 26 15 23 4 28 52 14 32 31 35 22 44 40 7 24 17 29 50 43 20 46 36 45 3 6 11 51 5 25 9 30 

 12 1 39 53 37 48	 => 190
 8 48 37 16 54 27	 => 190
 10 27 54 47 34 18	 => 190
 39 2 42 41 13 53	 => 190
 37 53 13 38 33 16	 => 190
 54 16 33 21 19 47	 => 190
 34 47 19 49 26 15	 => 190
 42 23 4 28 52 41	 => 190
 13 41 52 14 32 38	 => 190
 33 38 32 31 35 21	 => 190
 19 21 35 22 44 49	 => 190
 26 49 44 40 7 24	 => 190
 52 28 17 29 50 14	 => 190
 32 14 50 43 20 31	 => 190
 35 31 20 46 36 22	 => 190
 44 22 36 45 3 40	 => 190
 50 29 6 11 51 43	 => 190
 20 43 51 5 25 46	 => 190
 36 46 25 9 30 45	 => 191


===================[TEST 17]===================
Elapsed time: 52.000000 seconds
Total loop: 374 generations

Result (Solution) : 189.000000

10 24 21 54 44 36 12 6 49 42 1 52 28 17 14 30 51 19 37 29 31 22 45 34 8 7 5 43 53 11 18 41 33 23 35 50 9 16 15 20 47 46 26 27 39 40 2 13 25 38 4 48 32 3 

 10 24 21 54 44 36	 => 189
 12 36 44 6 49 42	 => 189
 1 42 49 52 28 17	 => 189
 21 14 30 51 19 54	 => 189
 44 54 19 37 29 6	 => 189
 49 6 29 31 22 52	 => 189
 28 52 22 45 34 8	 => 189
 30 7 5 43 53 51	 => 189
 19 51 53 11 18 37	 => 189
 29 37 18 41 33 31	 => 189
 22 31 33 23 35 45	 => 189
 34 45 35 50 9 16	 => 189
 53 43 15 20 47 11	 => 189
 18 11 47 46 26 41	 => 189
 33 41 26 27 39 23	 => 189
 35 23 39 40 2 50	 => 189
 47 20 13 25 38 46	 => 189
 26 46 38 4 48 27	 => 189
 39 27 48 32 3 40	 => 189


===================[TEST 18]===================
Elapsed time: 35.000000 seconds
Total loop: 262 generations

Result : 187.411741

15 7 42 54 47 24 14 33 34 37 5 53 48 12 3 31 49 10 32 13 36 20 35 29 4 1 25 43 40 17 41 23 44 8 46 50 11 18 9 28 52 30 26 51 38 45 2 19 21 39 16 27 6 22 

 15 7 42 54 47 24	 => 189
 14 24 47 33 34 37	 => 189
 5 37 34 53 48 12	 => 189
 42 3 31 49 10 54	 => 189
 47 54 10 32 13 33	 => 189
 34 33 13 36 20 53	 => 189
 48 53 20 35 29 4	 => 189
 31 1 25 43 40 49	 => 189
 10 49 40 17 41 32	 => 189
 13 32 41 23 44 36	 => 189
 20 36 44 8 46 35	 => 189
 29 35 46 50 11 18	 => 189
 40 43 9 28 52 17	 => 189
 41 17 52 30 26 23	 => 189
 44 23 26 51 38 8	 => 190
 46 8 38 45 2 50	 => 189
 52 28 19 21 39 30	 => 189
 26 30 39 16 27 51	 => 189
 38 51 27 6 22 45	 => 189


===================[TEST 19]===================
Elapsed time: 20.000000 seconds
Total loop: 145 generations

Result : 185.500963

17 29 15 49 44 35 20 12 48 30 1 52 37 21 10 43 47 24 28 32 38 7 53 27 13 11 6 31 51 2 36 33 22 18 50 26 19 14 5 54 45 39 34 40 41 46 8 23 3 25 9 42 4 16 

 17 29 15 49 44 35	 => 189
 20 35 44 12 48 30	 => 189
 1 30 48 52 37 21	 => 189
 15 10 43 47 24 49	 => 188
 44 49 24 28 32 12	 => 189
 48 12 32 38 7 52	 => 189
 37 52 7 53 27 13	 => 189
 43 11 6 31 51 47	 => 189
 24 47 51 2 36 28	 => 188
 32 28 36 33 22 38	 => 189
 7 38 22 18 50 53	 => 188
 27 53 50 26 19 14	 => 189
 51 31 5 54 45 2	 => 188
 36 2 45 39 34 33	 => 189
 22 33 34 40 41 18	 => 188
 50 18 41 46 8 26	 => 189
 45 54 23 3 25 39	 => 189
 34 39 25 9 42 40	 => 189
 41 40 42 4 16 46	 => 189


===================[TEST 20]===================
Elapsed time: 898.000000 seconds
Total loop: 6605 generations

Result : 188.411741

4 27 40 39 50 30 2 21 41 46 8 52 36 7 5 54 37 15 33 32 20 24 38 31 9 1 17 28 53 18 34 29 42 19 47 51 13 10 3 43 45 48 16 49 35 26 12 25 6 23 11 44 14 22 

 4 27 40 39 50 30	 => 190
 2 30 50 21 41 46	 => 190
 8 46 41 52 36 7	 => 190
 40 5 54 37 15 39	 => 190
 50 39 15 33 32 21	 => 190
 41 21 32 20 24 52	 => 190
 36 52 24 38 31 9	 => 190
 54 1 17 28 53 37	 => 190
 15 37 53 18 34 33	 => 190
 32 33 34 29 42 20	 => 190
 24 20 42 19 47 38	 => 190
 31 38 47 51 13 10	 => 190
 53 28 3 43 45 18	 => 190
 34 18 45 48 16 29	 => 190
 42 29 16 49 35 19	 => 190
 47 19 35 26 12 51	 => 190
 45 43 25 6 23 48	 => 190
 16 48 23 11 44 49	 => 191
 35 49 44 14 22 26	 => 190


===================[TEST 21]===================
Elapsed time: 17.000000 seconds
Total loop: 126 generations

Result : 185.158373

14 15 54 33 44 28 5 29 47 35 22 25 51 8 13 31 46 11 32 40 26 21 36 49 6 12 9 48 42 16 41 19 30 38 37 45 1 20 4 27 52 43 17 34 50 10 7 3 24 39 2 53 23 18 

 14 15 54 33 44 28	 => 188
 5 28 44 29 47 35	 => 188
 22 35 47 25 51 8	 => 188
 54 13 31 46 11 33	 => 188
 44 33 11 32 40 29	 => 189
 47 29 40 26 21 25	 => 188
 51 25 21 36 49 6	 => 188
 31 12 9 48 42 46	 => 188
 11 46 42 16 41 32	 => 188
 40 32 41 19 30 26	 => 188
 21 26 30 38 37 36	 => 188
 49 36 37 45 1 20	 => 188
 42 48 4 27 52 16	 => 189
 41 16 52 43 17 19	 => 188
 30 19 17 34 50 38	 => 188
 37 38 50 10 7 45	 => 187
 52 27 3 24 39 43	 => 188
 17 43 39 2 53 34	 => 188
 50 34 53 23 18 10	 => 188


===================[TEST 22]===================
Elapsed time: 33.000000 seconds
Total loop: 243 generations

Result : 187.027279

21 6 38 51 44 30 8 25 40 43 11 47 31 18 3 32 54 12 23 35 37 7 53 39 13 19 5 28 52 17 33 20 42 24 27 41 26 4 1 45 48 50 22 34 49 36 14 16 2 29 9 46 10 15 

 21 6 38 51 44 30	 => 190
 8 30 44 25 40 43	 => 190
 11 43 40 47 31 18	 => 190
 38 3 32 54 12 51	 => 190
 44 51 12 23 35 25	 => 190
 40 25 35 37 7 47	 => 191
 31 47 7 53 39 13	 => 190
 32 19 5 28 52 54	 => 190
 12 54 52 17 33 23	 => 191
 35 23 33 20 42 37	 => 190
 7 37 42 24 27 53	 => 190
 39 53 27 41 26 4	 => 190
 52 28 1 45 48 17	 => 191
 33 17 48 50 22 20	 => 190
 42 20 22 34 49 24	 => 191
 27 24 49 36 14 41	 => 191
 48 45 16 2 29 50	 => 190
 22 50 29 9 46 34	 => 190
 49 34 46 10 15 36	 => 190


===================[TEST 23]===================
Elapsed time: 21.000000 seconds
Total loop: 156 generations

Result : 186.162543

17 14 46 40 42 29 4 30 35 49 5 52 23 25 1 22 47 33 24 20 31 21 50 37 6 12 18 39 51 2 32 48 34 8 45 41 3 13 7 54 36 43 28 44 27 53 15 11 19 26 9 38 10 16 

 17 14 46 40 42 29	 => 188
 4 29 42 30 35 49	 => 189
 5 49 35 52 23 25	 => 189
 46 1 22 47 33 40	 => 189
 42 40 33 24 20 30	 => 189
 35 30 20 31 21 52	 => 189
 23 52 21 50 37 6	 => 189
 22 12 18 39 51 47	 => 189
 33 47 51 2 32 24	 => 189
 20 24 32 48 34 31	 => 189
 21 31 34 8 45 50	 => 189
 37 50 45 41 3 13	 => 189
 51 39 7 54 36 2	 => 189
 32 2 36 43 28 48	 => 189
 34 48 28 44 27 8	 => 189
 45 8 27 53 15 41	 => 189
 36 54 11 19 26 43	 => 189
 28 43 26 9 38 44	 => 188
 27 44 38 10 16 53	 => 188


===================[TEST 24]===================
Elapsed time: 38.000000 seconds
Total loop: 275 generations

Result : 187.306478

15 10 43 38 52 31 5 26 47 28 19 34 49 12 14 37 50 7 25 41 32 9 54 20 23 1 17 39 45 22 40 16 35 13 46 33 30 6 11 24 48 42 21 51 53 36 8 2 29 44 3 27 18 4 

 15 10 43 38 52 31	 => 189
 5 31 52 26 47 28	 => 189
 19 28 47 34 49 12	 => 189
 43 14 37 50 7 38	 => 189
 52 38 7 25 41 26	 => 189
 47 26 41 32 9 34	 => 189
 49 34 9 54 20 23	 => 189
 37 1 17 39 45 50	 => 189
 7 50 45 22 40 25	 => 189
 41 25 40 16 35 32	 => 189
 9 32 35 13 46 54	 => 189
 20 54 46 33 30 6	 => 189
 45 39 11 24 48 22	 => 189
 40 22 48 42 21 16	 => 189
 35 16 21 51 53 13	 => 189
 46 13 53 36 8 33	 => 189
 48 24 2 29 44 42	 => 189
 21 42 44 3 27 51	 => 188
 53 51 27 18 4 36	 => 189


===================[TEST 25]===================
Elapsed time: 29.000000 seconds
Total loop: 214 generations

Result : 187.411741

16 9 36 43 48 37 5 25 20 54 23 53 26 13 1 39 52 18 33 22 45 24 51 27 8 2 10 41 46 12 28 29 32 3 34 47 11 19 4 44 42 38 40 35 50 49 6 14 21 30 15 31 17 7 

 16 9 36 43 48 37	 => 189
 5 37 48 25 20 54	 => 189
 23 54 20 53 26 13	 => 189
 36 1 39 52 18 43	 => 189
 48 43 18 33 22 25	 => 189
 20 25 22 45 24 53	 => 189
 26 53 24 51 27 8	 => 189
 39 2 10 41 46 52	 => 190
 18 52 46 12 28 33	 => 189
 22 33 28 29 32 45	 => 189
 24 45 32 3 34 51	 => 189
 27 51 34 47 11 19	 => 189
 46 41 4 44 42 12	 => 189
 28 12 42 38 40 29	 => 189
 32 29 40 35 50 3	 => 189
 34 3 50 49 6 47	 => 189
 42 44 14 21 30 38	 => 189
 40 38 30 15 31 35	 => 189
 50 35 31 17 7 49	 => 189


===================[TEST 26]===================
Elapsed time: 74.000000 seconds
Total loop: 543 generations

Result : 186.950803

12 25 30 38 50 35 9 16 51 29 20 46 44 1 5 43 53 22 33 31 24 23 34 42 2 4 14 40 37 7 39 28 36 19 54 26 21 13 10 45 52 47 18 41 48 27 17 8 6 32 3 49 15 11 

 12 25 30 38 50 35	 => 190
 9 35 50 16 51 29	 => 190
 20 29 51 46 44 1	 => 191
 30 5 43 53 22 38	 => 191
 50 38 22 33 31 16	 => 190
 51 16 31 24 23 46	 => 191
 44 46 23 34 42 2	 => 191
 43 4 14 40 37 53	 => 191
 22 53 37 7 39 33	 => 191
 31 33 39 28 36 24	 => 191
 23 24 36 19 54 34	 => 190
 42 34 54 26 21 13	 => 190
 37 40 10 45 52 7	 => 191
 39 7 52 47 18 28	 => 191
 36 28 18 41 48 19	 => 190
 54 19 48 27 17 26	 => 191
 52 45 8 6 32 47	 => 190
 18 47 32 3 49 41	 => 190
 48 41 49 15 11 27	 => 191


===================[TEST 27]===================
Elapsed time: 32.000000 seconds
Total loop: 234 generations

Result : 186.950803

16 7 45 44 54 24 1 12 46 53 5 52 26 9 14 32 43 13 35 33 29 18 42 49 4 21 8 39 48 15 36 28 30 25 47 27 3 22 17 31 41 51 20 37 50 40 2 23 6 38 10 34 19 11 

 16 7 45 44 54 24	 => 190
 1 24 54 12 46 53	 => 190
 5 53 46 52 26 9	 => 191
 45 14 32 43 13 44	 => 191
 54 44 13 35 33 12	 => 191
 46 12 33 29 18 52	 => 190
 26 52 18 42 49 4	 => 191
 32 21 8 39 48 43	 => 191
 13 43 48 15 36 35	 => 190
 33 35 36 28 30 29	 => 191
 18 29 30 25 47 42	 => 191
 49 42 47 27 3 22	 => 190
 48 39 17 31 41 15	 => 191
 36 15 41 51 20 28	 => 191
 30 28 20 37 50 25	 => 190
 47 25 50 40 2 27	 => 191
 41 31 23 6 38 51	 => 190
 20 51 38 10 34 37	 => 190
 50 37 34 19 11 40	 => 191


===================[TEST 28]===================
Elapsed time: 19.000000 seconds
Total loop: 132 generations

Result : 184.960730

9 40 14 54 29 43 22 17 50 28 12 49 48 2 20 32 52 18 33 38 30 5 51 35 1 19 13 36 37 21 27 34 26 24 53 41 6 3 10 39 45 47 15 46 44 23 4 16 11 31 7 42 25 8 

 9 40 14 54 29 43	 => 189
 22 43 29 17 50 28	 => 189
 12 28 50 49 48 2	 => 189
 14 20 32 52 18 54	 => 190
 29 54 18 33 38 17	 => 189
 50 17 38 30 5 49	 => 189
 48 49 5 51 35 1	 => 189
 32 19 13 36 37 52	 => 189
 18 52 37 21 27 33	 => 188
 38 33 27 34 26 30	 => 188
 5 30 26 24 53 51	 => 189
 35 51 53 41 6 3	 => 189
 37 36 10 39 45 21	 => 188
 27 21 45 47 15 34	 => 189
 26 34 15 46 44 24	 => 189
 53 24 44 23 4 41	 => 189
 45 39 16 11 31 47	 => 189
 15 47 31 7 42 46	 => 188
 44 46 42 25 8 23	 => 188


===================[TEST 29]===================
Elapsed time: 26.000000 seconds
Total loop: 193 generations

Result : 186.639549

21 15 27 44 50 32 12 8 48 39 9 53 35 5 2 41 52 23 34 30 37 13 54 28 6 3 10 47 36 19 24 46 18 25 42 14 29 22 16 40 31 51 17 38 45 43 20 7 11 49 1 33 4 26 

 21 15 27 44 50 32	 => 189
 12 32 50 8 48 39	 => 189
 9 39 48 53 35 5	 => 189
 27 2 41 52 23 44	 => 189
 50 44 23 34 30 8	 => 189
 48 8 30 37 13 53	 => 189
 35 53 13 54 28 6	 => 189
 41 3 10 47 36 52	 => 189
 23 52 36 19 24 34	 => 188
 30 34 24 46 18 37	 => 189
 13 37 18 25 42 54	 => 189
 28 54 42 14 29 22	 => 189
 36 47 16 40 31 19	 => 189
 24 19 31 51 17 46	 => 188
 18 46 17 38 45 25	 => 189
 42 25 45 43 20 14	 => 189
 31 40 7 11 49 51	 => 189
 17 51 49 1 33 38	 => 189
 45 38 33 4 26 43	 => 189


===================[TEST 30]===================
Elapsed time: 50.000000 seconds
Total loop: 364 generations

Result : 187.639549

8 4 46 47 45 40 6 30 43 26 1 49 52 19 10 27 48 12 36 20 37 11 44 29 5 22 7 32 54 9 31 38 28 17 53 35 16 13 2 42 50 41 21 51 34 33 18 15 3 39 14 24 23 25 

 8 4 46 47 45 40	 => 190
 6 40 45 30 43 26	 => 190
 1 26 43 49 52 19	 => 190
 46 10 27 48 12 47	 => 190
 45 47 12 36 20 30	 => 190
 43 30 20 37 11 49	 => 190
 52 49 11 44 29 5	 => 190
 27 22 7 32 54 48	 => 190
 12 48 54 9 31 36	 => 190
 20 36 31 38 28 37	 => 190
 11 37 28 17 53 44	 => 190
 29 44 53 35 16 13	 => 190
 54 32 2 42 50 9	 => 189
 31 9 50 41 21 38	 => 190
 28 38 21 51 34 17	 => 189
 53 17 34 33 18 35	 => 190
 50 42 15 3 39 41	 => 190
 21 41 39 14 24 51	 => 190
 34 51 24 23 25 33	 => 190


===================[TEST 31]===================
Elapsed time: 33.000000 seconds
Total loop: 242 generations

Result : 187.162543

9 23 45 49 31 33 16 18 47 44 1 48 38 12 2 19 53 22 28 42 20 15 54 27 8 3 26 37 51 6 30 34 36 14 50 35 17 7 5 39 52 43 25 40 41 46 4 13 11 32 21 29 24 10 

 9 23 45 49 31 33	 => 190
 16 33 31 18 47 44	 => 189
 1 44 47 48 38 12	 => 190
 45 2 19 53 22 49	 => 190
 31 49 22 28 42 18	 => 190
 47 18 42 20 15 48	 => 190
 38 48 15 54 27 8	 => 190
 19 3 26 37 51 53	 => 189
 22 53 51 6 30 28	 => 190
 42 28 30 34 36 20	 => 190
 15 20 36 14 50 54	 => 189
 27 54 50 35 17 7	 => 190
 51 37 5 39 52 6	 => 190
 30 6 52 43 25 34	 => 190
 36 34 25 40 41 14	 => 190
 50 14 41 46 4 35	 => 190
 52 39 13 11 32 43	 => 190
 25 43 32 21 29 40	 => 190
 41 40 29 24 10 46	 => 190


===================[TEST 32]===================
Elapsed time: 24.000000 seconds
Total loop: 179 generations

Result : 187.639549

1 14 37 53 50 35 3 28 32 42 12 43 45 16 5 41 47 6 27 26 40 21 25 52 4 11 9 38 44 30 36 22 39 17 48 34 23 8 2 29 46 49 7 51 54 24 13 15 20 31 19 33 18 10 

 1 14 37 53 50 35	 => 190
 3 35 50 28 32 42	 => 190
 12 42 32 43 45 16	 => 190
 37 5 41 47 6 53	 => 189
 50 53 6 27 26 28	 => 190
 32 28 26 40 21 43	 => 190
 45 43 21 25 52 4	 => 190
 41 11 9 38 44 47	 => 190
 6 47 44 30 36 27	 => 190
 26 27 36 22 39 40	 => 190
 21 40 39 17 48 25	 => 190
 52 25 48 34 23 8	 => 190
 44 38 2 29 46 30	 => 189
 36 30 46 49 7 22	 => 190
 39 22 7 51 54 17	 => 190
 48 17 54 24 13 34	 => 190
 46 29 15 20 31 49	 => 190
 7 49 31 19 33 51	 => 190
 54 51 33 18 10 24	 => 190


===================[TEST 33]===================
Elapsed time: 65.000000 seconds
Total loop: 476 generations

Result : 187.086851

12 8 40 43 52 36 6 16 50 31 20 47 32 10 1 39 45 22 25 33 34 11 49 46 5 9 21 24 53 19 27 30 41 14 42 44 3 7 15 26 54 38 23 48 35 37 18 17 4 51 2 29 13 28 

 12 8 40 43 52 36	 => 191
 6 36 52 16 50 31	 => 191
 20 31 50 47 32 10	 => 190
 40 1 39 45 22 43	 => 190
 52 43 22 25 33 16	 => 191
 50 16 33 34 11 47	 => 191
 32 47 11 49 46 5	 => 190
 39 9 21 24 53 45	 => 191
 22 45 53 19 27 25	 => 191
 33 25 27 30 41 34	 => 190
 11 34 41 14 42 49	 => 191
 46 49 42 44 3 7	 => 191
 53 24 15 26 54 19	 => 191
 27 19 54 38 23 30	 => 191
 41 30 23 48 35 14	 => 191
 42 14 35 37 18 44	 => 190
 54 26 17 4 51 38	 => 190
 23 38 51 2 29 48	 => 191
 35 48 29 13 28 37	 => 190


===================[TEST 34]===================
Elapsed time: 20.000000 seconds
Total loop: 146 generations

Result : 188.411741

9 26 33 41 53 28 4 23 47 35 5 40 43 20 13 39 50 14 29 30 38 12 46 31 18 16 1 32 52 21 24 42 27 19 48 36 22 7 2 49 34 54 15 51 37 44 6 11 25 17 8 45 3 10 

 9 26 33 41 53 28	 => 190
 4 28 53 23 47 35	 => 190
 5 35 47 40 43 20	 => 190
 33 13 39 50 14 41	 => 190
 53 41 14 29 30 23	 => 190
 47 23 30 38 12 40	 => 190
 43 40 12 46 31 18	 => 190
 39 16 1 32 52 50	 => 190
 14 50 52 21 24 29	 => 190
 30 29 24 42 27 38	 => 190
 12 38 27 19 48 46	 => 190
 31 46 48 36 22 7	 => 190
 52 32 2 49 34 21	 => 190
 24 21 34 54 15 42	 => 190
 27 42 15 51 37 19	 => 191
 48 19 37 44 6 36	 => 190
 34 49 11 25 17 54	 => 190
 15 54 17 8 45 51	 => 190
 37 51 45 3 10 44	 => 190


===================[TEST 35]===================
Elapsed time: 38.000000 seconds
Total loop: 276 generations

Result : 187.411741

12 10 51 48 54 14 20 21 49 31 22 46 39 2 11 30 42 7 40 19 26 28 36 35 5 8 27 32 50 16 34 29 41 6 52 24 25 17 1 47 44 43 23 37 53 45 9 18 4 33 15 38 13 3 

 12 10 51 48 54 14	 => 189
 20 14 54 21 49 31	 => 189
 22 31 49 46 39 2	 => 189
 51 11 30 42 7 48	 => 189
 54 48 7 40 19 21	 => 189
 49 21 19 26 28 46	 => 189
 39 46 28 36 35 5	 => 189
 30 8 27 32 50 42	 => 189
 7 42 50 16 34 40	 => 189
 19 40 34 29 41 26	 => 189
 28 26 41 6 52 36	 => 189
 35 36 52 24 25 17	 => 189
 50 32 1 47 44 16	 => 190
 34 16 44 43 23 29	 => 189
 41 29 23 37 53 6	 => 189
 52 6 53 45 9 24	 => 189
 44 47 18 4 33 43	 => 189
 23 43 33 15 38 37	 => 189
 53 37 38 13 3 45	 => 189


===================[TEST 36]===================
Elapsed time: 47.000000 seconds
Total loop: 348 generations

Result : 186.823693

3 11 40 36 52 48 1 8 54 28 16 44 39 9 6 53 33 22 42 30 35 19 49 25 15 7 14 46 38 26 29 31 24 20 43 34 21 18 2 41 37 50 17 47 51 32 10 23 13 27 5 45 12 4 

 3 11 40 36 52 48	 => 190
 1 48 52 8 54 28	 => 191
 16 28 54 44 39 9	 => 190
 40 6 53 33 22 36	 => 190
 52 36 22 42 30 8	 => 190
 54 8 30 35 19 44	 => 190
 39 44 19 49 25 15	 => 191
 53 7 14 46 38 33	 => 191
 22 33 38 26 29 42	 => 190
 30 42 29 31 24 35	 => 191
 19 35 24 20 43 49	 => 190
 25 49 43 34 21 18	 => 190
 38 46 2 41 37 26	 => 190
 29 26 37 50 17 31	 => 190
 24 31 17 47 51 20	 => 190
 43 20 51 32 10 34	 => 190
 37 41 23 13 27 50	 => 191
 17 50 27 5 45 47	 => 191
 51 47 45 12 4 32	 => 191


===================[TEST 37]===================
Elapsed time: 31.000000 seconds
Total loop: 221 generations

Result : 186.478332

12 7 49 51 26 44 2 36 54 27 15 24 53 16 8 32 28 21 33 22 23 30 40 37 5 14 17 47 52 10 45 31 35 19 43 46 3 20 4 34 42 48 13 50 41 29 11 18 9 38 1 39 6 25 

 12 7 49 51 26 44	 => 189
 2 44 26 36 54 27	 => 189
 15 27 54 24 53 16	 => 189
 49 8 32 28 21 51	 => 189
 26 51 21 33 22 36	 => 189
 54 36 22 23 30 24	 => 189
 53 24 30 40 37 5	 => 189
 32 14 17 47 52 28	 => 190
 21 28 52 10 45 33	 => 189
 22 33 45 31 35 23	 => 189
 30 23 35 19 43 40	 => 190
 37 40 43 46 3 20	 => 189
 52 47 4 34 42 10	 => 189
 45 10 42 48 13 31	 => 189
 35 31 13 50 41 19	 => 189
 43 19 41 29 11 46	 => 189
 42 34 18 9 38 48	 => 189
 13 48 38 1 39 50	 => 189
 41 50 39 6 25 29	 => 190


===================[TEST 38]===================
Elapsed time: 30.000000 seconds
Total loop: 220 generations

Result : 186.255426

23 1 40 51 37 38 3 30 29 52 2 46 50 11 4 26 42 27 21 25 45 15 41 28 10 12 13 44 53 22 24 43 32 9 48 39 16 18 5 31 35 49 17 34 54 33 6 20 8 47 7 36 19 14 

 23 1 40 51 37 38	 => 190
 3 38 37 30 29 52	 => 189
 2 52 29 46 50 11	 => 190
 40 4 26 42 27 51	 => 190
 37 51 27 21 25 30	 => 191
 29 30 25 45 15 46	 => 190
 50 46 15 41 28 10	 => 190
 26 12 13 44 53 42	 => 190
 27 42 53 22 24 21	 => 189
 25 21 24 43 32 45	 => 190
 15 45 32 9 48 41	 => 190
 28 41 48 39 16 18	 => 190
 53 44 5 31 35 22	 => 190
 24 22 35 49 17 43	 => 190
 32 43 17 34 54 9	 => 189
 48 9 54 33 6 39	 => 189
 35 31 20 8 47 49	 => 190
 17 49 47 7 36 34	 => 190
 54 34 36 19 14 33	 => 190


===================[TEST 39]===================
Elapsed time: 29.000000 seconds
Total loop: 213 generations

Result : 187.306478

18 14 33 47 27 49 6 15 39 53 5 45 37 10 11 17 52 29 21 50 28 12 48 43 4 20 2 54 44 9 34 32 24 26 51 36 3 8 13 23 46 38 30 42 35 40 1 16 25 41 7 31 19 22 

 18 14 33 47 27 49	 => 188
 6 49 27 15 39 53	 => 189
 5 53 39 45 37 10	 => 189
 33 11 17 52 29 47	 => 189
 27 47 29 21 50 15	 => 189
 39 15 50 28 12 45	 => 189
 37 45 12 48 43 4	 => 189
 17 20 2 54 44 52	 => 189
 29 52 44 9 34 21	 => 189
 50 21 34 32 24 28	 => 189
 12 28 24 26 51 48	 => 189
 43 48 51 36 3 8	 => 189
 44 54 13 23 46 9	 => 189
 34 9 46 38 30 32	 => 189
 24 32 30 42 35 26	 => 189
 51 26 35 40 1 36	 => 189
 46 23 16 25 41 38	 => 189
 30 38 41 7 31 42	 => 189
 35 42 31 19 22 40	 => 189


===================[TEST 40]===================
Elapsed time: 47.000000 seconds
Total loop: 347 generations

Result : 187.268425

6 21 35 33 54 41 1 20 36 39 14 53 31 17 2 44 50 26 30 28 42 12 48 24 23 5 7 40 45 15 25 37 29 9 51 38 8 22 11 32 47 49 18 52 46 43 3 13 16 34 10 27 19 4 

 6 21 35 33 54 41	 => 190
 1 41 54 20 36 39	 => 191
 14 39 36 53 31 17	 => 190
 35 2 44 50 26 33	 => 190
 54 33 26 30 28 20	 => 191
 36 20 28 42 12 53	 => 191
 31 53 12 48 24 23	 => 191
 44 5 7 40 45 50	 => 191
 26 50 45 15 25 30	 => 191
 28 30 25 37 29 42	 => 191
 12 42 29 9 51 48	 => 191
 24 48 51 38 8 22	 => 191
 45 40 11 32 47 15	 => 190
 25 15 47 49 18 37	 => 191
 29 37 18 52 46 9	 => 191
 51 9 46 43 3 38	 => 190
 47 32 13 16 34 49	 => 191
 18 49 34 10 27 52	 => 190
 46 52 27 19 4 43	 => 191


===================[TEST 41]===================
Elapsed time: 42.000000 seconds
Total loop: 307 generations

Result : 186.850075

12 16 39 37 51 34 1 9 46 48 3 38 44 10 2 41 53 17 33 43 32 21 45 28 13 11 31 25 29 22 35 19 27 24 40 42 20 14 7 52 54 36 23 47 49 30 4 26 6 15 18 50 5 8 

 12 16 39 37 51 34	 => 189
 1 34 51 9 46 48	 => 189
 3 48 46 38 44 10	 => 189
 39 2 41 53 17 37	 => 189
 51 37 17 33 43 9	 => 190
 46 9 43 32 21 38	 => 189
 44 38 21 45 28 13	 => 189
 41 11 31 25 29 53	 => 190
 17 53 29 22 35 33	 => 189
 43 33 35 19 27 32	 => 189
 21 32 27 24 40 45	 => 189
 28 45 40 42 20 14	 => 189
 29 25 7 52 54 22	 => 189
 35 22 54 36 23 19	 => 189
 27 19 23 47 49 24	 => 189
 40 24 49 30 4 42	 => 189
 54 52 26 6 15 36	 => 189
 23 36 15 18 50 47	 => 189
 49 47 50 5 8 30	 => 189


===================[TEST 42]===================
Elapsed time: 37.000000 seconds
Total loop: 267 generations

Result : 186.793632

29 13 34 27 48 39 5 25 31 42 9 53 36 19 7 54 46 22 44 24 38 18 47 33 2 8 15 30 37 20 21 40 23 14 50 45 11 4 12 49 41 51 17 52 43 28 10 16 1 32 3 35 6 26 

 29 13 34 27 48 39	 => 190
 5 39 48 25 31 42	 => 190
 9 42 31 53 36 19	 => 190
 34 7 54 46 22 27	 => 190
 48 27 22 44 24 25	 => 190
 31 25 24 38 18 53	 => 189
 36 53 18 47 33 2	 => 189
 54 8 15 30 37 46	 => 190
 22 46 37 20 21 44	 => 190
 24 44 21 40 23 38	 => 190
 18 38 23 14 50 47	 => 190
 33 47 50 45 11 4	 => 190
 37 30 12 49 41 20	 => 189
 21 20 41 51 17 40	 => 190
 23 40 17 52 43 14	 => 189
 50 14 43 28 10 45	 => 190
 41 49 16 1 32 51	 => 190
 17 51 32 3 35 52	 => 190
 43 52 35 6 26 28	 => 190


===================[TEST 43]===================
Elapsed time: 58.000000 seconds
Total loop: 418 generations

Result (Solution) : 190.000000

9 17 49 37 43 35 5 20 54 33 12 34 44 13 2 41 38 23 27 40 26 16 50 39 7 18 6 36 51 21 30 25 42 3 53 32 15 1 4 31 47 45 22 52 46 48 8 10 29 28 24 19 11 14 

 9 17 49 37 43 35	 => 190
 5 35 43 20 54 33	 => 190
 12 33 54 34 44 13	 => 190
 49 2 41 38 23 37	 => 190
 43 37 23 27 40 20	 => 190
 54 20 40 26 16 34	 => 190
 44 34 16 50 39 7	 => 190
 41 18 6 36 51 38	 => 190
 23 38 51 21 30 27	 => 190
 40 27 30 25 42 26	 => 190
 16 26 42 3 53 50	 => 190
 39 50 53 32 15 1	 => 190
 51 36 4 31 47 21	 => 190
 30 21 47 45 22 25	 => 190
 42 25 22 52 46 3	 => 190
 53 3 46 48 8 32	 => 190
 47 31 10 29 28 45	 => 190
 22 45 28 24 19 52	 => 190
 46 52 19 11 14 48	 => 190


===================[TEST 44]===================
Elapsed time: 40.000000 seconds
Total loop: 277 generations

Result : 186.268425

11 17 41 48 45 28 6 33 53 25 19 42 44 7 2 37 50 12 23 29 20 13 47 35 9 15 8 27 52 21 32 31 54 10 46 39 5 18 16 40 34 49 22 30 43 51 1 24 4 38 14 36 26 3 

 11 17 41 48 45 28	 => 190
 6 28 45 33 53 25	 => 190
 19 25 53 42 44 7	 => 190
 41 2 37 50 12 48	 => 190
 45 48 12 23 29 33	 => 190
 53 33 29 20 13 42	 => 190
 44 42 13 47 35 9	 => 190
 37 15 8 27 52 50	 => 189
 12 50 52 21 32 23	 => 190
 29 23 32 31 54 20	 => 189
 13 20 54 10 46 47	 => 190
 35 47 46 39 5 18	 => 190
 52 27 16 40 34 21	 => 190
 32 21 34 49 22 31	 => 189
 54 31 22 30 43 10	 => 190
 46 10 43 51 1 39	 => 190
 34 40 24 4 38 49	 => 189
 22 49 38 14 36 30	 => 189
 43 30 36 26 3 51	 => 189


===================[TEST 45]===================
Elapsed time: 37.000000 seconds
Total loop: 265 generations

Result : 187.162543

18 11 26 50 37 48 1 19 52 33 24 46 27 7 4 35 41 34 22 28 29 15 42 39 21 14 17 32 51 12 30 43 38 13 53 25 8 23 10 45 40 49 16 44 36 54 9 20 5 31 3 47 6 2 

 18 11 26 50 37 48	 => 190
 1 48 37 19 52 33	 => 190
 24 33 52 46 27 7	 => 189
 26 4 35 41 34 50	 => 190
 37 50 34 22 28 19	 => 190
 52 19 28 29 15 46	 => 189
 27 46 15 42 39 21	 => 190
 35 14 17 32 51 41	 => 190
 34 41 51 12 30 22	 => 190
 28 22 30 43 38 29	 => 190
 15 29 38 13 53 42	 => 190
 39 42 53 25 8 23	 => 190
 51 32 10 45 40 12	 => 190
 30 12 40 49 16 43	 => 190
 38 43 16 44 36 13	 => 190
 53 13 36 54 9 25	 => 190
 40 45 20 5 31 49	 => 190
 16 49 31 3 47 44	 => 190
 36 44 47 6 2 54	 => 189


===================[TEST 46]===================
Elapsed time: 27.000000 seconds
Total loop: 183 generations

Result : 187.639549

1 15 37 52 38 47 4 26 43 31 7 41 42 25 8 48 33 12 44 18 40 22 35 36 14 11 17 28 53 16 32 27 29 10 54 50 2 13 9 39 45 46 24 51 49 21 6 23 3 34 5 30 19 20 

 1 15 37 52 38 47	 => 190
 4 47 38 26 43 31	 => 189
 7 31 43 41 42 25	 => 189
 37 8 48 33 12 52	 => 190
 38 52 12 44 18 26	 => 190
 43 26 18 40 22 41	 => 190
 42 41 22 35 36 14	 => 190
 48 11 17 28 53 33	 => 190
 12 33 53 16 32 44	 => 190
 18 44 32 27 29 40	 => 190
 22 40 29 10 54 35	 => 190
 36 35 54 50 2 13	 => 190
 53 28 9 39 45 16	 => 190
 32 16 45 46 24 27	 => 190
 29 27 24 51 49 10	 => 190
 54 10 49 21 6 50	 => 190
 45 39 23 3 34 46	 => 190
 24 46 34 5 30 51	 => 190
 49 51 30 19 20 21	 => 190


===================[TEST 47]===================
Elapsed time: 28.000000 seconds
Total loop: 205 generations

Result : 186.214684

7 6 51 33 52 40 16 8 45 29 1 48 47 19 9 42 30 24 38 34 41 13 35 44 2 5 20 39 54 21 23 28 25 26 49 36 11 14 17 12 46 53 18 50 43 32 3 31 10 37 4 27 15 22 

 7 6 51 33 52 40	 => 189
 16 40 52 8 45 29	 => 190
 1 29 45 48 47 19	 => 189
 51 9 42 30 24 33	 => 189
 52 33 24 38 34 8	 => 189
 45 8 34 41 13 48	 => 189
 47 48 13 35 44 2	 => 189
 42 5 20 39 54 30	 => 190
 24 30 54 21 23 38	 => 190
 34 38 23 28 25 41	 => 189
 13 41 25 26 49 35	 => 189
 44 35 49 36 11 14	 => 189
 54 39 17 12 46 21	 => 189
 23 21 46 53 18 28	 => 189
 25 28 18 50 43 26	 => 190
 49 26 43 32 3 36	 => 189
 46 12 31 10 37 53	 => 189
 18 53 37 4 27 50	 => 189
 43 50 27 15 22 32	 => 189


===================[TEST 48]===================
Elapsed time: 22.000000 seconds
Total loop: 156 generations

Result : 184.850075

5 13 33 50 44 42 2 17 51 31 14 49 34 8 7 37 36 24 22 30 35 6 48 39 11 1 25 47 41 12 52 29 19 26 53 18 20 9 23 27 38 40 16 43 54 32 4 21 46 15 28 45 10 3 

 5 13 33 50 44 42	 => 187
 2 42 44 17 51 31	 => 187
 14 31 51 49 34 8	 => 187
 33 7 37 36 24 50	 => 187
 44 50 24 22 30 17	 => 187
 51 17 30 35 6 49	 => 188
 34 49 6 48 39 11	 => 187
 37 1 25 47 41 36	 => 187
 24 36 41 12 52 22	 => 187
 30 22 52 29 19 35	 => 187
 6 35 19 26 53 48	 => 187
 39 48 53 18 20 9	 => 187
 41 47 23 27 38 12	 => 188
 52 12 38 40 16 29	 => 187
 19 29 16 43 54 26	 => 187
 53 26 54 32 4 18	 => 187
 38 27 21 46 15 40	 => 187
 16 40 15 28 45 43	 => 187
 54 43 45 10 3 32	 => 187


===================[TEST 49]===================
Elapsed time: 37.000000 seconds
Total loop: 265 generations

Result : 187.478332

12 22 37 50 42 28 5 30 36 49 16 52 33 4 1 41 54 7 38 23 32 17 35 45 8 14 10 27 44 21 26 31 40 15 51 34 2 24 6 39 53 48 11 46 47 25 19 3 18 29 13 43 20 9 

 12 22 37 50 42 28	 => 191
 5 28 42 30 36 49	 => 190
 16 49 36 52 33 4	 => 190
 37 1 41 54 7 50	 => 190
 42 50 7 38 23 30	 => 190
 36 30 23 32 17 52	 => 190
 33 52 17 35 45 8	 => 190
 41 14 10 27 44 54	 => 190
 7 54 44 21 26 38	 => 190
 23 38 26 31 40 32	 => 190
 17 32 40 15 51 35	 => 190
 45 35 51 34 2 24	 => 191
 44 27 6 39 53 21	 => 190
 26 21 53 48 11 31	 => 190
 40 31 11 46 47 15	 => 190
 51 15 47 25 19 34	 => 191
 53 39 3 18 29 48	 => 190
 11 48 29 13 43 46	 => 190
 47 46 43 20 9 25	 => 190


===================[TEST 50]===================
Elapsed time: 26.000000 seconds
Total loop: 192 generations

Result : 186.478332

21 26 33 43 41 25 4 31 46 42 14 44 23 20 1 47 54 12 38 24 17 27 37 50 8 22 2 29 35 16 34 28 49 19 40 39 13 10 11 53 45 51 15 48 30 52 9 3 5 32 7 36 18 6 

 21 26 33 43 41 25	 => 189
 4 25 41 31 46 42	 => 189
 14 42 46 44 23 20	 => 189
 33 1 47 54 12 43	 => 190
 41 43 12 38 24 31	 => 189
 46 31 24 17 27 44	 => 189
 23 44 27 37 50 8	 => 189
 47 22 2 29 35 54	 => 189
 12 54 35 16 34 38	 => 189
 24 38 34 28 49 17	 => 190
 27 17 49 19 40 37	 => 189
 50 37 40 39 13 10	 => 189
 35 29 11 53 45 16	 => 189
 34 16 45 51 15 28	 => 189
 49 28 15 48 30 19	 => 189
 40 19 30 52 9 39	 => 189
 45 53 3 5 32 51	 => 189
 15 51 32 7 36 48	 => 189
 30 48 36 18 6 52	 => 190


===================[TEST 51]===================
Elapsed time: 40.000000 seconds
Total loop: 280 generations

Result : 187.306478

20 4 48 51 32 34 7 22 54 40 1 52 26 16 15 19 38 18 49 17 33 11 53 42 5 28 24 39 41 13 30 37 23 25 44 29 8 12 10 36 50 45 14 47 43 27 21 3 9 46 2 35 31 6 

 20 4 48 51 32 34	 => 189
 7 34 32 22 54 40	 => 189
 1 40 54 52 26 16	 => 189
 48 15 19 38 18 51	 => 189
 32 51 18 49 17 22	 => 189
 54 22 17 33 11 52	 => 189
 26 52 11 53 42 5	 => 189
 19 28 24 39 41 38	 => 189
 18 38 41 13 30 49	 => 189
 17 49 30 37 23 33	 => 189
 11 33 23 25 44 53	 => 189
 42 53 44 29 8 12	 => 188
 41 39 10 36 50 13	 => 189
 30 13 50 45 14 37	 => 189
 23 37 14 47 43 25	 => 189
 44 25 43 27 21 29	 => 189
 50 36 3 9 46 45	 => 189
 14 45 46 2 35 47	 => 189
 43 47 35 31 6 27	 => 189


===================[TEST 52]===================
Elapsed time: 23.000000 seconds
Total loop: 163 generations

Result : 186.411741

16 21 37 40 50 24 1 18 51 44 19 43 26 5 20 33 41 17 31 32 29 15 52 48 4 2 38 39 35 10 54 30 12 34 46 28 11 3 6 53 45 27 22 42 49 23 8 9 7 47 14 36 13 25 

 16 21 37 40 50 24	 => 188
 1 24 50 18 51 44	 => 188
 19 44 51 43 26 5	 => 188
 37 20 33 41 17 40	 => 188
 50 40 17 31 32 18	 => 188
 51 18 32 29 15 43	 => 188
 26 43 15 52 48 4	 => 188
 33 2 38 39 35 41	 => 188
 17 41 35 10 54 31	 => 188
 32 31 54 30 12 29	 => 188
 15 29 12 34 46 52	 => 188
 48 52 46 28 11 3	 => 188
 35 39 6 53 45 10	 => 188
 54 10 45 27 22 30	 => 188
 12 30 22 42 49 34	 => 189
 46 34 49 23 8 28	 => 188
 45 53 9 7 47 27	 => 188
 22 27 47 14 36 42	 => 188
 49 42 36 13 25 23	 => 188


===================[TEST 53]===================
Elapsed time: 39.000000 seconds
Total loop: 290 generations

Result : 187.411741

23 6 44 39 52 25 3 14 42 53 10 49 17 18 16 32 47 11 43 31 24 29 45 48 1 26 2 36 46 22 20 34 37 13 41 35 5 15 4 27 54 38 21 33 51 40 9 12 8 50 19 28 30 7 

 23 6 44 39 52 25	 => 189
 3 25 52 14 42 53	 => 189
 10 53 42 49 17 18	 => 189
 44 16 32 47 11 39	 => 189
 52 39 11 43 31 14	 => 190
 42 14 31 24 29 49	 => 189
 17 49 29 45 48 1	 => 189
 32 26 2 36 46 47	 => 189
 11 47 46 22 20 43	 => 189
 31 43 20 34 37 24	 => 189
 29 24 37 13 41 45	 => 189
 48 45 41 35 5 15	 => 189
 46 36 4 27 54 22	 => 189
 20 22 54 38 21 34	 => 189
 37 34 21 33 51 13	 => 189
 41 13 51 40 9 35	 => 189
 54 27 12 8 50 38	 => 189
 21 38 50 19 28 33	 => 189
 51 33 28 30 7 40	 => 189


===================[TEST 54]===================
Elapsed time: 29.000000 seconds
Total loop: 210 generations

Result : 187.158373

8 10 34 50 43 45 2 17 54 29 21 41 42 3 7 40 39 20 30 31 33 14 44 32 18 1 22 37 51 4 46 15 35 16 48 36 25 5 19 27 52 49 24 47 53 28 9 11 12 38 6 26 13 23 

 8 10 34 50 43 45	 => 190
 2 45 43 17 54 29	 => 190
 21 29 54 41 42 3	 => 190
 34 7 40 39 20 50	 => 190
 43 50 20 30 31 17	 => 191
 54 17 31 33 14 41	 => 190
 42 41 14 44 32 18	 => 191
 40 1 22 37 51 39	 => 190
 20 39 51 4 46 30	 => 190
 31 30 46 15 35 33	 => 190
 14 33 35 16 48 44	 => 190
 32 44 48 36 25 5	 => 190
 51 37 19 27 52 4	 => 190
 46 4 52 49 24 15	 => 190
 35 15 24 47 53 16	 => 190
 48 16 53 28 9 36	 => 190
 52 27 11 12 38 49	 => 189
 24 49 38 6 26 47	 => 190
 53 47 26 13 23 28	 => 190


===================[TEST 55]===================
Elapsed time: 60.000000 seconds
Total loop: 435 generations

Result : 188.411741

16 12 37 52 43 31 11 7 53 45 15 54 21 2 5 28 42 26 33 29 23 24 51 36 4 20 27 32 41 8 40 30 35 19 38 46 9 10 13 49 47 48 17 50 39 34 14 3 18 25 6 44 22 1 

 16 12 37 52 43 31	 => 191
 11 31 43 7 53 45	 => 190
 15 45 53 54 21 2	 => 190
 37 5 28 42 26 52	 => 190
 43 52 26 33 29 7	 => 190
 53 7 29 23 24 54	 => 190
 21 54 24 51 36 4	 => 190
 28 20 27 32 41 42	 => 190
 26 42 41 8 40 33	 => 190
 29 33 40 30 35 23	 => 190
 24 23 35 19 38 51	 => 190
 36 51 38 46 9 10	 => 190
 41 32 13 49 47 8	 => 190
 40 8 47 48 17 30	 => 190
 35 30 17 50 39 19	 => 190
 38 19 39 34 14 46	 => 190
 47 49 3 18 25 48	 => 190
 17 48 25 6 44 50	 => 190
 39 50 44 22 1 34	 => 190


===================[TEST 56]===================
Elapsed time: 47.000000 seconds
Total loop: 349 generations

Result : 187.053110

19 1 52 37 45 36 14 17 48 30 23 40 44 5 12 27 43 18 42 31 34 20 54 26 6 25 10 35 50 15 22 32 29 4 49 41 9 11 7 38 46 51 24 53 47 33 16 13 3 39 2 21 28 8 

 19 1 52 37 45 36	 => 190
 14 36 45 17 48 30	 => 190
 23 30 48 40 44 5	 => 190
 52 12 27 43 18 37	 => 189
 45 37 18 42 31 17	 => 190
 48 17 31 34 20 40	 => 190
 44 40 20 54 26 6	 => 190
 27 25 10 35 50 43	 => 190
 18 43 50 15 22 42	 => 190
 31 42 22 32 29 34	 => 190
 20 34 29 4 49 54	 => 190
 26 54 49 41 9 11	 => 190
 50 35 7 38 46 15	 => 191
 22 15 46 51 24 32	 => 190
 29 32 24 53 47 4	 => 189
 49 4 47 33 16 41	 => 190
 46 38 13 3 39 51	 => 190
 24 51 39 2 21 53	 => 190
 47 53 21 28 8 33	 => 190


===================[TEST 57]===================
Elapsed time: 35.000000 seconds
Total loop: 255 generations

Result : 186.823483

12 13 32 52 53 29 5 16 51 36 15 41 44 3 6 39 50 11 33 25 47 10 38 49 8 2 22 31 46 27 24 19 42 18 35 40 1 26 7 34 45 54 21 48 43 37 17 4 23 30 9 28 14 20 

 12 13 32 52 53 29	 => 191
 5 29 53 16 51 36	 => 190
 15 36 51 41 44 3	 => 190
 32 6 39 50 11 52	 => 190
 53 52 11 33 25 16	 => 190
 51 16 25 47 10 41	 => 190
 44 41 10 38 49 8	 => 190
 39 2 22 31 46 50	 => 190
 11 50 46 27 24 33	 => 191
 25 33 24 19 42 47	 => 190
 10 47 42 18 35 38	 => 190
 49 38 35 40 1 26	 => 189
 46 31 7 34 45 27	 => 190
 24 27 45 54 21 19	 => 190
 42 19 21 48 43 18	 => 191
 35 18 43 37 17 40	 => 190
 45 34 4 23 30 54	 => 190
 21 54 30 9 28 48	 => 190
 43 48 28 14 20 37	 => 190


===================[TEST 58]===================
Elapsed time: 16.000000 seconds
Total loop: 118 generations

Result : 184.612956

5 7 36 46 50 44 11 4 48 31 15 34 51 9 1 35 54 16 28 43 29 30 22 49 2 25 18 33 23 47 20 27 40 13 53 32 26 6 10 37 39 41 14 52 42 45 3 21 12 38 19 24 17 8 

 5 7 36 46 50 44	 => 188
 11 44 50 4 48 31	 => 188
 15 31 48 34 51 9	 => 188
 36 1 35 54 16 46	 => 188
 50 46 16 28 43 4	 => 187
 48 4 43 29 30 34	 => 188
 51 34 30 22 49 2	 => 188
 35 25 18 33 23 54	 => 188
 16 54 23 47 20 28	 => 188
 43 28 20 27 40 29	 => 187
 30 29 40 13 53 22	 => 187
 49 22 53 32 26 6	 => 188
 23 33 10 37 39 47	 => 189
 20 47 39 41 14 27	 => 188
 40 27 14 52 42 13	 => 188
 53 13 42 45 3 32	 => 188
 39 37 21 12 38 41	 => 188
 14 41 38 19 24 52	 => 188
 42 52 24 17 8 45	 => 188


===================[TEST 59]===================
Elapsed time: 45.000000 seconds
Total loop: 327 generations

Result : 188.411741

7 14 54 46 45 24 2 25 50 44 3 30 47 16 8 21 48 13 27 34 28 23 51 39 1 9 20 43 49 15 38 37 26 22 40 32 10 18 6 42 35 53 12 41 52 33 11 5 19 36 17 31 4 29 

 7 14 54 46 45 24	 => 190
 2 24 45 25 50 44	 => 190
 3 44 50 30 47 16	 => 190
 54 8 21 48 13 46	 => 190
 45 46 13 27 34 25	 => 190
 50 25 34 28 23 30	 => 190
 47 30 23 51 39 1	 => 191
 21 9 20 43 49 48	 => 190
 13 48 49 15 38 27	 => 190
 34 27 38 37 26 28	 => 190
 23 28 26 22 40 51	 => 190
 39 51 40 32 10 18	 => 190
 49 43 6 42 35 15	 => 190
 38 15 35 53 12 37	 => 190
 26 37 12 41 52 22	 => 190
 40 22 52 33 11 32	 => 190
 35 42 5 19 36 53	 => 190
 12 53 36 17 31 41	 => 190
 52 41 31 4 29 33	 => 190


===================[TEST 60]===================
Elapsed time: 36.000000 seconds
Total loop: 261 generations

Result : 186.850075

9 16 50 25 35 54 12 19 32 37 23 51 36 11 2 33 45 34 30 46 22 20 52 26 4 18 15 40 38 14 28 24 39 8 48 47 3 13 10 44 43 53 27 42 49 31 6 1 7 41 5 21 17 29 

 9 16 50 25 35 54	 => 189
 12 54 35 19 32 37	 => 189
 23 37 32 51 36 11	 => 190
 50 2 33 45 34 25	 => 189
 35 25 34 30 46 19	 => 189
 32 19 46 22 20 51	 => 190
 36 51 20 52 26 4	 => 189
 33 18 15 40 38 45	 => 189
 34 45 38 14 28 30	 => 189
 46 30 28 24 39 22	 => 189
 20 22 39 8 48 52	 => 189
 26 52 48 47 3 13	 => 189
 38 40 10 44 43 14	 => 189
 28 14 43 53 27 24	 => 189
 39 24 27 42 49 8	 => 189
 48 8 49 31 6 47	 => 189
 43 44 1 7 41 53	 => 189
 27 53 41 5 21 42	 => 189
 49 42 21 17 29 31	 => 189


===================[TEST 61]===================
Elapsed time: 42.000000 seconds
Total loop: 309 generations

Result : 186.086851

7 22 32 52 43 33 15 12 47 39 10 50 42 1 4 40 51 11 37 35 27 19 45 31 3 2 36 23 38 29 24 25 41 5 53 34 13 14 21 30 49 46 17 54 48 44 6 20 16 28 18 26 8 9 

 7 22 32 52 43 33	 => 189
 15 33 43 12 47 39	 => 189
 10 39 47 50 42 1	 => 189
 32 4 40 51 11 52	 => 190
 43 52 11 37 35 12	 => 190
 47 12 35 27 19 50	 => 190
 42 50 19 45 31 3	 => 190
 40 2 36 23 38 51	 => 190
 11 51 38 29 24 37	 => 190
 35 37 24 25 41 27	 => 189
 19 27 41 5 53 45	 => 190
 31 45 53 34 13 14	 => 190
 38 23 21 30 49 29	 => 190
 24 29 49 46 17 25	 => 190
 41 25 17 54 48 5	 => 190
 53 5 48 44 6 34	 => 190
 49 30 20 16 28 46	 => 189
 17 46 28 18 26 54	 => 189
 48 54 26 8 9 44	 => 189


===================[TEST 62]===================
Elapsed time: 30.000000 seconds
Total loop: 223 generations

Result : 186.500963

28 17 22 47 41 34 14 15 50 36 6 44 43 11 7 45 48 21 27 39 33 9 51 42 1 5 16 29 46 23 25 31 35 24 38 53 2 4 3 52 37 54 19 49 32 30 13 8 20 18 10 40 12 26 

 28 17 22 47 41 34	 => 189
 14 34 41 15 50 36	 => 190
 6 36 50 44 43 11	 => 190
 22 7 45 48 21 47	 => 190
 41 47 21 27 39 15	 => 190
 50 15 39 33 9 44	 => 190
 43 44 9 51 42 1	 => 190
 45 5 16 29 46 48	 => 189
 21 48 46 23 25 27	 => 190
 39 27 25 31 35 33	 => 190
 9 33 35 24 38 51	 => 190
 42 51 38 53 2 4	 => 190
 46 29 3 52 37 23	 => 190
 25 23 37 54 19 31	 => 189
 35 31 19 49 32 24	 => 190
 38 24 32 30 13 53	 => 190
 37 52 8 20 18 54	 => 189
 19 54 18 10 40 49	 => 190
 32 49 40 12 26 30	 => 189


===================[TEST 63]===================
Elapsed time: 33.000000 seconds
Total loop: 238 generations

Result : 187.306478

11 17 34 48 47 32 9 18 52 31 12 45 39 10 2 35 54 16 41 19 51 4 50 43 8 6 24 30 40 23 15 36 26 33 25 44 5 22 14 29 53 42 20 28 46 38 3 21 7 37 13 49 1 27 

 11 17 34 48 47 32	 => 189
 9 32 47 18 52 31	 => 189
 12 31 52 45 39 10	 => 189
 34 2 35 54 16 48	 => 189
 47 48 16 41 19 18	 => 189
 52 18 19 51 4 45	 => 189
 39 45 4 50 43 8	 => 189
 35 6 24 30 40 54	 => 189
 16 54 40 23 15 41	 => 189
 19 41 15 36 26 51	 => 188
 4 51 26 33 25 50	 => 189
 43 50 25 44 5 22	 => 189
 40 30 14 29 53 23	 => 189
 15 23 53 42 20 36	 => 189
 26 36 20 28 46 33	 => 189
 25 33 46 38 3 44	 => 189
 53 29 21 7 37 42	 => 189
 20 42 37 13 49 28	 => 189
 46 28 49 1 27 38	 => 189


===================[TEST 64]===================
Elapsed time: 42.000000 seconds
Total loop: 307 generations

Result : 187.639549

16 5 47 42 54 26 2 22 48 38 21 49 24 10 13 28 43 17 35 20 32 19 44 50 4 14 1 53 51 6 37 39 27 23 45 33 11 7 8 31 41 52 15 40 46 34 9 25 12 29 18 36 3 30 

 16 5 47 42 54 26	 => 190
 2 26 54 22 48 38	 => 190
 21 38 48 49 24 10	 => 190
 47 13 28 43 17 42	 => 190
 54 42 17 35 20 22	 => 190
 48 22 20 32 19 49	 => 190
 24 49 19 44 50 4	 => 190
 28 14 1 53 51 43	 => 190
 17 43 51 6 37 35	 => 189
 20 35 37 39 27 32	 => 190
 19 32 27 23 45 44	 => 190
 50 44 45 33 11 7	 => 190
 51 53 8 31 41 6	 => 190
 37 6 41 52 15 39	 => 190
 27 39 15 40 46 23	 => 190
 45 23 46 34 9 33	 => 190
 41 31 25 12 29 52	 => 190
 15 52 29 18 36 40	 => 190
 46 40 36 3 30 34	 => 189


===================[TEST 65]===================
Elapsed time: 16.000000 seconds
Total loop: 114 generations

Result : 184.478332

13 25 43 36 50 20 12 4 48 53 17 33 30 7 9 52 41 6 51 40 34 28 54 37 5 15 11 26 42 32 16 44 2 23 46 24 8 18 10 39 38 35 22 49 47 45 3 19 27 29 21 31 14 1 

 13 25 43 36 50 20	 => 187
 12 20 50 4 48 53	 => 187
 17 53 48 33 30 7	 => 188
 43 9 52 41 6 36	 => 187
 50 36 6 51 40 4	 => 187
 48 4 40 34 28 33	 => 187
 30 33 28 54 37 5	 => 187
 52 15 11 26 42 41	 => 187
 6 41 42 32 16 51	 => 188
 40 51 16 44 2 34	 => 187
 28 34 2 23 46 54	 => 187
 37 54 46 24 8 18	 => 187
 42 26 10 39 38 32	 => 187
 16 32 38 35 22 44	 => 187
 2 44 22 49 47 23	 => 187
 46 23 47 45 3 24	 => 188
 38 39 19 27 29 35	 => 187
 22 35 29 21 31 49	 => 187
 47 49 31 14 1 45	 => 187


===================[TEST 66]===================
Elapsed time: 28.000000 seconds
Total loop: 211 generations

Result : 187.850075

20 12 34 41 45 38 3 17 47 40 19 53 21 10 8 39 44 24 31 32 26 15 49 48 4 14 9 33 51 5 35 30 36 18 46 29 11 7 16 42 43 52 25 28 54 37 6 1 2 50 13 22 27 23 

 20 12 34 41 45 38	 => 190
 3 38 45 17 47 40	 => 190
 19 40 47 53 21 10	 => 190
 34 8 39 44 24 41	 => 190
 45 41 24 31 32 17	 => 190
 47 17 32 26 15 53	 => 190
 21 53 15 49 48 4	 => 190
 39 14 9 33 51 44	 => 190
 24 44 51 5 35 31	 => 190
 32 31 35 30 36 26	 => 190
 15 26 36 18 46 49	 => 190
 48 49 46 29 11 7	 => 190
 51 33 16 42 43 5	 => 190
 35 5 43 52 25 30	 => 190
 36 30 25 28 54 18	 => 191
 46 18 54 37 6 29	 => 190
 43 42 1 2 50 52	 => 190
 25 52 50 13 22 28	 => 190
 54 28 22 27 23 37	 => 191


===================[TEST 67]===================
Elapsed time: 18.000000 seconds
Total loop: 127 generations

Result : 184.950803

15 27 25 54 50 17 4 24 53 40 19 48 26 3 10 34 52 13 31 16 47 1 45 36 33 11 14 29 49 21 23 32 39 22 35 46 20 7 8 30 51 44 18 41 37 43 6 9 12 42 5 38 28 2 

 15 27 25 54 50 17	 => 188
 4 17 50 24 53 40	 => 188
 19 40 53 48 26 3	 => 189
 25 10 34 52 13 54	 => 188
 50 54 13 31 16 24	 => 188
 53 24 16 47 1 48	 => 189
 26 48 1 45 36 33	 => 189
 34 11 14 29 49 52	 => 189
 13 52 49 21 23 31	 => 189
 16 31 23 32 39 47	 => 188
 1 47 39 22 35 45	 => 189
 36 45 35 46 20 7	 => 189
 49 29 8 30 51 21	 => 188
 23 21 51 44 18 32	 => 189
 39 32 18 41 37 22	 => 189
 35 22 37 43 6 46	 => 189
 51 30 9 12 42 44	 => 188
 18 44 42 5 38 41	 => 188
 37 41 38 28 2 43	 => 189


===================[TEST 68]===================
Elapsed time: 37.000000 seconds
Total loop: 270 generations

Result : 187.306478

18 11 37 39 52 32 5 15 38 47 7 35 41 21 1 46 50 16 25 42 51 8 48 45 12 2 4 34 53 28 17 40 14 23 44 29 20 3 10 31 33 49 22 36 54 30 9 6 27 43 13 26 19 24 

 18 11 37 39 52 32	 => 189
 5 32 52 15 38 47	 => 189
 7 47 38 35 41 21	 => 189
 37 1 46 50 16 39	 => 189
 52 39 16 25 42 15	 => 189
 38 15 42 51 8 35	 => 189
 41 35 8 48 45 12	 => 189
 46 2 4 34 53 50	 => 189
 16 50 53 28 17 25	 => 189
 42 25 17 40 14 51	 => 189
 8 51 14 23 44 48	 => 188
 45 48 44 29 20 3	 => 189
 53 34 10 31 33 28	 => 189
 17 28 33 49 22 40	 => 189
 14 40 22 36 54 23	 => 189
 44 23 54 30 9 29	 => 189
 33 31 6 27 43 49	 => 189
 22 49 43 13 26 36	 => 189
 54 36 26 19 24 30	 => 189


===================[TEST 69]===================
Elapsed time: 51.000000 seconds
Total loop: 376 generations

Result : 187.478332

7 30 39 40 51 23 2 18 54 42 15 46 32 1 12 27 52 20 35 26 33 13 43 45 11 22 16 36 38 8 37 31 29 24 49 25 9 19 14 50 44 53 17 48 41 47 4 3 6 34 10 28 21 5 

 7 30 39 40 51 23	 => 190
 2 23 51 18 54 42	 => 190
 15 42 54 46 32 1	 => 190
 39 12 27 52 20 40	 => 190
 51 40 20 35 26 18	 => 190
 54 18 26 33 13 46	 => 190
 32 46 13 43 45 11	 => 190
 27 22 16 36 38 52	 => 191
 20 52 38 8 37 35	 => 190
 26 35 37 31 29 33	 => 191
 13 33 29 24 49 43	 => 191
 45 43 49 25 9 19	 => 190
 38 36 14 50 44 8	 => 190
 37 8 44 53 17 31	 => 190
 29 31 17 48 41 24	 => 190
 49 24 41 47 4 25	 => 190
 44 50 3 6 34 53	 => 190
 17 53 34 10 28 48	 => 190
 41 48 28 21 5 47	 => 190


===================[TEST 70]===================
Elapsed time: 38.000000 seconds
Total loop: 275 generations

Result : 187.500963

13 3 50 44 45 36 4 11 53 42 8 52 35 1 5 31 39 22 40 29 27 19 48 26 10 18 6 49 47 20 23 41 30 16 51 33 9 24 2 34 38 54 15 43 46 32 12 21 7 37 14 28 25 17 

 13 3 50 44 45 36	 => 191
 4 36 45 11 53 42	 => 191
 8 42 53 52 35 1	 => 191
 50 5 31 39 22 44	 => 191
 45 44 22 40 29 11	 => 191
 53 11 29 27 19 52	 => 191
 35 52 19 48 26 10	 => 190
 31 18 6 49 47 39	 => 190
 22 39 47 20 23 40	 => 191
 29 40 23 41 30 27	 => 190
 19 27 30 16 51 48	 => 191
 26 48 51 33 9 24	 => 191
 47 49 2 34 38 20	 => 190
 23 20 38 54 15 41	 => 191
 30 41 15 43 46 16	 => 191
 51 16 46 32 12 33	 => 190
 38 34 21 7 37 54	 => 191
 15 54 37 14 28 43	 => 191
 46 43 28 25 17 32	 => 191


===================[TEST 71]===================
Elapsed time: 16.000000 seconds
Total loop: 119 generations

Result : 185.639549

3 5 39 50 37 54 10 11 44 32 22 51 34 4 12 21 48 18 30 42 31 9 47 33 14 2 20 45 52 13 27 17 41 23 36 25 28 19 1 24 53 40 38 26 43 46 15 35 7 29 6 49 16 8 

 3 5 39 50 37 54	 => 188
 10 54 37 11 44 32	 => 188
 22 32 44 51 34 4	 => 187
 39 12 21 48 18 50	 => 188
 37 50 18 30 42 11	 => 188
 44 11 42 31 9 51	 => 188
 34 51 9 47 33 14	 => 188
 21 2 20 45 52 48	 => 188
 18 48 52 13 27 30	 => 188
 42 30 27 17 41 31	 => 188
 9 31 41 23 36 47	 => 187
 33 47 36 25 28 19	 => 188
 52 45 1 24 53 13	 => 188
 27 13 53 40 38 17	 => 188
 41 17 38 26 43 23	 => 188
 36 23 43 46 15 25	 => 188
 53 24 35 7 29 40	 => 188
 38 40 29 6 49 26	 => 188
 43 26 49 16 8 46	 => 188


===================[TEST 72]===================
Elapsed time: 36.000000 seconds
Total loop: 262 generations

Result : 188.306478

14 12 34 46 33 51 5 19 54 27 10 48 38 13 1 39 47 23 32 37 21 11 49 41 3 31 2 29 42 20 26 30 44 25 40 35 8 17 6 50 43 53 18 28 45 36 9 4 16 24 15 52 22 7 

 14 12 34 46 33 51	 => 190
 5 51 33 19 54 27	 => 189
 10 27 54 48 38 13	 => 190
 34 1 39 47 23 46	 => 190
 33 46 23 32 37 19	 => 190
 54 19 37 21 11 48	 => 190
 38 48 11 49 41 3	 => 190
 39 31 2 29 42 47	 => 190
 23 47 42 20 26 32	 => 190
 37 32 26 30 44 21	 => 190
 11 21 44 25 40 49	 => 190
 41 49 40 35 8 17	 => 190
 42 29 6 50 43 20	 => 190
 26 20 43 53 18 30	 => 190
 44 30 18 28 45 25	 => 190
 40 25 45 36 9 35	 => 190
 43 50 4 16 24 53	 => 190
 18 53 24 15 52 28	 => 190
 45 28 52 22 7 36	 => 190


===================[TEST 73]===================
Elapsed time: 25.000000 seconds
Total loop: 185 generations

Result : 186.268425

28 1 32 49 53 27 6 31 40 33 17 44 51 5 15 29 52 12 24 21 41 13 45 26 11 8 7 46 47 16 39 30 34 14 43 38 18 19 10 22 48 37 20 42 50 36 9 4 25 54 2 35 23 3 

 28 1 32 49 53 27	 => 190
 6 27 53 31 40 33	 => 190
 17 33 40 44 51 5	 => 190
 32 15 29 52 12 49	 => 189
 53 49 12 24 21 31	 => 190
 40 31 21 41 13 44	 => 190
 51 44 13 45 26 11	 => 190
 29 8 7 46 47 52	 => 189
 12 52 47 16 39 24	 => 190
 21 24 39 30 34 41	 => 189
 13 41 34 14 43 45	 => 190
 26 45 43 38 18 19	 => 189
 47 46 10 22 48 16	 => 189
 39 16 48 37 20 30	 => 190
 34 30 20 42 50 14	 => 190
 43 14 50 36 9 38	 => 190
 48 22 4 25 54 37	 => 190
 20 37 54 2 35 42	 => 190
 50 42 35 23 3 36	 => 189


===================[TEST 74]===================
Elapsed time: 19.000000 seconds
Total loop: 139 generations

Result : 186.255426

15 7 41 52 42 33 10 14 46 45 9 50 18 22 6 40 35 16 34 32 25 23 48 49 2 11 4 53 47 21 36 24 39 12 43 29 8 13 1 30 37 54 19 44 51 27 28 26 5 38 3 31 20 17 

 15 7 41 52 42 33	 => 190
 10 33 42 14 46 45	 => 190
 9 45 46 50 18 22	 => 190
 41 6 40 35 16 52	 => 190
 42 52 16 34 32 14	 => 190
 46 14 32 25 23 50	 => 190
 18 50 23 48 49 2	 => 190
 40 11 4 53 47 35	 => 190
 16 35 47 21 36 34	 => 189
 32 34 36 24 39 25	 => 190
 23 25 39 12 43 48	 => 190
 49 48 43 29 8 13	 => 190
 47 53 1 30 37 21	 => 189
 36 21 37 54 19 24	 => 191
 39 24 19 44 51 12	 => 189
 43 12 51 27 28 29	 => 190
 37 30 26 5 38 54	 => 190
 19 54 38 3 31 44	 => 189
 51 44 31 20 17 27	 => 190


===================[TEST 75]===================
Elapsed time: 26.000000 seconds
Total loop: 186 generations

Result : 184.639549

18 8 46 43 52 20 5 14 51 45 15 50 19 7 1 30 53 13 34 31 9 32 33 36 17 4 24 27 49 16 22 42 48 11 54 37 6 21 12 39 44 38 25 26 35 47 3 2 23 41 28 29 10 40 

 18 8 46 43 52 20	 => 187
 5 20 52 14 51 45	 => 187
 15 45 51 50 19 7	 => 187
 46 1 30 53 13 43	 => 186
 52 43 13 34 31 14	 => 187
 51 14 31 9 32 50	 => 187
 19 50 32 33 36 17	 => 187
 30 4 24 27 49 53	 => 187
 13 53 49 16 22 34	 => 187
 31 34 22 42 48 9	 => 186
 32 9 48 11 54 33	 => 187
 36 33 54 37 6 21	 => 187
 49 27 12 39 44 16	 => 187
 22 16 44 38 25 42	 => 187
 48 42 25 26 35 11	 => 187
 54 11 35 47 3 37	 => 187
 44 39 2 23 41 38	 => 187
 25 38 41 28 29 26	 => 187
 35 26 29 10 40 47	 => 187


===================[TEST 76]===================
Elapsed time: 36.000000 seconds
Total loop: 266 generations

Result : 187.162543

4 26 33 47 34 45 10 11 49 41 12 43 38 7 1 50 27 32 37 28 36 23 39 44 3 9 19 31 54 18 22 42 25 15 52 30 16 8 5 29 53 35 20 48 40 51 2 6 21 46 17 24 13 14 

 4 26 33 47 34 45	 => 189
 10 45 34 11 49 41	 => 190
 12 41 49 43 38 7	 => 190
 33 1 50 27 32 47	 => 190
 34 47 32 37 28 11	 => 189
 49 11 28 36 23 43	 => 190
 38 43 23 39 44 3	 => 190
 50 9 19 31 54 27	 => 190
 32 27 54 18 22 37	 => 190
 28 37 22 42 25 36	 => 190
 23 36 25 15 52 39	 => 190
 44 39 52 30 16 8	 => 189
 54 31 5 29 53 18	 => 190
 22 18 53 35 20 42	 => 190
 25 42 20 48 40 15	 => 190
 52 15 40 51 2 30	 => 190
 53 29 6 21 46 35	 => 190
 20 35 46 17 24 48	 => 190
 40 48 24 13 14 51	 => 190


===================[TEST 77]===================
Elapsed time: 54.000000 seconds
Total loop: 397 generations

Result : 187.850075

21 8 24 50 39 48 4 11 54 34 9 44 30 19 10 41 45 20 40 31 38 12 51 52 1 3 5 47 49 14 22 32 27 29 33 36 2 16 6 28 46 53 23 37 42 43 7 15 13 35 17 25 26 18 

 21 8 24 50 39 48	 => 190
 4 48 39 11 54 34	 => 190
 9 34 54 44 30 19	 => 190
 24 10 41 45 20 50	 => 190
 39 50 20 40 31 11	 => 191
 54 11 31 38 12 44	 => 190
 30 44 12 51 52 1	 => 190
 41 3 5 47 49 45	 => 190
 20 45 49 14 22 40	 => 190
 31 40 22 32 27 38	 => 190
 12 38 27 29 33 51	 => 190
 52 51 33 36 2 16	 => 190
 49 47 6 28 46 14	 => 190
 22 14 46 53 23 32	 => 190
 27 32 23 37 42 29	 => 190
 33 29 42 43 7 36	 => 190
 46 28 15 13 35 53	 => 190
 23 53 35 17 25 37	 => 190
 42 37 25 26 18 43	 => 191


===================[TEST 78]===================
Elapsed time: 26.000000 seconds
Total loop: 188 generations

Result : 186.639549

3 2 45 52 54 33 6 8 53 35 19 34 43 5 4 15 46 27 24 23 40 31 37 36 7 11 18 50 49 1 42 32 28 9 44 30 26 16 10 41 38 51 25 48 47 39 20 13 17 29 14 22 12 21 

 3 2 45 52 54 33	 => 189
 6 33 54 8 53 35	 => 189
 19 35 53 34 43 5	 => 189
 45 4 15 46 27 52	 => 189
 54 52 27 24 23 8	 => 188
 53 8 23 40 31 34	 => 189
 43 34 31 37 36 7	 => 188
 15 11 18 50 49 46	 => 189
 27 46 49 1 42 24	 => 189
 23 24 42 32 28 40	 => 189
 31 40 28 9 44 37	 => 189
 36 37 44 30 26 16	 => 189
 49 50 10 41 38 1	 => 189
 42 1 38 51 25 32	 => 189
 28 32 25 48 47 9	 => 189
 44 9 47 39 20 30	 => 189
 38 41 13 17 29 51	 => 189
 25 51 29 14 22 48	 => 189
 47 48 22 12 21 39	 => 189


===================[TEST 79]===================
Elapsed time: 27.000000 seconds
Total loop: 200 generations

Result : 188.162543

24 7 31 47 54 28 10 12 41 46 11 53 37 3 1 43 51 18 34 26 38 21 32 35 13 2 17 45 33 19 36 29 27 23 50 40 14 20 4 48 42 49 16 52 44 25 8 6 15 30 5 39 22 9 

 24 7 31 47 54 28	 => 191
 10 28 54 12 41 46	 => 191
 11 46 41 53 37 3	 => 191
 31 1 43 51 18 47	 => 191
 54 47 18 34 26 12	 => 191
 41 12 26 38 21 53	 => 191
 37 53 21 32 35 13	 => 191
 43 2 17 45 33 51	 => 191
 18 51 33 19 36 34	 => 191
 26 34 36 29 27 38	 => 190
 21 38 27 23 50 32	 => 191
 35 32 50 40 14 20	 => 191
 33 45 4 48 42 19	 => 191
 36 19 42 49 16 29	 => 191
 27 29 16 52 44 23	 => 191
 50 23 44 25 8 40	 => 190
 42 48 6 15 30 49	 => 190
 16 49 30 5 39 52	 => 191
 44 52 39 22 9 25	 => 191


===================[TEST 80]===================
Elapsed time: 27.000000 seconds
Total loop: 194 generations

Result : 186.268425

8 1 51 52 34 43 16 21 41 35 9 50 27 28 4 23 54 6 44 33 31 13 49 39 12 10 29 26 48 18 19 30 32 20 45 25 17 14 3 42 53 46 24 37 47 38 15 11 2 36 7 40 22 5 

 8 1 51 52 34 43	 => 189
 16 43 34 21 41 35	 => 190
 9 35 41 50 27 28	 => 190
 51 4 23 54 6 52	 => 190
 34 52 6 44 33 21	 => 190
 41 21 33 31 13 50	 => 189
 27 50 13 49 39 12	 => 190
 23 10 29 26 48 54	 => 190
 6 54 48 18 19 44	 => 189
 33 44 19 30 32 31	 => 189
 13 31 32 20 45 49	 => 190
 39 49 45 25 17 14	 => 189
 48 26 3 42 53 18	 => 190
 19 18 53 46 24 30	 => 190
 32 30 24 37 47 20	 => 190
 45 20 47 38 15 25	 => 190
 53 42 11 2 36 46	 => 190
 24 46 36 7 40 37	 => 190
 47 37 40 22 5 38	 => 189


===================[TEST 81]===================
Elapsed time: 32.000000 seconds
Total loop: 233 generations

Result : 187.162543

8 13 40 41 42 46 12 20 34 36 4 50 51 15 1 35 52 21 18 48 28 10 49 27 2 17 7 26 53 14 32 25 38 19 45 44 16 9 24 30 43 54 22 39 47 29 6 23 3 37 5 33 31 11 

 8 13 40 41 42 46	 => 190
 12 46 42 20 34 36	 => 190
 4 36 34 50 51 15	 => 190
 40 1 35 52 21 41	 => 190
 42 41 21 18 48 20	 => 190
 34 20 48 28 10 50	 => 190
 51 50 10 49 27 2	 => 189
 35 17 7 26 53 52	 => 190
 21 52 53 14 32 18	 => 190
 48 18 32 25 38 28	 => 189
 10 28 38 19 45 49	 => 189
 27 49 45 44 16 9	 => 190
 53 26 24 30 43 14	 => 190
 32 14 43 54 22 25	 => 190
 38 25 22 39 47 19	 => 190
 45 19 47 29 6 44	 => 190
 43 30 23 3 37 54	 => 190
 22 54 37 5 33 39	 => 190
 47 39 33 31 11 29	 => 190


===================[TEST 82]===================
Elapsed time: 32.000000 seconds
Total loop: 233 generations

Result : 187.411741

4 11 42 39 44 49 15 12 45 24 21 54 40 5 2 32 48 26 35 33 31 14 50 22 9 17 3 46 43 7 30 41 19 37 38 53 20 6 10 36 47 51 13 52 27 34 1 8 18 29 16 28 25 23 

 4 11 42 39 44 49	 => 189
 15 49 44 12 45 24	 => 189
 21 24 45 54 40 5	 => 189
 42 2 32 48 26 39	 => 189
 44 39 26 35 33 12	 => 189
 45 12 33 31 14 54	 => 189
 40 54 14 50 22 9	 => 189
 32 17 3 46 43 48	 => 189
 26 48 43 7 30 35	 => 189
 33 35 30 41 19 31	 => 189
 14 31 19 37 38 50	 => 189
 22 50 38 53 20 6	 => 189
 43 46 10 36 47 7	 => 189
 30 7 47 51 13 41	 => 189
 19 41 13 52 27 37	 => 189
 38 37 27 34 1 53	 => 190
 47 36 8 18 29 51	 => 189
 13 51 29 16 28 52	 => 189
 27 52 28 25 23 34	 => 189


===================[TEST 83]===================
Elapsed time: 27.000000 seconds
Total loop: 198 generations

Result : 186.500963

15 11 52 32 46 34 1 28 38 43 7 44 53 5 4 25 50 27 24 33 26 21 37 29 6 8 23 48 35 22 31 36 40 14 51 45 10 18 17 19 49 39 12 41 47 30 3 13 16 54 2 42 20 9 

 15 11 52 32 46 34	 => 190
 1 34 46 28 38 43	 => 190
 7 43 38 44 53 5	 => 190
 52 4 25 50 27 32	 => 190
 46 32 27 24 33 28	 => 190
 38 28 33 26 21 44	 => 190
 53 44 21 37 29 6	 => 190
 25 8 23 48 35 50	 => 189
 27 50 35 22 31 24	 => 189
 33 24 31 36 40 26	 => 190
 21 26 40 14 51 37	 => 189
 29 37 51 45 10 18	 => 190
 35 48 17 19 49 22	 => 190
 31 22 49 39 12 36	 => 189
 40 36 12 41 47 14	 => 190
 51 14 47 30 3 45	 => 190
 49 19 13 16 54 39	 => 190
 12 39 54 2 42 41	 => 190
 47 41 42 20 9 30	 => 189


===================[TEST 84]===================
Elapsed time: 25.000000 seconds
Total loop: 184 generations

Result : 186.478332

6 17 33 48 49 36 3 19 51 31 2 54 24 28 22 34 38 14 27 32 25 8 44 52 7 13 18 39 47 10 53 23 29 40 43 30 11 9 5 42 46 45 12 50 35 37 4 1 15 41 16 26 20 21 

 6 17 33 48 49 36	 => 189
 3 36 49 19 51 31	 => 189
 2 31 51 54 24 28	 => 190
 33 22 34 38 14 48	 => 189
 49 48 14 27 32 19	 => 189
 51 19 32 25 8 54	 => 189
 24 54 8 44 52 7	 => 189
 34 13 18 39 47 38	 => 189
 14 38 47 10 53 27	 => 189
 32 27 53 23 29 25	 => 189
 8 25 29 40 43 44	 => 189
 52 44 43 30 11 9	 => 189
 47 39 5 42 46 10	 => 189
 53 10 46 45 12 23	 => 189
 29 23 12 50 35 40	 => 189
 43 40 35 37 4 30	 => 189
 46 42 1 15 41 45	 => 190
 12 45 41 16 26 50	 => 190
 35 50 26 20 21 37	 => 189


===================[TEST 85]===================
Elapsed time: 17.000000 seconds
Total loop: 127 generations

Result : 186.639549

23 22 43 50 34 17 13 32 52 40 1 37 35 24 4 45 28 19 29 25 33 10 48 54 5 14 18 38 46 16 51 15 36 20 42 31 12 2 9 41 39 47 21 53 44 49 3 8 26 27 11 30 7 6 

 23 22 43 50 34 17	 => 189
 13 17 34 32 52 40	 => 188
 1 40 52 37 35 24	 => 189
 43 4 45 28 19 50	 => 189
 34 50 19 29 25 32	 => 189
 52 32 25 33 10 37	 => 189
 35 37 10 48 54 5	 => 189
 45 14 18 38 46 28	 => 189
 19 28 46 16 51 29	 => 189
 25 29 51 15 36 33	 => 189
 10 33 36 20 42 48	 => 189
 54 48 42 31 12 2	 => 189
 46 38 9 41 39 16	 => 189
 51 16 39 47 21 15	 => 189
 36 15 21 53 44 20	 => 189
 42 20 44 49 3 31	 => 189
 39 41 8 26 27 47	 => 188
 21 47 27 11 30 53	 => 189
 44 53 30 7 6 49	 => 189


===================[TEST 86]===================
Elapsed time: 22.000000 seconds
Total loop: 159 generations

Result : 186.850075

10 4 38 51 52 34 9 24 44 26 15 40 42 22 7 33 54 6 25 31 23 27 41 37 2 13 12 30 48 11 45 19 46 3 49 43 1 18 14 36 50 35 29 39 53 20 21 5 16 47 8 32 17 28 

 10 4 38 51 52 34	 => 189
 9 34 52 24 44 26	 => 189
 15 26 44 40 42 22	 => 189
 38 7 33 54 6 51	 => 189
 52 51 6 25 31 24	 => 189
 44 24 31 23 27 40	 => 189
 42 40 27 41 37 2	 => 189
 33 13 12 30 48 54	 => 190
 6 54 48 11 45 25	 => 189
 31 25 45 19 46 23	 => 189
 27 23 46 3 49 41	 => 189
 37 41 49 43 1 18	 => 189
 48 30 14 36 50 11	 => 189
 45 11 50 35 29 19	 => 189
 46 19 29 39 53 3	 => 189
 49 3 53 20 21 43	 => 189
 50 36 5 16 47 35	 => 189
 29 35 47 8 32 39	 => 190
 53 39 32 17 28 20	 => 189


===================[TEST 87]===================
Elapsed time: 38.000000 seconds
Total loop: 279 generations

Result : 186.478332

19 8 40 53 30 39 5 33 48 34 2 46 51 9 3 32 50 11 41 22 25 15 52 24 1 13 20 31 43 26 18 54 29 23 45 38 14 16 7 47 36 49 6 35 42 37 4 17 12 28 27 44 10 21 

 19 8 40 53 30 39	 => 189
 5 39 30 33 48 34	 => 189
 2 34 48 46 51 9	 => 190
 40 3 32 50 11 53	 => 189
 30 53 11 41 22 33	 => 190
 48 33 22 25 15 46	 => 189
 51 46 15 52 24 1	 => 189
 32 13 20 31 43 50	 => 189
 11 50 43 26 18 41	 => 189
 22 41 18 54 29 25	 => 189
 15 25 29 23 45 52	 => 189
 24 52 45 38 14 16	 => 189
 43 31 7 47 36 26	 => 190
 18 26 36 49 6 54	 => 189
 29 54 6 35 42 23	 => 189
 45 23 42 37 4 38	 => 189
 36 47 17 12 28 49	 => 189
 6 49 28 27 44 35	 => 189
 42 35 44 10 21 37	 => 189


===================[TEST 88]===================
Elapsed time: 29.000000 seconds
Total loop: 207 generations

Result : 185.411741

15 14 48 31 39 40 1 21 49 37 38 32 28 3 11 45 36 16 51 29 33 23 54 24 26 6 4 46 50 9 25 27 22 2 53 34 10 12 5 35 42 44 41 52 43 47 8 30 19 17 13 20 7 18 

 15 14 48 31 39 40	 => 187
 1 40 39 21 49 37	 => 187
 38 37 49 32 28 3	 => 187
 48 11 45 36 16 31	 => 187
 39 31 16 51 29 21	 => 187
 49 21 29 33 23 32	 => 187
 28 32 23 54 24 26	 => 187
 45 6 4 46 50 36	 => 187
 16 36 50 9 25 51	 => 187
 29 51 25 27 22 33	 => 187
 23 33 22 2 53 54	 => 187
 24 54 53 34 10 12	 => 187
 50 46 5 35 42 9	 => 187
 25 9 42 44 41 27	 => 188
 22 27 41 52 43 2	 => 187
 53 2 43 47 8 34	 => 187
 42 35 30 19 17 44	 => 187
 41 44 17 13 20 52	 => 187
 43 52 20 7 18 47	 => 187


===================[TEST 89]===================
Elapsed time: 53.000000 seconds
Total loop: 391 generations

Result : 187.268425

1 19 38 51 35 47 2 21 53 33 11 46 36 12 7 30 49 15 39 29 26 16 48 27 18 22 13 34 42 14 32 25 40 17 44 43 23 6 9 41 50 45 24 54 31 52 4 10 8 37 3 28 20 5 

 1 19 38 51 35 47	 => 191
 2 47 35 21 53 33	 => 191
 11 33 53 46 36 12	 => 191
 38 7 30 49 15 51	 => 190
 35 51 15 39 29 21	 => 190
 53 21 29 26 16 46	 => 191
 36 46 16 48 27 18	 => 191
 30 22 13 34 42 49	 => 190
 15 49 42 14 32 39	 => 191
 29 39 32 25 40 26	 => 191
 16 26 40 17 44 48	 => 191
 27 48 44 43 23 6	 => 191
 42 34 9 41 50 14	 => 190
 32 14 50 45 24 25	 => 190
 40 25 24 54 31 17	 => 191
 44 17 31 52 4 43	 => 191
 50 41 10 8 37 45	 => 191
 24 45 37 3 28 54	 => 191
 31 54 28 20 5 52	 => 190


===================[TEST 90]===================
Elapsed time: 34.000000 seconds
Total loop: 246 generations

Result : 187.053110

11 12 21 53 41 52 1 22 47 27 4 50 36 26 13 34 49 20 30 24 31 16 54 29 5 19 3 40 45 9 37 39 28 10 51 33 8 15 6 42 48 35 23 46 44 38 14 32 7 25 18 43 2 17 

 11 12 21 53 41 52	 => 190
 1 52 41 22 47 27	 => 190
 4 27 47 50 36 26	 => 190
 21 13 34 49 20 53	 => 190
 41 53 20 30 24 22	 => 190
 47 22 24 31 16 50	 => 190
 36 50 16 54 29 5	 => 190
 34 19 3 40 45 49	 => 190
 20 49 45 9 37 30	 => 190
 24 30 37 39 28 31	 => 189
 16 31 28 10 51 54	 => 190
 29 54 51 33 8 15	 => 190
 45 40 6 42 48 9	 => 190
 37 9 48 35 23 39	 => 191
 28 39 23 46 44 10	 => 190
 51 10 44 38 14 33	 => 190
 48 42 32 7 25 35	 => 189
 23 35 25 18 43 46	 => 190
 44 46 43 2 17 38	 => 190


===================[TEST 91]===================
Elapsed time: 19.000000 seconds
Total loop: 140 generations

Result : 184.615842

16 18 33 51 26 43 3 25 41 49 32 22 36 6 7 20 48 28 27 30 31 38 53 37 1 9 11 54 45 4 35 50 14 17 34 29 13 21 23 15 46 40 12 42 52 47 8 24 19 44 10 39 5 2 

 16 18 33 51 26 43	 => 187
 3 43 26 25 41 49	 => 187
 32 49 41 22 36 6	 => 186
 33 7 20 48 28 51	 => 187
 26 51 28 27 30 25	 => 187
 41 25 30 31 38 22	 => 187
 36 22 38 53 37 1	 => 187
 20 9 11 54 45 48	 => 187
 28 48 45 4 35 27	 => 187
 30 27 35 50 14 31	 => 187
 38 31 14 17 34 53	 => 187
 37 53 34 29 13 21	 => 187
 45 54 23 15 46 4	 => 187
 35 4 46 40 12 50	 => 187
 14 50 12 42 52 17	 => 187
 34 17 52 47 8 29	 => 187
 46 15 24 19 44 40	 => 188
 12 40 44 10 39 42	 => 187
 52 42 39 5 2 47	 => 187


===================[TEST 92]===================
Elapsed time: 52.000000 seconds
Total loop: 378 generations

Result : 187.500963

9 11 29 49 45 48 10 13 31 43 21 53 27 16 8 35 52 17 28 39 32 22 50 37 2 23 1 44 36 25 33 34 24 12 51 40 7 5 3 42 41 38 20 47 54 30 4 18 6 46 14 26 15 19 

 9 11 29 49 45 48	 => 191
 10 48 45 13 31 43	 => 190
 21 43 31 53 27 16	 => 191
 29 8 35 52 17 49	 => 190
 45 49 17 28 39 13	 => 191
 31 13 39 32 22 53	 => 190
 27 53 22 50 37 2	 => 191
 35 23 1 44 36 52	 => 191
 17 52 36 25 33 28	 => 191
 39 28 33 34 24 32	 => 190
 22 32 24 12 51 50	 => 191
 37 50 51 40 7 5	 => 190
 36 44 3 42 41 25	 => 191
 33 25 41 38 20 34	 => 191
 24 34 20 47 54 12	 => 191
 51 12 54 30 4 40	 => 191
 41 42 18 6 46 38	 => 191
 20 38 46 14 26 47	 => 191
 54 47 26 15 19 30	 => 191


===================[TEST 93]===================
Elapsed time: 54.000000 seconds
Total loop: 397 generations

Result : 187.639549

15 5 43 32 54 41 10 23 40 22 19 49 46 14 3 34 51 27 21 33 37 8 30 39 17 13 4 52 36 20 35 26 38 24 53 44 16 7 1 31 50 47 12 48 42 25 2 6 11 45 9 29 28 18 

 15 5 43 32 54 41	 => 190
 10 41 54 23 40 22	 => 190
 19 22 40 49 46 14	 => 190
 43 3 34 51 27 32	 => 190
 54 32 27 21 33 23	 => 190
 40 23 33 37 8 49	 => 190
 46 49 8 30 39 17	 => 189
 34 13 4 52 36 51	 => 190
 27 51 36 20 35 21	 => 190
 33 21 35 26 38 37	 => 190
 8 37 38 24 53 30	 => 190
 39 30 53 44 16 7	 => 189
 36 52 1 31 50 20	 => 190
 35 20 50 47 12 26	 => 190
 38 26 12 48 42 24	 => 190
 53 24 42 25 2 44	 => 190
 50 31 6 11 45 47	 => 190
 12 47 45 9 29 48	 => 190
 42 48 29 28 18 25	 => 190


===================[TEST 94]===================
Elapsed time: 53.000000 seconds
Total loop: 386 generations

Result : 187.850075

2 23 32 49 41 43 7 13 51 35 4 47 44 9 6 33 36 34 25 28 38 14 54 30 1 19 5 45 52 16 27 46 26 18 40 37 17 12 3 24 50 31 20 42 39 48 8 10 22 53 15 29 11 21 

 2 23 32 49 41 43	 => 190
 7 43 41 13 51 35	 => 190
 4 35 51 47 44 9	 => 190
 32 6 33 36 34 49	 => 190
 41 49 34 25 28 13	 => 190
 51 13 28 38 14 47	 => 191
 44 47 14 54 30 1	 => 190
 33 19 5 45 52 36	 => 190
 34 36 52 16 27 25	 => 190
 28 25 27 46 26 38	 => 190
 14 38 26 18 40 54	 => 190
 30 54 40 37 17 12	 => 190
 52 45 3 24 50 16	 => 190
 27 16 50 31 20 46	 => 190
 26 46 20 42 39 18	 => 191
 40 18 39 48 8 37	 => 190
 50 24 10 22 53 31	 => 190
 20 31 53 15 29 42	 => 190
 39 42 29 11 21 48	 => 190


===================[TEST 95]===================
Elapsed time: 33.000000 seconds
Total loop: 242 generations

Result (Solution) : 188.000000

9 13 33 50 49 34 8 31 23 43 21 53 42 6 1 47 52 5 37 16 45 20 25 41 7 4 10 27 48 11 35 40 15 32 51 28 29 14 2 54 46 38 18 44 39 26 12 17 3 30 22 36 24 19 

 9 13 33 50 49 34	 => 188
 8 34 49 31 23 43	 => 188
 21 43 23 53 42 6	 => 188
 33 1 47 52 5 50	 => 188
 49 50 5 37 16 31	 => 188
 23 31 16 45 20 53	 => 188
 42 53 20 25 41 7	 => 188
 47 4 10 27 48 52	 => 188
 5 52 48 11 35 37	 => 188
 16 37 35 40 15 45	 => 188
 20 45 15 32 51 25	 => 188
 41 25 51 28 29 14	 => 188
 48 27 2 54 46 11	 => 188
 35 11 46 38 18 40	 => 188
 15 40 18 44 39 32	 => 188
 51 32 39 26 12 28	 => 188
 46 54 17 3 30 38	 => 188
 18 38 30 22 36 44	 => 188
 39 44 36 24 19 26	 => 188


===================[TEST 96]===================
Elapsed time: 23.000000 seconds
Total loop: 171 generations

Result : 187.214684

2 11 40 54 37 47 3 23 33 48 19 52 32 6 8 27 51 10 30 36 24 22 35 44 5 14 21 38 39 17 43 28 29 31 49 34 16 12 18 26 53 42 7 46 50 25 1 20 4 45 9 41 15 13 

 2 11 40 54 37 47	 => 191
 3 47 37 23 33 48	 => 191
 19 48 33 52 32 6	 => 190
 40 8 27 51 10 54	 => 190
 37 54 10 30 36 23	 => 190
 33 23 36 24 22 52	 => 190
 32 52 22 35 44 5	 => 190
 27 14 21 38 39 51	 => 190
 10 51 39 17 43 30	 => 190
 36 30 43 28 29 24	 => 190
 22 24 29 31 49 35	 => 190
 44 35 49 34 16 12	 => 190
 39 38 18 26 53 17	 => 191
 43 17 53 42 7 28	 => 190
 29 28 7 46 50 31	 => 191
 49 31 50 25 1 34	 => 190
 53 26 20 4 45 42	 => 190
 7 42 45 9 41 46	 => 190
 50 46 41 15 13 25	 => 190


===================[TEST 97]===================
Elapsed time: 31.000000 seconds
Total loop: 228 generations

Result : 184.857174

28 1 46 45 35 34 6 25 51 37 19 36 33 12 8 20 52 17 24 43 29 5 54 42 18 22 26 38 31 21 44 7 41 11 48 39 2 4 3 47 49 40 27 53 50 30 10 16 13 23 14 32 15 9 

 28 1 46 45 35 34	 => 189
 6 34 35 25 51 37	 => 188
 19 37 51 36 33 12	 => 188
 46 8 20 52 17 45	 => 188
 35 45 17 24 43 25	 => 189
 51 25 43 29 5 36	 => 189
 33 36 5 54 42 18	 => 188
 20 22 26 38 31 52	 => 189
 17 52 31 21 44 24	 => 189
 43 24 44 7 41 29	 => 188
 5 29 41 11 48 54	 => 188
 42 54 48 39 2 4	 => 189
 31 38 3 47 49 21	 => 189
 44 21 49 40 27 7	 => 188
 41 7 27 53 50 11	 => 189
 48 11 50 30 10 39	 => 188
 49 47 16 13 23 40	 => 188
 27 40 23 14 32 53	 => 189
 50 53 32 15 9 30	 => 189


===================[TEST 98]===================
Elapsed time: 61.000000 seconds
Total loop: 444 generations

Result : 188.162543

18 1 28 51 48 45 2 9 46 41 4 47 33 20 14 34 52 12 35 36 29 24 53 26 7 21 3 37 44 23 25 27 38 16 31 40 22 19 5 32 50 49 17 39 54 42 8 11 6 43 13 30 10 15 

 18 1 28 51 48 45	 => 191
 2 45 48 9 46 41	 => 191
 4 41 46 47 33 20	 => 191
 28 14 34 52 12 51	 => 191
 48 51 12 35 36 9	 => 191
 46 9 36 29 24 47	 => 191
 33 47 24 53 26 7	 => 190
 34 21 3 37 44 52	 => 191
 12 52 44 23 25 35	 => 191
 36 35 25 27 38 29	 => 190
 24 29 38 16 31 53	 => 191
 26 53 31 40 22 19	 => 191
 44 37 5 32 50 23	 => 191
 25 23 50 49 17 27	 => 191
 38 27 17 39 54 16	 => 191
 31 16 54 42 8 40	 => 191
 50 32 11 6 43 49	 => 191
 17 49 43 13 30 39	 => 191
 54 39 30 10 15 42	 => 190


===================[TEST 99]===================
Elapsed time: 14.000000 seconds
Total loop: 104 generations

Result : 185.615842

15 21 35 38 54 25 5 8 53 43 19 45 24 4 3 32 44 37 34 17 36 29 33 51 6 7 26 39 40 13 20 50 31 18 41 42 9 12 1 47 48 46 10 52 27 49 11 2 23 22 28 30 16 14 

 15 21 35 38 54 25	 => 188
 5 25 54 8 53 43	 => 188
 19 43 53 45 24 4	 => 188
 35 3 32 44 37 38	 => 189
 54 38 37 34 17 8	 => 188
 53 8 17 36 29 45	 => 188
 24 45 29 33 51 6	 => 188
 32 7 26 39 40 44	 => 188
 37 44 40 13 20 34	 => 188
 17 34 20 50 31 36	 => 188
 29 36 31 18 41 33	 => 188
 51 33 41 42 9 12	 => 188
 40 39 1 47 48 13	 => 188
 20 13 48 46 10 50	 => 187
 31 50 10 52 27 18	 => 188
 41 18 27 49 11 42	 => 188
 48 47 2 23 22 46	 => 188
 10 46 22 28 30 52	 => 188
 27 52 30 16 14 49	 => 188


===================[TEST 100]===================
Elapsed time: 28.000000 seconds
Total loop: 206 generations

Result : 188.306478

10 2 46 43 45 44 8 17 51 25 20 39 27 28 7 30 50 14 40 31 33 19 53 34 18 29 16 24 41 22 23 37 26 21 38 42 12 11 13 36 54 47 6 52 48 32 9 15 3 35 1 49 5 4 

 10 2 46 43 45 44	 => 190
 8 44 45 17 51 25	 => 190
 20 25 51 39 27 28	 => 190
 46 7 30 50 14 43	 => 190
 45 43 14 40 31 17	 => 190
 51 17 31 33 19 39	 => 190
 27 39 19 53 34 18	 => 190
 30 29 16 24 41 50	 => 190
 14 50 41 22 23 40	 => 190
 31 40 23 37 26 33	 => 190
 19 33 26 21 38 53	 => 190
 34 53 38 42 12 11	 => 190
 41 24 13 36 54 22	 => 190
 23 22 54 47 6 37	 => 189
 26 37 6 52 48 21	 => 190
 38 21 48 32 9 42	 => 190
 54 36 15 3 35 47	 => 190
 6 47 35 1 49 52	 => 190
 48 52 49 5 4 32	 => 190



test#	fitness		sum		time
---------------------------------------------------
1	184.628291			22.000000
2	187.500963			42.000000
3	186.478332			21.000000
4	186.615842			35.000000
5	186.950803			30.000000
6	186.793632			48.000000
7	187.162543			38.000000
8	185.850075			14.000000
9	187.639549			35.000000
10	187.158373			42.000000
11	187.306478			42.000000
12	187.639549			50.000000
13	186.500963			41.000000
14	187.478332			42.000000
15	184.900004			16.000000
16	188.411741			48.000000
17	189.000000	189	52.000000
18	187.411741			35.000000
19	185.500963			20.000000
20	188.411741			898.000000
21	185.158373			17.000000
22	187.027279			33.000000
23	186.162543			21.000000
24	187.306478			38.000000
25	187.411741			29.000000
26	186.950803			74.000000
27	186.950803			32.000000
28	184.960730			19.000000
29	186.639549			26.000000
30	187.639549			50.000000
31	187.162543			33.000000
32	187.639549			24.000000
33	187.086851			65.000000
34	188.411741			20.000000
35	187.411741			38.000000
36	186.823693			47.000000
37	186.478332			31.000000
38	186.255426			30.000000
39	187.306478			29.000000
40	187.268425			47.000000
41	186.850075			42.000000
42	186.793632			37.000000
43	190.000000	190	58.000000
44	186.268425			40.000000
45	187.162543			37.000000
46	187.639549			27.000000
47	186.214684			28.000000
48	184.850075			22.000000
49	187.478332			37.000000
50	186.478332			26.000000
51	187.306478			40.000000
52	186.411741			23.000000
53	187.411741			39.000000
54	187.158373			29.000000
55	188.411741			60.000000
56	187.053110			47.000000
57	186.823483			35.000000
58	184.612956			16.000000
59	188.411741			45.000000
60	186.850075			36.000000
61	186.086851			42.000000
62	186.500963			30.000000
63	187.306478			33.000000
64	187.639549			42.000000
65	184.478332			16.000000
66	187.850075			28.000000
67	184.950803			18.000000
68	187.306478			37.000000
69	187.478332			51.000000
70	187.500963			38.000000
71	185.639549			16.000000
72	188.306478			36.000000
73	186.268425			25.000000
74	186.255426			19.000000
75	184.639549			26.000000
76	187.162543			36.000000
77	187.850075			54.000000
78	186.639549			26.000000
79	188.162543			27.000000
80	186.268425			27.000000
81	187.162543			32.000000
82	187.411741			32.000000
83	186.500963			27.000000
84	186.478332			25.000000
85	186.639549			17.000000
86	186.850075			22.000000
87	186.478332			38.000000
88	185.411741			29.000000
89	187.268425			53.000000
90	187.053110			34.000000
91	184.615842			19.000000
92	187.500963			52.000000
93	187.639549			54.000000
94	187.850075			53.000000
95	188.000000	188	33.000000
96	187.214684			23.000000
97	184.857174			31.000000
98	188.162543			61.000000
99	185.615842			14.000000
100	188.306478			28.000000


---------------------------------------------------
Best fitness      : 190.000000 ( test# 43)
Best solution sum : 190 ( test# 43)
Shortest time     : 14.000000 ( test# 8)

Average fitness   : 186.888890
Average sol. sum  : 189.000000
Average time      : 43.020000
