****************** GA TEST *******************

total test#:			 100
hexa min width:			 12
hexa max width:			 12
hexa count:			 12
number count:			 50
population size:		 100
generation size:		 30

tournament winner p:		 0.600000
xover uniform p:		 0.600000
do mutation1 p:			 0.100000
mutation1 p:			 0.050000
do optimize p:			 1.000000
local optimize count:		 300
do deep better optimize p:	 1.000000
do deep worse optimize p:	 0.000000
do spin p:			 0.000000
spin count:			 1000
do spin apply p:		 1.000000
do mutation2 p:			 0.100000
mutation2 p:			 0.100000
force mutation2:		 0
replace bad p:			 0.100000

converge rate p:		 0.990000
converge count:			 5

**********************************************

Push [Enter] to continue...


===================[TEST 1]===================
Elapsed time: 4.000000 seconds
Total loop: 369 generations

Result (Solution) : 173.000000

14 30 33 19 27 50 10 29 16 41 20 36 25 35 4 22 47 40 3 15 42 26 12 24 37 32 17 8 45 34 1 31 18 44 6 11 46 48 7 5 28 39 2 23 43 38 13 21 49 9 

 14 30 33 19 27 50	 => 173
 10 50 27 29 16 41	 => 173
 20 41 16 36 25 35	 => 173
 4 35 25 22 47 40	 => 173
 3 40 47 15 42 26	 => 173
 12 26 42 24 37 32	 => 173
 17 32 37 8 45 34	 => 173
 1 34 45 31 18 44	 => 173
 6 44 18 11 46 48	 => 173
 7 48 46 5 28 39	 => 173
 2 39 28 23 43 38	 => 173
 13 38 43 21 49 9	 => 173


===================[TEST 2]===================
Elapsed time: 4.000000 seconds
Total loop: 248 generations

Result : 168.128993

17 39 22 9 34 49 18 29 16 24 20 33 37 40 11 15 23 44 1 48 43 12 7 32 45 31 4 27 25 38 8 13 50 36 6 10 21 47 30 2 42 28 14 5 46 35 19 26 3 41 

 17 39 22 9 34 49	 => 170
 18 49 34 29 16 24	 => 170
 20 24 16 33 37 40	 => 170
 11 40 37 15 23 44	 => 170
 1 44 23 48 43 12	 => 171
 7 12 43 32 45 31	 => 170
 4 31 45 27 25 38	 => 170
 8 38 25 13 50 36	 => 170
 6 36 50 10 21 47	 => 170
 30 47 21 2 42 28	 => 170
 14 28 42 5 46 35	 => 170
 19 35 46 26 3 41	 => 170


===================[TEST 3]===================
Elapsed time: 5.000000 seconds
Total loop: 450 generations

Result (Solution) : 170.000000

16 32 36 14 24 48 7 15 30 46 27 8 49 10 25 17 47 22 23 12 45 21 20 11 34 39 19 5 35 38 2 3 50 42 18 13 4 43 44 9 37 33 26 6 40 28 29 41 31 1 

 16 32 36 14 24 48	 => 170
 7 48 24 15 30 46	 => 170
 27 46 30 8 49 10	 => 170
 25 10 49 17 47 22	 => 170
 23 22 47 12 45 21	 => 170
 20 21 45 11 34 39	 => 170
 19 39 34 5 35 38	 => 170
 2 38 35 3 50 42	 => 170
 18 42 50 13 4 43	 => 170
 44 43 4 9 37 33	 => 170
 26 33 37 6 40 28	 => 170
 29 28 40 41 31 1	 => 170


===================[TEST 4]===================
Elapsed time: 6.000000 seconds
Total loop: 512 generations

Result : 172.128993

21 23 39 3 40 48 9 1 42 34 5 24 47 22 14 16 32 43 8 19 35 37 10 18 46 28 15 2 33 50 6 4 36 45 12 13 41 27 29 17 49 11 26 20 30 38 7 31 44 25 

 21 23 39 3 40 48	 => 174
 9 48 40 1 42 34	 => 174
 5 34 42 24 47 22	 => 174
 14 22 47 16 32 43	 => 174
 8 43 32 19 35 37	 => 174
 10 37 35 18 46 28	 => 174
 15 28 46 2 33 50	 => 174
 6 50 33 4 36 45	 => 174
 12 45 36 13 41 27	 => 174
 29 27 41 17 49 11	 => 174
 26 11 49 20 30 38	 => 174
 7 38 30 31 44 25	 => 175


===================[TEST 5]===================
Elapsed time: 12.000000 seconds
Total loop: 1007 generations

Result : 171.128993

38 19 6 18 50 42 4 1 40 36 2 11 43 41 15 14 16 44 13 24 30 46 26 20 28 23 22 33 21 47 25 17 34 29 31 3 27 49 7 10 48 32 8 9 39 37 5 12 35 45 

 38 19 6 18 50 42	 => 173
 4 42 50 1 40 36	 => 173
 2 36 40 11 43 41	 => 173
 15 41 43 14 16 44	 => 173
 13 44 16 24 30 46	 => 173
 26 46 30 20 28 23	 => 173
 22 23 28 33 21 47	 => 174
 25 47 21 17 34 29	 => 173
 31 29 34 3 27 49	 => 173
 7 49 27 10 48 32	 => 173
 8 32 48 9 39 37	 => 173
 5 37 39 12 35 45	 => 173


===================[TEST 6]===================
Elapsed time: 4.000000 seconds
Total loop: 320 generations

Result : 172.128993

46 2 4 38 41 43 15 6 50 19 5 9 44 47 10 8 45 20 35 12 33 29 21 14 37 40 23 16 27 31 17 24 39 36 22 7 28 42 18 3 49 34 1 11 48 32 30 13 25 26 

 46 2 4 38 41 43	 => 174
 15 43 41 6 50 19	 => 174
 5 19 50 9 44 47	 => 174
 10 47 44 8 45 20	 => 174
 35 20 45 12 33 29	 => 174
 21 29 33 14 37 40	 => 174
 23 40 37 16 27 31	 => 174
 17 31 27 24 39 36	 => 174
 22 36 39 7 28 42	 => 174
 18 42 28 3 49 34	 => 174
 1 34 49 11 48 32	 => 175
 30 32 48 13 25 26	 => 174


===================[TEST 7]===================
Elapsed time: 8.000000 seconds
Total loop: 627 generations

Result : 172.962327

7 22 45 9 50 42 15 2 38 28 10 20 30 49 18 25 21 32 14 19 41 48 1 17 36 31 4 26 35 43 16 8 39 34 12 6 44 40 5 27 46 13 3 29 47 37 24 23 33 11 

 7 22 45 9 50 42	 => 175
 15 42 50 2 38 28	 => 175
 10 28 38 20 30 49	 => 175
 18 49 30 25 21 32	 => 175
 14 32 21 19 41 48	 => 175
 1 48 41 17 36 31	 => 174
 4 31 36 26 35 43	 => 175
 16 43 35 8 39 34	 => 175
 12 34 39 6 44 40	 => 175
 5 40 44 27 46 13	 => 175
 3 13 46 29 47 37	 => 175
 24 37 47 23 33 11	 => 175


===================[TEST 8]===================
Elapsed time: 4.000000 seconds
Total loop: 310 generations

Result (Solution) : 171.000000

29 36 42 10 33 21 18 25 27 47 4 1 49 43 5 8 46 20 13 26 34 32 12 15 41 37 11 7 35 40 16 38 23 19 14 22 45 48 9 2 17 50 28 6 39 31 44 30 3 24 

 29 36 42 10 33 21	 => 171
 18 21 33 25 27 47	 => 171
 4 47 27 1 49 43	 => 171
 5 43 49 8 46 20	 => 171
 13 20 46 26 34 32	 => 171
 12 32 34 15 41 37	 => 171
 11 37 41 7 35 40	 => 171
 16 40 35 38 23 19	 => 171
 14 19 23 22 45 48	 => 171
 9 48 45 2 17 50	 => 171
 28 50 17 6 39 31	 => 171
 44 31 39 30 3 24	 => 171


===================[TEST 9]===================
Elapsed time: 4.000000 seconds
Total loop: 314 generations

Result (Solution) : 174.000000

22 25 16 38 41 32 6 9 37 49 5 3 44 36 12 7 29 46 35 13 30 21 31 8 34 50 2 18 28 42 10 4 47 43 11 1 33 39 15 20 27 40 23 19 17 48 26 14 45 24 

 22 25 16 38 41 32	 => 174
 6 32 41 9 37 49	 => 174
 5 49 37 3 44 36	 => 174
 12 36 44 7 29 46	 => 174
 35 46 29 13 30 21	 => 174
 31 21 30 8 34 50	 => 174
 2 50 34 18 28 42	 => 174
 10 42 28 4 47 43	 => 174
 11 43 47 1 33 39	 => 174
 15 39 33 20 27 40	 => 174
 23 40 27 19 17 48	 => 174
 26 48 17 14 45 24	 => 174


===================[TEST 10]===================
Elapsed time: 3.000000 seconds
Total loop: 266 generations

Result : 168.188138

17 43 11 15 50 36 10 22 35 18 34 6 48 30 1 7 47 38 5 3 45 33 31 4 19 39 2 28 37 46 13 8 25 42 27 21 16 40 20 41 26 29 12 23 49 32 9 44 14 24 

 17 43 11 15 50 36	 => 172
 10 36 50 22 35 18	 => 171
 34 18 35 6 48 30	 => 171
 1 30 48 7 47 38	 => 171
 5 38 47 3 45 33	 => 171
 31 33 45 4 19 39	 => 171
 2 39 19 28 37 46	 => 171
 13 46 37 8 25 42	 => 171
 27 42 25 21 16 40	 => 171
 20 40 16 41 26 29	 => 172
 12 29 26 23 49 32	 => 171
 9 32 49 44 14 24	 => 172


===================[TEST 11]===================
Elapsed time: 6.000000 seconds
Total loop: 452 generations

Result : 170.962327

10 32 14 30 47 39 3 5 38 41 20 21 18 35 1 25 46 48 11 16 45 7 29 17 49 26 13 2 40 43 12 9 50 19 34 6 33 31 23 27 22 37 4 24 42 44 36 28 15 8 

 10 32 14 30 47 39	 => 172
 3 39 47 5 38 41	 => 173
 20 41 38 21 18 35	 => 173
 1 35 18 25 46 48	 => 173
 11 48 46 16 45 7	 => 173
 29 7 45 17 49 26	 => 173
 13 26 49 2 40 43	 => 173
 12 43 40 9 50 19	 => 173
 34 19 50 6 33 31	 => 173
 23 31 33 27 22 37	 => 173
 4 37 22 24 42 44	 => 173
 36 44 42 28 15 8	 => 173


===================[TEST 12]===================
Elapsed time: 4.000000 seconds
Total loop: 292 generations

Result (Solution) : 173.000000

36 21 27 4 42 43 15 7 18 48 3 28 26 50 20 25 39 13 29 6 41 45 12 10 34 31 19 17 32 40 14 2 47 38 5 11 37 35 23 1 33 44 22 9 49 16 46 8 30 24 

 36 21 27 4 42 43	 => 173
 15 43 42 7 18 48	 => 173
 3 48 18 28 26 50	 => 173
 20 50 26 25 39 13	 => 173
 29 13 39 6 41 45	 => 173
 12 45 41 10 34 31	 => 173
 19 31 34 17 32 40	 => 173
 14 40 32 2 47 38	 => 173
 5 38 47 11 37 35	 => 173
 23 35 37 1 33 44	 => 173
 22 44 33 9 49 16	 => 173
 46 16 49 8 30 24	 => 173


===================[TEST 13]===================
Elapsed time: 5.000000 seconds
Total loop: 424 generations

Result : 172.128993

3 49 20 18 46 38 23 2 31 34 16 24 41 28 7 13 37 48 8 9 30 42 15 22 26 39 50 4 36 19 5 25 44 45 6 1 43 35 14 17 33 32 11 12 40 47 21 10 29 27 

 3 49 20 18 46 38	 => 174
 23 38 46 2 31 34	 => 174
 16 34 31 24 41 28	 => 174
 7 28 41 13 37 48	 => 174
 8 48 37 9 30 42	 => 174
 15 42 30 22 26 39	 => 174
 50 39 26 4 36 19	 => 174
 5 19 36 25 44 45	 => 174
 6 45 44 1 43 35	 => 174
 14 35 43 17 33 32	 => 174
 11 32 33 12 40 47	 => 175
 21 47 40 10 29 27	 => 174


===================[TEST 14]===================
Elapsed time: 5.000000 seconds
Total loop: 437 generations

Result (Solution) : 171.000000

15 12 33 30 49 32 4 13 50 23 8 6 37 47 10 5 38 34 3 7 43 46 11 9 35 27 25 16 28 40 24 31 29 19 20 17 42 44 36 21 26 2 18 39 45 41 48 22 14 1 

 15 12 33 30 49 32	 => 171
 4 32 49 13 50 23	 => 171
 8 23 50 6 37 47	 => 171
 10 47 37 5 38 34	 => 171
 3 34 38 7 43 46	 => 171
 11 46 43 9 35 27	 => 171
 25 27 35 16 28 40	 => 171
 24 40 28 31 29 19	 => 171
 20 19 29 17 42 44	 => 171
 36 44 42 21 26 2	 => 171
 18 2 26 39 45 41	 => 171
 48 41 45 22 14 1	 => 171


===================[TEST 15]===================
Elapsed time: 5.000000 seconds
Total loop: 361 generations

Result : 171.688138

25 17 30 22 41 40 12 7 26 49 8 6 46 39 1 11 28 50 2 19 45 31 20 5 27 47 9 14 36 42 23 10 29 35 34 13 43 21 3 37 38 32 24 4 44 33 18 15 16 48 

 25 17 30 22 41 40	 => 175
 12 40 41 7 26 49	 => 175
 8 49 26 6 46 39	 => 174
 1 39 46 11 28 50	 => 175
 2 50 28 19 45 31	 => 175
 20 31 45 5 27 47	 => 175
 9 47 27 14 36 42	 => 175
 23 42 36 10 29 35	 => 175
 34 35 29 13 43 21	 => 175
 3 21 43 37 38 32	 => 174
 24 32 38 4 44 33	 => 175
 18 33 44 15 16 48	 => 174


===================[TEST 16]===================
Elapsed time: 4.000000 seconds
Total loop: 305 generations

Result : 173.128993

16 36 9 18 47 49 3 4 43 29 5 20 50 28 8 24 31 34 19 17 35 39 2 22 44 33 12 6 42 38 13 15 30 37 26 7 27 48 21 23 46 10 1 32 45 41 14 25 11 40 

 16 36 9 18 47 49	 => 175
 3 49 47 4 43 29	 => 175
 5 29 43 20 50 28	 => 175
 8 28 50 24 31 34	 => 175
 19 34 31 17 35 39	 => 175
 2 39 35 22 44 33	 => 175
 12 33 44 6 42 38	 => 175
 13 38 42 15 30 37	 => 175
 26 37 30 7 27 48	 => 175
 21 48 27 23 46 10	 => 175
 1 10 46 32 45 41	 => 175
 14 41 45 25 11 40	 => 176


===================[TEST 17]===================
Elapsed time: 5.000000 seconds
Total loop: 434 generations

Result (Solution) : 173.000000

21 41 6 34 33 38 4 15 36 47 2 26 20 42 3 12 46 50 14 9 24 30 23 17 31 48 13 7 45 29 5 18 39 37 28 10 32 27 8 19 43 44 25 1 49 11 22 35 40 16 

 21 41 6 34 33 38	 => 173
 4 38 33 15 36 47	 => 173
 2 47 36 26 20 42	 => 173
 3 42 20 12 46 50	 => 173
 14 50 46 9 24 30	 => 173
 23 30 24 17 31 48	 => 173
 13 48 31 7 45 29	 => 173
 5 29 45 18 39 37	 => 173
 28 37 39 10 32 27	 => 173
 8 27 32 19 43 44	 => 173
 25 44 43 1 49 11	 => 173
 22 11 49 35 40 16	 => 173


===================[TEST 18]===================
Elapsed time: 4.000000 seconds
Total loop: 351 generations

Result (Solution) : 174.000000

16 9 14 49 48 38 12 3 37 36 17 21 13 50 19 4 43 45 2 6 31 47 7 15 35 39 23 11 44 22 32 10 46 20 8 26 41 33 1 25 40 34 24 5 29 42 18 28 30 27 

 16 9 14 49 48 38	 => 174
 12 38 48 3 37 36	 => 174
 17 36 37 21 13 50	 => 174
 19 50 13 4 43 45	 => 174
 2 45 43 6 31 47	 => 174
 7 47 31 15 35 39	 => 174
 23 39 35 11 44 22	 => 174
 32 22 44 10 46 20	 => 174
 8 20 46 26 41 33	 => 174
 1 33 41 25 40 34	 => 174
 24 34 40 5 29 42	 => 174
 18 42 29 28 30 27	 => 174


===================[TEST 19]===================
Elapsed time: 5.000000 seconds
Total loop: 356 generations

Result (Solution) : 172.000000

10 15 42 29 45 31 5 12 44 35 2 21 37 33 7 17 46 32 30 8 13 43 34 11 24 47 22 3 50 26 14 25 38 19 4 23 49 39 6 28 41 9 18 16 40 48 1 20 27 36 

 10 15 42 29 45 31	 => 172
 5 31 45 12 44 35	 => 172
 2 35 44 21 37 33	 => 172
 7 33 37 17 46 32	 => 172
 30 32 46 8 13 43	 => 172
 34 43 13 11 24 47	 => 172
 22 47 24 3 50 26	 => 172
 14 26 50 25 38 19	 => 172
 4 19 38 23 49 39	 => 172
 6 39 49 28 41 9	 => 172
 18 9 41 16 40 48	 => 172
 1 48 40 20 27 36	 => 172


===================[TEST 20]===================
Elapsed time: 4.000000 seconds
Total loop: 372 generations

Result : 169.128993

50 19 7 14 41 40 8 11 23 48 16 4 38 42 10 30 34 18 2 49 36 32 13 20 43 27 1 24 29 47 17 6 35 37 3 21 31 44 15 39 33 9 26 12 46 45 28 25 5 22 

 50 19 7 14 41 40	 => 171
 8 40 41 11 23 48	 => 171
 16 48 23 4 38 42	 => 171
 10 42 38 30 34 18	 => 172
 2 18 34 49 36 32	 => 171
 13 32 36 20 43 27	 => 171
 1 27 43 24 29 47	 => 171
 17 47 29 6 35 37	 => 171
 3 37 35 21 31 44	 => 171
 15 44 31 39 33 9	 => 171
 26 9 33 12 46 45	 => 171
 28 45 46 25 5 22	 => 171


===================[TEST 21]===================
Elapsed time: 5.000000 seconds
Total loop: 362 generations

Result (Solution) : 171.000000

12 5 18 49 43 44 11 1 35 37 32 14 33 20 26 28 47 17 21 6 39 41 13 2 45 31 7 4 38 46 27 16 8 36 22 15 42 48 30 3 23 25 34 10 29 50 9 40 24 19 

 12 5 18 49 43 44	 => 171
 11 44 43 1 35 37	 => 171
 32 37 35 14 33 20	 => 171
 26 20 33 28 47 17	 => 171
 21 17 47 6 39 41	 => 171
 13 41 39 2 45 31	 => 171
 7 31 45 4 38 46	 => 171
 27 46 38 16 8 36	 => 171
 22 36 8 15 42 48	 => 171
 30 48 42 3 23 25	 => 171
 34 25 23 10 29 50	 => 171
 9 50 29 40 24 19	 => 171


===================[TEST 22]===================
Elapsed time: 6.000000 seconds
Total loop: 470 generations

Result : 173.128993

41 24 5 13 43 49 3 4 36 40 20 1 42 37 11 28 47 10 16 22 50 30 2 23 44 26 21 6 45 33 8 12 48 29 15 9 35 39 31 7 25 38 18 14 34 46 19 27 32 17 

 41 24 5 13 43 49	 => 175
 3 49 43 4 36 40	 => 175
 20 40 36 1 42 37	 => 176
 11 37 42 28 47 10	 => 175
 16 10 47 22 50 30	 => 175
 2 30 50 23 44 26	 => 175
 21 26 44 6 45 33	 => 175
 8 33 45 12 48 29	 => 175
 15 29 48 9 35 39	 => 175
 31 39 35 7 25 38	 => 175
 18 38 25 14 34 46	 => 175
 19 46 34 27 32 17	 => 175


===================[TEST 23]===================
Elapsed time: 3.000000 seconds
Total loop: 284 generations

Result : 170.128993

27 39 28 10 47 21 20 15 35 34 32 7 38 26 2 36 40 31 8 6 46 41 9 1 30 45 12 5 37 43 19 16 13 44 18 24 48 25 23 29 14 33 4 22 49 50 3 42 11 17 

 27 39 28 10 47 21	 => 172
 20 21 47 15 35 34	 => 172
 32 34 35 7 38 26	 => 172
 2 26 38 36 40 31	 => 173
 8 31 40 6 46 41	 => 172
 9 41 46 1 30 45	 => 172
 12 45 30 5 37 43	 => 172
 19 43 37 16 13 44	 => 172
 18 44 13 24 48 25	 => 172
 23 25 48 29 14 33	 => 172
 4 33 14 22 49 50	 => 172
 3 50 49 42 11 17	 => 172


===================[TEST 24]===================
Elapsed time: 8.000000 seconds
Total loop: 615 generations

Result (Solution) : 175.000000

31 43 17 13 38 33 26 10 29 39 23 11 27 46 6 4 50 42 12 2 25 44 15 3 40 48 5 1 34 47 7 14 24 49 9 18 30 45 22 20 37 21 32 8 36 41 16 28 19 35 

 31 43 17 13 38 33	 => 175
 26 33 38 10 29 39	 => 175
 23 39 29 11 27 46	 => 175
 6 46 27 4 50 42	 => 175
 12 42 50 2 25 44	 => 175
 15 44 25 3 40 48	 => 175
 5 48 40 1 34 47	 => 175
 7 47 34 14 24 49	 => 175
 9 49 24 18 30 45	 => 175
 22 45 30 20 37 21	 => 175
 32 21 37 8 36 41	 => 175
 16 41 36 28 19 35	 => 175


===================[TEST 25]===================
Elapsed time: 3.000000 seconds
Total loop: 255 generations

Result : 170.128993

13 34 22 38 18 47 6 25 46 30 19 12 44 21 10 35 45 17 3 15 42 50 7 5 41 27 29 1 31 43 24 9 39 26 14 8 37 48 2 36 33 16 23 11 49 40 28 4 32 20 

 13 34 22 38 18 47	 => 172
 6 47 18 25 46 30	 => 172
 19 30 46 12 44 21	 => 172
 10 21 44 35 45 17	 => 172
 3 17 45 15 42 50	 => 172
 7 50 42 5 41 27	 => 172
 29 27 41 1 31 43	 => 172
 24 43 31 9 39 26	 => 172
 14 26 39 8 37 48	 => 172
 2 48 37 36 33 16	 => 172
 23 16 33 11 49 40	 => 172
 28 40 49 4 32 20	 => 173


===================[TEST 26]===================
Elapsed time: 133.000000 seconds
Total loop: 11451 generations

Result (Solution) : 173.000000

10 43 33 18 30 39 9 17 34 44 11 3 35 46 7 8 36 41 2 4 40 50 15 29 25 14 12 31 42 49 16 5 23 38 27 20 37 28 13 24 45 26 1 22 47 32 48 19 6 21 

 10 43 33 18 30 39	 => 173
 9 39 30 17 34 44	 => 173
 11 44 34 3 35 46	 => 173
 7 46 35 8 36 41	 => 173
 2 41 36 4 40 50	 => 173
 15 50 40 29 25 14	 => 173
 12 14 25 31 42 49	 => 173
 16 49 42 5 23 38	 => 173
 27 38 23 20 37 28	 => 173
 13 28 37 24 45 26	 => 173
 1 26 45 22 47 32	 => 173
 48 32 47 19 6 21	 => 173


===================[TEST 27]===================
Elapsed time: 2.000000 seconds
Total loop: 203 generations

Result : 166.128993

36 20 28 11 31 42 22 6 24 43 13 25 34 29 33 12 45 15 7 32 30 39 35 1 37 26 27 5 50 23 3 4 41 48 8 19 14 38 2 44 49 21 17 18 47 16 40 9 46 10 

 36 20 28 11 31 42	 => 168
 22 42 31 6 24 43	 => 168
 13 43 24 25 34 29	 => 168
 33 29 34 12 45 15	 => 168
 7 15 45 32 30 39	 => 168
 35 39 30 1 37 26	 => 168
 27 26 37 5 50 23	 => 168
 3 23 50 4 41 48	 => 169
 8 48 41 19 14 38	 => 168
 2 38 14 44 49 21	 => 168
 17 21 49 18 47 16	 => 168
 40 16 47 9 46 10	 => 168


===================[TEST 28]===================
Elapsed time: 5.000000 seconds
Total loop: 371 generations

Result (Solution) : 172.000000

16 30 40 7 46 33 22 15 39 17 24 19 36 37 23 2 45 29 9 14 47 28 8 6 48 35 11 5 32 41 34 3 44 18 25 12 31 42 13 26 10 50 27 4 43 38 20 1 49 21 

 16 30 40 7 46 33	 => 172
 22 33 46 15 39 17	 => 172
 24 17 39 19 36 37	 => 172
 23 37 36 2 45 29	 => 172
 9 29 45 14 47 28	 => 172
 8 28 47 6 48 35	 => 172
 11 35 48 5 32 41	 => 172
 34 41 32 3 44 18	 => 172
 25 18 44 12 31 42	 => 172
 13 42 31 26 10 50	 => 172
 27 50 10 4 43 38	 => 172
 20 38 43 1 49 21	 => 172


===================[TEST 29]===================
Elapsed time: 6.000000 seconds
Total loop: 475 generations

Result (Solution) : 171.000000

19 7 46 8 41 50 21 11 25 23 6 24 45 48 5 4 43 26 29 34 37 2 33 31 36 32 18 16 42 27 3 12 40 47 22 10 39 13 17 28 44 30 9 1 49 38 14 15 20 35 

 19 7 46 8 41 50	 => 171
 21 50 41 11 25 23	 => 171
 6 23 25 24 45 48	 => 171
 5 48 45 4 43 26	 => 171
 29 26 43 34 37 2	 => 171
 33 2 37 31 36 32	 => 171
 18 32 36 16 42 27	 => 171
 3 27 42 12 40 47	 => 171
 22 47 40 10 39 13	 => 171
 17 13 39 28 44 30	 => 171
 9 30 44 1 49 38	 => 171
 14 38 49 15 20 35	 => 171


===================[TEST 30]===================
Elapsed time: 3.000000 seconds
Total loop: 263 generations

Result (Solution) : 170.000000

22 16 29 33 47 23 18 11 43 28 17 1 40 41 2 7 34 46 26 12 48 4 3 39 27 49 24 25 13 32 37 6 38 44 5 14 50 19 20 9 42 30 10 21 31 36 8 15 45 35 

 22 16 29 33 47 23	 => 170
 18 23 47 11 43 28	 => 170
 17 28 43 1 40 41	 => 170
 2 41 40 7 34 46	 => 170
 26 46 34 12 48 4	 => 170
 3 4 48 39 27 49	 => 170
 24 49 27 25 13 32	 => 170
 37 32 13 6 38 44	 => 170
 5 44 38 14 50 19	 => 170
 20 19 50 9 42 30	 => 170
 10 30 42 21 31 36	 => 170
 8 36 31 15 45 35	 => 170


===================[TEST 31]===================
Elapsed time: 7.000000 seconds
Total loop: 547 generations

Result (Solution) : 174.000000

21 34 37 18 35 29 2 26 33 49 8 32 27 25 10 23 39 50 4 7 38 36 11 6 43 40 15 20 42 14 17 9 48 44 1 5 46 30 28 3 45 22 16 13 47 31 24 41 19 12 

 21 34 37 18 35 29	 => 174
 2 29 35 26 33 49	 => 174
 8 49 33 32 27 25	 => 174
 10 25 27 23 39 50	 => 174
 4 50 39 7 38 36	 => 174
 11 36 38 6 43 40	 => 174
 15 40 43 20 42 14	 => 174
 17 14 42 9 48 44	 => 174
 1 44 48 5 46 30	 => 174
 28 30 46 3 45 22	 => 174
 16 22 45 13 47 31	 => 174
 24 31 47 41 19 12	 => 174


===================[TEST 32]===================
Elapsed time: 4.000000 seconds
Total loop: 373 generations

Result : 169.531435

23 3 35 24 38 50 4 16 20 44 8 21 42 37 15 1 36 41 11 17 25 43 22 12 31 39 7 28 19 48 6 27 40 32 33 13 45 9 30 29 10 49 2 18 46 47 14 34 26 5 

 23 3 35 24 38 50	 => 173
 4 50 38 16 20 44	 => 172
 8 44 20 21 42 37	 => 172
 15 37 42 1 36 41	 => 172
 11 41 36 17 25 43	 => 173
 22 43 25 12 31 39	 => 172
 7 39 31 28 19 48	 => 172
 6 48 19 27 40 32	 => 172
 33 32 40 13 45 9	 => 172
 30 9 45 29 10 49	 => 172
 2 49 10 18 46 47	 => 172
 14 47 46 34 26 5	 => 172


===================[TEST 33]===================
Elapsed time: 3.000000 seconds
Total loop: 266 generations

Result (Solution) : 171.000000

22 2 43 18 44 42 10 15 31 29 20 33 19 39 16 1 50 46 6 7 35 27 28 4 30 47 3 21 36 34 13 9 38 41 26 11 32 23 40 14 17 45 12 25 48 24 49 5 37 8 

 22 2 43 18 44 42	 => 171
 10 42 44 15 31 29	 => 171
 20 29 31 33 19 39	 => 171
 16 39 19 1 50 46	 => 171
 6 46 50 7 35 27	 => 171
 28 27 35 4 30 47	 => 171
 3 47 30 21 36 34	 => 171
 13 34 36 9 38 41	 => 171
 26 41 38 11 32 23	 => 171
 40 23 32 14 17 45	 => 171
 12 45 17 25 48 24	 => 171
 49 24 48 5 37 8	 => 171


===================[TEST 34]===================
Elapsed time: 6.000000 seconds
Total loop: 440 generations

Result : 169.128993

40 22 24 26 17 42 5 34 38 35 11 9 41 37 23 6 43 21 20 25 30 32 36 13 15 45 14 10 49 39 4 16 19 44 1 27 47 33 31 3 29 28 18 2 48 46 8 50 7 12 

 40 22 24 26 17 42	 => 171
 5 42 17 34 38 35	 => 171
 11 35 38 9 41 37	 => 171
 23 37 41 6 43 21	 => 171
 20 21 43 25 30 32	 => 171
 36 32 30 13 15 45	 => 171
 14 45 15 10 49 39	 => 172
 4 39 49 16 19 44	 => 171
 1 44 19 27 47 33	 => 171
 31 33 47 3 29 28	 => 171
 18 28 29 2 48 46	 => 171
 8 46 48 50 7 12	 => 171


===================[TEST 35]===================
Elapsed time: 4.000000 seconds
Total loop: 308 generations

Result (Solution) : 172.000000

20 39 7 17 40 49 15 11 22 35 18 9 46 42 19 6 23 36 12 13 45 43 10 4 32 38 5 24 44 29 25 8 50 16 1 28 30 47 3 37 41 14 2 48 34 33 26 27 31 21 

 20 39 7 17 40 49	 => 172
 15 49 40 11 22 35	 => 172
 18 35 22 9 46 42	 => 172
 19 42 46 6 23 36	 => 172
 12 36 23 13 45 43	 => 172
 10 43 45 4 32 38	 => 172
 5 38 32 24 44 29	 => 172
 25 29 44 8 50 16	 => 172
 1 16 50 28 30 47	 => 172
 3 47 30 37 41 14	 => 172
 2 14 41 48 34 33	 => 172
 26 33 34 27 31 21	 => 172


===================[TEST 36]===================
Elapsed time: 6.000000 seconds
Total loop: 503 generations

Result (Solution) : 175.000000

3 29 26 28 44 45 30 2 39 15 23 18 43 37 14 9 22 50 6 19 38 40 12 7 42 36 27 17 20 33 25 13 49 35 4 16 47 24 11 21 31 41 1 8 46 48 32 10 5 34 

 3 29 26 28 44 45	 => 175
 30 45 44 2 39 15	 => 175
 23 15 39 18 43 37	 => 175
 14 37 43 9 22 50	 => 175
 6 50 22 19 38 40	 => 175
 12 40 38 7 42 36	 => 175
 27 36 42 17 20 33	 => 175
 25 33 20 13 49 35	 => 175
 4 35 49 16 47 24	 => 175
 11 24 47 21 31 41	 => 175
 1 41 31 8 46 48	 => 175
 32 48 46 10 5 34	 => 175


===================[TEST 37]===================
Elapsed time: 5.000000 seconds
Total loop: 416 generations

Result : 171.128993

15 1 27 42 38 50 10 25 43 7 18 22 36 47 11 14 16 49 19 12 29 48 13 8 45 30 2 17 39 40 26 4 20 44 3 28 41 37 9 23 31 32 6 24 46 34 33 21 5 35 

 15 1 27 42 38 50	 => 173
 10 50 38 25 43 7	 => 173
 18 7 43 22 36 47	 => 173
 11 47 36 14 16 49	 => 173
 19 49 16 12 29 48	 => 173
 13 48 29 8 45 30	 => 173
 2 30 45 17 39 40	 => 173
 26 40 39 4 20 44	 => 173
 3 44 20 28 41 37	 => 173
 9 37 41 23 31 32	 => 173
 6 32 31 24 46 34	 => 173
 33 34 46 21 5 35	 => 174


===================[TEST 38]===================
Elapsed time: 5.000000 seconds
Total loop: 375 generations

Result : 172.128993

9 31 35 26 37 36 12 16 27 46 5 20 29 47 10 7 38 43 21 14 19 40 23 17 45 30 8 18 32 41 25 13 48 15 28 2 42 39 4 6 34 49 3 11 44 33 24 1 50 22 

 9 31 35 26 37 36	 => 174
 12 36 37 16 27 46	 => 174
 5 46 27 20 29 47	 => 174
 10 47 29 7 38 43	 => 174
 21 43 38 14 19 40	 => 175
 23 40 19 17 45 30	 => 174
 8 30 45 18 32 41	 => 174
 25 41 32 13 48 15	 => 174
 28 15 48 2 42 39	 => 174
 4 39 42 6 34 49	 => 174
 3 49 34 11 44 33	 => 174
 24 33 44 1 50 22	 => 174


===================[TEST 39]===================
Elapsed time: 4.000000 seconds
Total loop: 314 generations

Result : 170.531435

32 50 16 8 37 31 15 28 26 36 27 4 45 35 2 3 49 39 13 9 38 25 6 30 34 41 24 1 29 44 20 11 21 48 10 5 47 42 14 7 17 46 18 19 40 33 43 23 22 12 

 32 50 16 8 37 31	 => 174
 15 31 37 28 26 36	 => 173
 27 36 26 4 45 35	 => 173
 2 35 45 3 49 39	 => 173
 13 39 49 9 38 25	 => 173
 6 25 38 30 34 41	 => 174
 24 41 34 1 29 44	 => 173
 20 44 29 11 21 48	 => 173
 10 48 21 5 47 42	 => 173
 14 42 47 7 17 46	 => 173
 18 46 17 19 40 33	 => 173
 43 33 40 23 22 12	 => 173


===================[TEST 40]===================
Elapsed time: 4.000000 seconds
Total loop: 363 generations

Result : 172.128993

22 2 30 34 50 36 5 12 32 39 4 11 41 47 3 23 44 16 28 18 31 37 19 14 38 35 7 9 42 43 6 24 26 33 1 29 40 45 13 10 46 20 8 27 25 48 17 15 49 21 

 22 2 30 34 50 36	 => 174
 5 36 50 12 32 39	 => 174
 4 39 32 11 41 47	 => 174
 3 47 41 23 44 16	 => 174
 28 16 44 18 31 37	 => 174
 19 37 31 14 38 35	 => 174
 7 35 38 9 42 43	 => 174
 6 43 42 24 26 33	 => 174
 1 33 26 29 40 45	 => 174
 13 45 40 10 46 20	 => 174
 8 20 46 27 25 48	 => 174
 17 48 25 15 49 21	 => 175


===================[TEST 41]===================
Elapsed time: 5.000000 seconds
Total loop: 398 generations

Result (Solution) : 174.000000

30 16 22 10 46 50 18 6 29 25 8 33 41 38 1 2 44 48 3 9 28 42 34 12 32 26 20 39 43 14 13 15 49 40 11 7 36 31 17 21 24 45 4 19 35 47 27 23 37 5 

 30 16 22 10 46 50	 => 174
 18 50 46 6 29 25	 => 174
 8 25 29 33 41 38	 => 174
 1 38 41 2 44 48	 => 174
 3 48 44 9 28 42	 => 174
 34 42 28 12 32 26	 => 174
 20 26 32 39 43 14	 => 174
 13 14 43 15 49 40	 => 174
 11 40 49 7 36 31	 => 174
 17 31 36 21 24 45	 => 174
 4 45 24 19 35 47	 => 174
 27 47 35 23 37 5	 => 174


===================[TEST 42]===================
Elapsed time: 6.000000 seconds
Total loop: 480 generations

Result : 173.962327

42 3 34 5 47 45 12 1 28 43 14 11 44 36 25 7 38 26 2 19 50 41 15 8 29 33 16 27 39 31 20 17 48 21 18 6 46 37 4 24 30 35 9 13 40 49 32 22 10 23 

 42 3 34 5 47 45	 => 176
 12 45 47 1 28 43	 => 176
 14 43 28 11 44 36	 => 176
 25 36 44 7 38 26	 => 176
 2 26 38 19 50 41	 => 176
 15 41 50 8 29 33	 => 176
 16 33 29 27 39 31	 => 175
 20 31 39 17 48 21	 => 176
 18 21 48 6 46 37	 => 176
 4 37 46 24 30 35	 => 176
 9 35 30 13 40 49	 => 176
 32 49 40 22 10 23	 => 176


===================[TEST 43]===================
Elapsed time: 7.000000 seconds
Total loop: 556 generations

Result (Solution) : 174.000000

15 30 26 17 42 44 1 13 28 46 9 19 48 24 8 5 40 49 27 2 21 35 23 7 45 43 20 3 32 31 6 18 50 37 11 4 33 39 25 14 41 22 36 12 29 34 47 38 16 10 

 15 30 26 17 42 44	 => 174
 1 44 42 13 28 46	 => 174
 9 46 28 19 48 24	 => 174
 8 24 48 5 40 49	 => 174
 27 49 40 2 21 35	 => 174
 23 35 21 7 45 43	 => 174
 20 43 45 3 32 31	 => 174
 6 31 32 18 50 37	 => 174
 11 37 50 4 33 39	 => 174
 25 39 33 14 41 22	 => 174
 36 22 41 12 29 34	 => 174
 47 34 29 38 16 10	 => 174


===================[TEST 44]===================
Elapsed time: 6.000000 seconds
Total loop: 466 generations

Result : 170.962327

18 36 14 9 50 45 1 2 35 40 20 3 44 31 12 27 43 16 11 30 41 32 5 7 49 39 6 8 38 33 4 29 22 47 15 23 42 24 37 10 34 26 19 25 48 21 13 46 28 17 

 18 36 14 9 50 45	 => 172
 1 45 50 2 35 40	 => 173
 20 40 35 3 44 31	 => 173
 12 31 44 27 43 16	 => 173
 11 16 43 30 41 32	 => 173
 5 32 41 7 49 39	 => 173
 6 39 49 8 38 33	 => 173
 4 33 38 29 22 47	 => 173
 15 47 22 23 42 24	 => 173
 37 24 42 10 34 26	 => 173
 19 26 34 25 48 21	 => 173
 13 21 48 46 28 17	 => 173


===================[TEST 45]===================
Elapsed time: 4.000000 seconds
Total loop: 317 generations

Result (Solution) : 170.000000

26 44 6 19 46 29 3 4 39 49 21 22 16 23 8 33 50 40 7 1 47 25 13 17 27 41 5 38 31 28 12 11 43 45 2 14 48 18 34 24 37 9 30 20 42 32 36 10 35 15 

 26 44 6 19 46 29	 => 170
 3 29 46 4 39 49	 => 170
 21 49 39 22 16 23	 => 170
 8 23 16 33 50 40	 => 170
 7 40 50 1 47 25	 => 170
 13 25 47 17 27 41	 => 170
 5 41 27 38 31 28	 => 170
 12 28 31 11 43 45	 => 170
 2 45 43 14 48 18	 => 170
 34 18 48 24 37 9	 => 170
 30 9 37 20 42 32	 => 170
 36 32 42 10 35 15	 => 170


===================[TEST 46]===================
Elapsed time: 3.000000 seconds
Total loop: 238 generations

Result : 170.128993

7 38 18 30 48 31 11 14 25 43 33 27 24 20 29 37 47 16 2 22 36 49 5 4 28 50 10 3 42 39 8 12 26 45 21 13 32 35 6 9 44 46 1 17 23 41 15 40 19 34 

 7 38 18 30 48 31	 => 172
 11 31 48 14 25 43	 => 172
 33 43 25 27 24 20	 => 172
 29 20 24 37 47 16	 => 173
 2 16 47 22 36 49	 => 172
 5 49 36 4 28 50	 => 172
 10 50 28 3 42 39	 => 172
 8 39 42 12 26 45	 => 172
 21 45 26 13 32 35	 => 172
 6 35 32 9 44 46	 => 172
 1 46 44 17 23 41	 => 172
 15 41 23 40 19 34	 => 172


===================[TEST 47]===================
Elapsed time: 3.000000 seconds
Total loop: 249 generations

Result : 169.531435

26 17 10 41 34 44 24 12 38 20 9 32 45 28 33 5 42 19 14 21 50 27 7 4 36 48 18 1 40 30 2 16 37 47 15 13 29 31 49 6 35 22 3 23 43 46 25 11 39 8 

 26 17 10 41 34 44	 => 172
 24 44 34 12 38 20	 => 172
 9 20 38 32 45 28	 => 172
 33 28 45 5 42 19	 => 172
 14 19 42 21 50 27	 => 173
 7 27 50 4 36 48	 => 172
 18 48 36 1 40 30	 => 173
 2 30 40 16 37 47	 => 172
 15 47 37 13 29 31	 => 172
 49 31 29 6 35 22	 => 172
 3 22 35 23 43 46	 => 172
 25 46 43 11 39 8	 => 172


===================[TEST 48]===================
Elapsed time: 5.000000 seconds
Total loop: 399 generations

Result (Solution) : 175.000000

16 26 13 30 40 50 14 9 37 25 21 3 45 44 11 15 22 38 36 1 47 31 2 6 48 41 10 7 20 49 28 17 19 42 5 29 46 34 8 12 32 43 4 24 33 39 27 18 35 23 

 16 26 13 30 40 50	 => 175
 14 50 40 9 37 25	 => 175
 21 25 37 3 45 44	 => 175
 11 44 45 15 22 38	 => 175
 36 38 22 1 47 31	 => 175
 2 31 47 6 48 41	 => 175
 10 41 48 7 20 49	 => 175
 28 49 20 17 19 42	 => 175
 5 42 19 29 46 34	 => 175
 8 34 46 12 32 43	 => 175
 4 43 32 24 33 39	 => 175
 27 39 33 18 35 23	 => 175


===================[TEST 49]===================
Elapsed time: 5.000000 seconds
Total loop: 423 generations

Result : 170.198102

19 22 32 15 38 46 8 4 36 40 26 24 16 31 11 30 41 44 5 3 47 33 10 2 39 42 13 23 7 49 17 20 37 43 9 28 50 6 14 21 34 48 18 1 27 45 12 25 35 29 

 19 22 32 15 38 46	 => 172
 8 46 38 4 36 40	 => 172
 26 40 36 24 16 31	 => 173
 11 31 16 30 41 44	 => 173
 5 44 41 3 47 33	 => 173
 10 33 47 2 39 42	 => 173
 13 42 39 23 7 49	 => 173
 17 49 7 20 37 43	 => 173
 9 43 37 28 50 6	 => 173
 14 6 50 21 34 48	 => 173
 18 48 34 1 27 45	 => 173
 12 45 27 25 35 29	 => 173


===================[TEST 50]===================
Elapsed time: 6.000000 seconds
Total loop: 467 generations

Result (Solution) : 172.000000

27 29 17 2 49 48 9 10 44 12 3 34 40 39 14 8 36 35 25 5 28 43 11 6 37 47 1 20 46 21 18 30 24 33 32 26 41 16 4 19 42 50 15 7 45 13 23 31 22 38 

 27 29 17 2 49 48	 => 172
 9 48 49 10 44 12	 => 172
 3 12 44 34 40 39	 => 172
 14 39 40 8 36 35	 => 172
 25 35 36 5 28 43	 => 172
 11 43 28 6 37 47	 => 172
 1 47 37 20 46 21	 => 172
 18 21 46 30 24 33	 => 172
 32 33 24 26 41 16	 => 172
 4 16 41 19 42 50	 => 172
 15 50 42 7 45 13	 => 172
 23 13 45 31 22 38	 => 172


===================[TEST 51]===================
Elapsed time: 9.000000 seconds
Total loop: 768 generations

Result : 173.198102

33 26 11 23 47 36 12 6 48 27 1 19 44 37 2 4 50 39 13 3 24 46 20 21 40 25 9 17 43 42 16 14 32 29 18 10 49 38 8 5 45 31 30 7 41 22 34 15 28 35 

 33 26 11 23 47 36	 => 176
 12 36 47 6 48 27	 => 176
 1 27 48 19 44 37	 => 176
 2 37 44 4 50 39	 => 176
 13 39 50 3 24 46	 => 175
 20 46 24 21 40 25	 => 176
 9 25 40 17 43 42	 => 176
 16 42 43 14 32 29	 => 176
 18 29 32 10 49 38	 => 176
 8 38 49 5 45 31	 => 176
 30 31 45 7 41 22	 => 176
 34 22 41 15 28 35	 => 175


===================[TEST 52]===================
Elapsed time: 5.000000 seconds
Total loop: 421 generations

Result (Solution) : 172.000000

49 24 12 2 35 50 11 9 36 31 16 30 41 18 28 7 38 40 21 4 37 32 23 5 42 33 17 29 43 8 15 19 39 48 3 10 27 45 14 20 44 22 1 25 46 34 47 26 13 6 

 49 24 12 2 35 50	 => 172
 11 50 35 9 36 31	 => 172
 16 31 36 30 41 18	 => 172
 28 18 41 7 38 40	 => 172
 21 40 38 4 37 32	 => 172
 23 32 37 5 42 33	 => 172
 17 33 42 29 43 8	 => 172
 15 8 43 19 39 48	 => 172
 3 48 39 10 27 45	 => 172
 14 45 27 20 44 22	 => 172
 1 22 44 25 46 34	 => 172
 47 34 46 26 13 6	 => 172


===================[TEST 53]===================
Elapsed time: 6.000000 seconds
Total loop: 507 generations

Result (Solution) : 174.000000

31 38 6 13 44 42 4 18 45 21 3 35 47 23 17 7 34 46 10 1 33 50 2 5 48 36 9 14 26 41 12 19 27 49 11 15 29 43 24 16 30 32 20 25 39 28 37 8 40 22 

 31 38 6 13 44 42	 => 174
 4 42 44 18 45 21	 => 174
 3 21 45 35 47 23	 => 174
 17 23 47 7 34 46	 => 174
 10 46 34 1 33 50	 => 174
 2 50 33 5 48 36	 => 174
 9 36 48 14 26 41	 => 174
 12 41 26 19 27 49	 => 174
 11 49 27 15 29 43	 => 174
 24 43 29 16 30 32	 => 174
 20 32 30 25 39 28	 => 174
 37 28 39 8 40 22	 => 174


===================[TEST 54]===================
Elapsed time: 4.000000 seconds
Total loop: 268 generations

Result (Solution) : 173.000000

14 45 18 29 34 33 2 20 37 47 8 5 44 32 10 3 41 43 11 4 35 39 13 26 24 36 6 40 46 21 23 16 25 42 12 17 27 50 15 22 31 28 19 9 38 48 7 30 1 49 

 14 45 18 29 34 33	 => 173
 2 33 34 20 37 47	 => 173
 8 47 37 5 44 32	 => 173
 10 32 44 3 41 43	 => 173
 11 43 41 4 35 39	 => 173
 13 39 35 26 24 36	 => 173
 6 36 24 40 46 21	 => 173
 23 21 46 16 25 42	 => 173
 12 42 25 17 27 50	 => 173
 15 50 27 22 31 28	 => 173
 19 28 31 9 38 48	 => 173
 7 48 38 30 1 49	 => 173


===================[TEST 55]===================
Elapsed time: 3.000000 seconds
Total loop: 268 generations

Result (Solution) : 168.000000

6 7 28 47 50 30 13 37 27 11 38 2 49 41 9 15 8 46 29 21 33 31 5 25 32 42 20 23 16 35 4 34 43 36 10 14 26 39 24 18 44 17 3 19 40 45 12 1 48 22 

 6 7 28 47 50 30	 => 168
 13 30 50 37 27 11	 => 168
 38 11 27 2 49 41	 => 168
 9 41 49 15 8 46	 => 168
 29 46 8 21 33 31	 => 168
 5 31 33 25 32 42	 => 168
 20 42 32 23 16 35	 => 168
 4 35 16 34 43 36	 => 168
 10 36 43 14 26 39	 => 168
 24 39 26 18 44 17	 => 168
 3 17 44 19 40 45	 => 168
 12 45 40 1 48 22	 => 168


===================[TEST 56]===================
Elapsed time: 7.000000 seconds
Total loop: 574 generations

Result (Solution) : 173.000000

10 12 21 49 42 39 16 13 33 30 15 29 32 34 25 14 27 41 3 31 45 26 1 19 38 44 9 2 43 37 18 17 23 35 40 5 24 46 8 11 48 36 7 4 28 50 20 47 22 6 

 10 12 21 49 42 39	 => 173
 16 39 42 13 33 30	 => 173
 15 30 33 29 32 34	 => 173
 25 34 32 14 27 41	 => 173
 3 41 27 31 45 26	 => 173
 1 26 45 19 38 44	 => 173
 9 44 38 2 43 37	 => 173
 18 37 43 17 23 35	 => 173
 40 35 23 5 24 46	 => 173
 8 46 24 11 48 36	 => 173
 7 36 48 4 28 50	 => 173
 20 50 28 47 22 6	 => 173


===================[TEST 57]===================
Elapsed time: 4.000000 seconds
Total loop: 323 generations

Result : 170.962327

28 17 25 27 50 26 16 7 41 33 11 10 42 36 12 4 45 34 3 8 39 44 2 15 30 43 9 13 46 32 1 14 31 49 24 5 35 29 37 18 6 48 38 20 21 40 22 23 47 19 

 28 17 25 27 50 26	 => 173
 16 26 50 7 41 33	 => 173
 11 33 41 10 42 36	 => 173
 12 36 42 4 45 34	 => 173
 3 34 45 8 39 44	 => 173
 2 44 39 15 30 43	 => 173
 9 43 30 13 46 32	 => 173
 1 32 46 14 31 49	 => 173
 24 49 31 5 35 29	 => 173
 37 29 35 18 6 48	 => 173
 38 48 6 20 21 40	 => 173
 22 40 21 23 47 19	 => 172


===================[TEST 58]===================
Elapsed time: 7.000000 seconds
Total loop: 557 generations

Result (Solution) : 175.000000

34 36 21 10 32 42 9 20 24 48 11 18 41 33 6 12 37 46 8 25 14 45 19 28 39 30 15 7 49 35 16 2 44 29 13 23 26 40 4 27 31 47 3 1 50 43 38 22 5 17 

 34 36 21 10 32 42	 => 175
 9 42 32 20 24 48	 => 175
 11 48 24 18 41 33	 => 175
 6 33 41 12 37 46	 => 175
 8 46 37 25 14 45	 => 175
 19 45 14 28 39 30	 => 175
 15 30 39 7 49 35	 => 175
 16 35 49 2 44 29	 => 175
 13 29 44 23 26 40	 => 175
 4 40 26 27 31 47	 => 175
 3 47 31 1 50 43	 => 175
 38 43 50 22 5 17	 => 175


===================[TEST 59]===================
Elapsed time: 5.000000 seconds
Total loop: 388 generations

Result : 171.531435

40 23 33 2 29 48 9 15 37 36 25 3 49 24 14 8 34 45 5 7 39 44 6 35 18 32 16 19 42 47 4 10 43 28 11 12 50 30 1 20 27 46 13 21 41 26 38 17 31 22 

 40 23 33 2 29 48	 => 175
 9 48 29 15 37 36	 => 174
 25 36 37 3 49 24	 => 174
 14 24 49 8 34 45	 => 174
 5 45 34 7 39 44	 => 174
 6 44 39 35 18 32	 => 174
 16 32 18 19 42 47	 => 174
 4 47 42 10 43 28	 => 174
 11 28 43 12 50 30	 => 174
 1 30 50 20 27 46	 => 174
 13 46 27 21 41 26	 => 174
 38 26 41 17 31 22	 => 175


===================[TEST 60]===================
Elapsed time: 4.000000 seconds
Total loop: 353 generations

Result : 171.128993

13 40 3 38 48 31 37 8 22 28 34 5 45 39 21 6 30 32 24 4 42 41 1 10 50 29 2 9 36 47 16 7 44 23 14 19 46 27 35 15 17 33 20 11 43 49 26 12 18 25 

 13 40 3 38 48 31	 => 173
 37 31 48 8 22 28	 => 174
 34 28 22 5 45 39	 => 173
 21 39 45 6 30 32	 => 173
 24 32 30 4 42 41	 => 173
 1 41 42 10 50 29	 => 173
 2 29 50 9 36 47	 => 173
 16 47 36 7 44 23	 => 173
 14 23 44 19 46 27	 => 173
 35 27 46 15 17 33	 => 173
 20 33 17 11 43 49	 => 173
 26 49 43 12 18 25	 => 173


===================[TEST 61]===================
Elapsed time: 4.000000 seconds
Total loop: 291 generations

Result (Solution) : 171.000000

49 15 16 25 35 31 22 3 44 36 5 14 45 27 30 13 23 33 20 9 40 46 7 1 29 48 17 2 34 41 4 12 42 38 37 10 18 26 6 43 28 50 19 11 24 39 8 21 32 47 

 49 15 16 25 35 31	 => 171
 22 31 35 3 44 36	 => 171
 5 36 44 14 45 27	 => 171
 30 27 45 13 23 33	 => 171
 20 33 23 9 40 46	 => 171
 7 46 40 1 29 48	 => 171
 17 48 29 2 34 41	 => 171
 4 41 34 12 42 38	 => 171
 37 38 42 10 18 26	 => 171
 6 26 18 43 28 50	 => 171
 19 50 28 11 24 39	 => 171
 8 39 24 21 32 47	 => 171


===================[TEST 62]===================
Elapsed time: 4.000000 seconds
Total loop: 365 generations

Result (Solution) : 173.000000

28 7 29 43 42 24 10 9 38 50 12 8 30 35 27 17 31 33 26 22 20 41 14 2 47 49 11 5 46 15 6 25 44 37 23 1 32 36 16 4 40 45 19 3 48 18 34 13 39 21 

 28 7 29 43 42 24	 => 173
 10 24 42 9 38 50	 => 173
 12 50 38 8 30 35	 => 173
 27 35 30 17 31 33	 => 173
 26 33 31 22 20 41	 => 173
 14 41 20 2 47 49	 => 173
 11 49 47 5 46 15	 => 173
 6 15 46 25 44 37	 => 173
 23 37 44 1 32 36	 => 173
 16 36 32 4 40 45	 => 173
 19 45 40 3 48 18	 => 173
 34 18 48 13 39 21	 => 173


===================[TEST 63]===================
Elapsed time: 3.000000 seconds
Total loop: 241 generations

Result (Solution) : 167.000000

19 44 28 18 9 49 3 23 37 46 11 24 48 1 6 32 50 30 8 10 47 22 5 33 29 31 14 16 42 35 2 41 13 34 12 25 43 40 4 15 39 26 17 27 20 38 45 7 36 21 

 19 44 28 18 9 49	 => 167
 3 49 9 23 37 46	 => 167
 11 46 37 24 48 1	 => 167
 6 1 48 32 50 30	 => 167
 8 30 50 10 47 22	 => 167
 5 22 47 33 29 31	 => 167
 14 31 29 16 42 35	 => 167
 2 35 42 41 13 34	 => 167
 12 34 13 25 43 40	 => 167
 4 40 43 15 39 26	 => 167
 17 26 39 27 20 38	 => 167
 45 38 20 7 36 21	 => 167


===================[TEST 64]===================
Elapsed time: 6.000000 seconds
Total loop: 474 generations

Result (Solution) : 173.000000

24 32 27 29 20 41 36 2 40 34 13 26 43 17 23 18 33 39 5 30 38 28 25 16 31 35 11 1 47 48 8 6 19 45 15 3 49 42 4 7 50 21 12 9 37 44 22 46 10 14 

 24 32 27 29 20 41	 => 173
 36 41 20 2 40 34	 => 173
 13 34 40 26 43 17	 => 173
 23 17 43 18 33 39	 => 173
 5 39 33 30 38 28	 => 173
 25 28 38 16 31 35	 => 173
 11 35 31 1 47 48	 => 173
 8 48 47 6 19 45	 => 173
 15 45 19 3 49 42	 => 173
 4 42 49 7 50 21	 => 173
 12 21 50 9 37 44	 => 173
 22 44 37 46 10 14	 => 173


===================[TEST 65]===================
Elapsed time: 4.000000 seconds
Total loop: 322 generations

Result : 171.962327

27 19 32 8 42 46 13 3 21 49 6 9 48 41 12 4 22 47 31 17 18 39 29 7 43 37 11 23 26 34 1 35 50 28 10 20 36 30 2 24 44 38 5 14 40 33 16 15 45 25 

 27 19 32 8 42 46	 => 174
 13 46 42 3 21 49	 => 174
 6 49 21 9 48 41	 => 174
 12 41 48 4 22 47	 => 174
 31 47 22 17 18 39	 => 174
 29 39 18 7 43 37	 => 173
 11 37 43 23 26 34	 => 174
 1 34 26 35 50 28	 => 174
 10 28 50 20 36 30	 => 174
 2 30 36 24 44 38	 => 174
 5 38 44 14 40 33	 => 174
 16 33 40 15 45 25	 => 174


===================[TEST 66]===================
Elapsed time: 4.000000 seconds
Total loop: 306 generations

Result (Solution) : 171.000000

21 32 3 41 26 48 9 11 49 28 18 4 34 38 7 10 43 39 8 1 45 35 15 20 31 25 24 5 44 42 2 14 22 47 27 40 6 29 30 33 37 36 13 12 50 23 19 17 46 16 

 21 32 3 41 26 48	 => 171
 9 48 26 11 49 28	 => 171
 18 28 49 4 34 38	 => 171
 7 38 34 10 43 39	 => 171
 8 39 43 1 45 35	 => 171
 15 35 45 20 31 25	 => 171
 24 25 31 5 44 42	 => 171
 2 42 44 14 22 47	 => 171
 27 47 22 40 6 29	 => 171
 30 29 6 33 37 36	 => 171
 13 36 37 12 50 23	 => 171
 19 23 50 17 46 16	 => 171


===================[TEST 67]===================
Elapsed time: 8.000000 seconds
Total loop: 708 generations

Result : 170.688138

50 23 37 1 30 33 17 3 49 41 11 7 19 47 27 2 43 36 14 9 39 32 22 4 42 35 5 26 48 18 15 24 31 38 10 21 34 40 25 8 20 46 6 13 44 45 29 16 28 12 

 50 23 37 1 30 33	 => 174
 17 33 30 3 49 41	 => 173
 11 41 49 7 19 47	 => 174
 27 47 19 2 43 36	 => 174
 14 36 43 9 39 32	 => 173
 22 32 39 4 42 35	 => 174
 5 35 42 26 48 18	 => 174
 15 18 48 24 31 38	 => 174
 10 38 31 21 34 40	 => 174
 25 40 34 8 20 46	 => 173
 6 46 20 13 44 45	 => 174
 29 45 44 16 28 12	 => 174


===================[TEST 68]===================
Elapsed time: 7.000000 seconds
Total loop: 508 generations

Result (Solution) : 173.000000

19 23 11 32 42 46 8 4 37 36 6 20 49 25 33 3 22 41 9 16 47 38 13 17 24 34 39 14 12 50 5 18 45 43 7 1 48 29 26 2 40 28 10 30 44 21 27 15 31 35 

 19 23 11 32 42 46	 => 173
 8 46 42 4 37 36	 => 173
 6 36 37 20 49 25	 => 173
 33 25 49 3 22 41	 => 173
 9 41 22 16 47 38	 => 173
 13 38 47 17 24 34	 => 173
 39 34 24 14 12 50	 => 173
 5 50 12 18 45 43	 => 173
 7 43 45 1 48 29	 => 173
 26 29 48 2 40 28	 => 173
 10 28 40 30 44 21	 => 173
 27 21 44 15 31 35	 => 173


===================[TEST 69]===================
Elapsed time: 6.000000 seconds
Total loop: 497 generations

Result : 171.128993

4 46 13 30 38 42 21 6 25 41 36 2 45 24 11 5 39 49 3 31 18 33 8 40 27 47 12 10 34 44 22 19 28 26 20 14 35 50 7 9 29 43 1 15 48 37 32 23 17 16 

 4 46 13 30 38 42	 => 173
 21 42 38 6 25 41	 => 173
 36 41 25 2 45 24	 => 173
 11 24 45 5 39 49	 => 173
 3 49 39 31 18 33	 => 173
 8 33 18 40 27 47	 => 173
 12 47 27 10 34 44	 => 174
 22 44 34 19 28 26	 => 173
 20 26 28 14 35 50	 => 173
 7 50 35 9 29 43	 => 173
 1 43 29 15 48 37	 => 173
 32 37 48 23 17 16	 => 173


===================[TEST 70]===================
Elapsed time: 4.000000 seconds
Total loop: 322 generations

Result (Solution) : 169.000000

34 30 13 5 48 39 29 3 43 7 10 33 27 49 1 14 50 28 23 6 45 17 4 42 46 15 18 21 44 25 9 8 36 47 11 16 24 35 12 41 37 20 19 22 31 40 2 26 38 32 

 34 30 13 5 48 39	 => 169
 29 39 48 3 43 7	 => 169
 10 7 43 33 27 49	 => 169
 1 49 27 14 50 28	 => 169
 23 28 50 6 45 17	 => 169
 4 17 45 42 46 15	 => 169
 18 15 46 21 44 25	 => 169
 9 25 44 8 36 47	 => 169
 11 47 36 16 24 35	 => 169
 12 35 24 41 37 20	 => 169
 19 20 37 22 31 40	 => 169
 2 40 31 26 38 32	 => 169


===================[TEST 71]===================
Elapsed time: 5.000000 seconds
Total loop: 376 generations

Result : 169.962327

17 20 15 31 44 45 21 4 16 42 23 11 39 41 12 8 46 26 5 50 32 13 38 18 47 24 3 27 34 37 6 33 22 40 19 7 48 36 9 1 35 43 2 14 29 49 25 28 10 30 

 17 20 15 31 44 45	 => 172
 21 45 44 4 16 42	 => 172
 23 42 16 11 39 41	 => 172
 12 41 39 8 46 26	 => 172
 5 26 46 50 32 13	 => 172
 38 13 32 18 47 24	 => 172
 3 24 47 27 34 37	 => 172
 6 37 34 33 22 40	 => 172
 19 40 22 7 48 36	 => 172
 9 36 48 1 35 43	 => 172
 2 43 35 14 29 49	 => 172
 25 49 29 28 10 30	 => 171


===================[TEST 72]===================
Elapsed time: 10.000000 seconds
Total loop: 877 generations

Result : 168.962327

1 34 6 35 48 46 3 5 37 32 25 9 30 38 14 13 50 26 7 19 27 42 20 12 31 39 4 11 41 45 2 8 28 47 22 23 18 33 21 40 43 16 29 24 44 15 17 36 49 10 

 1 34 6 35 48 46	 => 170
 3 46 48 5 37 32	 => 171
 25 32 37 9 30 38	 => 171
 14 38 30 13 50 26	 => 171
 7 26 50 19 27 42	 => 171
 20 42 27 12 31 39	 => 171
 4 39 31 11 41 45	 => 171
 2 45 41 8 28 47	 => 171
 22 47 28 23 18 33	 => 171
 21 33 18 40 43 16	 => 171
 29 16 43 24 44 15	 => 171
 17 15 44 36 49 10	 => 171


===================[TEST 73]===================
Elapsed time: 5.000000 seconds
Total loop: 405 generations

Result : 171.113249

34 3 33 6 48 49 12 4 35 26 11 19 41 42 13 1 31 46 2 18 37 40 7 24 38 28 8 20 50 30 9 10 39 36 15 23 16 45 21 5 44 43 14 25 32 17 47 22 29 27 

 34 3 33 6 48 49	 => 173
 12 49 48 4 35 26	 => 174
 11 26 35 19 41 42	 => 174
 13 42 41 1 31 46	 => 174
 2 46 31 18 37 40	 => 174
 7 40 37 24 38 28	 => 174
 8 28 38 20 50 30	 => 174
 9 30 50 10 39 36	 => 174
 15 36 39 23 16 45	 => 174
 21 45 16 5 44 43	 => 174
 14 43 44 25 32 17	 => 175
 47 17 32 22 29 27	 => 174


===================[TEST 74]===================
Elapsed time: 6.000000 seconds
Total loop: 446 generations

Result (Solution) : 175.000000

33 14 30 16 38 44 7 13 26 47 10 4 45 43 9 8 22 48 20 19 17 49 1 12 46 50 6 11 27 35 18 15 41 39 2 32 36 25 3 29 40 42 23 5 37 28 34 21 24 31 

 33 14 30 16 38 44	 => 175
 7 44 38 13 26 47	 => 175
 10 47 26 4 45 43	 => 175
 9 43 45 8 22 48	 => 175
 20 48 22 19 17 49	 => 175
 1 49 17 12 46 50	 => 175
 6 50 46 11 27 35	 => 175
 18 35 27 15 41 39	 => 175
 2 39 41 32 36 25	 => 175
 3 25 36 29 40 42	 => 175
 23 42 40 5 37 28	 => 175
 34 28 37 21 24 31	 => 175


===================[TEST 75]===================
Elapsed time: 4.000000 seconds
Total loop: 341 generations

Result : 172.962327

30 32 24 9 47 33 18 2 29 46 23 21 48 8 40 4 38 37 12 11 34 43 13 14 42 28 5 16 45 39 20 3 27 41 26 10 36 35 22 7 50 25 1 6 44 49 19 17 15 31 

 30 32 24 9 47 33	 => 175
 18 33 47 2 29 46	 => 175
 23 46 29 21 48 8	 => 175
 40 8 48 4 38 37	 => 175
 12 37 38 11 34 43	 => 175
 13 43 34 14 42 28	 => 174
 5 28 42 16 45 39	 => 175
 20 39 45 3 27 41	 => 175
 26 41 27 10 36 35	 => 175
 22 35 36 7 50 25	 => 175
 1 25 50 6 44 49	 => 175
 19 49 44 17 15 31	 => 175


===================[TEST 76]===================
Elapsed time: 5.000000 seconds
Total loop: 418 generations

Result : 173.962327

38 28 6 25 44 34 2 8 46 42 13 9 35 31 14 18 48 30 3 15 39 41 22 1 49 24 7 19 40 37 10 17 45 27 21 20 16 47 12 33 32 36 4 11 43 50 23 5 26 29 

 38 28 6 25 44 34	 => 175
 2 34 44 8 46 42	 => 176
 13 42 46 9 35 31	 => 176
 14 31 35 18 48 30	 => 176
 3 30 48 15 39 41	 => 176
 22 41 39 1 49 24	 => 176
 7 24 49 19 40 37	 => 176
 10 37 40 17 45 27	 => 176
 21 27 45 20 16 47	 => 176
 12 47 16 33 32 36	 => 176
 4 36 32 11 43 50	 => 176
 23 50 43 5 26 29	 => 176


===================[TEST 77]===================
Elapsed time: 5.000000 seconds
Total loop: 382 generations

Result (Solution) : 174.000000

2 45 11 42 39 35 14 16 48 22 7 23 44 30 1 26 41 32 5 25 40 31 10 8 36 49 9 3 27 50 4 17 43 33 12 15 37 34 29 6 21 47 13 19 28 46 20 18 24 38 

 2 45 11 42 39 35	 => 174
 14 35 39 16 48 22	 => 174
 7 22 48 23 44 30	 => 174
 1 30 44 26 41 32	 => 174
 5 32 41 25 40 31	 => 174
 10 31 40 8 36 49	 => 174
 9 49 36 3 27 50	 => 174
 4 50 27 17 43 33	 => 174
 12 33 43 15 37 34	 => 174
 29 34 37 6 21 47	 => 174
 13 47 21 19 28 46	 => 174
 20 46 28 18 24 38	 => 174


===================[TEST 78]===================
Elapsed time: 6.000000 seconds
Total loop: 476 generations

Result : 170.128993

33 29 10 13 38 49 6 9 23 47 19 39 17 27 35 1 45 48 7 3 28 41 37 2 43 21 11 5 42 50 4 8 24 44 30 15 25 34 20 31 22 40 12 16 36 46 26 18 32 14 

 33 29 10 13 38 49	 => 172
 6 49 38 9 23 47	 => 172
 19 47 23 39 17 27	 => 172
 35 27 17 1 45 48	 => 173
 7 48 45 3 28 41	 => 172
 37 41 28 2 43 21	 => 172
 11 21 43 5 42 50	 => 172
 4 50 42 8 24 44	 => 172
 30 44 24 15 25 34	 => 172
 20 34 25 31 22 40	 => 172
 12 40 22 16 36 46	 => 172
 26 46 36 18 32 14	 => 172


===================[TEST 79]===================
Elapsed time: 4.000000 seconds
Total loop: 333 generations

Result : 169.128993

9 22 19 30 47 44 12 5 26 37 13 32 29 34 18 1 50 39 27 11 24 20 23 10 45 49 2 15 25 35 3 21 41 46 4 7 33 40 8 36 48 6 16 42 17 43 31 38 14 28 

 9 22 19 30 47 44	 => 171
 12 44 47 5 26 37	 => 171
 13 37 26 32 29 34	 => 171
 18 34 29 1 50 39	 => 171
 27 39 50 11 24 20	 => 171
 23 20 24 10 45 49	 => 171
 2 49 45 15 25 35	 => 171
 3 35 25 21 41 46	 => 171
 4 46 41 7 33 40	 => 171
 8 40 33 36 48 6	 => 171
 16 6 48 42 17 43	 => 172
 31 43 17 38 14 28	 => 171


===================[TEST 80]===================
Elapsed time: 4.000000 seconds
Total loop: 313 generations

Result : 168.962327

39 33 18 14 21 46 16 9 37 42 6 11 45 30 20 25 17 34 7 28 47 38 2 8 27 49 15 5 40 35 12 3 50 31 13 19 48 10 23 22 44 24 41 1 29 32 4 26 36 43 

 39 33 18 14 21 46	 => 171
 16 46 21 9 37 42	 => 171
 6 42 37 11 45 30	 => 171
 20 30 45 25 17 34	 => 171
 7 34 17 28 47 38	 => 171
 2 38 47 8 27 49	 => 171
 15 49 27 5 40 35	 => 171
 12 35 40 3 50 31	 => 171
 13 31 50 19 48 10	 => 171
 23 10 48 22 44 24	 => 171
 41 24 44 1 29 32	 => 171
 4 32 29 26 36 43	 => 170


===================[TEST 81]===================
Elapsed time: 3.000000 seconds
Total loop: 277 generations

Result (Solution) : 170.000000

19 50 11 3 47 40 6 20 33 24 4 22 41 46 2 17 43 21 14 27 39 26 32 13 15 45 23 8 35 44 16 7 38 30 29 9 36 28 18 12 34 42 5 31 48 10 37 1 25 49 

 19 50 11 3 47 40	 => 170
 6 40 47 20 33 24	 => 170
 4 24 33 22 41 46	 => 170
 2 46 41 17 43 21	 => 170
 14 21 43 27 39 26	 => 170
 32 26 39 13 15 45	 => 170
 23 45 15 8 35 44	 => 170
 16 44 35 7 38 30	 => 170
 29 30 38 9 36 28	 => 170
 18 28 36 12 34 42	 => 170
 5 42 34 31 48 10	 => 170
 37 10 48 1 25 49	 => 170


===================[TEST 82]===================
Elapsed time: 7.000000 seconds
Total loop: 568 generations

Result (Solution) : 176.000000

18 34 9 23 48 44 1 29 32 22 19 17 45 41 5 14 46 25 24 10 43 28 4 12 47 42 11 2 35 39 26 7 33 36 3 16 50 38 6 15 37 30 13 20 27 49 8 40 21 31 

 18 34 9 23 48 44	 => 176
 1 44 48 29 32 22	 => 176
 19 22 32 17 45 41	 => 176
 5 41 45 14 46 25	 => 176
 24 25 46 10 43 28	 => 176
 4 28 43 12 47 42	 => 176
 11 42 47 2 35 39	 => 176
 26 39 35 7 33 36	 => 176
 3 36 33 16 50 38	 => 176
 6 38 50 15 37 30	 => 176
 13 30 37 20 27 49	 => 176
 8 49 27 40 21 31	 => 176


===================[TEST 83]===================
Elapsed time: 5.000000 seconds
Total loop: 416 generations

Result (Solution) : 173.000000

9 34 21 22 47 40 6 15 20 45 5 27 44 32 17 11 38 31 3 24 29 48 2 7 50 37 13 8 26 39 36 12 14 46 19 10 49 35 25 4 18 42 1 41 43 28 30 16 23 33 

 9 34 21 22 47 40	 => 173
 6 40 47 15 20 45	 => 173
 5 45 20 27 44 32	 => 173
 17 32 44 11 38 31	 => 173
 3 31 38 24 29 48	 => 173
 2 48 29 7 50 37	 => 173
 13 37 50 8 26 39	 => 173
 36 39 26 12 14 46	 => 173
 19 46 14 10 49 35	 => 173
 25 35 49 4 18 42	 => 173
 1 42 18 41 43 28	 => 173
 30 28 43 16 23 33	 => 173


===================[TEST 84]===================
Elapsed time: 4.000000 seconds
Total loop: 265 generations

Result : 169.128993

1 50 10 42 29 39 9 25 38 31 15 19 46 22 24 11 26 43 2 16 37 47 6 4 41 36 12 21 17 44 33 14 40 23 5 28 30 45 18 3 48 27 20 7 34 35 32 8 49 13 

 1 50 10 42 29 39	 => 171
 9 39 29 25 38 31	 => 171
 15 31 38 19 46 22	 => 171
 24 22 46 11 26 43	 => 172
 2 43 26 16 37 47	 => 171
 6 47 37 4 41 36	 => 171
 12 36 41 21 17 44	 => 171
 33 44 17 14 40 23	 => 171
 5 23 40 28 30 45	 => 171
 18 45 30 3 48 27	 => 171
 20 27 48 7 34 35	 => 171
 32 35 34 8 49 13	 => 171


===================[TEST 85]===================
Elapsed time: 13.000000 seconds
Total loop: 1088 generations

Result : 170.688138

15 35 12 21 49 42 3 20 18 41 11 10 48 46 13 8 24 34 5 17 50 44 1 23 47 9 16 19 40 43 28 4 29 30 7 25 38 45 6 22 37 26 14 27 31 39 32 33 2 36 

 15 35 12 21 49 42	 => 174
 3 42 49 20 18 41	 => 173
 11 41 18 10 48 46	 => 174
 13 46 48 8 24 34	 => 173
 5 34 24 17 50 44	 => 174
 1 44 50 23 47 9	 => 174
 16 9 47 19 40 43	 => 174
 28 43 40 4 29 30	 => 174
 7 30 29 25 38 45	 => 174
 6 45 38 22 37 26	 => 174
 14 26 37 27 31 39	 => 174
 32 39 31 33 2 36	 => 173


===================[TEST 86]===================
Elapsed time: 3.000000 seconds
Total loop: 308 generations

Result (Solution) : 172.000000

17 39 4 34 29 49 16 5 42 31 2 21 46 30 7 3 45 41 11 18 24 33 26 6 36 47 1 10 35 43 23 12 9 50 13 25 27 48 19 14 20 44 8 40 38 22 28 37 32 15 

 17 39 4 34 29 49	 => 172
 16 49 29 5 42 31	 => 172
 2 31 42 21 46 30	 => 172
 7 30 46 3 45 41	 => 172
 11 41 45 18 24 33	 => 172
 26 33 24 6 36 47	 => 172
 1 47 36 10 35 43	 => 172
 23 43 35 12 9 50	 => 172
 13 50 9 25 27 48	 => 172
 19 48 27 14 20 44	 => 172
 8 44 20 40 38 22	 => 172
 28 22 38 37 32 15	 => 172


===================[TEST 87]===================
Elapsed time: 5.000000 seconds
Total loop: 339 generations

Result : 170.198102

15 20 40 12 39 47 8 5 46 28 34 3 30 32 4 21 38 48 6 13 42 26 43 17 14 31 27 2 50 49 1 10 19 44 11 18 36 45 23 7 24 37 9 29 41 33 16 22 35 25 

 15 20 40 12 39 47	 => 173
 8 47 39 5 46 28	 => 173
 34 28 46 3 30 32	 => 173
 4 32 30 21 38 48	 => 173
 6 48 38 13 42 26	 => 173
 43 26 42 17 14 31	 => 173
 27 31 14 2 50 49	 => 173
 1 49 50 10 19 44	 => 173
 11 44 19 18 36 45	 => 173
 23 45 36 7 24 37	 => 172
 9 37 24 29 41 33	 => 173
 16 33 41 22 35 25	 => 172


===================[TEST 88]===================
Elapsed time: 5.000000 seconds
Total loop: 466 generations

Result : 174.128993

28 34 21 14 31 48 6 7 41 43 5 10 44 33 20 23 40 16 30 4 50 36 2 17 47 24 19 1 46 39 9 22 25 35 18 12 37 49 13 3 45 29 8 15 42 38 26 11 32 27 

 28 34 21 14 31 48	 => 176
 6 48 31 7 41 43	 => 176
 5 43 41 10 44 33	 => 176
 20 33 44 23 40 16	 => 176
 30 16 40 4 50 36	 => 176
 2 36 50 17 47 24	 => 176
 19 24 47 1 46 39	 => 176
 9 39 46 22 25 35	 => 176
 18 35 25 12 37 49	 => 176
 13 49 37 3 45 29	 => 176
 8 29 45 15 42 38	 => 177
 26 38 42 11 32 27	 => 176


===================[TEST 89]===================
Elapsed time: 5.000000 seconds
Total loop: 403 generations

Result (Solution) : 171.000000

38 47 12 16 8 50 22 23 48 20 2 17 41 43 7 9 40 31 1 25 32 42 4 21 35 37 11 3 49 36 10 13 24 39 19 14 46 29 6 30 45 15 18 26 34 33 5 27 28 44 

 38 47 12 16 8 50	 => 171
 22 50 8 23 48 20	 => 171
 2 20 48 17 41 43	 => 171
 7 43 41 9 40 31	 => 171
 1 31 40 25 32 42	 => 171
 4 42 32 21 35 37	 => 171
 11 37 35 3 49 36	 => 171
 10 36 49 13 24 39	 => 171
 19 39 24 14 46 29	 => 171
 6 29 46 30 45 15	 => 171
 18 15 45 26 34 33	 => 171
 5 33 34 27 28 44	 => 171


===================[TEST 90]===================
Elapsed time: 5.000000 seconds
Total loop: 371 generations

Result : 169.128993

8 24 15 29 45 50 14 9 27 26 25 11 48 34 17 4 31 37 2 28 32 41 47 3 5 43 1 38 49 35 7 22 19 40 16 21 39 36 18 13 23 42 10 20 30 46 33 44 12 6 

 8 24 15 29 45 50	 => 171
 14 50 45 9 27 26	 => 171
 25 26 27 11 48 34	 => 171
 17 34 48 4 31 37	 => 171
 2 37 31 28 32 41	 => 171
 47 41 32 3 5 43	 => 171
 1 43 5 38 49 35	 => 171
 7 35 49 22 19 40	 => 172
 16 40 19 21 39 36	 => 171
 18 36 39 13 23 42	 => 171
 10 42 23 20 30 46	 => 171
 33 46 30 44 12 6	 => 171


===================[TEST 91]===================
Elapsed time: 4.000000 seconds
Total loop: 367 generations

Result (Solution) : 172.000000

29 22 14 40 43 24 10 13 50 32 1 23 36 30 20 27 33 26 2 48 45 18 7 25 42 35 12 17 28 38 15 8 34 49 6 16 21 46 19 11 44 31 9 4 37 47 3 39 5 41 

 29 22 14 40 43 24	 => 172
 10 24 43 13 50 32	 => 172
 1 32 50 23 36 30	 => 172
 20 30 36 27 33 26	 => 172
 2 26 33 48 45 18	 => 172
 7 18 45 25 42 35	 => 172
 12 35 42 17 28 38	 => 172
 15 38 28 8 34 49	 => 172
 6 49 34 16 21 46	 => 172
 19 46 21 11 44 31	 => 172
 9 31 44 4 37 47	 => 172
 3 47 37 39 5 41	 => 172


===================[TEST 92]===================
Elapsed time: 6.000000 seconds
Total loop: 480 generations

Result (Solution) : 174.000000

24 23 8 34 35 50 5 9 49 26 29 14 18 38 17 25 28 48 20 6 42 30 15 19 21 47 31 1 33 41 11 2 43 44 3 12 27 45 16 7 40 39 4 22 37 32 46 36 10 13 

 24 23 8 34 35 50	 => 174
 5 50 35 9 49 26	 => 174
 29 26 49 14 18 38	 => 174
 17 38 18 25 28 48	 => 174
 20 48 28 6 42 30	 => 174
 15 30 42 19 21 47	 => 174
 31 47 21 1 33 41	 => 174
 11 41 33 2 43 44	 => 174
 3 44 43 12 27 45	 => 174
 16 45 27 7 40 39	 => 174
 4 39 40 22 37 32	 => 174
 46 32 37 36 10 13	 => 174


===================[TEST 93]===================
Elapsed time: 5.000000 seconds
Total loop: 387 generations

Result (Solution) : 172.000000

17 3 16 46 43 47 7 5 40 30 38 8 24 32 37 18 11 50 33 1 29 48 13 22 34 26 25 21 27 39 10 15 36 45 9 2 49 31 23 6 28 35 4 20 44 41 12 42 14 19 

 17 3 16 46 43 47	 => 172
 7 47 43 5 40 30	 => 172
 38 30 40 8 24 32	 => 172
 37 32 24 18 11 50	 => 172
 33 50 11 1 29 48	 => 172
 13 48 29 22 34 26	 => 172
 25 26 34 21 27 39	 => 172
 10 39 27 15 36 45	 => 172
 9 45 36 2 49 31	 => 172
 23 31 49 6 28 35	 => 172
 4 35 28 20 44 41	 => 172
 12 41 44 42 14 19	 => 172


===================[TEST 94]===================
Elapsed time: 6.000000 seconds
Total loop: 422 generations

Result (Solution) : 173.000000

17 20 13 48 37 38 14 2 43 39 3 35 41 12 29 15 26 50 5 22 25 45 11 18 46 28 1 23 44 31 10 7 34 47 16 9 27 40 32 8 30 36 4 21 33 49 42 24 6 19 

 17 20 13 48 37 38	 => 173
 14 38 37 2 43 39	 => 173
 3 39 43 35 41 12	 => 173
 29 12 41 15 26 50	 => 173
 5 50 26 22 25 45	 => 173
 11 45 25 18 46 28	 => 173
 1 28 46 23 44 31	 => 173
 10 31 44 7 34 47	 => 173
 16 47 34 9 27 40	 => 173
 32 40 27 8 30 36	 => 173
 4 36 30 21 33 49	 => 173
 42 49 33 24 6 19	 => 173


===================[TEST 95]===================
Elapsed time: 9.000000 seconds
Total loop: 660 generations

Result (Solution) : 176.000000

11 20 41 29 45 30 19 17 34 31 2 22 48 39 7 1 46 35 12 6 50 27 14 3 44 38 18 4 40 32 28 16 37 23 15 10 42 49 9 8 47 21 5 24 36 43 26 33 13 25 

 11 20 41 29 45 30	 => 176
 19 30 45 17 34 31	 => 176
 2 31 34 22 48 39	 => 176
 7 39 48 1 46 35	 => 176
 12 35 46 6 50 27	 => 176
 14 27 50 3 44 38	 => 176
 18 38 44 4 40 32	 => 176
 28 32 40 16 37 23	 => 176
 15 23 37 10 42 49	 => 176
 9 49 42 8 47 21	 => 176
 5 21 47 24 36 43	 => 176
 26 43 36 33 13 25	 => 176


===================[TEST 96]===================
Elapsed time: 7.000000 seconds
Total loop: 542 generations

Result : 172.531435

16 44 5 15 50 45 4 10 26 40 2 23 49 35 7 22 33 29 21 14 31 47 12 17 30 38 28 13 34 32 8 18 41 42 9 19 39 25 1 20 48 43 11 3 46 24 37 6 27 36 

 16 44 5 15 50 45	 => 175
 4 45 50 10 26 40	 => 175
 2 40 26 23 49 35	 => 175
 7 35 49 22 33 29	 => 175
 21 29 33 14 31 47	 => 175
 12 47 31 17 30 38	 => 175
 28 38 30 13 34 32	 => 175
 8 32 34 18 41 42	 => 175
 9 42 41 19 39 25	 => 175
 1 25 39 20 48 43	 => 176
 11 43 48 3 46 24	 => 175
 37 24 46 6 27 36	 => 176


===================[TEST 97]===================
Elapsed time: 3.000000 seconds
Total loop: 274 generations

Result (Solution) : 170.000000

8 33 31 19 41 38 5 36 39 11 45 14 15 46 13 10 37 49 9 2 30 43 3 35 25 34 4 18 42 47 7 1 23 50 6 20 44 27 21 22 32 24 29 17 40 28 48 16 26 12 

 8 33 31 19 41 38	 => 170
 5 38 41 36 39 11	 => 170
 45 11 39 14 15 46	 => 170
 13 46 15 10 37 49	 => 170
 9 49 37 2 30 43	 => 170
 3 43 30 35 25 34	 => 170
 4 34 25 18 42 47	 => 170
 7 47 42 1 23 50	 => 170
 6 50 23 20 44 27	 => 170
 21 27 44 22 32 24	 => 170
 29 24 32 17 40 28	 => 170
 48 28 40 16 26 12	 => 170


===================[TEST 98]===================
Elapsed time: 6.000000 seconds
Total loop: 415 generations

Result : 170.128993

10 16 37 18 49 42 8 9 30 34 4 39 21 44 1 29 46 31 15 12 40 28 13 24 32 35 27 2 43 33 45 7 41 3 25 17 38 48 5 26 19 36 14 6 47 50 23 20 22 11 

 10 16 37 18 49 42	 => 172
 8 42 49 9 30 34	 => 172
 4 34 30 39 21 44	 => 172
 1 44 21 29 46 31	 => 172
 15 31 46 12 40 28	 => 172
 13 28 40 24 32 35	 => 172
 27 35 32 2 43 33	 => 172
 45 33 43 7 41 3	 => 172
 25 3 41 17 38 48	 => 172
 5 48 38 26 19 36	 => 172
 14 36 19 6 47 50	 => 172
 23 50 47 20 22 11	 => 173


===================[TEST 99]===================
Elapsed time: 3.000000 seconds
Total loop: 317 generations

Result : 168.128993

18 42 15 28 31 36 3 13 38 49 7 30 25 21 5 34 35 50 1 4 37 43 26 8 17 39 23 10 40 41 6 11 44 29 2 33 16 46 22 24 48 14 9 32 47 20 12 19 27 45 

 18 42 15 28 31 36	 => 170
 3 36 31 13 38 49	 => 170
 7 49 38 30 25 21	 => 170
 5 21 25 34 35 50	 => 170
 1 50 35 4 37 43	 => 170
 26 43 37 8 17 39	 => 170
 23 39 17 10 40 41	 => 170
 6 41 40 11 44 29	 => 171
 2 29 44 33 16 46	 => 170
 22 46 16 24 48 14	 => 170
 9 14 48 32 47 20	 => 170
 12 20 47 19 27 45	 => 170


===================[TEST 100]===================
Elapsed time: 4.000000 seconds
Total loop: 283 generations

Result : 167.128993

30 2 43 45 13 36 11 24 44 41 6 4 47 27 28 8 9 50 5 17 48 40 1 20 42 18 12 34 37 26 10 23 38 35 16 22 33 25 7 39 19 46 3 21 49 31 15 29 14 32 

 30 2 43 45 13 36	 => 169
 11 36 13 24 44 41	 => 169
 6 41 44 4 47 27	 => 169
 28 27 47 8 9 50	 => 169
 5 50 9 17 48 40	 => 169
 1 40 48 20 42 18	 => 169
 12 18 42 34 37 26	 => 169
 10 26 37 23 38 35	 => 169
 16 35 38 22 33 25	 => 169
 7 25 33 39 19 46	 => 169
 3 46 19 21 49 31	 => 169
 15 31 49 29 14 32	 => 170



test#	fitness		sum		time
---------------------------------------------------
1	173.000000	173	4.000000
2	168.128993			4.000000
3	170.000000	170	5.000000
4	172.128993	170	6.000000
5	171.128993	170	12.000000
6	172.128993	170	4.000000
7	172.962327	170	8.000000
8	171.000000	171	4.000000
9	174.000000	174	4.000000
10	168.188138			3.000000
11	170.962327			6.000000
12	173.000000	173	4.000000
13	172.128993			5.000000
14	171.000000	171	5.000000
15	171.688138	171	5.000000
16	173.128993	171	4.000000
17	173.000000	173	5.000000
18	174.000000	174	4.000000
19	172.000000	172	5.000000
20	169.128993			4.000000
21	171.000000	171	5.000000
22	173.128993	171	6.000000
23	170.128993			3.000000
24	175.000000	175	8.000000
25	170.128993			3.000000
26	173.000000	173	133.000000
27	166.128993			2.000000
28	172.000000	172	5.000000
29	171.000000	171	6.000000
30	170.000000	170	3.000000
31	174.000000	174	7.000000
32	169.531435			4.000000
33	171.000000	171	3.000000
34	169.128993			6.000000
35	172.000000	172	4.000000
36	175.000000	175	6.000000
37	171.128993			5.000000
38	172.128993			5.000000
39	170.531435			4.000000
40	172.128993			4.000000
41	174.000000	174	5.000000
42	173.962327			6.000000
43	174.000000	174	7.000000
44	170.962327			6.000000
45	170.000000	170	4.000000
46	170.128993	170	3.000000
47	169.531435			3.000000
48	175.000000	175	5.000000
49	170.198102			5.000000
50	172.000000	172	6.000000
51	173.198102	172	9.000000
52	172.000000	172	5.000000
53	174.000000	174	6.000000
54	173.000000	173	4.000000
55	168.000000	168	3.000000
56	173.000000	173	7.000000
57	170.962327			4.000000
58	175.000000	175	7.000000
59	171.531435			5.000000
60	171.128993			4.000000
61	171.000000	171	4.000000
62	173.000000	173	4.000000
63	167.000000	167	3.000000
64	173.000000	173	6.000000
65	171.962327			4.000000
66	171.000000	171	4.000000
67	170.688138			8.000000
68	173.000000	173	7.000000
69	171.128993			6.000000
70	169.000000	169	4.000000
71	169.962327	169	5.000000
72	168.962327			10.000000
73	171.113249	169	5.000000
74	175.000000	175	6.000000
75	172.962327			4.000000
76	173.962327			5.000000
77	174.000000	174	5.000000
78	170.128993			6.000000
79	169.128993			4.000000
80	168.962327			4.000000
81	170.000000	170	3.000000
82	176.000000	176	7.000000
83	173.000000	173	5.000000
84	169.128993			4.000000
85	170.688138			13.000000
86	172.000000	172	3.000000
87	170.198102			5.000000
88	174.128993	172	5.000000
89	171.000000	171	5.000000
90	169.128993			5.000000
91	172.000000	172	4.000000
92	174.000000	174	6.000000
93	172.000000	172	5.000000
94	173.000000	173	6.000000
95	176.000000	176	9.000000
96	172.531435			7.000000
97	170.000000	170	3.000000
98	170.128993	170	6.000000
99	168.128993			3.000000
100	167.128993			4.000000


---------------------------------------------------
Best fitness      : 176.000000 ( test# 82)
Best solution sum : 176 ( test# 82)
Shortest time     : 2.000000 ( test# 27)

Average fitness   : 171.575567
Average sol. sum  : 169.296875
Average time      : 6.390000
