****************** GA TEST *******************

total test#:			 100
hexa min width:			 1
hexa max width:			 2
hexa count:			 4
number count:			 16
population size:		 100
generation size:		 30

tournament winner p:		 0.600000
xover uniform p:		 0.600000
do mutation1 p:			 0.100000
mutation1 p:			 0.050000
do optimize p:			 1.000000
local optimize count:		 300
do deep better optimize p:	 1.000000
do deep worse optimize p:	 0.000000
do spin p:			 0.000000
spin count:			 1000
do spin apply p:		 1.000000
do mutation2 p:			 0.100000
mutation2 p:			 0.100000
force mutation2:		 0
replace bad p:			 0.100000

converge rate p:		 0.990000
converge count:			 3

**********************************************


===================[TEST 1]===================
Elapsed time: 0.000000 seconds
Total loop: 72 generations

Result (Solution) : 62.000000

9 5 14 16 11 7 1 3 13 15 12 2 6 8 10 4 

 9 5 14 16 11 7	 => 62
 14 1 3 13 15 16	 => 62
 11 16 15 12 2 6	 => 62
 15 13 8 10 4 12	 => 62


===================[TEST 2]===================
Elapsed time: 0.000000 seconds
Total loop: 72 generations

Result (Solution) : 62.000000

9 5 14 16 11 7 1 3 13 15 12 2 6 8 10 4 

 9 5 14 16 11 7	 => 62
 14 1 3 13 15 16	 => 62
 11 16 15 12 2 6	 => 62
 15 13 8 10 4 12	 => 62


===================[TEST 3]===================
Elapsed time: 1.000000 seconds
Total loop: 72 generations

Result (Solution) : 62.000000

9 5 14 16 11 7 1 3 13 15 12 2 6 8 10 4 

 9 5 14 16 11 7	 => 62
 14 1 3 13 15 16	 => 62
 11 16 15 12 2 6	 => 62
 15 13 8 10 4 12	 => 62


===================[TEST 4]===================
Elapsed time: 1.000000 seconds
Total loop: 257 generations

Result (Solution) : 62.000000

7 3 12 16 14 10 2 4 13 15 11 5 1 8 6 9 

 7 3 12 16 14 10	 => 62
 12 2 4 13 15 16	 => 62
 14 16 15 11 5 1	 => 62
 15 13 8 6 9 11	 => 62


===================[TEST 5]===================
Elapsed time: 1.000000 seconds
Total loop: 207 generations

Result (Solution) : 62.000000

7 10 12 16 11 6 2 4 13 15 14 1 5 3 8 9 

 7 10 12 16 11 6	 => 62
 12 2 4 13 15 16	 => 62
 11 16 15 14 1 5	 => 62
 15 13 3 8 9 14	 => 62


===================[TEST 6]===================
Elapsed time: 1.000000 seconds
Total loop: 217 generations

Result (Solution) : 62.000000

7 10 11 15 14 5 6 1 13 16 12 3 2 4 8 9 

 7 10 11 15 14 5	 => 62
 11 6 1 13 16 15	 => 62
 14 15 16 12 3 2	 => 62
 16 13 4 8 9 12	 => 62


===================[TEST 7]===================
Elapsed time: 1.000000 seconds
Total loop: 138 generations

Result (Solution) : 62.000000

9 5 12 16 13 7 3 2 14 15 11 1 6 4 10 8 

 9 5 12 16 13 7	 => 62
 12 3 2 14 15 16	 => 62
 13 16 15 11 1 6	 => 62
 15 14 4 10 8 11	 => 62


===================[TEST 8]===================
Elapsed time: 1.000000 seconds
Total loop: 325 generations

Result (Solution) : 62.000000

9 8 11 15 13 6 5 1 14 16 12 4 2 7 10 3 

 9 8 11 15 13 6	 => 62
 11 5 1 14 16 15	 => 62
 13 15 16 12 4 2	 => 62
 16 14 7 10 3 12	 => 62


===================[TEST 9]===================
Elapsed time: 1.000000 seconds
Total loop: 82 generations

Result (Solution) : 62.000000

5 9 11 15 12 10 1 6 13 16 14 3 2 7 8 4 

 5 9 11 15 12 10	 => 62
 11 1 6 13 16 15	 => 62
 12 15 16 14 3 2	 => 62
 16 13 7 8 4 14	 => 62


===================[TEST 10]===================
Elapsed time: 0.000000 seconds
Total loop: 98 generations

Result (Solution) : 62.000000

3 8 13 15 14 9 5 1 12 16 11 2 4 6 10 7 

 3 8 13 15 14 9	 => 62
 13 5 1 12 16 15	 => 62
 14 15 16 11 2 4	 => 62
 16 12 6 10 7 11	 => 62


===================[TEST 11]===================
Elapsed time: 0.000000 seconds
Total loop: 98 generations

Result (Solution) : 62.000000

3 8 13 15 14 9 5 1 12 16 11 2 4 6 10 7 

 3 8 13 15 14 9	 => 62
 13 5 1 12 16 15	 => 62
 14 15 16 11 2 4	 => 62
 16 12 6 10 7 11	 => 62


===================[TEST 12]===================
Elapsed time: 1.000000 seconds
Total loop: 98 generations

Result (Solution) : 62.000000

3 8 13 15 14 9 5 1 12 16 11 2 4 6 10 7 

 3 8 13 15 14 9	 => 62
 13 5 1 12 16 15	 => 62
 14 15 16 11 2 4	 => 62
 16 12 6 10 7 11	 => 62


===================[TEST 13]===================
Elapsed time: 2.000000 seconds
Total loop: 466 generations

Result (Solution) : 62.000000

10 6 11 15 12 8 1 5 14 16 13 2 4 7 9 3 

 10 6 11 15 12 8	 => 62
 11 1 5 14 16 15	 => 62
 12 15 16 13 2 4	 => 62
 16 14 7 9 3 13	 => 62


===================[TEST 14]===================
Elapsed time: 1.000000 seconds
Total loop: 154 generations

Result (Solution) : 62.000000

6 9 11 16 12 8 2 5 13 15 14 1 4 7 10 3 

 6 9 11 16 12 8	 => 62
 11 2 5 13 15 16	 => 62
 12 16 15 14 1 4	 => 62
 15 13 7 10 3 14	 => 62


===================[TEST 15]===================
Elapsed time: 1.000000 seconds
Total loop: 165 generations

Result (Solution) : 62.000000

7 9 13 16 14 3 1 5 12 15 11 2 4 8 10 6 

 7 9 13 16 14 3	 => 62
 13 1 5 12 15 16	 => 62
 14 16 15 11 2 4	 => 62
 15 12 8 10 6 11	 => 62


===================[TEST 16]===================
Elapsed time: 1.000000 seconds
Total loop: 224 generations

Result (Solution) : 62.000000

6 9 13 15 12 7 5 2 11 16 14 1 4 3 8 10 

 6 9 13 15 12 7	 => 62
 13 5 2 11 16 15	 => 62
 12 15 16 14 1 4	 => 62
 16 11 3 8 10 14	 => 62


===================[TEST 17]===================
Elapsed time: 1.000000 seconds
Total loop: 215 generations

Result (Solution) : 62.000000

8 7 11 15 12 9 6 1 13 16 14 3 2 5 4 10 

 8 7 11 15 12 9	 => 62
 11 6 1 13 16 15	 => 62
 12 15 16 14 3 2	 => 62
 16 13 5 4 10 14	 => 62


===================[TEST 18]===================
Elapsed time: 1.000000 seconds
Total loop: 280 generations

Result (Solution) : 62.000000

7 8 14 16 11 6 4 1 12 15 13 5 2 9 3 10 

 7 8 14 16 11 6	 => 62
 14 4 1 12 15 16	 => 62
 11 16 15 13 5 2	 => 62
 15 12 9 3 10 13	 => 62


===================[TEST 19]===================
Elapsed time: 1.000000 seconds
Total loop: 141 generations

Result (Solution) : 62.000000

6 10 11 15 12 8 5 1 14 16 13 4 2 3 7 9 

 6 10 11 15 12 8	 => 62
 11 5 1 14 16 15	 => 62
 12 15 16 13 4 2	 => 62
 16 14 3 7 9 13	 => 62


===================[TEST 20]===================
Elapsed time: 2.000000 seconds
Total loop: 416 generations

Result (Solution) : 62.000000

7 8 14 15 13 5 2 3 12 16 11 1 6 10 9 4 

 7 8 14 15 13 5	 => 62
 14 2 3 12 16 15	 => 62
 13 15 16 11 1 6	 => 62
 16 12 10 9 4 11	 => 62


===================[TEST 21]===================
Elapsed time: 0.000000 seconds
Total loop: 93 generations

Result (Solution) : 62.000000

3 10 12 16 13 8 4 1 14 15 11 5 2 6 9 7 

 3 10 12 16 13 8	 => 62
 12 4 1 14 15 16	 => 62
 13 16 15 11 5 2	 => 62
 15 14 6 9 7 11	 => 62


===================[TEST 22]===================
Elapsed time: 1.000000 seconds
Total loop: 93 generations

Result (Solution) : 62.000000

3 10 12 16 13 8 4 1 14 15 11 5 2 6 9 7 

 3 10 12 16 13 8	 => 62
 12 4 1 14 15 16	 => 62
 13 16 15 11 5 2	 => 62
 15 14 6 9 7 11	 => 62


===================[TEST 23]===================
Elapsed time: 0.000000 seconds
Total loop: 104 generations

Result (Solution) : 62.000000

10 3 13 16 12 8 5 2 11 15 14 1 4 9 7 6 

 10 3 13 16 12 8	 => 62
 13 5 2 11 15 16	 => 62
 12 16 15 14 1 4	 => 62
 15 11 9 7 6 14	 => 62


===================[TEST 24]===================
Elapsed time: 0.000000 seconds
Total loop: 104 generations

Result (Solution) : 62.000000

10 3 13 16 12 8 5 2 11 15 14 1 4 9 7 6 

 10 3 13 16 12 8	 => 62
 13 5 2 11 15 16	 => 62
 12 16 15 14 1 4	 => 62
 15 11 9 7 6 14	 => 62


===================[TEST 25]===================
Elapsed time: 2.000000 seconds
Total loop: 487 generations

Result (Solution) : 62.000000

4 7 13 16 12 10 6 1 11 15 14 3 2 5 8 9 

 4 7 13 16 12 10	 => 62
 13 6 1 11 15 16	 => 62
 12 16 15 14 3 2	 => 62
 15 11 5 8 9 14	 => 62


===================[TEST 26]===================
Elapsed time: 1.000000 seconds
Total loop: 295 generations

Result (Solution) : 62.000000

3 9 14 16 12 8 5 1 11 15 13 4 2 10 7 6 

 3 9 14 16 12 8	 => 62
 14 5 1 11 15 16	 => 62
 12 16 15 13 4 2	 => 62
 15 11 10 7 6 13	 => 62


===================[TEST 27]===================
Elapsed time: 1.000000 seconds
Total loop: 93 generations

Result (Solution) : 62.000000

10 5 11 16 12 8 6 1 13 15 14 2 3 4 9 7 

 10 5 11 16 12 8	 => 62
 11 6 1 13 15 16	 => 62
 12 16 15 14 2 3	 => 62
 15 13 4 9 7 14	 => 62


===================[TEST 28]===================
Elapsed time: 1.000000 seconds
Total loop: 277 generations

Result (Solution) : 62.000000

7 9 14 15 12 5 1 3 13 16 11 2 6 8 4 10 

 7 9 14 15 12 5	 => 62
 14 1 3 13 16 15	 => 62
 12 15 16 11 2 6	 => 62
 16 13 8 4 10 11	 => 62


===================[TEST 29]===================
Elapsed time: 1.000000 seconds
Total loop: 127 generations

Result (Solution) : 62.000000

9 3 13 15 14 8 4 2 12 16 11 1 5 7 10 6 

 9 3 13 15 14 8	 => 62
 13 4 2 12 16 15	 => 62
 14 15 16 11 1 5	 => 62
 16 12 7 10 6 11	 => 62


===================[TEST 30]===================
Elapsed time: 0.000000 seconds
Total loop: 95 generations

Result (Solution) : 62.000000

10 4 14 15 11 8 3 2 12 16 13 6 1 7 5 9 

 10 4 14 15 11 8	 => 62
 14 3 2 12 16 15	 => 62
 11 15 16 13 6 1	 => 62
 16 12 7 5 9 13	 => 62


===================[TEST 31]===================
Elapsed time: 0.000000 seconds
Total loop: 95 generations

Result (Solution) : 62.000000

10 4 14 15 11 8 3 2 12 16 13 6 1 7 5 9 

 10 4 14 15 11 8	 => 62
 14 3 2 12 16 15	 => 62
 11 15 16 13 6 1	 => 62
 16 12 7 5 9 13	 => 62


===================[TEST 32]===================
Elapsed time: 1.000000 seconds
Total loop: 95 generations

Result (Solution) : 62.000000

10 4 14 15 11 8 3 2 12 16 13 6 1 7 5 9 

 10 4 14 15 11 8	 => 62
 14 3 2 12 16 15	 => 62
 11 15 16 13 6 1	 => 62
 16 12 7 5 9 13	 => 62


===================[TEST 33]===================
Elapsed time: 0.000000 seconds
Total loop: 113 generations

Result (Solution) : 62.000000

6 10 11 15 13 7 1 5 14 16 12 2 4 8 3 9 

 6 10 11 15 13 7	 => 62
 11 1 5 14 16 15	 => 62
 13 15 16 12 2 4	 => 62
 16 14 8 3 9 12	 => 62


===================[TEST 34]===================
Elapsed time: 1.000000 seconds
Total loop: 113 generations

Result (Solution) : 62.000000

6 10 11 15 13 7 1 5 14 16 12 2 4 8 3 9 

 6 10 11 15 13 7	 => 62
 11 1 5 14 16 15	 => 62
 13 15 16 12 2 4	 => 62
 16 14 8 3 9 12	 => 62


===================[TEST 35]===================
Elapsed time: 1.000000 seconds
Total loop: 179 generations

Result (Solution) : 62.000000

3 9 13 16 14 7 1 5 12 15 11 2 4 10 6 8 

 3 9 13 16 14 7	 => 62
 13 1 5 12 15 16	 => 62
 14 16 15 11 2 4	 => 62
 15 12 10 6 8 11	 => 62


===================[TEST 36]===================
Elapsed time: 0.000000 seconds
Total loop: 128 generations

Result (Solution) : 62.000000

4 9 14 16 12 7 1 3 13 15 11 6 2 10 5 8 

 4 9 14 16 12 7	 => 62
 14 1 3 13 15 16	 => 62
 12 16 15 11 6 2	 => 62
 15 13 10 5 8 11	 => 62


===================[TEST 37]===================
Elapsed time: 1.000000 seconds
Total loop: 128 generations

Result (Solution) : 62.000000

4 9 14 16 12 7 1 3 13 15 11 6 2 10 5 8 

 4 9 14 16 12 7	 => 62
 14 1 3 13 15 16	 => 62
 12 16 15 11 6 2	 => 62
 15 13 10 5 8 11	 => 62


===================[TEST 38]===================
Elapsed time: 2.000000 seconds
Total loop: 327 generations

Result (Solution) : 62.000000

8 3 13 15 14 9 4 2 12 16 11 5 1 10 6 7 

 8 3 13 15 14 9	 => 62
 13 4 2 12 16 15	 => 62
 14 15 16 11 5 1	 => 62
 16 12 10 6 7 11	 => 62


===================[TEST 39]===================
Elapsed time: 0.000000 seconds
Total loop: 186 generations

Result (Solution) : 62.000000

10 4 13 15 12 8 1 3 14 16 11 6 2 9 7 5 

 10 4 13 15 12 8	 => 62
 13 1 3 14 16 15	 => 62
 12 15 16 11 6 2	 => 62
 16 14 9 7 5 11	 => 62


===================[TEST 40]===================
Elapsed time: 1.000000 seconds
Total loop: 186 generations

Result (Solution) : 62.000000

10 4 13 15 12 8 1 3 14 16 11 6 2 9 7 5 

 10 4 13 15 12 8	 => 62
 13 1 3 14 16 15	 => 62
 12 15 16 11 6 2	 => 62
 16 14 9 7 5 11	 => 62


===================[TEST 41]===================
Elapsed time: 1.000000 seconds
Total loop: 175 generations

Result (Solution) : 62.000000

3 7 14 15 13 10 2 4 11 16 12 5 1 9 8 6 

 3 7 14 15 13 10	 => 62
 14 2 4 11 16 15	 => 62
 13 15 16 12 5 1	 => 62
 16 11 9 8 6 12	 => 62


===================[TEST 42]===================
Elapsed time: 1.000000 seconds
Total loop: 211 generations

Result (Solution) : 62.000000

4 10 11 16 14 7 1 6 13 15 12 2 3 5 9 8 

 4 10 11 16 14 7	 => 62
 11 1 6 13 15 16	 => 62
 14 16 15 12 2 3	 => 62
 15 13 5 9 8 12	 => 62


===================[TEST 43]===================
Elapsed time: 2.000000 seconds
Total loop: 326 generations

Result (Solution) : 62.000000

8 4 12 16 13 9 2 3 14 15 11 1 6 5 7 10 

 8 4 12 16 13 9	 => 62
 12 2 3 14 15 16	 => 62
 13 16 15 11 1 6	 => 62
 15 14 5 7 10 11	 => 62


===================[TEST 44]===================
Elapsed time: 0.000000 seconds
Total loop: 147 generations

Result (Solution) : 62.000000

10 7 12 16 11 6 1 4 14 15 13 2 5 9 8 3 

 10 7 12 16 11 6	 => 62
 12 1 4 14 15 16	 => 62
 11 16 15 13 2 5	 => 62
 15 14 9 8 3 13	 => 62


===================[TEST 45]===================
Elapsed time: 1.000000 seconds
Total loop: 147 generations

Result (Solution) : 62.000000

10 7 12 16 11 6 1 4 14 15 13 2 5 9 8 3 

 10 7 12 16 11 6	 => 62
 12 1 4 14 15 16	 => 62
 11 16 15 13 2 5	 => 62
 15 14 9 8 3 13	 => 62


===================[TEST 46]===================
Elapsed time: 1.000000 seconds
Total loop: 215 generations

Result (Solution) : 62.000000

4 8 13 16 14 7 6 1 11 15 12 2 3 9 10 5 

 4 8 13 16 14 7	 => 62
 13 6 1 11 15 16	 => 62
 14 16 15 12 2 3	 => 62
 15 11 9 10 5 12	 => 62


===================[TEST 47]===================
Elapsed time: 1.000000 seconds
Total loop: 201 generations

Result (Solution) : 62.000000

10 8 14 16 11 3 1 4 12 15 13 5 2 9 7 6 

 10 8 14 16 11 3	 => 62
 14 1 4 12 15 16	 => 62
 11 16 15 13 5 2	 => 62
 15 12 9 7 6 13	 => 62


===================[TEST 48]===================
Elapsed time: 1.000000 seconds
Total loop: 205 generations

Result (Solution) : 62.000000

3 6 14 16 13 10 1 5 11 15 12 2 4 8 7 9 

 3 6 14 16 13 10	 => 62
 14 1 5 11 15 16	 => 62
 13 16 15 12 2 4	 => 62
 15 11 8 7 9 12	 => 62


===================[TEST 49]===================
Elapsed time: 2.000000 seconds
Total loop: 384 generations

Result (Solution) : 62.000000

6 9 12 16 11 8 2 4 13 15 14 1 5 3 7 10 

 6 9 12 16 11 8	 => 62
 12 2 4 13 15 16	 => 62
 11 16 15 14 1 5	 => 62
 15 13 3 7 10 14	 => 62


===================[TEST 50]===================
Elapsed time: 1.000000 seconds
Total loop: 304 generations

Result (Solution) : 62.000000

9 7 13 15 14 4 6 1 11 16 12 2 3 5 10 8 

 9 7 13 15 14 4	 => 62
 13 6 1 11 16 15	 => 62
 14 15 16 12 2 3	 => 62
 16 11 5 10 8 12	 => 62


===================[TEST 51]===================
Elapsed time: 1.000000 seconds
Total loop: 78 generations

Result (Solution) : 62.000000

3 9 13 15 14 8 1 5 12 16 11 4 2 10 6 7 

 3 9 13 15 14 8	 => 62
 13 1 5 12 16 15	 => 62
 14 15 16 11 4 2	 => 62
 16 12 10 6 7 11	 => 62


===================[TEST 52]===================
Elapsed time: 1.000000 seconds
Total loop: 299 generations

Result (Solution) : 62.000000

8 10 12 15 11 6 5 1 13 16 14 2 4 7 3 9 

 8 10 12 15 11 6	 => 62
 12 5 1 13 16 15	 => 62
 11 15 16 14 2 4	 => 62
 16 13 7 3 9 14	 => 62


===================[TEST 53]===================
Elapsed time: 1.000000 seconds
Total loop: 314 generations

Result (Solution) : 62.000000

8 6 12 16 13 7 4 1 14 15 11 5 2 3 9 10 

 8 6 12 16 13 7	 => 62
 12 4 1 14 15 16	 => 62
 13 16 15 11 5 2	 => 62
 15 14 3 9 10 11	 => 62


===================[TEST 54]===================
Elapsed time: 1.000000 seconds
Total loop: 137 generations

Result (Solution) : 62.000000

6 10 12 16 11 7 4 2 13 15 14 5 1 9 8 3 

 6 10 12 16 11 7	 => 62
 12 4 2 13 15 16	 => 62
 11 16 15 14 5 1	 => 62
 15 13 9 8 3 14	 => 62


===================[TEST 55]===================
Elapsed time: 2.000000 seconds
Total loop: 370 generations

Result (Solution) : 62.000000

7 8 14 16 13 4 3 2 12 15 11 1 6 9 5 10 

 7 8 14 16 13 4	 => 62
 14 3 2 12 15 16	 => 62
 13 16 15 11 1 6	 => 62
 15 12 9 5 10 11	 => 62


===================[TEST 56]===================
Elapsed time: 0.000000 seconds
Total loop: 112 generations

Result (Solution) : 62.000000

10 8 13 15 12 4 3 1 14 16 11 6 2 9 7 5 

 10 8 13 15 12 4	 => 62
 13 3 1 14 16 15	 => 62
 12 15 16 11 6 2	 => 62
 16 14 9 7 5 11	 => 62


===================[TEST 57]===================
Elapsed time: 1.000000 seconds
Total loop: 112 generations

Result (Solution) : 62.000000

10 8 13 15 12 4 3 1 14 16 11 6 2 9 7 5 

 10 8 13 15 12 4	 => 62
 13 3 1 14 16 15	 => 62
 12 15 16 11 6 2	 => 62
 16 14 9 7 5 11	 => 62


===================[TEST 58]===================
Elapsed time: 1.000000 seconds
Total loop: 262 generations

Result (Solution) : 62.000000

9 3 14 16 12 8 5 1 11 15 13 2 4 7 6 10 

 9 3 14 16 12 8	 => 62
 14 5 1 11 15 16	 => 62
 12 16 15 13 2 4	 => 62
 15 11 7 6 10 13	 => 62


===================[TEST 59]===================
Elapsed time: 0.000000 seconds
Total loop: 85 generations

Result (Solution) : 62.000000

9 8 12 16 13 4 2 3 14 15 11 1 6 10 5 7 

 9 8 12 16 13 4	 => 62
 12 2 3 14 15 16	 => 62
 13 16 15 11 1 6	 => 62
 15 14 10 5 7 11	 => 62


===================[TEST 60]===================
Elapsed time: 1.000000 seconds
Total loop: 85 generations

Result (Solution) : 62.000000

9 8 12 16 13 4 2 3 14 15 11 1 6 10 5 7 

 9 8 12 16 13 4	 => 62
 12 2 3 14 15 16	 => 62
 13 16 15 11 1 6	 => 62
 15 14 10 5 7 11	 => 62


===================[TEST 61]===================
Elapsed time: 1.000000 seconds
Total loop: 161 generations

Result (Solution) : 62.000000

7 9 13 15 12 6 5 2 11 16 14 4 1 10 3 8 

 7 9 13 15 12 6	 => 62
 13 5 2 11 16 15	 => 62
 12 15 16 14 4 1	 => 62
 16 11 10 3 8 14	 => 62


===================[TEST 62]===================
Elapsed time: 1.000000 seconds
Total loop: 238 generations

Result (Solution) : 62.000000

9 7 11 15 14 6 2 5 13 16 12 4 1 8 3 10 

 9 7 11 15 14 6	 => 62
 11 2 5 13 16 15	 => 62
 14 15 16 12 4 1	 => 62
 16 13 8 3 10 12	 => 62


===================[TEST 63]===================
Elapsed time: 1.000000 seconds
Total loop: 205 generations

Result (Solution) : 62.000000

7 6 11 16 13 9 2 4 14 15 12 1 5 3 8 10 

 7 6 11 16 13 9	 => 62
 11 2 4 14 15 16	 => 62
 13 16 15 12 1 5	 => 62
 15 14 3 8 10 12	 => 62


===================[TEST 64]===================
Elapsed time: 1.000000 seconds
Total loop: 289 generations

Result (Solution) : 62.000000

8 4 11 16 14 9 1 6 13 15 12 2 3 10 7 5 

 8 4 11 16 14 9	 => 62
 11 1 6 13 15 16	 => 62
 14 16 15 12 2 3	 => 62
 15 13 10 7 5 12	 => 62


===================[TEST 65]===================
Elapsed time: 0.000000 seconds
Total loop: 95 generations

Result (Solution) : 62.000000

8 4 12 15 13 10 3 2 14 16 11 6 1 7 5 9 

 8 4 12 15 13 10	 => 62
 12 3 2 14 16 15	 => 62
 13 15 16 11 6 1	 => 62
 16 14 7 5 9 11	 => 62


===================[TEST 66]===================
Elapsed time: 1.000000 seconds
Total loop: 95 generations

Result (Solution) : 62.000000

8 4 12 15 13 10 3 2 14 16 11 6 1 7 5 9 

 8 4 12 15 13 10	 => 62
 12 3 2 14 16 15	 => 62
 13 15 16 11 6 1	 => 62
 16 14 7 5 9 11	 => 62


===================[TEST 67]===================
Elapsed time: 1.000000 seconds
Total loop: 183 generations

Result (Solution) : 62.000000

8 4 12 16 13 9 3 2 14 15 11 6 1 5 7 10 

 8 4 12 16 13 9	 => 62
 12 3 2 14 15 16	 => 62
 13 16 15 11 6 1	 => 62
 15 14 5 7 10 11	 => 62


===================[TEST 68]===================
Elapsed time: 1.000000 seconds
Total loop: 281 generations

Result (Solution) : 62.000000

8 10 12 16 13 3 1 4 14 15 11 5 2 7 9 6 

 8 10 12 16 13 3	 => 62
 12 1 4 14 15 16	 => 62
 13 16 15 11 5 2	 => 62
 15 14 7 9 6 11	 => 62


===================[TEST 69]===================
Elapsed time: 2.000000 seconds
Total loop: 316 generations

Result (Solution) : 62.000000

7 10 12 16 11 6 2 4 13 15 14 5 1 3 9 8 

 7 10 12 16 11 6	 => 62
 12 2 4 13 15 16	 => 62
 11 16 15 14 5 1	 => 62
 15 13 3 9 8 14	 => 62


===================[TEST 70]===================
Elapsed time: 1.000000 seconds
Total loop: 333 generations

Result (Solution) : 62.000000

5 9 13 16 12 7 1 6 11 15 14 3 2 4 8 10 

 5 9 13 16 12 7	 => 62
 13 1 6 11 15 16	 => 62
 12 16 15 14 3 2	 => 62
 15 11 4 8 10 14	 => 62


===================[TEST 71]===================
Elapsed time: 1.000000 seconds
Total loop: 94 generations

Result (Solution) : 62.000000

5 8 11 15 13 10 2 6 12 16 14 1 3 7 9 4 

 5 8 11 15 13 10	 => 62
 11 2 6 12 16 15	 => 62
 13 15 16 14 1 3	 => 62
 16 12 7 9 4 14	 => 62


===================[TEST 72]===================
Elapsed time: 0.000000 seconds
Total loop: 146 generations

Result (Solution) : 62.000000

9 10 12 15 11 5 2 3 14 16 13 1 6 7 8 4 

 9 10 12 15 11 5	 => 62
 12 2 3 14 16 15	 => 62
 11 15 16 13 1 6	 => 62
 16 14 7 8 4 13	 => 62


===================[TEST 73]===================
Elapsed time: 1.000000 seconds
Total loop: 146 generations

Result (Solution) : 62.000000

9 10 12 15 11 5 2 3 14 16 13 1 6 7 8 4 

 9 10 12 15 11 5	 => 62
 12 2 3 14 16 15	 => 62
 11 15 16 13 1 6	 => 62
 16 14 7 8 4 13	 => 62


===================[TEST 74]===================
Elapsed time: 1.000000 seconds
Total loop: 212 generations

Result (Solution) : 62.000000

8 9 14 15 11 5 3 1 13 16 12 6 2 10 7 4 

 8 9 14 15 11 5	 => 62
 14 3 1 13 16 15	 => 62
 11 15 16 12 6 2	 => 62
 16 13 10 7 4 12	 => 62


===================[TEST 75]===================
Elapsed time: 1.000000 seconds
Total loop: 318 generations

Result (Solution) : 62.000000

10 5 11 15 13 8 6 2 12 16 14 1 3 7 4 9 

 10 5 11 15 13 8	 => 62
 11 6 2 12 16 15	 => 62
 13 15 16 14 1 3	 => 62
 16 12 7 4 9 14	 => 62


===================[TEST 76]===================
Elapsed time: 1.000000 seconds
Total loop: 133 generations

Result (Solution) : 62.000000

9 7 13 15 12 6 5 2 11 16 14 1 4 8 3 10 

 9 7 13 15 12 6	 => 62
 13 5 2 11 16 15	 => 62
 12 15 16 14 1 4	 => 62
 16 11 8 3 10 14	 => 62


===================[TEST 77]===================
Elapsed time: 1.000000 seconds
Total loop: 198 generations

Result (Solution) : 62.000000

3 7 13 16 14 9 2 5 11 15 12 1 4 8 6 10 

 3 7 13 16 14 9	 => 62
 13 2 5 11 15 16	 => 62
 14 16 15 12 1 4	 => 62
 15 11 8 6 10 12	 => 62


===================[TEST 78]===================
Elapsed time: 1.000000 seconds
Total loop: 171 generations

Result (Solution) : 62.000000

7 10 11 16 12 6 2 5 13 15 14 1 4 8 3 9 

 7 10 11 16 12 6	 => 62
 11 2 5 13 15 16	 => 62
 12 16 15 14 1 4	 => 62
 15 13 8 3 9 14	 => 62


===================[TEST 79]===================
Elapsed time: 1.000000 seconds
Total loop: 232 generations

Result (Solution) : 62.000000

7 9 13 16 11 6 4 2 12 15 14 1 5 10 8 3 

 7 9 13 16 11 6	 => 62
 13 4 2 12 15 16	 => 62
 11 16 15 14 1 5	 => 62
 15 12 10 8 3 14	 => 62


===================[TEST 80]===================
Elapsed time: 1.000000 seconds
Total loop: 192 generations

Result (Solution) : 62.000000

10 9 11 15 14 3 5 2 13 16 12 4 1 8 7 6 

 10 9 11 15 14 3	 => 62
 11 5 2 13 16 15	 => 62
 14 15 16 12 4 1	 => 62
 16 13 8 7 6 12	 => 62


===================[TEST 81]===================
Elapsed time: 1.000000 seconds
Total loop: 263 generations

Result (Solution) : 62.000000

9 7 13 16 14 3 4 2 12 15 11 1 5 8 10 6 

 9 7 13 16 14 3	 => 62
 13 4 2 12 15 16	 => 62
 14 16 15 11 1 5	 => 62
 15 12 8 10 6 11	 => 62


===================[TEST 82]===================
Elapsed time: 1.000000 seconds
Total loop: 118 generations

Result (Solution) : 62.000000

5 7 14 15 12 9 3 1 13 16 11 2 6 10 8 4 

 5 7 14 15 12 9	 => 62
 14 3 1 13 16 15	 => 62
 12 15 16 11 2 6	 => 62
 16 13 10 8 4 11	 => 62


===================[TEST 83]===================
Elapsed time: 0.000000 seconds
Total loop: 100 generations

Result (Solution) : 62.000000

8 6 11 15 13 9 2 4 14 16 12 1 5 7 3 10 

 8 6 11 15 13 9	 => 62
 11 2 4 14 16 15	 => 62
 13 15 16 12 1 5	 => 62
 16 14 7 3 10 12	 => 62


===================[TEST 84]===================
Elapsed time: 1.000000 seconds
Total loop: 100 generations

Result (Solution) : 62.000000

8 6 11 15 13 9 2 4 14 16 12 1 5 7 3 10 

 8 6 11 15 13 9	 => 62
 11 2 4 14 16 15	 => 62
 13 15 16 12 1 5	 => 62
 16 14 7 3 10 12	 => 62


===================[TEST 85]===================
Elapsed time: 1.000000 seconds
Total loop: 358 generations

Result (Solution) : 62.000000

8 6 11 15 12 10 1 5 14 16 13 2 4 9 3 7 

 8 6 11 15 12 10	 => 62
 11 1 5 14 16 15	 => 62
 12 15 16 13 2 4	 => 62
 16 14 9 3 7 13	 => 62


===================[TEST 86]===================
Elapsed time: 1.000000 seconds
Total loop: 158 generations

Result (Solution) : 62.000000

8 6 12 16 11 9 4 1 14 15 13 2 5 10 7 3 

 8 6 12 16 11 9	 => 62
 12 4 1 14 15 16	 => 62
 11 16 15 13 2 5	 => 62
 15 14 10 7 3 13	 => 62


===================[TEST 87]===================
Elapsed time: 1.000000 seconds
Total loop: 267 generations

Result (Solution) : 62.000000

7 10 14 16 12 3 5 1 11 15 13 4 2 6 9 8 

 7 10 14 16 12 3	 => 62
 14 5 1 11 15 16	 => 62
 12 16 15 13 4 2	 => 62
 15 11 6 9 8 13	 => 62


===================[TEST 88]===================
Elapsed time: 1.000000 seconds
Total loop: 188 generations

Result (Solution) : 62.000000

7 9 14 16 13 3 2 4 11 15 12 5 1 10 8 6 

 7 9 14 16 13 3	 => 62
 14 2 4 11 15 16	 => 62
 13 16 15 12 5 1	 => 62
 15 11 10 8 6 12	 => 62


===================[TEST 89]===================
Elapsed time: 3.000000 seconds
Total loop: 503 generations

Result (Solution) : 62.000000

10 7 13 15 12 5 3 1 14 16 11 2 6 9 8 4 

 10 7 13 15 12 5	 => 62
 13 3 1 14 16 15	 => 62
 12 15 16 11 2 6	 => 62
 16 14 9 8 4 11	 => 62


===================[TEST 90]===================
Elapsed time: 0.000000 seconds
Total loop: 194 generations

Result (Solution) : 62.000000

5 8 12 16 14 7 6 2 11 15 13 3 1 9 10 4 

 5 8 12 16 14 7	 => 62
 12 6 2 11 15 16	 => 62
 14 16 15 13 3 1	 => 62
 15 11 9 10 4 13	 => 62


===================[TEST 91]===================
Elapsed time: 1.000000 seconds
Total loop: 194 generations

Result (Solution) : 62.000000

5 8 12 16 14 7 6 2 11 15 13 3 1 9 10 4 

 5 8 12 16 14 7	 => 62
 12 6 2 11 15 16	 => 62
 14 16 15 13 3 1	 => 62
 15 11 9 10 4 13	 => 62


===================[TEST 92]===================
Elapsed time: 1.000000 seconds
Total loop: 128 generations

Result (Solution) : 62.000000

6 10 11 16 12 7 2 5 13 15 14 1 4 3 9 8 

 6 10 11 16 12 7	 => 62
 11 2 5 13 15 16	 => 62
 12 16 15 14 1 4	 => 62
 15 13 3 9 8 14	 => 62


===================[TEST 93]===================
Elapsed time: 1.000000 seconds
Total loop: 184 generations

Result (Solution) : 62.000000

9 6 13 16 11 7 5 1 12 15 14 4 2 10 8 3 

 9 6 13 16 11 7	 => 62
 13 5 1 12 15 16	 => 62
 11 16 15 14 4 2	 => 62
 15 12 10 8 3 14	 => 62


===================[TEST 94]===================
Elapsed time: 2.000000 seconds
Total loop: 386 generations

Result (Solution) : 62.000000

4 7 13 16 14 8 1 6 11 15 12 2 3 9 10 5 

 4 7 13 16 14 8	 => 62
 13 1 6 11 15 16	 => 62
 14 16 15 12 2 3	 => 62
 15 11 9 10 5 12	 => 62


===================[TEST 95]===================
Elapsed time: 0.000000 seconds
Total loop: 85 generations

Result (Solution) : 62.000000

9 4 14 15 12 8 3 1 13 16 11 2 6 7 5 10 

 9 4 14 15 12 8	 => 62
 14 3 1 13 16 15	 => 62
 12 15 16 11 2 6	 => 62
 16 13 7 5 10 11	 => 62


===================[TEST 96]===================
Elapsed time: 0.000000 seconds
Total loop: 85 generations

Result (Solution) : 62.000000

9 4 14 15 12 8 3 1 13 16 11 2 6 7 5 10 

 9 4 14 15 12 8	 => 62
 14 3 1 13 16 15	 => 62
 12 15 16 11 2 6	 => 62
 16 13 7 5 10 11	 => 62


===================[TEST 97]===================
Elapsed time: 1.000000 seconds
Total loop: 85 generations

Result (Solution) : 62.000000

9 4 14 15 12 8 3 1 13 16 11 2 6 7 5 10 

 9 4 14 15 12 8	 => 62
 14 3 1 13 16 15	 => 62
 12 15 16 11 2 6	 => 62
 16 13 7 5 10 11	 => 62


===================[TEST 98]===================
Elapsed time: 1.000000 seconds
Total loop: 274 generations

Result (Solution) : 62.000000

9 3 11 16 13 10 4 2 14 15 12 5 1 7 6 8 

 9 3 11 16 13 10	 => 62
 11 4 2 14 15 16	 => 62
 13 16 15 12 5 1	 => 62
 15 14 7 6 8 12	 => 62


===================[TEST 99]===================
Elapsed time: 1.000000 seconds
Total loop: 236 generations

Result (Solution) : 62.000000

7 3 13 16 14 9 2 4 12 15 11 1 5 10 8 6 

 7 3 13 16 14 9	 => 62
 13 2 4 12 15 16	 => 62
 14 16 15 11 1 5	 => 62
 15 12 10 8 6 11	 => 62


===================[TEST 100]===================
Elapsed time: 1.000000 seconds
Total loop: 217 generations

Result (Solution) : 62.000000

7 3 12 16 14 10 5 1 13 15 11 4 2 8 6 9 

 7 3 12 16 14 10	 => 62
 12 5 1 13 15 16	 => 62
 14 16 15 11 4 2	 => 62
 15 13 8 6 9 11	 => 62



test#	fitness		sum		time
---------------------------------------------------
1	62.000000	62	0.000000
2	62.000000	62	0.000000
3	62.000000	62	1.000000
4	62.000000	62	1.000000
5	62.000000	62	1.000000
6	62.000000	62	1.000000
7	62.000000	62	1.000000
8	62.000000	62	1.000000
9	62.000000	62	1.000000
10	62.000000	62	0.000000
11	62.000000	62	0.000000
12	62.000000	62	1.000000
13	62.000000	62	2.000000
14	62.000000	62	1.000000
15	62.000000	62	1.000000
16	62.000000	62	1.000000
17	62.000000	62	1.000000
18	62.000000	62	1.000000
19	62.000000	62	1.000000
20	62.000000	62	2.000000
21	62.000000	62	0.000000
22	62.000000	62	1.000000
23	62.000000	62	0.000000
24	62.000000	62	0.000000
25	62.000000	62	2.000000
26	62.000000	62	1.000000
27	62.000000	62	1.000000
28	62.000000	62	1.000000
29	62.000000	62	1.000000
30	62.000000	62	0.000000
31	62.000000	62	0.000000
32	62.000000	62	1.000000
33	62.000000	62	0.000000
34	62.000000	62	1.000000
35	62.000000	62	1.000000
36	62.000000	62	0.000000
37	62.000000	62	1.000000
38	62.000000	62	2.000000
39	62.000000	62	0.000000
40	62.000000	62	1.000000
41	62.000000	62	1.000000
42	62.000000	62	1.000000
43	62.000000	62	2.000000
44	62.000000	62	0.000000
45	62.000000	62	1.000000
46	62.000000	62	1.000000
47	62.000000	62	1.000000
48	62.000000	62	1.000000
49	62.000000	62	2.000000
50	62.000000	62	1.000000
51	62.000000	62	1.000000
52	62.000000	62	1.000000
53	62.000000	62	1.000000
54	62.000000	62	1.000000
55	62.000000	62	2.000000
56	62.000000	62	0.000000
57	62.000000	62	1.000000
58	62.000000	62	1.000000
59	62.000000	62	0.000000
60	62.000000	62	1.000000
61	62.000000	62	1.000000
62	62.000000	62	1.000000
63	62.000000	62	1.000000
64	62.000000	62	1.000000
65	62.000000	62	0.000000
66	62.000000	62	1.000000
67	62.000000	62	1.000000
68	62.000000	62	1.000000
69	62.000000	62	2.000000
70	62.000000	62	1.000000
71	62.000000	62	1.000000
72	62.000000	62	0.000000
73	62.000000	62	1.000000
74	62.000000	62	1.000000
75	62.000000	62	1.000000
76	62.000000	62	1.000000
77	62.000000	62	1.000000
78	62.000000	62	1.000000
79	62.000000	62	1.000000
80	62.000000	62	1.000000
81	62.000000	62	1.000000
82	62.000000	62	1.000000
83	62.000000	62	0.000000
84	62.000000	62	1.000000
85	62.000000	62	1.000000
86	62.000000	62	1.000000
87	62.000000	62	1.000000
88	62.000000	62	1.000000
89	62.000000	62	3.000000
90	62.000000	62	0.000000
91	62.000000	62	1.000000
92	62.000000	62	1.000000
93	62.000000	62	1.000000
94	62.000000	62	2.000000
95	62.000000	62	0.000000
96	62.000000	62	0.000000
97	62.000000	62	1.000000
98	62.000000	62	1.000000
99	62.000000	62	1.000000
100	62.000000	62	1.000000


---------------------------------------------------
Best fitness      : 62.000000 ( test# 1)
Best solution sum : 62 ( test# 1)
Shortest time     : 0.000000 ( test# 1)

Average fitness   : 62.000000
Average sol. sum  : 62.000000
Average time      : 0.900000
