****************** GA TEST *******************

total test#:			 100
hexa min width:			 2
hexa max width:			 3
hexa count:			 7
number count:			 24
population size:		 100
generation size:		 30

tournament winner p:		 0.600000
xover uniform p:		 0.600000
do mutation1 p:			 0.100000
mutation1 p:			 0.050000
do optimize p:			 1.000000
local optimize count:		 300
do deep better optimize p:	 1.000000
do deep worse optimize p:	 0.000000
do spin p:			 0.000000
spin count:			 1000
do spin apply p:		 1.000000
do mutation2 p:			 0.100000
mutation2 p:			 0.100000
force mutation2:		 0
replace bad p:			 0.100000

converge rate p:		 0.990000
converge count:			 5

**********************************************


===================[TEST 1]===================
Elapsed time: 4.000000 seconds
Total loop: 460 generations

Result (Solution) : 85.000000

7 12 24 6 17 19 5 20 23 1 11 4 22 18 14 10 21 3 8 13 2 16 15 9 

 7 12 24 6 17 19	 => 85
 5 19 17 20 23 1	 => 85
 24 11 4 22 18 6	 => 85
 17 6 18 14 10 20	 => 85
 23 20 10 21 3 8	 => 85
 18 22 13 2 16 14	 => 85
 10 14 16 15 9 21	 => 85


===================[TEST 2]===================
Elapsed time: 2.000000 seconds
Total loop: 316 generations

Result (Solution) : 85.000000

9 6 24 16 8 22 10 18 23 4 3 2 19 21 7 15 17 11 1 13 5 20 14 12 

 9 6 24 16 8 22	 => 85
 10 22 8 18 23 4	 => 85
 24 3 2 19 21 16	 => 85
 8 16 21 7 15 18	 => 85
 23 18 15 17 11 1	 => 85
 21 19 13 5 20 7	 => 85
 15 7 20 14 12 17	 => 85


===================[TEST 3]===================
Elapsed time: 2.000000 seconds
Total loop: 182 generations

Result (Solution) : 85.000000

8 2 24 14 16 21 4 17 20 7 6 5 23 13 10 15 19 3 11 12 9 18 1 22 

 8 2 24 14 16 21	 => 85
 4 21 16 17 20 7	 => 85
 24 6 5 23 13 14	 => 85
 16 14 13 10 15 17	 => 85
 20 17 15 19 3 11	 => 85
 13 23 12 9 18 10	 => 85
 15 10 18 1 22 19	 => 85


===================[TEST 4]===================
Elapsed time: 2.000000 seconds
Total loop: 294 generations

Result (Solution) : 85.000000

14 3 16 17 12 23 7 20 19 4 18 5 21 8 15 13 22 2 9 6 11 24 1 10 

 14 3 16 17 12 23	 => 85
 7 23 12 20 19 4	 => 85
 16 18 5 21 8 17	 => 85
 12 17 8 15 13 20	 => 85
 19 20 13 22 2 9	 => 85
 8 21 6 11 24 15	 => 85
 13 15 24 1 10 22	 => 85


===================[TEST 5]===================
Elapsed time: 3.000000 seconds
Total loop: 320 generations

Result (Solution) : 85.000000

16 1 22 13 12 21 4 17 24 7 2 9 20 19 14 10 15 11 8 6 3 23 18 5 

 16 1 22 13 12 21	 => 85
 4 21 12 17 24 7	 => 85
 22 2 9 20 19 13	 => 85
 12 13 19 14 10 17	 => 85
 24 17 10 15 11 8	 => 85
 19 20 6 3 23 14	 => 85
 10 14 23 18 5 15	 => 85


===================[TEST 6]===================
Elapsed time: 2.000000 seconds
Total loop: 292 generations

Result (Solution) : 85.000000

4 3 20 16 19 23 8 18 15 2 17 1 21 10 9 13 22 5 12 7 14 24 11 6 

 4 3 20 16 19 23	 => 85
 8 23 19 18 15 2	 => 85
 20 17 1 21 10 16	 => 85
 19 16 10 9 13 18	 => 85
 15 18 13 22 5 12	 => 85
 10 21 7 14 24 9	 => 85
 13 9 24 11 6 22	 => 85


===================[TEST 7]===================
Elapsed time: 1.000000 seconds
Total loop: 163 generations

Result (Solution) : 85.000000

13 10 24 15 6 17 9 18 19 16 4 8 23 11 14 21 22 3 2 5 12 20 1 7 

 13 10 24 15 6 17	 => 85
 9 17 6 18 19 16	 => 85
 24 4 8 23 11 15	 => 85
 6 15 11 14 21 18	 => 85
 19 18 21 22 3 2	 => 85
 11 23 5 12 20 14	 => 85
 21 14 20 1 7 22	 => 85


===================[TEST 8]===================
Elapsed time: 3.000000 seconds
Total loop: 413 generations

Result (Solution) : 85.000000

9 1 24 15 19 17 14 6 22 7 3 8 23 12 20 13 18 16 10 4 5 21 2 11 

 9 1 24 15 19 17	 => 85
 14 17 19 6 22 7	 => 85
 24 3 8 23 12 15	 => 85
 19 15 12 20 13 6	 => 85
 22 6 13 18 16 10	 => 85
 12 23 4 5 21 20	 => 85
 13 20 21 2 11 18	 => 85


===================[TEST 9]===================
Elapsed time: 3.000000 seconds
Total loop: 290 generations

Result (Solution) : 85.000000

1 8 19 17 18 22 3 20 16 6 10 14 21 4 15 11 24 2 12 13 9 23 5 7 

 1 8 19 17 18 22	 => 85
 3 22 18 20 16 6	 => 85
 19 10 14 21 4 17	 => 85
 18 17 4 15 11 20	 => 85
 16 20 11 24 2 12	 => 85
 4 21 13 9 23 15	 => 85
 11 15 23 5 7 24	 => 85


===================[TEST 10]===================
Elapsed time: 1.000000 seconds
Total loop: 242 generations

Result (Solution) : 85.000000

1 10 23 20 14 17 8 9 22 15 3 11 21 7 16 19 18 12 5 4 13 24 2 6 

 1 10 23 20 14 17	 => 85
 8 17 14 9 22 15	 => 85
 23 3 11 21 7 20	 => 85
 14 20 7 16 19 9	 => 85
 22 9 19 18 12 5	 => 85
 7 21 4 13 24 16	 => 85
 19 16 24 2 6 18	 => 85


===================[TEST 11]===================
Elapsed time: 3.000000 seconds
Total loop: 255 generations

Result (Solution) : 85.000000

6 2 24 16 14 23 15 13 19 1 8 10 18 9 22 11 20 5 17 3 12 21 4 7 

 6 2 24 16 14 23	 => 85
 15 23 14 13 19 1	 => 85
 24 8 10 18 9 16	 => 85
 14 16 9 22 11 13	 => 85
 19 13 11 20 5 17	 => 85
 9 18 3 12 21 22	 => 85
 11 22 21 4 7 20	 => 85


===================[TEST 12]===================
Elapsed time: 2.000000 seconds
Total loop: 299 generations

Result (Solution) : 85.000000

2 17 23 15 12 16 1 20 22 14 6 4 24 13 18 7 21 5 10 8 3 19 11 9 

 2 17 23 15 12 16	 => 85
 1 16 12 20 22 14	 => 85
 23 6 4 24 13 15	 => 85
 12 15 13 18 7 20	 => 85
 22 20 7 21 5 10	 => 85
 13 24 8 3 19 18	 => 85
 7 18 19 11 9 21	 => 85


===================[TEST 13]===================
Elapsed time: 1.000000 seconds
Total loop: 177 generations

Result (Solution) : 85.000000

3 8 20 22 9 23 13 17 21 2 6 5 18 14 11 12 24 10 1 7 16 19 15 4 

 3 8 20 22 9 23	 => 85
 13 23 9 17 21 2	 => 85
 20 6 5 18 14 22	 => 85
 9 22 14 11 12 17	 => 85
 21 17 12 24 10 1	 => 85
 14 18 7 16 19 11	 => 85
 12 11 19 15 4 24	 => 85


===================[TEST 14]===================
Elapsed time: 2.000000 seconds
Total loop: 193 generations

Result (Solution) : 85.000000

7 4 19 14 21 20 10 3 23 8 15 2 22 13 16 18 24 11 6 5 12 17 9 1 

 7 4 19 14 21 20	 => 85
 10 20 21 3 23 8	 => 85
 19 15 2 22 13 14	 => 85
 21 14 13 16 18 3	 => 85
 23 3 18 24 11 6	 => 85
 13 22 5 12 17 16	 => 85
 18 16 17 9 1 24	 => 85


===================[TEST 15]===================
Elapsed time: 1.000000 seconds
Total loop: 186 generations

Result (Solution) : 85.000000

18 2 24 8 17 16 12 11 22 7 1 13 19 20 14 15 21 10 6 5 4 23 3 9 

 18 2 24 8 17 16	 => 85
 12 16 17 11 22 7	 => 85
 24 1 13 19 20 8	 => 85
 17 8 20 14 15 11	 => 85
 22 11 15 21 10 6	 => 85
 20 19 5 4 23 14	 => 85
 15 14 23 3 9 21	 => 85


===================[TEST 16]===================
Elapsed time: 2.000000 seconds
Total loop: 256 generations

Result (Solution) : 85.000000

1 14 20 19 16 15 8 18 21 7 3 2 24 17 6 9 22 4 11 5 10 23 13 12 

 1 14 20 19 16 15	 => 85
 8 15 16 18 21 7	 => 85
 20 3 2 24 17 19	 => 85
 16 19 17 6 9 18	 => 85
 21 18 9 22 4 11	 => 85
 17 24 5 10 23 6	 => 85
 9 6 23 13 12 22	 => 85


===================[TEST 17]===================
Elapsed time: 3.000000 seconds
Total loop: 318 generations

Result (Solution) : 85.000000

7 5 21 17 11 24 6 18 22 4 8 10 16 13 14 12 23 9 1 3 20 19 2 15 

 7 5 21 17 11 24	 => 85
 6 24 11 18 22 4	 => 85
 21 8 10 16 13 17	 => 85
 11 17 13 14 12 18	 => 85
 22 18 12 23 9 1	 => 85
 13 16 3 20 19 14	 => 85
 12 14 19 2 15 23	 => 85


===================[TEST 18]===================
Elapsed time: 3.000000 seconds
Total loop: 414 generations

Result (Solution) : 85.000000

8 9 24 11 12 21 18 17 16 1 14 3 23 10 20 15 19 13 5 6 4 22 2 7 

 8 9 24 11 12 21	 => 85
 18 21 12 17 16 1	 => 85
 24 14 3 23 10 11	 => 85
 12 11 10 20 15 17	 => 85
 16 17 15 19 13 5	 => 85
 10 23 6 4 22 20	 => 85
 15 20 22 2 7 19	 => 85


===================[TEST 19]===================
Elapsed time: 4.000000 seconds
Total loop: 463 generations

Result (Solution) : 85.000000

13 5 17 20 7 23 14 12 21 8 9 1 22 16 19 11 24 15 2 6 4 18 10 3 

 13 5 17 20 7 23	 => 85
 14 23 7 12 21 8	 => 85
 17 9 1 22 16 20	 => 85
 7 20 16 19 11 12	 => 85
 21 12 11 24 15 2	 => 85
 16 22 6 4 18 19	 => 85
 11 19 18 10 3 24	 => 85


===================[TEST 20]===================
Elapsed time: 3.000000 seconds
Total loop: 362 generations

Result (Solution) : 85.000000

9 13 22 10 12 19 3 20 24 7 14 1 21 17 18 8 16 6 11 4 2 23 15 5 

 9 13 22 10 12 19	 => 85
 3 19 12 20 24 7	 => 85
 22 14 1 21 17 10	 => 85
 12 10 17 18 8 20	 => 85
 24 20 8 16 6 11	 => 85
 17 21 4 2 23 18	 => 85
 8 18 23 15 5 16	 => 85


===================[TEST 21]===================
Elapsed time: 1.000000 seconds
Total loop: 240 generations

Result (Solution) : 85.000000

8 4 19 21 9 24 12 16 23 1 5 11 22 7 18 14 20 10 2 15 6 17 3 13 

 8 4 19 21 9 24	 => 85
 12 24 9 16 23 1	 => 85
 19 5 11 22 7 21	 => 85
 9 21 7 18 14 16	 => 85
 23 16 14 20 10 2	 => 85
 7 22 15 6 17 18	 => 85
 14 18 17 3 13 20	 => 85


===================[TEST 22]===================
Elapsed time: 2.000000 seconds
Total loop: 169 generations

Result (Solution) : 85.000000

12 3 22 20 11 17 5 19 24 9 1 8 21 13 16 6 18 14 4 2 10 23 7 15 

 12 3 22 20 11 17	 => 85
 5 17 11 19 24 9	 => 85
 22 1 8 21 13 20	 => 85
 11 20 13 16 6 19	 => 85
 24 19 6 18 14 4	 => 85
 13 21 2 10 23 16	 => 85
 6 16 23 7 15 18	 => 85


===================[TEST 23]===================
Elapsed time: 1.000000 seconds
Total loop: 184 generations

Result (Solution) : 85.000000

9 4 18 22 11 21 15 16 20 2 3 1 24 17 13 6 23 8 12 5 7 19 14 10 

 9 4 18 22 11 21	 => 85
 15 21 11 16 20 2	 => 85
 18 3 1 24 17 22	 => 85
 11 22 17 13 6 16	 => 85
 20 16 6 23 8 12	 => 85
 17 24 5 7 19 13	 => 85
 6 13 19 14 10 23	 => 85


===================[TEST 24]===================
Elapsed time: 2.000000 seconds
Total loop: 281 generations

Result (Solution) : 85.000000

5 12 17 19 10 22 7 13 18 15 2 4 23 20 9 14 21 3 16 1 8 24 6 11 

 5 12 17 19 10 22	 => 85
 7 22 10 13 18 15	 => 85
 17 2 4 23 20 19	 => 85
 10 19 20 9 14 13	 => 85
 18 13 14 21 3 16	 => 85
 20 23 1 8 24 9	 => 85
 14 9 24 6 11 21	 => 85


===================[TEST 25]===================
Elapsed time: 2.000000 seconds
Total loop: 246 generations

Result (Solution) : 85.000000

12 1 19 13 16 24 14 9 20 2 7 11 18 17 8 22 21 10 3 4 15 23 5 6 

 12 1 19 13 16 24	 => 85
 14 24 16 9 20 2	 => 85
 19 7 11 18 17 13	 => 85
 16 13 17 8 22 9	 => 85
 20 9 22 21 10 3	 => 85
 17 18 4 15 23 8	 => 85
 22 8 23 5 6 21	 => 85


===================[TEST 26]===================
Elapsed time: 2.000000 seconds
Total loop: 248 generations

Result (Solution) : 85.000000

13 7 20 17 6 22 16 18 15 8 3 2 24 19 11 14 23 5 10 9 1 21 12 4 

 13 7 20 17 6 22	 => 85
 16 22 6 18 15 8	 => 85
 20 3 2 24 19 17	 => 85
 6 17 19 11 14 18	 => 85
 15 18 14 23 5 10	 => 85
 19 24 9 1 21 11	 => 85
 14 11 21 12 4 23	 => 85


===================[TEST 27]===================
Elapsed time: 2.000000 seconds
Total loop: 170 generations

Result (Solution) : 85.000000

3 7 24 20 15 16 14 17 21 2 1 6 22 12 11 10 23 5 9 8 13 19 4 18 

 3 7 24 20 15 16	 => 85
 14 16 15 17 21 2	 => 85
 24 1 6 22 12 20	 => 85
 15 20 12 11 10 17	 => 85
 21 17 10 23 5 9	 => 85
 12 22 8 13 19 11	 => 85
 10 11 19 4 18 23	 => 85


===================[TEST 28]===================
Elapsed time: 2.000000 seconds
Total loop: 347 generations

Result (Solution) : 85.000000

6 7 22 14 13 23 3 18 24 4 8 9 21 11 17 12 20 10 1 5 16 15 19 2 

 6 7 22 14 13 23	 => 85
 3 23 13 18 24 4	 => 85
 22 8 9 21 11 14	 => 85
 13 14 11 17 12 18	 => 85
 24 18 12 20 10 1	 => 85
 11 21 5 16 15 17	 => 85
 12 17 15 19 2 20	 => 85


===================[TEST 29]===================
Elapsed time: 2.000000 seconds
Total loop: 246 generations

Result (Solution) : 85.000000

8 10 21 14 15 17 9 19 18 7 4 3 23 20 5 12 24 11 1 2 13 22 16 6 

 8 10 21 14 15 17	 => 85
 9 17 15 19 18 7	 => 85
 21 4 3 23 20 14	 => 85
 15 14 20 5 12 19	 => 85
 18 19 12 24 11 1	 => 85
 20 23 2 13 22 5	 => 85
 12 5 22 16 6 24	 => 85


===================[TEST 30]===================
Elapsed time: 2.000000 seconds
Total loop: 180 generations

Result (Solution) : 85.000000

4 8 18 17 15 23 9 16 21 1 2 6 20 22 10 5 24 7 12 11 3 19 13 14 

 4 8 18 17 15 23	 => 85
 9 23 15 16 21 1	 => 85
 18 2 6 20 22 17	 => 85
 15 17 22 10 5 16	 => 85
 21 16 5 24 7 12	 => 85
 22 20 11 3 19 10	 => 85
 5 10 19 13 14 24	 => 85


===================[TEST 31]===================
Elapsed time: 5.000000 seconds
Total loop: 620 generations

Result (Solution) : 85.000000

7 3 21 20 11 23 8 19 18 6 10 2 17 15 4 16 22 1 9 13 12 24 5 14 

 7 3 21 20 11 23	 => 85
 8 23 11 19 18 6	 => 85
 21 10 2 17 15 20	 => 85
 11 20 15 4 16 19	 => 85
 18 19 16 22 1 9	 => 85
 15 17 13 12 24 4	 => 85
 16 4 24 5 14 22	 => 85


===================[TEST 32]===================
Elapsed time: 2.000000 seconds
Total loop: 325 generations

Result (Solution) : 85.000000

7 4 23 18 9 24 10 19 20 3 13 2 15 14 17 8 22 11 5 6 12 21 16 1 

 7 4 23 18 9 24	 => 85
 10 24 9 19 20 3	 => 85
 23 13 2 15 14 18	 => 85
 9 18 14 17 8 19	 => 85
 20 19 8 22 11 5	 => 85
 14 15 6 12 21 17	 => 85
 8 17 21 16 1 22	 => 85


===================[TEST 33]===================
Elapsed time: 2.000000 seconds
Total loop: 255 generations

Result (Solution) : 85.000000

14 9 24 2 19 17 7 16 22 4 11 12 23 13 15 20 21 5 1 6 10 18 8 3 

 14 9 24 2 19 17	 => 85
 7 17 19 16 22 4	 => 85
 24 11 12 23 13 2	 => 85
 19 2 13 15 20 16	 => 85
 22 16 20 21 5 1	 => 85
 13 23 6 10 18 15	 => 85
 20 15 18 8 3 21	 => 85


===================[TEST 34]===================
Elapsed time: 3.000000 seconds
Total loop: 348 generations

Result (Solution) : 85.000000

8 3 21 11 19 23 1 13 24 5 12 4 20 17 7 18 22 6 2 16 10 15 14 9 

 8 3 21 11 19 23	 => 85
 1 23 19 13 24 5	 => 85
 21 12 4 20 17 11	 => 85
 19 11 17 7 18 13	 => 85
 24 13 18 22 6 2	 => 85
 17 20 16 10 15 7	 => 85
 18 7 15 14 9 22	 => 85


===================[TEST 35]===================
Elapsed time: 2.000000 seconds
Total loop: 219 generations

Result (Solution) : 85.000000

3 6 17 21 18 20 13 10 23 1 2 14 19 12 16 8 22 15 7 5 9 24 11 4 

 3 6 17 21 18 20	 => 85
 13 20 18 10 23 1	 => 85
 17 2 14 19 12 21	 => 85
 18 21 12 16 8 10	 => 85
 23 10 8 22 15 7	 => 85
 12 19 5 9 24 16	 => 85
 8 16 24 11 4 22	 => 85


===================[TEST 36]===================
Elapsed time: 3.000000 seconds
Total loop: 371 generations

Result (Solution) : 85.000000

12 8 20 17 6 22 4 18 21 14 13 3 23 9 16 19 15 5 7 2 11 24 10 1 

 12 8 20 17 6 22	 => 85
 4 22 6 18 21 14	 => 85
 20 13 3 23 9 17	 => 85
 6 17 9 16 19 18	 => 85
 21 18 19 15 5 7	 => 85
 9 23 2 11 24 16	 => 85
 19 16 24 10 1 15	 => 85


===================[TEST 37]===================
Elapsed time: 2.000000 seconds
Total loop: 272 generations

Result (Solution) : 85.000000

10 6 21 17 9 22 3 14 24 13 5 1 23 18 8 19 15 11 2 4 12 20 16 7 

 10 6 21 17 9 22	 => 85
 3 22 9 14 24 13	 => 85
 21 5 1 23 18 17	 => 85
 9 17 18 8 19 14	 => 85
 24 14 19 15 11 2	 => 85
 18 23 4 12 20 8	 => 85
 19 8 20 16 7 15	 => 85


===================[TEST 38]===================
Elapsed time: 3.000000 seconds
Total loop: 368 generations

Result (Solution) : 85.000000

1 16 21 11 19 17 10 14 22 3 8 2 23 20 15 6 24 12 7 5 4 18 13 9 

 1 16 21 11 19 17	 => 85
 10 17 19 14 22 3	 => 85
 21 8 2 23 20 11	 => 85
 19 11 20 15 6 14	 => 85
 22 14 6 24 12 7	 => 85
 20 23 5 4 18 15	 => 85
 6 15 18 13 9 24	 => 85


===================[TEST 39]===================
Elapsed time: 1.000000 seconds
Total loop: 212 generations

Result (Solution) : 85.000000

6 2 24 20 12 21 9 19 23 1 13 3 17 8 16 10 22 4 7 11 15 18 5 14 

 6 2 24 20 12 21	 => 85
 9 21 12 19 23 1	 => 85
 24 13 3 17 8 20	 => 85
 12 20 8 16 10 19	 => 85
 23 19 10 22 4 7	 => 85
 8 17 11 15 18 16	 => 85
 10 16 18 5 14 22	 => 85


===================[TEST 40]===================
Elapsed time: 3.000000 seconds
Total loop: 355 generations

Result (Solution) : 85.000000

9 1 23 20 11 21 10 15 24 4 5 7 17 13 12 14 18 6 8 19 2 22 3 16 

 9 1 23 20 11 21	 => 85
 10 21 11 15 24 4	 => 85
 23 5 7 17 13 20	 => 85
 11 20 13 12 14 15	 => 85
 24 15 14 18 6 8	 => 85
 13 17 19 2 22 12	 => 85
 14 12 22 3 16 18	 => 85


===================[TEST 41]===================
Elapsed time: 2.000000 seconds
Total loop: 189 generations

Result (Solution) : 85.000000

1 8 20 17 16 23 6 13 15 12 7 2 21 18 10 11 24 19 3 5 9 22 4 14 

 1 8 20 17 16 23	 => 85
 6 23 16 13 15 12	 => 85
 20 7 2 21 18 17	 => 85
 16 17 18 10 11 13	 => 85
 15 13 11 24 19 3	 => 85
 18 21 5 9 22 10	 => 85
 11 10 22 4 14 24	 => 85


===================[TEST 42]===================
Elapsed time: 3.000000 seconds
Total loop: 392 generations

Result (Solution) : 85.000000

9 12 21 19 1 23 13 14 24 10 5 2 22 16 17 18 15 3 11 6 4 20 7 8 

 9 12 21 19 1 23	 => 85
 13 23 1 14 24 10	 => 85
 21 5 2 22 16 19	 => 85
 1 19 16 17 18 14	 => 85
 24 14 18 15 3 11	 => 85
 16 22 6 4 20 17	 => 85
 18 17 20 7 8 15	 => 85


===================[TEST 43]===================
Elapsed time: 1.000000 seconds
Total loop: 203 generations

Result (Solution) : 85.000000

5 16 22 9 12 21 8 18 23 3 4 11 20 19 10 17 24 1 2 14 7 15 13 6 

 5 16 22 9 12 21	 => 85
 8 21 12 18 23 3	 => 85
 22 4 11 20 19 9	 => 85
 12 9 19 10 17 18	 => 85
 23 18 17 24 1 2	 => 85
 19 20 14 7 15 10	 => 85
 17 10 15 13 6 24	 => 85


===================[TEST 44]===================
Elapsed time: 3.000000 seconds
Total loop: 399 generations

Result (Solution) : 85.000000

12 8 23 5 20 17 2 16 21 9 11 3 24 19 15 10 18 7 13 1 4 22 6 14 

 12 8 23 5 20 17	 => 85
 2 17 20 16 21 9	 => 85
 23 11 3 24 19 5	 => 85
 20 5 19 15 10 16	 => 85
 21 16 10 18 7 13	 => 85
 19 24 1 4 22 15	 => 85
 10 15 22 6 14 18	 => 85


===================[TEST 45]===================
Elapsed time: 3.000000 seconds
Total loop: 352 generations

Result (Solution) : 85.000000

4 9 18 11 22 21 1 16 19 6 12 10 20 14 5 17 23 8 2 7 15 24 13 3 

 4 9 18 11 22 21	 => 85
 1 21 22 16 19 6	 => 85
 18 12 10 20 14 11	 => 85
 22 11 14 5 17 16	 => 85
 19 16 17 23 8 2	 => 85
 14 20 7 15 24 5	 => 85
 17 5 24 13 3 23	 => 85


===================[TEST 46]===================
Elapsed time: 3.000000 seconds
Total loop: 308 generations

Result (Solution) : 85.000000

2 7 23 11 18 24 1 15 19 8 4 14 21 12 9 20 22 6 3 10 17 16 5 13 

 2 7 23 11 18 24	 => 85
 1 24 18 15 19 8	 => 85
 23 4 14 21 12 11	 => 85
 18 11 12 9 20 15	 => 85
 19 15 20 22 6 3	 => 85
 12 21 10 17 16 9	 => 85
 20 9 16 5 13 22	 => 85


===================[TEST 47]===================
Elapsed time: 2.000000 seconds
Total loop: 234 generations

Result (Solution) : 85.000000

2 8 19 20 15 21 7 13 24 5 12 3 22 9 10 18 23 6 1 11 17 16 4 14 

 2 8 19 20 15 21	 => 85
 7 21 15 13 24 5	 => 85
 19 12 3 22 9 20	 => 85
 15 20 9 10 18 13	 => 85
 24 13 18 23 6 1	 => 85
 9 22 11 17 16 10	 => 85
 18 10 16 4 14 23	 => 85


===================[TEST 48]===================
Elapsed time: 2.000000 seconds
Total loop: 264 generations

Result (Solution) : 85.000000

13 8 20 18 3 23 9 21 19 10 6 2 24 15 12 16 17 11 1 7 5 22 4 14 

 13 8 20 18 3 23	 => 85
 9 23 3 21 19 10	 => 85
 20 6 2 24 15 18	 => 85
 3 18 15 12 16 21	 => 85
 19 21 16 17 11 1	 => 85
 15 24 7 5 22 12	 => 85
 16 12 22 4 14 17	 => 85


===================[TEST 49]===================
Elapsed time: 2.000000 seconds
Total loop: 246 generations

Result (Solution) : 85.000000

2 6 22 18 16 21 4 17 20 7 1 8 23 13 12 9 24 5 10 19 3 15 11 14 

 2 6 22 18 16 21	 => 85
 4 21 16 17 20 7	 => 85
 22 1 8 23 13 18	 => 85
 16 18 13 12 9 17	 => 85
 20 17 9 24 5 10	 => 85
 13 23 19 3 15 12	 => 85
 9 12 15 11 14 24	 => 85


===================[TEST 50]===================
Elapsed time: 1.000000 seconds
Total loop: 224 generations

Result (Solution) : 85.000000

11 5 23 15 7 24 12 17 21 4 10 2 19 16 8 22 18 1 6 13 9 20 14 3 

 11 5 23 15 7 24	 => 85
 12 24 7 17 21 4	 => 85
 23 10 2 19 16 15	 => 85
 7 15 16 8 22 17	 => 85
 21 17 22 18 1 6	 => 85
 16 19 13 9 20 8	 => 85
 22 8 20 14 3 18	 => 85


===================[TEST 51]===================
Elapsed time: 3.000000 seconds
Total loop: 313 generations

Result (Solution) : 85.000000

2 6 24 14 16 23 3 15 19 9 4 10 22 11 21 8 20 18 5 13 1 17 7 12 

 2 6 24 14 16 23	 => 85
 3 23 16 15 19 9	 => 85
 24 4 10 22 11 14	 => 85
 16 14 11 21 8 15	 => 85
 19 15 8 20 18 5	 => 85
 11 22 13 1 17 21	 => 85
 8 21 17 7 12 20	 => 85


===================[TEST 52]===================
Elapsed time: 1.000000 seconds
Total loop: 218 generations

Result (Solution) : 85.000000

2 6 21 22 15 19 1 16 23 11 13 3 18 8 14 10 20 9 7 4 17 24 12 5 

 2 6 21 22 15 19	 => 85
 1 19 15 16 23 11	 => 85
 21 13 3 18 8 22	 => 85
 15 22 8 14 10 16	 => 85
 23 16 10 20 9 7	 => 85
 8 18 4 17 24 14	 => 85
 10 14 24 12 5 20	 => 85


===================[TEST 53]===================
Elapsed time: 3.000000 seconds
Total loop: 417 generations

Result (Solution) : 85.000000

2 9 24 10 21 19 6 18 20 1 4 14 17 16 13 7 22 15 3 5 11 23 12 8 

 2 9 24 10 21 19	 => 85
 6 19 21 18 20 1	 => 85
 24 4 14 17 16 10	 => 85
 21 10 16 13 7 18	 => 85
 20 18 7 22 15 3	 => 85
 16 17 5 11 23 13	 => 85
 7 13 23 12 8 22	 => 85


===================[TEST 54]===================
Elapsed time: 2.000000 seconds
Total loop: 332 generations

Result (Solution) : 85.000000

2 1 22 15 21 24 5 12 19 4 14 8 17 9 10 18 23 6 7 16 13 20 11 3 

 2 1 22 15 21 24	 => 85
 5 24 21 12 19 4	 => 85
 22 14 8 17 9 15	 => 85
 21 15 9 10 18 12	 => 85
 19 12 18 23 6 7	 => 85
 9 17 16 13 20 10	 => 85
 18 10 20 11 3 23	 => 85


===================[TEST 55]===================
Elapsed time: 2.000000 seconds
Total loop: 223 generations

Result (Solution) : 85.000000

14 1 21 15 12 22 7 16 23 5 2 20 17 10 19 13 18 4 11 9 6 24 8 3 

 14 1 21 15 12 22	 => 85
 7 22 12 16 23 5	 => 85
 21 2 20 17 10 15	 => 85
 12 15 10 19 13 16	 => 85
 23 16 13 18 4 11	 => 85
 10 17 9 6 24 19	 => 85
 13 19 24 8 3 18	 => 85


===================[TEST 56]===================
Elapsed time: 3.000000 seconds
Total loop: 348 generations

Result (Solution) : 85.000000

2 1 23 17 20 22 4 13 21 5 8 12 16 9 11 15 19 3 14 7 18 24 10 6 

 2 1 23 17 20 22	 => 85
 4 22 20 13 21 5	 => 85
 23 8 12 16 9 17	 => 85
 20 17 9 11 15 13	 => 85
 21 13 15 19 3 14	 => 85
 9 16 7 18 24 11	 => 85
 15 11 24 10 6 19	 => 85


===================[TEST 57]===================
Elapsed time: 3.000000 seconds
Total loop: 357 generations

Result (Solution) : 85.000000

2 14 21 11 17 20 6 22 19 1 15 4 18 16 9 10 23 3 8 5 13 24 7 12 

 2 14 21 11 17 20	 => 85
 6 20 17 22 19 1	 => 85
 21 15 4 18 16 11	 => 85
 17 11 16 9 10 22	 => 85
 19 22 10 23 3 8	 => 85
 16 18 5 13 24 9	 => 85
 10 9 24 7 12 23	 => 85


===================[TEST 58]===================
Elapsed time: 1.000000 seconds
Total loop: 195 generations

Result (Solution) : 85.000000

6 1 22 17 19 20 9 11 23 3 7 8 15 16 10 12 21 5 13 2 18 24 14 4 

 6 1 22 17 19 20	 => 85
 9 20 19 11 23 3	 => 85
 22 7 8 15 16 17	 => 85
 19 17 16 10 12 11	 => 85
 23 11 12 21 5 13	 => 85
 16 15 2 18 24 10	 => 85
 12 10 24 14 4 21	 => 85


===================[TEST 59]===================
Elapsed time: 2.000000 seconds
Total loop: 292 generations

Result (Solution) : 85.000000

9 3 21 18 12 22 6 11 19 15 8 1 24 13 14 17 16 2 20 4 7 23 5 10 

 9 3 21 18 12 22	 => 85
 6 22 12 11 19 15	 => 85
 21 8 1 24 13 18	 => 85
 12 18 13 14 17 11	 => 85
 19 11 17 16 2 20	 => 85
 13 24 4 7 23 14	 => 85
 17 14 23 5 10 16	 => 85


===================[TEST 60]===================
Elapsed time: 5.000000 seconds
Total loop: 568 generations

Result (Solution) : 85.000000

6 1 23 14 21 20 2 13 24 5 10 7 22 9 12 16 17 11 4 8 15 19 3 18 

 6 1 23 14 21 20	 => 85
 2 20 21 13 24 5	 => 85
 23 10 7 22 9 14	 => 85
 21 14 9 12 16 13	 => 85
 24 13 16 17 11 4	 => 85
 9 22 8 15 19 12	 => 85
 16 12 19 3 18 17	 => 85


===================[TEST 61]===================
Elapsed time: 3.000000 seconds
Total loop: 351 generations

Result (Solution) : 85.000000

8 9 20 14 13 21 17 5 23 6 4 7 24 16 18 19 15 11 12 2 3 22 1 10 

 8 9 20 14 13 21	 => 85
 17 21 13 5 23 6	 => 85
 20 4 7 24 16 14	 => 85
 13 14 16 18 19 5	 => 85
 23 5 19 15 11 12	 => 85
 16 24 2 3 22 18	 => 85
 19 18 22 1 10 15	 => 85


===================[TEST 62]===================
Elapsed time: 3.000000 seconds
Total loop: 464 generations

Result (Solution) : 85.000000

10 9 23 7 17 19 6 22 20 1 8 13 18 16 11 12 24 2 5 15 4 21 14 3 

 10 9 23 7 17 19	 => 85
 6 19 17 22 20 1	 => 85
 23 8 13 18 16 7	 => 85
 17 7 16 11 12 22	 => 85
 20 22 12 24 2 5	 => 85
 16 18 15 4 21 11	 => 85
 12 11 21 14 3 24	 => 85


===================[TEST 63]===================
Elapsed time: 2.000000 seconds
Total loop: 195 generations

Result (Solution) : 85.000000

5 8 24 12 15 21 6 20 16 7 9 4 23 13 11 14 22 10 3 17 2 19 18 1 

 5 8 24 12 15 21	 => 85
 6 21 15 20 16 7	 => 85
 24 9 4 23 13 12	 => 85
 15 12 13 11 14 20	 => 85
 16 20 14 22 10 3	 => 85
 13 23 17 2 19 11	 => 85
 14 11 19 18 1 22	 => 85


===================[TEST 64]===================
Elapsed time: 2.000000 seconds
Total loop: 231 generations

Result (Solution) : 85.000000

1 3 24 22 14 21 8 17 23 2 10 4 20 5 16 11 18 9 7 12 13 19 15 6 

 1 3 24 22 14 21	 => 85
 8 21 14 17 23 2	 => 85
 24 10 4 20 5 22	 => 85
 14 22 5 16 11 17	 => 85
 23 17 11 18 9 7	 => 85
 5 20 12 13 19 16	 => 85
 11 16 19 15 6 18	 => 85


===================[TEST 65]===================
Elapsed time: 2.000000 seconds
Total loop: 337 generations

Result (Solution) : 85.000000

5 7 24 11 17 21 2 16 23 6 14 1 22 13 9 19 20 4 3 18 8 15 10 12 

 5 7 24 11 17 21	 => 85
 2 21 17 16 23 6	 => 85
 24 14 1 22 13 11	 => 85
 17 11 13 9 19 16	 => 85
 23 16 19 20 4 3	 => 85
 13 22 18 8 15 9	 => 85
 19 9 15 10 12 20	 => 85


===================[TEST 66]===================
Elapsed time: 1.000000 seconds
Total loop: 152 generations

Result (Solution) : 85.000000

5 12 16 10 20 22 4 9 23 7 17 3 24 15 13 18 19 2 14 1 11 21 8 6 

 5 12 16 10 20 22	 => 85
 4 22 20 9 23 7	 => 85
 16 17 3 24 15 10	 => 85
 20 10 15 13 18 9	 => 85
 23 9 18 19 2 14	 => 85
 15 24 1 11 21 13	 => 85
 18 13 21 8 6 19	 => 85


===================[TEST 67]===================
Elapsed time: 3.000000 seconds
Total loop: 343 generations

Result (Solution) : 85.000000

14 4 19 12 13 23 9 17 22 1 5 18 16 15 20 8 24 11 3 6 7 21 10 2 

 14 4 19 12 13 23	 => 85
 9 23 13 17 22 1	 => 85
 19 5 18 16 15 12	 => 85
 13 12 15 20 8 17	 => 85
 22 17 8 24 11 3	 => 85
 15 16 6 7 21 20	 => 85
 8 20 21 10 2 24	 => 85


===================[TEST 68]===================
Elapsed time: 2.000000 seconds
Total loop: 296 generations

Result (Solution) : 85.000000

7 12 19 5 18 24 9 11 20 3 4 13 23 21 14 16 22 1 15 8 2 17 10 6 

 7 12 19 5 18 24	 => 85
 9 24 18 11 20 3	 => 85
 19 4 13 23 21 5	 => 85
 18 5 21 14 16 11	 => 85
 20 11 16 22 1 15	 => 85
 21 23 8 2 17 14	 => 85
 16 14 17 10 6 22	 => 85


===================[TEST 69]===================
Elapsed time: 2.000000 seconds
Total loop: 207 generations

Result (Solution) : 85.000000

1 12 15 18 17 22 4 13 23 6 9 5 24 14 7 16 20 10 3 11 8 21 2 19 

 1 12 15 18 17 22	 => 85
 4 22 17 13 23 6	 => 85
 15 9 5 24 14 18	 => 85
 17 18 14 7 16 13	 => 85
 23 13 16 20 10 3	 => 85
 14 24 11 8 21 7	 => 85
 16 7 21 2 19 20	 => 85


===================[TEST 70]===================
Elapsed time: 2.000000 seconds
Total loop: 231 generations

Result (Solution) : 85.000000

3 10 19 20 12 21 7 15 24 6 2 17 16 11 18 9 22 1 14 13 4 23 8 5 

 3 10 19 20 12 21	 => 85
 7 21 12 15 24 6	 => 85
 19 2 17 16 11 20	 => 85
 12 20 11 18 9 15	 => 85
 24 15 9 22 1 14	 => 85
 11 16 13 4 23 18	 => 85
 9 18 23 8 5 22	 => 85


===================[TEST 71]===================
Elapsed time: 2.000000 seconds
Total loop: 237 generations

Result (Solution) : 85.000000

6 3 19 22 14 21 1 15 18 16 8 7 24 5 12 17 20 2 13 10 11 23 4 9 

 6 3 19 22 14 21	 => 85
 1 21 14 15 18 16	 => 85
 19 8 7 24 5 22	 => 85
 14 22 5 12 17 15	 => 85
 18 15 17 20 2 13	 => 85
 5 24 10 11 23 12	 => 85
 17 12 23 4 9 20	 => 85


===================[TEST 72]===================
Elapsed time: 2.000000 seconds
Total loop: 229 generations

Result (Solution) : 85.000000

6 1 23 15 19 21 12 2 24 7 3 14 17 13 20 16 22 10 11 9 8 18 5 4 

 6 1 23 15 19 21	 => 85
 12 21 19 2 24 7	 => 85
 23 3 14 17 13 15	 => 85
 19 15 13 20 16 2	 => 85
 24 2 16 22 10 11	 => 85
 13 17 9 8 18 20	 => 85
 16 20 18 5 4 22	 => 85


===================[TEST 73]===================
Elapsed time: 3.000000 seconds
Total loop: 454 generations

Result (Solution) : 85.000000

6 4 23 19 12 21 11 16 22 3 1 5 20 17 13 8 15 14 10 9 2 24 18 7 

 6 4 23 19 12 21	 => 85
 11 21 12 16 22 3	 => 85
 23 1 5 20 17 19	 => 85
 12 19 17 13 8 16	 => 85
 22 16 8 15 14 10	 => 85
 17 20 9 2 24 13	 => 85
 8 13 24 18 7 15	 => 85


===================[TEST 74]===================
Elapsed time: 3.000000 seconds
Total loop: 423 generations

Result (Solution) : 85.000000

2 5 22 19 20 17 10 9 23 6 11 1 24 8 16 13 21 4 15 12 7 18 14 3 

 2 5 22 19 20 17	 => 85
 10 17 20 9 23 6	 => 85
 22 11 1 24 8 19	 => 85
 20 19 8 16 13 9	 => 85
 23 9 13 21 4 15	 => 85
 8 24 12 7 18 16	 => 85
 13 16 18 14 3 21	 => 85


===================[TEST 75]===================
Elapsed time: 4.000000 seconds
Total loop: 434 generations

Result (Solution) : 85.000000

12 1 24 11 20 17 8 6 21 13 2 7 22 19 14 15 18 9 16 4 3 23 5 10 

 12 1 24 11 20 17	 => 85
 8 17 20 6 21 13	 => 85
 24 2 7 22 19 11	 => 85
 20 11 19 14 15 6	 => 85
 21 6 15 18 9 16	 => 85
 19 22 4 3 23 14	 => 85
 15 14 23 5 10 18	 => 85


===================[TEST 76]===================
Elapsed time: 3.000000 seconds
Total loop: 356 generations

Result (Solution) : 85.000000

7 12 24 6 13 23 5 16 19 9 3 14 20 18 21 11 22 15 2 8 1 17 10 4 

 7 12 24 6 13 23	 => 85
 5 23 13 16 19 9	 => 85
 24 3 14 20 18 6	 => 85
 13 6 18 21 11 16	 => 85
 19 16 11 22 15 2	 => 85
 18 20 8 1 17 21	 => 85
 11 21 17 10 4 22	 => 85


===================[TEST 77]===================
Elapsed time: 3.000000 seconds
Total loop: 366 generations

Result (Solution) : 85.000000

11 6 20 16 17 15 9 19 21 4 10 13 23 3 18 12 24 1 8 14 5 22 7 2 

 11 6 20 16 17 15	 => 85
 9 15 17 19 21 4	 => 85
 20 10 13 23 3 16	 => 85
 17 16 3 18 12 19	 => 85
 21 19 12 24 1 8	 => 85
 3 23 14 5 22 18	 => 85
 12 18 22 7 2 24	 => 85


===================[TEST 78]===================
Elapsed time: 2.000000 seconds
Total loop: 367 generations

Result (Solution) : 85.000000

3 13 21 14 19 15 4 16 23 8 17 1 20 12 18 6 22 11 7 2 9 24 5 10 

 3 13 21 14 19 15	 => 85
 4 15 19 16 23 8	 => 85
 21 17 1 20 12 14	 => 85
 19 14 12 18 6 16	 => 85
 23 16 6 22 11 7	 => 85
 12 20 2 9 24 18	 => 85
 6 18 24 5 10 22	 => 85


===================[TEST 79]===================
Elapsed time: 2.000000 seconds
Total loop: 258 generations

Result (Solution) : 85.000000

3 10 24 20 6 22 11 19 23 4 1 7 18 15 13 12 17 9 5 16 2 21 14 8 

 3 10 24 20 6 22	 => 85
 11 22 6 19 23 4	 => 85
 24 1 7 18 15 20	 => 85
 6 20 15 13 12 19	 => 85
 23 19 12 17 9 5	 => 85
 15 18 16 2 21 13	 => 85
 12 13 21 14 8 17	 => 85


===================[TEST 80]===================
Elapsed time: 4.000000 seconds
Total loop: 440 generations

Result (Solution) : 85.000000

14 5 21 16 9 20 10 22 23 1 4 3 24 17 8 13 19 6 2 7 11 18 12 15 

 14 5 21 16 9 20	 => 85
 10 20 9 22 23 1	 => 85
 21 4 3 24 17 16	 => 85
 9 16 17 8 13 22	 => 85
 23 22 13 19 6 2	 => 85
 17 24 7 11 18 8	 => 85
 13 8 18 12 15 19	 => 85


===================[TEST 81]===================
Elapsed time: 2.000000 seconds
Total loop: 296 generations

Result (Solution) : 85.000000

9 10 18 8 19 21 3 16 22 4 20 1 23 15 13 14 24 7 2 11 6 17 12 5 

 9 10 18 8 19 21	 => 85
 3 21 19 16 22 4	 => 85
 18 20 1 23 15 8	 => 85
 19 8 15 13 14 16	 => 85
 22 16 14 24 7 2	 => 85
 15 23 11 6 17 13	 => 85
 14 13 17 12 5 24	 => 85


===================[TEST 82]===================
Elapsed time: 4.000000 seconds
Total loop: 421 generations

Result (Solution) : 85.000000

4 8 19 18 16 20 1 13 23 12 6 3 24 15 14 9 22 7 11 10 5 17 2 21 

 4 8 19 18 16 20	 => 85
 1 20 16 13 23 12	 => 85
 19 6 3 24 15 18	 => 85
 16 18 15 14 9 13	 => 85
 23 13 9 22 7 11	 => 85
 15 24 10 5 17 14	 => 85
 9 14 17 2 21 22	 => 85


===================[TEST 83]===================
Elapsed time: 2.000000 seconds
Total loop: 289 generations

Result (Solution) : 85.000000

4 7 17 21 12 24 6 11 23 9 14 3 20 10 18 13 22 15 1 16 2 19 5 8 

 4 7 17 21 12 24	 => 85
 6 24 12 11 23 9	 => 85
 17 14 3 20 10 21	 => 85
 12 21 10 18 13 11	 => 85
 23 11 13 22 15 1	 => 85
 10 20 16 2 19 18	 => 85
 13 18 19 5 8 22	 => 85


===================[TEST 84]===================
Elapsed time: 2.000000 seconds
Total loop: 271 generations

Result (Solution) : 85.000000

2 11 23 15 18 16 9 8 22 12 6 5 19 17 14 13 21 1 20 7 4 24 3 10 

 2 11 23 15 18 16	 => 85
 9 16 18 8 22 12	 => 85
 23 6 5 19 17 15	 => 85
 18 15 17 14 13 8	 => 85
 22 8 13 21 1 20	 => 85
 17 19 7 4 24 14	 => 85
 13 14 24 3 10 21	 => 85


===================[TEST 85]===================
Elapsed time: 2.000000 seconds
Total loop: 310 generations

Result (Solution) : 85.000000

2 3 23 16 22 19 6 13 20 5 10 1 18 17 8 9 24 15 4 14 7 21 11 12 

 2 3 23 16 22 19	 => 85
 6 19 22 13 20 5	 => 85
 23 10 1 18 17 16	 => 85
 22 16 17 8 9 13	 => 85
 20 13 9 24 15 4	 => 85
 17 18 14 7 21 8	 => 85
 9 8 21 11 12 24	 => 85


===================[TEST 86]===================
Elapsed time: 3.000000 seconds
Total loop: 287 generations

Result (Solution) : 85.000000

11 4 18 13 15 24 10 14 21 1 7 2 23 22 12 9 19 16 6 5 3 20 8 17 

 11 4 18 13 15 24	 => 85
 10 24 15 14 21 1	 => 85
 18 7 2 23 22 13	 => 85
 15 13 22 12 9 14	 => 85
 21 14 9 19 16 6	 => 85
 22 23 5 3 20 12	 => 85
 9 12 20 8 17 19	 => 85


===================[TEST 87]===================
Elapsed time: 2.000000 seconds
Total loop: 316 generations

Result (Solution) : 85.000000

3 6 23 13 18 22 2 15 19 9 1 12 16 20 14 5 21 8 17 4 7 24 11 10 

 3 6 23 13 18 22	 => 85
 2 22 18 15 19 9	 => 85
 23 1 12 16 20 13	 => 85
 18 13 20 14 5 15	 => 85
 19 15 5 21 8 17	 => 85
 20 16 4 7 24 14	 => 85
 5 14 24 11 10 21	 => 85


===================[TEST 88]===================
Elapsed time: 3.000000 seconds
Total loop: 301 generations

Result (Solution) : 85.000000

4 11 23 20 9 18 5 16 24 13 3 10 22 7 19 14 17 2 12 1 15 21 6 8 

 4 11 23 20 9 18	 => 85
 5 18 9 16 24 13	 => 85
 23 3 10 22 7 20	 => 85
 9 20 7 19 14 16	 => 85
 24 16 14 17 2 12	 => 85
 7 22 1 15 21 19	 => 85
 14 19 21 6 8 17	 => 85


===================[TEST 89]===================
Elapsed time: 2.000000 seconds
Total loop: 272 generations

Result (Solution) : 85.000000

10 5 23 18 7 22 12 17 24 3 8 2 20 14 13 16 21 1 6 4 19 15 9 11 

 10 5 23 18 7 22	 => 85
 12 22 7 17 24 3	 => 85
 23 8 2 20 14 18	 => 85
 7 18 14 13 16 17	 => 85
 24 17 16 21 1 6	 => 85
 14 20 4 19 15 13	 => 85
 16 13 15 9 11 21	 => 85


===================[TEST 90]===================
Elapsed time: 2.000000 seconds
Total loop: 241 generations

Result (Solution) : 85.000000

7 3 21 17 18 19 2 14 22 10 8 4 23 12 13 11 24 9 5 20 1 16 15 6 

 7 3 21 17 18 19	 => 85
 2 19 18 14 22 10	 => 85
 21 8 4 23 12 17	 => 85
 18 17 12 13 11 14	 => 85
 22 14 11 24 9 5	 => 85
 12 23 20 1 16 13	 => 85
 11 13 16 15 6 24	 => 85


===================[TEST 91]===================
Elapsed time: 1.000000 seconds
Total loop: 215 generations

Result (Solution) : 85.000000

2 1 24 17 19 22 5 12 23 4 8 3 20 13 10 14 21 9 6 16 11 15 7 18 

 2 1 24 17 19 22	 => 85
 5 22 19 12 23 4	 => 85
 24 8 3 20 13 17	 => 85
 19 17 13 10 14 12	 => 85
 23 12 14 21 9 6	 => 85
 13 20 16 11 15 10	 => 85
 14 10 15 7 18 21	 => 85


===================[TEST 92]===================
Elapsed time: 2.000000 seconds
Total loop: 277 generations

Result (Solution) : 85.000000

6 14 24 10 13 18 11 7 21 15 4 8 23 16 19 20 22 3 12 9 1 17 2 5 

 6 14 24 10 13 18	 => 85
 11 18 13 7 21 15	 => 85
 24 4 8 23 16 10	 => 85
 13 10 16 19 20 7	 => 85
 21 7 20 22 3 12	 => 85
 16 23 9 1 17 19	 => 85
 20 19 17 2 5 22	 => 85


===================[TEST 93]===================
Elapsed time: 3.000000 seconds
Total loop: 272 generations

Result (Solution) : 85.000000

3 13 24 12 18 15 7 9 22 14 8 4 21 16 19 11 20 6 17 1 5 23 10 2 

 3 13 24 12 18 15	 => 85
 7 15 18 9 22 14	 => 85
 24 8 4 21 16 12	 => 85
 18 12 16 19 11 9	 => 85
 22 9 11 20 6 17	 => 85
 16 21 1 5 23 19	 => 85
 11 19 23 10 2 20	 => 85


===================[TEST 94]===================
Elapsed time: 2.000000 seconds
Total loop: 310 generations

Result (Solution) : 85.000000

13 5 16 18 12 21 14 8 24 6 1 11 22 17 10 20 23 3 7 2 15 19 9 4 

 13 5 16 18 12 21	 => 85
 14 21 12 8 24 6	 => 85
 16 1 11 22 17 18	 => 85
 12 18 17 10 20 8	 => 85
 24 8 20 23 3 7	 => 85
 17 22 2 15 19 10	 => 85
 20 10 19 9 4 23	 => 85


===================[TEST 95]===================
Elapsed time: 2.000000 seconds
Total loop: 203 generations

Result (Solution) : 85.000000

15 5 18 10 13 24 9 16 22 1 3 11 23 20 14 12 21 6 8 4 7 17 19 2 

 15 5 18 10 13 24	 => 85
 9 24 13 16 22 1	 => 85
 18 3 11 23 20 10	 => 85
 13 10 20 14 12 16	 => 85
 22 16 12 21 6 8	 => 85
 20 23 4 7 17 14	 => 85
 12 14 17 19 2 21	 => 85


===================[TEST 96]===================
Elapsed time: 2.000000 seconds
Total loop: 261 generations

Result (Solution) : 85.000000

9 5 23 16 11 21 4 19 24 6 13 3 20 10 12 17 15 2 8 14 7 22 18 1 

 9 5 23 16 11 21	 => 85
 4 21 11 19 24 6	 => 85
 23 13 3 20 10 16	 => 85
 11 16 10 12 17 19	 => 85
 24 19 17 15 2 8	 => 85
 10 20 14 7 22 12	 => 85
 17 12 22 18 1 15	 => 85


===================[TEST 97]===================
Elapsed time: 3.000000 seconds
Total loop: 440 generations

Result (Solution) : 85.000000

9 14 24 11 4 23 10 18 17 13 1 12 22 15 16 21 19 8 2 5 7 20 6 3 

 9 14 24 11 4 23	 => 85
 10 23 4 18 17 13	 => 85
 24 1 12 22 15 11	 => 85
 4 11 15 16 21 18	 => 85
 17 18 21 19 8 2	 => 85
 15 22 5 7 20 16	 => 85
 21 16 20 6 3 19	 => 85


===================[TEST 98]===================
Elapsed time: 2.000000 seconds
Total loop: 265 generations

Result (Solution) : 85.000000

1 2 22 15 21 24 3 12 17 8 5 14 20 9 10 18 19 6 13 16 7 23 4 11 

 1 2 22 15 21 24	 => 85
 3 24 21 12 17 8	 => 85
 22 5 14 20 9 15	 => 85
 21 15 9 10 18 12	 => 85
 17 12 18 19 6 13	 => 85
 9 20 16 7 23 10	 => 85
 18 10 23 4 11 19	 => 85


===================[TEST 99]===================
Elapsed time: 2.000000 seconds
Total loop: 285 generations

Result (Solution) : 85.000000

11 1 20 17 15 21 6 7 23 13 2 5 19 22 8 16 24 12 3 4 14 18 9 10 

 11 1 20 17 15 21	 => 85
 6 21 15 7 23 13	 => 85
 20 2 5 19 22 17	 => 85
 15 17 22 8 16 7	 => 85
 23 7 16 24 12 3	 => 85
 22 19 4 14 18 8	 => 85
 16 8 18 9 10 24	 => 85


===================[TEST 100]===================
Elapsed time: 3.000000 seconds
Total loop: 356 generations

Result (Solution) : 85.000000

5 2 24 11 20 23 4 19 18 1 10 7 17 16 13 6 22 8 12 15 3 21 9 14 

 5 2 24 11 20 23	 => 85
 4 23 20 19 18 1	 => 85
 24 10 7 17 16 11	 => 85
 20 11 16 13 6 19	 => 85
 18 19 6 22 8 12	 => 85
 16 17 15 3 21 13	 => 85
 6 13 21 9 14 22	 => 85



test#	fitness		sum		time
---------------------------------------------------
1	85.000000	85	4.000000
2	85.000000	85	2.000000
3	85.000000	85	2.000000
4	85.000000	85	2.000000
5	85.000000	85	3.000000
6	85.000000	85	2.000000
7	85.000000	85	1.000000
8	85.000000	85	3.000000
9	85.000000	85	3.000000
10	85.000000	85	1.000000
11	85.000000	85	3.000000
12	85.000000	85	2.000000
13	85.000000	85	1.000000
14	85.000000	85	2.000000
15	85.000000	85	1.000000
16	85.000000	85	2.000000
17	85.000000	85	3.000000
18	85.000000	85	3.000000
19	85.000000	85	4.000000
20	85.000000	85	3.000000
21	85.000000	85	1.000000
22	85.000000	85	2.000000
23	85.000000	85	1.000000
24	85.000000	85	2.000000
25	85.000000	85	2.000000
26	85.000000	85	2.000000
27	85.000000	85	2.000000
28	85.000000	85	2.000000
29	85.000000	85	2.000000
30	85.000000	85	2.000000
31	85.000000	85	5.000000
32	85.000000	85	2.000000
33	85.000000	85	2.000000
34	85.000000	85	3.000000
35	85.000000	85	2.000000
36	85.000000	85	3.000000
37	85.000000	85	2.000000
38	85.000000	85	3.000000
39	85.000000	85	1.000000
40	85.000000	85	3.000000
41	85.000000	85	2.000000
42	85.000000	85	3.000000
43	85.000000	85	1.000000
44	85.000000	85	3.000000
45	85.000000	85	3.000000
46	85.000000	85	3.000000
47	85.000000	85	2.000000
48	85.000000	85	2.000000
49	85.000000	85	2.000000
50	85.000000	85	1.000000
51	85.000000	85	3.000000
52	85.000000	85	1.000000
53	85.000000	85	3.000000
54	85.000000	85	2.000000
55	85.000000	85	2.000000
56	85.000000	85	3.000000
57	85.000000	85	3.000000
58	85.000000	85	1.000000
59	85.000000	85	2.000000
60	85.000000	85	5.000000
61	85.000000	85	3.000000
62	85.000000	85	3.000000
63	85.000000	85	2.000000
64	85.000000	85	2.000000
65	85.000000	85	2.000000
66	85.000000	85	1.000000
67	85.000000	85	3.000000
68	85.000000	85	2.000000
69	85.000000	85	2.000000
70	85.000000	85	2.000000
71	85.000000	85	2.000000
72	85.000000	85	2.000000
73	85.000000	85	3.000000
74	85.000000	85	3.000000
75	85.000000	85	4.000000
76	85.000000	85	3.000000
77	85.000000	85	3.000000
78	85.000000	85	2.000000
79	85.000000	85	2.000000
80	85.000000	85	4.000000
81	85.000000	85	2.000000
82	85.000000	85	4.000000
83	85.000000	85	2.000000
84	85.000000	85	2.000000
85	85.000000	85	2.000000
86	85.000000	85	3.000000
87	85.000000	85	2.000000
88	85.000000	85	3.000000
89	85.000000	85	2.000000
90	85.000000	85	2.000000
91	85.000000	85	1.000000
92	85.000000	85	2.000000
93	85.000000	85	3.000000
94	85.000000	85	2.000000
95	85.000000	85	2.000000
96	85.000000	85	2.000000
97	85.000000	85	3.000000
98	85.000000	85	2.000000
99	85.000000	85	2.000000
100	85.000000	85	3.000000


---------------------------------------------------
Best fitness      : 85.000000 ( test# 1)
Best solution sum : 85 ( test# 1)
Shortest time     : 1.000000 ( test# 7)

Average fitness   : 85.000000
Average sol. sum  : 85.000000
Average time      : 2.340000
