****************** GA TEST *******************

total test#:			 100
hexa min width:			 1
hexa max width:			 3
hexa count:			 9
number count:			 30
population size:		 100
generation size:		 30

tournament winner p:		 0.600000
xover uniform p:		 0.600000
do mutation1 p:			 0.100000
mutation1 p:			 0.050000
do optimize p:			 1.000000
local optimize count:		 300
do deep better optimize p:	 1.000000
do deep worse optimize p:	 0.000000
do spin p:			 0.000000
spin count:			 1000
do spin apply p:		 1.000000
do mutation2 p:			 0.100000
mutation2 p:			 0.100000
force mutation2:		 0
replace bad p:			 0.100000

converge rate p:		 0.990000
converge count:			 5

**********************************************


===================[TEST 1]===================
Elapsed time: 3.000000 seconds
Total loop: 327 generations

Result (Solution) : 109.000000

7 13 23 29 26 11 4 19 25 9 27 17 1 6 15 24 20 10 18 28 14 5 3 22 30 21 2 12 8 16 

 7 13 23 29 26 11	 => 109
 23 4 19 25 9 29	 => 109
 26 29 9 27 17 1	 => 109
 19 6 15 24 20 25	 => 109
 9 25 20 10 18 27	 => 109
 17 27 18 28 14 5	 => 109
 20 24 3 22 30 10	 => 109
 18 10 30 21 2 28	 => 109
 30 22 12 8 16 21	 => 109


===================[TEST 2]===================
Elapsed time: 2.000000 seconds
Total loop: 218 generations

Result : 106.389785

20 4 28 29 21 6 2 19 23 7 26 22 3 14 10 24 18 9 25 17 5 13 11 16 30 27 1 8 12 15 

 20 4 28 29 21 6	 => 108
 28 2 19 23 7 29	 => 108
 21 29 7 26 22 3	 => 108
 19 14 10 24 18 23	 => 108
 7 23 18 9 25 26	 => 108
 22 26 25 17 5 13	 => 108
 18 24 11 16 30 9	 => 108
 25 9 30 27 1 17	 => 109
 30 16 8 12 15 27	 => 108

Best solution sum : 106.000000

10 7 26 29 19 15 8 9 28 6 24 27 1 25 3 23 18 13 17 21 12 5 2 20 30 14 11 16 4 22 

 10 7 26 29 19 15	 => 106
 26 8 9 28 6 29	 => 106
 19 29 6 24 27 1	 => 106
 9 25 3 23 18 28	 => 106
 6 28 18 13 17 24	 => 106
 27 24 17 21 12 5	 => 106
 18 23 2 20 30 13	 => 106
 17 13 30 14 11 21	 => 106
 30 20 16 4 22 14	 => 106


===================[TEST 3]===================
Elapsed time: 4.000000 seconds
Total loop: 376 generations

Result (Solution) : 108.000000

10 22 20 29 16 11 8 19 17 15 27 18 3 9 14 28 21 2 26 25 7 5 4 23 30 24 1 12 6 13 

 10 22 20 29 16 11	 => 108
 20 8 19 17 15 29	 => 108
 16 29 15 27 18 3	 => 108
 19 9 14 28 21 17	 => 108
 15 17 21 2 26 27	 => 108
 18 27 26 25 7 5	 => 108
 21 28 4 23 30 2	 => 108
 26 2 30 24 1 25	 => 108
 30 23 12 6 13 24	 => 108


===================[TEST 4]===================
Elapsed time: 3.000000 seconds
Total loop: 326 generations

Result (Solution) : 108.000000

13 7 26 28 15 19 1 18 21 14 17 25 9 12 5 22 30 3 23 27 6 10 4 20 29 24 2 8 11 16 

 13 7 26 28 15 19	 => 108
 26 1 18 21 14 28	 => 108
 15 28 14 17 25 9	 => 108
 18 12 5 22 30 21	 => 108
 14 21 30 3 23 17	 => 108
 25 17 23 27 6 10	 => 108
 30 22 4 20 29 3	 => 108
 23 3 29 24 2 27	 => 108
 29 20 8 11 16 24	 => 108


===================[TEST 5]===================
Elapsed time: 3.000000 seconds
Total loop: 283 generations

Result (Solution) : 108.000000

7 13 27 29 24 8 1 12 21 18 15 17 5 14 16 23 22 4 28 19 9 20 3 26 30 25 2 11 6 10 

 7 13 27 29 24 8	 => 108
 27 1 12 21 18 29	 => 108
 24 29 18 15 17 5	 => 108
 12 14 16 23 22 21	 => 108
 18 21 22 4 28 15	 => 108
 17 15 28 19 9 20	 => 108
 22 23 3 26 30 4	 => 108
 28 4 30 25 2 19	 => 108
 30 26 11 6 10 25	 => 108


===================[TEST 6]===================
Elapsed time: 4.000000 seconds
Total loop: 442 generations

Result (Solution) : 109.000000

10 15 17 30 21 16 4 27 19 12 20 24 2 8 11 18 26 7 25 22 13 5 1 28 29 23 3 14 6 9 

 10 15 17 30 21 16	 => 109
 17 4 27 19 12 30	 => 109
 21 30 12 20 24 2	 => 109
 27 8 11 18 26 19	 => 109
 12 19 26 7 25 20	 => 109
 24 20 25 22 13 5	 => 109
 26 18 1 28 29 7	 => 109
 25 7 29 23 3 22	 => 109
 29 28 14 6 9 23	 => 109


===================[TEST 7]===================
Elapsed time: 6.000000 seconds
Total loop: 543 generations

Result (Solution) : 108.000000

7 8 22 28 29 14 5 16 27 10 12 25 4 17 1 23 24 9 26 21 13 11 3 19 30 20 2 15 18 6 

 7 8 22 28 29 14	 => 108
 22 5 16 27 10 28	 => 108
 29 28 10 12 25 4	 => 108
 16 17 1 23 24 27	 => 108
 10 27 24 9 26 12	 => 108
 25 12 26 21 13 11	 => 108
 24 23 3 19 30 9	 => 108
 26 9 30 20 2 21	 => 108
 30 19 15 18 6 20	 => 108


===================[TEST 8]===================
Elapsed time: 3.000000 seconds
Total loop: 328 generations

Result (Solution) : 108.000000

4 9 30 28 24 13 1 19 20 10 27 14 5 15 6 26 22 12 17 25 18 7 3 16 29 23 2 21 11 8 

 4 9 30 28 24 13	 => 108
 30 1 19 20 10 28	 => 108
 24 28 10 27 14 5	 => 108
 19 15 6 26 22 20	 => 108
 10 20 22 12 17 27	 => 108
 14 27 17 25 18 7	 => 108
 22 26 3 16 29 12	 => 108
 17 12 29 23 2 25	 => 108
 29 16 21 11 8 23	 => 108


===================[TEST 9]===================
Elapsed time: 4.000000 seconds
Total loop: 387 generations

Result (Solution) : 109.000000

16 5 28 29 25 6 4 18 23 7 26 20 2 15 14 17 22 12 19 24 9 11 1 27 30 21 3 8 10 13 

 16 5 28 29 25 6	 => 109
 28 4 18 23 7 29	 => 109
 25 29 7 26 20 2	 => 109
 18 15 14 17 22 23	 => 109
 7 23 22 12 19 26	 => 109
 20 26 19 24 9 11	 => 109
 22 17 1 27 30 12	 => 109
 19 12 30 21 3 24	 => 109
 30 27 8 10 13 21	 => 109


===================[TEST 10]===================
Elapsed time: 2.000000 seconds
Total loop: 262 generations

Result (Solution) : 109.000000

8 15 21 29 23 13 3 28 18 10 27 19 1 7 14 17 25 9 20 26 6 11 4 24 30 22 2 12 16 5 

 8 15 21 29 23 13	 => 109
 21 3 28 18 10 29	 => 109
 23 29 10 27 19 1	 => 109
 28 7 14 17 25 18	 => 109
 10 18 25 9 20 27	 => 109
 19 27 20 26 6 11	 => 109
 25 17 4 24 30 9	 => 109
 20 9 30 22 2 26	 => 109
 30 24 12 16 5 22	 => 109


===================[TEST 11]===================
Elapsed time: 2.000000 seconds
Total loop: 228 generations

Result (Solution) : 107.000000

12 2 27 23 30 13 9 20 22 6 18 29 1 8 17 14 26 11 24 21 10 5 3 28 25 19 7 15 4 16 

 12 2 27 23 30 13	 => 107
 27 9 20 22 6 23	 => 107
 30 23 6 18 29 1	 => 107
 20 8 17 14 26 22	 => 107
 6 22 26 11 24 18	 => 107
 29 18 24 21 10 5	 => 107
 26 14 3 28 25 11	 => 107
 24 11 25 19 7 21	 => 107
 25 28 15 4 16 19	 => 107


===================[TEST 12]===================
Elapsed time: 3.000000 seconds
Total loop: 313 generations

Result (Solution) : 108.000000

11 6 25 28 20 18 3 16 21 15 13 30 2 12 9 27 23 7 29 22 4 10 1 24 26 19 5 14 8 17 

 11 6 25 28 20 18	 => 108
 25 3 16 21 15 28	 => 108
 20 28 15 13 30 2	 => 108
 16 12 9 27 23 21	 => 108
 15 21 23 7 29 13	 => 108
 30 13 29 22 4 10	 => 108
 23 27 1 24 26 7	 => 108
 29 7 26 19 5 22	 => 108
 26 24 14 8 17 19	 => 108


===================[TEST 13]===================
Elapsed time: 4.000000 seconds
Total loop: 406 generations

Result : 106.084678

6 11 25 29 22 15 2 20 21 12 27 18 1 8 10 26 24 5 19 28 13 4 7 17 30 23 3 16 14 9 

 6 11 25 29 22 15	 => 108
 25 2 20 21 12 29	 => 109
 22 29 12 27 18 1	 => 109
 20 8 10 26 24 21	 => 109
 12 21 24 5 19 27	 => 108
 18 27 19 28 13 4	 => 109
 24 26 7 17 30 5	 => 109
 19 5 30 23 3 28	 => 108
 30 17 16 14 9 23	 => 109

Best solution sum : 106.000000

7 12 27 28 21 11 3 18 29 1 19 24 13 5 15 9 30 10 17 22 20 4 6 25 26 23 8 2 16 14 

 7 12 27 28 21 11	 => 106
 27 3 18 29 1 28	 => 106
 21 28 1 19 24 13	 => 106
 18 5 15 9 30 29	 => 106
 1 29 30 10 17 19	 => 106
 24 19 17 22 20 4	 => 106
 30 9 6 25 26 10	 => 106
 17 10 26 23 8 22	 => 106
 26 25 2 16 14 23	 => 106


===================[TEST 14]===================
Elapsed time: 4.000000 seconds
Total loop: 389 generations

Result : 106.389785

16 11 24 30 19 8 5 17 23 9 18 20 13 15 4 21 28 3 27 22 7 14 1 26 29 25 2 6 10 12 

 16 11 24 30 19 8	 => 108
 24 5 17 23 9 30	 => 108
 19 30 9 18 20 13	 => 109
 17 15 4 21 28 23	 => 108
 9 23 28 3 27 18	 => 108
 20 18 27 22 7 14	 => 108
 28 21 1 26 29 3	 => 108
 27 3 29 25 2 22	 => 108
 29 26 6 10 12 25	 => 108


===================[TEST 15]===================
Elapsed time: 3.000000 seconds
Total loop: 255 generations

Result : 106.500678

4 7 26 27 29 16 1 22 28 5 18 24 6 8 9 17 25 14 19 20 12 15 2 21 30 23 3 10 13 11 

 4 7 26 27 29 16	 => 109
 26 1 22 28 5 27	 => 109
 29 27 5 18 24 6	 => 109
 22 8 9 17 25 28	 => 109
 5 28 25 14 19 18	 => 109
 24 18 19 20 12 15	 => 108
 25 17 2 21 30 14	 => 109
 19 14 30 23 3 20	 => 109
 30 21 10 13 11 23	 => 108


===================[TEST 16]===================
Elapsed time: 4.000000 seconds
Total loop: 398 generations

Result (Solution) : 108.000000

3 11 28 30 24 12 1 17 23 9 25 18 2 13 10 29 16 8 27 20 14 4 7 22 26 21 6 19 15 5 

 3 11 28 30 24 12	 => 108
 28 1 17 23 9 30	 => 108
 24 30 9 25 18 2	 => 108
 17 13 10 29 16 23	 => 108
 9 23 16 8 27 25	 => 108
 18 25 27 20 14 4	 => 108
 16 29 7 22 26 8	 => 108
 27 8 26 21 6 20	 => 108
 26 22 19 15 5 21	 => 108


===================[TEST 17]===================
Elapsed time: 4.000000 seconds
Total loop: 418 generations

Result (Solution) : 108.000000

9 13 22 26 21 17 2 24 19 15 20 25 1 14 10 12 29 7 18 28 11 6 3 30 27 23 5 16 8 4 

 9 13 22 26 21 17	 => 108
 22 2 24 19 15 26	 => 108
 21 26 15 20 25 1	 => 108
 24 14 10 12 29 19	 => 108
 15 19 29 7 18 20	 => 108
 25 20 18 28 11 6	 => 108
 29 12 3 30 27 7	 => 108
 18 7 27 23 5 28	 => 108
 27 30 16 8 4 23	 => 108


===================[TEST 18]===================
Elapsed time: 5.000000 seconds
Total loop: 581 generations

Result : 107.167563

5 15 23 30 27 9 6 24 22 4 26 20 2 7 11 19 25 14 18 17 16 12 1 21 29 28 3 13 10 8 

 5 15 23 30 27 9	 => 109
 23 6 24 22 4 30	 => 109
 27 30 4 26 20 2	 => 109
 24 7 11 19 25 22	 => 108
 4 22 25 14 18 26	 => 109
 20 26 18 17 16 12	 => 109
 25 19 1 21 29 14	 => 109
 18 14 29 28 3 17	 => 109
 29 21 13 10 8 28	 => 109


===================[TEST 19]===================
Elapsed time: 4.000000 seconds
Total loop: 358 generations

Result (Solution) : 108.000000

10 15 22 26 19 16 3 25 21 11 18 28 6 5 14 13 30 8 20 23 7 12 1 27 29 24 4 17 9 2 

 10 15 22 26 19 16	 => 108
 22 3 25 21 11 26	 => 108
 19 26 11 18 28 6	 => 108
 25 5 14 13 30 21	 => 108
 11 21 30 8 20 18	 => 108
 28 18 20 23 7 12	 => 108
 30 13 1 27 29 8	 => 108
 20 8 29 24 4 23	 => 108
 29 27 17 9 2 24	 => 108


===================[TEST 20]===================
Elapsed time: 6.000000 seconds
Total loop: 631 generations

Result (Solution) : 109.000000

5 13 22 30 23 16 3 24 21 9 26 19 2 7 11 28 18 10 25 17 8 14 4 20 29 27 1 12 6 15 

 5 13 22 30 23 16	 => 109
 22 3 24 21 9 30	 => 109
 23 30 9 26 19 2	 => 109
 24 7 11 28 18 21	 => 109
 9 21 18 10 25 26	 => 109
 19 26 25 17 8 14	 => 109
 18 28 4 20 29 10	 => 109
 25 10 29 27 1 17	 => 109
 29 20 12 6 15 27	 => 109


===================[TEST 21]===================
Elapsed time: 3.000000 seconds
Total loop: 362 generations

Result : 106.389785

18 15 24 29 12 10 1 25 16 13 28 21 5 14 7 27 19 6 26 22 2 9 3 23 30 20 4 8 17 11 

 18 15 24 29 12 10	 => 108
 24 1 25 16 13 29	 => 108
 12 29 13 28 21 5	 => 108
 25 14 7 27 19 16	 => 108
 13 16 19 6 26 28	 => 108
 21 28 26 22 2 9	 => 108
 19 27 3 23 30 6	 => 108
 26 6 30 20 4 22	 => 108
 30 23 8 17 11 20	 => 109


===================[TEST 22]===================
Elapsed time: 4.000000 seconds
Total loop: 319 generations

Result (Solution) : 108.000000

3 15 27 25 26 12 1 23 22 10 24 19 4 9 16 20 18 6 28 21 2 14 5 30 29 17 7 8 11 13 

 3 15 27 25 26 12	 => 108
 27 1 23 22 10 25	 => 108
 26 25 10 24 19 4	 => 108
 23 9 16 20 18 22	 => 108
 10 22 18 6 28 24	 => 108
 19 24 28 21 2 14	 => 108
 18 20 5 30 29 6	 => 108
 28 6 29 17 7 21	 => 108
 29 30 8 11 13 17	 => 108


===================[TEST 23]===================
Elapsed time: 3.000000 seconds
Total loop: 334 generations

Result (Solution) : 107.000000

3 9 23 30 27 15 5 12 29 8 20 21 1 10 14 17 25 6 19 24 7 16 13 18 28 26 4 11 2 22 

 3 9 23 30 27 15	 => 107
 23 5 12 29 8 30	 => 107
 27 30 8 20 21 1	 => 107
 12 10 14 17 25 29	 => 107
 8 29 25 6 19 20	 => 107
 21 20 19 24 7 16	 => 107
 25 17 13 18 28 6	 => 107
 19 6 28 26 4 24	 => 107
 28 18 11 2 22 26	 => 107


===================[TEST 24]===================
Elapsed time: 3.000000 seconds
Total loop: 282 generations

Result : 106.389785

7 19 16 26 27 13 2 24 28 12 18 25 1 4 11 20 21 6 23 17 10 15 9 22 30 29 3 8 14 5 

 7 19 16 26 27 13	 => 108
 16 2 24 28 12 26	 => 108
 27 26 12 18 25 1	 => 109
 24 4 11 20 21 28	 => 108
 12 28 21 6 23 18	 => 108
 25 18 23 17 10 15	 => 108
 21 20 9 22 30 6	 => 108
 23 6 30 29 3 17	 => 108
 30 22 8 14 5 29	 => 108


===================[TEST 25]===================
Elapsed time: 5.000000 seconds
Total loop: 556 generations

Result : 107.167563

13 8 26 30 21 11 5 23 19 6 20 28 4 10 14 17 25 12 27 18 9 7 2 24 29 22 1 15 3 16 

 13 8 26 30 21 11	 => 109
 26 5 23 19 6 30	 => 109
 21 30 6 20 28 4	 => 109
 23 10 14 17 25 19	 => 108
 6 19 25 12 27 20	 => 109
 28 20 27 18 9 7	 => 109
 25 17 2 24 29 12	 => 109
 27 12 29 22 1 18	 => 109
 29 24 15 3 16 22	 => 109


===================[TEST 26]===================
Elapsed time: 5.000000 seconds
Total loop: 474 generations

Result : 106.389785

14 15 28 29 21 1 3 19 22 7 25 24 2 10 17 13 27 11 16 20 5 18 4 23 30 26 6 12 9 8 

 14 15 28 29 21 1	 => 108
 28 3 19 22 7 29	 => 108
 21 29 7 25 24 2	 => 108
 19 10 17 13 27 22	 => 108
 7 22 27 11 16 25	 => 108
 24 25 16 20 5 18	 => 108
 27 13 4 23 30 11	 => 108
 16 11 30 26 6 20	 => 109
 30 23 12 9 8 26	 => 108


===================[TEST 27]===================
Elapsed time: 10.000000 seconds
Total loop: 1055 generations

Result (Solution) : 109.000000

12 16 25 29 19 8 4 28 17 6 26 27 2 11 9 20 24 13 23 18 10 5 1 21 30 22 3 14 7 15 

 12 16 25 29 19 8	 => 109
 25 4 28 17 6 29	 => 109
 19 29 6 26 27 2	 => 109
 28 11 9 20 24 17	 => 109
 6 17 24 13 23 26	 => 109
 27 26 23 18 10 5	 => 109
 24 20 1 21 30 13	 => 109
 23 13 30 22 3 18	 => 109
 30 21 14 7 15 22	 => 109


===================[TEST 28]===================
Elapsed time: 5.000000 seconds
Total loop: 497 generations

Result (Solution) : 107.000000

11 3 28 29 24 12 1 23 17 9 27 16 2 4 26 18 19 10 25 20 6 13 8 22 30 15 7 14 21 5 

 11 3 28 29 24 12	 => 107
 28 1 23 17 9 29	 => 107
 24 29 9 27 16 2	 => 107
 23 4 26 18 19 17	 => 107
 9 17 19 10 25 27	 => 107
 16 27 25 20 6 13	 => 107
 19 18 8 22 30 10	 => 107
 25 10 30 15 7 20	 => 107
 30 22 14 21 5 15	 => 107


===================[TEST 29]===================
Elapsed time: 2.000000 seconds
Total loop: 228 generations

Result : 106.084678

10 6 17 29 28 18 3 30 23 7 19 24 2 4 15 16 21 14 25 20 8 12 5 26 27 22 1 13 11 9 

 10 6 17 29 28 18	 => 108
 17 3 30 23 7 29	 => 109
 28 29 7 19 24 2	 => 109
 30 4 15 16 21 23	 => 109
 7 23 21 14 25 19	 => 109
 24 19 25 20 8 12	 => 108
 21 16 5 26 27 14	 => 109
 25 14 27 22 1 20	 => 109
 27 26 13 11 9 22	 => 108


===================[TEST 30]===================
Elapsed time: 5.000000 seconds
Total loop: 568 generations

Result (Solution) : 108.000000

14 5 23 24 25 17 3 19 28 11 26 21 1 13 10 22 16 12 15 30 7 9 2 29 27 20 4 6 8 18 

 14 5 23 24 25 17	 => 108
 23 3 19 28 11 24	 => 108
 25 24 11 26 21 1	 => 108
 19 13 10 22 16 28	 => 108
 11 28 16 12 15 26	 => 108
 21 26 15 30 7 9	 => 108
 16 22 2 29 27 12	 => 108
 15 12 27 20 4 30	 => 108
 27 29 6 8 18 20	 => 108


===================[TEST 31]===================
Elapsed time: 3.000000 seconds
Total loop: 298 generations

Result (Solution) : 107.000000

12 5 21 29 26 14 3 18 28 8 23 10 11 13 7 24 17 9 22 27 6 19 2 25 30 15 4 20 1 16 

 12 5 21 29 26 14	 => 107
 21 3 18 28 8 29	 => 107
 26 29 8 23 10 11	 => 107
 18 13 7 24 17 28	 => 107
 8 28 17 9 22 23	 => 107
 10 23 22 27 6 19	 => 107
 17 24 2 25 30 9	 => 107
 22 9 30 15 4 27	 => 107
 30 25 20 1 16 15	 => 107


===================[TEST 32]===================
Elapsed time: 3.000000 seconds
Total loop: 264 generations

Result (Solution) : 107.000000

13 1 23 25 27 18 5 19 26 9 16 28 2 3 17 12 30 6 20 24 4 15 8 22 29 21 7 11 10 14 

 13 1 23 25 27 18	 => 107
 23 5 19 26 9 25	 => 107
 27 25 9 16 28 2	 => 107
 19 3 17 12 30 26	 => 107
 9 26 30 6 20 16	 => 107
 28 16 20 24 4 15	 => 107
 30 12 8 22 29 6	 => 107
 20 6 29 21 7 24	 => 107
 29 22 11 10 14 21	 => 107


===================[TEST 33]===================
Elapsed time: 3.000000 seconds
Total loop: 325 generations

Result (Solution) : 108.000000

7 9 23 30 29 10 4 17 28 6 22 20 1 21 3 26 13 15 24 18 8 16 2 25 27 19 5 11 14 12 

 7 9 23 30 29 10	 => 108
 23 4 17 28 6 30	 => 108
 29 30 6 22 20 1	 => 108
 17 21 3 26 13 28	 => 108
 6 28 13 15 24 22	 => 108
 20 22 24 18 8 16	 => 108
 13 26 2 25 27 15	 => 108
 24 15 27 19 5 18	 => 108
 27 25 11 14 12 19	 => 108


===================[TEST 34]===================
Elapsed time: 4.000000 seconds
Total loop: 394 generations

Result (Solution) : 108.000000

8 12 24 29 17 18 4 22 20 9 25 26 2 13 10 15 28 5 21 19 14 3 7 23 30 27 6 1 16 11 

 8 12 24 29 17 18	 => 108
 24 4 22 20 9 29	 => 108
 17 29 9 25 26 2	 => 108
 22 13 10 15 28 20	 => 108
 9 20 28 5 21 25	 => 108
 26 25 21 19 14 3	 => 108
 28 15 7 23 30 5	 => 108
 21 5 30 27 6 19	 => 108
 30 23 1 16 11 27	 => 108


===================[TEST 35]===================
Elapsed time: 5.000000 seconds
Total loop: 539 generations

Result (Solution) : 108.000000

12 11 24 26 16 19 4 27 22 5 30 28 3 8 14 20 17 13 21 18 1 10 6 23 29 25 2 9 15 7 

 12 11 24 26 16 19	 => 108
 24 4 27 22 5 26	 => 108
 16 26 5 30 28 3	 => 108
 27 8 14 20 17 22	 => 108
 5 22 17 13 21 30	 => 108
 28 30 21 18 1 10	 => 108
 17 20 6 23 29 13	 => 108
 21 13 29 25 2 18	 => 108
 29 23 9 15 7 25	 => 108


===================[TEST 36]===================
Elapsed time: 5.000000 seconds
Total loop: 572 generations

Result (Solution) : 108.000000

14 7 20 25 26 16 1 30 21 11 24 18 4 6 13 15 23 12 17 19 22 8 2 27 29 28 3 9 10 5 

 14 7 20 25 26 16	 => 108
 20 1 30 21 11 25	 => 108
 26 25 11 24 18 4	 => 108
 30 6 13 15 23 21	 => 108
 11 21 23 12 17 24	 => 108
 18 24 17 19 22 8	 => 108
 23 15 2 27 29 12	 => 108
 17 12 29 28 3 19	 => 108
 29 27 9 10 5 28	 => 108


===================[TEST 37]===================
Elapsed time: 4.000000 seconds
Total loop: 337 generations

Result : 106.500678

8 13 23 29 21 15 6 19 22 10 26 20 3 11 12 27 17 9 25 28 5 4 2 24 30 16 1 18 7 14 

 8 13 23 29 21 15	 => 109
 23 6 19 22 10 29	 => 109
 21 29 10 26 20 3	 => 109
 19 11 12 27 17 22	 => 108
 10 22 17 9 25 26	 => 109
 20 26 25 28 5 4	 => 108
 17 27 2 24 30 9	 => 109
 25 9 30 16 1 28	 => 109
 30 24 18 7 14 16	 => 109


===================[TEST 38]===================
Elapsed time: 4.000000 seconds
Total loop: 389 generations

Result (Solution) : 107.000000

8 14 13 29 28 15 10 21 25 9 22 17 2 1 12 30 18 7 26 19 3 20 5 23 24 27 4 16 11 6 

 8 14 13 29 28 15	 => 107
 13 10 21 25 9 29	 => 107
 28 29 9 22 17 2	 => 107
 21 1 12 30 18 25	 => 107
 9 25 18 7 26 22	 => 107
 17 22 26 19 3 20	 => 107
 18 30 5 23 24 7	 => 107
 26 7 24 27 4 19	 => 107
 24 23 16 11 6 27	 => 107


===================[TEST 39]===================
Elapsed time: 3.000000 seconds
Total loop: 364 generations

Result (Solution) : 108.000000

6 19 23 29 28 3 2 26 18 10 15 21 5 8 12 20 24 11 30 16 9 17 1 27 25 22 4 13 14 7 

 6 19 23 29 28 3	 => 108
 23 2 26 18 10 29	 => 108
 28 29 10 15 21 5	 => 108
 26 8 12 20 24 18	 => 108
 10 18 24 11 30 15	 => 108
 21 15 30 16 9 17	 => 108
 24 20 1 27 25 11	 => 108
 30 11 25 22 4 16	 => 108
 25 27 13 14 7 22	 => 108


===================[TEST 40]===================
Elapsed time: 5.000000 seconds
Total loop: 546 generations

Result : 106.500678

6 13 25 30 26 8 1 24 22 7 20 23 3 5 11 29 18 14 28 15 12 10 2 19 27 21 4 9 17 16 

 6 13 25 30 26 8	 => 108
 25 1 24 22 7 30	 => 109
 26 30 7 20 23 3	 => 109
 24 5 11 29 18 22	 => 109
 7 22 18 14 28 20	 => 109
 23 20 28 15 12 10	 => 108
 18 29 2 19 27 14	 => 109
 28 14 27 21 4 15	 => 109
 27 19 9 17 16 21	 => 109


===================[TEST 41]===================
Elapsed time: 4.000000 seconds
Total loop: 347 generations

Result (Solution) : 109.000000

8 16 25 29 26 5 2 18 28 7 21 23 3 15 6 20 22 12 19 27 9 10 1 24 30 17 4 14 13 11 

 8 16 25 29 26 5	 => 109
 25 2 18 28 7 29	 => 109
 26 29 7 21 23 3	 => 109
 18 15 6 20 22 28	 => 109
 7 28 22 12 19 21	 => 109
 23 21 19 27 9 10	 => 109
 22 20 1 24 30 12	 => 109
 19 12 30 17 4 27	 => 109
 30 24 14 13 11 17	 => 109


===================[TEST 42]===================
Elapsed time: 3.000000 seconds
Total loop: 314 generations

Result (Solution) : 108.000000

17 13 19 27 24 8 2 26 23 11 20 25 1 9 7 22 21 4 29 18 10 6 3 28 30 15 12 5 16 14 

 17 13 19 27 24 8	 => 108
 19 2 26 23 11 27	 => 108
 24 27 11 20 25 1	 => 108
 26 9 7 22 21 23	 => 108
 11 23 21 4 29 20	 => 108
 25 20 29 18 10 6	 => 108
 21 22 3 28 30 4	 => 108
 29 4 30 15 12 18	 => 108
 30 28 5 16 14 15	 => 108


===================[TEST 43]===================
Elapsed time: 5.000000 seconds
Total loop: 547 generations

Result (Solution) : 108.000000

9 16 25 28 26 4 3 22 18 12 24 17 1 11 10 20 27 8 19 29 5 14 2 21 30 15 7 6 13 23 

 9 16 25 28 26 4	 => 108
 25 3 22 18 12 28	 => 108
 26 28 12 24 17 1	 => 108
 22 11 10 20 27 18	 => 108
 12 18 27 8 19 24	 => 108
 17 24 19 29 5 14	 => 108
 27 20 2 21 30 8	 => 108
 19 8 30 15 7 29	 => 108
 30 21 6 13 23 15	 => 108


===================[TEST 44]===================
Elapsed time: 3.000000 seconds
Total loop: 238 generations

Result : 106.500678

11 15 26 30 18 9 1 20 24 8 21 29 2 13 7 17 27 10 19 23 3 14 5 22 28 25 4 12 16 6 

 11 15 26 30 18 9	 => 109
 26 1 20 24 8 30	 => 109
 18 30 8 21 29 2	 => 108
 20 13 7 17 27 24	 => 108
 8 24 27 10 19 21	 => 109
 29 21 19 23 3 14	 => 109
 27 17 5 22 28 10	 => 109
 19 10 28 25 4 23	 => 109
 28 22 12 16 6 25	 => 109


===================[TEST 45]===================
Elapsed time: 2.000000 seconds
Total loop: 247 generations

Result : 106.389785

8 16 20 29 21 14 4 18 24 13 27 17 1 6 12 22 26 3 15 28 11 10 5 23 30 25 7 2 19 9 

 8 16 20 29 21 14	 => 108
 20 4 18 24 13 29	 => 108
 21 29 13 27 17 1	 => 108
 18 6 12 22 26 24	 => 108
 13 24 26 3 15 27	 => 108
 17 27 15 28 11 10	 => 108
 26 22 5 23 30 3	 => 109
 15 3 30 25 7 28	 => 108
 30 23 2 19 9 25	 => 108


===================[TEST 46]===================
Elapsed time: 5.000000 seconds
Total loop: 547 generations

Result (Solution) : 108.000000

9 13 23 28 25 10 3 18 22 14 24 15 2 4 11 27 26 5 17 30 6 16 1 20 29 19 8 12 7 21 

 9 13 23 28 25 10	 => 108
 23 3 18 22 14 28	 => 108
 25 28 14 24 15 2	 => 108
 18 4 11 27 26 22	 => 108
 14 22 26 5 17 24	 => 108
 15 24 17 30 6 16	 => 108
 26 27 1 20 29 5	 => 108
 17 5 29 19 8 30	 => 108
 29 20 12 7 21 19	 => 108


===================[TEST 47]===================
Elapsed time: 3.000000 seconds
Total loop: 314 generations

Result (Solution) : 108.000000

12 17 24 23 21 11 2 26 19 14 16 28 6 5 10 18 30 7 22 29 9 4 1 25 27 20 3 13 15 8 

 12 17 24 23 21 11	 => 108
 24 2 26 19 14 23	 => 108
 21 23 14 16 28 6	 => 108
 26 5 10 18 30 19	 => 108
 14 19 30 7 22 16	 => 108
 28 16 22 29 9 4	 => 108
 30 18 1 25 27 7	 => 108
 22 7 27 20 3 29	 => 108
 27 25 13 15 8 20	 => 108


===================[TEST 48]===================
Elapsed time: 4.000000 seconds
Total loop: 350 generations

Result (Solution) : 108.000000

9 21 14 29 24 11 1 27 25 12 17 22 4 2 8 26 20 6 28 18 10 13 7 19 30 23 3 15 16 5 

 9 21 14 29 24 11	 => 108
 14 1 27 25 12 29	 => 108
 24 29 12 17 22 4	 => 108
 27 2 8 26 20 25	 => 108
 12 25 20 6 28 17	 => 108
 22 17 28 18 10 13	 => 108
 20 26 7 19 30 6	 => 108
 28 6 30 23 3 18	 => 108
 30 19 15 16 5 23	 => 108


===================[TEST 49]===================
Elapsed time: 1.000000 seconds
Total loop: 109 generations

Result : 103.945122

11 4 29 27 30 5 9 10 25 6 15 21 7 12 17 24 18 14 28 19 1 22 2 26 23 20 3 13 8 16 

 11 4 29 27 30 5	 => 106
 29 9 10 25 6 27	 => 106
 30 27 6 15 21 7	 => 106
 10 12 17 24 18 25	 => 106
 6 25 18 14 28 15	 => 106
 21 15 28 19 1 22	 => 106
 18 24 2 26 23 14	 => 107
 28 14 23 20 3 19	 => 107
 23 26 13 8 16 20	 => 106


===================[TEST 50]===================
Elapsed time: 5.000000 seconds
Total loop: 469 generations

Result (Solution) : 109.000000

12 8 28 29 22 10 2 19 18 13 27 17 1 11 15 21 25 6 20 24 7 14 4 23 30 26 3 5 16 9 

 12 8 28 29 22 10	 => 109
 28 2 19 18 13 29	 => 109
 22 29 13 27 17 1	 => 109
 19 11 15 21 25 18	 => 109
 13 18 25 6 20 27	 => 109
 17 27 20 24 7 14	 => 109
 25 21 4 23 30 6	 => 109
 20 6 30 26 3 24	 => 109
 30 23 5 16 9 26	 => 109


===================[TEST 51]===================
Elapsed time: 4.000000 seconds
Total loop: 404 generations

Result (Solution) : 108.000000

9 13 27 26 23 10 1 28 24 2 29 22 6 4 18 14 20 16 17 21 12 7 3 25 30 19 5 8 15 11 

 9 13 27 26 23 10	 => 108
 27 1 28 24 2 26	 => 108
 23 26 2 29 22 6	 => 108
 28 4 18 14 20 24	 => 108
 2 24 20 16 17 29	 => 108
 22 29 17 21 12 7	 => 108
 20 14 3 25 30 16	 => 108
 17 16 30 19 5 21	 => 108
 30 25 8 15 11 19	 => 108


===================[TEST 52]===================
Elapsed time: 4.000000 seconds
Total loop: 423 generations

Result (Solution) : 109.000000

10 9 19 30 25 16 2 21 26 11 22 20 1 15 6 17 24 8 18 28 14 7 4 27 29 23 3 12 13 5 

 10 9 19 30 25 16	 => 109
 19 2 21 26 11 30	 => 109
 25 30 11 22 20 1	 => 109
 21 15 6 17 24 26	 => 109
 11 26 24 8 18 22	 => 109
 20 22 18 28 14 7	 => 109
 24 17 4 27 29 8	 => 109
 18 8 29 23 3 28	 => 109
 29 27 12 13 5 23	 => 109


===================[TEST 53]===================
Elapsed time: 5.000000 seconds
Total loop: 491 generations

Result (Solution) : 108.000000

13 5 28 27 23 12 1 18 26 8 16 30 4 9 11 20 24 15 19 22 7 14 3 17 29 21 2 25 10 6 

 13 5 28 27 23 12	 => 108
 28 1 18 26 8 27	 => 108
 23 27 8 16 30 4	 => 108
 18 9 11 20 24 26	 => 108
 8 26 24 15 19 16	 => 108
 30 16 19 22 7 14	 => 108
 24 20 3 17 29 15	 => 108
 19 15 29 21 2 22	 => 108
 29 17 25 10 6 21	 => 108


===================[TEST 54]===================
Elapsed time: 4.000000 seconds
Total loop: 419 generations

Result : 106.084678

12 14 24 29 22 7 1 27 17 11 16 25 6 5 10 19 30 9 26 23 4 15 3 20 28 21 2 13 8 18 

 12 14 24 29 22 7	 => 108
 24 1 27 17 11 29	 => 109
 22 29 11 16 25 6	 => 109
 27 5 10 19 30 17	 => 108
 11 17 30 9 26 16	 => 109
 25 16 26 23 4 15	 => 109
 30 19 3 20 28 9	 => 109
 26 9 28 21 2 23	 => 109
 28 20 13 8 18 21	 => 108


===================[TEST 55]===================
Elapsed time: 4.000000 seconds
Total loop: 408 generations

Result (Solution) : 108.000000

17 12 25 30 18 6 3 20 21 9 24 26 1 15 5 28 19 8 27 11 13 7 2 22 29 23 10 14 16 4 

 17 12 25 30 18 6	 => 108
 25 3 20 21 9 30	 => 108
 18 30 9 24 26 1	 => 108
 20 15 5 28 19 21	 => 108
 9 21 19 8 27 24	 => 108
 26 24 27 11 13 7	 => 108
 19 28 2 22 29 8	 => 108
 27 8 29 23 10 11	 => 108
 29 22 14 16 4 23	 => 108


===================[TEST 56]===================
Elapsed time: 5.000000 seconds
Total loop: 588 generations

Result (Solution) : 108.000000

13 15 23 26 17 14 3 24 22 10 30 21 4 5 11 28 18 9 19 29 7 2 1 27 25 20 6 12 16 8 

 13 15 23 26 17 14	 => 108
 23 3 24 22 10 26	 => 108
 17 26 10 30 21 4	 => 108
 24 5 11 28 18 22	 => 108
 10 22 18 9 19 30	 => 108
 21 30 19 29 7 2	 => 108
 18 28 1 27 25 9	 => 108
 19 9 25 20 6 29	 => 108
 25 27 12 16 8 20	 => 108


===================[TEST 57]===================
Elapsed time: 6.000000 seconds
Total loop: 611 generations

Result : 106.167563

13 11 27 29 20 8 3 19 16 14 18 26 1 9 21 17 25 7 28 22 2 12 5 30 24 23 4 6 15 10 

 13 11 27 29 20 8	 => 108
 27 3 19 16 14 29	 => 108
 20 29 14 18 26 1	 => 108
 19 9 21 17 25 16	 => 107
 14 16 25 7 28 18	 => 108
 26 18 28 22 2 12	 => 108
 25 17 5 30 24 7	 => 108
 28 7 24 23 4 22	 => 108
 24 30 6 15 10 23	 => 108

Best solution sum : 106.000000

6 14 25 29 28 4 2 12 30 8 16 24 1 7 19 20 18 11 23 27 13 3 10 26 21 15 9 17 22 5 

 6 14 25 29 28 4	 => 106
 25 2 12 30 8 29	 => 106
 28 29 8 16 24 1	 => 106
 12 7 19 20 18 30	 => 106
 8 30 18 11 23 16	 => 106
 24 16 23 27 13 3	 => 106
 18 20 10 26 21 11	 => 106
 23 11 21 15 9 27	 => 106
 21 26 17 22 5 15	 => 106


===================[TEST 58]===================
Elapsed time: 4.000000 seconds
Total loop: 389 generations

Result (Solution) : 109.000000

14 10 26 29 23 7 3 19 24 8 25 22 2 15 12 18 21 11 20 27 9 6 1 28 30 17 4 16 13 5 

 14 10 26 29 23 7	 => 109
 26 3 19 24 8 29	 => 109
 23 29 8 25 22 2	 => 109
 19 15 12 18 21 24	 => 109
 8 24 21 11 20 25	 => 109
 22 25 20 27 9 6	 => 109
 21 18 1 28 30 11	 => 109
 20 11 30 17 4 27	 => 109
 30 28 16 13 5 17	 => 109


===================[TEST 59]===================
Elapsed time: 6.000000 seconds
Total loop: 625 generations

Result (Solution) : 106.000000

7 16 18 25 29 11 2 24 23 14 27 5 6 4 9 20 26 1 15 28 12 19 8 21 30 22 10 13 17 3 

 7 16 18 25 29 11	 => 106
 18 2 24 23 14 25	 => 106
 29 25 14 27 5 6	 => 106
 24 4 9 20 26 23	 => 106
 14 23 26 1 15 27	 => 106
 5 27 15 28 12 19	 => 106
 26 20 8 21 30 1	 => 106
 15 1 30 22 10 28	 => 106
 30 21 13 17 3 22	 => 106


===================[TEST 60]===================
Elapsed time: 3.000000 seconds
Total loop: 255 generations

Result (Solution) : 107.000000

6 8 28 29 21 15 1 25 20 4 18 30 5 17 7 12 26 16 23 19 14 3 2 24 27 13 9 10 22 11 

 6 8 28 29 21 15	 => 107
 28 1 25 20 4 29	 => 107
 21 29 4 18 30 5	 => 107
 25 17 7 12 26 20	 => 107
 4 20 26 16 23 18	 => 107
 30 18 23 19 14 3	 => 107
 26 12 2 24 27 16	 => 107
 23 16 27 13 9 19	 => 107
 27 24 10 22 11 13	 => 107


===================[TEST 61]===================
Elapsed time: 3.000000 seconds
Total loop: 333 generations

Result (Solution) : 108.000000

10 17 16 28 29 8 1 27 21 15 18 13 5 4 14 19 23 7 24 20 22 11 3 26 30 25 2 12 6 9 

 10 17 16 28 29 8	 => 108
 16 1 27 21 15 28	 => 108
 29 28 15 18 13 5	 => 108
 27 4 14 19 23 21	 => 108
 15 21 23 7 24 18	 => 108
 13 18 24 20 22 11	 => 108
 23 19 3 26 30 7	 => 108
 24 7 30 25 2 20	 => 108
 30 26 12 6 9 25	 => 108


===================[TEST 62]===================
Elapsed time: 4.000000 seconds
Total loop: 413 generations

Result (Solution) : 108.000000

15 4 20 25 30 14 6 29 18 10 22 16 5 3 11 26 21 9 28 23 7 12 1 24 27 19 2 8 13 17 

 15 4 20 25 30 14	 => 108
 20 6 29 18 10 25	 => 108
 30 25 10 22 16 5	 => 108
 29 3 11 26 21 18	 => 108
 10 18 21 9 28 22	 => 108
 16 22 28 23 7 12	 => 108
 21 26 1 24 27 9	 => 108
 28 9 27 19 2 23	 => 108
 27 24 8 13 17 19	 => 108


===================[TEST 63]===================
Elapsed time: 4.000000 seconds
Total loop: 427 generations

Result (Solution) : 108.000000

6 10 26 28 25 13 3 16 27 8 24 19 4 7 17 21 20 15 14 30 9 12 1 22 29 18 2 11 5 23 

 6 10 26 28 25 13	 => 108
 26 3 16 27 8 28	 => 108
 25 28 8 24 19 4	 => 108
 16 7 17 21 20 27	 => 108
 8 27 20 15 14 24	 => 108
 19 24 14 30 9 12	 => 108
 20 21 1 22 29 15	 => 108
 14 15 29 18 2 30	 => 108
 29 22 11 5 23 18	 => 108


===================[TEST 64]===================
Elapsed time: 5.000000 seconds
Total loop: 485 generations

Result (Solution) : 109.000000

8 5 25 29 27 15 4 20 19 12 21 17 3 14 11 23 22 7 28 24 9 10 1 26 30 18 2 16 6 13 

 8 5 25 29 27 15	 => 109
 25 4 20 19 12 29	 => 109
 27 29 12 21 17 3	 => 109
 20 14 11 23 22 19	 => 109
 12 19 22 7 28 21	 => 109
 17 21 28 24 9 10	 => 109
 22 23 1 26 30 7	 => 109
 28 7 30 18 2 24	 => 109
 30 26 16 6 13 18	 => 109


===================[TEST 65]===================
Elapsed time: 4.000000 seconds
Total loop: 476 generations

Result : 107.167563

11 9 27 30 19 12 1 17 26 8 18 28 6 16 4 22 24 10 23 20 7 13 3 21 29 25 2 15 14 5 

 11 9 27 30 19 12	 => 108
 27 1 17 26 8 30	 => 109
 19 30 8 18 28 6	 => 109
 17 16 4 22 24 26	 => 109
 8 26 24 10 23 18	 => 109
 28 18 23 20 7 13	 => 109
 24 22 3 21 29 10	 => 109
 23 10 29 25 2 20	 => 109
 29 21 15 14 5 25	 => 109

Best solution sum : 107.000000

10 8 27 30 19 13 1 16 29 4 17 28 9 14 3 23 22 11 24 21 2 15 5 20 26 18 7 12 25 6 

 10 8 27 30 19 13	 => 107
 27 1 16 29 4 30	 => 107
 19 30 4 17 28 9	 => 107
 16 14 3 23 22 29	 => 107
 4 29 22 11 24 17	 => 107
 28 17 24 21 2 15	 => 107
 22 23 5 20 26 11	 => 107
 24 11 26 18 7 21	 => 107
 26 20 12 25 6 18	 => 107


===================[TEST 66]===================
Elapsed time: 3.000000 seconds
Total loop: 245 generations

Result : 107.167563

11 9 26 29 19 15 2 20 21 10 22 24 5 4 13 28 23 8 25 18 6 14 3 17 30 27 1 7 12 16 

 11 9 26 29 19 15	 => 109
 26 2 20 21 10 29	 => 108
 19 29 10 22 24 5	 => 109
 20 4 13 28 23 21	 => 109
 10 21 23 8 25 22	 => 109
 24 22 25 18 6 14	 => 109
 23 28 3 17 30 8	 => 109
 25 8 30 27 1 18	 => 109
 30 17 7 12 16 27	 => 109


===================[TEST 67]===================
Elapsed time: 6.000000 seconds
Total loop: 593 generations

Result : 107.167563

15 8 27 30 20 9 4 26 16 6 29 22 2 13 11 18 25 14 19 21 5 12 1 23 28 24 3 7 17 10 

 15 8 27 30 20 9	 => 109
 27 4 26 16 6 30	 => 109
 20 30 6 29 22 2	 => 109
 26 13 11 18 25 16	 => 109
 6 16 25 14 19 29	 => 109
 22 29 19 21 5 12	 => 108
 25 18 1 23 28 14	 => 109
 19 14 28 24 3 21	 => 109
 28 23 7 17 10 24	 => 109

Best solution sum : 106.000000

1 16 20 28 30 11 3 22 29 4 19 23 2 6 9 15 25 8 21 26 5 12 7 27 24 10 17 13 18 14 

 1 16 20 28 30 11	 => 106
 20 3 22 29 4 28	 => 106
 30 28 4 19 23 2	 => 106
 22 6 9 15 25 29	 => 106
 4 29 25 8 21 19	 => 106
 23 19 21 26 5 12	 => 106
 25 15 7 27 24 8	 => 106
 21 8 24 10 17 26	 => 106
 24 27 13 18 14 10	 => 106


===================[TEST 68]===================
Elapsed time: 2.000000 seconds
Total loop: 281 generations

Result (Solution) : 108.000000

9 6 28 29 24 12 8 21 20 2 27 25 1 13 10 18 26 11 22 15 3 16 4 19 30 23 7 14 5 17 

 9 6 28 29 24 12	 => 108
 28 8 21 20 2 29	 => 108
 24 29 2 27 25 1	 => 108
 21 13 10 18 26 20	 => 108
 2 20 26 11 22 27	 => 108
 25 27 22 15 3 16	 => 108
 26 18 4 19 30 11	 => 108
 22 11 30 23 7 15	 => 108
 30 19 14 5 17 23	 => 108


===================[TEST 69]===================
Elapsed time: 3.000000 seconds
Total loop: 290 generations

Result : 107.167563

10 17 21 30 25 5 3 26 18 11 23 16 4 6 13 27 19 9 29 22 7 12 2 24 28 20 1 14 15 8 

 10 17 21 30 25 5	 => 108
 21 3 26 18 11 30	 => 109
 25 30 11 23 16 4	 => 109
 26 6 13 27 19 18	 => 109
 11 18 19 9 29 23	 => 109
 16 23 29 22 7 12	 => 109
 19 27 2 24 28 9	 => 109
 29 9 28 20 1 22	 => 109
 28 24 14 15 8 20	 => 109


===================[TEST 70]===================
Elapsed time: 3.000000 seconds
Total loop: 259 generations

Result : 106.167563

14 9 25 30 18 11 1 17 28 7 26 21 6 10 8 23 22 13 12 24 5 20 4 19 27 29 3 16 15 2 

 14 9 25 30 18 11	 => 107
 25 1 17 28 7 30	 => 108
 18 30 7 26 21 6	 => 108
 17 10 8 23 22 28	 => 108
 7 28 22 13 12 26	 => 108
 21 26 12 24 5 20	 => 108
 22 23 4 19 27 13	 => 108
 12 13 27 29 3 24	 => 108
 27 19 16 15 2 29	 => 108


===================[TEST 71]===================
Elapsed time: 5.000000 seconds
Total loop: 532 generations

Result (Solution) : 108.000000

4 19 24 26 20 15 3 23 18 14 13 30 5 7 11 22 27 8 28 16 9 12 1 21 29 25 2 17 6 10 

 4 19 24 26 20 15	 => 108
 24 3 23 18 14 26	 => 108
 20 26 14 13 30 5	 => 108
 23 7 11 22 27 18	 => 108
 14 18 27 8 28 13	 => 108
 30 13 28 16 9 12	 => 108
 27 22 1 21 29 8	 => 108
 28 8 29 25 2 16	 => 108
 29 21 17 6 10 25	 => 108


===================[TEST 72]===================
Elapsed time: 4.000000 seconds
Total loop: 399 generations

Result (Solution) : 108.000000

5 17 27 29 19 11 8 21 16 7 30 20 3 13 9 24 25 12 18 26 10 4 2 22 23 28 1 14 15 6 

 5 17 27 29 19 11	 => 108
 27 8 21 16 7 29	 => 108
 19 29 7 30 20 3	 => 108
 21 13 9 24 25 16	 => 108
 7 16 25 12 18 30	 => 108
 20 30 18 26 10 4	 => 108
 25 24 2 22 23 12	 => 108
 18 12 23 28 1 26	 => 108
 23 22 14 15 6 28	 => 108


===================[TEST 73]===================
Elapsed time: 4.000000 seconds
Total loop: 449 generations

Result : 107.167563

4 14 29 30 23 9 2 19 22 7 26 18 5 11 10 21 25 12 17 27 15 6 3 20 28 24 1 8 16 13 

 4 14 29 30 23 9	 => 109
 29 2 19 22 7 30	 => 109
 23 30 7 26 18 5	 => 109
 19 11 10 21 25 22	 => 108
 7 22 25 12 17 26	 => 109
 18 26 17 27 15 6	 => 109
 25 21 3 20 28 12	 => 109
 17 12 28 24 1 27	 => 109
 28 20 8 16 13 24	 => 109

Best solution sum : 107.000000
8 11 22 25 21 20 9 17 29 5 28 24 4 13 6 26 16 14 15 27 12 1 3 18 30 19 2 7 10 23 

 8 11 22 25 21 20	 => 107
 22 9 17 29 5 25	 => 107
 21 25 5 28 24 4	 => 107
 17 13 6 26 16 29	 => 107
 5 29 16 14 15 28	 => 107
 24 28 15 27 12 1	 => 107
 16 26 3 18 30 14	 => 107
 15 14 30 19 2 27	 => 107
 30 18 7 10 23 19	 => 107


===================[TEST 74]===================
Elapsed time: 6.000000 seconds
Total loop: 591 generations

Result (Solution) : 108.000000

16 4 24 30 21 13 2 25 20 7 23 26 1 11 15 19 18 12 28 17 5 9 3 27 29 14 8 22 10 6 

 16 4 24 30 21 13	 => 108
 24 2 25 20 7 30	 => 108
 21 30 7 23 26 1	 => 108
 25 11 15 19 18 20	 => 108
 7 20 18 12 28 23	 => 108
 26 23 28 17 5 9	 => 108
 18 19 3 27 29 12	 => 108
 28 12 29 14 8 17	 => 108
 29 27 22 10 6 14	 => 108


===================[TEST 75]===================
Elapsed time: 3.000000 seconds
Total loop: 293 generations

Result (Solution) : 108.000000

14 5 24 28 25 12 1 27 15 13 23 17 2 11 16 18 21 7 29 22 8 9 6 30 26 20 4 10 3 19 

 14 5 24 28 25 12	 => 108
 24 1 27 15 13 28	 => 108
 25 28 13 23 17 2	 => 108
 27 11 16 18 21 15	 => 108
 13 15 21 7 29 23	 => 108
 17 23 29 22 8 9	 => 108
 21 18 6 30 26 7	 => 108
 29 7 26 20 4 22	 => 108
 26 30 10 3 19 20	 => 108


===================[TEST 76]===================
Elapsed time: 3.000000 seconds
Total loop: 301 generations

Result (Solution) : 108.000000

18 9 14 29 16 22 5 26 19 15 20 27 1 8 11 21 23 6 25 17 12 7 4 24 30 28 2 10 13 3 

 18 9 14 29 16 22	 => 108
 14 5 26 19 15 29	 => 108
 16 29 15 20 27 1	 => 108
 26 8 11 21 23 19	 => 108
 15 19 23 6 25 20	 => 108
 27 20 25 17 12 7	 => 108
 23 21 4 24 30 6	 => 108
 25 6 30 28 2 17	 => 108
 30 24 10 13 3 28	 => 108


===================[TEST 77]===================
Elapsed time: 3.000000 seconds
Total loop: 306 generations

Result (Solution) : 108.000000

14 7 18 30 28 11 5 24 21 10 16 23 1 15 6 22 20 12 29 13 19 8 2 27 25 26 3 9 4 17 

 14 7 18 30 28 11	 => 108
 18 5 24 21 10 30	 => 108
 28 30 10 16 23 1	 => 108
 24 15 6 22 20 21	 => 108
 10 21 20 12 29 16	 => 108
 23 16 29 13 19 8	 => 108
 20 22 2 27 25 12	 => 108
 29 12 25 26 3 13	 => 108
 25 27 9 4 17 26	 => 108


===================[TEST 78]===================
Elapsed time: 3.000000 seconds
Total loop: 367 generations

Result : 106.389785

24 8 16 30 21 9 6 20 29 7 22 27 2 4 13 25 17 14 19 18 10 12 1 23 28 26 3 5 11 15 

 24 8 16 30 21 9	 => 108
 16 6 20 29 7 30	 => 108
 21 30 7 22 27 2	 => 109
 20 4 13 25 17 29	 => 108
 7 29 17 14 19 22	 => 108
 27 22 19 18 10 12	 => 108
 17 25 1 23 28 14	 => 108
 19 14 28 26 3 18	 => 108
 28 23 5 11 15 26	 => 108


===================[TEST 79]===================
Elapsed time: 4.000000 seconds
Total loop: 354 generations

Result (Solution) : 108.000000

9 15 28 25 27 4 7 20 26 2 29 19 6 10 13 23 16 14 21 22 5 12 1 24 30 18 3 11 8 17 

 9 15 28 25 27 4	 => 108
 28 7 20 26 2 25	 => 108
 27 25 2 29 19 6	 => 108
 20 10 13 23 16 26	 => 108
 2 26 16 14 21 29	 => 108
 19 29 21 22 5 12	 => 108
 16 23 1 24 30 14	 => 108
 21 14 30 18 3 22	 => 108
 30 24 11 8 17 18	 => 108


===================[TEST 80]===================
Elapsed time: 4.000000 seconds
Total loop: 426 generations

Result (Solution) : 108.000000

10 9 22 25 28 14 1 21 24 15 17 20 3 18 8 11 26 7 19 27 12 13 5 29 30 23 2 16 4 6 

 10 9 22 25 28 14	 => 108
 22 1 21 24 15 25	 => 108
 28 25 15 17 20 3	 => 108
 21 18 8 11 26 24	 => 108
 15 24 26 7 19 17	 => 108
 20 17 19 27 12 13	 => 108
 26 11 5 29 30 7	 => 108
 19 7 30 23 2 27	 => 108
 30 29 16 4 6 23	 => 108


===================[TEST 81]===================
Elapsed time: 2.000000 seconds
Total loop: 242 generations

Result (Solution) : 108.000000

19 8 17 28 24 12 11 21 25 6 26 23 1 10 14 16 22 9 20 29 7 3 4 27 30 18 2 15 5 13 

 19 8 17 28 24 12	 => 108
 17 11 21 25 6 28	 => 108
 24 28 6 26 23 1	 => 108
 21 10 14 16 22 25	 => 108
 6 25 22 9 20 26	 => 108
 23 26 20 29 7 3	 => 108
 22 16 4 27 30 9	 => 108
 20 9 30 18 2 29	 => 108
 30 27 15 5 13 18	 => 108


===================[TEST 82]===================
Elapsed time: 4.000000 seconds
Total loop: 325 generations

Result : 106.500678

11 4 26 29 23 16 2 19 21 12 25 17 3 10 6 24 28 5 18 22 13 14 1 20 30 27 7 9 15 8 

 11 4 26 29 23 16	 => 109
 26 2 19 21 12 29	 => 109
 23 29 12 25 17 3	 => 109
 19 10 6 24 28 21	 => 108
 12 21 28 5 18 25	 => 109
 17 25 18 22 13 14	 => 109
 28 24 1 20 30 5	 => 108
 18 5 30 27 7 22	 => 109
 30 20 9 15 8 27	 => 109


===================[TEST 83]===================
Elapsed time: 3.000000 seconds
Total loop: 349 generations

Result : 107.167563

13 15 17 28 25 11 2 21 27 14 19 22 1 8 7 26 20 5 24 29 9 6 4 23 30 18 3 12 10 16 

 13 15 17 28 25 11	 => 109
 17 2 21 27 14 28	 => 109
 25 28 14 19 22 1	 => 109
 21 8 7 26 20 27	 => 109
 14 27 20 5 24 19	 => 109
 22 19 24 29 9 6	 => 109
 20 26 4 23 30 5	 => 108
 24 5 30 18 3 29	 => 109
 30 23 12 10 16 18	 => 109


===================[TEST 84]===================
Elapsed time: 4.000000 seconds
Total loop: 359 generations

Result (Solution) : 108.000000

15 4 28 30 24 7 2 14 23 11 18 19 6 16 13 25 17 10 29 21 9 12 3 26 27 20 1 22 8 5 

 15 4 28 30 24 7	 => 108
 28 2 14 23 11 30	 => 108
 24 30 11 18 19 6	 => 108
 14 16 13 25 17 23	 => 108
 11 23 17 10 29 18	 => 108
 19 18 29 21 9 12	 => 108
 17 25 3 26 27 10	 => 108
 29 10 27 20 1 21	 => 108
 27 26 22 8 5 20	 => 108


===================[TEST 85]===================
Elapsed time: 4.000000 seconds
Total loop: 495 generations

Result (Solution) : 108.000000

12 13 20 30 17 16 8 18 22 10 19 23 9 7 11 24 26 2 29 27 4 6 3 25 28 21 1 14 5 15 

 12 13 20 30 17 16	 => 108
 20 8 18 22 10 30	 => 108
 17 30 10 19 23 9	 => 108
 18 7 11 24 26 22	 => 108
 10 22 26 2 29 19	 => 108
 23 19 29 27 4 6	 => 108
 26 24 3 25 28 2	 => 108
 29 2 28 21 1 27	 => 108
 28 25 14 5 15 21	 => 108


===================[TEST 86]===================
Elapsed time: 5.000000 seconds
Total loop: 454 generations

Result (Solution) : 108.000000

9 10 18 30 29 12 8 25 23 4 26 17 2 11 6 19 24 15 16 28 7 14 3 20 27 21 1 5 13 22 

 9 10 18 30 29 12	 => 108
 18 8 25 23 4 30	 => 108
 29 30 4 26 17 2	 => 108
 25 11 6 19 24 23	 => 108
 4 23 24 15 16 26	 => 108
 17 26 16 28 7 14	 => 108
 24 19 3 20 27 15	 => 108
 16 15 27 21 1 28	 => 108
 27 20 5 13 22 21	 => 108


===================[TEST 87]===================
Elapsed time: 3.000000 seconds
Total loop: 352 generations

Result : 106.167563

12 17 19 24 22 14 4 20 28 13 21 23 5 6 1 27 25 3 18 26 9 11 7 16 30 29 2 8 15 10 

 12 17 19 24 22 14	 => 108
 19 4 20 28 13 24	 => 108
 22 24 13 21 23 5	 => 108
 20 6 1 27 25 28	 => 107
 13 28 25 3 18 21	 => 108
 23 21 18 26 9 11	 => 108
 25 27 7 16 30 3	 => 108
 18 3 30 29 2 26	 => 108
 30 16 8 15 10 29	 => 108

Best solution sum : 106.000000

15 9 20 29 23 10 1 26 22 8 19 11 16 18 2 14 24 6 27 28 4 17 7 25 30 12 3 5 13 21 

 15 9 20 29 23 10	 => 106
 20 1 26 22 8 29	 => 106
 23 29 8 19 11 16	 => 106
 26 18 2 14 24 22	 => 106
 8 22 24 6 27 19	 => 106
 11 19 27 28 4 17	 => 106
 24 14 7 25 30 6	 => 106
 27 6 30 12 3 28	 => 106
 30 25 5 13 21 12	 => 106


===================[TEST 88]===================
Elapsed time: 5.000000 seconds
Total loop: 500 generations

Result : 106.389785

12 9 26 29 28 4 6 17 25 5 18 20 8 13 2 24 27 10 23 21 15 11 1 16 30 22 3 7 19 14 

 12 9 26 29 28 4	 => 108
 26 6 17 25 5 29	 => 108
 28 29 5 18 20 8	 => 108
 17 13 2 24 27 25	 => 108
 5 25 27 10 23 18	 => 108
 20 18 23 21 15 11	 => 108
 27 24 1 16 30 10	 => 108
 23 10 30 22 3 21	 => 109
 30 16 7 19 14 22	 => 108


===================[TEST 89]===================
Elapsed time: 5.000000 seconds
Total loop: 533 generations

Result (Solution) : 106.000000

15 20 13 29 17 12 7 27 22 8 26 21 5 14 10 24 9 18 23 6 19 11 2 25 28 30 1 16 4 3 

 15 20 13 29 17 12	 => 106
 13 7 27 22 8 29	 => 106
 17 29 8 26 21 5	 => 106
 27 14 10 24 9 22	 => 106
 8 22 9 18 23 26	 => 106
 21 26 23 6 19 11	 => 106
 9 24 2 25 28 18	 => 106
 23 18 28 30 1 6	 => 106
 28 25 16 4 3 30	 => 106


===================[TEST 90]===================
Elapsed time: 2.000000 seconds
Total loop: 233 generations

Result (Solution) : 108.000000

13 12 28 27 25 3 7 17 20 9 22 23 2 15 5 30 21 10 26 18 8 11 4 14 29 24 1 6 16 19 

 13 12 28 27 25 3	 => 108
 28 7 17 20 9 27	 => 108
 25 27 9 22 23 2	 => 108
 17 15 5 30 21 20	 => 108
 9 20 21 10 26 22	 => 108
 23 22 26 18 8 11	 => 108
 21 30 4 14 29 10	 => 108
 26 10 29 24 1 18	 => 108
 29 14 6 16 19 24	 => 108


===================[TEST 91]===================
Elapsed time: 4.000000 seconds
Total loop: 360 generations

Result (Solution) : 108.000000

3 12 21 30 27 15 5 18 28 6 26 17 2 4 14 24 20 9 19 22 13 11 1 29 25 23 10 7 16 8 

 3 12 21 30 27 15	 => 108
 21 5 18 28 6 30	 => 108
 27 30 6 26 17 2	 => 108
 18 4 14 24 20 28	 => 108
 6 28 20 9 19 26	 => 108
 17 26 19 22 13 11	 => 108
 20 24 1 29 25 9	 => 108
 19 9 25 23 10 22	 => 108
 25 29 7 16 8 23	 => 108


===================[TEST 92]===================
Elapsed time: 3.000000 seconds
Total loop: 326 generations

Result : 106.389785

17 13 18 27 26 7 6 25 22 10 15 28 2 3 14 21 23 9 29 16 8 12 5 20 30 24 1 4 11 19 

 17 13 18 27 26 7	 => 108
 18 6 25 22 10 27	 => 108
 26 27 10 15 28 2	 => 108
 25 3 14 21 23 22	 => 108
 10 22 23 9 29 15	 => 108
 28 15 29 16 8 12	 => 108
 23 21 5 20 30 9	 => 108
 29 9 30 24 1 16	 => 109
 30 20 4 11 19 24	 => 108


===================[TEST 93]===================
Elapsed time: 4.000000 seconds
Total loop: 337 generations

Result (Solution) : 108.000000

13 19 26 29 12 9 1 15 21 16 17 30 4 8 18 22 24 7 23 27 6 5 2 25 28 20 3 14 11 10 

 13 19 26 29 12 9	 => 108
 26 1 15 21 16 29	 => 108
 12 29 16 17 30 4	 => 108
 15 8 18 22 24 21	 => 108
 16 21 24 7 23 17	 => 108
 30 17 23 27 6 5	 => 108
 24 22 2 25 28 7	 => 108
 23 7 28 20 3 27	 => 108
 28 25 14 11 10 20	 => 108


===================[TEST 94]===================
Elapsed time: 3.000000 seconds
Total loop: 360 generations

Result (Solution) : 108.000000

8 11 24 29 27 9 4 19 20 12 18 21 1 5 22 16 26 7 25 28 14 2 6 23 30 15 3 13 10 17 

 8 11 24 29 27 9	 => 108
 24 4 19 20 12 29	 => 108
 27 29 12 18 21 1	 => 108
 19 5 22 16 26 20	 => 108
 12 20 26 7 25 18	 => 108
 21 18 25 28 14 2	 => 108
 26 16 6 23 30 7	 => 108
 25 7 30 15 3 28	 => 108
 30 23 13 10 17 15	 => 108


===================[TEST 95]===================
Elapsed time: 2.000000 seconds
Total loop: 237 generations

Result : 106.389785

12 21 16 29 26 4 2 24 27 10 15 22 6 7 11 20 19 9 28 23 17 3 5 25 30 18 1 8 13 14 

 12 21 16 29 26 4	 => 108
 16 2 24 27 10 29	 => 108
 26 29 10 15 22 6	 => 108
 24 7 11 20 19 27	 => 108
 10 27 19 9 28 15	 => 108
 22 15 28 23 17 3	 => 108
 19 20 5 25 30 9	 => 108
 28 9 30 18 1 23	 => 109
 30 25 8 13 14 18	 => 108


===================[TEST 96]===================
Elapsed time: 4.000000 seconds
Total loop: 385 generations

Result (Solution) : 108.000000

14 8 22 25 29 10 7 23 19 12 24 17 1 2 11 27 26 6 21 28 13 5 4 15 30 20 3 18 9 16 

 14 8 22 25 29 10	 => 108
 22 7 23 19 12 25	 => 108
 29 25 12 24 17 1	 => 108
 23 2 11 27 26 19	 => 108
 12 19 26 6 21 24	 => 108
 17 24 21 28 13 5	 => 108
 26 27 4 15 30 6	 => 108
 21 6 30 20 3 28	 => 108
 30 15 18 9 16 20	 => 108


===================[TEST 97]===================
Elapsed time: 6.000000 seconds
Total loop: 614 generations

Result : 106.389785

13 6 25 30 27 8 5 21 17 10 26 14 1 15 9 22 24 11 20 28 16 4 3 19 29 18 2 7 12 23 

 13 6 25 30 27 8	 => 109
 25 5 21 17 10 30	 => 108
 27 30 10 26 14 1	 => 108
 21 15 9 22 24 17	 => 108
 10 17 24 11 20 26	 => 108
 14 26 20 28 16 4	 => 108
 24 22 3 19 29 11	 => 108
 20 11 29 18 2 28	 => 108
 29 19 7 12 23 18	 => 108

Best solution sum : 106.000000

10 15 23 30 21 7 3 28 16 6 25 13 11 12 5 18 27 8 24 17 1 26 4 20 29 19 9 2 22 14 

 10 15 23 30 21 7	 => 106
 23 3 28 16 6 30	 => 106
 21 30 6 25 13 11	 => 106
 28 12 5 18 27 16	 => 106
 6 16 27 8 24 25	 => 106
 13 25 24 17 1 26	 => 106
 27 18 4 20 29 8	 => 106
 24 8 29 19 9 17	 => 106
 29 20 2 22 14 19	 => 106


===================[TEST 98]===================
Elapsed time: 7.000000 seconds
Total loop: 687 generations

Result (Solution) : 108.000000

17 8 16 30 23 14 5 20 26 11 15 27 2 6 19 13 24 10 22 25 12 7 4 28 29 21 1 18 3 9 

 17 8 16 30 23 14	 => 108
 16 5 20 26 11 30	 => 108
 23 30 11 15 27 2	 => 108
 20 6 19 13 24 26	 => 108
 11 26 24 10 22 15	 => 108
 27 15 22 25 12 7	 => 108
 24 13 4 28 29 10	 => 108
 22 10 29 21 1 25	 => 108
 29 28 18 3 9 21	 => 108


===================[TEST 99]===================
Elapsed time: 6.000000 seconds
Total loop: 614 generations

Result (Solution) : 109.000000

13 5 20 29 27 15 3 21 28 8 19 24 2 12 6 25 17 11 26 23 10 7 4 22 30 18 1 9 14 16 

 13 5 20 29 27 15	 => 109
 20 3 21 28 8 29	 => 109
 27 29 8 19 24 2	 => 109
 21 12 6 25 17 28	 => 109
 8 28 17 11 26 19	 => 109
 24 19 26 23 10 7	 => 109
 17 25 4 22 30 11	 => 109
 26 11 30 18 1 23	 => 109
 30 22 9 14 16 18	 => 109


===================[TEST 100]===================
Elapsed time: 3.000000 seconds
Total loop: 362 generations

Result (Solution) : 108.000000

8 6 23 30 28 13 7 25 21 2 24 19 5 9 10 17 26 15 20 29 12 4 1 22 27 14 3 11 18 16 

 8 6 23 30 28 13	 => 108
 23 7 25 21 2 30	 => 108
 28 30 2 24 19 5	 => 108
 25 9 10 17 26 21	 => 108
 2 21 26 15 20 24	 => 108
 19 24 20 29 12 4	 => 108
 26 17 1 22 27 15	 => 108
 20 15 27 14 3 29	 => 108
 27 22 11 18 16 14	 => 108



test#	fitness		sum		time
---------------------------------------------------
1	109.000000	109	3.000000
2	106.389785	106	2.000000
3	108.000000	108	4.000000
4	108.000000	108	3.000000
5	108.000000	108	3.000000
6	109.000000	109	4.000000
7	108.000000	108	6.000000
8	108.000000	108	3.000000
9	109.000000	109	4.000000
10	109.000000	109	2.000000
11	107.000000	107	2.000000
12	108.000000	108	3.000000
13	106.084678	106	4.000000
14	106.389785	106	4.000000
15	106.500678	106	3.000000
16	108.000000	108	4.000000
17	108.000000	108	4.000000
18	107.167563			5.000000
19	108.000000	108	4.000000
20	109.000000	109	6.000000
21	106.389785			3.000000
22	108.000000	108	4.000000
23	107.000000	107	3.000000
24	106.389785			3.000000
25	107.167563	107	5.000000
26	106.389785			5.000000
27	109.000000	109	10.000000
28	107.000000	107	5.000000
29	106.084678			2.000000
30	108.000000	108	5.000000
31	107.000000	107	3.000000
32	107.000000	107	3.000000
33	108.000000	108	3.000000
34	108.000000	108	4.000000
35	108.000000	108	5.000000
36	108.000000	108	5.000000
37	106.500678			4.000000
38	107.000000	107	4.000000
39	108.000000	108	3.000000
40	106.500678			5.000000
41	109.000000	109	4.000000
42	108.000000	108	3.000000
43	108.000000	108	5.000000
44	106.500678			3.000000
45	106.389785			2.000000
46	108.000000	108	5.000000
47	108.000000	108	3.000000
48	108.000000	108	4.000000
49	103.945122			1.000000
50	109.000000	109	5.000000
51	108.000000	108	4.000000
52	109.000000	109	4.000000
53	108.000000	108	5.000000
54	106.084678			4.000000
55	108.000000	108	4.000000
56	108.000000	108	5.000000
57	106.167563	106	6.000000
58	109.000000	109	4.000000
59	106.000000	106	6.000000
60	107.000000	107	3.000000
61	108.000000	108	3.000000
62	108.000000	108	4.000000
63	108.000000	108	4.000000
64	109.000000	109	5.000000
65	107.167563	107	4.000000
66	107.167563	107	3.000000
67	107.167563	106	6.000000
68	108.000000	108	2.000000
69	107.167563			3.000000
70	106.167563			3.000000
71	108.000000	108	5.000000
72	108.000000	108	4.000000
73	107.167563	107	4.000000
74	108.000000	108	6.000000
75	108.000000	108	3.000000
76	108.000000	108	3.000000
77	108.000000	108	3.000000
78	106.389785			3.000000
79	108.000000	108	4.000000
80	108.000000	108	4.000000
81	108.000000	108	2.000000
82	106.500678			4.000000
83	107.167563			3.000000
84	108.000000	108	4.000000
85	108.000000	108	4.000000
86	108.000000	108	5.000000
87	106.167563	106	3.000000
88	106.389785	106	5.000000
89	106.000000	106	5.000000
90	108.000000	108	2.000000
91	108.000000	108	4.000000
92	106.389785			3.000000
93	108.000000	108	4.000000
94	108.000000	108	3.000000
95	106.389785			2.000000
96	108.000000	108	4.000000
97	106.389785	106	6.000000
98	108.000000	108	7.000000
99	109.000000	109	6.000000
100	108.000000	108	3.000000


---------------------------------------------------
Best fitness      : 109.000000 ( test# 1)
Best solution sum : 109 ( test# 1)
Shortest time     : 1.000000 ( test# 49)

Average fitness   : 107.538334
Average sol. sum  : 107.743902
Average time      : 3.920000
