****************** GA TEST *******************

total test#:			 10
hexa min width:			 3
hexa max width:			 5
hexa count:			 19
number count:			 54
population size:		 20
generation size:		 6

tournament winner p:		 1
xover uniform p:		 0.697
do mutation1 p:			 0.1
mutation1 p:			 0.05
do optimize p:			 1
local optimize count:		 6000
do deep better optimize p:	 1
do deep worse optimize p:	 0
do spin p:			 0
spin count:			 1000
do spin apply p:		 1
do mutation2 p:			 0.12
mutation2 p:			 0.08
force mutation2:		 0
replace bad p:			 0.195

converge rate p:		 0.99
converge count:			 1

**********************************************


===================[TEST 1]===================

##### START ##### Wed May 14 00:10:25 2003



##### CONVERGE ##### Wed May 14 00:10:30 2003

Elapsed time: 5 seconds
Total loop: 73 generations

Result : 185.9

5 17 32 52 30 53 1 22 46 38 18 35 40 12 9 44 39 13 24 49 21 16 54 42 2 3 11 43 50 29 34 36 25 26 48 27 4 14 7 37 23 47 20 31 51 28 10 8 33 41 6 45 19 15 

 5 17 32 52 30 53	 => 189
 1 53 30 22 46 38	 => 190
 18 38 46 35 40 12	 => 189
 32 9 44 39 13 52	 => 189
 30 52 13 24 49 22	 => 190
 46 22 49 21 16 35	 => 189
 40 35 16 54 42 2	 => 189
 44 3 11 43 50 39	 => 190
 13 39 50 29 34 24	 => 189
 49 24 34 36 25 21	 => 189
 16 21 25 26 48 54	 => 190
 42 54 48 27 4 14	 => 189
 50 43 7 37 23 29	 => 189
 34 29 23 47 20 36	 => 189
 25 36 20 31 51 26	 => 189
 48 26 51 28 10 27	 => 190
 23 37 8 33 41 47	 => 189
 20 47 41 6 45 31	 => 190
 51 31 45 19 15 28	 => 189


===================[TEST 2]===================

##### START ##### Wed May 14 00:10:30 2003



##### CONVERGE ##### Wed May 14 00:10:40 2003

Elapsed time: 10 seconds
Total loop: 75 generations

Result : 183.017

5 16 32 43 47 45 2 15 34 46 6 49 23 30 20 22 52 19 39 25 31 35 37 42 3 12 8 41 53 9 17 54 21 13 51 40 7 10 24 28 33 50 26 38 36 44 4 11 18 48 1 27 29 14 

 5 16 32 43 47 45	 => 188
 2 45 47 15 34 46	 => 189
 6 46 34 49 23 30	 => 188
 32 20 22 52 19 43	 => 188
 47 43 19 39 25 15	 => 188
 34 15 25 31 35 49	 => 189
 23 49 35 37 42 3	 => 189
 22 12 8 41 53 52	 => 188
 19 52 53 9 17 39	 => 189
 25 39 17 54 21 31	 => 187
 35 31 21 13 51 37	 => 188
 42 37 51 40 7 10	 => 187
 53 41 24 28 33 9	 => 188
 17 9 33 50 26 54	 => 189
 21 54 26 38 36 13	 => 188
 51 13 36 44 4 40	 => 188
 33 28 11 18 48 50	 => 188
 26 50 48 1 27 38	 => 190
 36 38 27 29 14 44	 => 188


===================[TEST 3]===================

##### START ##### Wed May 14 00:10:40 2003



##### CONVERGE ##### Wed May 14 00:10:45 2003

Elapsed time: 5 seconds
Total loop: 81 generations

Result : 182.215

3 36 8 49 43 46 4 1 52 39 22 42 13 17 18 31 45 34 37 21 29 40 27 53 10 7 14 50 38 6 26 32 41 15 33 48 5 19 2 35 54 44 23 28 47 30 12 25 11 16 24 51 9 20 

 3 36 8 49 43 46	 => 185
 4 46 43 1 52 39	 => 185
 22 39 52 42 13 17	 => 185
 8 18 31 45 34 49	 => 185
 43 49 34 37 21 1	 => 185
 52 1 21 29 40 42	 => 185
 13 42 40 27 53 10	 => 185
 31 7 14 50 38 45	 => 185
 34 45 38 6 26 37	 => 186
 21 37 26 32 41 29	 => 186
 40 29 41 15 33 27	 => 185
 53 27 33 48 5 19	 => 185
 38 50 2 35 54 6	 => 185
 26 6 54 44 23 32	 => 185
 41 32 23 28 47 15	 => 186
 33 15 47 30 12 48	 => 185
 54 35 25 11 16 44	 => 185
 23 44 16 24 51 28	 => 186
 47 28 51 9 20 30	 => 185


===================[TEST 4]===================

##### START ##### Wed May 14 00:10:45 2003


