****************** GA TEST *******************

total test#:			 5
hexa min width:			 3
hexa max width:			 6
hexa count:			 30
number count:			 80
population size:		 100
generation size:		 30

tournament winner p:		 0.8
do xover p:			 0.5
xover:	uniform		0.7
do mutation1 p:			 0.5
mutation1 p:			 0.1
do optimize p:			 0.9
local optimize count:		 8000
do deep better optimize p:	 0.9
do deep worse optimize p:	 0.1
do spin p:			 0.1
spin count:			 1000
do spin apply p:		 0.8
do mutation2 p:			 0.5
mutation2 p:			 0.1
force mutation2:		 0
replace bad p:			 0.2

converge rate p:		 0.99
converge count:			 1

**********************************************


===================[TEST 1]===================

##### START ##### Tue May 20 18:59:48 2003



##### CONVERGE ##### Tue May 20 19:08:13 2003

Elapsed time: 505 seconds
Total loop: 747 generations

Result : 244.542

6 79 56 25 59 28 47 37 14 69 9 60 66 34 64 4 74 30 24 77 22 44 53 1 29 67 3 43 62 35 27 65 38 21 73 5 51 71 68 26 58 55 19 39 70 17 41 72 36 46 50 80 20 23 52 45 32 49 42 33 12 57 63 2 15 48 61 54 13 76 78 31 11 7 8 75 16 18 40 10 

 6 79 56 25 59 28	 => 253
 47 28 59 37 14 69	 => 254
 9 69 14 60 66 34	 => 252
 56 64 4 74 30 25	 => 253
 59 25 30 24 77 37	 => 252
 14 37 77 22 44 60	 => 254
 66 60 44 53 1 29	 => 253
 4 67 3 43 62 74	 => 253
 30 74 62 35 27 24	 => 252
 77 24 27 65 38 22	 => 253
 44 22 38 21 73 53	 => 251
 1 53 73 5 51 71	 => 254
 3 68 26 58 55 43	 => 253
 62 43 55 19 39 35	 => 253
 27 35 39 70 17 65	 => 253
 38 65 17 41 72 21	 => 254
 73 21 72 36 46 5	 => 253
 51 5 46 50 80 20	 => 252
 55 58 23 52 45 19	 => 252
 39 19 45 32 49 70	 => 254
 17 70 49 42 33 41	 => 252
 72 41 33 12 57 36	 => 251
 46 36 57 63 2 50	 => 254
 45 52 15 48 61 32	 => 253
 49 32 61 54 13 42	 => 251
 33 42 13 76 78 12	 => 254
 57 12 78 31 11 63	 => 252
 61 48 7 8 75 54	 => 253
 13 54 75 16 18 76	 => 252
 78 76 18 40 10 31	 => 253


===================[TEST 2]===================

##### START ##### Tue May 20 19:08:13 2003



##### CONVERGE ##### Tue May 20 19:13:06 2003

Elapsed time: 293 seconds
Total loop: 435 generations

Result : 227.708

58 27 40 41 28 46 77 14 23 52 34 71 2 57 4 11 78 67 26 64 21 49 22 54 42 59 24 51 16 37 18 45 65 8 73 25 38 29 47 31 68 19 36 80 3 56 5 62 43 30 44 33 69 6 79 32 35 55 70 53 61 13 74 39 63 12 17 60 1 50 7 76 9 75 10 66 48 15 20 72 

 58 27 40 41 28 46	 => 240
 77 46 28 14 23 52	 => 240
 34 52 23 71 2 57	 => 239
 40 4 11 78 67 41	 => 241
 28 41 67 26 64 14	 => 240
 23 14 64 21 49 71	 => 242
 2 71 49 22 54 42	 => 240
 11 59 24 51 16 78	 => 239
 67 78 16 37 18 26	 => 242
 64 26 18 45 65 21	 => 239
 49 21 65 8 73 22	 => 238
 54 22 73 25 38 29	 => 241
 24 47 31 68 19 51	 => 240
 16 51 19 36 80 37	 => 239
 18 37 80 3 56 45	 => 239
 65 45 56 5 62 8	 => 241
 73 8 62 43 30 25	 => 241
 38 25 30 44 33 69	 => 239
 19 68 6 79 32 36	 => 240
 80 36 32 35 55 3	 => 241
 56 3 55 70 53 5	 => 242
 62 5 53 61 13 43	 => 237
 30 43 13 74 39 44	 => 243
 32 79 63 12 17 35	 => 238
 55 35 17 60 1 70	 => 238
 53 70 1 50 7 61	 => 242
 13 61 7 76 9 74	 => 240
 17 12 75 10 66 60	 => 240
 1 60 66 48 15 50	 => 240
 7 50 15 20 72 76	 => 240


===================[TEST 3]===================

##### START ##### Tue May 20 19:13:06 2003



##### CONVERGE ##### Tue May 20 19:21:08 2003

Elapsed time: 482 seconds
Total loop: 713 generations

Result : 238.403

47 74 13 15 55 43 54 3 56 35 22 77 23 34 42 31 67 78 50 45 40 26 71 1 48 60 18 64 6 20 25 76 8 65 36 61 28 49 21 70 7 66 62 29 37 59 30 11 58 14 12 80 52 16 32 63 2 53 9 57 46 44 51 68 5 75 69 41 72 24 39 27 38 33 10 19 17 73 79 4 

 47 74 13 15 55 43	 => 247
 54 43 55 3 56 35	 => 246
 22 35 56 77 23 34	 => 247
 13 42 31 67 78 15	 => 246
 55 15 78 50 45 3	 => 246
 56 3 45 40 26 77	 => 247
 23 77 26 71 1 48	 => 246
 31 60 18 64 6 67	 => 246
 78 67 6 20 25 50	 => 246
 45 50 25 76 8 40	 => 244
 26 40 8 65 36 71	 => 246
 1 71 36 61 28 49	 => 246
 18 21 70 7 66 64	 => 246
 6 64 66 62 29 20	 => 247
 25 20 29 37 59 76	 => 246
 8 76 59 30 11 65	 => 249
 36 65 11 58 14 61	 => 245
 28 61 14 12 80 52	 => 247
 66 7 16 32 63 62	 => 246
 29 62 63 2 53 37	 => 246
 59 37 53 9 57 30	 => 245
 11 30 57 46 44 58	 => 246
 14 58 44 51 68 12	 => 247
 63 32 5 75 69 2	 => 246
 53 2 69 41 72 9	 => 246
 57 9 72 24 39 46	 => 247
 44 46 39 27 38 51	 => 245
 69 75 33 10 19 41	 => 247
 72 41 19 17 73 24	 => 246
 39 24 73 79 4 27	 => 246


===================[TEST 4]===================

##### START ##### Tue May 20 19:21:08 2003



##### CONVERGE ##### Tue May 20 19:30:36 2003

Elapsed time: 568 seconds
Total loop: 839 generations

Result : 251.889

8 47 79 16 74 36 9 38 32 71 28 68 59 1 26 10 75 54 20 56 46 21 62 37 12 52 22 51 49 29 33 34 70 35 25 23 66 48 77 3 40 67 24 39 80 43 14 65 57 55 73 31 11 13 61 53 6 58 45 18 42 63 4 7 44 78 17 69 64 30 60 76 15 5 41 50 27 19 2 72 

 8 47 79 16 74 36	 => 260
 9 36 74 38 32 71	 => 260
 28 71 32 68 59 1	 => 259
 79 26 10 75 54 16	 => 260
 74 16 54 20 56 38	 => 258
 32 38 56 46 21 68	 => 261
 59 68 21 62 37 12	 => 259
 10 52 22 51 49 75	 => 259
 54 75 49 29 33 20	 => 260
 56 20 33 34 70 46	 => 259
 21 46 70 35 25 62	 => 259
 37 62 25 23 66 48	 => 261
 22 77 3 40 67 51	 => 260
 49 51 67 24 39 29	 => 259
 33 29 39 80 43 34	 => 258
 70 34 43 14 65 35	 => 261
 25 35 65 57 55 23	 => 260
 66 23 55 73 31 11	 => 259
 67 40 13 61 53 24	 => 258
 39 24 53 6 58 80	 => 260
 43 80 58 45 18 14	 => 258
 65 14 18 42 63 57	 => 259
 55 57 63 4 7 73	 => 259
 53 61 44 78 17 6	 => 259
 58 6 17 69 64 45	 => 259
 18 45 64 30 60 42	 => 259
 63 42 60 76 15 4	 => 260
 17 78 5 41 50 69	 => 260
 64 69 50 27 19 30	 => 259
 60 30 19 2 72 76	 => 259


===================[TEST 5]===================

##### START ##### Tue May 20 19:30:36 2003



##### CONVERGE ##### Tue May 20 19:38:28 2003

Elapsed time: 472 seconds
Total loop: 699 generations

Result : 247.569

1 8 76 18 77 72 2 48 45 9 75 23 43 57 14 49 80 15 27 68 4 65 44 58 19 7 25 70 21 32 78 22 54 60 26 20 71 34 74 3 24 56 64 10 52 59 5 51 67 29 31 33 69 30 63 16 73 37 62 38 13 79 41 6 39 50 12 28 40 46 53 55 11 66 36 61 42 35 17 47 

 1 8 76 18 77 72	 => 252
 2 72 77 48 45 9	 => 253
 75 9 45 23 43 57	 => 252
 76 14 49 80 15 18	 => 252
 77 18 15 27 68 48	 => 253
 45 48 68 4 65 23	 => 253
 43 23 65 44 58 19	 => 252
 49 7 25 70 21 80	 => 252
 15 80 21 32 78 27	 => 253
 68 27 78 22 54 4	 => 253
 65 4 54 60 26 44	 => 253
 58 44 26 20 71 34	 => 253
 25 74 3 24 56 70	 => 252
 21 70 56 64 10 32	 => 253
 78 32 10 52 59 22	 => 253
 54 22 59 5 51 60	 => 251
 26 60 51 67 29 20	 => 253
 71 20 29 31 33 69	 => 253
 56 24 30 63 16 64	 => 253
 10 64 16 73 37 52	 => 252
 59 52 37 62 38 5	 => 253
 51 5 38 13 79 67	 => 253
 29 67 79 41 6 31	 => 253
 16 63 39 50 12 73	 => 253
 37 73 12 28 40 62	 => 252
 38 62 40 46 53 13	 => 252
 79 13 53 55 11 41	 => 252
 12 50 66 36 61 28	 => 253
 40 28 61 42 35 46	 => 252
 53 46 35 17 47 55	 => 253



test#	fitness		sum		time
---------------------------------------------------
1	244.542				505
2	227.708				293
3	238.403				482
4	251.889				568
5	247.569				472


---------------------------------------------------
Best fitness      : 251.889 ( test# 4)
Shortest time     : 293 ( test# 2)

Average fitness   : 242.022
Average time      : 464
