****************** GA TEST *******************

total test#:			 5
hexa min width:			 3
hexa max width:			 6
hexa count:			 30
number count:			 80
population size:		 120
generation size:		 30

tournament winner p:		 0.8
do xover p:			 0.5
xover:	uniform		0.7
do mutation1 p:			 0.5
mutation1 p:			 0.1
do optimize p:			 0.9
local optimize count:		 8000
do deep better optimize p:	 0.9
do deep worse optimize p:	 0.1
do spin p:			 0.1
spin count:			 1000
do spin apply p:		 0.8
do mutation2 p:			 0.5
mutation2 p:			 0.1
force mutation2:		 0
replace bad p:			 0.2

converge rate p:		 0.99
converge count:			 1

**********************************************


===================[TEST 1]===================

##### START ##### Tue May 20 19:38:30 2003



##### CONVERGE ##### Tue May 20 19:53:14 2003

Elapsed time: 884 seconds
Total loop: 1311 generations

Result : 250.427

57 3 65 30 52 50 14 63 33 44 39 68 54 19 34 64 59 5 78 29 17 48 67 1 18 32 7 25 71 16 28 42 62 27 36 72 47 35 13 77 76 58 11 75 51 46 41 40 60 21 73 2 43 23 10 80 4 37 15 66 12 38 56 9 53 31 79 74 49 61 55 26 70 8 20 45 6 22 24 69 

 57 3 65 30 52 50	 => 257
 14 50 52 63 33 44	 => 256
 39 44 33 68 54 19	 => 257
 65 34 64 59 5 30	 => 257
 52 30 5 78 29 63	 => 257
 33 63 29 17 48 68	 => 258
 54 68 48 67 1 18	 => 256
 64 32 7 25 71 59	 => 258
 5 59 71 16 28 78	 => 257
 29 78 28 42 62 17	 => 256
 48 17 62 27 36 67	 => 257
 1 67 36 72 47 35	 => 258
 7 13 77 76 58 25	 => 256
 71 25 58 11 75 16	 => 256
 28 16 75 51 46 42	 => 258
 62 42 46 41 40 27	 => 258
 36 27 40 60 21 72	 => 256
 47 72 21 73 2 43	 => 258
 58 76 23 10 80 11	 => 258
 75 11 80 4 37 51	 => 258
 46 51 37 15 66 41	 => 256
 40 41 66 12 38 60	 => 257
 21 60 38 56 9 73	 => 257
 80 10 53 31 79 4	 => 257
 37 4 79 74 49 15	 => 258
 66 15 49 61 55 12	 => 258
 38 12 55 26 70 56	 => 257
 79 31 8 20 45 74	 => 257
 49 74 45 6 22 61	 => 257
 55 61 22 24 69 26	 => 257


===================[TEST 2]===================

##### START ##### Tue May 20 19:53:14 2003



##### CONVERGE ##### Tue May 20 20:04:29 2003

Elapsed time: 675 seconds
Total loop: 1001 generations

Result : 243.596

32 36 79 35 3 64 62 80 16 24 69 50 30 61 2 65 15 53 42 38 17 48 31 19 71 27 63 43 37 52 49 26 77 22 55 33 66 46 5 40 58 41 20 57 6 60 18 47 25 68 9 4 70 1 56 74 13 78 54 34 51 75 44 29 21 76 10 72 23 28 59 12 8 7 11 73 14 39 67 45 

 32 36 79 35 3 64	 => 249
 62 64 3 80 16 24	 => 249
 69 24 16 50 30 61	 => 250
 79 2 65 15 53 35	 => 249
 3 35 53 42 38 80	 => 251
 16 80 38 17 48 50	 => 249
 30 50 48 31 19 71	 => 249
 65 27 63 43 37 15	 => 250
 53 15 37 52 49 42	 => 248
 38 42 49 26 77 17	 => 249
 48 17 77 22 55 31	 => 250
 19 31 55 33 66 46	 => 250
 63 5 40 58 41 43	 => 250
 37 43 41 20 57 52	 => 250
 49 52 57 6 60 26	 => 250
 77 26 60 18 47 22	 => 250
 55 22 47 25 68 33	 => 250
 66 33 68 9 4 70	 => 250
 41 58 1 56 74 20	 => 250
 57 20 74 13 78 6	 => 248
 60 6 78 54 34 18	 => 250
 47 18 34 51 75 25	 => 250
 68 25 75 44 29 9	 => 250
 74 56 21 76 10 13	 => 250
 78 13 10 72 23 54	 => 250
 34 54 23 28 59 51	 => 249
 75 51 59 12 8 44	 => 249
 10 76 7 11 73 72	 => 249
 23 72 73 14 39 28	 => 249
 59 28 39 67 45 12	 => 250


===================[TEST 3]===================

##### START ##### Tue May 20 20:04:29 2003



##### CONVERGE ##### Tue May 20 20:14:06 2003

Elapsed time: 577 seconds
Total loop: 840 generations

Result : 249.525

5 9 71 22 76 72 10 14 77 7 64 8 61 38 16 68 45 34 57 53 47 56 80 51 1 40 50 13 39 75 6 58 36 26 11 78 15 20 69 31 27 65 63 2 41 73 19 43 66 32 67 12 52 3 28 70 18 62 25 37 74 17 24 49 54 44 42 79 30 29 60 48 33 21 46 23 35 59 4 55 

 5 9 71 22 76 72	 => 255
 10 72 76 14 77 7	 => 256
 64 7 77 8 61 38	 => 255
 71 16 68 45 34 22	 => 256
 76 22 34 57 53 14	 => 256
 77 14 53 47 56 8	 => 255
 61 8 56 80 51 1	 => 257
 68 40 50 13 39 45	 => 255
 34 45 39 75 6 57	 => 256
 53 57 6 58 36 47	 => 257
 56 47 36 26 11 80	 => 256
 51 80 11 78 15 20	 => 255
 50 69 31 27 65 13	 => 255
 39 13 65 63 2 75	 => 257
 6 75 2 41 73 58	 => 255
 36 58 73 19 43 26	 => 255
 11 26 43 66 32 78	 => 256
 15 78 32 67 12 52	 => 256
 65 27 3 28 70 63	 => 256
 2 63 70 18 62 41	 => 256
 73 41 62 25 37 19	 => 257
 43 19 37 74 17 66	 => 256
 32 66 17 24 49 67	 => 255
 70 28 54 44 42 18	 => 256
 62 18 42 79 30 25	 => 256
 37 25 30 29 60 74	 => 255
 17 74 60 48 33 24	 => 256
 42 44 21 46 23 79	 => 255
 30 79 23 35 59 29	 => 255
 60 29 59 4 55 48	 => 255


===================[TEST 4]===================

##### START ##### Tue May 20 20:14:06 2003



##### CONVERGE ##### Tue May 20 20:22:34 2003

Elapsed time: 508 seconds
Total loop: 754 generations

Result : 237.716

29 71 72 1 38 32 49 53 13 60 19 27 80 45 41 31 73 26 56 69 70 12 42 75 8 24 51 43 22 47 20 25 5 79 36 16 55 21 23 39 50 37 30 67 6 78 52 4 48 62 2 74 35 58 15 54 9 77 14 18 59 63 3 66 44 46 76 7 61 64 28 34 57 17 65 33 11 68 10 40 

 29 71 72 1 38 32	 => 243
 49 32 38 53 13 60	 => 245
 19 60 13 27 80 45	 => 244
 72 41 31 73 26 1	 => 244
 38 1 26 56 69 53	 => 243
 13 53 69 70 12 27	 => 244
 80 27 12 42 75 8	 => 244
 31 24 51 43 22 73	 => 244
 26 73 22 47 20 56	 => 244
 69 56 20 25 5 70	 => 245
 12 70 5 79 36 42	 => 244
 75 42 36 16 55 21	 => 245
 51 23 39 50 37 43	 => 243
 22 43 37 30 67 47	 => 246
 20 47 67 6 78 25	 => 243
 5 25 78 52 4 79	 => 243
 36 79 4 48 62 16	 => 245
 55 16 62 2 74 35	 => 244
 37 50 58 15 54 30	 => 244
 67 30 54 9 77 6	 => 243
 78 6 77 14 18 52	 => 245
 4 52 18 59 63 48	 => 244
 62 48 63 3 66 2	 => 244
 54 15 44 46 76 9	 => 244
 77 9 76 7 61 14	 => 244
 18 14 61 64 28 59	 => 244
 63 59 28 34 57 3	 => 244
 76 46 17 65 33 7	 => 244
 61 7 33 11 68 64	 => 244
 28 64 68 10 40 34	 => 244


===================[TEST 5]===================

##### START ##### Tue May 20 20:22:34 2003



##### CONVERGE ##### Tue May 20 20:30:44 2003

Elapsed time: 490 seconds
Total loop: 728 generations

Result : 247.459

20 78 24 42 15 73 3 70 30 61 56 33 54 19 18 45 80 44 27 55 39 26 59 4 77 11 36 41 40 34 28 51 52 10 67 38 68 17 35 32 46 62 12 65 14 60 1 79 8 50 71 9 16 37 75 21 64 76 53 48 47 69 25 31 13 74 6 49 5 57 43 66 2 23 29 72 63 7 58 22 

 20 78 24 42 15 73	 => 252
 3 73 15 70 30 61	 => 252
 56 61 30 33 54 19	 => 253
 24 18 45 80 44 42	 => 253
 15 42 44 27 55 70	 => 253
 30 70 55 39 26 33	 => 253
 54 33 26 59 4 77	 => 253
 45 11 36 41 40 80	 => 253
 44 80 40 34 28 27	 => 253
 55 27 28 51 52 39	 => 252
 26 39 52 10 67 59	 => 253
 4 59 67 38 68 17	 => 253
 36 35 32 46 62 41	 => 252
 40 41 62 12 65 34	 => 254
 28 34 65 14 60 51	 => 252
 52 51 60 1 79 10	 => 253
 67 10 79 8 50 38	 => 252
 68 38 50 71 9 16	 => 252
 62 46 37 75 21 12	 => 253
 65 12 21 64 76 14	 => 252
 60 14 76 53 48 1	 => 252
 79 1 48 47 69 8	 => 252
 50 8 69 25 31 71	 => 254
 21 75 13 74 6 64	 => 253
 76 64 6 49 5 53	 => 253
 48 53 5 57 43 47	 => 253
 69 47 43 66 2 25	 => 252
 6 74 23 29 72 49	 => 253
 5 49 72 63 7 57	 => 253
 43 57 7 58 22 66	 => 253



test#	fitness		sum		time
---------------------------------------------------
1	250.427				884
2	243.596				675
3	249.525				577
4	237.716				508
5	247.459				490


---------------------------------------------------
Best fitness      : 250.427 ( test# 1)
Shortest time     : 490 ( test# 5)

Average fitness   : 245.745
Average time      : 626.8
