****************** GA TEST *******************

total test#:			 5
hexa min width:			 3
hexa max width:			 6
hexa count:			 30
number count:			 80
population size:		 140
generation size:		 30

tournament winner p:		 0.8
do xover p:			 0.5
xover:	uniform		0.7
do mutation1 p:			 0.5
mutation1 p:			 0.1
do optimize p:			 0.9
local optimize count:		 8000
do deep better optimize p:	 0.9
do deep worse optimize p:	 0.1
do spin p:			 0.1
spin count:			 1000
do spin apply p:		 0.8
do mutation2 p:			 0.5
mutation2 p:			 0.1
force mutation2:		 0
replace bad p:			 0.2

converge rate p:		 0.99
converge count:			 1

**********************************************


===================[TEST 1]===================

##### START ##### Tue May 20 20:30:45 2003



##### CONVERGE ##### Tue May 20 20:38:53 2003

Elapsed time: 488 seconds
Total loop: 724 generations

Result : 245.627

4 67 2 77 41 60 5 27 62 56 6 79 11 37 59 18 22 73 21 13 44 25 26 61 49 20 74 63 54 1 80 35 57 23 75 53 19 16 42 12 43 17 68 47 58 30 71 36 15 48 31 72 28 32 66 24 51 3 50 38 14 78 9 70 34 7 69 45 33 40 76 10 64 55 46 29 39 65 8 52 

 4 67 2 77 41 60	 => 251
 5 60 41 27 62 56	 => 251
 6 56 62 79 11 37	 => 251
 2 59 18 22 73 77	 => 251
 41 77 73 21 13 27	 => 252
 62 27 13 44 25 79	 => 250
 11 79 25 26 61 49	 => 251
 18 20 74 63 54 22	 => 251
 73 22 54 1 80 21	 => 251
 13 21 80 35 57 44	 => 250
 25 44 57 23 75 26	 => 250
 61 26 75 53 19 16	 => 250
 74 42 12 43 17 63	 => 251
 54 63 17 68 47 1	 => 250
 80 1 47 58 30 35	 => 251
 57 35 30 71 36 23	 => 252
 75 23 36 15 48 53	 => 250
 19 53 48 31 72 28	 => 251
 17 43 32 66 24 68	 => 250
 47 68 24 51 3 58	 => 251
 30 58 3 50 38 71	 => 250
 36 71 38 14 78 15	 => 252
 48 15 78 9 70 31	 => 251
 24 66 34 7 69 51	 => 251
 3 51 69 45 33 50	 => 251
 38 50 33 40 76 14	 => 251
 78 14 76 10 64 9	 => 251
 69 7 55 46 29 45	 => 251
 33 45 29 39 65 40	 => 251
 76 40 65 8 52 10	 => 251


===================[TEST 2]===================

##### START ##### Tue May 20 20:38:53 2003



##### CONVERGE ##### Tue May 20 20:50:50 2003

Elapsed time: 717 seconds
Total loop: 1063 generations

Result : 234.746

54 7 75 48 22 37 14 78 20 72 55 38 16 42 15 77 18 10 61 26 46 34 32 63 60 3 80 21 45 67 40 65 6 58 68 19 59 2 50 27 29 36 64 11 30 31 35 47 8 43 76 33 13 51 25 39 44 53 28 66 79 9 52 57 41 24 69 1 49 4 17 74 12 73 5 71 62 56 23 70 

 54 7 75 48 22 37	 => 243
 14 37 22 78 20 72	 => 243
 55 72 20 38 16 42	 => 243
 75 15 77 18 10 48	 => 243
 22 48 10 61 26 78	 => 245
 20 78 26 46 34 38	 => 242
 16 38 34 32 63 60	 => 243
 77 3 80 21 45 18	 => 244
 10 18 45 67 40 61	 => 241
 26 61 40 65 6 46	 => 244
 34 46 6 58 68 32	 => 244
 63 32 68 19 59 2	 => 243
 80 50 27 29 36 21	 => 243
 45 21 36 64 11 67	 => 244
 40 67 11 30 31 65	 => 244
 6 65 31 35 47 58	 => 242
 68 58 47 8 43 19	 => 243
 59 19 43 76 33 13	 => 243
 36 29 51 25 39 64	 => 244
 11 64 39 44 53 30	 => 241
 31 30 53 28 66 35	 => 243
 47 35 66 79 9 8	 => 244
 43 8 9 52 57 76	 => 245
 39 25 41 24 69 44	 => 242
 53 44 69 1 49 28	 => 244
 66 28 49 4 17 79	 => 243
 9 79 17 74 12 52	 => 243
 69 24 73 5 71 1	 => 243
 49 1 71 62 56 4	 => 243
 17 4 56 23 70 74	 => 244


===================[TEST 3]===================

##### START ##### Tue May 20 20:50:50 2003



##### CONVERGE ##### Tue May 20 20:59:41 2003

Elapsed time: 531 seconds
Total loop: 788 generations

Result : 251.477

13 56 51 73 24 39 34 80 30 50 22 57 37 60 31 28 54 19 52 8 66 16 74 46 26 7 48 41 79 15 38 72 21 12 68 58 2 9 76 32 23 36 43 42 18 70 53 29 75 14 62 71 49 59 17 78 35 40 65 10 44 45 55 6 33 25 69 20 27 63 47 64 1 61 4 77 3 67 5 11 

 13 56 51 73 24 39	 => 256
 34 39 24 80 30 50	 => 257
 22 50 30 57 37 60	 => 256
 51 31 28 54 19 73	 => 256
 24 73 19 52 8 80	 => 256
 30 80 8 66 16 57	 => 257
 37 57 16 74 46 26	 => 256
 28 7 48 41 79 54	 => 257
 19 54 79 15 38 52	 => 257
 8 52 38 72 21 66	 => 257
 16 66 21 12 68 74	 => 257
 46 74 68 58 2 9	 => 257
 48 76 32 23 36 41	 => 256
 79 41 36 43 42 15	 => 256
 38 15 42 18 70 72	 => 255
 21 72 70 53 29 12	 => 257
 68 12 29 75 14 58	 => 256
 2 58 14 62 71 49	 => 256
 36 23 59 17 78 43	 => 256
 42 43 78 35 40 18	 => 256
 70 18 40 65 10 53	 => 256
 29 53 10 44 45 75	 => 256
 14 75 45 55 6 62	 => 257
 78 17 33 25 69 35	 => 257
 40 35 69 20 27 65	 => 256
 10 65 27 63 47 44	 => 256
 45 44 47 64 1 55	 => 256
 69 25 61 4 77 20	 => 256
 27 20 77 3 67 63	 => 257
 47 63 67 5 11 64	 => 257


===================[TEST 4]===================

##### START ##### Tue May 20 20:59:41 2003



##### CONVERGE ##### Tue May 20 21:10:51 2003

Elapsed time: 670 seconds
Total loop: 998 generations

Result : 235.96

79 10 46 1 56 49 55 33 27 21 31 67 58 36 23 60 71 41 72 38 15 61 24 30 2 8 52 34 16 13 29 62 26 42 74 5 76 32 3 65 17 70 66 43 75 19 64 28 48 45 18 50 47 77 4 7 40 9 68 6 80 14 57 59 63 73 54 20 51 11 25 53 12 22 35 37 78 44 39 69 

 79 10 46 1 56 49	 => 241
 55 49 56 33 27 21	 => 241
 31 21 27 67 58 36	 => 240
 46 23 60 71 41 1	 => 242
 56 1 41 72 38 33	 => 241
 27 33 38 15 61 67	 => 241
 58 67 61 24 30 2	 => 242
 60 8 52 34 16 71	 => 241
 41 71 16 13 29 72	 => 242
 38 72 29 62 26 15	 => 242
 61 15 26 42 74 24	 => 242
 30 24 74 5 76 32	 => 241
 52 3 65 17 70 34	 => 241
 16 34 70 66 43 13	 => 242
 29 13 43 75 19 62	 => 241
 26 62 19 64 28 42	 => 241
 74 42 28 48 45 5	 => 242
 76 5 45 18 50 47	 => 241
 70 17 77 4 7 66	 => 241
 43 66 7 40 9 75	 => 240
 19 75 9 68 6 64	 => 241
 28 64 6 80 14 48	 => 240
 45 48 14 57 59 18	 => 241
 7 4 63 73 54 40	 => 241
 9 40 54 20 51 68	 => 242
 6 68 51 11 25 80	 => 241
 14 80 25 53 12 57	 => 241
 54 73 22 35 37 20	 => 241
 51 20 37 78 44 11	 => 241
 25 11 44 39 69 53	 => 241


===================[TEST 5]===================

##### START ##### Tue May 20 21:10:51 2003



##### CONVERGE ##### Tue May 20 21:19:32 2003

Elapsed time: 521 seconds
Total loop: 772 generations

Result : 250.918

41 43 75 18 70 9 1 62 50 66 28 31 79 3 11 14 67 72 5 30 58 25 48 6 68 34 49 55 38 10 65 57 42 37 47 63 74 21 54 13 8 78 17 59 64 4 77 39 20 52 7 29 32 40 69 45 56 16 71 26 35 61 73 44 36 24 27 76 12 80 33 53 2 60 19 51 15 23 22 46 

 41 43 75 18 70 9	 => 256
 1 9 70 62 50 66	 => 258
 28 66 50 31 79 3	 => 257
 75 11 14 67 72 18	 => 257
 70 18 72 5 30 62	 => 257
 50 62 30 58 25 31	 => 256
 79 31 25 48 6 68	 => 257
 14 34 49 55 38 67	 => 257
 72 67 38 10 65 5	 => 257
 30 5 65 57 42 58	 => 257
 25 58 42 37 47 48	 => 257
 6 48 47 63 74 21	 => 259
 49 54 13 8 78 55	 => 257
 38 55 78 17 59 10	 => 257
 65 10 59 64 4 57	 => 259
 42 57 4 77 39 37	 => 256
 47 37 39 20 52 63	 => 258
 74 63 52 7 29 32	 => 257
 78 8 40 69 45 17	 => 257
 59 17 45 56 16 64	 => 257
 4 64 16 71 26 77	 => 258
 39 77 26 35 61 20	 => 258
 52 20 61 73 44 7	 => 257
 45 69 36 24 27 56	 => 257
 16 56 27 76 12 71	 => 258
 26 71 12 80 33 35	 => 257
 61 35 33 53 2 73	 => 257
 27 24 60 19 51 76	 => 257
 12 76 51 15 23 80	 => 257
 33 80 23 22 46 53	 => 257



test#	fitness		sum		time
---------------------------------------------------
1	245.627				488
2	234.746				717
3	251.477				531
4	235.96				670
5	250.918				521


---------------------------------------------------
Best fitness      : 251.477 ( test# 3)
Shortest time     : 488 ( test# 1)

Average fitness   : 243.745
Average time      : 585.4
