****************** GA TEST *******************

total test#:			 5
hexa min width:			 3
hexa max width:			 6
hexa count:			 30
number count:			 80
population size:		 100
generation size:		 30

tournament winner p:		 0.8
do xover p:			 0.5
xover:	uniform		0.7
do mutation1 p:			 0.5
mutation1 p:			 0.1
do optimize p:			 0.9
local optimize count:		 8000
do deep better optimize p:	 0.9
do deep worse optimize p:	 0.1
do spin p:			 0.1
spin count:			 1000
do spin apply p:		 0.8
do mutation2 p:			 0.5
mutation2 p:			 0.1
force mutation2:		 0
replace bad p:			 0.2

converge rate p:		 0.99
converge count:			 1

**********************************************


===================[TEST 1]===================

##### START ##### Tue May 20 21:19:35 2003



##### CONVERGE ##### Tue May 20 21:26:39 2003

Elapsed time: 424 seconds
Total loop: 626 generations

Result : 237.337

1 58 56 25 73 30 63 2 65 9 8 40 42 79 50 5 54 53 32 57 13 66 38 39 18 24 41 71 48 4 51 15 75 29 23 59 49 35 80 16 21 14 37 70 36 67 12 44 68 20 17 76 22 72 55 45 7 47 19 62 26 31 64 43 28 74 34 60 77 52 6 69 46 61 3 11 33 10 27 78 

 1 58 56 25 73 30	 => 243
 63 30 73 2 65 9	 => 242
 8 9 65 40 42 79	 => 243
 56 50 5 54 53 25	 => 243
 73 25 53 32 57 2	 => 242
 65 2 57 13 66 40	 => 243
 42 40 66 38 39 18	 => 243
 5 24 41 71 48 54	 => 243
 53 54 48 4 51 32	 => 242
 57 32 51 15 75 13	 => 243
 66 13 75 29 23 38	 => 244
 39 38 23 59 49 35	 => 243
 41 80 16 21 14 71	 => 243
 48 71 14 37 70 4	 => 244
 51 4 70 36 67 15	 => 243
 75 15 67 12 44 29	 => 242
 23 29 44 68 20 59	 => 243
 49 59 20 17 76 22	 => 243
 14 21 72 55 45 37	 => 244
 70 37 45 7 47 36	 => 242
 67 36 47 19 62 12	 => 243
 44 12 62 26 31 68	 => 243
 20 68 31 64 43 17	 => 243
 45 55 28 74 34 7	 => 243
 47 7 34 60 77 19	 => 244
 62 19 77 52 6 26	 => 242
 31 26 6 69 46 64	 => 242
 34 74 61 3 11 60	 => 243
 77 60 11 33 10 52	 => 243
 6 52 10 27 78 69	 => 242


===================[TEST 2]===================

##### START ##### Tue May 20 21:26:39 2003



##### CONVERGE ##### Tue May 20 21:33:42 2003

Elapsed time: 423 seconds
Total loop: 629 generations

Result : 242.474

27 26 62 42 35 59 58 32 23 43 11 40 72 61 19 16 52 60 7 76 29 50 56 18 15 31 46 41 65 14 51 24 64 17 36 30 73 37 6 75 38 44 8 80 9 74 4 67 45 57 20 69 2 71 68 22 66 63 54 47 39 49 55 25 13 70 12 53 3 79 28 78 1 5 77 33 48 34 10 21 

 27 26 62 42 35 59	 => 251
 58 59 35 32 23 43	 => 250
 11 43 23 40 72 61	 => 250
 62 19 16 52 60 42	 => 251
 35 42 60 7 76 32	 => 252
 23 32 76 29 50 40	 => 250
 72 40 50 56 18 15	 => 251
 16 31 46 41 65 52	 => 251
 60 52 65 14 51 7	 => 249
 76 7 51 24 64 29	 => 251
 50 29 64 17 36 56	 => 252
 18 56 36 30 73 37	 => 250
 46 6 75 38 44 41	 => 250
 65 41 44 8 80 14	 => 252
 51 14 80 9 74 24	 => 252
 64 24 74 4 67 17	 => 250
 36 17 67 45 57 30	 => 252
 73 30 57 20 69 2	 => 251
 44 38 71 68 22 8	 => 251
 80 8 22 66 63 9	 => 248
 74 9 63 54 47 4	 => 251
 67 4 47 39 49 45	 => 251
 57 45 49 55 25 20	 => 251
 22 68 13 70 12 66	 => 251
 63 66 12 53 3 54	 => 251
 47 54 3 79 28 39	 => 250
 49 39 28 78 1 55	 => 250
 12 70 5 77 33 53	 => 250
 3 53 33 48 34 79	 => 250
 28 79 34 10 21 78	 => 250


===================[TEST 3]===================

##### START ##### Tue May 20 21:33:42 2003



##### CONVERGE ##### Tue May 20 21:44:44 2003

Elapsed time: 662 seconds
Total loop: 981 generations

Result : 241.478

48 11 65 68 37 21 53 19 76 45 2 41 26 62 1 27 57 34 63 30 70 14 75 49 46 29 64 51 22 56 18 60 12 9 71 42 8 5 74 6 13 43 78 3 40 72 66 31 33 67 17 73 44 69 20 28 77 24 47 4 79 38 15 80 59 36 32 61 10 52 58 54 7 16 50 55 35 39 25 23 

 48 11 65 68 37 21	 => 250
 53 21 37 19 76 45	 => 251
 2 45 76 41 26 62	 => 252
 65 1 27 57 34 68	 => 252
 37 68 34 63 30 19	 => 251
 76 19 30 70 14 41	 => 250
 26 41 14 75 49 46	 => 251
 27 29 64 51 22 57	 => 250
 34 57 22 56 18 63	 => 250
 30 63 18 60 12 70	 => 253
 14 70 12 9 71 75	 => 251
 49 75 71 42 8 5	 => 250
 64 74 6 13 43 51	 => 251
 22 51 43 78 3 56	 => 253
 18 56 3 40 72 60	 => 249
 12 60 72 66 31 9	 => 250
 71 9 31 33 67 42	 => 253
 8 42 67 17 73 44	 => 251
 43 13 69 20 28 78	 => 251
 3 78 28 77 24 40	 => 250
 72 40 24 47 4 66	 => 253
 31 66 4 79 38 33	 => 251
 67 33 38 15 80 17	 => 250
 28 20 59 36 32 77	 => 252
 24 77 32 61 10 47	 => 251
 4 47 10 52 58 79	 => 250
 38 79 58 54 7 15	 => 251
 32 36 16 50 55 61	 => 250
 10 61 55 35 39 52	 => 252
 58 52 39 25 23 54	 => 251


===================[TEST 4]===================

##### START ##### Tue May 20 21:44:44 2003



##### CONVERGE ##### Tue May 20 21:50:55 2003

Elapsed time: 371 seconds
Total loop: 547 generations

Result : 242.428

49 13 47 50 31 60 58 9 17 77 41 69 45 2 7 51 29 67 75 19 56 80 48 5 4 23 37 68 43 28 8 73 22 6 39 55 26 78 1 66 33 46 30 36 71 34 52 62 18 70 61 24 14 63 64 15 40 59 3 32 72 16 11 74 35 20 76 54 21 79 42 53 57 65 10 25 44 27 12 38 

 49 13 47 50 31 60	 => 250
 58 60 31 9 17 77	 => 252
 41 77 17 69 45 2	 => 251
 47 7 51 29 67 50	 => 251
 31 50 67 75 19 9	 => 251
 17 9 19 56 80 69	 => 250
 45 69 80 48 5 4	 => 251
 51 23 37 68 43 29	 => 251
 67 29 43 28 8 75	 => 250
 19 75 8 73 22 56	 => 253
 80 56 22 6 39 48	 => 251
 5 48 39 55 26 78	 => 251
 37 1 66 33 46 68	 => 251
 43 68 46 30 36 28	 => 251
 8 28 36 71 34 73	 => 250
 22 73 34 52 62 6	 => 249
 39 6 62 18 70 55	 => 250
 26 55 70 61 24 14	 => 250
 46 33 63 64 15 30	 => 251
 36 30 15 40 59 71	 => 251
 34 71 59 3 32 52	 => 251
 62 52 32 72 16 18	 => 252
 70 18 16 11 74 61	 => 250
 15 64 35 20 76 40	 => 250
 59 40 76 54 21 3	 => 253
 32 3 21 79 42 72	 => 249
 16 72 42 53 57 11	 => 251
 76 20 65 10 25 54	 => 250
 21 54 25 44 27 79	 => 250
 42 79 27 12 38 53	 => 251


===================[TEST 5]===================

##### START ##### Tue May 20 21:50:55 2003



##### CONVERGE ##### Tue May 20 21:57:34 2003

Elapsed time: 399 seconds
Total loop: 594 generations

Result : 239.507

2 68 17 54 56 49 80 9 38 14 40 10 78 67 21 60 77 19 57 51 73 65 24 3 66 1 46 37 25 63 5 52 7 6 71 47 33 69 35 36 75 16 64 42 22 61 79 43 20 59 72 31 4 44 13 34 76 8 58 18 41 45 12 39 11 62 50 28 27 55 48 70 29 53 23 30 74 32 26 15 

 2 68 17 54 56 49	 => 246
 80 49 56 9 38 14	 => 246
 40 14 38 10 78 67	 => 247
 17 21 60 77 19 54	 => 248
 56 54 19 57 51 9	 => 246
 38 9 51 73 65 10	 => 246
 78 10 65 24 3 66	 => 246
 60 1 46 37 25 77	 => 246
 19 77 25 63 5 57	 => 246
 51 57 5 52 7 73	 => 245
 65 73 7 6 71 24	 => 246
 3 24 71 47 33 69	 => 247
 46 35 36 75 16 37	 => 245
 25 37 16 64 42 63	 => 247
 5 63 42 22 61 52	 => 245
 7 52 61 79 43 6	 => 248
 71 6 43 20 59 47	 => 246
 33 47 59 72 31 4	 => 246
 16 75 44 13 34 64	 => 246
 42 64 34 76 8 22	 => 246
 61 22 8 58 18 79	 => 246
 43 79 18 41 45 20	 => 246
 59 20 45 12 39 72	 => 247
 34 13 11 62 50 76	 => 246
 8 76 50 28 27 58	 => 247
 18 58 27 55 48 41	 => 247
 45 41 48 70 29 12	 => 245
 50 62 53 23 30 28	 => 246
 27 28 30 74 32 55	 => 246
 48 55 32 26 15 70	 => 246



test#	fitness		sum		time
---------------------------------------------------
1	237.337				424
2	242.474				423
3	241.478				662
4	242.428				371
5	239.507				399


---------------------------------------------------
Best fitness      : 242.474 ( test# 2)
Shortest time     : 371 ( test# 4)

Average fitness   : 240.645
Average time      : 455.8
