****************** GA TEST *******************

total test#:			 5
hexa min width:			 3
hexa max width:			 6
hexa count:			 30
number count:			 80
population size:		 120
generation size:		 50

tournament winner p:		 0.8
do xover p:			 0.5
xover:	uniform		0.7
do mutation1 p:			 0.5
mutation1 p:			 0.1
do optimize p:			 0.9
local optimize count:		 8000
do deep better optimize p:	 0.9
do deep worse optimize p:	 0.1
do spin p:			 0.1
spin count:			 1000
do spin apply p:		 0.8
do mutation2 p:			 0.5
mutation2 p:			 0.1
force mutation2:		 0
replace bad p:			 0.2

converge rate p:		 0.99
converge count:			 1

**********************************************


===================[TEST 1]===================

##### START ##### Tue May 20 21:57:35 2003



##### CONVERGE ##### Tue May 20 22:06:17 2003

Elapsed time: 522 seconds
Total loop: 466 generations

Result : 246.293

5 34 79 49 9 78 19 77 50 22 63 71 18 30 3 6 72 45 43 32 24 2 73 40 51 28 76 29 44 15 38 46 70 21 64 11 59 8 10 35 37 68 36 62 60 33 58 27 67 65 25 52 41 26 75 12 17 69 14 20 74 7 31 61 13 80 57 42 55 39 53 66 23 56 4 16 54 48 1 47 

 5 34 79 49 9 78	 => 254
 19 78 9 77 50 22	 => 255
 63 22 50 71 18 30	 => 254
 79 3 6 72 45 49	 => 254
 9 49 45 43 32 77	 => 255
 50 77 32 24 2 71	 => 256
 18 71 2 73 40 51	 => 255
 6 28 76 29 44 72	 => 255
 45 72 44 15 38 43	 => 257
 32 43 38 46 70 24	 => 253
 2 24 70 21 64 73	 => 254
 40 73 64 11 59 8	 => 255
 76 10 35 37 68 29	 => 255
 44 29 68 36 62 15	 => 254
 38 15 62 60 33 46	 => 254
 70 46 33 58 27 21	 => 255
 64 21 27 67 65 11	 => 255
 59 11 65 25 52 41	 => 253
 68 37 26 75 12 36	 => 254
 62 36 12 17 69 60	 => 256
 33 60 69 14 20 58	 => 254
 27 58 20 74 7 67	 => 253
 65 67 7 31 61 25	 => 256
 12 75 13 80 57 17	 => 254
 69 17 57 42 55 14	 => 254
 20 14 55 39 53 74	 => 255
 7 74 53 66 23 31	 => 254
 57 80 56 4 16 42	 => 255
 55 42 16 54 48 39	 => 254
 53 39 48 1 47 66	 => 254


===================[TEST 2]===================

##### START ##### Tue May 20 22:06:17 2003



##### CONVERGE ##### Tue May 20 22:17:36 2003

Elapsed time: 679 seconds
Total loop: 605 generations

Result : 244.108

66 43 51 18 40 32 24 44 73 38 7 29 76 26 50 2 55 74 68 6 67 30 12 56 47 58 63 60 11 41 1 62 46 19 75 72 9 25 22 15 70 20 65 53 45 48 61 13 49 23 77 64 5 3 57 35 16 36 8 52 21 54 33 14 71 39 31 79 80 10 78 27 37 4 69 28 17 34 59 42 

 66 43 51 18 40 32	 => 250
 24 32 40 44 73 38	 => 251
 7 38 73 29 76 26	 => 249
 51 50 2 55 74 18	 => 250
 40 18 74 68 6 44	 => 250
 73 44 6 67 30 29	 => 249
 76 29 30 12 56 47	 => 250
 2 58 63 60 11 55	 => 249
 74 55 11 41 1 68	 => 250
 6 68 1 62 46 67	 => 250
 30 67 46 19 75 12	 => 249
 56 12 75 72 9 25	 => 249
 63 22 15 70 20 60	 => 250
 11 60 20 65 53 41	 => 250
 1 41 53 45 48 62	 => 250
 46 62 48 61 13 19	 => 249
 75 19 13 49 23 72	 => 251
 9 72 23 77 64 5	 => 250
 20 70 3 57 35 65	 => 250
 53 65 35 16 36 45	 => 250
 48 45 36 8 52 61	 => 250
 13 61 52 21 54 49	 => 250
 23 49 54 33 14 77	 => 250
 35 57 71 39 31 16	 => 249
 36 16 31 79 80 8	 => 250
 52 8 80 10 78 21	 => 249
 54 21 78 27 37 33	 => 250
 31 39 4 69 28 79	 => 250
 80 79 28 17 34 10	 => 248
 78 10 34 59 42 27	 => 250


===================[TEST 3]===================

##### START ##### Tue May 20 22:17:36 2003



##### CONVERGE ##### Tue May 20 22:26:53 2003

Elapsed time: 557 seconds
Total loop: 495 generations

Result : 251.307

30 9 77 20 56 66 6 31 52 47 12 22 68 57 16 40 71 34 54 64 11 78 35 50 5 13 39 74 21 42 37 45 46 10 79 2 69 23 19 65 43 17 55 48 28 60 25 73 18 76 44 26 41 8 63 72 4 51 32 61 67 14 70 36 27 58 33 80 59 15 24 75 7 49 1 38 3 62 53 29 

 30 9 77 20 56 66	 => 258
 6 66 56 31 52 47	 => 258
 12 47 52 22 68 57	 => 258
 77 16 40 71 34 20	 => 258
 56 20 34 54 64 31	 => 259
 52 31 64 11 78 22	 => 258
 68 22 78 35 50 5	 => 258
 40 13 39 74 21 71	 => 258
 34 71 21 42 37 54	 => 259
 64 54 37 45 46 11	 => 257
 78 11 46 10 79 35	 => 259
 50 35 79 2 69 23	 => 258
 39 19 65 43 17 74	 => 257
 21 74 17 55 48 42	 => 257
 37 42 48 28 60 45	 => 260
 46 45 60 25 73 10	 => 259
 79 10 73 18 76 2	 => 258
 69 2 76 44 26 41	 => 258
 17 43 8 63 72 55	 => 258
 48 55 72 4 51 28	 => 258
 60 28 51 32 61 25	 => 257
 73 25 61 67 14 18	 => 258
 76 18 14 70 36 44	 => 258
 72 63 27 58 33 4	 => 257
 51 4 33 80 59 32	 => 259
 61 32 59 15 24 67	 => 258
 14 67 24 75 7 70	 => 257
 33 58 49 1 38 80	 => 259
 59 80 38 3 62 15	 => 257
 24 15 62 53 29 75	 => 258


===================[TEST 4]===================

##### START ##### Tue May 20 22:26:53 2003



##### CONVERGE ##### Tue May 20 22:41:05 2003

Elapsed time: 852 seconds
Total loop: 743 generations

Result : 242.746

1 43 72 50 51 35 7 69 11 78 56 22 80 4 20 13 79 18 6 57 48 46 8 55 40 53 28 45 32 42 76 9 54 60 34 26 65 64 61 2 49 67 41 24 62 37 77 16 44 70 23 52 15 25 31 38 58 29 33 12 63 39 59 17 30 19 74 47 10 68 66 3 21 27 71 14 75 36 73 5 

 1 43 72 50 51 35	 => 252
 7 35 51 69 11 78	 => 251
 56 78 11 22 80 4	 => 251
 72 20 13 79 18 50	 => 252
 51 50 18 6 57 69	 => 251
 11 69 57 48 46 22	 => 253
 80 22 46 8 55 40	 => 251
 13 53 28 45 32 79	 => 250
 18 79 32 42 76 6	 => 253
 57 6 76 9 54 48	 => 250
 46 48 54 60 34 8	 => 250
 55 8 34 26 65 64	 => 252
 28 61 2 49 67 45	 => 252
 32 45 67 41 24 42	 => 251
 76 42 24 62 37 9	 => 250
 54 9 37 77 16 60	 => 253
 34 60 16 44 70 26	 => 250
 65 26 70 23 52 15	 => 251
 67 49 25 31 38 41	 => 251
 24 41 38 58 29 62	 => 252
 37 62 29 33 12 77	 => 250
 16 77 12 63 39 44	 => 251
 70 44 39 59 17 23	 => 252
 38 31 30 19 74 58	 => 250
 29 58 74 47 10 33	 => 251
 12 33 10 68 66 63	 => 252
 39 63 66 3 21 59	 => 251
 74 19 27 71 14 47	 => 252
 10 47 14 75 36 68	 => 250
 66 68 36 73 5 3	 => 251


===================[TEST 5]===================

##### START ##### Tue May 20 22:41:05 2003



##### CONVERGE ##### Tue May 20 22:50:16 2003

Elapsed time: 551 seconds
Total loop: 485 generations

Result : 242.419

22 49 75 6 61 39 10 50 23 68 12 56 26 67 15 69 17 70 1 63 25 35 62 66 8 24 29 79 33 54 76 28 60 58 11 74 34 5 41 2 53 48 36 3 44 45 52 9 71 30 80 20 13 18 16 78 37 55 38 19 59 40 4 27 65 14 42 7 72 32 31 73 46 47 77 64 57 21 43 51 

 22 49 75 6 61 39	 => 252
 10 39 61 50 23 68	 => 251
 12 68 23 56 26 67	 => 252
 75 15 69 17 70 6	 => 252
 61 6 70 1 63 50	 => 251
 23 50 63 25 35 56	 => 252
 26 56 35 62 66 8	 => 253
 69 24 29 79 33 17	 => 251
 70 17 33 54 76 1	 => 251
 63 1 76 28 60 25	 => 253
 35 25 60 58 11 62	 => 251
 66 62 11 74 34 5	 => 252
 29 41 2 53 48 79	 => 252
 33 79 48 36 3 54	 => 253
 76 54 3 44 45 28	 => 250
 60 28 45 52 9 58	 => 252
 11 58 9 71 30 74	 => 253
 34 74 30 80 20 13	 => 251
 48 53 18 16 78 36	 => 249
 3 36 78 37 55 44	 => 253
 45 44 55 38 19 52	 => 253
 9 52 19 59 40 71	 => 250
 30 71 40 4 27 80	 => 252
 78 16 65 14 42 37	 => 252
 55 37 42 7 72 38	 => 251
 19 38 72 32 31 59	 => 251
 40 59 31 73 46 4	 => 253
 42 14 47 77 64 7	 => 251
 72 7 64 57 21 32	 => 253
 31 32 21 43 51 73	 => 251



test#	fitness		sum		time
---------------------------------------------------
1	246.293				522
2	244.108				679
3	251.307				557
4	242.746				852
5	242.419				551


---------------------------------------------------
Best fitness      : 251.307 ( test# 3)
Shortest time     : 522 ( test# 1)

Average fitness   : 245.375
Average time      : 632.2
