****************** GA TEST *******************

total test#:			 5
hexa min width:			 3
hexa max width:			 6
hexa count:			 30
number count:			 80
population size:		 120
generation size:		 10

tournament winner p:		 0.8
do xover p:			 0.5
xover:	uniform		0.7
do mutation1 p:			 0.5
mutation1 p:			 0.1
do optimize p:			 0.9
local optimize count:		 8000
do deep better optimize p:	 0.9
do deep worse optimize p:	 0.1
do spin p:			 0.1
spin count:			 1000
do spin apply p:		 0.8
do mutation2 p:			 0.5
mutation2 p:			 0.1
force mutation2:		 0
replace bad p:			 0.2

converge rate p:		 0.99
converge count:			 1

**********************************************


===================[TEST 1]===================

##### START ##### Tue May 20 22:50:20 2003



##### CONVERGE ##### Tue May 20 22:58:03 2003

Elapsed time: 463 seconds
Total loop: 2034 generations

Result : 243.459

36 28 27 17 71 70 22 18 3 64 10 62 40 69 23 52 77 53 48 42 80 44 43 1 59 37 46 29 7 51 14 45 19 26 35 65 55 50 8 67 25 74 16 72 20 47 34 78 12 33 60 5 31 21 56 57 11 73 6 68 32 24 54 66 41 9 75 79 4 63 76 2 61 13 58 15 49 39 38 30 

 36 28 27 17 71 70	 => 249
 22 70 71 18 3 64	 => 248
 10 64 3 62 40 69	 => 248
 27 23 52 77 53 17	 => 249
 71 17 53 48 42 18	 => 249
 3 18 42 80 44 62	 => 249
 40 62 44 43 1 59	 => 249
 52 37 46 29 7 77	 => 248
 53 77 7 51 14 48	 => 250
 42 48 14 45 19 80	 => 248
 44 80 19 26 35 43	 => 247
 1 43 35 65 55 50	 => 249
 46 8 67 25 74 29	 => 249
 7 29 74 16 72 51	 => 249
 14 51 72 20 47 45	 => 249
 19 45 47 34 78 26	 => 249
 35 26 78 12 33 65	 => 249
 55 65 33 60 5 31	 => 249
 74 25 21 56 57 16	 => 249
 72 16 57 11 73 20	 => 249
 47 20 73 6 68 34	 => 248
 78 34 68 32 24 12	 => 248
 33 12 24 54 66 60	 => 249
 57 56 41 9 75 11	 => 249
 73 11 75 79 4 6	 => 248
 68 6 4 63 76 32	 => 249
 24 32 76 2 61 54	 => 249
 75 9 13 58 15 79	 => 249
 4 79 15 49 39 63	 => 249
 76 63 39 38 30 2	 => 248


===================[TEST 2]===================

##### START ##### Tue May 20 22:58:03 2003



##### CONVERGE ##### Tue May 20 23:07:07 2003

Elapsed time: 544 seconds
Total loop: 2397 generations

Result : 244.229

1 71 45 72 7 55 16 37 69 66 26 18 41 31 15 23 68 27 46 62 9 57 70 51 13 6 76 67 11 44 56 17 61 49 4 77 10 39 74 2 3 29 78 21 48 64 14 47 40 34 19 79 32 65 22 54 38 12 52 60 30 58 80 20 73 5 59 53 36 24 50 25 8 42 63 28 35 75 43 33 

 1 71 45 72 7 55	 => 251
 16 55 7 37 69 66	 => 250
 26 66 69 18 41 31	 => 251
 45 15 23 68 27 72	 => 250
 7 72 27 46 62 37	 => 251
 69 37 62 9 57 18	 => 252
 41 18 57 70 51 13	 => 250
 23 6 76 67 11 68	 => 251
 27 68 11 44 56 46	 => 252
 62 46 56 17 61 9	 => 251
 57 9 61 49 4 70	 => 250
 51 70 4 77 10 39	 => 251
 76 74 2 3 29 67	 => 251
 11 67 29 78 21 44	 => 250
 56 44 21 48 64 17	 => 250
 61 17 64 14 47 49	 => 252
 4 49 47 40 34 77	 => 251
 10 77 34 19 79 32	 => 251
 29 3 65 22 54 78	 => 251
 21 78 54 38 12 48	 => 251
 64 48 12 52 60 14	 => 250
 47 14 60 30 58 40	 => 249
 34 40 58 80 20 19	 => 251
 54 22 73 5 59 38	 => 251
 12 38 59 53 36 52	 => 250
 60 52 36 24 50 30	 => 252
 58 30 50 25 8 80	 => 251
 59 5 42 63 28 53	 => 250
 36 53 28 35 75 24	 => 251
 50 24 75 43 33 25	 => 250


===================[TEST 3]===================

##### START ##### Tue May 20 23:07:07 2003



##### CONVERGE ##### Tue May 20 23:17:27 2003

Elapsed time: 620 seconds
Total loop: 2720 generations

Result : 246.628

10 56 7 80 54 47 40 13 69 32 49 73 11 21 53 28 63 24 20 65 26 8 77 29 57 50 51 45 18 62 67 1 76 39 31 70 38 9 4 74 48 33 46 52 15 60 64 14 22 79 36 27 5 43 17 68 61 12 25 78 19 59 35 23 30 6 72 71 16 75 42 58 41 37 66 3 55 34 2 44 

 10 56 7 80 54 47	 => 254
 40 47 54 13 69 32	 => 255
 49 32 69 73 11 21	 => 255
 7 53 28 63 24 80	 => 255
 54 80 24 20 65 13	 => 256
 69 13 65 26 8 73	 => 254
 11 73 8 77 29 57	 => 255
 28 50 51 45 18 63	 => 255
 24 63 18 62 67 20	 => 254
 65 20 67 1 76 26	 => 255
 8 26 76 39 31 77	 => 257
 29 77 31 70 38 9	 => 254
 51 4 74 48 33 45	 => 255
 18 45 33 46 52 62	 => 256
 67 62 52 15 60 1	 => 257
 76 1 60 64 14 39	 => 254
 31 39 14 22 79 70	 => 255
 38 70 79 36 27 5	 => 255
 33 48 43 17 68 46	 => 255
 52 46 68 61 12 15	 => 254
 60 15 12 25 78 64	 => 254
 14 64 78 19 59 22	 => 256
 79 22 59 35 23 36	 => 254
 68 17 30 6 72 61	 => 254
 12 61 72 71 16 25	 => 257
 78 25 16 75 42 19	 => 255
 59 19 42 58 41 35	 => 254
 72 6 37 66 3 71	 => 255
 16 71 3 55 34 75	 => 254
 42 75 34 2 44 58	 => 255


===================[TEST 4]===================

##### START ##### Tue May 20 23:17:27 2003


