****************** GA TEST *******************

total test#:			 100
hexa min width:			 3
hexa max width:			 5
hexa count:			 19
number count:			 54
population size:		 130
generation size:		 50

tournament winner p:		 1
do xover p:			 1
xover:				 2points
do mutation1 p:			 0.1
mutation1 p:			 0.05
do optimize p:			 1
local optimize count:		 6000
do deep better optimize p:	 1
do deep worse optimize p:	 0
do spin p:			 0
spin count:			 1000
do spin apply p:		 1
do mutation2 p:			 0.12
mutation2 p:			 0.08
force mutation2:		 0
replace bad p:			 0.195

converge rate p:		 0.99
converge count:			 5

**********************************************


===================[TEST 1]===================

##### START ##### Thu May 22 00:30:49 2003



##### CONVERGE ##### Thu May 22 00:31:37 2003

Elapsed time: 48 seconds
Total loop: 77 generations

Result : 186.85

5 16 32 54 35 47 1 26 34 46 15 37 50 7 17 18 48 20 33 21 52 19 42 39 2 13 27 43 40 23 25 28 31 4 41 51 9 8 3 36 44 45 24 49 53 30 10 12 14 38 11 22 29 6 

 5 16 32 54 35 47	 => 189
 1 47 35 26 34 46	 => 189
 15 46 34 37 50 7	 => 189
 32 17 18 48 20 54	 => 189
 35 54 20 33 21 26	 => 189
 34 26 21 52 19 37	 => 189
 50 37 19 42 39 2	 => 189
 18 13 27 43 40 48	 => 189
 20 48 40 23 25 33	 => 189
 21 33 25 28 31 52	 => 190
 19 52 31 4 41 42	 => 189
 39 42 41 51 9 8	 => 190
 40 43 3 36 44 23	 => 189
 25 23 44 45 24 28	 => 189
 31 28 24 49 53 4	 => 189
 41 4 53 30 10 51	 => 189
 44 36 12 14 38 45	 => 189
 24 45 38 11 22 49	 => 189
 53 49 22 29 6 30	 => 189


===================[TEST 2]===================

##### START ##### Thu May 22 00:31:37 2003



##### CONVERGE ##### Thu May 22 00:32:43 2003

Elapsed time: 66 seconds
Total loop: 115 generations

Result : 187.501

6 8 31 52 54 40 1 14 46 35 23 44 34 9 22 27 42 17 29 25 50 12 49 41 10 7 26 38 51 20 32 30 24 19 37 45 5 13 2 36 43 48 18 53 47 39 4 15 16 33 11 28 3 21 

 6 8 31 52 54 40	 => 191
 1 40 54 14 46 35	 => 190
 23 35 46 44 34 9	 => 191
 31 22 27 42 17 52	 => 191
 54 52 17 29 25 14	 => 191
 46 14 25 50 12 44	 => 191
 34 44 12 49 41 10	 => 190
 27 7 26 38 51 42	 => 191
 17 42 51 20 32 29	 => 191
 25 29 32 30 24 50	 => 190
 12 50 24 19 37 49	 => 191
 41 49 37 45 5 13	 => 190
 51 38 2 36 43 20	 => 190
 32 20 43 48 18 30	 => 191
 24 30 18 53 47 19	 => 191
 37 19 47 39 4 45	 => 191
 43 36 15 16 33 48	 => 191
 18 48 33 11 28 53	 => 191
 47 53 28 3 21 39	 => 191


===================[TEST 3]===================

##### START ##### Thu May 22 00:32:43 2003



##### CONVERGE ##### Thu May 22 00:33:38 2003

Elapsed time: 55 seconds
Total loop: 97 generations

Result : 187.163

2 29 44 38 52 25 16 19 50 28 12 53 26 21 6 37 51 14 40 27 24 17 48 39 7 15 13 42 32 30 22 31 45 9 47 33 18 5 10 34 41 43 23 36 46 54 1 20 3 49 4 35 11 8 

 2 29 44 38 52 25	 => 190
 16 25 52 19 50 28	 => 190
 12 28 50 53 26 21	 => 190
 44 6 37 51 14 38	 => 190
 52 38 14 40 27 19	 => 190
 50 19 27 24 17 53	 => 190
 26 53 17 48 39 7	 => 190
 37 15 13 42 32 51	 => 190
 14 51 32 30 22 40	 => 189
 27 40 22 31 45 24	 => 189
 17 24 45 9 47 48	 => 190
 39 48 47 33 18 5	 => 190
 32 42 10 34 41 30	 => 189
 22 30 41 43 23 31	 => 190
 45 31 23 36 46 9	 => 190
 47 9 46 54 1 33	 => 190
 41 34 20 3 49 43	 => 190
 23 43 49 4 35 36	 => 190
 46 36 35 11 8 54	 => 190


===================[TEST 4]===================

##### START ##### Thu May 22 00:33:38 2003



##### CONVERGE ##### Thu May 22 00:34:53 2003

Elapsed time: 75 seconds
Total loop: 132 generations

Result : 187.501

10 11 34 44 52 40 1 17 54 27 18 42 41 9 22 35 33 23 26 29 28 21 48 37 2 25 16 30 51 13 45 24 39 6 49 38 7 12 3 46 47 43 19 53 50 32 15 14 5 36 8 31 4 20 

 10 11 34 44 52 40	 => 191
 1 40 52 17 54 27	 => 191
 18 27 54 42 41 9	 => 191
 34 22 35 33 23 44	 => 191
 52 44 23 26 29 17	 => 191
 54 17 29 28 21 42	 => 191
 41 42 21 48 37 2	 => 191
 35 25 16 30 51 33	 => 190
 23 33 51 13 45 26	 => 191
 29 26 45 24 39 28	 => 191
 21 28 39 6 49 48	 => 191
 37 48 49 38 7 12	 => 191
 51 30 3 46 47 13	 => 190
 45 13 47 43 19 24	 => 191
 39 24 19 53 50 6	 => 191
 49 6 50 32 15 38	 => 190
 47 46 14 5 36 43	 => 191
 19 43 36 8 31 53	 => 190
 50 53 31 4 20 32	 => 190


===================[TEST 5]===================

##### START ##### Thu May 22 00:34:54 2003



##### CONVERGE ##### Thu May 22 00:35:37 2003

Elapsed time: 43 seconds
Total loop: 76 generations

Result : 186.85

10 9 41 45 54 30 5 15 35 50 6 44 29 25 21 28 51 3 36 37 39 19 40 49 8 12 4 46 48 18 34 26 17 31 43 32 24 1 13 22 42 53 16 47 52 20 11 7 27 38 2 33 23 14 

 10 9 41 45 54 30	 => 189
 5 30 54 15 35 50	 => 189
 6 50 35 44 29 25	 => 189
 41 21 28 51 3 45	 => 189
 54 45 3 36 37 15	 => 190
 35 15 37 39 19 44	 => 189
 29 44 19 40 49 8	 => 189
 28 12 4 46 48 51	 => 189
 3 51 48 18 34 36	 => 190
 37 36 34 26 17 39	 => 189
 19 39 17 31 43 40	 => 189
 49 40 43 32 24 1	 => 189
 48 46 13 22 42 18	 => 189
 34 18 42 53 16 26	 => 189
 17 26 16 47 52 31	 => 189
 43 31 52 20 11 32	 => 189
 42 22 7 27 38 53	 => 189
 16 53 38 2 33 47	 => 189
 52 47 33 23 14 20	 => 189


===================[TEST 6]===================

##### START ##### Thu May 22 00:35:37 2003



##### CONVERGE ##### Thu May 22 00:36:24 2003

Elapsed time: 47 seconds
Total loop: 83 generations

Result : 188.306

7 25 43 46 50 19 22 13 47 39 6 45 44 9 16 26 41 18 29 34 37 14 51 31 5 2 28 40 53 15 33 30 27 23 38 48 12 10 4 36 42 49 21 35 54 24 3 11 20 32 1 52 8 17 

 7 25 43 46 50 19	 => 190
 22 19 50 13 47 39	 => 190
 6 39 47 45 44 9	 => 190
 43 16 26 41 18 46	 => 190
 50 46 18 29 34 13	 => 190
 47 13 34 37 14 45	 => 190
 44 45 14 51 31 5	 => 190
 26 2 28 40 53 41	 => 190
 18 41 53 15 33 29	 => 189
 34 29 33 30 27 37	 => 190
 14 37 27 23 38 51	 => 190
 31 51 38 48 12 10	 => 190
 53 40 4 36 42 15	 => 190
 33 15 42 49 21 30	 => 190
 27 30 21 35 54 23	 => 190
 38 23 54 24 3 48	 => 190
 42 36 11 20 32 49	 => 190
 21 49 32 1 52 35	 => 190
 54 35 52 8 17 24	 => 190


===================[TEST 7]===================

##### START ##### Thu May 22 00:36:24 2003



##### CONVERGE ##### Thu May 22 00:37:28 2003

Elapsed time: 64 seconds
Total loop: 111 generations

Result : 187.64

14 25 29 45 53 24 2 23 52 36 7 46 40 9 4 43 50 18 30 21 47 1 54 27 22 17 19 33 28 31 32 26 34 15 39 38 12 20 8 49 41 44 16 48 51 42 5 13 6 37 10 35 3 11 

 14 25 29 45 53 24	 => 190
 2 24 53 23 52 36	 => 190
 7 36 52 46 40 9	 => 190
 29 4 43 50 18 45	 => 189
 53 45 18 30 21 23	 => 190
 52 23 21 47 1 46	 => 190
 40 46 1 54 27 22	 => 190
 43 17 19 33 28 50	 => 190
 18 50 28 31 32 30	 => 189
 21 30 32 26 34 47	 => 190
 1 47 34 15 39 54	 => 190
 27 54 39 38 12 20	 => 190
 28 33 8 49 41 31	 => 190
 32 31 41 44 16 26	 => 190
 34 26 16 48 51 15	 => 190
 39 15 51 42 5 38	 => 190
 41 49 13 6 37 44	 => 190
 16 44 37 10 35 48	 => 190
 51 48 35 3 11 42	 => 190


===================[TEST 8]===================

##### START ##### Thu May 22 00:37:28 2003



##### CONVERGE ##### Thu May 22 00:38:11 2003

Elapsed time: 43 seconds
Total loop: 76 generations

Result : 187.215

9 6 36 40 54 46 2 10 47 31 29 37 27 19 5 39 49 21 24 41 30 25 42 43 16 3 17 32 51 18 28 44 23 20 50 26 14 15 7 48 34 53 13 52 38 45 11 1 22 33 4 35 8 12 

 9 6 36 40 54 46	 => 191
 2 46 54 10 47 31	 => 190
 29 31 47 37 27 19	 => 190
 36 5 39 49 21 40	 => 190
 54 40 21 24 41 10	 => 190
 47 10 41 30 25 37	 => 190
 27 37 25 42 43 16	 => 190
 39 3 17 32 51 49	 => 191
 21 49 51 18 28 24	 => 191
 41 24 28 44 23 30	 => 190
 25 30 23 20 50 42	 => 190
 43 42 50 26 14 15	 => 190
 51 32 7 48 34 18	 => 190
 28 18 34 53 13 44	 => 190
 23 44 13 52 38 20	 => 190
 50 20 38 45 11 26	 => 190
 34 48 1 22 33 53	 => 191
 13 53 33 4 35 52	 => 190
 38 52 35 8 12 45	 => 190


===================[TEST 9]===================

##### START ##### Thu May 22 00:38:11 2003



##### CONVERGE ##### Thu May 22 00:39:25 2003

Elapsed time: 74 seconds
Total loop: 129 generations

Result : 188.412

12 8 48 50 47 25 21 26 43 28 15 45 37 22 2 31 49 10 24 33 20 23 51 29 5 19 13 32 46 27 34 39 40 4 52 41 16 1 3 44 38 35 17 36 54 30 9 14 6 53 7 42 18 11 

 12 8 48 50 47 25	 => 190
 21 25 47 26 43 28	 => 190
 15 28 43 45 37 22	 => 190
 48 2 31 49 10 50	 => 190
 47 50 10 24 33 26	 => 190
 43 26 33 20 23 45	 => 190
 37 45 23 51 29 5	 => 190
 31 19 13 32 46 49	 => 190
 10 49 46 27 34 24	 => 190
 33 24 34 39 40 20	 => 190
 23 20 40 4 52 51	 => 190
 29 51 52 41 16 1	 => 190
 46 32 3 44 38 27	 => 190
 34 27 38 35 17 39	 => 190
 40 39 17 36 54 4	 => 190
 52 4 54 30 9 41	 => 190
 38 44 14 6 53 35	 => 190
 17 35 53 7 42 36	 => 190
 54 36 42 18 11 30	 => 191


===================[TEST 10]===================

##### START ##### Thu May 22 00:39:25 2003



##### CONVERGE ##### Thu May 22 00:40:20 2003

Elapsed time: 55 seconds
Total loop: 96 generations

Result : 186.478

12 19 23 49 38 48 6 2 52 44 16 41 27 9 8 50 35 24 30 46 26 22 51 45 3 4 29 32 39 18 43 20 25 34 31 33 15 14 21 42 37 54 17 53 40 47 5 7 13 36 1 28 10 11 

 12 19 23 49 38 48	 => 189
 6 48 38 2 52 44	 => 190
 16 44 52 41 27 9	 => 189
 23 8 50 35 24 49	 => 189
 38 49 24 30 46 2	 => 189
 52 2 46 26 22 41	 => 189
 27 41 22 51 45 3	 => 189
 50 4 29 32 39 35	 => 189
 24 35 39 18 43 30	 => 189
 46 30 43 20 25 26	 => 190
 22 26 25 34 31 51	 => 189
 45 51 31 33 15 14	 => 189
 39 32 21 42 37 18	 => 189
 43 18 37 54 17 20	 => 189
 25 20 17 53 40 34	 => 189
 31 34 40 47 5 33	 => 190
 37 42 7 13 36 54	 => 189
 17 54 36 1 28 53	 => 189
 40 53 28 10 11 47	 => 189


===================[TEST 11]===================

##### START ##### Thu May 22 00:40:20 2003



##### CONVERGE ##### Thu May 22 00:41:29 2003

Elapsed time: 69 seconds
Total loop: 122 generations

Result : 187.215

10 22 36 47 46 29 8 16 54 38 12 52 30 5 1 35 45 26 24 31 23 14 51 33 11 9 13 48 40 28 27 32 53 7 42 43 17 4 3 37 34 50 19 41 39 44 15 2 18 49 6 25 21 20 

 10 22 36 47 46 29	 => 190
 8 29 46 16 54 38	 => 191
 12 38 54 52 30 5	 => 191
 36 1 35 45 26 47	 => 190
 46 47 26 24 31 16	 => 190
 54 16 31 23 14 52	 => 190
 30 52 14 51 33 11	 => 191
 35 9 13 48 40 45	 => 190
 26 45 40 28 27 24	 => 190
 31 24 27 32 53 23	 => 190
 14 23 53 7 42 51	 => 190
 33 51 42 43 17 4	 => 190
 40 48 3 37 34 28	 => 190
 27 28 34 50 19 32	 => 190
 53 32 19 41 39 7	 => 191
 42 7 39 44 15 43	 => 190
 34 37 2 18 49 50	 => 190
 19 50 49 6 25 41	 => 190
 39 41 25 21 20 44	 => 190


===================[TEST 12]===================

##### START ##### Thu May 22 00:41:29 2003



##### CONVERGE ##### Thu May 22 00:42:46 2003

Elapsed time: 77 seconds
Total loop: 135 generations

Result : 187.616

9 11 49 50 32 39 4 20 52 43 19 40 29 7 3 31 38 18 37 33 24 21 42 48 10 13 25 36 47 16 34 28 35 14 54 26 12 8 1 44 46 51 15 45 53 41 2 17 5 27 30 22 6 23 

 9 11 49 50 32 39	 => 190
 4 39 32 20 52 43	 => 190
 19 43 52 40 29 7	 => 190
 49 3 31 38 18 50	 => 189
 32 50 18 37 33 20	 => 190
 52 20 33 24 21 40	 => 190
 29 40 21 42 48 10	 => 190
 31 13 25 36 47 38	 => 190
 18 38 47 16 34 37	 => 190
 33 37 34 28 35 24	 => 191
 21 24 35 14 54 42	 => 190
 48 42 54 26 12 8	 => 190
 47 36 1 44 46 16	 => 190
 34 16 46 51 15 28	 => 190
 35 28 15 45 53 14	 => 190
 54 14 53 41 2 26	 => 190
 46 44 17 5 27 51	 => 190
 15 51 27 30 22 45	 => 190
 53 45 22 6 23 41	 => 190


===================[TEST 13]===================

##### START ##### Thu May 22 00:42:46 2003



##### CONVERGE ##### Thu May 22 00:44:02 2003

Elapsed time: 76 seconds
Total loop: 133 generations

Result : 187.412

8 9 42 50 46 34 7 15 54 33 25 27 36 14 6 38 35 18 31 29 23 41 43 39 3 12 19 37 48 13 44 30 32 10 40 26 17 24 11 52 28 53 21 45 51 47 16 5 2 49 1 20 22 4 

 8 9 42 50 46 34	 => 189
 7 34 46 15 54 33	 => 189
 25 33 54 27 36 14	 => 189
 42 6 38 35 18 50	 => 189
 46 50 18 31 29 15	 => 189
 54 15 29 23 41 27	 => 189
 36 27 41 43 39 3	 => 189
 38 12 19 37 48 35	 => 189
 18 35 48 13 44 31	 => 189
 29 31 44 30 32 23	 => 189
 41 23 32 10 40 43	 => 189
 39 43 40 26 17 24	 => 189
 48 37 11 52 28 13	 => 189
 44 13 28 53 21 30	 => 189
 32 30 21 45 51 10	 => 189
 40 10 51 47 16 26	 => 190
 28 52 5 2 49 53	 => 189
 21 53 49 1 20 45	 => 189
 51 45 20 22 4 47	 => 189


===================[TEST 14]===================

##### START ##### Thu May 22 00:44:02 2003



##### CONVERGE ##### Thu May 22 00:45:24 2003

Elapsed time: 82 seconds
Total loop: 143 generations

Result : 187.616

14 7 30 53 51 34 9 15 37 44 3 54 32 20 4 49 31 23 29 19 40 25 45 33 1 11 22 27 50 21 36 42 24 13 43 46 5 18 6 48 38 41 12 47 52 26 10 8 16 39 17 35 2 28 

 14 7 30 53 51 34	 => 189
 9 34 51 15 37 44	 => 190
 3 44 37 54 32 20	 => 190
 30 4 49 31 23 53	 => 190
 51 53 23 29 19 15	 => 190
 37 15 19 40 25 54	 => 190
 32 54 25 45 33 1	 => 190
 49 11 22 27 50 31	 => 190
 23 31 50 21 36 29	 => 190
 19 29 36 42 24 40	 => 190
 25 40 24 13 43 45	 => 190
 33 45 43 46 5 18	 => 190
 50 27 6 48 38 21	 => 190
 36 21 38 41 12 42	 => 190
 24 42 12 47 52 13	 => 190
 43 13 52 26 10 46	 => 190
 38 48 8 16 39 41	 => 190
 12 41 39 17 35 47	 => 191
 52 47 35 2 28 26	 => 190


===================[TEST 15]===================

##### START ##### Thu May 22 00:45:24 2003



##### CONVERGE ##### Thu May 22 00:46:48 2003

Elapsed time: 84 seconds
Total loop: 110 generations

Result : 187.85

18 8 45 44 49 26 3 9 52 51 7 36 38 6 5 25 50 22 24 42 30 21 46 35 14 12 2 48 54 11 29 32 33 19 41 40 13 15 17 23 37 53 28 31 47 39 4 16 27 34 1 43 20 10 

 18 8 45 44 49 26	 => 190
 3 26 49 9 52 51	 => 190
 7 51 52 36 38 6	 => 190
 45 5 25 50 22 44	 => 191
 49 44 22 24 42 9	 => 190
 52 9 42 30 21 36	 => 190
 38 36 21 46 35 14	 => 190
 25 12 2 48 54 50	 => 191
 22 50 54 11 29 24	 => 190
 42 24 29 32 33 30	 => 190
 21 30 33 19 41 46	 => 190
 35 46 41 40 13 15	 => 190
 54 48 17 23 37 11	 => 190
 29 11 37 53 28 32	 => 190
 33 32 28 31 47 19	 => 190
 41 19 47 39 4 40	 => 190
 37 23 16 27 34 53	 => 190
 28 53 34 1 43 31	 => 190
 47 31 43 20 10 39	 => 190


===================[TEST 16]===================

##### START ##### Thu May 22 00:46:48 2003



##### CONVERGE ##### Thu May 22 00:47:42 2003

Elapsed time: 54 seconds
Total loop: 93 generations

Result : 187.412

3 15 27 51 52 41 19 2 49 26 4 48 44 18 5 39 53 14 20 50 24 16 54 17 10 12 7 40 38 30 34 33 28 25 42 46 21 9 6 43 32 37 23 35 45 31 1 22 8 47 11 36 29 13 

 3 15 27 51 52 41	 => 189
 19 41 52 2 49 26	 => 189
 4 26 49 48 44 18	 => 189
 27 5 39 53 14 51	 => 189
 52 51 14 20 50 2	 => 189
 49 2 50 24 16 48	 => 189
 44 48 16 54 17 10	 => 189
 39 12 7 40 38 53	 => 189
 14 53 38 30 34 20	 => 189
 50 20 34 33 28 24	 => 189
 16 24 28 25 42 54	 => 189
 17 54 42 46 21 9	 => 189
 38 40 6 43 32 30	 => 189
 34 30 32 37 23 33	 => 189
 28 33 23 35 45 25	 => 189
 42 25 45 31 1 46	 => 190
 32 43 22 8 47 37	 => 189
 23 37 47 11 36 35	 => 189
 45 35 36 29 13 31	 => 189


===================[TEST 17]===================

##### START ##### Thu May 22 00:47:42 2003



##### CONVERGE ##### Thu May 22 00:48:31 2003

Elapsed time: 49 seconds
Total loop: 86 generations

Result : 187.163

14 24 30 42 43 36 10 6 48 47 2 38 37 18 3 44 50 21 25 52 26 20 49 45 1 13 7 23 53 22 19 35 32 17 46 31 15 4 9 29 54 33 27 40 39 41 16 12 28 34 5 51 11 8 

 14 24 30 42 43 36	 => 189
 10 36 43 6 48 47	 => 190
 2 47 48 38 37 18	 => 190
 30 3 44 50 21 42	 => 190
 43 42 21 25 52 6	 => 189
 48 6 52 26 20 38	 => 190
 37 38 20 49 45 1	 => 190
 44 13 7 23 53 50	 => 190
 21 50 53 22 19 25	 => 190
 52 25 19 35 32 26	 => 189
 20 26 32 17 46 49	 => 190
 45 49 46 31 15 4	 => 190
 53 23 9 29 54 22	 => 190
 19 22 54 33 27 35	 => 190
 32 35 27 40 39 17	 => 190
 46 17 39 41 16 31	 => 190
 54 29 12 28 34 33	 => 190
 27 33 34 5 51 40	 => 190
 39 40 51 11 8 41	 => 190


===================[TEST 18]===================

##### START ##### Thu May 22 00:48:31 2003



##### CONVERGE ##### Thu May 22 00:49:31 2003

Elapsed time: 60 seconds
Total loop: 106 generations

Result : 188.412

1 17 40 34 54 44 2 14 49 27 15 43 45 11 4 36 53 23 24 41 31 12 46 37 7 5 9 48 39 21 30 35 29 25 47 51 3 6 13 20 50 38 16 52 33 26 8 22 18 42 10 32 19 28 

 1 17 40 34 54 44	 => 190
 2 44 54 14 49 27	 => 190
 15 27 49 43 45 11	 => 190
 40 4 36 53 23 34	 => 190
 54 34 23 24 41 14	 => 190
 49 14 41 31 12 43	 => 190
 45 43 12 46 37 7	 => 190
 36 5 9 48 39 53	 => 190
 23 53 39 21 30 24	 => 190
 41 24 30 35 29 31	 => 190
 12 31 29 25 47 46	 => 190
 37 46 47 51 3 6	 => 190
 39 48 13 20 50 21	 => 191
 30 21 50 38 16 35	 => 190
 29 35 16 52 33 25	 => 190
 47 25 33 26 8 51	 => 190
 50 20 22 18 42 38	 => 190
 16 38 42 10 32 52	 => 190
 33 52 32 19 28 26	 => 190


===================[TEST 19]===================

##### START ##### Thu May 22 00:49:31 2003



##### CONVERGE ##### Thu May 22 00:50:39 2003

Elapsed time: 68 seconds
Total loop: 118 generations

Result : 188.412

10 22 28 54 52 24 15 11 51 37 5 47 38 12 1 46 43 18 26 29 35 17 48 27 13 3 6 42 50 14 40 21 39 2 49 32 25 9 4 36 44 41 30 45 53 31 23 20 16 33 7 34 19 8 

 10 22 28 54 52 24	 => 190
 15 24 52 11 51 37	 => 190
 5 37 51 47 38 12	 => 190
 28 1 46 43 18 54	 => 190
 52 54 18 26 29 11	 => 190
 51 11 29 35 17 47	 => 190
 38 47 17 48 27 13	 => 190
 46 3 6 42 50 43	 => 190
 18 43 50 14 40 26	 => 191
 29 26 40 21 39 35	 => 190
 17 35 39 2 49 48	 => 190
 27 48 49 32 25 9	 => 190
 50 42 4 36 44 14	 => 190
 40 14 44 41 30 21	 => 190
 39 21 30 45 53 2	 => 190
 49 2 53 31 23 32	 => 190
 44 36 20 16 33 41	 => 190
 30 41 33 7 34 45	 => 190
 53 45 34 19 8 31	 => 190


===================[TEST 20]===================

##### START ##### Thu May 22 00:50:39 2003



##### CONVERGE ##### Thu May 22 00:51:44 2003

Elapsed time: 65 seconds
Total loop: 114 generations

Result (Solution) : 188

32 10 26 47 39 34 9 20 36 50 5 49 44 4 2 41 51 21 42 19 52 12 53 23 7 22 1 48 25 16 33 28 14 17 40 31 30 11 27 35 37 45 29 46 54 43 3 15 18 38 6 24 8 13 

 32 10 26 47 39 34	 => 188
 9 34 39 20 36 50	 => 188
 5 50 36 49 44 4	 => 188
 26 2 41 51 21 47	 => 188
 39 47 21 42 19 20	 => 188
 36 20 19 52 12 49	 => 188
 44 49 12 53 23 7	 => 188
 41 22 1 48 25 51	 => 188
 21 51 25 16 33 42	 => 188
 19 42 33 28 14 52	 => 188
 12 52 14 17 40 53	 => 188
 23 53 40 31 30 11	 => 188
 25 48 27 35 37 16	 => 188
 33 16 37 45 29 28	 => 188
 14 28 29 46 54 17	 => 188
 40 17 54 43 3 31	 => 188
 37 35 15 18 38 45	 => 188
 29 45 38 6 24 46	 => 188
 54 46 24 8 13 43	 => 188


===================[TEST 21]===================

##### START ##### Thu May 22 00:51:44 2003



##### CONVERGE ##### Thu May 22 00:52:39 2003

Elapsed time: 55 seconds
Total loop: 96 generations

Result : 188.306

13 7 31 47 48 44 1 15 43 39 9 49 30 20 6 42 50 14 28 38 35 10 45 53 3 5 16 25 52 24 22 37 29 17 54 26 8 4 11 51 27 46 34 32 41 33 19 12 18 36 2 40 21 23 

 13 7 31 47 48 44	 => 190
 1 44 48 15 43 39	 => 190
 9 39 43 49 30 20	 => 190
 31 6 42 50 14 47	 => 190
 48 47 14 28 38 15	 => 190
 43 15 38 35 10 49	 => 190
 30 49 10 45 53 3	 => 190
 42 5 16 25 52 50	 => 190
 14 50 52 24 22 28	 => 190
 38 28 22 37 29 35	 => 189
 10 35 29 17 54 45	 => 190
 53 45 54 26 8 4	 => 190
 52 25 11 51 27 24	 => 190
 22 24 27 46 34 37	 => 190
 29 37 34 32 41 17	 => 190
 54 17 41 33 19 26	 => 190
 27 51 12 18 36 46	 => 190
 34 46 36 2 40 32	 => 190
 41 32 40 21 23 33	 => 190


===================[TEST 22]===================

##### START ##### Thu May 22 00:52:39 2003



##### CONVERGE ##### Thu May 22 00:53:49 2003

Elapsed time: 70 seconds
Total loop: 124 generations

Result : 188.412

3 19 34 51 48 35 8 16 41 42 18 49 25 15 6 22 54 23 24 28 27 29 32 53 2 14 10 52 38 21 30 37 44 11 47 45 9 4 7 33 39 46 17 50 31 43 13 12 20 40 1 36 26 5 

 3 19 34 51 48 35	 => 190
 8 35 48 16 41 42	 => 190
 18 42 41 49 25 15	 => 190
 34 6 22 54 23 51	 => 190
 48 51 23 24 28 16	 => 190
 41 16 28 27 29 49	 => 190
 25 49 29 32 53 2	 => 190
 22 14 10 52 38 54	 => 190
 23 54 38 21 30 24	 => 190
 28 24 30 37 44 27	 => 190
 29 27 44 11 47 32	 => 190
 53 32 47 45 9 4	 => 190
 38 52 7 33 39 21	 => 190
 30 21 39 46 17 37	 => 190
 44 37 17 50 31 11	 => 190
 47 11 31 43 13 45	 => 190
 39 33 12 20 40 46	 => 190
 17 46 40 1 36 50	 => 190
 31 50 36 26 5 43	 => 191

21 10 29 41 54 31 8 16 50 27 13 53 17 26 14 52 44 6 37 32 2 33 43 39 1 30 11 34 15 35 49 24 42 18 48 40 9 7 20 46 36 38 4 51 47 28 5 22 19 25 23 45 3 12 

 21 10 29 41 54 31	 => 186
 8 31 54 16 50 27	 => 186
 13 27 50 53 17 26	 => 186
 29 14 52 44 6 41	 => 186
 54 41 6 37 32 16	 => 186
 50 16 32 2 33 53	 => 186
 17 53 33 43 39 1	 => 186
 52 30 11 34 15 44	 => 186
 6 44 15 35 49 37	 => 186
 32 37 49 24 42 2	 => 186
 33 2 42 18 48 43	 => 186
 39 43 48 40 9 7	 => 186
 15 34 20 46 36 35	 => 186
 49 35 36 38 4 24	 => 186
 42 24 4 51 47 18	 => 186
 48 18 47 28 5 40	 => 186
 36 46 22 19 25 38	 => 186
 4 38 25 23 45 51	 => 186
 47 51 45 3 12 28	 => 186


===================[TEST 23]===================

##### START ##### Thu May 22 00:53:49 2003



##### CONVERGE ##### Thu May 22 00:54:37 2003

Elapsed time: 48 seconds
Total loop: 83 generations

Result : 186.616

11 7 46 30 54 41 1 25 37 31 29 44 34 14 16 47 42 8 51 21 35 28 53 24 6 3 12 33 52 10 26 38 18 23 32 50 13 17 9 45 40 48 27 39 43 36 5 19 15 22 4 49 2 20 

 11 7 46 30 54 41	 => 189
 1 41 54 25 37 31	 => 189
 29 31 37 44 34 14	 => 189
 46 16 47 42 8 30	 => 189
 54 30 8 51 21 25	 => 189
 37 25 21 35 28 44	 => 190
 34 44 28 53 24 6	 => 189
 47 3 12 33 52 42	 => 189
 8 42 52 10 26 51	 => 189
 21 51 26 38 18 35	 => 189
 28 35 18 23 32 53	 => 189
 24 53 32 50 13 17	 => 189
 52 33 9 45 40 10	 => 189
 26 10 40 48 27 38	 => 189
 18 38 27 39 43 23	 => 188
 32 23 43 36 5 50	 => 189
 40 45 19 15 22 48	 => 189
 27 48 22 4 49 39	 => 189
 43 39 49 2 20 36	 => 189


===================[TEST 24]===================

##### START ##### Thu May 22 00:54:37 2003



##### CONVERGE ##### Thu May 22 00:55:20 2003

Elapsed time: 43 seconds
Total loop: 75 generations

Result : 186.478

19 12 17 46 43 52 2 3 48 42 13 50 21 15 10 54 39 24 37 36 27 25 38 47 8 29 1 40 26 28 35 22 32 23 45 30 18 11 9 33 53 31 20 41 51 34 6 7 16 49 4 44 14 5 

 19 12 17 46 43 52	 => 189
 2 52 43 3 48 42	 => 190
 13 42 48 50 21 15	 => 189
 17 10 54 39 24 46	 => 190
 43 46 24 37 36 3	 => 189
 48 3 36 27 25 50	 => 189
 21 50 25 38 47 8	 => 189
 54 29 1 40 26 39	 => 189
 24 39 26 28 35 37	 => 189
 36 37 35 22 32 27	 => 189
 25 27 32 23 45 38	 => 190
 47 38 45 30 18 11	 => 189
 26 40 9 33 53 28	 => 189
 35 28 53 31 20 22	 => 189
 32 22 20 41 51 23	 => 189
 45 23 51 34 6 30	 => 189
 53 33 7 16 49 31	 => 189
 20 31 49 4 44 41	 => 189
 51 41 44 14 5 34	 => 189


===================[TEST 25]===================

##### START ##### Thu May 22 00:55:20 2003



##### CONVERGE ##### Thu May 22 00:56:09 2003

Elapsed time: 49 seconds
Total loop: 87 generations

Result : 187.163

12 15 50 36 54 23 4 25 46 37 19 49 38 1 8 26 41 29 24 22 34 14 52 31 6 21 20 39 43 11 42 35 33 17 40 44 18 5 2 48 47 27 28 45 32 53 3 7 10 51 9 30 13 16 

 12 15 50 36 54 23	 => 190
 4 23 54 25 46 37	 => 189
 19 37 46 49 38 1	 => 190
 50 8 26 41 29 36	 => 190
 54 36 29 24 22 25	 => 190
 46 25 22 34 14 49	 => 190
 38 49 14 52 31 6	 => 190
 26 21 20 39 43 41	 => 190
 29 41 43 11 42 24	 => 190
 22 24 42 35 33 34	 => 190
 14 34 33 17 40 52	 => 190
 31 52 40 44 18 5	 => 190
 43 39 2 48 47 11	 => 190
 42 11 47 27 28 35	 => 190
 33 35 28 45 32 17	 => 190
 40 17 32 53 3 44	 => 189
 47 48 7 10 51 27	 => 190
 28 27 51 9 30 45	 => 190
 32 45 30 13 16 53	 => 189


===================[TEST 26]===================

##### START ##### Thu May 22 00:56:09 2003



##### CONVERGE ##### Thu May 22 00:57:17 2003

Elapsed time: 68 seconds
Total loop: 118 generations

Result : 187.85

15 14 33 45 48 35 3 26 54 25 16 37 52 6 1 51 43 17 30 24 39 10 41 46 4 5 12 27 53 11 36 23 38 22 40 47 7 9 18 32 49 50 21 44 42 31 8 2 29 28 13 34 19 20 

 15 14 33 45 48 35	 => 190
 3 35 48 26 54 25	 => 191
 16 25 54 37 52 6	 => 190
 33 1 51 43 17 45	 => 190
 48 45 17 30 24 26	 => 190
 54 26 24 39 10 37	 => 190
 52 37 10 41 46 4	 => 190
 51 5 12 27 53 43	 => 191
 17 43 53 11 36 30	 => 190
 24 30 36 23 38 39	 => 190
 10 39 38 22 40 41	 => 190
 46 41 40 47 7 9	 => 190
 53 27 18 32 49 11	 => 190
 36 11 49 50 21 23	 => 190
 38 23 21 44 42 22	 => 190
 40 22 42 31 8 47	 => 190
 49 32 2 29 28 50	 => 190
 21 50 28 13 34 44	 => 190
 42 44 34 19 20 31	 => 190


===================[TEST 27]===================

##### START ##### Thu May 22 00:57:17 2003



##### CONVERGE ##### Thu May 22 00:58:09 2003

Elapsed time: 52 seconds
Total loop: 91 generations

Result : 187.163

4 5 43 45 54 39 2 15 47 33 8 44 48 10 6 30 53 12 35 29 41 14 40 42 1 18 9 31 49 17 24 38 23 20 52 19 16 21 22 37 34 51 26 46 36 50 13 11 25 32 7 28 27 3 

 4 5 43 45 54 39	 => 190
 2 39 54 15 47 33	 => 190
 8 33 47 44 48 10	 => 190
 43 6 30 53 12 45	 => 189
 54 45 12 35 29 15	 => 190
 47 15 29 41 14 44	 => 190
 48 44 14 40 42 1	 => 189
 30 18 9 31 49 53	 => 190
 12 53 49 17 24 35	 => 190
 29 35 24 38 23 41	 => 190
 14 41 23 20 52 40	 => 190
 42 40 52 19 16 21	 => 190
 49 31 22 37 34 17	 => 190
 24 17 34 51 26 38	 => 190
 23 38 26 46 36 20	 => 189
 52 20 36 50 13 19	 => 190
 34 37 11 25 32 51	 => 190
 26 51 32 7 28 46	 => 190
 36 46 28 27 3 50	 => 190


===================[TEST 28]===================

##### START ##### Thu May 22 00:58:09 2003



##### CONVERGE ##### Thu May 22 00:59:11 2003

Elapsed time: 62 seconds
Total loop: 108 generations

Result : 187.501

5 10 33 54 47 42 2 20 45 35 21 46 37 7 6 32 53 13 26 31 34 14 49 29 15 23 4 28 51 9 39 36 24 18 52 30 19 12 17 41 44 38 25 48 40 43 8 16 1 50 3 27 11 22 

 5 10 33 54 47 42	 => 191
 2 42 47 20 45 35	 => 191
 21 35 45 46 37 7	 => 191
 33 6 32 53 13 54	 => 191
 47 54 13 26 31 20	 => 191
 45 20 31 34 14 46	 => 190
 37 46 14 49 29 15	 => 190
 32 23 4 28 51 53	 => 191
 13 53 51 9 39 26	 => 191
 31 26 39 36 24 34	 => 190
 14 34 24 18 52 49	 => 191
 29 49 52 30 19 12	 => 191
 51 28 17 41 44 9	 => 190
 39 9 44 38 25 36	 => 191
 24 36 25 48 40 18	 => 191
 52 18 40 43 8 30	 => 191
 44 41 16 1 50 38	 => 190
 25 38 50 3 27 48	 => 191
 40 48 27 11 22 43	 => 191


===================[TEST 29]===================

##### START ##### Thu May 22 00:59:11 2003



##### CONVERGE ##### Thu May 22 01:00:11 2003

Elapsed time: 60 seconds
Total loop: 106 generations

Result : 187.64

20 15 24 51 39 41 10 21 44 35 3 40 52 16 8 45 53 9 22 48 25 12 50 34 2 13 14 29 36 28 42 27 26 30 47 32 23 4 5 54 38 37 18 46 43 31 7 17 11 33 6 49 19 1 

 20 15 24 51 39 41	 => 190
 10 41 39 21 44 35	 => 190
 3 35 44 40 52 16	 => 190
 24 8 45 53 9 51	 => 190
 39 51 9 22 48 21	 => 190
 44 21 48 25 12 40	 => 190
 52 40 12 50 34 2	 => 190
 45 13 14 29 36 53	 => 190
 9 53 36 28 42 22	 => 190
 48 22 42 27 26 25	 => 190
 12 25 26 30 47 50	 => 190
 34 50 47 32 23 4	 => 190
 36 29 5 54 38 28	 => 190
 42 28 38 37 18 27	 => 190
 26 27 18 46 43 30	 => 190
 47 30 43 31 7 32	 => 190
 38 54 17 11 33 37	 => 190
 18 37 33 6 49 46	 => 189
 43 46 49 19 1 31	 => 189


===================[TEST 30]===================

##### START ##### Thu May 22 01:00:11 2003



##### CONVERGE ##### Thu May 22 01:01:27 2003

Elapsed time: 76 seconds
Total loop: 132 generations

Result : 188.306

20 14 45 37 48 26 17 9 50 40 5 54 28 13 4 25 52 27 39 30 24 23 44 35 6 18 21 36 38 12 22 41 33 19 47 51 10 3 15 43 46 53 16 49 32 34 7 11 8 29 1 42 2 31 

 20 14 45 37 48 26	 => 190
 17 26 48 9 50 40	 => 190
 5 40 50 54 28 13	 => 190
 45 4 25 52 27 37	 => 190
 48 37 27 39 30 9	 => 190
 50 9 30 24 23 54	 => 190
 28 54 23 44 35 6	 => 190
 25 18 21 36 38 52	 => 190
 27 52 38 12 22 39	 => 190
 30 39 22 41 33 24	 => 189
 23 24 33 19 47 44	 => 190
 35 44 47 51 10 3	 => 190
 38 36 15 43 46 12	 => 190
 22 12 46 53 16 41	 => 190
 33 41 16 49 32 19	 => 190
 47 19 32 34 7 51	 => 190
 46 43 11 8 29 53	 => 190
 16 53 29 1 42 49	 => 190
 32 49 42 2 31 34	 => 190


===================[TEST 31]===================

##### START ##### Thu May 22 01:01:27 2003



##### CONVERGE ##### Thu May 22 01:02:32 2003

Elapsed time: 65 seconds
Total loop: 115 generations

Result : 186.85

11 9 31 51 43 44 1 25 53 23 10 40 36 27 18 32 50 7 42 22 30 19 48 35 12 3 6 52 46 20 24 38 33 5 54 34 2 16 8 26 37 41 29 39 45 47 4 21 15 49 14 17 13 28 

 11 9 31 51 43 44	 => 189
 1 44 43 25 53 23	 => 189
 10 23 53 40 36 27	 => 189
 31 18 32 50 7 51	 => 189
 43 51 7 42 22 25	 => 190
 53 25 22 30 19 40	 => 189
 36 40 19 48 35 12	 => 190
 32 3 6 52 46 50	 => 189
 7 50 46 20 24 42	 => 189
 22 42 24 38 33 30	 => 189
 19 30 33 5 54 48	 => 189
 35 48 54 34 2 16	 => 189
 46 52 8 26 37 20	 => 189
 24 20 37 41 29 38	 => 189
 33 38 29 39 45 5	 => 189
 54 5 45 47 4 34	 => 189
 37 26 21 15 49 41	 => 189
 29 41 49 14 17 39	 => 189
 45 39 17 13 28 47	 => 189


===================[TEST 32]===================

##### START ##### Thu May 22 01:02:32 2003



##### CONVERGE ##### Thu May 22 01:04:21 2003

Elapsed time: 109 seconds
Total loop: 191 generations

Result : 187.794

18 10 29 47 50 36 16 8 43 38 2 51 45 12 5 44 46 20 24 42 28 19 41 32 3 4 14 34 49 13 39 31 26 23 54 40 7 17 15 27 53 33 22 52 37 35 1 21 9 48 6 30 11 25 

 18 10 29 47 50 36	 => 190
 16 36 50 8 43 38	 => 191
 2 38 43 51 45 12	 => 191
 29 5 44 46 20 47	 => 191
 50 47 20 24 42 8	 => 191
 43 8 42 28 19 51	 => 191
 45 51 19 41 32 3	 => 191
 44 4 14 34 49 46	 => 191
 20 46 49 13 39 24	 => 191
 42 24 39 31 26 28	 => 190
 19 28 26 23 54 41	 => 191
 32 41 54 40 7 17	 => 191
 49 34 15 27 53 13	 => 191
 39 13 53 33 22 31	 => 191
 26 31 22 52 37 23	 => 191
 54 23 37 35 1 40	 => 190
 53 27 21 9 48 33	 => 191
 22 33 48 6 30 52	 => 191
 37 52 30 11 25 35	 => 190


===================[TEST 33]===================

##### START ##### Thu May 22 01:04:21 2003



##### CONVERGE ##### Thu May 22 01:05:04 2003

Elapsed time: 43 seconds
Total loop: 76 generations

Result : 186.85

20 5 48 33 54 30 10 4 52 39 6 51 23 18 1 42 53 12 41 45 15 22 49 37 8 9 3 44 38 26 19 40 29 24 50 35 7 11 2 32 47 43 14 46 36 31 13 17 16 34 25 27 28 21 

 20 5 48 33 54 30	 => 190
 10 30 54 4 52 39	 => 189
 6 39 52 51 23 18	 => 189
 48 1 42 53 12 33	 => 189
 54 33 12 41 45 4	 => 189
 52 4 45 15 22 51	 => 189
 23 51 22 49 37 8	 => 190
 42 9 3 44 38 53	 => 189
 12 53 38 26 19 41	 => 189
 45 41 19 40 29 15	 => 189
 22 15 29 24 50 49	 => 189
 37 49 50 35 7 11	 => 189
 38 44 2 32 47 26	 => 189
 19 26 47 43 14 40	 => 189
 29 40 14 46 36 24	 => 189
 50 24 36 31 13 35	 => 189
 47 32 17 16 34 43	 => 189
 14 43 34 25 27 46	 => 189
 36 46 27 28 21 31	 => 189


===================[TEST 34]===================

##### START ##### Thu May 22 01:05:04 2003



##### CONVERGE ##### Thu May 22 01:05:53 2003

Elapsed time: 49 seconds
Total loop: 85 generations

Result : 187.215

17 9 53 31 48 32 1 13 54 42 8 37 29 20 4 34 50 18 39 41 26 19 51 40 14 15 3 52 36 12 35 25 24 22 49 33 11 6 16 30 44 46 28 45 47 38 2 21 27 23 5 43 10 7 

 17 9 53 31 48 32	 => 190
 1 32 48 13 54 42	 => 190
 8 42 54 37 29 20	 => 190
 53 4 34 50 18 31	 => 190
 48 31 18 39 41 13	 => 190
 54 13 41 26 19 37	 => 190
 29 37 19 51 40 14	 => 190
 34 15 3 52 36 50	 => 190
 18 50 36 12 35 39	 => 190
 41 39 35 25 24 26	 => 190
 19 26 24 22 49 51	 => 191
 40 51 49 33 11 6	 => 190
 36 52 16 30 44 12	 => 190
 35 12 44 46 28 25	 => 190
 24 25 28 45 47 22	 => 191
 49 22 47 38 2 33	 => 191
 44 30 21 27 23 46	 => 191
 28 46 23 5 43 45	 => 190
 47 45 43 10 7 38	 => 190


===================[TEST 35]===================

##### START ##### Thu May 22 01:05:53 2003



##### CONVERGE ##### Thu May 22 01:06:31 2003

Elapsed time: 38 seconds
Total loop: 67 generations

Result : 186.412

7 4 37 49 45 46 11 31 32 23 17 44 48 24 1 39 47 15 30 18 43 20 41 29 6 3 16 50 33 12 51 19 27 21 36 42 5 35 13 54 26 52 28 40 53 34 2 25 9 22 8 38 14 10 

 7 4 37 49 45 46	 => 188
 11 46 45 31 32 23	 => 188
 17 23 32 44 48 24	 => 188
 37 1 39 47 15 49	 => 188
 45 49 15 30 18 31	 => 188
 32 31 18 43 20 44	 => 188
 48 44 20 41 29 6	 => 188
 39 3 16 50 33 47	 => 188
 15 47 33 12 51 30	 => 188
 18 30 51 19 27 43	 => 188
 20 43 27 21 36 41	 => 188
 29 41 36 42 5 35	 => 188
 33 50 13 54 26 12	 => 188
 51 12 26 52 28 19	 => 188
 27 19 28 40 53 21	 => 188
 36 21 53 34 2 42	 => 188
 26 54 25 9 22 52	 => 188
 28 52 22 8 38 40	 => 188
 53 40 38 14 10 34	 => 189


===================[TEST 36]===================

##### START ##### Thu May 22 01:06:31 2003



##### CONVERGE ##### Thu May 22 01:07:32 2003

Elapsed time: 61 seconds
Total loop: 106 generations

Result : 187.478

5 22 36 49 48 30 9 16 34 53 15 45 24 19 6 50 39 11 28 38 32 25 47 37 12 13 10 27 51 21 40 33 20 14 52 35 18 1 7 43 41 29 26 44 54 31 4 23 8 46 3 42 2 17 

 5 22 36 49 48 30	 => 190
 9 30 48 16 34 53	 => 190
 15 53 34 45 24 19	 => 190
 36 6 50 39 11 49	 => 191
 48 49 11 28 38 16	 => 190
 34 16 38 32 25 45	 => 190
 24 45 25 47 37 12	 => 190
 50 13 10 27 51 39	 => 190
 11 39 51 21 40 28	 => 190
 38 28 40 33 20 32	 => 191
 25 32 20 14 52 47	 => 190
 37 47 52 35 18 1	 => 190
 51 27 7 43 41 21	 => 190
 40 21 41 29 26 33	 => 190
 20 33 26 44 54 14	 => 191
 52 14 54 31 4 35	 => 190
 41 43 23 8 46 29	 => 190
 26 29 46 3 42 44	 => 190
 54 44 42 2 17 31	 => 190


===================[TEST 37]===================

##### START ##### Thu May 22 01:07:32 2003



##### CONVERGE ##### Thu May 22 01:08:20 2003

Elapsed time: 48 seconds
Total loop: 85 generations

Result : 187.215

20 2 29 51 53 35 7 22 45 28 16 44 40 17 9 36 52 13 32 19 37 24 41 38 3 1 4 49 48 6 39 30 34 11 43 54 5 10 12 25 50 42 23 46 47 27 8 26 14 33 15 31 18 21 

 20 2 29 51 53 35	 => 190
 7 35 53 22 45 28	 => 190
 16 28 45 44 40 17	 => 190
 29 9 36 52 13 51	 => 190
 53 51 13 32 19 22	 => 190
 45 22 19 37 24 44	 => 191
 40 44 24 41 38 3	 => 190
 36 1 4 49 48 52	 => 190
 13 52 48 6 39 32	 => 190
 19 32 39 30 34 37	 => 191
 24 37 34 11 43 41	 => 190
 38 41 43 54 5 10	 => 191
 48 49 12 25 50 6	 => 190
 39 6 50 42 23 30	 => 190
 34 30 23 46 47 11	 => 191
 43 11 47 27 8 54	 => 190
 50 25 26 14 33 42	 => 190
 23 42 33 15 31 46	 => 190
 47 46 31 18 21 27	 => 190


===================[TEST 38]===================

##### START ##### Thu May 22 01:08:20 2003



##### CONVERGE ##### Thu May 22 01:09:34 2003

Elapsed time: 74 seconds
Total loop: 128 generations

Result : 188.306

6 12 37 46 41 48 2 30 40 29 8 42 53 18 1 34 50 22 25 26 36 16 32 33 14 17 23 28 38 20 35 19 49 3 54 31 15 24 13 39 52 43 21 51 47 45 10 7 5 44 4 27 9 11 

 6 12 37 46 41 48	 => 190
 2 48 41 30 40 29	 => 190
 8 29 40 42 53 18	 => 190
 37 1 34 50 22 46	 => 190
 41 46 22 25 26 30	 => 190
 40 30 26 36 16 42	 => 190
 53 42 16 32 33 14	 => 190
 34 17 23 28 38 50	 => 190
 22 50 38 20 35 25	 => 190
 26 25 35 19 49 36	 => 190
 16 36 49 3 54 32	 => 190
 33 32 54 31 15 24	 => 189
 38 28 13 39 52 20	 => 190
 35 20 52 43 21 19	 => 190
 49 19 21 51 47 3	 => 190
 54 3 47 45 10 31	 => 190
 52 39 7 5 44 43	 => 190
 21 43 44 4 27 51	 => 190
 47 51 27 9 11 45	 => 190


===================[TEST 39]===================

##### START ##### Thu May 22 01:09:34 2003



##### CONVERGE ##### Thu May 22 01:11:09 2003

Elapsed time: 95 seconds
Total loop: 168 generations

Result : 188.412

21 7 41 28 48 45 3 13 49 32 4 53 33 19 2 42 54 23 35 43 26 6 52 38 8 5 12 50 27 29 22 31 34 25 47 24 18 11 1 46 37 51 20 36 44 40 10 17 9 30 14 39 15 16 

 21 7 41 28 48 45	 => 190
 3 45 48 13 49 32	 => 190
 4 32 49 53 33 19	 => 190
 41 2 42 54 23 28	 => 190
 48 28 23 35 43 13	 => 190
 49 13 43 26 6 53	 => 190
 33 53 6 52 38 8	 => 190
 42 5 12 50 27 54	 => 190
 23 54 27 29 22 35	 => 190
 43 35 22 31 34 26	 => 191
 6 26 34 25 47 52	 => 190
 38 52 47 24 18 11	 => 190
 27 50 1 46 37 29	 => 190
 22 29 37 51 20 31	 => 190
 34 31 20 36 44 25	 => 190
 47 25 44 40 10 24	 => 190
 37 46 17 9 30 51	 => 190
 20 51 30 14 39 36	 => 190
 44 36 39 15 16 40	 => 190


===================[TEST 40]===================

##### START ##### Thu May 22 01:11:09 2003



##### CONVERGE ##### Thu May 22 01:11:50 2003

Elapsed time: 41 seconds
Total loop: 71 generations

Result (Solution) : 189

19 15 30 33 53 39 6 11 29 51 14 52 36 7 8 50 44 24 21 47 40 10 41 48 2 20 9 32 34 23 43 16 22 31 45 37 5 13 4 42 54 28 25 46 49 26 1 3 27 35 17 38 18 12 

 19 15 30 33 53 39	 => 189
 6 39 53 11 29 51	 => 189
 14 51 29 52 36 7	 => 189
 30 8 50 44 24 33	 => 189
 53 33 24 21 47 11	 => 189
 29 11 47 40 10 52	 => 189
 36 52 10 41 48 2	 => 189
 50 20 9 32 34 44	 => 189
 24 44 34 23 43 21	 => 189
 47 21 43 16 22 40	 => 189
 10 40 22 31 45 41	 => 189
 48 41 45 37 5 13	 => 189
 34 32 4 42 54 23	 => 189
 43 23 54 28 25 16	 => 189
 22 16 25 46 49 31	 => 189
 45 31 49 26 1 37	 => 189
 54 42 3 27 35 28	 => 189
 25 28 35 17 38 46	 => 189
 49 46 38 18 12 26	 => 189


===================[TEST 41]===================

##### START ##### Thu May 22 01:11:50 2003



##### CONVERGE ##### Thu May 22 01:12:50 2003

Elapsed time: 60 seconds
Total loop: 106 generations

Result : 187.85

12 18 39 44 53 24 9 19 52 33 6 36 50 13 1 35 54 17 28 29 34 20 38 45 2 10 14 31 46 8 37 30 32 15 51 25 26 5 22 40 43 49 23 48 42 41 16 7 4 47 3 21 11 27 

 12 18 39 44 53 24	 => 190
 9 24 53 19 52 33	 => 190
 6 33 52 36 50 13	 => 190
 39 1 35 54 17 44	 => 190
 53 44 17 28 29 19	 => 190
 52 19 29 34 20 36	 => 190
 50 36 20 38 45 2	 => 191
 35 10 14 31 46 54	 => 190
 17 54 46 8 37 28	 => 190
 29 28 37 30 32 34	 => 190
 20 34 32 15 51 38	 => 190
 45 38 51 25 26 5	 => 190
 46 31 22 40 43 8	 => 190
 37 8 43 49 23 30	 => 190
 32 30 23 48 42 15	 => 190
 51 15 42 41 16 25	 => 190
 43 40 7 4 47 49	 => 190
 23 49 47 3 21 48	 => 191
 42 48 21 11 27 41	 => 190


===================[TEST 42]===================

##### START ##### Thu May 22 01:12:50 2003



##### CONVERGE ##### Thu May 22 01:13:52 2003

Elapsed time: 62 seconds
Total loop: 107 generations

Result : 188.306

8 17 38 52 30 45 1 25 46 43 13 37 28 23 21 34 35 10 44 29 27 26 47 50 2 24 12 36 49 20 31 19 40 9 41 42 7 3 5 32 48 54 18 53 51 33 14 6 11 39 4 22 15 16 

 8 17 38 52 30 45	 => 190
 1 45 30 25 46 43	 => 190
 13 43 46 37 28 23	 => 190
 38 21 34 35 10 52	 => 190
 30 52 10 44 29 25	 => 190
 46 25 29 27 26 37	 => 190
 28 37 26 47 50 2	 => 190
 34 24 12 36 49 35	 => 190
 10 35 49 20 31 44	 => 189
 29 44 31 19 40 27	 => 190
 26 27 40 9 41 47	 => 190
 50 47 41 42 7 3	 => 190
 49 36 5 32 48 20	 => 190
 31 20 48 54 18 19	 => 190
 40 19 18 53 51 9	 => 190
 41 9 51 33 14 42	 => 190
 48 32 6 11 39 54	 => 190
 18 54 39 4 22 53	 => 190
 51 53 22 15 16 33	 => 190


===================[TEST 43]===================

##### START ##### Thu May 22 01:13:52 2003



##### CONVERGE ##### Thu May 22 01:15:06 2003

Elapsed time: 74 seconds
Total loop: 131 generations

Result : 187.85

13 14 28 53 47 35 7 17 51 33 19 34 38 15 1 48 40 20 25 29 36 23 52 39 4 3 2 54 43 16 46 31 24 18 37 44 10 8 9 42 26 49 22 50 45 41 5 32 11 30 12 27 21 6 

 13 14 28 53 47 35	 => 190
 7 35 47 17 51 33	 => 190
 19 33 51 34 38 15	 => 190
 28 1 48 40 20 53	 => 190
 47 53 20 25 29 17	 => 191
 51 17 29 36 23 34	 => 190
 38 34 23 52 39 4	 => 190
 48 3 2 54 43 40	 => 190
 20 40 43 16 46 25	 => 190
 29 25 46 31 24 36	 => 191
 23 36 24 18 37 52	 => 190
 39 52 37 44 10 8	 => 190
 43 54 9 42 26 16	 => 190
 46 16 26 49 22 31	 => 190
 24 31 22 50 45 18	 => 190
 37 18 45 41 5 44	 => 190
 26 42 32 11 30 49	 => 190
 22 49 30 12 27 50	 => 190
 45 50 27 21 6 41	 => 190


===================[TEST 44]===================

##### START ##### Thu May 22 01:15:06 2003



##### CONVERGE ##### Thu May 22 01:16:05 2003

Elapsed time: 59 seconds
Total loop: 103 generations

Result : 188.306

18 3 44 48 51 26 17 7 54 35 10 43 27 21 14 30 46 8 40 36 22 28 53 20 19 25 2 37 50 15 31 32 29 11 47 45 9 16 5 34 49 39 24 42 52 33 1 4 23 41 6 38 13 12 

 18 3 44 48 51 26	 => 190
 17 26 51 7 54 35	 => 190
 10 35 54 43 27 21	 => 190
 44 14 30 46 8 48	 => 190
 51 48 8 40 36 7	 => 190
 54 7 36 22 28 43	 => 190
 27 43 28 53 20 19	 => 190
 30 25 2 37 50 46	 => 190
 8 46 50 15 31 40	 => 190
 36 40 31 32 29 22	 => 190
 28 22 29 11 47 53	 => 190
 20 53 47 45 9 16	 => 190
 50 37 5 34 49 15	 => 190
 31 15 49 39 24 32	 => 190
 29 32 24 42 52 11	 => 190
 47 11 52 33 1 45	 => 189
 49 34 4 23 41 39	 => 190
 24 39 41 6 38 42	 => 190
 52 42 38 13 12 33	 => 190


===================[TEST 45]===================

##### START ##### Thu May 22 01:16:05 2003



##### CONVERGE ##### Thu May 22 01:17:15 2003

Elapsed time: 70 seconds
Total loop: 121 generations

Result : 187.412

16 2 21 48 50 52 3 15 38 31 20 53 37 10 5 47 44 24 40 12 45 26 36 30 7 6 22 41 29 19 33 32 27 9 46 34 25 18 14 51 35 42 28 39 54 43 4 11 1 49 8 23 17 13 

 16 2 21 48 50 52	 => 189
 3 52 50 15 38 31	 => 189
 20 31 38 53 37 10	 => 189
 21 5 47 44 24 48	 => 189
 50 48 24 40 12 15	 => 189
 38 15 12 45 26 53	 => 189
 37 53 26 36 30 7	 => 189
 47 6 22 41 29 44	 => 189
 24 44 29 19 33 40	 => 189
 12 40 33 32 27 45	 => 189
 26 45 27 9 46 36	 => 189
 30 36 46 34 25 18	 => 189
 29 41 14 51 35 19	 => 189
 33 19 35 42 28 32	 => 189
 27 32 28 39 54 9	 => 189
 46 9 54 43 4 34	 => 190
 35 51 11 1 49 42	 => 189
 28 42 49 8 23 39	 => 189
 54 39 23 17 13 43	 => 189


===================[TEST 46]===================

##### START ##### Thu May 22 01:17:15 2003



##### CONVERGE ##### Thu May 22 01:18:29 2003

Elapsed time: 74 seconds
Total loop: 130 generations

Result : 188.412

18 22 19 52 50 29 1 27 38 45 4 53 40 10 23 33 54 9 28 24 37 11 34 49 3 5 12 39 47 16 36 30 35 25 48 26 20 14 2 42 44 51 13 46 41 43 7 15 6 32 17 31 8 21 

 18 22 19 52 50 29	 => 190
 1 29 50 27 38 45	 => 190
 4 45 38 53 40 10	 => 190
 19 23 33 54 9 52	 => 190
 50 52 9 28 24 27	 => 190
 38 27 24 37 11 53	 => 190
 40 53 11 34 49 3	 => 190
 33 5 12 39 47 54	 => 190
 9 54 47 16 36 28	 => 190
 24 28 36 30 35 37	 => 190
 11 37 35 25 48 34	 => 190
 49 34 48 26 20 14	 => 191
 47 39 2 42 44 16	 => 190
 36 16 44 51 13 30	 => 190
 35 30 13 46 41 25	 => 190
 48 25 41 43 7 26	 => 190
 44 42 15 6 32 51	 => 190
 13 51 32 17 31 46	 => 190
 41 46 31 8 21 43	 => 190


===================[TEST 47]===================

##### START ##### Thu May 22 01:18:29 2003



##### CONVERGE ##### Thu May 22 01:19:26 2003

Elapsed time: 57 seconds
Total loop: 101 generations

Result : 187.306

25 10 49 30 51 24 2 22 50 40 12 37 46 4 17 38 39 16 27 43 11 26 45 28 7 21 18 29 44 32 31 23 54 5 48 36 19 13 6 35 42 53 8 52 47 33 20 3 15 41 1 34 9 14 

 25 10 49 30 51 24	 => 189
 2 24 51 22 50 40	 => 189
 12 40 50 37 46 4	 => 189
 49 17 38 39 16 30	 => 189
 51 30 16 27 43 22	 => 189
 50 22 43 11 26 37	 => 189
 46 37 26 45 28 7	 => 189
 38 21 18 29 44 39	 => 189
 16 39 44 32 31 27	 => 189
 43 27 31 23 54 11	 => 189
 26 11 54 5 48 45	 => 189
 28 45 48 36 19 13	 => 189
 44 29 6 35 42 32	 => 188
 31 32 42 53 8 23	 => 189
 54 23 8 52 47 5	 => 189
 48 5 47 33 20 36	 => 189
 42 35 3 15 41 53	 => 189
 8 53 41 1 34 52	 => 189
 47 52 34 9 14 33	 => 189


===================[TEST 48]===================

##### START ##### Thu May 22 01:19:26 2003



##### CONVERGE ##### Thu May 22 01:21:33 2003

Elapsed time: 127 seconds
Total loop: 222 generations

Result : 188.163

11 16 37 53 46 28 20 15 49 33 17 48 42 2 3 27 50 21 31 25 41 13 52 30 6 23 8 43 39 12 38 29 26 24 35 32 19 22 9 34 54 44 14 47 51 45 4 18 5 36 10 40 7 1 

 11 16 37 53 46 28	 => 191
 20 28 46 15 49 33	 => 191
 17 33 49 48 42 2	 => 191
 37 3 27 50 21 53	 => 191
 46 53 21 31 25 15	 => 191
 49 15 25 41 13 48	 => 191
 42 48 13 52 30 6	 => 191
 27 23 8 43 39 50	 => 190
 21 50 39 12 38 31	 => 191
 25 31 38 29 26 41	 => 190
 13 41 26 24 35 52	 => 191
 30 52 35 32 19 22	 => 190
 39 43 9 34 54 12	 => 191
 38 12 54 44 14 29	 => 191
 26 29 14 47 51 24	 => 191
 35 24 51 45 4 32	 => 191
 54 34 18 5 36 44	 => 191
 14 44 36 10 40 47	 => 191
 51 47 40 7 1 45	 => 191


===================[TEST 49]===================

##### START ##### Thu May 22 01:21:33 2003



##### CONVERGE ##### Thu May 22 01:22:30 2003

Elapsed time: 57 seconds
Total loop: 100 generations

Result : 187.85

7 16 24 51 50 42 9 3 49 37 11 52 26 15 13 30 53 19 29 38 27 21 45 36 10 12 4 44 47 20 23 34 39 18 40 31 6 32 1 43 35 54 25 28 46 41 14 17 8 33 2 48 5 22 

 7 16 24 51 50 42	 => 190
 9 42 50 3 49 37	 => 190
 11 37 49 52 26 15	 => 190
 24 13 30 53 19 51	 => 190
 50 51 19 29 38 3	 => 190
 49 3 38 27 21 52	 => 190
 26 52 21 45 36 10	 => 190
 30 12 4 44 47 53	 => 190
 19 53 47 20 23 29	 => 191
 38 29 23 34 39 27	 => 190
 21 27 39 18 40 45	 => 190
 36 45 40 31 6 32	 => 190
 47 44 1 43 35 20	 => 190
 23 20 35 54 25 34	 => 191
 39 34 25 28 46 18	 => 190
 40 18 46 41 14 31	 => 190
 35 43 17 8 33 54	 => 190
 25 54 33 2 48 28	 => 190
 46 28 48 5 22 41	 => 190


===================[TEST 50]===================

##### START ##### Thu May 22 01:22:30 2003



##### CONVERGE ##### Thu May 22 01:23:30 2003

Elapsed time: 60 seconds
Total loop: 104 generations

Result : 187.163

13 2 48 49 46 32 20 10 54 28 9 53 41 5 4 24 44 21 23 40 26 7 51 30 8 19 15 36 52 3 47 29 25 31 50 34 11 14 17 37 45 38 27 43 35 39 1 16 12 42 6 33 22 18 

 13 2 48 49 46 32	 => 190
 20 32 46 10 54 28	 => 190
 9 28 54 53 41 5	 => 190
 48 4 24 44 21 49	 => 190
 46 49 21 23 40 10	 => 189
 54 10 40 26 7 53	 => 190
 41 53 7 51 30 8	 => 190
 24 19 15 36 52 44	 => 190
 21 44 52 3 47 23	 => 190
 40 23 47 29 25 26	 => 190
 7 26 25 31 50 51	 => 190
 30 51 50 34 11 14	 => 190
 52 36 17 37 45 3	 => 190
 47 3 45 38 27 29	 => 189
 25 29 27 43 35 31	 => 190
 50 31 35 39 1 34	 => 190
 45 37 16 12 42 38	 => 190
 27 38 42 6 33 43	 => 189
 35 43 33 22 18 39	 => 190


===================[TEST 51]===================

##### START ##### Thu May 22 01:23:30 2003



##### CONVERGE ##### Thu May 22 01:24:12 2003

Elapsed time: 42 seconds
Total loop: 75 generations

Result : 187.412

4 19 48 34 51 33 1 23 50 31 13 52 38 5 7 32 39 29 40 12 41 11 49 36 3 20 8 46 44 9 28 42 27 16 45 47 10 2 18 37 35 54 21 30 53 22 6 25 14 24 17 43 26 15 

 4 19 48 34 51 33	 => 189
 1 33 51 23 50 31	 => 189
 13 31 50 52 38 5	 => 189
 48 7 32 39 29 34	 => 189
 51 34 29 40 12 23	 => 189
 50 23 12 41 11 52	 => 189
 38 52 11 49 36 3	 => 189
 32 20 8 46 44 39	 => 189
 29 39 44 9 28 40	 => 189
 12 40 28 42 27 41	 => 190
 11 41 27 16 45 49	 => 189
 36 49 45 47 10 2	 => 189
 44 46 18 37 35 9	 => 189
 28 9 35 54 21 42	 => 189
 27 42 21 30 53 16	 => 189
 45 16 53 22 6 47	 => 189
 35 37 25 14 24 54	 => 189
 21 54 24 17 43 30	 => 189
 53 30 43 26 15 22	 => 189

22 10 26 52 43 34 16 24 45 25 31 53 32 1 9 19 54 27 30 11 48 6 51 40 5 7 13 50 44 4 28 49 21 14 47 38 8 3 17 35 37 46 23 41 39 20 29 12 15 42 2 33 36 18 

 22 10 26 52 43 34	 => 187
 16 34 43 24 45 25	 => 187
 31 25 45 53 32 1	 => 187
 26 9 19 54 27 52	 => 187
 43 52 27 30 11 24	 => 187
 45 24 11 48 6 53	 => 187
 32 53 6 51 40 5	 => 187
 19 7 13 50 44 54	 => 187
 27 54 44 4 28 30	 => 187
 11 30 28 49 21 48	 => 187
 6 48 21 14 47 51	 => 187
 40 51 47 38 8 3	 => 187
 44 50 17 35 37 4	 => 187
 28 4 37 46 23 49	 => 187
 21 49 23 41 39 14	 => 187
 47 14 39 20 29 38	 => 187
 37 35 12 15 42 46	 => 187
 23 46 42 2 33 41	 => 187
 39 41 33 36 18 20	 => 187


===================[TEST 52]===================

##### START ##### Thu May 22 01:24:12 2003



##### CONVERGE ##### Thu May 22 01:25:30 2003

Elapsed time: 78 seconds
Total loop: 136 generations

Result : 187.85

12 4 49 41 52 32 24 2 53 27 14 42 43 11 6 28 50 16 33 47 25 21 48 31 5 10 9 39 54 20 17 38 30 22 44 37 8 23 3 29 45 51 19 35 46 40 1 18 13 34 15 36 7 26 

 12 4 49 41 52 32	 => 190
 24 32 52 2 53 27	 => 190
 14 27 53 42 43 11	 => 190
 49 6 28 50 16 41	 => 190
 52 41 16 33 47 2	 => 191
 53 2 47 25 21 42	 => 190
 43 42 21 48 31 5	 => 190
 28 10 9 39 54 50	 => 190
 16 50 54 20 17 33	 => 190
 47 33 17 38 30 25	 => 190
 21 25 30 22 44 48	 => 190
 31 48 44 37 8 23	 => 191
 54 39 3 29 45 20	 => 190
 17 20 45 51 19 38	 => 190
 30 38 19 35 46 22	 => 190
 44 22 46 40 1 37	 => 190
 45 29 18 13 34 51	 => 190
 19 51 34 15 36 35	 => 190
 46 35 36 7 26 40	 => 190


===================[TEST 53]===================

##### START ##### Thu May 22 01:25:30 2003



##### CONVERGE ##### Thu May 22 01:26:36 2003

Elapsed time: 66 seconds
Total loop: 115 generations

Result : 187.616

5 19 45 39 47 35 3 25 46 33 11 53 26 21 1 37 48 20 23 36 22 8 52 42 10 6 18 32 49 12 38 27 44 24 40 29 14 13 4 50 43 54 16 28 51 31 15 7 2 34 17 41 30 9 

 5 19 45 39 47 35	 => 190
 3 35 47 25 46 33	 => 189
 11 33 46 53 26 21	 => 190
 45 1 37 48 20 39	 => 190
 47 39 20 23 36 25	 => 190
 46 25 36 22 8 53	 => 190
 26 53 8 52 42 10	 => 191
 37 6 18 32 49 48	 => 190
 20 48 49 12 38 23	 => 190
 36 23 38 27 44 22	 => 190
 8 22 44 24 40 52	 => 190
 42 52 40 29 14 13	 => 190
 49 32 4 50 43 12	 => 190
 38 12 43 54 16 27	 => 190
 44 27 16 28 51 24	 => 190
 40 24 51 31 15 29	 => 190
 43 50 7 2 34 54	 => 190
 16 54 34 17 41 28	 => 190
 51 28 41 30 9 31	 => 190


===================[TEST 54]===================

##### START ##### Thu May 22 01:26:36 2003



##### CONVERGE ##### Thu May 22 01:27:40 2003

Elapsed time: 64 seconds
Total loop: 112 generations

Result : 188.412

3 4 40 49 51 43 15 14 36 31 22 50 45 6 5 33 54 9 23 44 29 17 39 38 1 8 13 35 47 25 32 34 28 24 53 37 2 21 7 30 46 42 11 52 41 19 16 26 20 27 10 48 12 18 

 3 4 40 49 51 43	 => 190
 15 43 51 14 36 31	 => 190
 22 31 36 50 45 6	 => 190
 40 5 33 54 9 49	 => 190
 51 49 9 23 44 14	 => 190
 36 14 44 29 17 50	 => 190
 45 50 17 39 38 1	 => 190
 33 8 13 35 47 54	 => 190
 9 54 47 25 32 23	 => 190
 44 23 32 34 28 29	 => 190
 17 29 28 24 53 39	 => 190
 38 39 53 37 2 21	 => 190
 47 35 7 30 46 25	 => 190
 32 25 46 42 11 34	 => 190
 28 34 11 52 41 24	 => 190
 53 24 41 19 16 37	 => 190
 46 30 26 20 27 42	 => 191
 11 42 27 10 48 52	 => 190
 41 52 48 12 18 19	 => 190


===================[TEST 55]===================

##### START ##### Thu May 22 01:27:40 2003



##### CONVERGE ##### Thu May 22 01:29:03 2003

Elapsed time: 83 seconds
Total loop: 146 generations

Result : 188.163

11 13 51 31 43 42 8 23 46 29 24 45 27 20 7 41 40 21 39 34 25 18 50 37 14 1 22 38 48 17 26 36 30 19 49 35 4 16 2 33 52 54 6 47 53 32 3 15 9 28 12 44 5 10 

 11 13 51 31 43 42	 => 191
 8 42 43 23 46 29	 => 191
 24 29 46 45 27 20	 => 191
 51 7 41 40 21 31	 => 191
 43 31 21 39 34 23	 => 191
 46 23 34 25 18 45	 => 191
 27 45 18 50 37 14	 => 191
 41 1 22 38 48 40	 => 190
 21 40 48 17 26 39	 => 191
 34 39 26 36 30 25	 => 190
 18 25 30 19 49 50	 => 191
 37 50 49 35 4 16	 => 191
 48 38 2 33 52 17	 => 190
 26 17 52 54 6 36	 => 191
 30 36 6 47 53 19	 => 191
 49 19 53 32 3 35	 => 191
 52 33 15 9 28 54	 => 191
 6 54 28 12 44 47	 => 191
 53 47 44 5 10 32	 => 191


===================[TEST 56]===================

##### START ##### Thu May 22 01:29:03 2003



##### CONVERGE ##### Thu May 22 01:29:58 2003

Elapsed time: 55 seconds
Total loop: 97 generations

Result : 187.64

17 19 26 49 51 28 2 11 52 45 3 54 27 9 7 47 53 8 42 29 20 24 48 36 1 13 4 50 23 30 34 32 33 22 43 31 21 10 15 35 37 39 18 41 44 38 12 14 25 40 6 46 5 16 

 17 19 26 49 51 28	 => 190
 2 28 51 11 52 45	 => 189
 3 45 52 54 27 9	 => 190
 26 7 47 53 8 49	 => 190
 51 49 8 42 29 11	 => 190
 52 11 29 20 24 54	 => 190
 27 54 24 48 36 1	 => 190
 47 13 4 50 23 53	 => 190
 8 53 23 30 34 42	 => 190
 29 42 34 32 33 20	 => 190
 24 20 33 22 43 48	 => 190
 36 48 43 31 21 10	 => 189
 23 50 15 35 37 30	 => 190
 34 30 37 39 18 32	 => 190
 33 32 18 41 44 22	 => 190
 43 22 44 38 12 31	 => 190
 37 35 14 25 40 39	 => 190
 18 39 40 6 46 41	 => 190
 44 41 46 5 16 38	 => 190


===================[TEST 57]===================

##### START ##### Thu May 22 01:29:58 2003



##### CONVERGE ##### Thu May 22 01:31:05 2003

Elapsed time: 67 seconds
Total loop: 117 generations

Result : 187.64

16 18 49 29 46 32 5 20 42 45 4 44 47 8 11 34 48 19 50 26 31 27 28 35 9 10 25 40 33 23 17 30 36 14 54 39 21 13 2 41 51 53 15 52 43 37 3 6 1 38 7 24 22 12 

 16 18 49 29 46 32	 => 190
 5 32 46 20 42 45	 => 190
 4 45 42 44 47 8	 => 190
 49 11 34 48 19 29	 => 190
 46 29 19 50 26 20	 => 190
 42 20 26 31 27 44	 => 190
 47 44 27 28 35 9	 => 190
 34 10 25 40 33 48	 => 190
 19 48 33 23 17 50	 => 190
 26 50 17 30 36 31	 => 190
 27 31 36 14 54 28	 => 190
 35 28 54 39 21 13	 => 190
 33 40 2 41 51 23	 => 190
 17 23 51 53 15 30	 => 189
 36 30 15 52 43 14	 => 190
 54 14 43 37 3 39	 => 190
 51 41 6 1 38 53	 => 190
 15 53 38 7 24 52	 => 189
 43 52 24 22 12 37	 => 190


===================[TEST 58]===================

##### START ##### Thu May 22 01:31:05 2003



##### CONVERGE ##### Thu May 22 01:31:48 2003

Elapsed time: 43 seconds
Total loop: 74 generations

Result : 187.64

20 21 23 52 40 34 14 16 49 37 1 44 50 9 15 22 53 25 27 30 38 13 47 32 3 7 19 46 43 18 24 35 36 5 51 41 11 8 2 48 33 54 26 45 42 39 12 17 10 28 6 31 29 4 

 20 21 23 52 40 34	 => 190
 14 34 40 16 49 37	 => 190
 1 37 49 44 50 9	 => 190
 23 15 22 53 25 52	 => 190
 40 52 25 27 30 16	 => 190
 49 16 30 38 13 44	 => 190
 50 44 13 47 32 3	 => 189
 22 7 19 46 43 53	 => 190
 25 53 43 18 24 27	 => 190
 30 27 24 35 36 38	 => 190
 13 38 36 5 51 47	 => 190
 32 47 51 41 11 8	 => 190
 43 46 2 48 33 18	 => 190
 24 18 33 54 26 35	 => 190
 36 35 26 45 42 5	 => 189
 51 5 42 39 12 41	 => 190
 33 48 17 10 28 54	 => 190
 26 54 28 6 31 45	 => 190
 42 45 31 29 4 39	 => 190


===================[TEST 59]===================

##### START ##### Thu May 22 01:31:48 2003



##### CONVERGE ##### Thu May 22 01:32:29 2003

Elapsed time: 41 seconds
Total loop: 72 generations

Result : 187.412

21 16 49 37 48 18 4 29 52 38 6 40 36 17 27 20 51 5 44 26 19 24 54 32 3 15 23 46 34 25 30 31 39 12 41 45 7 10 1 33 50 42 11 53 43 35 13 14 22 28 8 47 9 2 

 21 16 49 37 48 18	 => 189
 4 18 48 29 52 38	 => 189
 6 38 52 40 36 17	 => 189
 49 27 20 51 5 37	 => 189
 48 37 5 44 26 29	 => 189
 52 29 26 19 24 40	 => 190
 36 40 24 54 32 3	 => 189
 20 15 23 46 34 51	 => 189
 5 51 34 25 30 44	 => 189
 26 44 30 31 39 19	 => 189
 24 19 39 12 41 54	 => 189
 32 54 41 45 7 10	 => 189
 34 46 1 33 50 25	 => 189
 30 25 50 42 11 31	 => 189
 39 31 11 53 43 12	 => 189
 41 12 43 35 13 45	 => 189
 50 33 14 22 28 42	 => 189
 11 42 28 8 47 53	 => 189
 43 53 47 9 2 35	 => 189


===================[TEST 60]===================

##### START ##### Thu May 22 01:32:29 2003



##### CONVERGE ##### Thu May 22 01:33:20 2003

Elapsed time: 51 seconds
Total loop: 89 generations

Result (Solution) : 188

7 12 46 43 38 42 28 18 29 33 5 50 47 24 4 31 53 11 26 52 16 23 48 19 1 14 2 39 49 17 32 25 37 10 54 41 20 6 9 34 40 44 30 51 35 45 3 13 36 21 15 27 8 22 

 7 12 46 43 38 42	 => 188
 28 42 38 18 29 33	 => 188
 5 33 29 50 47 24	 => 188
 46 4 31 53 11 43	 => 188
 38 43 11 26 52 18	 => 188
 29 18 52 16 23 50	 => 188
 47 50 23 48 19 1	 => 188
 31 14 2 39 49 53	 => 188
 11 53 49 17 32 26	 => 188
 52 26 32 25 37 16	 => 188
 23 16 37 10 54 48	 => 188
 19 48 54 41 20 6	 => 188
 49 39 9 34 40 17	 => 188
 32 17 40 44 30 25	 => 188
 37 25 30 51 35 10	 => 188
 54 10 35 45 3 41	 => 188
 40 34 13 36 21 44	 => 188
 30 44 21 15 27 51	 => 188
 35 51 27 8 22 45	 => 188


===================[TEST 61]===================

##### START ##### Thu May 22 01:33:20 2003



##### CONVERGE ##### Thu May 22 01:34:25 2003

Elapsed time: 65 seconds
Total loop: 115 generations

Result : 187.215

9 15 32 38 54 42 11 7 36 40 16 46 39 13 1 47 52 20 22 49 34 19 35 33 18 4 21 25 41 27 29 30 26 23 53 24 17 28 3 44 50 43 12 48 51 31 8 6 10 37 5 45 2 14 

 9 15 32 38 54 42	 => 190
 11 42 54 7 36 40	 => 190
 16 40 36 46 39 13	 => 190
 32 1 47 52 20 38	 => 190
 54 38 20 22 49 7	 => 190
 36 7 49 34 19 46	 => 191
 39 46 19 35 33 18	 => 190
 47 4 21 25 41 52	 => 190
 20 52 41 27 29 22	 => 191
 49 22 29 30 26 34	 => 190
 19 34 26 23 53 35	 => 190
 33 35 53 24 17 28	 => 190
 41 25 3 44 50 27	 => 190
 29 27 50 43 12 30	 => 191
 26 30 12 48 51 23	 => 190
 53 23 51 31 8 24	 => 190
 50 44 6 10 37 43	 => 190
 12 43 37 5 45 48	 => 190
 51 48 45 2 14 31	 => 191


===================[TEST 62]===================

##### START ##### Thu May 22 01:34:25 2003



##### CONVERGE ##### Thu May 22 01:35:22 2003

Elapsed time: 57 seconds
Total loop: 99 generations

Result : 187.501

11 2 38 51 42 47 4 22 45 31 10 46 35 23 12 41 30 19 28 29 33 16 48 39 7 25 6 34 54 20 40 24 37 21 36 32 17 18 8 26 49 44 14 52 43 50 9 15 3 53 1 27 5 13 

 11 2 38 51 42 47	 => 191
 4 47 42 22 45 31	 => 191
 10 31 45 46 35 23	 => 190
 38 12 41 30 19 51	 => 191
 42 51 19 28 29 22	 => 191
 45 22 29 33 16 46	 => 191
 35 46 16 48 39 7	 => 191
 41 25 6 34 54 30	 => 190
 19 30 54 20 40 28	 => 191
 29 28 40 24 37 33	 => 191
 16 33 37 21 36 48	 => 191
 39 48 36 32 17 18	 => 190
 54 34 8 26 49 20	 => 191
 40 20 49 44 14 24	 => 191
 37 24 14 52 43 21	 => 191
 36 21 43 50 9 32	 => 191
 49 26 15 3 53 44	 => 190
 14 44 53 1 27 52	 => 191
 43 52 27 5 13 50	 => 190


===================[TEST 63]===================

##### START ##### Thu May 22 01:35:22 2003



##### CONVERGE ##### Thu May 22 01:36:11 2003

Elapsed time: 49 seconds
Total loop: 87 generations

Result : 187.306

7 17 34 52 43 36 5 12 48 45 8 49 33 6 4 42 35 22 39 21 40 18 41 46 2 28 3 31 50 16 27 15 47 14 29 37 11 25 9 30 53 54 24 38 51 32 26 13 20 19 10 44 23 1 

 7 17 34 52 43 36	 => 189
 5 36 43 12 48 45	 => 189
 8 45 48 49 33 6	 => 189
 34 4 42 35 22 52	 => 189
 43 52 22 39 21 12	 => 189
 48 12 21 40 18 49	 => 188
 33 49 18 41 46 2	 => 189
 42 28 3 31 50 35	 => 189
 22 35 50 16 27 39	 => 189
 21 39 27 15 47 40	 => 189
 18 40 47 14 29 41	 => 189
 46 41 29 37 11 25	 => 189
 50 31 9 30 53 16	 => 189
 27 16 53 54 24 15	 => 189
 47 15 24 38 51 14	 => 189
 29 14 51 32 26 37	 => 189
 53 30 13 20 19 54	 => 189
 24 54 19 10 44 38	 => 189
 51 38 44 23 1 32	 => 189


===================[TEST 64]===================

##### START ##### Thu May 22 01:36:11 2003



##### CONVERGE ##### Thu May 22 01:37:20 2003

Elapsed time: 69 seconds
Total loop: 121 generations

Result : 187.268

9 15 32 48 49 37 1 16 50 38 13 47 35 8 7 26 52 25 31 22 36 20 40 27 21 10 5 46 51 4 28 43 30 11 54 45 23 2 3 34 53 39 24 41 42 33 6 19 17 29 14 44 18 12 

 9 15 32 48 49 37	 => 190
 1 37 49 16 50 38	 => 191
 13 38 50 47 35 8	 => 191
 32 7 26 52 25 48	 => 190
 49 48 25 31 22 16	 => 191
 50 16 22 36 20 47	 => 191
 35 47 20 40 27 21	 => 190
 26 10 5 46 51 52	 => 190
 25 52 51 4 28 31	 => 191
 22 31 28 43 30 36	 => 190
 20 36 30 11 54 40	 => 191
 27 40 54 45 23 2	 => 191
 51 46 3 34 53 4	 => 191
 28 4 53 39 24 43	 => 191
 30 43 24 41 42 11	 => 191
 54 11 42 33 6 45	 => 191
 53 34 19 17 29 39	 => 191
 24 39 29 14 44 41	 => 191
 42 41 44 18 12 33	 => 190


===================[TEST 65]===================

##### START ##### Thu May 22 01:37:20 2003



##### CONVERGE ##### Thu May 22 01:38:30 2003

Elapsed time: 70 seconds
Total loop: 122 generations

Result : 188.163

2 24 37 45 51 32 8 23 50 27 16 49 43 5 7 31 54 17 30 25 26 18 52 28 1 12 10 47 36 19 35 33 41 14 40 39 21 11 22 29 38 53 13 46 44 48 6 20 9 42 3 34 15 4 

 2 24 37 45 51 32	 => 191
 8 32 51 23 50 27	 => 191
 16 27 50 49 43 5	 => 190
 37 7 31 54 17 45	 => 191
 51 45 17 30 25 23	 => 191
 50 23 25 26 18 49	 => 191
 43 49 18 52 28 1	 => 191
 31 12 10 47 36 54	 => 190
 17 54 36 19 35 30	 => 191
 25 30 35 33 41 26	 => 190
 18 26 41 14 40 52	 => 191
 28 52 40 39 21 11	 => 191
 36 47 22 29 38 19	 => 191
 35 19 38 53 13 33	 => 191
 41 33 13 46 44 14	 => 191
 40 14 44 48 6 39	 => 191
 38 29 20 9 42 53	 => 191
 13 53 42 3 34 46	 => 191
 44 46 34 15 4 48	 => 191


===================[TEST 66]===================

##### START ##### Thu May 22 01:38:30 2003



##### CONVERGE ##### Thu May 22 01:39:55 2003

Elapsed time: 85 seconds
Total loop: 148 generations

Result : 188.412

7 12 40 50 42 39 3 21 52 33 2 54 23 26 4 44 43 9 46 22 31 11 51 45 6 13 17 32 41 24 27 34 30 14 53 25 15 1 8 37 48 28 29 36 47 35 16 19 20 38 10 49 5 18 

 7 12 40 50 42 39	 => 190
 3 39 42 21 52 33	 => 190
 2 33 52 54 23 26	 => 190
 40 4 44 43 9 50	 => 190
 42 50 9 46 22 21	 => 190
 52 21 22 31 11 54	 => 191
 23 54 11 51 45 6	 => 190
 44 13 17 32 41 43	 => 190
 9 43 41 24 27 46	 => 190
 22 46 27 34 30 31	 => 190
 11 31 30 14 53 51	 => 190
 45 51 53 25 15 1	 => 190
 41 32 8 37 48 24	 => 190
 27 24 48 28 29 34	 => 190
 30 34 29 36 47 14	 => 190
 53 14 47 35 16 25	 => 190
 48 37 19 20 38 28	 => 190
 29 28 38 10 49 36	 => 190
 47 36 49 5 18 35	 => 190


===================[TEST 67]===================

##### START ##### Thu May 22 01:39:55 2003



##### CONVERGE ##### Thu May 22 01:40:51 2003

Elapsed time: 56 seconds
Total loop: 99 generations

Result : 187.64

11 13 46 33 51 36 4 20 47 32 7 53 30 21 5 39 50 17 44 25 31 14 52 35 6 3 16 54 28 24 27 41 22 29 42 40 19 2 1 38 45 37 15 34 48 23 8 9 18 43 12 49 10 26 

 11 13 46 33 51 36	 => 190
 4 36 51 20 47 32	 => 190
 7 32 47 53 30 21	 => 190
 46 5 39 50 17 33	 => 190
 51 33 17 44 25 20	 => 190
 47 20 25 31 14 53	 => 190
 30 53 14 52 35 6	 => 190
 39 3 16 54 28 50	 => 190
 17 50 28 24 27 44	 => 190
 25 44 27 41 22 31	 => 190
 14 31 22 29 42 52	 => 190
 35 52 42 40 19 2	 => 190
 28 54 1 38 45 24	 => 190
 27 24 45 37 15 41	 => 189
 22 41 15 34 48 29	 => 189
 42 29 48 23 8 40	 => 190
 45 38 9 18 43 37	 => 190
 15 37 43 12 49 34	 => 190
 48 34 49 10 26 23	 => 190


===================[TEST 68]===================

##### START ##### Thu May 22 01:40:51 2003



##### CONVERGE ##### Thu May 22 01:41:52 2003

Elapsed time: 61 seconds
Total loop: 107 generations

Result : 187.478

9 5 45 49 28 54 8 20 37 43 7 51 39 13 4 34 36 22 30 41 25 16 46 32 6 17 23 33 47 18 38 21 35 24 44 26 29 14 12 27 53 50 10 48 52 42 2 19 1 40 11 31 3 15 

 9 5 45 49 28 54	 => 190
 8 54 28 20 37 43	 => 190
 7 43 37 51 39 13	 => 190
 45 4 34 36 22 49	 => 190
 28 49 22 30 41 20	 => 190
 37 20 41 25 16 51	 => 190
 39 51 16 46 32 6	 => 190
 34 17 23 33 47 36	 => 190
 22 36 47 18 38 30	 => 191
 41 30 38 21 35 25	 => 190
 16 25 35 24 44 46	 => 190
 32 46 44 26 29 14	 => 191
 47 33 12 27 53 18	 => 190
 38 18 53 50 10 21	 => 190
 35 21 10 48 52 24	 => 190
 44 24 52 42 2 26	 => 190
 53 27 19 1 40 50	 => 190
 10 50 40 11 31 48	 => 190
 52 48 31 3 15 42	 => 191


===================[TEST 69]===================

##### START ##### Thu May 22 01:41:52 2003



##### CONVERGE ##### Thu May 22 01:42:49 2003

Elapsed time: 57 seconds
Total loop: 100 generations

Result : 186.64

19 12 31 48 49 30 3 21 50 36 15 33 52 2 11 32 47 20 26 25 51 9 43 46 6 4 13 40 53 5 38 34 14 37 35 41 7 17 18 29 44 45 23 39 42 24 10 28 16 27 1 54 22 8 

 19 12 31 48 49 30	 => 189
 3 30 49 21 50 36	 => 189
 15 36 50 33 52 2	 => 188
 31 11 32 47 20 48	 => 189
 49 48 20 26 25 21	 => 189
 50 21 25 51 9 33	 => 189
 52 33 9 43 46 6	 => 189
 32 4 13 40 53 47	 => 189
 20 47 53 5 38 26	 => 189
 25 26 38 34 14 51	 => 188
 9 51 14 37 35 43	 => 189
 46 43 35 41 7 17	 => 189
 53 40 18 29 44 5	 => 189
 38 5 44 45 23 34	 => 189
 14 34 23 39 42 37	 => 189
 35 37 42 24 10 41	 => 189
 44 29 28 16 27 45	 => 189
 23 45 27 1 54 39	 => 189
 42 39 54 22 8 24	 => 189


===================[TEST 70]===================

##### START ##### Thu May 22 01:42:49 2003



##### CONVERGE ##### Thu May 22 01:43:58 2003

Elapsed time: 69 seconds
Total loop: 120 generations

Result : 187.163

11 18 44 40 53 24 20 16 43 34 15 52 37 8 1 29 49 27 26 28 42 9 51 38 3 21 12 33 46 17 25 39 30 10 48 45 6 2 23 35 36 54 19 41 50 32 5 13 4 47 7 22 31 14 

 11 18 44 40 53 24	 => 190
 20 24 53 16 43 34	 => 190
 15 34 43 52 37 8	 => 189
 44 1 29 49 27 40	 => 190
 53 40 27 26 28 16	 => 190
 43 16 28 42 9 52	 => 190
 37 52 9 51 38 3	 => 190
 29 21 12 33 46 49	 => 190
 27 49 46 17 25 26	 => 190
 28 26 25 39 30 42	 => 190
 9 42 30 10 48 51	 => 190
 38 51 48 45 6 2	 => 190
 46 33 23 35 36 17	 => 190
 25 17 36 54 19 39	 => 190
 30 39 19 41 50 10	 => 189
 48 10 50 32 5 45	 => 190
 36 35 13 4 47 54	 => 189
 19 54 47 7 22 41	 => 190
 50 41 22 31 14 32	 => 190


===================[TEST 71]===================

##### START ##### Thu May 22 01:43:58 2003



##### CONVERGE ##### Thu May 22 01:44:56 2003

Elapsed time: 58 seconds
Total loop: 102 generations

Result : 187.616

18 15 42 47 39 29 10 28 50 34 6 31 43 26 3 33 48 17 22 37 21 23 45 36 13 12 16 27 54 24 25 35 49 14 38 32 20 19 2 30 53 46 7 41 44 51 11 1 8 52 4 40 5 9 

 18 15 42 47 39 29	 => 190
 10 29 39 28 50 34	 => 190
 6 34 50 31 43 26	 => 190
 42 3 33 48 17 47	 => 190
 39 47 17 22 37 28	 => 190
 50 28 37 21 23 31	 => 190
 43 31 23 45 36 13	 => 191
 33 12 16 27 54 48	 => 190
 17 48 54 24 25 22	 => 190
 37 22 25 35 49 21	 => 189
 23 21 49 14 38 45	 => 190
 36 45 38 32 20 19	 => 190
 54 27 2 30 53 24	 => 190
 25 24 53 46 7 35	 => 190
 49 35 7 41 44 14	 => 190
 38 14 44 51 11 32	 => 190
 53 30 1 8 52 46	 => 190
 7 46 52 4 40 41	 => 190
 44 41 40 5 9 51	 => 190


===================[TEST 72]===================

##### START ##### Thu May 22 01:44:56 2003



##### CONVERGE ##### Thu May 22 01:45:52 2003

Elapsed time: 56 seconds
Total loop: 97 generations

Result : 187.478

7 10 46 50 34 43 19 8 47 39 4 53 31 16 1 33 36 24 45 29 38 15 40 48 3 13 22 49 37 28 20 23 35 12 51 32 2 17 5 30 41 54 25 52 44 42 9 18 21 26 6 27 14 11 

 7 10 46 50 34 43	 => 190
 19 43 34 8 47 39	 => 190
 4 39 47 53 31 16	 => 190
 46 1 33 36 24 50	 => 190
 34 50 24 45 29 8	 => 190
 47 8 29 38 15 53	 => 190
 31 53 15 40 48 3	 => 190
 33 13 22 49 37 36	 => 190
 24 36 37 28 20 45	 => 190
 29 45 20 23 35 38	 => 190
 15 38 35 12 51 40	 => 191
 48 40 51 32 2 17	 => 190
 37 49 5 30 41 28	 => 190
 20 28 41 54 25 23	 => 191
 35 23 25 52 44 12	 => 191
 51 12 44 42 9 32	 => 190
 41 30 18 21 26 54	 => 190
 25 54 26 6 27 52	 => 190
 44 52 27 14 11 42	 => 190


===================[TEST 73]===================

##### START ##### Thu May 22 01:45:52 2003



##### CONVERGE ##### Thu May 22 01:46:54 2003

Elapsed time: 62 seconds
Total loop: 109 generations

Result : 188.306

14 10 31 54 47 34 25 13 49 22 1 46 48 24 3 33 52 17 30 29 45 8 39 40 9 18 7 37 43 27 20 38 28 19 51 35 21 4 6 36 41 53 11 50 44 26 15 12 16 32 2 42 23 5 

 14 10 31 54 47 34	 => 190
 25 34 47 13 49 22	 => 190
 1 22 49 46 48 24	 => 190
 31 3 33 52 17 54	 => 190
 47 54 17 30 29 13	 => 190
 49 13 29 45 8 46	 => 190
 48 46 8 39 40 9	 => 190
 33 18 7 37 43 52	 => 190
 17 52 43 27 20 30	 => 189
 29 30 20 38 28 45	 => 190
 8 45 28 19 51 39	 => 190
 40 39 51 35 21 4	 => 190
 43 37 6 36 41 27	 => 190
 20 27 41 53 11 38	 => 190
 28 38 11 50 44 19	 => 190
 51 19 44 26 15 35	 => 190
 41 36 12 16 32 53	 => 190
 11 53 32 2 42 50	 => 190
 44 50 42 23 5 26	 => 190


===================[TEST 74]===================

##### START ##### Thu May 22 01:46:54 2003



##### CONVERGE ##### Thu May 22 01:47:57 2003

Elapsed time: 63 seconds
Total loop: 110 generations

Result : 186.616

18 5 31 53 39 43 12 17 37 41 16 51 34 10 13 32 46 14 38 27 35 23 52 28 1 20 6 36 49 9 33 48 8 24 47 22 29 11 25 40 30 54 15 50 44 45 7 19 4 42 2 26 21 3 

 18 5 31 53 39 43	 => 189
 12 43 39 17 37 41	 => 189
 16 41 37 51 34 10	 => 189
 31 13 32 46 14 53	 => 189
 39 53 14 38 27 17	 => 188
 37 17 27 35 23 51	 => 190
 34 51 23 52 28 1	 => 189
 32 20 6 36 49 46	 => 189
 14 46 49 9 33 38	 => 189
 27 38 33 48 8 35	 => 189
 23 35 8 24 47 52	 => 189
 28 52 47 22 29 11	 => 189
 49 36 25 40 30 9	 => 189
 33 9 30 54 15 48	 => 189
 8 48 15 50 44 24	 => 189
 47 24 44 45 7 22	 => 189
 30 40 19 4 42 54	 => 189
 15 54 42 2 26 50	 => 189
 44 50 26 21 3 45	 => 189


===================[TEST 75]===================

##### START ##### Thu May 22 01:47:57 2003



##### CONVERGE ##### Thu May 22 01:49:11 2003

Elapsed time: 74 seconds
Total loop: 131 generations

Result : 188.306

23 18 38 29 52 30 1 15 50 42 3 46 47 2 13 53 41 16 51 27 31 21 37 35 4 7 14 32 43 17 22 25 33 19 49 39 6 24 8 36 54 44 28 45 40 34 9 26 10 20 5 48 12 11 

 23 18 38 29 52 30	 => 190
 1 30 52 15 50 42	 => 190
 3 42 50 46 47 2	 => 190
 38 13 53 41 16 29	 => 190
 52 29 16 51 27 15	 => 190
 50 15 27 31 21 46	 => 190
 47 46 21 37 35 4	 => 190
 53 7 14 32 43 41	 => 190
 16 41 43 17 22 51	 => 190
 27 51 22 25 33 31	 => 189
 21 31 33 19 49 37	 => 190
 35 37 49 39 6 24	 => 190
 43 32 8 36 54 17	 => 190
 22 17 54 44 28 25	 => 190
 33 25 28 45 40 19	 => 190
 49 19 40 34 9 39	 => 190
 54 36 26 10 20 44	 => 190
 28 44 20 5 48 45	 => 190
 40 45 48 12 11 34	 => 190


===================[TEST 76]===================

##### START ##### Thu May 22 01:49:11 2003



##### CONVERGE ##### Thu May 22 01:50:22 2003

Elapsed time: 71 seconds
Total loop: 124 generations

Result : 188.412

2 9 32 50 48 49 1 22 47 23 6 36 54 24 11 35 52 10 33 28 31 26 45 25 4 14 18 29 42 19 34 44 20 27 41 51 16 12 17 37 46 39 8 53 38 30 3 15 13 40 7 43 21 5 

 2 9 32 50 48 49	 => 190
 1 49 48 22 47 23	 => 190
 6 23 47 36 54 24	 => 190
 32 11 35 52 10 50	 => 190
 48 50 10 33 28 22	 => 191
 47 22 28 31 26 36	 => 190
 54 36 26 45 25 4	 => 190
 35 14 18 29 42 52	 => 190
 10 52 42 19 34 33	 => 190
 28 33 34 44 20 31	 => 190
 26 31 20 27 41 45	 => 190
 25 45 41 51 16 12	 => 190
 42 29 17 37 46 19	 => 190
 34 19 46 39 8 44	 => 190
 20 44 8 53 38 27	 => 190
 41 27 38 30 3 51	 => 190
 46 37 15 13 40 39	 => 190
 8 39 40 7 43 53	 => 190
 38 53 43 21 5 30	 => 190


===================[TEST 77]===================

##### START ##### Thu May 22 01:50:22 2003



##### CONVERGE ##### Thu May 22 01:51:18 2003

Elapsed time: 56 seconds
Total loop: 98 generations

Result : 186.951

4 18 51 43 52 23 6 13 42 54 3 53 37 1 2 26 49 19 28 36 33 14 46 29 12 20 17 40 38 27 30 31 32 25 41 44 22 9 5 34 47 48 8 50 45 24 11 16 7 39 10 35 15 21 

 4 18 51 43 52 23	 => 191
 6 23 52 13 42 54	 => 190
 3 54 42 53 37 1	 => 190
 51 2 26 49 19 43	 => 190
 52 43 19 28 36 13	 => 191
 42 13 36 33 14 53	 => 191
 37 53 14 46 29 12	 => 191
 26 20 17 40 38 49	 => 190
 19 49 38 27 30 28	 => 191
 36 28 30 31 32 33	 => 190
 14 33 32 25 41 46	 => 191
 29 46 41 44 22 9	 => 191
 38 40 5 34 47 27	 => 191
 30 27 47 48 8 31	 => 191
 32 31 8 50 45 25	 => 191
 41 25 45 24 11 44	 => 190
 47 34 16 7 39 48	 => 191
 8 48 39 10 35 50	 => 190
 45 50 35 15 21 24	 => 190


===================[TEST 78]===================

##### START ##### Thu May 22 01:51:18 2003



##### CONVERGE ##### Thu May 22 01:52:24 2003

Elapsed time: 66 seconds
Total loop: 116 generations

Result : 187.64

14 16 24 47 54 35 12 7 46 36 17 51 29 11 4 50 42 23 26 33 25 28 32 30 20 15 5 37 41 18 40 31 34 22 49 52 6 21 1 45 48 43 10 53 39 19 9 13 3 38 2 44 8 27 

 14 16 24 47 54 35	 => 190
 12 35 54 7 46 36	 => 190
 17 36 46 51 29 11	 => 190
 24 4 50 42 23 47	 => 190
 54 47 23 26 33 7	 => 190
 46 7 33 25 28 51	 => 190
 29 51 28 32 30 20	 => 190
 50 15 5 37 41 42	 => 190
 23 42 41 18 40 26	 => 190
 33 26 40 31 34 25	 => 189
 28 25 34 22 49 32	 => 190
 30 32 49 52 6 21	 => 190
 41 37 1 45 48 18	 => 190
 40 18 48 43 10 31	 => 190
 34 31 10 53 39 22	 => 189
 49 22 39 19 9 52	 => 190
 48 45 13 3 38 43	 => 190
 10 43 38 2 44 53	 => 190
 39 53 44 8 27 19	 => 190


===================[TEST 79]===================

##### START ##### Thu May 22 01:52:24 2003



##### CONVERGE ##### Thu May 22 01:53:56 2003

Elapsed time: 92 seconds
Total loop: 160 generations

Result : 187.794

17 2 40 47 53 32 3 8 49 46 24 45 26 1 7 29 54 13 31 39 27 23 51 35 11 20 16 30 42 18 33 36 25 21 44 28 14 19 15 38 48 34 22 37 50 43 5 6 12 52 4 41 9 10 

 17 2 40 47 53 32	 => 191
 3 32 53 8 49 46	 => 191
 24 46 49 45 26 1	 => 191
 40 7 29 54 13 47	 => 190
 53 47 13 31 39 8	 => 191
 49 8 39 27 23 45	 => 191
 26 45 23 51 35 11	 => 191
 29 20 16 30 42 54	 => 191
 13 54 42 18 33 31	 => 191
 39 31 33 36 25 27	 => 191
 23 27 25 21 44 51	 => 191
 35 51 44 28 14 19	 => 191
 42 30 15 38 48 18	 => 191
 33 18 48 34 22 36	 => 191
 25 36 22 37 50 21	 => 191
 44 21 50 43 5 28	 => 191
 48 38 6 12 52 34	 => 190
 22 34 52 4 41 37	 => 190
 50 37 41 9 10 43	 => 190


===================[TEST 80]===================

##### START ##### Thu May 22 01:53:56 2003



##### CONVERGE ##### Thu May 22 01:54:50 2003

Elapsed time: 54 seconds
Total loop: 94 generations

Result : 187.64

27 11 29 49 32 42 2 14 47 53 5 52 23 10 1 36 50 25 30 40 21 16 51 31 17 26 4 46 28 15 41 22 35 24 43 39 8 18 13 34 54 38 20 44 45 33 6 9 7 48 3 37 12 19 

 27 11 29 49 32 42	 => 190
 2 42 32 14 47 53	 => 190
 5 53 47 52 23 10	 => 190
 29 1 36 50 25 49	 => 190
 32 49 25 30 40 14	 => 190
 47 14 40 21 16 52	 => 190
 23 52 16 51 31 17	 => 190
 36 26 4 46 28 50	 => 190
 25 50 28 15 41 30	 => 189
 40 30 41 22 35 21	 => 189
 16 21 35 24 43 51	 => 190
 31 51 43 39 8 18	 => 190
 28 46 13 34 54 15	 => 190
 41 15 54 38 20 22	 => 190
 35 22 20 44 45 24	 => 190
 43 24 45 33 6 39	 => 190
 54 34 9 7 48 38	 => 190
 20 38 48 3 37 44	 => 190
 45 44 37 12 19 33	 => 190


===================[TEST 81]===================

##### START ##### Thu May 22 01:54:50 2003



##### CONVERGE ##### Thu May 22 01:55:44 2003

Elapsed time: 54 seconds
Total loop: 96 generations

Result : 188.306

13 16 32 53 41 35 12 19 43 40 4 51 31 21 9 24 54 18 20 39 28 10 49 46 3 15 22 37 38 27 33 23 47 14 42 45 6 1 2 34 52 29 26 44 36 48 5 8 17 50 11 30 7 25 

 13 16 32 53 41 35	 => 190
 12 35 41 19 43 40	 => 190
 4 40 43 51 31 21	 => 190
 32 9 24 54 18 53	 => 190
 41 53 18 20 39 19	 => 190
 43 19 39 28 10 51	 => 190
 31 51 10 49 46 3	 => 190
 24 15 22 37 38 54	 => 190
 18 54 38 27 33 20	 => 190
 39 20 33 23 47 28	 => 190
 10 28 47 14 42 49	 => 190
 46 49 42 45 6 1	 => 189
 38 37 2 34 52 27	 => 190
 33 27 52 29 26 23	 => 190
 47 23 26 44 36 14	 => 190
 42 14 36 48 5 45	 => 190
 52 34 8 17 50 29	 => 190
 26 29 50 11 30 44	 => 190
 36 44 30 7 25 48	 => 190


===================[TEST 82]===================

##### START ##### Thu May 22 01:55:44 2003



##### CONVERGE ##### Thu May 22 01:56:43 2003

Elapsed time: 59 seconds
Total loop: 102 generations

Result : 187.85

13 5 30 53 43 46 4 21 39 38 12 49 32 20 11 45 44 7 37 29 35 17 42 47 3 26 10 31 34 28 40 27 22 23 51 24 19 8 6 50 41 36 18 48 52 25 15 14 16 33 1 54 2 9 

 13 5 30 53 43 46	 => 190
 4 46 43 21 39 38	 => 191
 12 38 39 49 32 20	 => 190
 30 11 45 44 7 53	 => 190
 43 53 7 37 29 21	 => 190
 39 21 29 35 17 49	 => 190
 32 49 17 42 47 3	 => 190
 45 26 10 31 34 44	 => 190
 7 44 34 28 40 37	 => 190
 29 37 40 27 22 35	 => 190
 17 35 22 23 51 42	 => 190
 47 42 51 24 19 8	 => 191
 34 31 6 50 41 28	 => 190
 40 28 41 36 18 27	 => 190
 22 27 18 48 52 23	 => 190
 51 23 52 25 15 24	 => 190
 41 50 14 16 33 36	 => 190
 18 36 33 1 54 48	 => 190
 52 48 54 2 9 25	 => 190


===================[TEST 83]===================

##### START ##### Thu May 22 01:56:43 2003



##### CONVERGE ##### Thu May 22 01:57:28 2003

Elapsed time: 45 seconds
Total loop: 80 generations

Result : 187.163

11 14 52 33 39 41 8 21 46 35 2 54 31 22 3 42 45 15 49 32 25 12 47 40 6 19 7 34 43 9 28 30 26 27 53 36 10 4 16 37 51 48 24 38 44 17 13 5 20 29 1 50 18 23 

 11 14 52 33 39 41	 => 190
 8 41 39 21 46 35	 => 190
 2 35 46 54 31 22	 => 190
 52 3 42 45 15 33	 => 190
 39 33 15 49 32 21	 => 189
 46 21 32 25 12 54	 => 190
 31 54 12 47 40 6	 => 190
 42 19 7 34 43 45	 => 190
 15 45 43 9 28 49	 => 189
 32 49 28 30 26 25	 => 190
 12 25 26 27 53 47	 => 190
 40 47 53 36 10 4	 => 190
 43 34 16 37 51 9	 => 190
 28 9 51 48 24 30	 => 190
 26 30 24 38 44 27	 => 189
 53 27 44 17 13 36	 => 190
 51 37 5 20 29 48	 => 190
 24 48 29 1 50 38	 => 190
 44 38 50 18 23 17	 => 190


===================[TEST 84]===================

##### START ##### Thu May 22 01:57:28 2003



##### CONVERGE ##### Thu May 22 01:59:03 2003

Elapsed time: 95 seconds
Total loop: 166 generations

Result : 187.85

29 18 25 45 41 33 3 16 53 44 6 34 51 2 4 43 54 19 30 39 31 17 46 32 10 5 1 50 37 23 27 35 28 20 48 26 24 15 7 21 52 42 11 47 49 38 9 22 13 40 14 36 8 12 

 29 18 25 45 41 33	 => 191
 3 33 41 16 53 44	 => 190
 6 44 53 34 51 2	 => 190
 25 4 43 54 19 45	 => 190
 41 45 19 30 39 16	 => 190
 53 16 39 31 17 34	 => 190
 51 34 17 46 32 10	 => 190
 43 5 1 50 37 54	 => 190
 19 54 37 23 27 30	 => 190
 39 30 27 35 28 31	 => 190
 17 31 28 20 48 46	 => 190
 32 46 48 26 24 15	 => 191
 37 50 7 21 52 23	 => 190
 27 23 52 42 11 35	 => 190
 28 35 11 47 49 20	 => 190
 48 20 49 38 9 26	 => 190
 52 21 22 13 40 42	 => 190
 11 42 40 14 36 47	 => 190
 49 47 36 8 12 38	 => 190


===================[TEST 85]===================

##### START ##### Thu May 22 01:59:03 2003



##### CONVERGE ##### Thu May 22 01:59:59 2003

Elapsed time: 56 seconds
Total loop: 98 generations

Result : 187.85

21 11 36 42 48 32 5 18 53 34 3 47 43 10 8 37 54 13 39 30 35 7 51 40 2 9 12 28 50 19 15 38 33 20 45 31 6 17 23 26 44 52 22 29 49 41 4 25 16 27 14 46 24 1 

 21 11 36 42 48 32	 => 190
 5 32 48 18 53 34	 => 190
 3 34 53 47 43 10	 => 190
 36 8 37 54 13 42	 => 190
 48 42 13 39 30 18	 => 190
 53 18 30 35 7 47	 => 190
 43 47 7 51 40 2	 => 190
 37 9 12 28 50 54	 => 190
 13 54 50 19 15 39	 => 190
 30 39 15 38 33 35	 => 190
 7 35 33 20 45 51	 => 191
 40 51 45 31 6 17	 => 190
 50 28 23 26 44 19	 => 190
 15 19 44 52 22 38	 => 190
 33 38 22 29 49 20	 => 191
 45 20 49 41 4 31	 => 190
 44 26 25 16 27 52	 => 190
 22 52 27 14 46 29	 => 190
 49 29 46 24 1 41	 => 190


===================[TEST 86]===================

##### START ##### Thu May 22 01:59:59 2003



##### CONVERGE ##### Thu May 22 02:00:41 2003

Elapsed time: 42 seconds
Total loop: 73 generations

Result : 187.64

4 20 49 40 53 24 2 22 52 37 5 41 48 7 3 29 50 19 30 26 34 14 51 35 1 6 16 45 44 11 36 43 21 23 47 28 18 10 9 54 27 42 31 39 33 46 13 17 12 38 8 32 15 25 

 4 20 49 40 53 24	 => 190
 2 24 53 22 52 37	 => 190
 5 37 52 41 48 7	 => 190
 49 3 29 50 19 40	 => 190
 53 40 19 30 26 22	 => 190
 52 22 26 34 14 41	 => 189
 48 41 14 51 35 1	 => 190
 29 6 16 45 44 50	 => 190
 19 50 44 11 36 30	 => 190
 26 30 36 43 21 34	 => 190
 14 34 21 23 47 51	 => 190
 35 51 47 28 18 10	 => 189
 44 45 9 54 27 11	 => 190
 36 11 27 42 31 43	 => 190
 21 43 31 39 33 23	 => 190
 47 23 33 46 13 28	 => 190
 27 54 17 12 38 42	 => 190
 31 42 38 8 32 39	 => 190
 33 39 32 15 25 46	 => 190


===================[TEST 87]===================

##### START ##### Thu May 22 02:00:41 2003



##### CONVERGE ##### Thu May 22 02:01:31 2003

Elapsed time: 50 seconds
Total loop: 88 generations

Result : 187.306

7 12 38 48 34 50 3 20 43 39 6 51 42 8 9 44 27 23 28 36 15 24 33 37 2 5 18 41 54 11 46 17 47 21 49 31 25 14 1 29 53 40 22 30 52 26 10 19 13 35 16 45 4 32 

 7 12 38 48 34 50	 => 189
 3 50 34 20 43 39	 => 189
 6 39 43 51 42 8	 => 189
 38 9 44 27 23 48	 => 189
 34 48 23 28 36 20	 => 189
 43 20 36 15 24 51	 => 189
 42 51 24 33 37 2	 => 189
 44 5 18 41 54 27	 => 189
 23 27 54 11 46 28	 => 189
 36 28 46 17 47 15	 => 189
 24 15 47 21 49 33	 => 189
 37 33 49 31 25 14	 => 189
 54 41 1 29 53 11	 => 189
 46 11 53 40 22 17	 => 189
 47 17 22 30 52 21	 => 189
 49 21 52 26 10 31	 => 189
 53 29 19 13 35 40	 => 189
 22 40 35 16 45 30	 => 188
 52 30 45 4 32 26	 => 189


===================[TEST 88]===================

##### START ##### Thu May 22 02:01:31 2003



##### CONVERGE ##### Thu May 22 02:02:27 2003

Elapsed time: 56 seconds
Total loop: 98 generations

Result : 188.306

14 5 48 50 44 29 20 21 54 22 15 35 52 12 1 31 51 9 27 39 30 11 45 41 6 10 13 49 36 25 42 18 34 23 47 33 17 7 2 32 46 40 19 53 43 28 16 26 8 37 3 38 24 4 

 14 5 48 50 44 29	 => 190
 20 29 44 21 54 22	 => 190
 15 22 54 35 52 12	 => 190
 48 1 31 51 9 50	 => 190
 44 50 9 27 39 21	 => 190
 54 21 39 30 11 35	 => 190
 52 35 11 45 41 6	 => 190
 31 10 13 49 36 51	 => 190
 9 51 36 25 42 27	 => 190
 39 27 42 18 34 30	 => 190
 11 30 34 23 47 45	 => 190
 41 45 47 33 17 7	 => 190
 36 49 2 32 46 25	 => 190
 42 25 46 40 19 18	 => 190
 34 18 19 53 43 23	 => 190
 47 23 43 28 16 33	 => 190
 46 32 26 8 37 40	 => 189
 19 40 37 3 38 53	 => 190
 43 53 38 24 4 28	 => 190


===================[TEST 89]===================

##### START ##### Thu May 22 02:02:27 2003



##### CONVERGE ##### Thu May 22 02:04:16 2003

Elapsed time: 109 seconds
Total loop: 190 generations

Result : 187.478

26 4 33 36 49 43 2 17 48 31 21 47 40 3 1 46 51 23 37 28 32 18 54 24 7 6 14 39 35 15 29 30 34 11 41 50 13 9 12 45 44 52 20 42 53 25 10 19 8 22 16 38 27 5 

 26 4 33 36 49 43	 => 191
 2 43 49 17 48 31	 => 190
 21 31 48 47 40 3	 => 190
 33 1 46 51 23 36	 => 190
 49 36 23 37 28 17	 => 190
 48 17 28 32 18 47	 => 190
 40 47 18 54 24 7	 => 190
 46 6 14 39 35 51	 => 191
 23 51 35 15 29 37	 => 190
 28 37 29 30 34 32	 => 190
 18 32 34 11 41 54	 => 190
 24 54 41 50 13 9	 => 191
 35 39 12 45 44 15	 => 190
 29 15 44 52 20 30	 => 190
 34 30 20 42 53 11	 => 190
 41 11 53 25 10 50	 => 190
 44 45 19 8 22 52	 => 190
 20 52 22 16 38 42	 => 190
 53 42 38 27 5 25	 => 190


===================[TEST 90]===================

##### START ##### Thu May 22 02:04:16 2003



##### CONVERGE ##### Thu May 22 02:05:18 2003

Elapsed time: 62 seconds
Total loop: 109 generations

Result : 187.412

22 11 45 51 43 17 31 15 50 33 2 44 34 26 7 28 49 9 29 42 20 18 41 46 6 10 12 36 54 23 25 38 35 27 48 39 1 14 5 24 47 52 4 53 32 30 13 19 8 40 3 37 21 16 

 22 11 45 51 43 17	 => 189
 31 17 43 15 50 33	 => 189
 2 33 50 44 34 26	 => 189
 45 7 28 49 9 51	 => 189
 43 51 9 29 42 15	 => 189
 50 15 42 20 18 44	 => 189
 34 44 18 41 46 6	 => 189
 28 10 12 36 54 49	 => 189
 9 49 54 23 25 29	 => 189
 42 29 25 38 35 20	 => 189
 18 20 35 27 48 41	 => 189
 46 41 48 39 1 14	 => 189
 54 36 5 24 47 23	 => 189
 25 23 47 52 4 38	 => 189
 35 38 4 53 32 27	 => 189
 48 27 32 30 13 39	 => 189
 47 24 19 8 40 52	 => 190
 4 52 40 3 37 53	 => 189
 32 53 37 21 16 30	 => 189


===================[TEST 91]===================

##### START ##### Thu May 22 02:05:18 2003



##### CONVERGE ##### Thu May 22 02:06:18 2003

Elapsed time: 60 seconds
Total loop: 106 generations

Result (Solution) : 188

4 17 41 49 54 23 3 14 42 52 9 53 22 10 1 45 34 18 27 26 33 20 48 37 8 6 2 50 51 15 43 38 21 30 36 32 19 16 12 25 35 44 13 47 39 40 11 46 7 31 24 29 28 5 

 4 17 41 49 54 23	 => 188
 3 23 54 14 42 52	 => 188
 9 52 42 53 22 10	 => 188
 41 1 45 34 18 49	 => 188
 54 49 18 27 26 14	 => 188
 42 14 26 33 20 53	 => 188
 22 53 20 48 37 8	 => 188
 45 6 2 50 51 34	 => 188
 18 34 51 15 43 27	 => 188
 26 27 43 38 21 33	 => 188
 20 33 21 30 36 48	 => 188
 37 48 36 32 19 16	 => 188
 51 50 12 25 35 15	 => 188
 43 15 35 44 13 38	 => 188
 21 38 13 47 39 30	 => 188
 36 30 39 40 11 32	 => 188
 35 25 46 7 31 44	 => 188
 13 44 31 24 29 47	 => 188
 39 47 29 28 5 40	 => 188


===================[TEST 92]===================

##### START ##### Thu May 22 02:06:18 2003



##### CONVERGE ##### Thu May 22 02:07:29 2003

Elapsed time: 71 seconds
Total loop: 123 generations

Result : 187.478

17 19 29 41 54 30 7 26 50 23 20 52 32 13 9 49 51 11 40 18 34 10 44 47 5 24 4 27 35 25 28 37 33 22 48 36 14 1 15 42 46 39 16 45 38 43 3 2 8 53 6 31 12 21 

 17 19 29 41 54 30	 => 190
 7 30 54 26 50 23	 => 190
 20 23 50 52 32 13	 => 190
 29 9 49 51 11 41	 => 190
 54 41 11 40 18 26	 => 190
 50 26 18 34 10 52	 => 190
 32 52 10 44 47 5	 => 190
 49 24 4 27 35 51	 => 190
 11 51 35 25 28 40	 => 190
 18 40 28 37 33 34	 => 190
 10 34 33 22 48 44	 => 191
 47 44 48 36 14 1	 => 190
 35 27 15 42 46 25	 => 190
 28 25 46 39 16 37	 => 191
 33 37 16 45 38 22	 => 191
 48 22 38 43 3 36	 => 190
 46 42 2 8 53 39	 => 190
 16 39 53 6 31 45	 => 190
 38 45 31 12 21 43	 => 190


===================[TEST 93]===================

##### START ##### Thu May 22 02:07:29 2003



##### CONVERGE ##### Thu May 22 02:08:40 2003

Elapsed time: 71 seconds
Total loop: 124 generations

Result : 187.478

6 24 35 50 47 29 9 23 48 34 4 52 36 16 11 33 39 22 31 18 32 17 37 45 3 19 2 44 53 5 40 27 42 8 54 30 14 10 1 46 41 51 26 38 49 28 21 12 15 25 7 43 13 20 

 6 24 35 50 47 29	 => 191
 9 29 47 23 48 34	 => 190
 4 34 48 52 36 16	 => 190
 35 11 33 39 22 50	 => 190
 47 50 22 31 18 23	 => 191
 48 23 18 32 17 52	 => 190
 36 52 17 37 45 3	 => 190
 33 19 2 44 53 39	 => 190
 22 39 53 5 40 31	 => 190
 18 31 40 27 42 32	 => 190
 17 32 42 8 54 37	 => 190
 45 37 54 30 14 10	 => 190
 53 44 1 46 41 5	 => 190
 40 5 41 51 26 27	 => 190
 42 27 26 38 49 8	 => 190
 54 8 49 28 21 30	 => 190
 41 46 12 15 25 51	 => 190
 26 51 25 7 43 38	 => 190
 49 38 43 13 20 28	 => 191


===================[TEST 94]===================

##### START ##### Thu May 22 02:08:40 2003



##### CONVERGE ##### Thu May 22 02:09:42 2003

Elapsed time: 62 seconds
Total loop: 109 generations

Result : 187.794

9 13 42 51 45 31 5 20 53 37 22 44 29 6 1 39 35 23 25 27 26 21 49 30 17 10 24 28 54 12 41 38 33 15 47 48 14 3 11 52 34 50 16 46 43 36 2 19 4 32 7 40 18 8 

 9 13 42 51 45 31	 => 191
 5 31 45 20 53 37	 => 191
 22 37 53 44 29 6	 => 191
 42 1 39 35 23 51	 => 191
 45 51 23 25 27 20	 => 191
 53 20 27 26 21 44	 => 191
 29 44 21 49 30 17	 => 190
 39 10 24 28 54 35	 => 190
 23 35 54 12 41 25	 => 190
 27 25 41 38 33 26	 => 190
 21 26 33 15 47 49	 => 191
 30 49 47 48 14 3	 => 191
 54 28 11 52 34 12	 => 191
 41 12 34 50 16 38	 => 191
 33 38 16 46 43 15	 => 191
 47 15 43 36 2 48	 => 191
 34 52 19 4 32 50	 => 191
 16 50 32 7 40 46	 => 191
 43 46 40 18 8 36	 => 191


===================[TEST 95]===================

##### START ##### Thu May 22 02:09:42 2003



##### CONVERGE ##### Thu May 22 02:10:47 2003

Elapsed time: 65 seconds
Total loop: 114 generations

Result : 187.64

6 15 54 33 37 45 3 19 52 34 11 39 41 13 2 40 36 25 46 30 28 21 47 24 18 12 16 44 42 9 32 31 23 20 51 38 29 1 4 43 48 53 17 50 49 22 10 14 5 27 7 35 26 8 

 6 15 54 33 37 45	 => 190
 3 45 37 19 52 34	 => 190
 11 34 52 39 41 13	 => 190
 54 2 40 36 25 33	 => 190
 37 33 25 46 30 19	 => 190
 52 19 30 28 21 39	 => 189
 41 39 21 47 24 18	 => 190
 40 12 16 44 42 36	 => 190
 25 36 42 9 32 46	 => 190
 30 46 32 31 23 28	 => 190
 21 28 23 20 51 47	 => 190
 24 47 51 38 29 1	 => 190
 42 44 4 43 48 9	 => 190
 32 9 48 53 17 31	 => 190
 23 31 17 50 49 20	 => 190
 51 20 49 22 10 38	 => 190
 48 43 14 5 27 53	 => 190
 17 53 27 7 35 50	 => 189
 49 50 35 26 8 22	 => 190


===================[TEST 96]===================

##### START ##### Thu May 22 02:10:47 2003



##### CONVERGE ##### Thu May 22 02:12:14 2003

Elapsed time: 87 seconds
Total loop: 153 generations

Result : 187.794

21 11 30 50 51 28 10 23 48 31 5 41 47 19 6 42 54 9 26 32 29 18 45 36 4 1 17 24 53 22 27 43 33 14 52 38 12 8 3 49 40 39 20 35 46 34 7 2 16 44 15 37 25 13 

 21 11 30 50 51 28	 => 191
 10 28 51 23 48 31	 => 191
 5 31 48 41 47 19	 => 191
 30 6 42 54 9 50	 => 191
 51 50 9 26 32 23	 => 191
 48 23 32 29 18 41	 => 191
 47 41 18 45 36 4	 => 191
 42 1 17 24 53 54	 => 191
 9 54 53 22 27 26	 => 191
 32 26 27 43 33 29	 => 190
 18 29 33 14 52 45	 => 191
 36 45 52 38 12 8	 => 191
 53 24 3 49 40 22	 => 191
 27 22 40 39 20 43	 => 191
 33 43 20 35 46 14	 => 191
 52 14 46 34 7 38	 => 191
 40 49 2 16 44 39	 => 190
 20 39 44 15 37 35	 => 190
 46 35 37 25 13 34	 => 190


===================[TEST 97]===================

##### START ##### Thu May 22 02:12:14 2003



##### CONVERGE ##### Thu May 22 02:13:14 2003

Elapsed time: 60 seconds
Total loop: 105 generations

Result : 187.85

2 11 34 49 53 42 4 19 48 24 3 47 51 17 13 38 41 15 33 22 36 18 37 28 9 1 25 35 50 21 30 40 29 16 54 46 5 20 7 32 45 44 10 52 43 23 8 26 12 31 14 39 6 27 

 2 11 34 49 53 42	 => 191
 4 42 53 19 48 24	 => 190
 3 24 48 47 51 17	 => 190
 34 13 38 41 15 49	 => 190
 53 49 15 33 22 19	 => 191
 48 19 22 36 18 47	 => 190
 51 47 18 37 28 9	 => 190
 38 1 25 35 50 41	 => 190
 15 41 50 21 30 33	 => 190
 22 33 30 40 29 36	 => 190
 18 36 29 16 54 37	 => 190
 28 37 54 46 5 20	 => 190
 50 35 7 32 45 21	 => 190
 30 21 45 44 10 40	 => 190
 29 40 10 52 43 16	 => 190
 54 16 43 23 8 46	 => 190
 45 32 26 12 31 44	 => 190
 10 44 31 14 39 52	 => 190
 43 52 39 6 27 23	 => 190


===================[TEST 98]===================

##### START ##### Thu May 22 02:13:14 2003



##### CONVERGE ##### Thu May 22 02:15:07 2003

Elapsed time: 113 seconds
Total loop: 198 generations

Result : 188.163

22 1 52 37 54 25 7 23 43 39 16 48 30 15 5 27 50 20 28 29 34 14 49 26 24 21 8 41 44 17 32 36 31 18 45 47 12 11 2 33 53 40 13 51 42 35 4 9 10 46 3 38 19 6 

 22 1 52 37 54 25	 => 191
 7 25 54 23 43 39	 => 191
 16 39 43 48 30 15	 => 191
 52 5 27 50 20 37	 => 191
 54 37 20 28 29 23	 => 191
 43 23 29 34 14 48	 => 191
 30 48 14 49 26 24	 => 191
 27 21 8 41 44 50	 => 191
 20 50 44 17 32 28	 => 191
 29 28 32 36 31 34	 => 190
 14 34 31 18 45 49	 => 191
 26 49 45 47 12 11	 => 190
 44 41 2 33 53 17	 => 190
 32 17 53 40 13 36	 => 191
 31 36 13 51 42 18	 => 191
 45 18 42 35 4 47	 => 191
 53 33 9 10 46 40	 => 191
 13 40 46 3 38 51	 => 191
 42 51 38 19 6 35	 => 191


===================[TEST 99]===================

##### START ##### Thu May 22 02:15:07 2003



##### CONVERGE ##### Thu May 22 02:16:27 2003

Elapsed time: 80 seconds
Total loop: 140 generations

Result : 187.85

22 5 34 47 40 42 1 24 30 53 6 51 29 21 4 49 44 13 23 43 27 15 54 33 8 2 18 25 52 19 39 26 32 16 46 28 20 9 11 45 38 37 31 35 50 48 3 12 17 41 10 36 7 14 

 22 5 34 47 40 42	 => 190
 1 42 40 24 30 53	 => 190
 6 53 30 51 29 21	 => 190
 34 4 49 44 13 47	 => 191
 40 47 13 23 43 24	 => 190
 30 24 43 27 15 51	 => 190
 29 51 15 54 33 8	 => 190
 49 2 18 25 52 44	 => 190
 13 44 52 19 39 23	 => 190
 43 23 39 26 32 27	 => 190
 15 27 32 16 46 54	 => 190
 33 54 46 28 20 9	 => 190
 52 25 11 45 38 19	 => 190
 39 19 38 37 31 26	 => 190
 32 26 31 35 50 16	 => 190
 46 16 50 48 3 28	 => 191
 38 45 12 17 41 37	 => 190
 31 37 41 10 36 35	 => 190
 50 35 36 7 14 48	 => 190


===================[TEST 100]===================

##### START ##### Thu May 22 02:16:27 2003



##### CONVERGE ##### Thu May 22 02:17:29 2003

Elapsed time: 62 seconds
Total loop: 107 generations

Result : 187.412

25 5 22 53 50 34 2 8 52 43 3 49 41 1 10 29 54 21 27 30 18 32 37 23 7 11 9 42 44 12 31 38 45 6 51 46 13 19 4 40 47 35 26 36 39 33 14 28 15 24 20 48 17 16 

 25 5 22 53 50 34	 => 189
 2 34 50 8 52 43	 => 189
 3 43 52 49 41 1	 => 189
 22 10 29 54 21 53	 => 189
 50 53 21 27 30 8	 => 189
 52 8 30 18 32 49	 => 189
 41 49 32 37 23 7	 => 189
 29 11 9 42 44 54	 => 189
 21 54 44 12 31 27	 => 189
 30 27 31 38 45 18	 => 189
 32 18 45 6 51 37	 => 189
 23 37 51 46 13 19	 => 189
 44 42 4 40 47 12	 => 189
 31 12 47 35 26 38	 => 189
 45 38 26 36 39 6	 => 190
 51 6 39 33 14 46	 => 189
 47 40 28 15 24 35	 => 189
 26 35 24 20 48 36	 => 189
 39 36 48 17 16 33	 => 189



test#	fitness		sum		time
---------------------------------------------------
1	186.85				48
2	187.501				66
3	187.163				55
4	187.501				75
5	186.85				43
6	188.306				47
7	187.64				64
8	187.215				43
9	188.412				74
10	186.478				55
11	187.215				69
12	187.616				77
13	187.412				76
14	187.616				82
15	187.85				84
16	187.412				54
17	187.163				49
18	188.412				60
19	188.412				68
20	188		188		65
21	188.306				55
22	188.412		186		70
23	186.616				48
24	186.478				43
25	187.163				49
26	187.85				68
27	187.163				52
28	187.501				62
29	187.64				60
30	188.306				76
31	186.85				65
32	187.794				109
33	186.85				43
34	187.215				49
35	186.412				38
36	187.478				61
37	187.215				48
38	188.306				74
39	188.412				95
40	189		189		41
41	187.85				60
42	188.306				62
43	187.85				74
44	188.306				59
45	187.412				70
46	188.412				74
47	187.306				57
48	188.163				127
49	187.85				57
50	187.163				60
51	187.412		187		42
52	187.85				78
53	187.616				66
54	188.412				64
55	188.163				83
56	187.64				55
57	187.64				67
58	187.64				43
59	187.412				41
60	188		188		51
61	187.215				65
62	187.501				57
63	187.306				49
64	187.268				69
65	188.163				70
66	188.412				85
67	187.64				56
68	187.478				61
69	186.64				57
70	187.163				69
71	187.616				58
72	187.478				56
73	188.306				62
74	186.616				63
75	188.306				74
76	188.412				71
77	186.951				56
78	187.64				66
79	187.794				92
80	187.64				54
81	188.306				54
82	187.85				59
83	187.163				45
84	187.85				95
85	187.85				56
86	187.64				42
87	187.306				50
88	188.306				56
89	187.478				109
90	187.412				62
91	188		188		60
92	187.478				71
93	187.478				71
94	187.794				62
95	187.64				65
96	187.794				87
97	187.85				60
98	188.163				113
99	187.85				80
100	187.412				62


---------------------------------------------------
Best fitness      : 189 ( test# 40)
Best solution sum : 189 ( test# 40)
Shortest time     : 38 ( test# 35)

Average fitness   : 187.646
Average sol. sum  : 187.667
Average time      : 63.99
