****************** GA TEST *******************

total test#:			 100
hexa min width:			 3
hexa max width:			 6
hexa count:			 30
number count:			 80
population size:		 200
generation size:		 80

tournament winner p:		 1
do xover p:			 0.95
xover:				 2points
do mutation1 p:			 0.1
mutation1 p:			 0.05
do optimize p:			 0.98
local optimize count:		 20000
do deep better optimize p:	 1
do deep worse optimize p:	 0
do spin p:			 0
spin count:			 1000
do spin apply p:		 1
do mutation2 p:			 0.12
mutation2 p:			 0.08
force mutation2:		 0
replace bad p:			 0.195

converge rate p:		 0.99
converge count:			 3

**********************************************


===================[TEST 1]===================

##### START ##### Sat May 24 11:40:50 2003



##### CONVERGE ##### Sat May 24 11:51:01 2003

Elapsed time: 611 seconds
Total loop: 136 generations

Result : 273.217

18 4 59 70 60 65 16 22 75 37 24 73 61 6 5 40 46 56 39 29 36 41 78 20 3 7 64 71 48 8 79 31 62 14 45 74 58 1 12 44 32 53 54 42 50 66 80 23 51 69 49 15 11 26 43 68 34 28 38 13 33 76 21 10 2 77 52 67 57 63 72 55 19 27 35 17 25 47 30 9 

 18 4 59 70 60 65	 => 276
 16 65 60 22 75 37	 => 275
 24 37 75 73 61 6	 => 276
 59 5 40 46 56 70	 => 276
 60 70 56 39 29 22	 => 276
 75 22 29 36 41 73	 => 276
 61 73 41 78 20 3	 => 276
 40 7 64 71 48 46	 => 276
 56 46 48 8 79 39	 => 276
 29 39 79 31 62 36	 => 276
 41 36 62 14 45 78	 => 276
 20 78 45 74 58 1	 => 276
 64 12 44 32 53 71	 => 276
 48 71 53 54 42 8	 => 276
 79 8 42 50 66 31	 => 276
 62 31 66 80 23 14	 => 276
 45 14 23 51 69 74	 => 276
 58 74 69 49 15 11	 => 276
 53 32 26 43 68 54	 => 276
 42 54 68 34 28 50	 => 276
 66 50 28 38 13 80	 => 275
 23 80 13 33 76 51	 => 276
 69 51 76 21 10 49	 => 276
 68 43 2 77 52 34	 => 276
 28 34 52 67 57 38	 => 276
 13 38 57 63 72 33	 => 276
 76 33 72 55 19 21	 => 276
 52 77 27 35 17 67	 => 275
 57 67 17 25 47 63	 => 276
 72 63 47 30 9 55	 => 276


===================[TEST 2]===================

##### START ##### Sat May 24 11:51:01 2003



##### CONVERGE ##### Sat May 24 11:58:54 2003

Elapsed time: 473 seconds
Total loop: 105 generations

Result : 272.221

15 2 65 78 60 55 6 32 72 50 20 79 42 11 8 21 76 27 34 44 22 26 67 43 18 19 64 46 49 54 35 74 66 38 56 68 40 1 41 23 31 70 47 10 57 45 28 24 30 59 75 4 29 13 51 63 62 36 48 61 52 80 17 14 5 25 69 53 7 71 37 73 16 39 12 77 9 58 33 3 

 15 2 65 78 60 55	 => 275
 6 55 60 32 72 50	 => 275
 20 50 72 79 42 11	 => 274
 65 8 21 76 27 78	 => 275
 60 78 27 34 44 32	 => 275
 72 32 44 22 26 79	 => 275
 42 79 26 67 43 18	 => 275
 21 19 64 46 49 76	 => 275
 27 76 49 54 35 34	 => 275
 44 34 35 74 66 22	 => 275
 26 22 66 38 56 67	 => 275
 43 67 56 68 40 1	 => 275
 64 41 23 31 70 46	 => 275
 49 46 70 47 10 54	 => 276
 35 54 10 57 45 74	 => 275
 66 74 45 28 24 38	 => 275
 56 38 24 30 59 68	 => 275
 40 68 59 75 4 29	 => 275
 70 31 13 51 63 47	 => 275
 10 47 63 62 36 57	 => 275
 45 57 36 48 61 28	 => 275
 24 28 61 52 80 30	 => 275
 59 30 80 17 14 75	 => 275
 63 51 5 25 69 62	 => 275
 36 62 69 53 7 48	 => 275
 61 48 7 71 37 52	 => 276
 80 52 37 73 16 17	 => 275
 69 25 39 12 77 53	 => 275
 7 53 77 9 58 71	 => 275
 37 71 58 33 3 73	 => 275


===================[TEST 3]===================

##### START ##### Sat May 24 11:58:54 2003



##### CONVERGE ##### Sat May 24 12:11:06 2003

Elapsed time: 732 seconds
Total loop: 163 generations

Result : 274.217

19 15 56 80 77 30 1 32 59 78 28 58 50 4 3 45 72 21 51 16 41 71 25 65 8 11 26 76 47 18 68 40 61 31 48 73 60 6 17 24 79 55 38 43 46 62 63 20 35 70 37 14 23 5 36 64 44 42 10 54 29 75 52 7 9 67 57 74 49 69 66 53 2 27 13 39 12 34 22 33 

 19 15 56 80 77 30	 => 277
 1 30 77 32 59 78	 => 277
 28 78 59 58 50 4	 => 277
 56 3 45 72 21 80	 => 277
 77 80 21 51 16 32	 => 277
 59 32 16 41 71 58	 => 277
 50 58 71 25 65 8	 => 277
 45 11 26 76 47 72	 => 277
 21 72 47 18 68 51	 => 277
 16 51 68 40 61 41	 => 277
 71 41 61 31 48 25	 => 277
 65 25 48 73 60 6	 => 277
 26 17 24 79 55 76	 => 277
 47 76 55 38 43 18	 => 277
 68 18 43 46 62 40	 => 277
 61 40 62 63 20 31	 => 277
 48 31 20 35 70 73	 => 277
 60 73 70 37 14 23	 => 277
 55 79 5 36 64 38	 => 277
 43 38 64 44 42 46	 => 277
 62 46 42 10 54 63	 => 277
 20 63 54 29 75 35	 => 276
 70 35 75 52 7 37	 => 276
 64 36 9 67 57 44	 => 277
 42 44 57 74 49 10	 => 276
 54 10 49 69 66 29	 => 277
 75 29 66 53 2 52	 => 277
 57 67 27 13 39 74	 => 277
 49 74 39 12 34 69	 => 277
 66 69 34 22 33 53	 => 277


===================[TEST 4]===================

##### START ##### Sat May 24 12:11:06 2003



##### CONVERGE ##### Sat May 24 12:21:43 2003

Elapsed time: 637 seconds
Total loop: 142 generations

Result : 273.417

16 19 49 48 78 66 3 25 59 45 2 76 63 31 7 51 60 61 24 40 41 35 75 18 9 8 56 74 27 68 36 71 64 33 28 79 72 4 13 39 42 52 43 12 57 32 62 14 69 53 55 11 6 15 44 80 38 46 50 29 37 65 30 5 10 47 58 67 17 73 70 54 21 26 1 77 20 22 23 34 

 16 19 49 48 78 66	 => 276
 3 66 78 25 59 45	 => 276
 2 45 59 76 63 31	 => 276
 49 7 51 60 61 48	 => 276
 78 48 61 24 40 25	 => 276
 59 25 40 41 35 76	 => 276
 63 76 35 75 18 9	 => 276
 51 8 56 74 27 60	 => 276
 61 60 27 68 36 24	 => 276
 40 24 36 71 64 41	 => 276
 35 41 64 33 28 75	 => 276
 18 75 28 79 72 4	 => 276
 56 13 39 42 52 74	 => 276
 27 74 52 43 12 68	 => 276
 36 68 12 57 32 71	 => 276
 64 71 32 62 14 33	 => 276
 28 33 14 69 53 79	 => 276
 72 79 53 55 11 6	 => 276
 52 42 15 44 80 43	 => 276
 12 43 80 38 46 57	 => 276
 32 57 46 50 29 62	 => 276
 14 62 29 37 65 69	 => 276
 53 69 65 30 5 55	 => 277
 80 44 10 47 58 38	 => 277
 46 38 58 67 17 50	 => 276
 29 50 17 73 70 37	 => 276
 65 37 70 54 21 30	 => 277
 58 47 26 1 77 67	 => 276
 17 67 77 20 22 73	 => 276
 70 73 22 23 34 54	 => 276


===================[TEST 5]===================

##### START ##### Sat May 24 12:21:43 2003



##### CONVERGE ##### Sat May 24 12:31:42 2003

Elapsed time: 599 seconds
Total loop: 133 generations

Result : 273.221

37 17 40 67 62 53 9 29 64 59 18 72 57 6 24 28 74 43 41 34 44 33 58 54 2 12 68 63 31 21 66 45 46 69 26 77 47 14 15 3 48 78 32 51 22 71 35 10 38 56 73 4 19 7 50 61 30 80 13 55 60 79 25 5 16 49 70 75 8 76 65 36 11 39 1 42 23 52 27 20 

 37 17 40 67 62 53	 => 276
 9 53 62 29 64 59	 => 276
 18 59 64 72 57 6	 => 276
 40 24 28 74 43 67	 => 276
 62 67 43 41 34 29	 => 276
 64 29 34 44 33 72	 => 276
 57 72 33 58 54 2	 => 276
 28 12 68 63 31 74	 => 276
 43 74 31 21 66 41	 => 276
 34 41 66 45 46 44	 => 276
 33 44 46 69 26 58	 => 276
 54 58 26 77 47 14	 => 276
 68 15 3 48 78 63	 => 275
 31 63 78 32 51 21	 => 276
 66 21 51 22 71 45	 => 276
 46 45 71 35 10 69	 => 276
 26 69 10 38 56 77	 => 276
 47 77 56 73 4 19	 => 276
 78 48 7 50 61 32	 => 276
 51 32 61 30 80 22	 => 276
 71 22 80 13 55 35	 => 276
 10 35 55 60 79 38	 => 277
 56 38 79 25 5 73	 => 276
 61 50 16 49 70 30	 => 276
 80 30 70 75 8 13	 => 276
 55 13 8 76 65 60	 => 277
 79 60 65 36 11 25	 => 276
 70 49 39 1 42 75	 => 276
 8 75 42 23 52 76	 => 276
 65 76 52 27 20 36	 => 276


===================[TEST 6]===================

##### START ##### Sat May 24 12:31:42 2003



##### CONVERGE ##### Sat May 24 12:41:04 2003

Elapsed time: 562 seconds
Total loop: 125 generations

Result : 272.833

5 27 64 72 76 32 8 17 73 70 15 68 48 2 3 18 65 54 29 28 47 43 56 49 12 11 63 79 41 16 71 44 57 50 23 75 69 4 7 1 67 59 19 62 58 26 74 25 24 80 30 13 9 20 52 60 42 35 46 37 38 78 55 10 21 61 40 77 36 53 66 33 6 31 22 45 14 51 34 39 

 5 27 64 72 76 32	 => 276
 8 32 76 17 73 70	 => 276
 15 70 73 68 48 2	 => 276
 64 3 18 65 54 72	 => 276
 76 72 54 29 28 17	 => 276
 73 17 28 47 43 68	 => 276
 48 68 43 56 49 12	 => 276
 18 11 63 79 41 65	 => 277
 54 65 41 16 71 29	 => 276
 28 29 71 44 57 47	 => 276
 43 47 57 50 23 56	 => 276
 49 56 23 75 69 4	 => 276
 63 7 1 67 59 79	 => 276
 41 79 59 19 62 16	 => 276
 71 16 62 58 26 44	 => 277
 57 44 26 74 25 50	 => 276
 23 50 25 24 80 75	 => 277
 69 75 80 30 13 9	 => 276
 59 67 20 52 60 19	 => 277
 62 19 60 42 35 58	 => 276
 26 58 35 46 37 74	 => 276
 25 74 37 38 78 24	 => 276
 80 24 78 55 10 30	 => 277
 60 52 21 61 40 42	 => 276
 35 42 40 77 36 46	 => 276
 37 46 36 53 66 38	 => 276
 78 38 66 33 6 55	 => 276
 40 61 31 22 45 77	 => 276
 36 77 45 14 51 53	 => 276
 66 53 51 34 39 33	 => 276


===================[TEST 7]===================

##### START ##### Sat May 24 12:41:04 2003



##### CONVERGE ##### Sat May 24 12:46:46 2003

Elapsed time: 342 seconds
Total loop: 76 generations

Result : 272.217

43 5 74 56 64 33 2 71 42 63 22 61 77 10 3 41 80 21 40 23 51 27 67 35 8 13 47 55 39 58 37 48 75 29 26 78 65 4 31 25 38 79 30 14 46 72 32 19 69 54 70 1 7 11 44 73 50 62 18 45 53 57 16 9 12 28 68 60 17 76 66 59 24 36 34 49 20 52 6 15 

 43 5 74 56 64 33	 => 275
 2 33 64 71 42 63	 => 275
 22 63 42 61 77 10	 => 275
 74 3 41 80 21 56	 => 275
 64 56 21 40 23 71	 => 275
 42 71 23 51 27 61	 => 275
 77 61 27 67 35 8	 => 275
 41 13 47 55 39 80	 => 275
 21 80 39 58 37 40	 => 275
 23 40 37 48 75 51	 => 274
 27 51 75 29 26 67	 => 275
 35 67 26 78 65 4	 => 275
 47 31 25 38 79 55	 => 275
 39 55 79 30 14 58	 => 275
 37 58 14 46 72 48	 => 275
 75 48 72 32 19 29	 => 275
 26 29 19 69 54 78	 => 275
 65 78 54 70 1 7	 => 275
 79 38 11 44 73 30	 => 275
 14 30 73 50 62 46	 => 275
 72 46 62 18 45 32	 => 275
 19 32 45 53 57 69	 => 275
 54 69 57 16 9 70	 => 275
 73 44 12 28 68 50	 => 275
 62 50 68 60 17 18	 => 275
 45 18 17 76 66 53	 => 275
 57 53 66 59 24 16	 => 275
 68 28 36 34 49 60	 => 275
 17 60 49 20 52 76	 => 274
 66 76 52 6 15 59	 => 274


===================[TEST 8]===================

##### START ##### Sat May 24 12:46:46 2003



##### CONVERGE ##### Sat May 24 12:58:46 2003

Elapsed time: 720 seconds
Total loop: 160 generations

Result : 272.45

16 9 62 63 61 66 5 41 48 55 14 80 74 6 17 38 77 19 68 25 58 24 65 12 22 11 57 60 34 32 46 28 52 35 42 59 79 20 2 21 64 73 33 45 50 76 71 15 70 56 51 29 3 4 30 72 37 39 23 18 53 49 44 7 27 43 67 75 36 78 69 54 8 31 13 47 1 40 26 10 

 16 9 62 63 61 66	 => 277
 5 66 61 41 48 55	 => 276
 14 55 48 80 74 6	 => 277
 62 17 38 77 19 63	 => 276
 61 63 19 68 25 41	 => 277
 48 41 25 58 24 80	 => 276
 74 80 24 65 12 22	 => 277
 38 11 57 60 34 77	 => 277
 19 77 34 32 46 68	 => 276
 25 68 46 28 52 58	 => 277
 24 58 52 35 42 65	 => 276
 12 65 42 59 79 20	 => 277
 57 2 21 64 73 60	 => 277
 34 60 73 33 45 32	 => 277
 46 32 45 50 76 28	 => 277
 52 28 76 71 15 35	 => 277
 42 35 15 70 56 59	 => 277
 79 59 56 51 29 3	 => 277
 73 64 4 30 72 33	 => 276
 45 33 72 37 39 50	 => 276
 76 50 39 23 18 71	 => 277
 15 71 18 53 49 70	 => 276
 56 70 49 44 7 51	 => 277
 72 30 27 43 67 37	 => 276
 39 37 67 75 36 23	 => 277
 18 23 36 78 69 53	 => 277
 49 53 69 54 8 44	 => 277
 67 43 31 13 47 75	 => 276
 36 75 47 1 40 78	 => 277
 69 78 40 26 10 54	 => 277


===================[TEST 9]===================

##### START ##### Sat May 24 12:58:46 2003



##### CONVERGE ##### Sat May 24 13:10:22 2003

Elapsed time: 696 seconds
Total loop: 155 generations

Result : 276.221

7 12 61 71 73 55 8 22 78 43 20 80 33 25 9 48 66 24 59 31 36 32 79 44 11 2 63 72 28 37 65 41 47 51 34 76 45 1 10 3 64 68 50 23 60 53 57 30 26 62 75 16 5 6 42 49 58 39 18 52 40 74 29 13 14 46 70 56 38 77 54 67 15 21 17 69 4 35 27 19 

 7 12 61 71 73 55	 => 279
 8 55 73 22 78 43	 => 279
 20 43 78 80 33 25	 => 279
 61 9 48 66 24 71	 => 279
 73 71 24 59 31 22	 => 280
 78 22 31 36 32 80	 => 279
 33 80 32 79 44 11	 => 279
 48 2 63 72 28 66	 => 279
 24 66 28 37 65 59	 => 279
 31 59 65 41 47 36	 => 279
 32 36 47 51 34 79	 => 279
 44 79 34 76 45 1	 => 279
 63 10 3 64 68 72	 => 280
 28 72 68 50 23 37	 => 278
 65 37 23 60 53 41	 => 279
 47 41 53 57 30 51	 => 279
 34 51 30 26 62 76	 => 279
 45 76 62 75 16 5	 => 279
 68 64 6 42 49 50	 => 279
 23 50 49 58 39 60	 => 279
 53 60 39 18 52 57	 => 279
 30 57 52 40 74 26	 => 279
 62 26 74 29 13 75	 => 279
 49 42 14 46 70 58	 => 279
 39 58 70 56 38 18	 => 279
 52 18 38 77 54 40	 => 279
 74 40 54 67 15 29	 => 279
 70 46 21 17 69 56	 => 279
 38 56 69 4 35 77	 => 279
 54 77 35 27 19 67	 => 279


===================[TEST 10]===================

##### START ##### Sat May 24 13:10:22 2003



##### CONVERGE ##### Sat May 24 13:18:59 2003

Elapsed time: 517 seconds
Total loop: 115 generations

Result : 274.093

24 13 37 78 72 53 3 31 64 54 30 67 58 4 7 52 59 44 41 12 68 35 79 22 16 5 50 66 45 27 61 46 49 18 28 71 56 21 8 33 43 77 47 15 55 73 74 17 63 80 25 34 11 9 36 65 57 38 23 14 39 70 29 10 2 69 48 60 51 75 76 62 1 42 19 40 20 32 6 26 

 24 13 37 78 72 53	 => 277
 3 53 72 31 64 54	 => 277
 30 54 64 67 58 4	 => 277
 37 7 52 59 44 78	 => 277
 72 78 44 41 12 31	 => 278
 64 31 12 68 35 67	 => 277
 58 67 35 79 22 16	 => 277
 52 5 50 66 45 59	 => 277
 44 59 45 27 61 41	 => 277
 12 41 61 46 49 68	 => 277
 35 68 49 18 28 79	 => 277
 22 79 28 71 56 21	 => 277
 50 8 33 43 77 66	 => 277
 45 66 77 47 15 27	 => 277
 61 27 15 55 73 46	 => 277
 49 46 73 74 17 18	 => 277
 28 18 17 63 80 71	 => 277
 56 71 80 25 34 11	 => 277
 77 43 9 36 65 47	 => 277
 15 47 65 57 38 55	 => 277
 73 55 38 23 14 74	 => 277
 17 74 14 39 70 63	 => 277
 80 63 70 29 10 25	 => 277
 65 36 2 69 48 57	 => 277
 38 57 48 60 51 23	 => 277
 14 23 51 75 76 39	 => 278
 70 39 76 62 1 29	 => 277
 48 69 42 19 40 60	 => 278
 51 60 40 20 32 75	 => 278
 76 75 32 6 26 62	 => 277


===================[TEST 11]===================

##### START ##### Sat May 24 13:18:59 2003



##### CONVERGE ##### Sat May 24 13:30:09 2003

Elapsed time: 670 seconds
Total loop: 149 generations

Result : 275.417

12 22 47 80 60 57 7 31 48 75 17 63 55 20 18 27 78 28 46 33 49 54 73 29 4 6 68 67 32 24 70 30 50 15 37 61 59 19 8 21 51 64 52 39 41 74 56 53 35 77 65 2 14 1 40 71 13 62 11 34 42 58 38 5 9 66 79 69 44 76 72 45 23 25 3 36 10 43 26 16 

 12 22 47 80 60 57	 => 278
 7 57 60 31 48 75	 => 278
 17 75 48 63 55 20	 => 278
 47 18 27 78 28 80	 => 278
 60 80 28 46 33 31	 => 278
 48 31 33 49 54 63	 => 278
 55 63 54 73 29 4	 => 278
 27 6 68 67 32 78	 => 278
 28 78 32 24 70 46	 => 278
 33 46 70 30 50 49	 => 278
 54 49 50 15 37 73	 => 278
 29 73 37 61 59 19	 => 278
 68 8 21 51 64 67	 => 279
 32 67 64 52 39 24	 => 278
 70 24 39 41 74 30	 => 278
 50 30 74 56 53 15	 => 278
 37 15 53 35 77 61	 => 278
 59 61 77 65 2 14	 => 278
 64 51 1 40 71 52	 => 279
 39 52 71 13 62 41	 => 278
 74 41 62 11 34 56	 => 278
 53 56 34 42 58 35	 => 278
 77 35 58 38 5 65	 => 278
 71 40 9 66 79 13	 => 278
 62 13 79 69 44 11	 => 278
 34 11 44 76 72 42	 => 279
 58 42 72 45 23 38	 => 278
 79 66 25 3 36 69	 => 278
 44 69 36 10 43 76	 => 278
 72 76 43 26 16 45	 => 278


===================[TEST 12]===================

##### START ##### Sat May 24 13:30:09 2003



##### CONVERGE ##### Sat May 24 13:37:03 2003

Elapsed time: 414 seconds
Total loop: 92 generations

Result : 271.45

28 9 33 76 78 51 7 30 67 42 1 74 79 12 2 63 54 47 18 26 57 21 75 11 15 14 34 61 49 59 48 64 62 20 41 73 58 17 43 25 60 53 40 13 65 27 52 50 24 68 66 4 6 5 37 80 45 32 29 71 23 55 46 16 8 35 70 69 31 44 77 38 36 10 19 72 3 56 39 22 

 28 9 33 76 78 51	 => 275
 7 51 78 30 67 42	 => 275
 1 42 67 74 79 12	 => 275
 33 2 63 54 47 76	 => 275
 78 76 47 18 26 30	 => 275
 67 30 26 57 21 74	 => 275
 79 74 21 75 11 15	 => 275
 63 14 34 61 49 54	 => 275
 47 54 49 59 48 18	 => 275
 26 18 48 64 62 57	 => 275
 21 57 62 20 41 75	 => 276
 11 75 41 73 58 17	 => 275
 34 43 25 60 53 61	 => 276
 49 61 53 40 13 59	 => 275
 48 59 13 65 27 64	 => 276
 62 64 27 52 50 20	 => 275
 41 20 50 24 68 73	 => 276
 58 73 68 66 4 6	 => 275
 53 60 5 37 80 40	 => 275
 13 40 80 45 32 65	 => 275
 27 65 32 29 71 52	 => 276
 50 52 71 23 55 24	 => 275
 68 24 55 46 16 66	 => 275
 80 37 8 35 70 45	 => 275
 32 45 70 69 31 29	 => 276
 71 29 31 44 77 23	 => 275
 55 23 77 38 36 46	 => 275
 70 35 10 19 72 69	 => 275
 31 69 72 3 56 44	 => 275
 77 44 56 39 22 38	 => 276


===================[TEST 13]===================

##### START ##### Sat May 24 13:37:03 2003



##### CONVERGE ##### Sat May 24 13:45:22 2003

Elapsed time: 499 seconds
Total loop: 111 generations

Result : 274.36

23 9 44 76 52 74 2 19 64 67 25 79 36 6 11 31 57 59 45 27 38 51 66 32 14 21 71 68 30 46 41 55 72 22 29 63 80 8 7 1 58 73 26 35 62 39 50 40 47 77 37 17 4 13 43 65 56 34 24 69 20 53 49 15 5 48 61 70 33 54 78 75 3 28 10 60 18 42 12 16 

 23 9 44 76 52 74	 => 278
 2 74 52 19 64 67	 => 278
 25 67 64 79 36 6	 => 277
 44 11 31 57 59 76	 => 278
 52 76 59 45 27 19	 => 278
 64 19 27 38 51 79	 => 278
 36 79 51 66 32 14	 => 278
 31 21 71 68 30 57	 => 278
 59 57 30 46 41 45	 => 278
 27 45 41 55 72 38	 => 278
 51 38 72 22 29 66	 => 278
 32 66 29 63 80 8	 => 278
 71 7 1 58 73 68	 => 278
 30 68 73 26 35 46	 => 278
 41 46 35 62 39 55	 => 278
 72 55 39 50 40 22	 => 278
 29 22 40 47 77 63	 => 278
 80 63 77 37 17 4	 => 278
 73 58 13 43 65 26	 => 278
 35 26 65 56 34 62	 => 278
 39 62 34 24 69 50	 => 278
 40 50 69 20 53 47	 => 279
 77 47 53 49 15 37	 => 278
 65 43 5 48 61 56	 => 278
 34 56 61 70 33 24	 => 278
 69 24 33 54 78 20	 => 278
 53 20 78 75 3 49	 => 278
 61 48 28 10 60 70	 => 277
 33 70 60 18 42 54	 => 277
 78 54 42 12 16 75	 => 277


===================[TEST 14]===================

##### START ##### Sat May 24 13:45:22 2003



##### CONVERGE ##### Sat May 24 13:52:56 2003

Elapsed time: 454 seconds
Total loop: 101 generations

Result : 270.673

1 3 61 75 70 65 4 35 80 21 10 74 73 17 12 41 71 15 64 16 38 32 62 28 5 13 54 60 36 42 47 37 72 18 53 77 43 11 20 8 66 67 45 25 68 56 29 63 19 46 55 40 14 9 31 57 30 50 33 39 49 76 44 34 27 52 78 59 24 79 51 48 7 58 6 22 23 69 26 2 

 1 3 61 75 70 65	 => 275
 4 65 70 35 80 21	 => 275
 10 21 80 74 73 17	 => 275
 61 12 41 71 15 75	 => 275
 70 75 15 64 16 35	 => 275
 80 35 16 38 32 74	 => 275
 73 74 32 62 28 5	 => 274
 41 13 54 60 36 71	 => 275
 15 71 36 42 47 64	 => 275
 16 64 47 37 72 38	 => 274
 32 38 72 18 53 62	 => 275
 28 62 53 77 43 11	 => 274
 54 20 8 66 67 60	 => 275
 36 60 67 45 25 42	 => 275
 47 42 25 68 56 37	 => 275
 72 37 56 29 63 18	 => 275
 53 18 63 19 46 77	 => 276
 43 77 46 55 40 14	 => 275
 67 66 9 31 57 45	 => 275
 25 45 57 30 50 68	 => 275
 56 68 50 33 39 29	 => 275
 63 29 39 49 76 19	 => 275
 46 19 76 44 34 55	 => 274
 57 31 27 52 78 30	 => 275
 50 30 78 59 24 33	 => 274
 39 33 24 79 51 49	 => 275
 76 49 51 48 7 44	 => 275
 78 52 58 6 22 59	 => 275
 24 59 22 23 69 79	 => 276
 51 79 69 26 2 48	 => 275


===================[TEST 15]===================

##### START ##### Sat May 24 13:52:56 2003



##### CONVERGE ##### Sat May 24 14:01:39 2003

Elapsed time: 523 seconds
Total loop: 116 generations

Result : 273.856

24 18 46 70 80 39 7 28 74 49 25 69 55 5 22 30 75 34 45 21 38 47 73 29 4 26 44 62 40 17 67 79 27 54 37 59 78 1 23 9 76 63 60 35 43 36 71 11 52 64 51 6 19 13 15 50 48 41 53 33 42 68 32 10 31 72 61 58 16 77 56 65 14 12 8 66 3 57 2 20 

 24 18 46 70 80 39	 => 277
 7 39 80 28 74 49	 => 277
 25 49 74 69 55 5	 => 277
 46 22 30 75 34 70	 => 277
 80 70 34 45 21 28	 => 278
 74 28 21 38 47 69	 => 277
 55 69 47 73 29 4	 => 277
 30 26 44 62 40 75	 => 277
 34 75 40 17 67 45	 => 278
 21 45 67 79 27 38	 => 277
 47 38 27 54 37 73	 => 276
 29 73 37 59 78 1	 => 277
 44 23 9 76 63 62	 => 277
 40 62 63 60 35 17	 => 277
 67 17 35 43 36 79	 => 277
 27 79 36 71 11 54	 => 278
 37 54 11 52 64 59	 => 277
 78 59 64 51 6 19	 => 277
 63 76 13 15 50 60	 => 277
 35 60 50 48 41 43	 => 277
 36 43 41 53 33 71	 => 277
 11 71 33 42 68 52	 => 277
 64 52 68 32 10 51	 => 277
 50 15 31 72 61 48	 => 277
 41 48 61 58 16 53	 => 277
 33 53 16 77 56 42	 => 277
 68 42 56 65 14 32	 => 277
 61 72 12 8 66 58	 => 277
 16 58 66 3 57 77	 => 277
 56 77 57 2 20 65	 => 277


===================[TEST 16]===================

##### START ##### Sat May 24 14:01:39 2003



##### CONVERGE ##### Sat May 24 14:12:00 2003

Elapsed time: 621 seconds
Total loop: 138 generations

Result : 274.826

21 15 41 78 80 43 1 8 79 66 13 77 39 4 11 31 75 42 36 34 35 44 73 40 5 7 56 61 48 22 55 69 49 51 26 71 45 23 9 29 47 76 38 33 67 32 58 19 59 52 72 28 10 14 50 53 30 57 37 27 68 46 24 25 6 65 74 64 16 70 60 63 17 3 18 54 12 62 20 2 

 21 15 41 78 80 43	 => 278
 1 43 80 8 79 66	 => 277
 13 66 79 77 39 4	 => 278
 41 11 31 75 42 78	 => 278
 80 78 42 36 34 8	 => 278
 79 8 34 35 44 77	 => 277
 39 77 44 73 40 5	 => 278
 31 7 56 61 48 75	 => 278
 42 75 48 22 55 36	 => 278
 34 36 55 69 49 35	 => 278
 44 35 49 51 26 73	 => 278
 40 73 26 71 45 23	 => 278
 56 9 29 47 76 61	 => 278
 48 61 76 38 33 22	 => 278
 55 22 33 67 32 69	 => 278
 49 69 32 58 19 51	 => 278
 26 51 19 59 52 71	 => 278
 45 71 52 72 28 10	 => 278
 76 47 14 50 53 38	 => 278
 33 38 53 30 57 67	 => 278
 32 67 57 37 27 58	 => 278
 19 58 27 68 46 59	 => 277
 52 59 46 24 25 72	 => 278
 53 50 6 65 74 30	 => 278
 57 30 74 64 16 37	 => 278
 27 37 16 70 60 68	 => 278
 46 68 60 63 17 24	 => 278
 74 65 3 18 54 64	 => 278
 16 64 54 12 62 70	 => 278
 60 70 62 20 2 63	 => 277


===================[TEST 17]===================

##### START ##### Sat May 24 14:12:00 2003



##### CONVERGE ##### Sat May 24 14:21:41 2003

Elapsed time: 581 seconds
Total loop: 129 generations

Result : 273.417

27 1 39 78 73 59 2 30 50 62 21 67 64 12 19 15 68 57 16 22 75 32 45 58 10 3 66 71 53 28 54 76 33 48 43 72 51 7 8 31 37 63 47 14 69 36 77 6 52 55 65 4 29 11 44 74 23 49 20 25 56 61 34 9 18 38 79 70 35 60 80 40 5 17 26 46 24 41 13 42 

 27 1 39 78 73 59	 => 277
 2 59 73 30 50 62	 => 276
 21 62 50 67 64 12	 => 276
 39 19 15 68 57 78	 => 276
 73 78 57 16 22 30	 => 276
 50 30 22 75 32 67	 => 276
 64 67 32 45 58 10	 => 276
 15 3 66 71 53 68	 => 276
 57 68 53 28 54 16	 => 276
 22 16 54 76 33 75	 => 276
 32 75 33 48 43 45	 => 276
 58 45 43 72 51 7	 => 276
 66 8 31 37 63 71	 => 276
 53 71 63 47 14 28	 => 276
 54 28 14 69 36 76	 => 277
 33 76 36 77 6 48	 => 276
 43 48 6 52 55 72	 => 276
 51 72 55 65 4 29	 => 276
 63 37 11 44 74 47	 => 276
 14 47 74 23 49 69	 => 276
 36 69 49 20 25 77	 => 276
 6 77 25 56 61 52	 => 277
 55 52 61 34 9 65	 => 276
 74 44 18 38 79 23	 => 276
 49 23 79 70 35 20	 => 276
 25 20 35 60 80 56	 => 276
 61 56 80 40 5 34	 => 276
 79 38 17 26 46 70	 => 276
 35 70 46 24 41 60	 => 276
 80 60 41 13 42 40	 => 276


===================[TEST 18]===================

##### START ##### Sat May 24 14:21:41 2003



##### CONVERGE ##### Sat May 24 14:35:20 2003

Elapsed time: 819 seconds
Total loop: 182 generations

Result : 274.093

20 1 74 59 80 43 15 31 76 32 30 72 65 2 8 46 55 35 60 12 36 50 79 6 5 25 37 70 45 42 40 71 58 21 33 62 78 19 16 11 68 75 18 28 44 52 41 34 54 73 47 10 7 14 38 64 57 66 26 48 39 61 29 13 9 56 53 51 24 63 77 49 23 27 22 69 3 67 17 4 

 20 1 74 59 80 43	 => 277
 15 43 80 31 76 32	 => 277
 30 32 76 72 65 2	 => 277
 74 8 46 55 35 59	 => 277
 80 59 35 60 12 31	 => 277
 76 31 12 36 50 72	 => 277
 65 72 50 79 6 5	 => 277
 46 25 37 70 45 55	 => 278
 35 55 45 42 40 60	 => 277
 12 60 40 71 58 36	 => 277
 50 36 58 21 33 79	 => 277
 6 79 33 62 78 19	 => 277
 37 16 11 68 75 70	 => 277
 45 70 75 18 28 42	 => 278
 40 42 28 44 52 71	 => 277
 58 71 52 41 34 21	 => 277
 33 21 34 54 73 62	 => 277
 78 62 73 47 10 7	 => 277
 75 68 14 38 64 18	 => 277
 28 18 64 57 66 44	 => 277
 52 44 66 26 48 41	 => 277
 34 41 48 39 61 54	 => 277
 73 54 61 29 13 47	 => 277
 64 38 9 56 53 57	 => 277
 66 57 53 51 24 26	 => 277
 48 26 24 63 77 39	 => 277
 61 39 77 49 23 29	 => 278
 53 56 27 22 69 51	 => 278
 24 51 69 3 67 63	 => 277
 77 63 67 17 4 49	 => 277


===================[TEST 19]===================

##### START ##### Sat May 24 14:35:20 2003



##### CONVERGE ##### Sat May 24 14:45:41 2003

Elapsed time: 621 seconds
Total loop: 138 generations

Result : 273.417

18 3 67 69 46 73 2 35 70 50 6 79 62 9 16 11 80 33 61 32 8 52 64 15 4 25 44 77 40 20 42 59 74 23 55 65 58 19 27 12 56 60 48 31 71 53 57 10 45 78 28 30 17 14 47 51 39 36 5 54 34 76 43 7 1 63 75 72 49 68 66 37 21 13 29 24 22 41 38 26 

 18 3 67 69 46 73	 => 276
 2 73 46 35 70 50	 => 276
 6 50 70 79 62 9	 => 276
 67 16 11 80 33 69	 => 276
 46 69 33 61 32 35	 => 276
 70 35 32 8 52 79	 => 276
 62 79 52 64 15 4	 => 276
 11 25 44 77 40 80	 => 277
 33 80 40 20 42 61	 => 276
 32 61 42 59 74 8	 => 276
 52 8 74 23 55 64	 => 276
 15 64 55 65 58 19	 => 276
 44 27 12 56 60 77	 => 276
 40 77 60 48 31 20	 => 276
 42 20 31 71 53 59	 => 276
 74 59 53 57 10 23	 => 276
 55 23 10 45 78 65	 => 276
 58 65 78 28 30 17	 => 276
 60 56 14 47 51 48	 => 276
 31 48 51 39 36 71	 => 276
 53 71 36 5 54 57	 => 276
 10 57 54 34 76 45	 => 276
 78 45 76 43 7 28	 => 277
 51 47 1 63 75 39	 => 276
 36 39 75 72 49 5	 => 276
 54 5 49 68 66 34	 => 276
 76 34 66 37 21 43	 => 277
 75 63 13 29 24 72	 => 276
 49 72 24 22 41 68	 => 276
 66 68 41 38 26 37	 => 276


===================[TEST 20]===================

##### START ##### Sat May 24 14:45:41 2003



##### CONVERGE ##### Sat May 24 14:58:25 2003

Elapsed time: 764 seconds
Total loop: 170 generations

Result : 274.221

5 20 52 80 79 41 2 15 73 67 1 74 53 9 23 16 78 28 31 44 35 36 71 39 4 3 72 61 47 18 75 26 66 24 45 65 50 7 12 17 46 69 62 21 60 77 54 30 56 57 64 22 19 6 43 51 70 13 40 34 55 48 38 14 8 37 68 59 27 63 58 49 29 11 25 76 10 42 33 32 

 5 20 52 80 79 41	 => 277
 2 41 79 15 73 67	 => 277
 1 67 73 74 53 9	 => 277
 52 23 16 78 28 80	 => 277
 79 80 28 31 44 15	 => 277
 73 15 44 35 36 74	 => 277
 53 74 36 71 39 4	 => 277
 16 3 72 61 47 78	 => 277
 28 78 47 18 75 31	 => 277
 44 31 75 26 66 35	 => 277
 36 35 66 24 45 71	 => 277
 39 71 45 65 50 7	 => 277
 72 12 17 46 69 61	 => 277
 47 61 69 62 21 18	 => 278
 75 18 21 60 77 26	 => 277
 66 26 77 54 30 24	 => 277
 45 24 30 56 57 65	 => 277
 50 65 57 64 22 19	 => 277
 69 46 6 43 51 62	 => 277
 21 62 51 70 13 60	 => 277
 77 60 13 40 34 54	 => 278
 30 54 34 55 48 56	 => 277
 57 56 48 38 14 64	 => 277
 51 43 8 37 68 70	 => 277
 13 70 68 59 27 40	 => 277
 34 40 27 63 58 55	 => 277
 48 55 58 49 29 38	 => 277
 68 37 11 25 76 59	 => 276
 27 59 76 10 42 63	 => 277
 58 63 42 33 32 49	 => 277


===================[TEST 21]===================

##### START ##### Sat May 24 14:58:25 2003



##### CONVERGE ##### Sat May 24 15:09:31 2003

Elapsed time: 666 seconds
Total loop: 148 generations

Result : 271.836

39 7 63 37 69 59 2 33 61 50 10 54 79 20 19 29 74 52 21 62 55 9 73 41 18 3 77 42 49 47 31 34 72 25 40 66 48 6 23 12 57 64 58 14 70 78 35 30 46 67 36 56 1 24 26 45 71 16 32 43 44 76 27 22 4 68 60 80 15 75 65 51 11 5 8 53 13 38 17 28 

 39 7 63 37 69 59	 => 274
 2 59 69 33 61 50	 => 274
 10 50 61 54 79 20	 => 274
 63 19 29 74 52 37	 => 274
 69 37 52 21 62 33	 => 274
 61 33 62 55 9 54	 => 274
 79 54 9 73 41 18	 => 274
 29 3 77 42 49 74	 => 274
 52 74 49 47 31 21	 => 274
 62 21 31 34 72 55	 => 275
 9 55 72 25 40 73	 => 274
 41 73 40 66 48 6	 => 274
 77 23 12 57 64 42	 => 275
 49 42 64 58 14 47	 => 274
 31 47 14 70 78 34	 => 274
 72 34 78 35 30 25	 => 274
 40 25 30 46 67 66	 => 274
 48 66 67 36 56 1	 => 274
 64 57 24 26 45 58	 => 274
 14 58 45 71 16 70	 => 274
 78 70 16 32 43 35	 => 274
 30 35 43 44 76 46	 => 274
 67 46 76 27 22 36	 => 274
 45 26 4 68 60 71	 => 274
 16 71 60 80 15 32	 => 274
 43 32 15 75 65 44	 => 274
 76 44 65 51 11 27	 => 274
 60 68 5 8 53 80	 => 274
 15 80 53 13 38 75	 => 274
 65 75 38 17 28 51	 => 274


===================[TEST 22]===================

##### START ##### Sat May 24 15:09:31 2003



##### CONVERGE ##### Sat May 24 15:18:54 2003

Elapsed time: 563 seconds
Total loop: 125 generations

Result : 272.093

7 12 35 74 69 78 6 9 63 50 15 62 56 30 10 28 80 48 34 41 40 60 47 45 5 17 54 71 25 27 61 75 24 37 67 70 44 3 11 29 46 64 72 16 39 57 68 14 36 52 59 20 31 23 21 49 77 22 51 38 53 66 58 4 19 76 33 79 13 65 55 42 1 18 26 43 2 73 8 32 

 7 12 35 74 69 78	 => 275
 6 78 69 9 63 50	 => 275
 15 50 63 62 56 30	 => 276
 35 10 28 80 48 74	 => 275
 69 74 48 34 41 9	 => 275
 63 9 41 40 60 62	 => 275
 56 62 60 47 45 5	 => 275
 28 17 54 71 25 80	 => 275
 48 80 25 27 61 34	 => 275
 41 34 61 75 24 40	 => 275
 60 40 24 37 67 47	 => 275
 45 47 67 70 44 3	 => 276
 54 11 29 46 64 71	 => 275
 25 71 64 72 16 27	 => 275
 61 27 16 39 57 75	 => 275
 24 75 57 68 14 37	 => 275
 67 37 14 36 52 70	 => 276
 44 70 52 59 20 31	 => 276
 64 46 23 21 49 72	 => 275
 16 72 49 77 22 39	 => 275
 57 39 22 51 38 68	 => 275
 14 68 38 53 66 36	 => 275
 52 36 66 58 4 59	 => 275
 49 21 19 76 33 77	 => 275
 22 77 33 79 13 51	 => 275
 38 51 13 65 55 53	 => 275
 66 53 55 42 1 58	 => 275
 33 76 18 26 43 79	 => 275
 13 79 43 2 73 65	 => 275
 55 65 73 8 32 42	 => 275


===================[TEST 23]===================

##### START ##### Sat May 24 15:18:54 2003



##### CONVERGE ##### Sat May 24 15:27:52 2003

Elapsed time: 538 seconds
Total loop: 117 generations

Result : 272.217

22 25 75 35 74 44 2 17 67 71 13 56 60 8 12 58 48 47 57 45 18 72 53 28 6 24 42 41 62 38 23 64 68 1 63 70 50 11 21 39 54 78 36 20 69 61 66 15 49 77 52 10 16 7 40 59 65 26 19 34 30 80 14 3 5 51 55 73 37 76 79 43 29 31 32 33 9 46 4 27 

 22 25 75 35 74 44	 => 275
 2 44 74 17 67 71	 => 275
 13 71 67 56 60 8	 => 275
 75 12 58 48 47 35	 => 275
 74 35 47 57 45 17	 => 275
 67 17 45 18 72 56	 => 275
 60 56 72 53 28 6	 => 275
 58 24 42 41 62 48	 => 275
 47 48 62 38 23 57	 => 275
 45 57 23 64 68 18	 => 275
 72 18 68 1 63 53	 => 275
 28 53 63 70 50 11	 => 275
 42 21 39 54 78 41	 => 275
 62 41 78 36 20 38	 => 275
 23 38 20 69 61 64	 => 275
 68 64 61 66 15 1	 => 275
 63 1 15 49 77 70	 => 275
 50 70 77 52 10 16	 => 275
 78 54 7 40 59 36	 => 274
 20 36 59 65 26 69	 => 275
 61 69 26 19 34 66	 => 275
 15 66 34 30 80 49	 => 274
 77 49 80 14 3 52	 => 275
 59 40 5 51 55 65	 => 275
 26 65 55 73 37 19	 => 275
 34 19 37 76 79 30	 => 275
 80 30 79 43 29 14	 => 275
 55 51 31 32 33 73	 => 275
 37 73 33 9 46 76	 => 274
 79 76 46 4 27 43	 => 275


===================[TEST 24]===================

##### START ##### Sat May 24 15:27:52 2003



##### CONVERGE ##### Sat May 24 15:38:44 2003

Elapsed time: 652 seconds
Total loop: 145 generations

Result : 273.722

4 2 58 75 66 72 12 20 73 35 26 80 54 9 1 23 76 44 34 37 31 36 47 33 27 18 69 62 29 39 55 42 78 17 68 43 79 7 5 8 56 77 30 40 38 63 45 32 46 71 59 6 19 13 50 51 61 57 21 53 49 52 24 25 3 64 48 74 16 67 70 60 22 10 15 65 14 41 28 11 

 4 2 58 75 66 72	 => 277
 12 72 66 20 73 35	 => 278
 26 35 73 80 54 9	 => 277
 58 1 23 76 44 75	 => 277
 66 75 44 34 37 20	 => 276
 73 20 37 31 36 80	 => 277
 54 80 36 47 33 27	 => 277
 23 18 69 62 29 76	 => 277
 44 76 29 39 55 34	 => 277
 37 34 55 42 78 31	 => 277
 36 31 78 17 68 47	 => 277
 33 47 68 43 79 7	 => 277
 69 5 8 56 77 62	 => 277
 29 62 77 30 40 39	 => 277
 55 39 40 38 63 42	 => 277
 78 42 63 45 32 17	 => 277
 68 17 32 46 71 43	 => 277
 79 43 71 59 6 19	 => 277
 77 56 13 50 51 30	 => 277
 40 30 51 61 57 38	 => 277
 63 38 57 21 53 45	 => 277
 32 45 53 49 52 46	 => 277
 71 46 52 24 25 59	 => 277
 51 50 3 64 48 61	 => 277
 57 61 48 74 16 21	 => 277
 53 21 16 67 70 49	 => 276
 52 49 70 60 22 24	 => 277
 48 64 10 15 65 74	 => 276
 16 74 65 14 41 67	 => 277
 70 67 41 28 11 60	 => 277


===================[TEST 25]===================

##### START ##### Sat May 24 15:38:44 2003



##### CONVERGE ##### Sat May 24 15:49:00 2003

Elapsed time: 616 seconds
Total loop: 137 generations

Result : 273.117

12 21 28 70 72 75 3 9 65 53 10 77 46 26 2 69 61 47 41 38 45 44 67 25 18 20 29 76 23 48 57 33 63 27 31 79 60 15 32 22 68 50 56 24 35 80 64 11 55 74 36 13 16 5 39 59 51 52 6 40 49 58 37 17 1 66 62 73 34 78 71 54 8 4 30 43 7 42 14 19 

 12 21 28 70 72 75	 => 278
 3 75 72 9 65 53	 => 277
 10 53 65 77 46 26	 => 277
 28 2 69 61 47 70	 => 277
 72 70 47 41 38 9	 => 277
 65 9 38 45 44 77	 => 278
 46 77 44 67 25 18	 => 277
 69 20 29 76 23 61	 => 278
 47 61 23 48 57 41	 => 277
 38 41 57 33 63 45	 => 277
 44 45 63 27 31 67	 => 277
 25 67 31 79 60 15	 => 277
 29 32 22 68 50 76	 => 277
 23 76 50 56 24 48	 => 277
 57 48 24 35 80 33	 => 277
 63 33 80 64 11 27	 => 278
 31 27 11 55 74 79	 => 277
 60 79 74 36 13 16	 => 278
 50 68 5 39 59 56	 => 277
 24 56 59 51 52 35	 => 277
 80 35 52 6 40 64	 => 277
 11 64 40 49 58 55	 => 277
 74 55 58 37 17 36	 => 277
 59 39 1 66 62 51	 => 278
 52 51 62 73 34 6	 => 278
 40 6 34 78 71 49	 => 278
 58 49 71 54 8 37	 => 277
 62 66 4 30 43 73	 => 278
 34 73 43 7 42 78	 => 277
 71 78 42 14 19 54	 => 278


===================[TEST 26]===================

##### START ##### Sat May 24 15:49:00 2003



##### CONVERGE ##### Sat May 24 15:59:15 2003

Elapsed time: 615 seconds
Total loop: 137 generations

Result : 272.836

44 11 33 62 72 53 16 37 74 23 4 59 70 45 7 50 71 52 35 17 46 42 76 27 1 12 48 80 14 34 69 31 77 13 21 79 63 10 28 8 38 73 54 20 57 64 43 47 49 66 39 9 19 2 40 68 25 51 24 36 22 78 18 26 29 55 58 56 61 65 67 75 15 41 5 60 3 30 32 6 

 44 11 33 62 72 53	 => 275
 16 53 72 37 74 23	 => 275
 4 23 74 59 70 45	 => 275
 33 7 50 71 52 62	 => 275
 72 62 52 35 17 37	 => 275
 74 37 17 46 42 59	 => 275
 70 59 42 76 27 1	 => 275
 50 12 48 80 14 71	 => 275
 52 71 14 34 69 35	 => 275
 17 35 69 31 77 46	 => 275
 42 46 77 13 21 76	 => 275
 27 76 21 79 63 10	 => 276
 48 28 8 38 73 80	 => 275
 14 80 73 54 20 34	 => 275
 69 34 20 57 64 31	 => 275
 77 31 64 43 47 13	 => 275
 21 13 47 49 66 79	 => 275
 63 79 66 39 9 19	 => 275
 73 38 2 40 68 54	 => 275
 20 54 68 25 51 57	 => 275
 64 57 51 24 36 43	 => 275
 47 43 36 22 78 49	 => 275
 66 49 78 18 26 39	 => 276
 68 40 29 55 58 25	 => 275
 51 25 58 56 61 24	 => 275
 36 24 61 65 67 22	 => 275
 78 22 67 75 15 18	 => 275
 58 55 41 5 60 56	 => 275
 61 56 60 3 30 65	 => 275
 67 65 30 32 6 75	 => 275


===================[TEST 27]===================

##### START ##### Sat May 24 15:59:15 2003



##### CONVERGE ##### Sat May 24 16:09:16 2003

Elapsed time: 601 seconds
Total loop: 134 generations

Result : 274.417

10 25 58 60 75 49 18 5 78 52 30 80 36 1 8 31 64 56 44 37 39 38 73 46 4 2 71 69 40 15 59 55 43 61 23 76 50 9 6 22 32 77 41 35 48 65 24 29 47 42 79 17 13 19 34 74 26 53 33 54 51 72 11 27 16 57 70 67 28 45 66 63 14 12 3 68 7 62 20 21 

 10 25 58 60 75 49	 => 277
 18 49 75 5 78 52	 => 277
 30 52 78 80 36 1	 => 277
 58 8 31 64 56 60	 => 277
 75 60 56 44 37 5	 => 277
 78 5 37 39 38 80	 => 277
 36 80 38 73 46 4	 => 277
 31 2 71 69 40 64	 => 277
 56 64 40 15 59 44	 => 278
 37 44 59 55 43 39	 => 277
 38 39 43 61 23 73	 => 277
 46 73 23 76 50 9	 => 277
 71 6 22 32 77 69	 => 277
 40 69 77 41 35 15	 => 277
 59 15 35 48 65 55	 => 277
 43 55 65 24 29 61	 => 277
 23 61 29 47 42 76	 => 278
 50 76 42 79 17 13	 => 277
 77 32 19 34 74 41	 => 277
 35 41 74 26 53 48	 => 277
 65 48 53 33 54 24	 => 277
 29 24 54 51 72 47	 => 277
 42 47 72 11 27 79	 => 278
 74 34 16 57 70 26	 => 277
 53 26 70 67 28 33	 => 277
 54 33 28 45 66 51	 => 277
 72 51 66 63 14 11	 => 277
 70 57 12 3 68 67	 => 277
 28 67 68 7 62 45	 => 277
 66 45 62 20 21 63	 => 277


===================[TEST 28]===================

##### START ##### Sat May 24 16:09:16 2003



##### CONVERGE ##### Sat May 24 16:20:35 2003

Elapsed time: 679 seconds
Total loop: 151 generations

Result : 274.222

23 4 33 74 71 72 15 25 78 17 36 80 51 16 14 57 47 52 49 7 55 32 75 29 11 1 54 77 42 19 69 50 48 28 40 70 59 5 10 2 56 79 30 31 66 43 68 41 34 65 58 3 22 26 24 63 53 35 45 21 38 76 37 8 12 64 62 44 39 73 61 60 6 27 13 67 9 46 18 20 

 23 4 33 74 71 72	 => 277
 15 72 71 25 78 17	 => 278
 36 17 78 80 51 16	 => 278
 33 14 57 47 52 74	 => 277
 71 74 52 49 7 25	 => 278
 78 25 7 55 32 80	 => 277
 51 80 32 75 29 11	 => 278
 57 1 54 77 42 47	 => 278
 52 47 42 19 69 49	 => 278
 7 49 69 50 48 55	 => 278
 32 55 48 28 40 75	 => 278
 29 75 40 70 59 5	 => 278
 54 10 2 56 79 77	 => 278
 42 77 79 30 31 19	 => 278
 69 19 31 66 43 50	 => 278
 48 50 43 68 41 28	 => 278
 40 28 41 34 65 70	 => 278
 59 70 65 58 3 22	 => 277
 79 56 26 24 63 30	 => 278
 31 30 63 53 35 66	 => 278
 43 66 35 45 21 68	 => 278
 41 68 21 38 76 34	 => 278
 65 34 76 37 8 58	 => 278
 63 24 12 64 62 53	 => 278
 35 53 62 44 39 45	 => 278
 21 45 39 73 61 38	 => 277
 76 38 61 60 6 37	 => 278
 62 64 27 13 67 44	 => 277
 39 44 67 9 46 73	 => 278
 61 73 46 18 20 60	 => 278


===================[TEST 29]===================

##### START ##### Sat May 24 16:20:35 2003



##### CONVERGE ##### Sat May 24 16:28:21 2003

Elapsed time: 466 seconds
Total loop: 104 generations

Result : 272.734

27 7 43 79 75 45 14 16 74 52 6 73 67 4 15 35 53 51 42 13 29 71 23 34 8 21 32 77 58 10 62 65 64 26 63 80 59 17 18 30 78 41 54 37 44 57 61 3 56 48 47 33 9 2 46 55 38 49 25 40 50 66 31 28 1 60 76 69 19 72 70 39 20 11 24 36 12 68 5 22 

 27 7 43 79 75 45	 => 276
 14 45 75 16 74 52	 => 276
 6 52 74 73 67 4	 => 276
 43 15 35 53 51 79	 => 276
 75 79 51 42 13 16	 => 276
 74 16 13 29 71 73	 => 276
 67 73 71 23 34 8	 => 276
 35 21 32 77 58 53	 => 276
 51 53 58 10 62 42	 => 276
 13 42 62 65 64 29	 => 275
 71 29 64 26 63 23	 => 276
 34 23 63 80 59 17	 => 276
 32 18 30 78 41 77	 => 276
 58 77 41 54 37 10	 => 277
 62 10 37 44 57 65	 => 275
 64 65 57 61 3 26	 => 276
 63 26 3 56 48 80	 => 276
 59 80 48 47 33 9	 => 276
 41 78 2 46 55 54	 => 276
 37 54 55 38 49 44	 => 277
 57 44 49 25 40 61	 => 276
 3 61 40 50 66 56	 => 276
 48 56 66 31 28 47	 => 276
 55 46 1 60 76 38	 => 276
 49 38 76 69 19 25	 => 276
 40 25 19 72 70 50	 => 276
 66 50 70 39 20 31	 => 276
 76 60 11 24 36 69	 => 276
 19 69 36 12 68 72	 => 276
 70 72 68 5 22 39	 => 276


===================[TEST 30]===================

##### START ##### Sat May 24 16:28:21 2003



##### CONVERGE ##### Sat May 24 16:41:15 2003

Elapsed time: 774 seconds
Total loop: 172 generations

Result : 275.217

7 13 52 79 71 56 1 27 58 64 14 72 53 16 5 17 77 48 21 32 42 47 43 44 19 24 67 59 34 22 76 33 74 26 46 78 63 4 10 39 30 73 61 29 49 69 50 25 38 65 45 15 12 18 28 68 51 20 35 55 40 70 37 23 2 54 75 66 31 57 60 62 9 6 36 41 3 80 8 11 

 7 13 52 79 71 56	 => 278
 1 56 71 27 58 64	 => 277
 14 64 58 72 53 16	 => 277
 52 5 17 77 48 79	 => 278
 71 79 48 21 32 27	 => 278
 58 27 32 42 47 72	 => 278
 53 72 47 43 44 19	 => 278
 17 24 67 59 34 77	 => 278
 48 77 34 22 76 21	 => 278
 32 21 76 33 74 42	 => 278
 47 42 74 26 46 43	 => 278
 44 43 46 78 63 4	 => 278
 67 10 39 30 73 59	 => 278
 34 59 73 61 29 22	 => 278
 76 22 29 49 69 33	 => 278
 74 33 69 50 25 26	 => 277
 46 26 25 38 65 78	 => 278
 63 78 65 45 15 12	 => 278
 73 30 18 28 68 61	 => 278
 29 61 68 51 20 49	 => 278
 69 49 20 35 55 50	 => 278
 25 50 55 40 70 38	 => 278
 65 38 70 37 23 45	 => 278
 68 28 2 54 75 51	 => 278
 20 51 75 66 31 35	 => 278
 55 35 31 57 60 40	 => 278
 70 40 60 62 9 37	 => 278
 75 54 6 36 41 66	 => 278
 31 66 41 3 80 57	 => 278
 60 57 80 8 11 62	 => 278


===================[TEST 31]===================

##### START ##### Sat May 24 16:41:15 2003



##### CONVERGE ##### Sat May 24 16:54:33 2003

Elapsed time: 798 seconds
Total loop: 178 generations

Result : 275.361

6 2 69 68 65 67 13 4 75 53 21 79 32 17 9 16 64 51 29 60 31 28 76 61 1 22 50 80 45 15 73 36 48 52 42 54 41 3 20 5 63 59 44 34 62 57 66 18 39 72 55 8 47 7 25 78 35 24 30 38 46 70 27 14 12 56 71 77 40 49 74 37 23 11 19 43 10 58 26 33 

 6 2 69 68 65 67	 => 277
 13 67 65 4 75 53	 => 277
 21 53 75 79 32 17	 => 277
 69 9 16 64 51 68	 => 277
 65 68 51 29 60 4	 => 277
 75 4 60 31 28 79	 => 277
 32 79 28 76 61 1	 => 277
 16 22 50 80 45 64	 => 277
 51 64 45 15 73 29	 => 277
 60 29 73 36 48 31	 => 277
 28 31 48 52 42 76	 => 277
 61 76 42 54 41 3	 => 277
 50 20 5 63 59 80	 => 277
 45 80 59 44 34 15	 => 277
 73 15 34 62 57 36	 => 277
 48 36 57 66 18 52	 => 277
 42 52 18 39 72 54	 => 277
 41 54 72 55 8 47	 => 277
 59 63 7 25 78 44	 => 276
 34 44 78 35 24 62	 => 277
 57 62 24 30 38 66	 => 277
 18 66 38 46 70 39	 => 277
 72 39 70 27 14 55	 => 277
 78 25 12 56 71 35	 => 277
 24 35 71 77 40 30	 => 277
 38 30 40 49 74 46	 => 277
 70 46 74 37 23 27	 => 277
 71 56 11 19 43 77	 => 277
 40 77 43 10 58 49	 => 277
 74 49 58 26 33 37	 => 277


===================[TEST 32]===================

##### START ##### Sat May 24 16:54:33 2003



##### CONVERGE ##### Sat May 24 17:05:29 2003

Elapsed time: 656 seconds
Total loop: 146 generations

Result : 273.417

27 12 65 71 78 23 18 35 70 52 1 72 76 5 8 28 74 30 51 11 59 29 73 24 2 36 60 42 37 39 45 69 41 20 54 75 47 3 7 33 55 79 48 31 49 43 63 40 25 62 67 4 21 19 9 66 38 44 14 64 34 50 56 16 6 80 77 57 46 58 61 53 22 17 13 32 15 68 26 10 

 27 12 65 71 78 23	 => 276
 18 23 78 35 70 52	 => 276
 1 52 70 72 76 5	 => 276
 65 8 28 74 30 71	 => 276
 78 71 30 51 11 35	 => 276
 70 35 11 59 29 72	 => 276
 76 72 29 73 24 2	 => 276
 28 36 60 42 37 74	 => 277
 30 74 37 39 45 51	 => 276
 11 51 45 69 41 59	 => 276
 29 59 41 20 54 73	 => 276
 24 73 54 75 47 3	 => 276
 60 7 33 55 79 42	 => 276
 37 42 79 48 31 39	 => 276
 45 39 31 49 43 69	 => 276
 41 69 43 63 40 20	 => 276
 54 20 40 25 62 75	 => 276
 47 75 62 67 4 21	 => 276
 79 55 19 9 66 48	 => 276
 31 48 66 38 44 49	 => 276
 43 49 44 14 64 63	 => 277
 40 63 64 34 50 25	 => 276
 62 25 50 56 16 67	 => 276
 66 9 6 80 77 38	 => 276
 44 38 77 57 46 14	 => 276
 64 14 46 58 61 34	 => 277
 50 34 61 53 22 56	 => 276
 77 80 17 13 32 57	 => 276
 46 57 32 15 68 58	 => 276
 61 58 68 26 10 53	 => 276


===================[TEST 33]===================

##### START ##### Sat May 24 17:05:29 2003



##### CONVERGE ##### Sat May 24 17:18:13 2003

Elapsed time: 764 seconds
Total loop: 170 generations

Result : 274.36

8 3 61 75 66 65 4 18 69 56 7 80 46 20 2 24 79 37 44 38 32 41 78 27 6 13 48 67 47 28 43 63 58 14 55 57 39 22 19 35 33 76 50 10 60 74 29 40 34 77 73 15 17 16 49 54 51 53 11 52 64 59 30 5 12 42 70 72 21 68 62 36 26 23 25 45 1 71 31 9 

 8 3 61 75 66 65	 => 278
 4 65 66 18 69 56	 => 278
 7 56 69 80 46 20	 => 278
 61 2 24 79 37 75	 => 278
 66 75 37 44 38 18	 => 278
 69 18 38 32 41 80	 => 278
 46 80 41 78 27 6	 => 278
 24 13 48 67 47 79	 => 278
 37 79 47 28 43 44	 => 278
 38 44 43 63 58 32	 => 278
 41 32 58 14 55 78	 => 278
 27 78 55 57 39 22	 => 278
 48 19 35 33 76 67	 => 278
 47 67 76 50 10 28	 => 278
 43 28 10 60 74 63	 => 278
 58 63 74 29 40 14	 => 278
 55 14 40 34 77 57	 => 277
 39 57 77 73 15 17	 => 278
 76 33 16 49 54 50	 => 278
 10 50 54 51 53 60	 => 278
 74 60 53 11 52 29	 => 279
 40 29 52 64 59 34	 => 278
 77 34 59 30 5 73	 => 278
 54 49 12 42 70 51	 => 278
 53 51 70 72 21 11	 => 278
 52 11 21 68 62 64	 => 278
 59 64 62 36 26 30	 => 277
 70 42 23 25 45 72	 => 277
 21 72 45 1 71 68	 => 278
 62 68 71 31 9 36	 => 277


===================[TEST 34]===================

##### START ##### Sat May 24 17:18:13 2003



##### CONVERGE ##### Sat May 24 17:30:39 2003

Elapsed time: 746 seconds
Total loop: 166 generations

Result : 276.691

12 9 46 80 62 70 16 15 74 42 20 77 65 1 19 29 67 38 44 40 34 39 58 33 7 23 57 72 31 52 47 41 73 30 45 61 69 13 25 4 53 68 32 24 60 55 43 37 35 71 66 10 2 22 26 78 27 59 11 51 49 63 36 8 17 56 75 79 28 64 76 50 5 3 18 48 6 54 21 14 

 12 9 46 80 62 70	 => 279
 16 70 62 15 74 42	 => 279
 20 42 74 77 65 1	 => 279
 46 19 29 67 38 80	 => 279
 62 80 38 44 40 15	 => 279
 74 15 40 34 39 77	 => 279
 65 77 39 58 33 7	 => 279
 29 23 57 72 31 67	 => 279
 38 67 31 52 47 44	 => 279
 40 44 47 41 73 34	 => 279
 39 34 73 30 45 58	 => 279
 33 58 45 61 69 13	 => 279
 57 25 4 53 68 72	 => 279
 31 72 68 32 24 52	 => 279
 47 52 24 60 55 41	 => 279
 73 41 55 43 37 30	 => 279
 45 30 37 35 71 61	 => 279
 69 61 71 66 10 2	 => 279
 68 53 22 26 78 32	 => 279
 24 32 78 27 59 60	 => 280
 55 60 59 11 51 43	 => 279
 37 43 51 49 63 35	 => 278
 71 35 63 36 8 66	 => 279
 78 26 17 56 75 27	 => 279
 59 27 75 79 28 11	 => 279
 51 11 28 64 76 49	 => 279
 63 49 76 50 5 36	 => 279
 75 56 3 18 48 79	 => 279
 28 79 48 6 54 64	 => 279
 76 64 54 21 14 50	 => 279


===================[TEST 35]===================

##### START ##### Sat May 24 17:30:39 2003



##### CONVERGE ##### Sat May 24 17:41:58 2003

Elapsed time: 679 seconds
Total loop: 151 generations

Result : 273.826

17 10 63 47 75 65 7 24 79 27 41 62 55 13 15 43 67 42 69 20 28 64 44 40 12 3 30 80 54 6 39 73 48 16 77 51 60 4 21 9 66 71 29 37 70 52 57 31 34 68 59 25 14 1 53 56 50 35 5 58 36 61 46 8 2 38 78 76 32 72 74 49 11 22 18 45 19 33 23 26 

 17 10 63 47 75 65	 => 277
 7 65 75 24 79 27	 => 277
 41 27 79 62 55 13	 => 277
 63 15 43 67 42 47	 => 277
 75 47 42 69 20 24	 => 277
 79 24 20 28 64 62	 => 277
 55 62 64 44 40 12	 => 277
 43 3 30 80 54 67	 => 277
 42 67 54 6 39 69	 => 277
 20 69 39 73 48 28	 => 277
 64 28 48 16 77 44	 => 277
 40 44 77 51 60 4	 => 276
 30 21 9 66 71 80	 => 277
 54 80 71 29 37 6	 => 277
 39 6 37 70 52 73	 => 277
 48 73 52 57 31 16	 => 277
 77 16 31 34 68 51	 => 277
 60 51 68 59 25 14	 => 277
 71 66 1 53 56 29	 => 276
 37 29 56 50 35 70	 => 277
 52 70 35 5 58 57	 => 277
 31 57 58 36 61 34	 => 277
 68 34 61 46 8 59	 => 276
 56 53 2 38 78 50	 => 277
 35 50 78 76 32 5	 => 276
 58 5 32 72 74 36	 => 277
 61 36 74 49 11 46	 => 277
 78 38 22 18 45 76	 => 277
 32 76 45 19 33 72	 => 277
 74 72 33 23 26 49	 => 277


===================[TEST 36]===================

##### START ##### Sat May 24 17:41:58 2003



##### CONVERGE ##### Sat May 24 17:51:09 2003

Elapsed time: 551 seconds
Total loop: 123 generations

Result : 272.154

22 21 53 54 55 70 17 26 43 64 7 65 68 28 11 29 79 49 50 41 38 62 56 4 20 9 69 77 12 46 39 59 48 19 52 75 78 10 36 14 34 44 71 25 61 45 74 30 27 72 42 2 6 8 60 58 23 37 33 24 47 73 57 5 1 67 66 76 40 51 80 15 3 18 16 32 13 63 35 31 

 22 21 53 54 55 70	 => 275
 17 70 55 26 43 64	 => 275
 7 64 43 65 68 28	 => 275
 53 11 29 79 49 54	 => 275
 55 54 49 50 41 26	 => 275
 43 26 41 38 62 65	 => 275
 68 65 62 56 4 20	 => 275
 29 9 69 77 12 79	 => 275
 49 79 12 46 39 50	 => 275
 41 50 39 59 48 38	 => 275
 62 38 48 19 52 56	 => 275
 4 56 52 75 78 10	 => 275
 69 36 14 34 44 77	 => 274
 12 77 44 71 25 46	 => 275
 39 46 25 61 45 59	 => 275
 48 59 45 74 30 19	 => 275
 52 19 30 27 72 75	 => 275
 78 75 72 42 2 6	 => 275
 44 34 8 60 58 71	 => 275
 25 71 58 23 37 61	 => 275
 45 61 37 33 24 74	 => 274
 30 74 24 47 73 27	 => 275
 72 27 73 57 5 42	 => 276
 58 60 1 67 66 23	 => 275
 37 23 66 76 40 33	 => 275
 24 33 40 51 80 47	 => 275
 73 47 80 15 3 57	 => 275
 66 67 18 16 32 76	 => 275
 40 76 32 13 63 51	 => 275
 80 51 63 35 31 15	 => 275


===================[TEST 37]===================

##### START ##### Sat May 24 17:51:09 2003



##### CONVERGE ##### Sat May 24 18:01:25 2003

Elapsed time: 616 seconds
Total loop: 137 generations

Result : 273.417

18 19 45 74 56 64 21 25 80 30 24 68 46 28 31 26 73 27 44 50 10 43 67 47 5 4 69 75 29 40 63 38 71 51 34 72 48 8 17 7 66 42 36 54 32 49 61 6 35 78 57 20 1 12 65 55 41 58 37 39 60 76 16 14 3 33 79 59 2 77 62 52 11 13 22 70 15 53 9 23 

 18 19 45 74 56 64	 => 276
 21 64 56 25 80 30	 => 276
 24 30 80 68 46 28	 => 276
 45 31 26 73 27 74	 => 276
 56 74 27 44 50 25	 => 276
 80 25 50 10 43 68	 => 276
 46 68 43 67 47 5	 => 276
 26 4 69 75 29 73	 => 276
 27 73 29 40 63 44	 => 276
 50 44 63 38 71 10	 => 276
 43 10 71 51 34 67	 => 276
 47 67 34 72 48 8	 => 276
 69 17 7 66 42 75	 => 276
 29 75 42 36 54 40	 => 276
 63 40 54 32 49 38	 => 276
 71 38 49 61 6 51	 => 276
 34 51 6 35 78 72	 => 276
 48 72 78 57 20 1	 => 276
 42 66 12 65 55 36	 => 276
 54 36 55 41 58 32	 => 276
 49 32 58 37 39 61	 => 276
 6 61 39 60 76 35	 => 277
 78 35 76 16 14 57	 => 276
 55 65 3 33 79 41	 => 276
 58 41 79 59 2 37	 => 276
 39 37 2 77 62 60	 => 277
 76 60 62 52 11 16	 => 277
 79 33 13 22 70 59	 => 276
 2 59 70 15 53 77	 => 276
 62 77 53 9 23 52	 => 276


===================[TEST 38]===================

##### START ##### Sat May 24 18:01:25 2003



##### CONVERGE ##### Sat May 24 18:12:25 2003

Elapsed time: 660 seconds
Total loop: 147 generations

Result : 271.45

3 14 44 80 63 72 23 19 69 29 20 65 74 18 10 46 31 64 34 15 75 32 71 28 5 1 76 59 62 11 73 41 37 22 38 61 68 9 12 2 50 77 24 42 51 58 60 57 45 53 70 16 7 6 39 79 47 33 48 25 54 35 55 17 27 40 43 78 26 66 56 67 8 36 30 49 4 52 21 13 

 3 14 44 80 63 72	 => 276
 23 72 63 19 69 29	 => 275
 20 29 69 65 74 18	 => 275
 44 10 46 31 64 80	 => 275
 63 80 64 34 15 19	 => 275
 69 19 15 75 32 65	 => 275
 74 65 32 71 28 5	 => 275
 46 1 76 59 62 31	 => 275
 64 31 62 11 73 34	 => 275
 15 34 73 41 37 75	 => 275
 32 75 37 22 38 71	 => 275
 28 71 38 61 68 9	 => 275
 76 12 2 50 77 59	 => 276
 62 59 77 24 42 11	 => 275
 73 11 42 51 58 41	 => 276
 37 41 58 60 57 22	 => 275
 38 22 57 45 53 61	 => 276
 68 61 53 70 16 7	 => 275
 77 50 6 39 79 24	 => 275
 42 24 79 47 33 51	 => 276
 58 51 33 48 25 60	 => 275
 57 60 25 54 35 45	 => 276
 53 45 35 55 17 70	 => 275
 79 39 27 40 43 47	 => 275
 33 47 43 78 26 48	 => 275
 25 48 26 66 56 54	 => 275
 35 54 56 67 8 55	 => 275
 43 40 36 30 49 78	 => 276
 26 78 49 4 52 66	 => 275
 56 66 52 21 13 67	 => 275


===================[TEST 39]===================

##### START ##### Sat May 24 18:12:25 2003



##### CONVERGE ##### Sat May 24 18:21:02 2003

Elapsed time: 517 seconds
Total loop: 115 generations

Result : 275.428

17 23 55 64 66 52 6 32 72 49 19 61 54 22 3 35 62 58 45 12 63 38 78 41 5 18 29 80 53 9 50 67 40 31 27 73 51 7 20 15 59 74 36 25 57 69 37 33 48 65 76 8 4 24 14 70 42 47 11 56 43 60 26 2 28 44 79 77 21 71 75 34 39 1 46 30 10 68 16 13 

 17 23 55 64 66 52	 => 277
 6 52 66 32 72 49	 => 277
 19 49 72 61 54 22	 => 277
 55 3 35 62 58 64	 => 277
 66 64 58 45 12 32	 => 277
 72 32 12 63 38 61	 => 278
 54 61 38 78 41 5	 => 277
 35 18 29 80 53 62	 => 277
 58 62 53 9 50 45	 => 277
 12 45 50 67 40 63	 => 277
 38 63 40 31 27 78	 => 277
 41 78 27 73 51 7	 => 277
 29 20 15 59 74 80	 => 277
 53 80 74 36 25 9	 => 277
 50 9 25 57 69 67	 => 277
 40 67 69 37 33 31	 => 277
 27 31 33 48 65 73	 => 277
 51 73 65 76 8 4	 => 277
 74 59 24 14 70 36	 => 277
 25 36 70 42 47 57	 => 277
 69 57 47 11 56 37	 => 277
 33 37 56 43 60 48	 => 277
 65 48 60 26 2 76	 => 277
 70 14 28 44 79 42	 => 277
 47 42 79 77 21 11	 => 277
 56 11 21 71 75 43	 => 277
 60 43 75 34 39 26	 => 277
 79 44 1 46 30 77	 => 277
 21 77 30 10 68 71	 => 277
 75 71 68 16 13 34	 => 277


===================[TEST 40]===================

##### START ##### Sat May 24 18:21:02 2003



##### CONVERGE ##### Sat May 24 18:29:12 2003

Elapsed time: 490 seconds
Total loop: 109 generations

Result : 273.221

4 38 40 80 66 47 19 16 72 56 12 64 55 17 13 36 75 32 59 23 41 60 74 21 2 1 76 51 37 42 31 49 73 22 7 79 71 24 18 15 48 68 35 43 54 57 29 46 69 53 39 28 6 3 44 78 14 52 58 26 30 77 27 11 33 45 62 65 25 67 70 63 9 34 20 50 8 61 10 5 

 4 38 40 80 66 47	 => 275
 19 47 66 16 72 56	 => 276
 12 56 72 64 55 17	 => 276
 40 13 36 75 32 80	 => 276
 66 80 32 59 23 16	 => 276
 72 16 23 41 60 64	 => 276
 55 64 60 74 21 2	 => 276
 36 1 76 51 37 75	 => 276
 32 75 37 42 31 59	 => 276
 23 59 31 49 73 41	 => 276
 60 41 73 22 7 74	 => 277
 21 74 7 79 71 24	 => 276
 76 18 15 48 68 51	 => 276
 37 51 68 35 43 42	 => 276
 31 42 43 54 57 49	 => 276
 73 49 57 29 46 22	 => 276
 7 22 46 69 53 79	 => 276
 71 79 53 39 28 6	 => 276
 68 48 3 44 78 35	 => 276
 43 35 78 14 52 54	 => 276
 57 54 52 58 26 29	 => 276
 46 29 26 30 77 69	 => 277
 53 69 77 27 11 39	 => 276
 78 44 33 45 62 14	 => 276
 52 14 62 65 25 58	 => 276
 26 58 25 67 70 30	 => 276
 77 30 70 63 9 27	 => 276
 62 45 34 20 50 65	 => 276
 25 65 50 8 61 67	 => 276
 70 67 61 10 5 63	 => 276


===================[TEST 41]===================

##### START ##### Sat May 24 18:29:12 2003



##### CONVERGE ##### Sat May 24 18:34:27 2003

Elapsed time: 315 seconds
Total loop: 70 generations

Result : 270.836

27 7 45 80 60 54 3 15 70 71 2 72 9 49 4 41 66 37 69 12 25 79 64 36 13 1 55 67 43 8 50 77 40 32 33 61 58 21 10 6 57 78 31 46 73 20 75 29 56 62 47 23 22 38 28 42 63 18 53 34 44 35 68 5 24 65 51 74 14 52 76 39 11 16 19 48 26 59 17 30 

 27 7 45 80 60 54	 => 273
 3 54 60 15 70 71	 => 273
 2 71 70 72 9 49	 => 273
 45 4 41 66 37 80	 => 273
 60 80 37 69 12 15	 => 273
 70 15 12 25 79 72	 => 273
 9 72 79 64 36 13	 => 273
 41 1 55 67 43 66	 => 273
 37 66 43 8 50 69	 => 273
 12 69 50 77 40 25	 => 273
 79 25 40 32 33 64	 => 273
 36 64 33 61 58 21	 => 273
 55 10 6 57 78 67	 => 273
 43 67 78 31 46 8	 => 273
 50 8 46 73 20 77	 => 274
 40 77 20 75 29 32	 => 273
 33 32 29 56 62 61	 => 273
 58 61 62 47 23 22	 => 273
 78 57 38 28 42 31	 => 274
 46 31 42 63 18 73	 => 273
 20 73 18 53 34 75	 => 273
 29 75 34 44 35 56	 => 273
 62 56 35 68 5 47	 => 273
 42 28 24 65 51 63	 => 273
 18 63 51 74 14 53	 => 273
 34 53 14 52 76 44	 => 273
 35 44 76 39 11 68	 => 273
 51 65 16 19 48 74	 => 273
 14 74 48 26 59 52	 => 273
 76 52 59 17 30 39	 => 273


===================[TEST 42]===================

##### START ##### Sat May 24 18:34:27 2003



##### CONVERGE ##### Sat May 24 18:41:32 2003

Elapsed time: 425 seconds
Total loop: 95 generations

Result : 271.093

17 9 65 64 48 71 8 27 47 73 6 80 36 33 16 29 79 21 53 61 1 58 75 11 15 10 49 66 41 3 77 28 54 42 44 60 70 14 38 19 24 78 34 52 46 68 45 37 32 59 67 13 5 7 55 76 40 26 39 51 35 74 22 20 4 43 56 63 50 30 69 72 2 31 25 57 12 62 23 18 

 17 9 65 64 48 71	 => 274
 8 71 48 27 47 73	 => 274
 6 73 47 80 36 33	 => 275
 65 16 29 79 21 64	 => 274
 48 64 21 53 61 27	 => 274
 47 27 61 1 58 80	 => 274
 36 80 58 75 11 15	 => 275
 29 10 49 66 41 79	 => 274
 21 79 41 3 77 53	 => 274
 61 53 77 28 54 1	 => 274
 58 1 54 42 44 75	 => 274
 11 75 44 60 70 14	 => 274
 49 38 19 24 78 66	 => 274
 41 66 78 34 52 3	 => 274
 77 3 52 46 68 28	 => 274
 54 28 68 45 37 42	 => 274
 44 42 37 32 59 60	 => 274
 70 60 59 67 13 5	 => 274
 78 24 7 55 76 34	 => 274
 52 34 76 40 26 46	 => 274
 68 46 26 39 51 45	 => 275
 37 45 51 35 74 32	 => 274
 59 32 74 22 20 67	 => 274
 76 55 4 43 56 40	 => 274
 26 40 56 63 50 39	 => 274
 51 39 50 30 69 35	 => 274
 74 35 69 72 2 22	 => 274
 56 43 31 25 57 63	 => 275
 50 63 57 12 62 30	 => 274
 69 30 62 23 18 72	 => 274


===================[TEST 43]===================

##### START ##### Sat May 24 18:41:32 2003



##### CONVERGE ##### Sat May 24 18:49:27 2003

Elapsed time: 475 seconds
Total loop: 106 generations

Result : 271.221

28 26 27 80 57 56 21 9 52 79 5 77 18 43 11 41 40 75 17 36 51 49 74 44 12 6 66 61 60 20 62 50 58 7 35 65 55 1 14 31 39 63 48 23 72 47 42 70 29 68 32 16 38 4 53 67 10 54 22 37 25 71 59 15 8 73 64 78 45 69 76 30 13 24 2 33 3 46 34 19 

 28 26 27 80 57 56	 => 274
 21 56 57 9 52 79	 => 274
 5 79 52 77 18 43	 => 274
 27 11 41 40 75 80	 => 274
 57 80 75 17 36 9	 => 274
 52 9 36 51 49 77	 => 274
 18 77 49 74 44 12	 => 274
 41 6 66 61 60 40	 => 274
 75 40 60 20 62 17	 => 274
 36 17 62 50 58 51	 => 274
 49 51 58 7 35 74	 => 274
 44 74 35 65 55 1	 => 274
 66 14 31 39 63 61	 => 274
 60 61 63 48 23 20	 => 275
 62 20 23 72 47 50	 => 274
 58 50 47 42 70 7	 => 274
 35 7 70 29 68 65	 => 274
 55 65 68 32 16 38	 => 274
 63 39 4 53 67 48	 => 274
 23 48 67 10 54 72	 => 274
 47 72 54 22 37 42	 => 274
 70 42 37 25 71 29	 => 274
 68 29 71 59 15 32	 => 274
 67 53 8 73 64 10	 => 275
 54 10 64 78 45 22	 => 273
 37 22 45 69 76 25	 => 274
 71 25 76 30 13 59	 => 274
 64 73 24 2 33 78	 => 274
 45 78 33 3 46 69	 => 274
 76 69 46 34 19 30	 => 274


===================[TEST 44]===================

##### START ##### Sat May 24 18:49:27 2003



##### CONVERGE ##### Sat May 24 19:00:18 2003

Elapsed time: 651 seconds
Total loop: 145 generations

Result : 273.836

10 35 24 72 58 77 1 21 50 69 22 79 40 16 13 57 67 43 45 37 36 53 56 44 4 11 33 74 34 48 39 46 73 41 17 76 54 29 14 9 75 71 19 30 65 49 42 25 66 51 62 7 26 2 31 78 23 61 27 32 52 59 18 20 12 70 63 55 47 38 80 64 3 5 15 68 8 60 28 6 

 10 35 24 72 58 77	 => 276
 1 77 58 21 50 69	 => 276
 22 69 50 79 40 16	 => 276
 24 13 57 67 43 72	 => 276
 58 72 43 45 37 21	 => 276
 50 21 37 36 53 79	 => 276
 40 79 53 56 44 4	 => 276
 57 11 33 74 34 67	 => 276
 43 67 34 48 39 45	 => 276
 37 45 39 46 73 36	 => 276
 53 36 73 41 17 56	 => 276
 44 56 17 76 54 29	 => 276
 33 14 9 75 71 74	 => 276
 34 74 71 19 30 48	 => 276
 39 48 30 65 49 46	 => 277
 73 46 49 42 25 41	 => 276
 17 41 25 66 51 76	 => 276
 54 76 51 62 7 26	 => 276
 71 75 2 31 78 19	 => 276
 30 19 78 23 61 65	 => 276
 49 65 61 27 32 42	 => 276
 25 42 32 52 59 66	 => 276
 51 66 59 18 20 62	 => 276
 78 31 12 70 63 23	 => 277
 61 23 63 55 47 27	 => 276
 32 27 47 38 80 52	 => 276
 59 52 80 64 3 18	 => 276
 63 70 5 15 68 55	 => 276
 47 55 68 8 60 38	 => 276
 80 38 60 28 6 64	 => 276


===================[TEST 45]===================

##### START ##### Sat May 24 19:00:18 2003



##### CONVERGE ##### Sat May 24 19:10:14 2003

Elapsed time: 596 seconds
Total loop: 119 generations

Result : 274.361

8 6 79 70 54 59 9 23 76 55 15 45 64 21 13 14 80 20 56 53 29 50 73 16 28 7 69 65 41 39 40 46 52 34 38 51 71 27 4 1 77 60 24 47 62 42 44 57 22 74 61 17 2 3 37 75 35 33 32 63 12 78 31 10 18 43 68 72 36 66 67 58 30 19 25 49 5 48 26 11 

 8 6 79 70 54 59	 => 276
 9 59 54 23 76 55	 => 276
 15 55 76 45 64 21	 => 276
 79 13 14 80 20 70	 => 276
 54 70 20 56 53 23	 => 276
 76 23 53 29 50 45	 => 276
 64 45 50 73 16 28	 => 276
 14 7 69 65 41 80	 => 276
 20 80 41 39 40 56	 => 276
 53 56 40 46 52 29	 => 276
 50 29 52 34 38 73	 => 276
 16 73 38 51 71 27	 => 276
 69 4 1 77 60 65	 => 276
 41 65 60 24 47 39	 => 276
 40 39 47 62 42 46	 => 276
 52 46 42 44 57 34	 => 275
 38 34 57 22 74 51	 => 276
 71 51 74 61 17 2	 => 276
 60 77 3 37 75 24	 => 276
 47 24 75 35 33 62	 => 276
 42 62 33 32 63 44	 => 276
 57 44 63 12 78 22	 => 276
 74 22 78 31 10 61	 => 276
 75 37 18 43 68 35	 => 276
 33 35 68 72 36 32	 => 276
 63 32 36 66 67 12	 => 276
 78 12 67 58 30 31	 => 276
 68 43 19 25 49 72	 => 276
 36 72 49 5 48 66	 => 276
 67 66 48 26 11 58	 => 276


===================[TEST 46]===================

##### START ##### Sat May 24 19:10:14 2003



##### CONVERGE ##### Sat May 24 19:21:38 2003

Elapsed time: 684 seconds
Total loop: 142 generations

Result : 271.5

26 11 70 57 72 39 3 66 35 59 45 77 13 46 2 38 78 30 42 8 60 29 80 65 10 1 41 74 43 33 49 48 68 24 14 76 31 9 32 16 51 61 58 6 75 64 37 34 47 79 62 23 4 17 21 67 44 25 22 52 50 54 28 5 7 63 73 71 40 56 55 69 18 20 12 36 19 53 27 15 

 26 11 70 57 72 39	 => 275
 3 39 72 66 35 59	 => 274
 45 59 35 77 13 46	 => 275
 70 2 38 78 30 57	 => 275
 72 57 30 42 8 66	 => 275
 35 66 8 60 29 77	 => 275
 13 77 29 80 65 10	 => 274
 38 1 41 74 43 78	 => 275
 30 78 43 33 49 42	 => 275
 8 42 49 48 68 60	 => 275
 29 60 68 24 14 80	 => 275
 65 80 14 76 31 9	 => 275
 41 32 16 51 61 74	 => 275
 43 74 61 58 6 33	 => 275
 49 33 6 75 64 48	 => 275
 68 48 64 37 34 24	 => 275
 14 24 34 47 79 76	 => 274
 31 76 79 62 23 4	 => 275
 61 51 17 21 67 58	 => 275
 6 58 67 44 25 75	 => 275
 64 75 25 22 52 37	 => 275
 34 37 52 50 54 47	 => 274
 79 47 54 28 5 62	 => 275
 67 21 7 63 73 44	 => 275
 25 44 73 71 40 22	 => 275
 52 22 40 56 55 50	 => 275
 54 50 55 69 18 28	 => 274
 73 63 20 12 36 71	 => 275
 40 71 36 19 53 56	 => 275
 55 56 53 27 15 69	 => 275


===================[TEST 47]===================

##### START ##### Sat May 24 19:21:38 2003



##### CONVERGE ##### Sat May 24 19:30:24 2003

Elapsed time: 526 seconds
Total loop: 117 generations

Result : 273.201

26 3 52 68 61 67 6 17 71 56 8 59 70 13 7 24 69 57 19 55 42 33 79 25 12 11 75 60 38 29 65 49 48 53 22 78 64 10 1 32 35 74 36 41 50 43 80 4 58 63 39 18 15 5 51 76 34 40 28 37 44 54 47 16 23 21 73 72 30 62 77 46 9 31 14 66 2 45 27 20 

 26 3 52 68 61 67	 => 277
 6 67 61 17 71 56	 => 278
 8 56 71 59 70 13	 => 277
 52 7 24 69 57 68	 => 277
 61 68 57 19 55 17	 => 277
 71 17 55 42 33 59	 => 277
 70 59 33 79 25 12	 => 278
 24 11 75 60 38 69	 => 277
 57 69 38 29 65 19	 => 277
 55 19 65 49 48 42	 => 278
 33 42 48 53 22 79	 => 277
 25 79 22 78 64 10	 => 278
 75 1 32 35 74 60	 => 277
 38 60 74 36 41 29	 => 278
 65 29 41 50 43 49	 => 277
 48 49 43 80 4 53	 => 277
 22 53 4 58 63 78	 => 278
 64 78 63 39 18 15	 => 277
 74 35 5 51 76 36	 => 277
 41 36 76 34 40 50	 => 277
 43 50 40 28 37 80	 => 278
 4 80 37 44 54 58	 => 277
 63 58 54 47 16 39	 => 277
 76 51 23 21 73 34	 => 278
 40 34 73 72 30 28	 => 277
 37 28 30 62 77 44	 => 278
 54 44 77 46 9 47	 => 277
 73 21 31 14 66 72	 => 277
 30 72 66 2 45 62	 => 277
 77 62 45 27 20 46	 => 277


===================[TEST 48]===================

##### START ##### Sat May 24 19:30:24 2003



##### CONVERGE ##### Sat May 24 19:42:14 2003

Elapsed time: 710 seconds
Total loop: 158 generations

Result : 273.601

29 11 49 79 71 39 22 16 61 69 14 77 52 5 2 26 57 65 15 31 74 19 67 34 28 8 60 72 54 23 64 56 38 36 44 73 50 10 9 6 55 76 27 25 43 66 51 30 32 62 48 21 24 7 33 80 45 58 17 42 53 70 47 18 4 41 75 63 20 78 68 37 3 40 13 46 12 59 35 1 

 29 11 49 79 71 39	 => 278
 22 39 71 16 61 69	 => 278
 14 69 61 77 52 5	 => 278
 49 2 26 57 65 79	 => 278
 71 79 65 15 31 16	 => 277
 61 16 31 74 19 77	 => 278
 52 77 19 67 34 28	 => 277
 26 8 60 72 54 57	 => 277
 65 57 54 23 64 15	 => 278
 31 15 64 56 38 74	 => 278
 19 74 38 36 44 67	 => 278
 34 67 44 73 50 10	 => 278
 60 9 6 55 76 72	 => 278
 54 72 76 27 25 23	 => 277
 64 23 25 43 66 56	 => 277
 38 56 66 51 30 36	 => 277
 44 36 30 32 62 73	 => 277
 50 73 62 48 21 24	 => 278
 76 55 7 33 80 27	 => 278
 25 27 80 45 58 43	 => 278
 66 43 58 17 42 51	 => 277
 30 51 42 53 70 32	 => 278
 62 32 70 47 18 48	 => 277
 80 33 4 41 75 45	 => 278
 58 45 75 63 20 17	 => 278
 42 17 20 78 68 53	 => 278
 70 53 68 37 3 47	 => 278
 75 41 40 13 46 63	 => 278
 20 63 46 12 59 78	 => 278
 68 78 59 35 1 37	 => 278


===================[TEST 49]===================

##### START ##### Sat May 24 19:42:14 2003



##### CONVERGE ##### Sat May 24 19:50:59 2003

Elapsed time: 525 seconds
Total loop: 117 generations

Result : 273.221

5 10 60 71 58 72 12 27 66 41 31 73 59 6 1 45 67 32 62 25 29 56 43 37 9 26 49 53 36 18 61 51 48 23 77 64 47 8 14 16 68 76 69 24 65 57 75 22 35 55 54 4 52 13 17 33 46 39 19 21 44 79 38 15 30 80 70 63 40 78 74 34 7 2 11 50 3 42 28 20 

 5 10 60 71 58 72	 => 276
 12 72 58 27 66 41	 => 276
 31 41 66 73 59 6	 => 276
 60 1 45 67 32 71	 => 276
 58 71 32 62 25 27	 => 275
 66 27 25 29 56 73	 => 276
 59 73 56 43 37 9	 => 277
 45 26 49 53 36 67	 => 276
 32 67 36 18 61 62	 => 276
 25 62 61 51 48 29	 => 276
 56 29 48 23 77 43	 => 276
 37 43 77 64 47 8	 => 276
 49 14 16 68 76 53	 => 276
 36 53 76 69 24 18	 => 276
 61 18 24 65 57 51	 => 276
 48 51 57 75 22 23	 => 276
 77 23 22 35 55 64	 => 276
 47 64 55 54 4 52	 => 276
 76 68 13 17 33 69	 => 276
 24 69 33 46 39 65	 => 276
 57 65 39 19 21 75	 => 276
 22 75 21 44 79 35	 => 276
 55 35 79 38 15 54	 => 276
 33 17 30 80 70 46	 => 276
 39 46 70 63 40 19	 => 277
 21 19 40 78 74 44	 => 276
 79 44 74 34 7 38	 => 276
 70 80 2 11 50 63	 => 276
 40 63 50 3 42 78	 => 276
 74 78 42 28 20 34	 => 276


===================[TEST 50]===================

##### START ##### Sat May 24 19:50:59 2003



##### CONVERGE ##### Sat May 24 20:03:26 2003

Elapsed time: 747 seconds
Total loop: 166 generations

Result : 275.836

13 15 47 65 70 68 7 12 67 54 11 58 69 19 17 40 79 30 59 42 55 44 50 48 10 2 62 71 24 46 41 36 45 35 49 76 37 18 3 4 61 77 29 31 51 73 57 32 34 52 78 26 9 8 23 80 60 27 14 56 33 66 28 20 1 39 75 64 38 74 63 72 16 22 25 53 6 43 21 5 

 13 15 47 65 70 68	 => 278
 7 68 70 12 67 54	 => 278
 11 54 67 58 69 19	 => 278
 47 17 40 79 30 65	 => 278
 70 65 30 59 42 12	 => 278
 67 12 42 55 44 58	 => 278
 69 58 44 50 48 10	 => 279
 40 2 62 71 24 79	 => 278
 30 79 24 46 41 59	 => 279
 42 59 41 36 45 55	 => 278
 44 55 45 35 49 50	 => 278
 48 50 49 76 37 18	 => 278
 62 3 4 61 77 71	 => 278
 24 71 77 29 31 46	 => 278
 41 46 31 51 73 36	 => 278
 45 36 73 57 32 35	 => 278
 49 35 32 34 52 76	 => 278
 37 76 52 78 26 9	 => 278
 77 61 8 23 80 29	 => 278
 31 29 80 60 27 51	 => 278
 73 51 27 14 56 57	 => 278
 32 57 56 33 66 34	 => 278
 52 34 66 28 20 78	 => 278
 80 23 1 39 75 60	 => 278
 27 60 75 64 38 14	 => 278
 56 14 38 74 63 33	 => 278
 66 33 63 72 16 28	 => 278
 75 39 22 25 53 64	 => 278
 38 64 53 6 43 74	 => 278
 63 74 43 21 5 72	 => 278


===================[TEST 51]===================

##### START ##### Sat May 24 20:03:26 2003



##### CONVERGE ##### Sat May 24 20:17:13 2003

Elapsed time: 827 seconds
Total loop: 184 generations

Result : 275.702

43 13 53 58 61 50 1 30 80 56 6 57 63 16 9 38 65 55 51 23 59 29 67 60 2 25 36 79 35 39 33 48 64 28 31 71 45 4 8 5 76 74 24 27 69 62 42 34 47 66 72 10 14 3 26 75 37 46 18 41 73 40 32 21 19 44 77 78 22 70 54 68 11 12 15 52 7 49 20 17 

 43 13 53 58 61 50	 => 278
 1 50 61 30 80 56	 => 278
 6 56 80 57 63 16	 => 278
 53 9 38 65 55 58	 => 278
 61 58 55 51 23 30	 => 278
 80 30 23 59 29 57	 => 278
 63 57 29 67 60 2	 => 278
 38 25 36 79 35 65	 => 278
 55 65 35 39 33 51	 => 278
 23 51 33 48 64 59	 => 278
 29 59 64 28 31 67	 => 278
 60 67 31 71 45 4	 => 278
 36 8 5 76 74 79	 => 278
 35 79 74 24 27 39	 => 278
 33 39 27 69 62 48	 => 278
 64 48 62 42 34 28	 => 278
 31 28 34 47 66 71	 => 277
 45 71 66 72 10 14	 => 278
 74 76 3 26 75 24	 => 278
 27 24 75 37 46 69	 => 278
 62 69 46 18 41 42	 => 278
 34 42 41 73 40 47	 => 277
 66 47 40 32 21 72	 => 278
 75 26 19 44 77 37	 => 278
 46 37 77 78 22 18	 => 278
 41 18 22 70 54 73	 => 278
 40 73 54 68 11 32	 => 278
 77 44 12 15 52 78	 => 278
 22 78 52 7 49 70	 => 278
 54 70 49 20 17 68	 => 278


===================[TEST 52]===================

##### START ##### Sat May 24 20:17:13 2003



##### CONVERGE ##### Sat May 24 20:28:41 2003

Elapsed time: 688 seconds
Total loop: 153 generations

Result : 272.984

5 22 51 79 74 46 1 27 60 68 9 61 45 33 10 35 65 37 40 20 50 59 66 30 16 11 55 70 41 23 71 78 18 63 21 80 73 7 26 2 75 49 56 38 42 25 77 15 34 64 53 3 4 6 36 54 43 44 31 57 32 62 47 17 19 67 58 72 29 76 52 69 14 8 24 48 13 39 12 28 

 5 22 51 79 74 46	 => 277
 1 46 74 27 60 68	 => 276
 9 68 60 61 45 33	 => 276
 51 10 35 65 37 79	 => 277
 74 79 37 40 20 27	 => 277
 60 27 20 50 59 61	 => 277
 45 61 59 66 30 16	 => 277
 35 11 55 70 41 65	 => 277
 37 65 41 23 71 40	 => 277
 20 40 71 78 18 50	 => 277
 59 50 18 63 21 66	 => 277
 30 66 21 80 73 7	 => 277
 55 26 2 75 49 70	 => 277
 41 70 49 56 38 23	 => 277
 71 23 38 42 25 78	 => 277
 18 78 25 77 15 63	 => 276
 21 63 15 34 64 80	 => 277
 73 80 64 53 3 4	 => 277
 49 75 6 36 54 56	 => 276
 38 56 54 43 44 42	 => 277
 25 42 44 31 57 77	 => 276
 15 77 57 32 62 34	 => 277
 64 34 62 47 17 53	 => 277
 54 36 19 67 58 43	 => 277
 44 43 58 72 29 31	 => 277
 57 31 29 76 52 32	 => 277
 62 32 52 69 14 47	 => 276
 58 67 8 24 48 72	 => 277
 29 72 48 13 39 76	 => 277
 52 76 39 12 28 69	 => 276


===================[TEST 53]===================

##### START ##### Sat May 24 20:28:41 2003



##### CONVERGE ##### Sat May 24 20:35:12 2003

Elapsed time: 391 seconds
Total loop: 87 generations

Result : 270.327

6 50 16 78 63 61 8 14 76 52 27 70 46 3 13 44 67 56 25 38 49 28 77 41 12 7 30 69 57 33 36 72 54 29 37 45 39 35 2 31 68 74 24 17 73 42 34 43 58 62 55 64 9 10 18 80 20 59 19 47 51 40 48 11 15 75 66 79 32 65 60 53 22 23 5 26 1 71 21 4 

 6 50 16 78 63 61	 => 274
 8 61 63 14 76 52	 => 274
 27 52 76 70 46 3	 => 274
 16 13 44 67 56 78	 => 274
 63 78 56 25 38 14	 => 274
 76 14 38 49 28 70	 => 275
 46 70 28 77 41 12	 => 274
 44 7 30 69 57 67	 => 274
 56 67 57 33 36 25	 => 274
 38 25 36 72 54 49	 => 274
 28 49 54 29 37 77	 => 274
 41 77 37 45 39 35	 => 274
 30 2 31 68 74 69	 => 274
 57 69 74 24 17 33	 => 274
 36 33 17 73 42 72	 => 273
 54 72 42 34 43 29	 => 274
 37 29 43 58 62 45	 => 274
 39 45 62 55 64 9	 => 274
 74 68 10 18 80 24	 => 274
 17 24 80 20 59 73	 => 273
 42 73 59 19 47 34	 => 274
 43 34 47 51 40 58	 => 273
 62 58 40 48 11 55	 => 274
 80 18 15 75 66 20	 => 274
 59 20 66 79 32 19	 => 275
 47 19 32 65 60 51	 => 274
 40 51 60 53 22 48	 => 274
 66 75 23 5 26 79	 => 274
 32 79 26 1 71 65	 => 274
 60 65 71 21 4 53	 => 274


===================[TEST 54]===================

##### START ##### Sat May 24 20:35:12 2003



##### CONVERGE ##### Sat May 24 20:43:48 2003

Elapsed time: 516 seconds
Total loop: 115 generations

Result : 272.417

23 13 44 74 66 55 3 10 63 78 19 67 36 12 2 31 71 53 47 25 62 48 65 54 5 11 60 46 56 21 27 57 58 16 26 70 59 1 6 15 76 72 39 42 77 51 41 52 50 61 37 18 30 8 7 73 40 4 68 34 29 69 49 9 32 43 80 64 20 45 79 35 14 28 22 38 33 75 17 24 

 23 13 44 74 66 55	 => 275
 3 55 66 10 63 78	 => 275
 19 78 63 67 36 12	 => 275
 44 2 31 71 53 74	 => 275
 66 74 53 47 25 10	 => 275
 63 10 25 62 48 67	 => 275
 36 67 48 65 54 5	 => 275
 31 11 60 46 56 71	 => 275
 53 71 56 21 27 47	 => 275
 25 47 27 57 58 62	 => 276
 48 62 58 16 26 65	 => 275
 54 65 26 70 59 1	 => 275
 60 6 15 76 72 46	 => 275
 56 46 72 39 42 21	 => 276
 27 21 42 77 51 57	 => 275
 58 57 51 41 52 16	 => 275
 26 16 52 50 61 70	 => 275
 59 70 61 37 18 30	 => 275
 72 76 8 7 73 39	 => 275
 42 39 73 40 4 77	 => 275
 51 77 4 68 34 41	 => 275
 52 41 34 29 69 50	 => 275
 61 50 69 49 9 37	 => 275
 73 7 32 43 80 40	 => 275
 4 40 80 64 20 68	 => 276
 34 68 20 45 79 29	 => 275
 69 29 79 35 14 49	 => 275
 80 43 28 22 38 64	 => 275
 20 64 38 33 75 45	 => 275
 79 45 75 17 24 35	 => 275


===================[TEST 55]===================

##### START ##### Sat May 24 20:43:48 2003



##### CONVERGE ##### Sat May 24 20:54:57 2003

Elapsed time: 669 seconds
Total loop: 149 generations

Result : 273.722

9 33 53 63 69 50 6 18 75 59 2 80 38 23 3 30 66 62 34 31 22 51 64 37 7 36 39 79 27 32 56 58 76 24 40 74 46 16 5 35 41 78 52 10 48 73 20 26 43 70 54 19 13 12 17 77 29 60 21 55 68 65 44 1 11 71 72 67 28 57 47 45 8 14 4 49 15 61 25 42 

 9 33 53 63 69 50	 => 277
 6 50 69 18 75 59	 => 277
 2 59 75 80 38 23	 => 277
 53 3 30 66 62 63	 => 277
 69 63 62 34 31 18	 => 277
 75 18 31 22 51 80	 => 277
 38 80 51 64 37 7	 => 277
 30 36 39 79 27 66	 => 277
 62 66 27 32 56 34	 => 277
 31 34 56 58 76 22	 => 277
 51 22 76 24 40 64	 => 277
 37 64 40 74 46 16	 => 277
 39 5 35 41 78 79	 => 277
 27 79 78 52 10 32	 => 278
 56 32 10 48 73 58	 => 277
 76 58 73 20 26 24	 => 277
 40 24 26 43 70 74	 => 277
 46 74 70 54 19 13	 => 276
 78 41 12 17 77 52	 => 277
 10 52 77 29 60 48	 => 276
 73 48 60 21 55 20	 => 277
 26 20 55 68 65 43	 => 277
 70 43 65 44 1 54	 => 277
 77 17 11 71 72 29	 => 277
 60 29 72 67 28 21	 => 277
 55 21 28 57 47 68	 => 276
 65 68 47 45 8 44	 => 277
 72 71 14 4 49 67	 => 277
 28 67 49 15 61 57	 => 277
 47 57 61 25 42 45	 => 277


===================[TEST 56]===================

##### START ##### Sat May 24 20:54:57 2003


