****************** GA TEST *******************

total test#:			 100
hexa min width:			 3
hexa max width:			 6
hexa count:			 30
number count:			 80
population size:		 200
generation size:		 120

tournament winner p:		 1
do xover p:			 1
xover:				 2points
do mutation1 p:			 0.1
mutation1 p:			 0.05
do optimize p:			 0.96
local optimize count:		 30000
do deep better optimize p:	 1
do deep worse optimize p:	 0
do spin p:			 0
spin count:			 1000
do spin apply p:		 1
do mutation2 p:			 0.12
mutation2 p:			 0.08
force mutation2:		 0
replace bad p:			 0.195

converge rate p:		 0.99
converge count:			 3

**********************************************


===================[TEST 1]===================

##### START ##### Sat May 24 21:00:58 2003



##### CONVERGE ##### Sat May 24 21:18:00 2003

Elapsed time: 1022 seconds
Total loop: 103 generations

Result : 274.221

5 13 60 67 61 71 1 23 78 43 12 52 76 16 21 22 63 44 47 34 42 48 55 39 8 29 56 54 53 33 37 51 66 28 38 79 40 26 11 10 74 72 24 41 35 80 27 25 45 62 77 4 15 6 31 70 50 57 20 58 49 73 18 3 2 59 65 68 17 64 69 36 32 30 9 46 7 75 14 19 

 5 13 60 67 61 71	 => 277
 1 71 61 23 78 43	 => 277
 12 43 78 52 76 16	 => 277
 60 21 22 63 44 67	 => 277
 61 67 44 47 34 23	 => 276
 78 23 34 42 48 52	 => 277
 76 52 48 55 39 8	 => 278
 22 29 56 54 53 63	 => 277
 44 63 53 33 37 47	 => 277
 34 47 37 51 66 42	 => 277
 48 42 66 28 38 55	 => 277
 39 55 38 79 40 26	 => 277
 56 11 10 74 72 54	 => 277
 53 54 72 24 41 33	 => 277
 37 33 41 35 80 51	 => 277
 66 51 80 27 25 28	 => 277
 38 28 25 45 62 79	 => 277
 40 79 62 77 4 15	 => 277
 72 74 6 31 70 24	 => 277
 41 24 70 50 57 35	 => 277
 80 35 57 20 58 27	 => 277
 25 27 58 49 73 45	 => 277
 62 45 73 18 3 77	 => 278
 70 31 2 59 65 50	 => 277
 57 50 65 68 17 20	 => 277
 58 20 17 64 69 49	 => 277
 73 49 69 36 32 18	 => 277
 65 59 30 9 46 68	 => 277
 17 68 46 7 75 64	 => 277
 69 64 75 14 19 36	 => 277


===================[TEST 2]===================

##### START ##### Sat May 24 21:18:00 2003



##### CONVERGE ##### Sat May 24 21:41:21 2003

Elapsed time: 1401 seconds
Total loop: 142 generations

Result : 274.222

17 7 61 79 69 45 1 36 78 49 28 57 53 13 14 25 48 51 35 8 52 47 76 30 15 2 56 77 70 16 58 64 60 20 23 71 72 5 18 10 50 67 37 11 74 55 34 44 54 66 59 4 6 24 32 68 41 46 26 43 38 65 31 3 12 62 63 80 22 75 73 42 29 19 21 33 27 40 39 9 

 17 7 61 79 69 45	 => 278
 1 45 69 36 78 49	 => 278
 28 49 78 57 53 13	 => 278
 61 14 25 48 51 79	 => 278
 69 79 51 35 8 36	 => 278
 78 36 8 52 47 57	 => 278
 53 57 47 76 30 15	 => 278
 25 2 56 77 70 48	 => 278
 51 48 70 16 58 35	 => 278
 8 35 58 64 60 52	 => 277
 47 52 60 20 23 76	 => 278
 30 76 23 71 72 5	 => 277
 56 18 10 50 67 77	 => 278
 70 77 67 37 11 16	 => 278
 58 16 11 74 55 64	 => 278
 60 64 55 34 44 20	 => 277
 23 20 44 54 66 71	 => 278
 72 71 66 59 4 6	 => 278
 67 50 24 32 68 37	 => 278
 11 37 68 41 46 74	 => 277
 55 74 46 26 43 34	 => 278
 44 34 43 38 65 54	 => 278
 66 54 65 31 3 59	 => 278
 68 32 12 62 63 41	 => 278
 46 41 63 80 22 26	 => 278
 43 26 22 75 73 38	 => 277
 65 38 73 42 29 31	 => 278
 63 62 19 21 33 80	 => 278
 22 80 33 27 40 75	 => 277
 73 75 40 39 9 42	 => 278


===================[TEST 3]===================

##### START ##### Sat May 24 21:41:21 2003



##### CONVERGE ##### Sat May 24 22:00:48 2003

Elapsed time: 1167 seconds
Total loop: 118 generations

Result : 273.381

16 8 75 59 70 50 6 21 62 69 25 67 35 20 2 26 74 42 33 53 31 45 78 41 11 12 55 64 47 39 43 61 57 30 37 80 40 3 1 9 72 77 22 29 68 38 44 48 27 56 65 18 19 15 13 79 34 46 32 49 60 51 54 24 10 66 76 63 28 73 36 71 5 7 14 52 4 58 23 17 

 16 8 75 59 70 50	 => 278
 6 50 70 21 62 69	 => 278
 25 69 62 67 35 20	 => 278
 75 2 26 74 42 59	 => 278
 70 59 42 33 53 21	 => 278
 62 21 53 31 45 67	 => 279
 35 67 45 78 41 11	 => 277
 26 12 55 64 47 74	 => 278
 42 74 47 39 43 33	 => 278
 53 33 43 61 57 31	 => 278
 45 31 57 30 37 78	 => 278
 41 78 37 80 40 3	 => 279
 55 1 9 72 77 64	 => 278
 47 64 77 22 29 39	 => 278
 43 39 29 68 38 61	 => 278
 57 61 38 44 48 30	 => 278
 37 30 48 27 56 80	 => 278
 40 80 56 65 18 19	 => 278
 77 72 15 13 79 22	 => 278
 29 22 79 34 46 68	 => 278
 38 68 46 32 49 44	 => 277
 48 44 49 60 51 27	 => 279
 56 27 51 54 24 65	 => 277
 79 13 10 66 76 34	 => 278
 46 34 76 63 28 32	 => 279
 49 32 28 73 36 60	 => 278
 51 60 36 71 5 54	 => 277
 76 66 7 14 52 63	 => 278
 28 63 52 4 58 73	 => 278
 36 73 58 23 17 71	 => 278


===================[TEST 4]===================

##### START ##### Sat May 24 22:00:48 2003



##### CONVERGE ##### Sat May 24 22:17:15 2003

Elapsed time: 987 seconds
Total loop: 100 generations

Result : 272.417

11 8 45 77 66 68 3 31 44 63 28 60 56 24 1 19 79 55 36 10 58 73 30 54 2 9 57 72 39 15 51 61 59 20 35 71 67 18 5 33 46 62 49 38 40 70 43 22 52 75 32 14 16 12 42 64 37 47 50 25 53 80 13 23 27 76 29 78 34 65 48 74 7 17 6 69 4 26 41 21 

 11 8 45 77 66 68	 => 275
 3 68 66 31 44 63	 => 275
 28 63 44 60 56 24	 => 275
 45 1 19 79 55 77	 => 276
 66 77 55 36 10 31	 => 275
 44 31 10 58 73 60	 => 276
 56 60 73 30 54 2	 => 275
 19 9 57 72 39 79	 => 275
 55 79 39 15 51 36	 => 275
 10 36 51 61 59 58	 => 275
 73 58 59 20 35 30	 => 275
 54 30 35 71 67 18	 => 275
 57 5 33 46 62 72	 => 275
 39 72 62 49 38 15	 => 275
 51 15 38 40 70 61	 => 275
 59 61 70 43 22 20	 => 275
 35 20 22 52 75 71	 => 275
 67 71 75 32 14 16	 => 275
 62 46 12 42 64 49	 => 275
 38 49 64 37 47 40	 => 275
 70 40 47 50 25 43	 => 275
 22 43 25 53 80 52	 => 275
 75 52 80 13 23 32	 => 275
 64 42 27 76 29 37	 => 275
 47 37 29 78 34 50	 => 275
 25 50 34 65 48 53	 => 275
 80 53 48 74 7 13	 => 275
 29 76 17 6 69 78	 => 275
 34 78 69 4 26 65	 => 276
 48 65 26 41 21 74	 => 275


===================[TEST 5]===================

##### START ##### Sat May 24 22:17:15 2003



##### CONVERGE ##### Sat May 24 22:31:53 2003

Elapsed time: 878 seconds
Total loop: 89 generations

Result : 272.221

44 3 35 69 72 52 19 25 80 28 24 53 68 22 6 43 45 77 21 11 70 36 71 38 8 12 59 74 42 39 51 64 58 23 17 73 66 10 5 26 49 62 40 18 63 41 56 33 50 79 30 20 7 4 55 65 29 60 1 54 34 48 31 37 13 46 67 57 61 47 78 75 9 15 14 76 2 32 27 16 

 44 3 35 69 72 52	 => 275
 19 52 72 25 80 28	 => 276
 24 28 80 53 68 22	 => 275
 35 6 43 45 77 69	 => 275
 72 69 77 21 11 25	 => 275
 80 25 11 70 36 53	 => 275
 68 53 36 71 38 8	 => 274
 43 12 59 74 42 45	 => 275
 77 45 42 39 51 21	 => 275
 11 21 51 64 58 70	 => 275
 36 70 58 23 17 71	 => 275
 38 71 17 73 66 10	 => 275
 59 5 26 49 62 74	 => 275
 42 74 62 40 18 39	 => 275
 51 39 18 63 41 64	 => 276
 58 64 41 56 33 23	 => 275
 17 23 33 50 79 73	 => 275
 66 73 79 30 20 7	 => 275
 62 49 4 55 65 40	 => 275
 18 40 65 29 60 63	 => 275
 41 63 60 1 54 56	 => 275
 33 56 54 34 48 50	 => 275
 79 50 48 31 37 30	 => 275
 65 55 13 46 67 29	 => 275
 60 29 67 57 61 1	 => 275
 54 1 61 47 78 34	 => 275
 48 34 78 75 9 31	 => 275
 67 46 15 14 76 57	 => 275
 61 57 76 2 32 47	 => 275
 78 47 32 27 16 75	 => 275


===================[TEST 6]===================

##### START ##### Sat May 24 22:31:53 2003



##### CONVERGE ##### Sat May 24 22:52:38 2003

Elapsed time: 1245 seconds
Total loop: 126 generations

Result : 273.417

22 36 32 76 66 44 16 30 80 40 15 73 62 6 11 63 71 23 50 31 19 43 38 53 7 1 54 74 13 41 78 26 72 34 70 68 45 2 8 37 51 52 49 47 24 60 56 28 17 59 65 14 25 29 20 75 39 42 33 61 35 79 48 9 12 67 64 77 21 69 57 55 3 4 18 46 5 58 27 10 

 22 36 32 76 66 44	 => 276
 16 44 66 30 80 40	 => 276
 15 40 80 73 62 6	 => 276
 32 11 63 71 23 76	 => 276
 66 76 23 50 31 30	 => 276
 80 30 31 19 43 73	 => 276
 62 73 43 38 53 7	 => 276
 63 1 54 74 13 71	 => 276
 23 71 13 41 78 50	 => 276
 31 50 78 26 72 19	 => 276
 43 19 72 34 70 38	 => 276
 53 38 70 68 45 2	 => 276
 54 8 37 51 52 74	 => 276
 13 74 52 49 47 41	 => 276
 78 41 47 24 60 26	 => 276
 72 26 60 56 28 34	 => 276
 70 34 28 17 59 68	 => 276
 45 68 59 65 14 25	 => 276
 52 51 29 20 75 49	 => 276
 47 49 75 39 42 24	 => 276
 60 24 42 33 61 56	 => 276
 28 56 61 35 79 17	 => 276
 59 17 79 48 9 65	 => 277
 75 20 12 67 64 39	 => 277
 42 39 64 77 21 33	 => 276
 61 33 21 69 57 35	 => 276
 79 35 57 55 3 48	 => 277
 64 67 4 18 46 77	 => 276
 21 77 46 5 58 69	 => 276
 57 69 58 27 10 55	 => 276


===================[TEST 7]===================

##### START ##### Sat May 24 22:52:38 2003



##### CONVERGE ##### Sat May 24 23:13:41 2003

Elapsed time: 1263 seconds
Total loop: 128 generations

Result : 272.826

9 26 64 72 77 28 20 13 71 67 1 75 43 19 4 24 53 59 39 16 66 35 51 69 3 5 65 79 50 14 61 45 49 31 44 57 32 23 11 2 48 70 7 56 60 40 74 37 29 78 62 21 25 36 41 73 47 33 15 54 30 52 38 17 6 46 63 76 42 55 80 58 18 10 12 68 8 27 22 34 

 9 26 64 72 77 28	 => 276
 20 28 77 13 71 67	 => 276
 1 67 71 75 43 19	 => 276
 64 4 24 53 59 72	 => 276
 77 72 59 39 16 13	 => 276
 71 13 16 66 35 75	 => 276
 43 75 35 51 69 3	 => 276
 24 5 65 79 50 53	 => 276
 59 53 50 14 61 39	 => 276
 16 39 61 45 49 66	 => 276
 35 66 49 31 44 51	 => 276
 69 51 44 57 32 23	 => 276
 65 11 2 48 70 79	 => 275
 50 79 70 7 56 14	 => 276
 61 14 56 60 40 45	 => 276
 49 45 40 74 37 31	 => 276
 44 31 37 29 78 57	 => 276
 32 57 78 62 21 25	 => 275
 70 48 36 41 73 7	 => 275
 56 7 73 47 33 60	 => 276
 40 60 33 15 54 74	 => 276
 37 74 54 30 52 29	 => 276
 78 29 52 38 17 62	 => 276
 73 41 6 46 63 47	 => 276
 33 47 63 76 42 15	 => 276
 54 15 42 55 80 30	 => 276
 52 30 80 58 18 38	 => 276
 63 46 10 12 68 76	 => 275
 42 76 68 8 27 55	 => 276
 80 55 27 22 34 58	 => 276


===================[TEST 8]===================

##### START ##### Sat May 24 23:13:41 2003



##### CONVERGE ##### Sat May 24 23:29:20 2003

Elapsed time: 939 seconds
Total loop: 95 generations

Result : 272.836

38 2 57 68 76 34 23 30 46 66 35 70 52 6 17 20 77 36 32 33 47 49 37 56 11 4 80 50 44 15 71 18 74 29 39 72 61 10 8 24 53 60 28 78 14 79 54 21 63 51 40 25 26 16 45 73 27 55 42 31 41 65 43 13 7 59 64 69 19 75 67 58 1 9 12 62 3 48 22 5 

 38 2 57 68 76 34	 => 275
 23 34 76 30 46 66	 => 275
 35 66 46 70 52 6	 => 275
 57 17 20 77 36 68	 => 275
 76 68 36 32 33 30	 => 275
 46 30 33 47 49 70	 => 275
 52 70 49 37 56 11	 => 275
 20 4 80 50 44 77	 => 275
 36 77 44 15 71 32	 => 275
 33 32 71 18 74 47	 => 275
 49 47 74 29 39 37	 => 275
 56 37 39 72 61 10	 => 275
 80 8 24 53 60 50	 => 275
 44 50 60 28 78 15	 => 275
 71 15 78 14 79 18	 => 275
 74 18 79 54 21 29	 => 275
 39 29 21 63 51 72	 => 275
 61 72 51 40 25 26	 => 275
 60 53 16 45 73 28	 => 275
 78 28 73 27 55 14	 => 275
 79 14 55 42 31 54	 => 275
 21 54 31 41 65 63	 => 275
 51 63 65 43 13 40	 => 275
 73 45 7 59 64 27	 => 275
 55 27 64 69 19 42	 => 276
 31 42 19 75 67 41	 => 275
 65 41 67 58 1 43	 => 275
 64 59 9 12 62 69	 => 275
 19 69 62 3 48 75	 => 276
 67 75 48 22 5 58	 => 275


===================[TEST 9]===================

##### START ##### Sat May 24 23:29:20 2003



##### CONVERGE ##### Sat May 24 23:53:05 2003

Elapsed time: 1425 seconds
Total loop: 144 generations

Result : 274.826

15 16 69 77 45 55 19 22 70 67 10 78 41 12 6 37 38 51 50 33 31 44 75 36 4 28 64 65 46 40 53 43 68 18 42 62 60 2 14 3 58 74 26 27 52 63 66 20 57 79 56 8 13 5 35 80 32 61 7 29 59 47 30 9 11 48 72 71 34 73 76 49 17 23 39 25 21 54 24 1 

 15 16 69 77 45 55	 => 277
 19 55 45 22 70 67	 => 278
 10 67 70 78 41 12	 => 278
 69 6 37 38 51 77	 => 278
 45 77 51 50 33 22	 => 278
 70 22 33 31 44 78	 => 278
 41 78 44 75 36 4	 => 278
 37 28 64 65 46 38	 => 278
 51 38 46 40 53 50	 => 278
 33 50 53 43 68 31	 => 278
 44 31 68 18 42 75	 => 278
 36 75 42 62 60 2	 => 277
 64 14 3 58 74 65	 => 278
 46 65 74 26 27 40	 => 278
 53 40 27 52 63 43	 => 278
 68 43 63 66 20 18	 => 278
 42 18 20 57 79 62	 => 278
 60 62 79 56 8 13	 => 278
 74 58 5 35 80 26	 => 278
 27 26 80 32 61 52	 => 278
 63 52 61 7 29 66	 => 278
 20 66 29 59 47 57	 => 278
 79 57 47 30 9 56	 => 278
 80 35 11 48 72 32	 => 278
 61 32 72 71 34 7	 => 277
 29 7 34 73 76 59	 => 278
 47 59 76 49 17 30	 => 278
 72 48 23 39 25 71	 => 278
 34 71 25 21 54 73	 => 278
 76 73 54 24 1 49	 => 277


===================[TEST 10]===================

##### START ##### Sat May 24 23:53:05 2003



##### CONVERGE ##### Sun May 25 00:20:04 2003

Elapsed time: 1619 seconds
Total loop: 164 generations

Result : 274.833

21 16 65 76 69 31 13 15 71 79 9 67 51 1 2 19 70 46 39 34 25 66 60 23 11 22 59 78 30 38 55 62 64 18 45 75 72 3 12 8 41 80 42 10 63 50 48 36 52 53 47 5 27 6 33 77 37 49 28 40 44 58 54 14 7 68 56 73 35 74 57 61 4 20 32 29 24 43 26 17 

 21 16 65 76 69 31	 => 278
 13 31 69 15 71 79	 => 278
 9 79 71 67 51 1	 => 278
 65 2 19 70 46 76	 => 278
 69 76 46 39 34 15	 => 279
 71 15 34 25 66 67	 => 278
 51 67 66 60 23 11	 => 278
 19 22 59 78 30 70	 => 278
 46 70 30 38 55 39	 => 278
 34 39 55 62 64 25	 => 279
 66 25 64 18 45 60	 => 278
 23 60 45 75 72 3	 => 278
 59 12 8 41 80 78	 => 278
 30 78 80 42 10 38	 => 278
 55 38 10 63 50 62	 => 278
 64 62 50 48 36 18	 => 278
 45 18 36 52 53 75	 => 279
 72 75 53 47 5 27	 => 279
 80 41 6 33 77 42	 => 279
 10 42 77 37 49 63	 => 278
 50 63 49 28 40 48	 => 278
 36 48 40 44 58 52	 => 278
 53 52 58 54 14 47	 => 278
 77 33 7 68 56 37	 => 278
 49 37 56 73 35 28	 => 278
 40 28 35 74 57 44	 => 278
 58 44 57 61 4 54	 => 278
 56 68 20 32 29 73	 => 278
 35 73 29 24 43 74	 => 278
 57 74 43 26 17 61	 => 278


===================[TEST 11]===================

##### START ##### Sun May 25 00:20:04 2003



##### CONVERGE ##### Sun May 25 00:37:33 2003

Elapsed time: 1049 seconds
Total loop: 106 generations

Result : 273.56

16 12 76 73 64 36 2 23 77 75 3 50 62 10 9 14 48 57 29 31 43 54 74 24 13 37 63 49 66 21 56 67 52 22 32 79 51 17 7 18 72 68 33 40 65 28 61 47 39 58 53 20 15 4 41 59 34 46 42 35 25 71 45 11 5 78 60 70 26 69 80 55 1 6 19 44 30 38 8 27 

 16 12 76 73 64 36	 => 277
 2 36 64 23 77 75	 => 277
 3 75 77 50 62 10	 => 277
 76 9 14 48 57 73	 => 277
 64 73 57 29 31 23	 => 277
 77 23 31 43 54 50	 => 278
 62 50 54 74 24 13	 => 277
 14 37 63 49 66 48	 => 277
 57 48 66 21 56 29	 => 277
 31 29 56 67 52 43	 => 278
 54 43 52 22 32 74	 => 277
 24 74 32 79 51 17	 => 277
 63 7 18 72 68 49	 => 277
 66 49 68 33 40 21	 => 277
 56 21 40 65 28 67	 => 277
 52 67 28 61 47 22	 => 277
 32 22 47 39 58 79	 => 277
 51 79 58 53 20 15	 => 276
 68 72 4 41 59 33	 => 277
 40 33 59 34 46 65	 => 277
 28 65 46 42 35 61	 => 277
 47 61 35 25 71 39	 => 278
 58 39 71 45 11 53	 => 277
 59 41 5 78 60 34	 => 277
 46 34 60 70 26 42	 => 278
 35 42 26 69 80 25	 => 277
 71 25 80 55 1 45	 => 277
 60 78 6 19 44 70	 => 277
 26 70 44 30 38 69	 => 277
 80 69 38 8 27 55	 => 277


===================[TEST 12]===================

##### START ##### Sun May 25 00:37:33 2003



##### CONVERGE ##### Sun May 25 00:58:34 2003

Elapsed time: 1261 seconds
Total loop: 125 generations

Result : 273.984

30 11 38 80 44 75 10 34 59 56 25 62 74 2 9 33 60 58 26 35 46 42 65 32 3 8 55 73 49 22 63 50 57 31 37 78 39 27 15 17 66 52 69 12 54 76 43 21 41 70 68 7 16 4 20 67 40 36 24 45 48 79 6 14 28 51 72 77 29 71 61 64 19 18 13 47 1 53 23 5 

 30 11 38 80 44 75	 => 278
 10 75 44 34 59 56	 => 278
 25 56 59 62 74 2	 => 278
 38 9 33 60 58 80	 => 278
 44 80 58 26 35 34	 => 277
 59 34 35 46 42 62	 => 278
 74 62 42 65 32 3	 => 278
 33 8 55 73 49 60	 => 278
 58 60 49 22 63 26	 => 278
 35 26 63 50 57 46	 => 277
 42 46 57 31 37 65	 => 278
 32 65 37 78 39 27	 => 278
 55 15 17 66 52 73	 => 278
 49 73 52 69 12 22	 => 277
 63 22 12 54 76 50	 => 277
 57 50 76 43 21 31	 => 278
 37 31 21 41 70 78	 => 278
 39 78 70 68 7 16	 => 278
 52 66 4 20 67 69	 => 278
 12 69 67 40 36 54	 => 278
 76 54 36 24 45 43	 => 278
 21 43 45 48 79 41	 => 277
 70 41 79 6 14 68	 => 278
 67 20 28 51 72 40	 => 278
 36 40 72 77 29 24	 => 278
 45 24 29 71 61 48	 => 278
 79 48 61 64 19 6	 => 277
 72 51 18 13 47 77	 => 278
 29 77 47 1 53 71	 => 278
 61 71 53 23 5 64	 => 277


===================[TEST 13]===================

##### START ##### Sun May 25 00:58:34 2003



##### CONVERGE ##### Sun May 25 01:28:41 2003

Elapsed time: 1807 seconds
Total loop: 164 generations

Result : 275.691

28 14 32 68 56 80 8 33 66 34 13 74 75 16 5 48 53 72 38 11 54 40 55 24 10 12 60 76 29 25 61 45 69 19 42 77 59 21 3 23 46 70 52 26 64 57 41 47 31 62 67 9 4 20 39 51 27 58 22 36 44 79 37 2 17 73 71 65 35 78 63 49 6 18 1 50 7 43 15 30 

 28 14 32 68 56 80	 => 278
 8 80 56 33 66 34	 => 277
 13 34 66 74 75 16	 => 278
 32 5 48 53 72 68	 => 278
 56 68 72 38 11 33	 => 278
 66 33 11 54 40 74	 => 278
 75 74 40 55 24 10	 => 278
 48 12 60 76 29 53	 => 278
 72 53 29 25 61 38	 => 278
 11 38 61 45 69 54	 => 278
 40 54 69 19 42 55	 => 279
 24 55 42 77 59 21	 => 278
 60 3 23 46 70 76	 => 278
 29 76 70 52 26 25	 => 278
 61 25 26 64 57 45	 => 278
 69 45 57 41 47 19	 => 278
 42 19 47 31 62 77	 => 278
 59 77 62 67 9 4	 => 278
 70 46 20 39 51 52	 => 278
 26 52 51 27 58 64	 => 278
 57 64 58 22 36 41	 => 278
 47 41 36 44 79 31	 => 278
 62 31 79 37 2 67	 => 278
 51 39 17 73 71 27	 => 278
 58 27 71 65 35 22	 => 278
 36 22 35 78 63 44	 => 278
 79 44 63 49 6 37	 => 278
 71 73 18 1 50 65	 => 278
 35 65 50 7 43 78	 => 278
 63 78 43 15 30 49	 => 278


===================[TEST 14]===================

##### START ##### Sun May 25 01:28:41 2003



##### CONVERGE ##### Sun May 25 01:44:39 2003

Elapsed time: 958 seconds
Total loop: 94 generations

Result : 273.836

19 7 31 64 80 75 9 6 79 27 11 66 73 20 30 36 74 41 61 24 56 45 62 28 2 5 55 72 34 49 17 78 40 13 60 70 44 12 39 26 25 59 48 15 46 71 42 32 50 51 57 37 18 14 54 76 23 68 16 33 52 67 43 8 1 53 69 65 35 77 63 47 4 29 22 38 3 58 21 10 

 19 7 31 64 80 75	 => 276
 9 75 80 6 79 27	 => 276
 11 27 79 66 73 20	 => 276
 31 30 36 74 41 64	 => 276
 80 64 41 61 24 6	 => 276
 79 6 24 56 45 66	 => 276
 73 66 45 62 28 2	 => 276
 36 5 55 72 34 74	 => 276
 41 74 34 49 17 61	 => 276
 24 61 17 78 40 56	 => 276
 45 56 40 13 60 62	 => 276
 28 62 60 70 44 12	 => 276
 55 39 26 25 59 72	 => 276
 34 72 59 48 15 49	 => 277
 17 49 15 46 71 78	 => 276
 40 78 71 42 32 13	 => 276
 60 13 32 50 51 70	 => 276
 44 70 51 57 37 18	 => 277
 59 25 14 54 76 48	 => 276
 15 48 76 23 68 46	 => 276
 71 46 68 16 33 42	 => 276
 32 42 33 52 67 50	 => 276
 51 50 67 43 8 57	 => 276
 76 54 1 53 69 23	 => 276
 68 23 69 65 35 16	 => 276
 33 16 35 77 63 52	 => 276
 67 52 63 47 4 43	 => 276
 69 53 29 22 38 65	 => 276
 35 65 38 3 58 77	 => 276
 63 77 58 21 10 47	 => 276


===================[TEST 15]===================

##### START ##### Sun May 25 01:44:39 2003



##### CONVERGE ##### Sun May 25 01:58:19 2003

Elapsed time: 820 seconds
Total loop: 81 generations

Result : 271.836

22 24 32 72 67 57 17 16 78 39 4 80 42 31 37 46 51 36 70 13 38 49 79 15 9 12 63 75 27 43 47 62 44 23 41 74 60 5 8 2 58 68 40 21 28 73 52 20 48 69 35 6 30 14 18 76 53 56 10 55 66 34 77 11 3 65 59 71 25 54 64 26 7 33 1 45 29 50 61 19 

 22 24 32 72 67 57	 => 274
 17 57 67 16 78 39	 => 274
 4 39 78 80 42 31	 => 274
 32 37 46 51 36 72	 => 274
 67 72 36 70 13 16	 => 274
 78 16 13 38 49 80	 => 274
 42 80 49 79 15 9	 => 274
 46 12 63 75 27 51	 => 274
 36 51 27 43 47 70	 => 274
 13 70 47 62 44 38	 => 274
 49 38 44 23 41 79	 => 274
 15 79 41 74 60 5	 => 274
 63 8 2 58 68 75	 => 274
 27 75 68 40 21 43	 => 274
 47 43 21 28 73 62	 => 274
 44 62 73 52 20 23	 => 274
 41 23 20 48 69 74	 => 275
 60 74 69 35 6 30	 => 274
 68 58 14 18 76 40	 => 274
 21 40 76 53 56 28	 => 274
 73 28 56 10 55 52	 => 274
 20 52 55 66 34 48	 => 275
 69 48 34 77 11 35	 => 274
 76 18 3 65 59 53	 => 274
 56 53 59 71 25 10	 => 274
 55 10 25 54 64 66	 => 274
 34 66 64 26 7 77	 => 274
 59 65 33 1 45 71	 => 274
 25 71 45 29 50 54	 => 274
 64 54 50 61 19 26	 => 274


===================[TEST 16]===================

##### START ##### Sun May 25 01:58:19 2003



##### CONVERGE ##### Sun May 25 02:16:46 2003

Elapsed time: 1107 seconds
Total loop: 112 generations

Result : 274.093

10 6 69 68 77 47 20 3 63 67 9 80 51 8 2 30 62 46 43 40 49 42 58 27 19 13 59 65 48 23 56 53 36 31 61 64 66 1 16 24 37 76 33 32 54 60 72 25 22 74 44 11 18 4 52 75 26 57 5 29 50 79 17 41 14 39 71 73 45 78 70 55 7 21 35 38 15 28 34 12 

 10 6 69 68 77 47	 => 277
 20 47 77 3 63 67	 => 277
 9 67 63 80 51 8	 => 278
 69 2 30 62 46 68	 => 277
 77 68 46 43 40 3	 => 277
 63 3 40 49 42 80	 => 277
 51 80 42 58 27 19	 => 277
 30 13 59 65 48 62	 => 277
 46 62 48 23 56 43	 => 278
 40 43 56 53 36 49	 => 277
 42 49 36 31 61 58	 => 277
 27 58 61 64 66 1	 => 277
 59 16 24 37 76 65	 => 277
 48 65 76 33 32 23	 => 277
 56 23 32 54 60 53	 => 278
 36 53 60 72 25 31	 => 277
 61 31 25 22 74 64	 => 277
 66 64 74 44 11 18	 => 277
 76 37 4 52 75 33	 => 277
 32 33 75 26 57 54	 => 277
 60 54 57 5 29 72	 => 277
 25 72 29 50 79 22	 => 277
 74 22 79 17 41 44	 => 277
 75 52 14 39 71 26	 => 277
 57 26 71 73 45 5	 => 277
 29 5 45 78 70 50	 => 277
 79 50 70 55 7 17	 => 278
 71 39 21 35 38 73	 => 277
 45 73 38 15 28 78	 => 277
 70 78 28 34 12 55	 => 277


===================[TEST 17]===================

##### START ##### Sun May 25 02:16:46 2003



##### CONVERGE ##### Sun May 25 02:29:39 2003

Elapsed time: 773 seconds
Total loop: 78 generations

Result : 271.622

24 26 44 67 74 40 16 21 75 49 45 59 33 14 17 50 65 32 54 27 37 56 70 48 9 13 51 68 28 63 34 47 76 30 7 80 62 8 35 5 78 38 42 36 73 23 57 43 46 69 60 1 3 6 58 53 31 41 52 29 39 61 22 18 12 66 55 77 19 72 64 79 10 2 4 71 11 25 20 15 

 24 26 44 67 74 40	 => 275
 16 40 74 21 75 49	 => 275
 45 49 75 59 33 14	 => 275
 44 17 50 65 32 67	 => 275
 74 67 32 54 27 21	 => 275
 75 21 27 37 56 59	 => 275
 33 59 56 70 48 9	 => 275
 50 13 51 68 28 65	 => 275
 32 65 28 63 34 54	 => 276
 27 54 34 47 76 37	 => 275
 56 37 76 30 7 70	 => 276
 48 70 7 80 62 8	 => 275
 51 35 5 78 38 68	 => 275
 28 68 38 42 36 63	 => 275
 34 63 36 73 23 47	 => 276
 76 47 23 57 43 30	 => 276
 7 30 43 46 69 80	 => 275
 62 80 69 60 1 3	 => 275
 38 78 6 58 53 42	 => 275
 36 42 53 31 41 73	 => 276
 23 73 41 52 29 57	 => 275
 43 57 29 39 61 46	 => 275
 69 46 61 22 18 60	 => 276
 53 58 12 66 55 31	 => 275
 41 31 55 77 19 52	 => 275
 29 52 19 72 64 39	 => 275
 61 39 64 79 10 22	 => 275
 55 66 2 4 71 77	 => 275
 19 77 71 11 25 72	 => 275
 64 72 25 20 15 79	 => 275


===================[TEST 18]===================

##### START ##### Sun May 25 02:29:39 2003



##### CONVERGE ##### Sun May 25 02:48:24 2003

Elapsed time: 1125 seconds
Total loop: 114 generations

Result : 274.5

20 15 26 78 75 63 4 13 77 46 14 64 60 17 11 24 74 65 18 29 55 40 49 43 22 8 62 68 42 31 48 57 71 7 56 69 58 2 23 5 54 66 35 36 52 53 51 39 37 70 61 1 19 6 67 50 45 59 33 30 41 80 27 3 10 34 72 44 25 73 76 38 16 28 21 79 9 47 32 12 

 20 15 26 78 75 63	 => 277
 4 63 75 13 77 46	 => 278
 14 46 77 64 60 17	 => 278
 26 11 24 74 65 78	 => 278
 75 78 65 18 29 13	 => 278
 77 13 29 55 40 64	 => 278
 60 64 40 49 43 22	 => 278
 24 8 62 68 42 74	 => 278
 65 74 42 31 48 18	 => 278
 29 18 48 57 71 55	 => 278
 40 55 71 7 56 49	 => 278
 43 49 56 69 58 2	 => 277
 62 23 5 54 66 68	 => 278
 42 68 66 35 36 31	 => 278
 48 31 36 52 53 57	 => 277
 71 57 53 51 39 7	 => 278
 56 7 39 37 70 69	 => 278
 58 69 70 61 1 19	 => 278
 66 54 6 67 50 35	 => 278
 36 35 50 45 59 52	 => 277
 53 52 59 33 30 51	 => 278
 39 51 30 41 80 37	 => 278
 70 37 80 27 3 61	 => 278
 50 67 10 34 72 45	 => 278
 59 45 72 44 25 33	 => 278
 30 33 25 73 76 41	 => 278
 80 41 76 38 16 27	 => 278
 72 34 28 21 79 44	 => 278
 25 44 79 9 47 73	 => 277
 76 73 47 32 12 38	 => 278


===================[TEST 19]===================

##### START ##### Sun May 25 02:48:24 2003


