****************** GA TEST *******************

total test#:			 100
hexa min width:			 3
hexa max width:			 6
hexa count:			 30
number count:			 80
population size:		 200
generation size:		 60

tournament winner p:		 1
do xover p:			 1
xover:				 2points
do mutation1 p:			 0.1
mutation1 p:			 0.05
do optimize p:			 0.96
local optimize count:		 30000
do deep better optimize p:	 1
do deep worse optimize p:	 0
do spin p:			 0
spin count:			 1000
do spin apply p:		 1
do mutation2 p:			 0.12
mutation2 p:			 0.08
force mutation2:		 0
replace bad p:			 0.195

converge rate p:		 0.99
converge count:			 5

**********************************************


===================[TEST 1]===================

##### START ##### Sun May 25 02:57:00 2003



##### CONVERGE ##### Sun May 25 03:12:58 2003

Elapsed time: 958 seconds
Total loop: 194 generations

Result : 275.417

11 29 47 79 53 59 12 22 77 55 15 56 72 3 5 23 67 57 36 31 60 32 65 34 19 27 51 70 40 30 48 66 37 35 49 50 74 6 18 10 54 76 42 20 62 52 61 28 38 78 63 9 4 14 21 71 58 25 45 33 43 75 24 1 16 44 68 69 13 80 64 46 26 17 39 41 2 73 7 8 

 11 29 47 79 53 59	 => 278
 12 59 53 22 77 55	 => 278
 15 55 77 56 72 3	 => 278
 47 5 23 67 57 79	 => 278
 53 79 57 36 31 22	 => 278
 77 22 31 60 32 56	 => 278
 72 56 32 65 34 19	 => 278
 23 27 51 70 40 67	 => 278
 57 67 40 30 48 36	 => 278
 31 36 48 66 37 60	 => 278
 32 60 37 35 49 65	 => 278
 34 65 49 50 74 6	 => 278
 51 18 10 54 76 70	 => 279
 40 70 76 42 20 30	 => 278
 48 30 20 62 52 66	 => 278
 37 66 52 61 28 35	 => 279
 49 35 28 38 78 50	 => 278
 74 50 78 63 9 4	 => 278
 76 54 14 21 71 42	 => 278
 20 42 71 58 25 62	 => 278
 52 62 25 45 33 61	 => 278
 28 61 33 43 75 38	 => 278
 78 38 75 24 1 63	 => 279
 71 21 16 44 68 58	 => 278
 25 58 68 69 13 45	 => 278
 33 45 13 80 64 43	 => 278
 75 43 64 46 26 24	 => 278
 68 44 17 39 41 69	 => 278
 13 69 41 2 73 80	 => 278
 64 80 73 7 8 46	 => 278


===================[TEST 2]===================

##### START ##### Sun May 25 03:12:58 2003



##### CONVERGE ##### Sun May 25 03:26:02 2003

Elapsed time: 784 seconds
Total loop: 158 generations

Result : 273.093

18 5 65 74 60 54 11 37 79 35 17 66 70 9 14 15 78 31 47 27 43 24 62 42 13 10 76 77 20 28 72 29 59 50 38 67 45 22 2 1 49 71 36 44 51 52 80 6 48 68 73 4 19 34 23 63 56 26 21 46 55 41 30 16 7 69 58 75 40 53 61 64 25 3 32 39 12 57 33 8 

 18 5 65 74 60 54	 => 276
 11 54 60 37 79 35	 => 276
 17 35 79 66 70 9	 => 276
 65 14 15 78 31 74	 => 277
 60 74 31 47 27 37	 => 276
 79 37 27 43 24 66	 => 276
 70 66 24 62 42 13	 => 277
 15 10 76 77 20 78	 => 276
 31 78 20 28 72 47	 => 276
 27 47 72 29 59 43	 => 277
 24 43 59 50 38 62	 => 276
 42 62 38 67 45 22	 => 276
 76 2 1 49 71 77	 => 276
 20 77 71 36 44 28	 => 276
 72 28 44 51 52 29	 => 276
 59 29 52 80 6 50	 => 276
 38 50 6 48 68 67	 => 277
 45 67 68 73 4 19	 => 276
 71 49 34 23 63 36	 => 276
 44 36 63 56 26 51	 => 276
 52 51 26 21 46 80	 => 276
 6 80 46 55 41 48	 => 276
 68 48 41 30 16 73	 => 276
 63 23 7 69 58 56	 => 276
 26 56 58 75 40 21	 => 276
 46 21 40 53 61 55	 => 276
 41 55 61 64 25 30	 => 276
 58 69 3 32 39 75	 => 276
 40 75 39 12 57 53	 => 276
 61 53 57 33 8 64	 => 276


===================[TEST 3]===================

##### START ##### Sun May 25 03:26:02 2003



##### CONVERGE ##### Sun May 25 03:38:54 2003

Elapsed time: 772 seconds
Total loop: 157 generations

Result : 273.361

5 12 79 69 77 33 3 21 66 75 10 73 37 14 2 28 51 46 43 19 29 67 63 22 13 20 53 71 52 18 65 64 55 17 44 80 50 16 8 7 60 76 26 32 72 24 56 59 27 48 70 23 4 1 38 74 36 35 41 47 25 61 58 11 6 42 78 31 54 68 40 57 34 49 30 45 15 62 39 9 

 5 12 79 69 77 33	 => 275
 3 33 77 21 66 75	 => 275
 10 75 66 73 37 14	 => 275
 79 2 28 51 46 69	 => 275
 77 69 46 43 19 21	 => 275
 66 21 19 29 67 73	 => 275
 37 73 67 63 22 13	 => 275
 28 20 53 71 52 51	 => 275
 46 51 52 18 65 43	 => 275
 19 43 65 64 55 29	 => 275
 67 29 55 17 44 63	 => 275
 22 63 44 80 50 16	 => 275
 53 8 7 60 76 71	 => 275
 52 71 76 26 32 18	 => 275
 65 18 32 72 24 64	 => 275
 55 64 24 56 59 17	 => 275
 44 17 59 27 48 80	 => 275
 50 80 48 70 23 4	 => 275
 76 60 1 38 74 26	 => 275
 32 26 74 36 35 72	 => 275
 24 72 35 41 47 56	 => 275
 59 56 47 25 61 27	 => 275
 48 27 61 58 11 70	 => 275
 74 38 6 42 78 36	 => 274
 35 36 78 31 54 41	 => 275
 47 41 54 68 40 25	 => 275
 61 25 40 57 34 58	 => 275
 78 42 49 30 45 31	 => 275
 54 31 45 15 62 68	 => 275
 40 68 62 39 9 57	 => 275


===================[TEST 4]===================

##### START ##### Sun May 25 03:38:54 2003



##### CONVERGE ##### Sun May 25 03:51:58 2003

Elapsed time: 784 seconds
Total loop: 158 generations

Result : 272.56

17 25 53 79 29 73 1 41 80 52 6 45 74 19 12 39 49 44 60 23 33 54 71 28 4 24 37 77 51 14 58 68 34 64 20 78 66 13 9 16 65 72 42 21 59 56 22 31 36 47 48 27 10 2 38 57 35 62 8 69 43 75 40 30 15 55 76 70 26 67 63 50 5 3 11 61 7 46 32 18 

 17 25 53 79 29 73	 => 276
 1 73 29 41 80 52	 => 276
 6 52 80 45 74 19	 => 276
 53 12 39 49 44 79	 => 276
 29 79 44 60 23 41	 => 276
 80 41 23 33 54 45	 => 276
 74 45 54 71 28 4	 => 276
 39 24 37 77 51 49	 => 277
 44 49 51 14 58 60	 => 276
 23 60 58 68 34 33	 => 276
 54 33 34 64 20 71	 => 276
 28 71 20 78 66 13	 => 276
 37 9 16 65 72 77	 => 276
 51 77 72 42 21 14	 => 277
 58 14 21 59 56 68	 => 276
 34 68 56 22 31 64	 => 275
 20 64 31 36 47 78	 => 276
 66 78 47 48 27 10	 => 276
 72 65 2 38 57 42	 => 276
 21 42 57 35 62 59	 => 276
 56 59 62 8 69 22	 => 276
 31 22 69 43 75 36	 => 276
 47 36 75 40 30 48	 => 276
 57 38 15 55 76 35	 => 276
 62 35 76 70 26 8	 => 277
 69 8 26 67 63 43	 => 276
 75 43 63 50 5 40	 => 276
 76 55 3 11 61 70	 => 276
 26 70 61 7 46 67	 => 277
 63 67 46 32 18 50	 => 276


===================[TEST 5]===================

##### START ##### Sun May 25 03:51:58 2003



##### CONVERGE ##### Sun May 25 04:09:04 2003

Elapsed time: 1026 seconds
Total loop: 208 generations

Result : 272.691

13 5 54 53 80 70 17 8 76 24 30 78 58 9 11 36 61 60 55 19 45 49 59 29 2 14 73 63 28 15 56 79 21 32 69 51 64 3 23 12 27 77 44 48 34 43 67 33 16 74 35 20 31 10 75 42 39 68 18 46 41 72 52 26 6 66 47 65 37 62 71 38 1 22 25 50 4 57 40 7 

 13 5 54 53 80 70	 => 275
 17 70 80 8 76 24	 => 275
 30 24 76 78 58 9	 => 275
 54 11 36 61 60 53	 => 275
 80 53 60 55 19 8	 => 275
 76 8 19 45 49 78	 => 275
 58 78 49 59 29 2	 => 275
 36 14 73 63 28 61	 => 275
 60 61 28 15 56 55	 => 275
 19 55 56 79 21 45	 => 275
 49 45 21 32 69 59	 => 275
 29 59 69 51 64 3	 => 275
 73 23 12 27 77 63	 => 275
 28 63 77 44 48 15	 => 275
 56 15 48 34 43 79	 => 275
 21 79 43 67 33 32	 => 275
 69 32 33 16 74 51	 => 275
 64 51 74 35 20 31	 => 275
 77 27 10 75 42 44	 => 275
 48 44 42 39 68 34	 => 275
 43 34 68 18 46 67	 => 276
 33 67 46 41 72 16	 => 275
 74 16 72 52 26 35	 => 275
 42 75 6 66 47 39	 => 275
 68 39 47 65 37 18	 => 274
 46 18 37 62 71 41	 => 275
 72 41 71 38 1 52	 => 275
 47 66 22 25 50 65	 => 275
 37 65 50 4 57 62	 => 275
 71 62 57 40 7 38	 => 275


===================[TEST 6]===================

##### START ##### Sun May 25 04:09:04 2003



##### CONVERGE ##### Sun May 25 04:32:19 2003

Elapsed time: 1395 seconds
Total loop: 282 generations

Result : 272.56

15 22 62 39 59 79 4 3 69 63 13 58 65 8 10 50 68 47 55 73 28 45 60 42 7 12 52 77 17 35 54 34 33 53 57 44 71 2 20 1 46 80 37 30 56 67 66 23 48 51 78 18 14 16 25 72 43 38 9 40 36 64 29 6 5 61 70 75 41 76 74 49 24 11 26 32 21 31 27 19 

 15 22 62 39 59 79	 => 276
 4 79 59 3 69 63	 => 277
 13 63 69 58 65 8	 => 276
 62 10 50 68 47 39	 => 276
 59 39 47 55 73 3	 => 276
 69 3 73 28 45 58	 => 276
 65 58 45 60 42 7	 => 277
 50 12 52 77 17 68	 => 276
 47 68 17 35 54 55	 => 276
 73 55 54 34 33 28	 => 277
 45 28 33 53 57 60	 => 276
 42 60 57 44 71 2	 => 276
 52 20 1 46 80 77	 => 276
 17 77 80 37 30 35	 => 276
 54 35 30 56 67 34	 => 276
 33 34 67 66 23 53	 => 276
 57 53 23 48 51 44	 => 276
 71 44 51 78 18 14	 => 276
 80 46 16 25 72 37	 => 276
 30 37 72 43 38 56	 => 276
 67 56 38 9 40 66	 => 276
 23 66 40 36 64 48	 => 277
 51 48 64 29 6 78	 => 276
 72 25 5 61 70 43	 => 276
 38 43 70 75 41 9	 => 276
 40 9 41 76 74 36	 => 276
 64 36 74 49 24 29	 => 276
 70 61 11 26 32 75	 => 275
 41 75 32 21 31 76	 => 276
 74 76 31 27 19 49	 => 276


===================[TEST 7]===================

##### START ##### Sun May 25 04:32:19 2003



##### CONVERGE ##### Sun May 25 04:49:18 2003

Elapsed time: 1019 seconds
Total loop: 206 generations

Result : 274.417

10 12 55 78 63 59 8 33 80 34 6 75 62 20 2 52 67 23 51 29 36 24 77 30 9 15 71 40 32 35 69 38 54 49 37 72 47 14 19 4 64 79 43 48 42 46 73 17 50 53 68 26 11 28 22 41 65 39 16 61 31 45 58 3 13 60 76 56 25 74 70 66 7 1 27 57 21 44 5 18 

 10 12 55 78 63 59	 => 277
 8 59 63 33 80 34	 => 277
 6 34 80 75 62 20	 => 277
 55 2 52 67 23 78	 => 277
 63 78 23 51 29 33	 => 277
 80 33 29 36 24 75	 => 277
 62 75 24 77 30 9	 => 277
 52 15 71 40 32 67	 => 277
 23 67 32 35 69 51	 => 277
 29 51 69 38 54 36	 => 277
 24 36 54 49 37 77	 => 277
 30 77 37 72 47 14	 => 277
 71 19 4 64 79 40	 => 277
 32 40 79 43 48 35	 => 277
 69 35 48 42 46 38	 => 278
 54 38 46 73 17 49	 => 277
 37 49 17 50 53 72	 => 278
 47 72 53 68 26 11	 => 277
 79 64 28 22 41 43	 => 277
 48 43 41 65 39 42	 => 278
 46 42 39 16 61 73	 => 277
 17 73 61 31 45 50	 => 277
 53 50 45 58 3 68	 => 277
 41 22 13 60 76 65	 => 277
 39 65 76 56 25 16	 => 277
 61 16 25 74 70 31	 => 277
 45 31 70 66 7 58	 => 277
 76 60 1 27 57 56	 => 277
 25 56 57 21 44 74	 => 277
 70 74 44 5 18 66	 => 277


===================[TEST 8]===================

##### START ##### Sun May 25 04:49:18 2003



##### CONVERGE ##### Sun May 25 05:03:57 2003

Elapsed time: 879 seconds
Total loop: 178 generations

Result : 272.702

10 44 64 53 55 49 31 38 79 23 21 74 69 9 4 17 78 59 62 8 50 26 71 29 6 5 80 77 18 22 36 76 43 27 58 57 47 13 15 3 34 65 45 48 41 52 42 35 32 66 51 14 40 1 60 70 46 25 61 54 39 73 33 20 7 28 63 68 12 37 72 56 2 30 19 67 16 75 24 11 

 10 44 64 53 55 49	 => 275
 31 49 55 38 79 23	 => 275
 21 23 79 74 69 9	 => 275
 64 4 17 78 59 53	 => 275
 55 53 59 62 8 38	 => 275
 79 38 8 50 26 74	 => 275
 69 74 26 71 29 6	 => 275
 17 5 80 77 18 78	 => 275
 59 78 18 22 36 62	 => 275
 8 62 36 76 43 50	 => 275
 26 50 43 27 58 71	 => 275
 29 71 58 57 47 13	 => 275
 80 15 3 34 65 77	 => 274
 18 77 65 45 48 22	 => 275
 36 22 48 41 52 76	 => 275
 43 76 52 42 35 27	 => 275
 58 27 35 32 66 57	 => 275
 47 57 66 51 14 40	 => 275
 65 34 1 60 70 45	 => 275
 48 45 70 46 25 41	 => 275
 52 41 25 61 54 42	 => 275
 35 42 54 39 73 32	 => 275
 66 32 73 33 20 51	 => 275
 70 60 7 28 63 46	 => 274
 25 46 63 68 12 61	 => 275
 54 61 12 37 72 39	 => 275
 73 39 72 56 2 33	 => 275
 63 28 30 19 67 68	 => 275
 12 68 67 16 75 37	 => 275
 72 37 75 24 11 56	 => 275


===================[TEST 9]===================

##### START ##### Sun May 25 05:03:57 2003



##### CONVERGE ##### Sun May 25 05:20:55 2003

Elapsed time: 1018 seconds
Total loop: 207 generations

Result : 272.5

12 5 56 78 68 57 2 28 69 52 8 55 73 19 9 33 37 63 23 16 76 32 39 70 7 29 62 44 71 18 64 43 54 30 45 46 75 1 24 26 41 79 51 13 72 65 34 50 47 58 66 21 10 4 27 74 40 25 31 49 42 53 38 14 22 36 77 67 35 59 60 80 3 15 20 61 6 48 11 17 

 12 5 56 78 68 57	 => 276
 2 57 68 28 69 52	 => 276
 8 52 69 55 73 19	 => 276
 56 9 33 37 63 78	 => 276
 68 78 63 23 16 28	 => 276
 69 28 16 76 32 55	 => 276
 73 55 32 39 70 7	 => 276
 33 29 62 44 71 37	 => 276
 63 37 71 18 64 23	 => 276
 16 23 64 43 54 76	 => 276
 32 76 54 30 45 39	 => 276
 70 39 45 46 75 1	 => 276
 62 24 26 41 79 44	 => 276
 71 44 79 51 13 18	 => 276
 64 18 13 72 65 43	 => 275
 54 43 65 34 50 30	 => 276
 45 30 50 47 58 46	 => 276
 75 46 58 66 21 10	 => 276
 79 41 4 27 74 51	 => 276
 13 51 74 40 25 72	 => 275
 65 72 25 31 49 34	 => 276
 50 34 49 42 53 47	 => 275
 58 47 53 38 14 66	 => 276
 74 27 22 36 77 40	 => 276
 25 40 77 67 35 31	 => 275
 49 31 35 59 60 42	 => 276
 53 42 60 80 3 38	 => 276
 77 36 15 20 61 67	 => 276
 35 67 61 6 48 59	 => 276
 60 59 48 11 17 80	 => 275


===================[TEST 10]===================

##### START ##### Sun May 25 05:20:55 2003



##### CONVERGE ##### Sun May 25 05:30:46 2003

Elapsed time: 591 seconds
Total loop: 119 generations

Result : 270.778

19 22 32 79 50 72 1 14 76 62 7 56 69 4 3 48 43 70 29 33 59 37 26 57 30 5 65 67 47 23 63 20 71 28 54 80 55 2 10 6 73 53 60 25 66 78 44 34 40 39 75 8 18 9 49 31 68 24 21 41 51 64 45 12 13 52 61 74 27 77 58 46 11 35 15 38 17 42 16 36 

 19 22 32 79 50 72	 => 274
 1 72 50 14 76 62	 => 275
 7 62 76 56 69 4	 => 274
 32 3 48 43 70 79	 => 275
 50 79 70 29 33 14	 => 275
 76 14 33 59 37 56	 => 275
 69 56 37 26 57 30	 => 275
 48 5 65 67 47 43	 => 275
 70 43 47 23 63 29	 => 275
 33 29 63 20 71 59	 => 275
 37 59 71 28 54 26	 => 275
 57 26 54 80 55 2	 => 274
 65 10 6 73 53 67	 => 274
 47 67 53 60 25 23	 => 275
 63 23 25 66 78 20	 => 275
 71 20 78 44 34 28	 => 275
 54 28 34 40 39 80	 => 275
 55 80 39 75 8 18	 => 275
 53 73 9 49 31 60	 => 275
 25 60 31 68 24 66	 => 274
 78 66 24 21 41 44	 => 274
 34 44 41 51 64 40	 => 274
 39 40 64 45 12 75	 => 275
 31 49 13 52 61 68	 => 274
 24 68 61 74 27 21	 => 275
 41 21 27 77 58 51	 => 275
 64 51 58 46 11 45	 => 275
 61 52 35 15 38 74	 => 275
 27 74 38 17 42 77	 => 275
 58 77 42 16 36 46	 => 275


===================[TEST 11]===================

##### START ##### Sun May 25 05:30:46 2003



##### CONVERGE ##### Sun May 25 05:49:34 2003

Elapsed time: 1128 seconds
Total loop: 229 generations

Result : 274.222

35 2 44 75 53 69 7 48 49 52 16 77 62 22 9 43 65 42 34 26 57 21 80 25 13 5 72 64 29 41 67 63 31 50 39 73 58 3 6 30 36 70 55 19 56 32 78 24 38 54 71 20 1 15 28 74 40 33 51 27 45 66 37 12 14 60 61 76 17 59 79 46 4 10 23 47 11 68 18 8 

 35 2 44 75 53 69	 => 278
 7 69 53 48 49 52	 => 278
 16 52 49 77 62 22	 => 278
 44 9 43 65 42 75	 => 278
 53 75 42 34 26 48	 => 278
 49 48 26 57 21 77	 => 278
 62 77 21 80 25 13	 => 278
 43 5 72 64 29 65	 => 278
 42 65 29 41 67 34	 => 278
 26 34 67 63 31 57	 => 278
 21 57 31 50 39 80	 => 278
 25 80 39 73 58 3	 => 278
 72 6 30 36 70 64	 => 278
 29 64 70 55 19 41	 => 278
 67 41 19 56 32 63	 => 278
 31 63 32 78 24 50	 => 278
 39 50 24 38 54 73	 => 278
 58 73 54 71 20 1	 => 277
 70 36 15 28 74 55	 => 278
 19 55 74 40 33 56	 => 277
 32 56 33 51 27 78	 => 277
 24 78 27 45 66 38	 => 278
 54 38 66 37 12 71	 => 278
 74 28 14 60 61 40	 => 277
 33 40 61 76 17 51	 => 278
 27 51 17 59 79 45	 => 278
 66 45 79 46 4 37	 => 277
 61 60 10 23 47 76	 => 277
 17 76 47 11 68 59	 => 278
 79 59 68 18 8 46	 => 278


===================[TEST 12]===================

##### START ##### Sun May 25 05:49:34 2003



##### CONVERGE ##### Sun May 25 06:08:40 2003

Elapsed time: 1146 seconds
Total loop: 232 generations

Result : 276.217

17 12 42 72 70 66 1 24 71 47 3 74 73 10 19 41 75 30 69 13 62 34 64 27 7 5 43 80 35 44 26 61 48 31 40 56 78 14 11 23 57 65 33 22 58 68 46 25 60 67 52 8 18 9 38 77 50 39 32 36 53 59 37 4 15 45 54 76 28 51 79 49 2 29 20 55 6 63 21 16 

 17 12 42 72 70 66	 => 279
 1 66 70 24 71 47	 => 279
 3 47 71 74 73 10	 => 278
 42 19 41 75 30 72	 => 279
 70 72 30 69 13 24	 => 278
 71 24 13 62 34 74	 => 278
 73 74 34 64 27 7	 => 279
 41 5 43 80 35 75	 => 279
 30 75 35 44 26 69	 => 279
 13 69 26 61 48 62	 => 279
 34 62 48 31 40 64	 => 279
 27 64 40 56 78 14	 => 279
 43 11 23 57 65 80	 => 279
 35 80 65 33 22 44	 => 279
 26 44 22 58 68 61	 => 279
 48 61 68 46 25 31	 => 279
 40 31 25 60 67 56	 => 279
 78 56 67 52 8 18	 => 279
 65 57 9 38 77 33	 => 279
 22 33 77 50 39 58	 => 279
 68 58 39 32 36 46	 => 279
 25 46 36 53 59 60	 => 279
 67 60 59 37 4 52	 => 279
 77 38 15 45 54 50	 => 279
 39 50 54 76 28 32	 => 279
 36 32 28 51 79 53	 => 279
 59 53 79 49 2 37	 => 279
 54 45 29 20 55 76	 => 279
 28 76 55 6 63 51	 => 279
 79 51 63 21 16 49	 => 279


===================[TEST 13]===================

##### START ##### Sun May 25 06:08:40 2003



##### CONVERGE ##### Sun May 25 06:28:20 2003

Elapsed time: 1180 seconds
Total loop: 238 generations

Result : 275.154

13 8 73 61 68 55 6 39 45 65 33 79 35 20 4 27 75 38 57 15 54 46 63 52 3 12 49 74 41 31 36 72 44 37 34 59 56 14 2 23 53 77 30 25 43 71 26 28 51 69 48 22 24 17 21 80 40 60 32 47 62 64 29 16 9 50 78 67 1 66 70 42 11 18 7 58 10 76 5 19 

 13 8 73 61 68 55	 => 278
 6 55 68 39 45 65	 => 278
 33 65 45 79 35 20	 => 277
 73 4 27 75 38 61	 => 278
 68 61 38 57 15 39	 => 278
 45 39 15 54 46 79	 => 278
 35 79 46 63 52 3	 => 278
 27 12 49 74 41 75	 => 278
 38 75 41 31 36 57	 => 278
 15 57 36 72 44 54	 => 278
 46 54 44 37 34 63	 => 278
 52 63 34 59 56 14	 => 278
 49 2 23 53 77 74	 => 278
 41 74 77 30 25 31	 => 278
 36 31 25 43 71 72	 => 278
 44 72 71 26 28 37	 => 278
 34 37 28 51 69 59	 => 278
 56 59 69 48 22 24	 => 278
 77 53 17 21 80 30	 => 278
 25 30 80 40 60 43	 => 278
 71 43 60 32 47 26	 => 279
 28 26 47 62 64 51	 => 278
 69 51 64 29 16 48	 => 277
 80 21 9 50 78 40	 => 278
 60 40 78 67 1 32	 => 278
 47 32 1 66 70 62	 => 278
 64 62 70 42 11 29	 => 278
 78 50 18 7 58 67	 => 278
 1 67 58 10 76 66	 => 278
 70 66 76 5 19 42	 => 278


===================[TEST 14]===================

##### START ##### Sun May 25 06:28:20 2003



##### CONVERGE ##### Sun May 25 06:47:14 2003

Elapsed time: 1134 seconds
Total loop: 230 generations

Result : 274.221

11 3 74 75 70 44 1 37 46 79 15 76 53 8 10 21 68 30 40 25 41 52 61 29 6 14 58 71 45 22 73 65 33 59 31 48 57 51 2 23 43 80 39 20 55 42 50 28 34 77 56 13 26 17 32 66 47 49 19 62 36 67 27 16 18 54 60 78 24 64 72 63 12 9 7 69 4 38 35 5 

 11 3 74 75 70 44	 => 277
 1 44 70 37 46 79	 => 277
 15 79 46 76 53 8	 => 277
 74 10 21 68 30 75	 => 278
 70 75 30 40 25 37	 => 277
 46 37 25 41 52 76	 => 277
 53 76 52 61 29 6	 => 277
 21 14 58 71 45 68	 => 277
 30 68 45 22 73 40	 => 278
 25 40 73 65 33 41	 => 277
 52 41 33 59 31 61	 => 277
 29 61 31 48 57 51	 => 277
 58 2 23 43 80 71	 => 277
 45 71 80 39 20 22	 => 277
 73 22 20 55 42 65	 => 277
 33 65 42 50 28 59	 => 277
 31 59 28 34 77 48	 => 277
 57 48 77 56 13 26	 => 277
 80 43 17 32 66 39	 => 277
 20 39 66 47 49 55	 => 276
 42 55 49 19 62 50	 => 277
 28 50 62 36 67 34	 => 277
 77 34 67 27 16 56	 => 277
 66 32 18 54 60 47	 => 277
 49 47 60 78 24 19	 => 277
 62 19 24 64 72 36	 => 277
 67 36 72 63 12 27	 => 277
 60 54 9 7 69 78	 => 277
 24 78 69 4 38 64	 => 277
 72 64 38 35 5 63	 => 277


===================[TEST 15]===================

##### START ##### Sun May 25 06:47:14 2003



##### CONVERGE ##### Sun May 25 07:04:32 2003

Elapsed time: 1038 seconds
Total loop: 210 generations

Result : 275.428

19 17 59 74 79 29 4 30 62 73 3 78 55 6 1 39 71 34 36 24 46 37 52 40 15 7 61 76 23 41 72 35 64 18 60 57 54 14 42 9 45 44 80 13 51 65 69 26 48 68 77 5 16 20 38 50 56 27 32 33 58 43 31 10 11 47 75 66 21 63 70 67 8 12 28 49 25 53 22 2 

 19 17 59 74 79 29	 => 277
 4 29 79 30 62 73	 => 277
 3 73 62 78 55 6	 => 277
 59 1 39 71 34 74	 => 278
 79 74 34 36 24 30	 => 277
 62 30 24 46 37 78	 => 277
 55 78 37 52 40 15	 => 277
 39 7 61 76 23 71	 => 277
 34 71 23 41 72 36	 => 277
 24 36 72 35 64 46	 => 277
 37 46 64 18 60 52	 => 277
 40 52 60 57 54 14	 => 277
 61 42 9 45 44 76	 => 277
 23 76 44 80 13 41	 => 277
 72 41 13 51 65 35	 => 277
 64 35 65 69 26 18	 => 277
 60 18 26 48 68 57	 => 277
 54 57 68 77 5 16	 => 277
 44 45 20 38 50 80	 => 277
 13 80 50 56 27 51	 => 277
 65 51 27 32 33 69	 => 277
 26 69 33 58 43 48	 => 277
 68 48 43 31 10 77	 => 277
 50 38 11 47 75 56	 => 277
 27 56 75 66 21 32	 => 277
 33 32 21 63 70 58	 => 277
 43 58 70 67 8 31	 => 277
 75 47 12 28 49 66	 => 277
 21 66 49 25 53 63	 => 277
 70 63 53 22 2 67	 => 277


===================[TEST 16]===================

##### START ##### Sun May 25 07:04:32 2003



##### CONVERGE ##### Sun May 25 07:27:05 2003

Elapsed time: 1353 seconds
Total loop: 274 generations

Result : 275.154

8 4 72 77 79 38 20 10 71 60 7 64 59 17 3 16 68 42 36 34 46 53 66 25 11 21 58 52 63 29 40 80 43 26 44 55 74 14 22 28 56 62 37 35 54 39 67 23 57 73 47 2 27 15 30 78 33 41 45 32 48 51 31 19 6 61 70 76 13 65 75 49 24 9 12 50 5 69 18 1 

 8 4 72 77 79 38	 => 278
 20 38 79 10 71 60	 => 278
 7 60 71 64 59 17	 => 278
 72 3 16 68 42 77	 => 278
 79 77 42 36 34 10	 => 278
 71 10 34 46 53 64	 => 278
 59 64 53 66 25 11	 => 278
 16 21 58 52 63 68	 => 278
 42 68 63 29 40 36	 => 278
 34 36 40 80 43 46	 => 279
 53 46 43 26 44 66	 => 278
 25 66 44 55 74 14	 => 278
 58 22 28 56 62 52	 => 278
 63 52 62 37 35 29	 => 278
 40 29 35 54 39 80	 => 277
 43 80 39 67 23 26	 => 278
 44 26 23 57 73 55	 => 278
 74 55 73 47 2 27	 => 278
 62 56 15 30 78 37	 => 278
 35 37 78 33 41 54	 => 278
 39 54 41 45 32 67	 => 278
 23 67 32 48 51 57	 => 278
 73 57 51 31 19 47	 => 278
 78 30 6 61 70 33	 => 278
 41 33 70 76 13 45	 => 278
 32 45 13 65 75 48	 => 278
 51 48 75 49 24 31	 => 278
 70 61 9 12 50 76	 => 278
 13 76 50 5 69 65	 => 278
 75 65 69 18 1 49	 => 277


===================[TEST 17]===================

##### START ##### Sun May 25 07:27:05 2003



##### CONVERGE ##### Sun May 25 07:39:09 2003

Elapsed time: 724 seconds
Total loop: 147 generations

Result : 274.45

3 18 68 56 71 62 4 49 74 19 14 65 75 31 5 34 79 36 43 24 44 23 64 40 11 8 69 63 25 38 57 30 80 35 32 66 61 15 9 7 53 77 33 42 54 58 50 26 41 78 46 1 27 10 29 76 51 22 39 55 48 59 37 17 2 47 73 72 21 45 70 52 12 20 6 60 13 67 16 28 

 3 18 68 56 71 62	 => 278
 4 62 71 49 74 19	 => 279
 14 19 74 65 75 31	 => 278
 68 5 34 79 36 56	 => 278
 71 56 36 43 24 49	 => 279
 74 49 24 44 23 65	 => 279
 75 65 23 64 40 11	 => 278
 34 8 69 63 25 79	 => 278
 36 79 25 38 57 43	 => 278
 24 43 57 30 80 44	 => 278
 23 44 80 35 32 64	 => 278
 40 64 32 66 61 15	 => 278
 69 9 7 53 77 63	 => 278
 25 63 77 33 42 38	 => 278
 57 38 42 54 58 30	 => 279
 80 30 58 50 26 35	 => 279
 32 35 26 41 78 66	 => 278
 61 66 78 46 1 27	 => 279
 77 53 10 29 76 33	 => 278
 42 33 76 51 22 54	 => 278
 58 54 22 39 55 50	 => 278
 26 50 55 48 59 41	 => 279
 78 41 59 37 17 46	 => 278
 76 29 2 47 73 51	 => 278
 22 51 73 72 21 39	 => 278
 55 39 21 45 70 48	 => 278
 59 48 70 52 12 37	 => 278
 73 47 20 6 60 72	 => 278
 21 72 60 13 67 45	 => 278
 70 45 67 16 28 52	 => 278


===================[TEST 18]===================

##### START ##### Sun May 25 07:39:09 2003



##### CONVERGE ##### Sun May 25 07:56:34 2003

Elapsed time: 1045 seconds
Total loop: 212 generations

Result : 273.702

18 29 52 69 50 58 9 21 75 63 28 42 64 4 1 45 77 32 39 65 22 51 70 37 12 5 57 56 36 67 25 72 53 34 46 59 62 2 24 30 61 48 54 15 78 19 71 27 31 79 49 14 13 26 40 47 44 38 10 60 20 66 43 8 16 55 74 76 33 80 73 68 6 7 23 41 11 35 17 3 

 18 29 52 69 50 58	 => 276
 9 58 50 21 75 63	 => 276
 28 63 75 42 64 4	 => 276
 52 1 45 77 32 69	 => 276
 50 69 32 39 65 21	 => 276
 75 21 65 22 51 42	 => 276
 64 42 51 70 37 12	 => 276
 45 5 57 56 36 77	 => 276
 32 77 36 67 25 39	 => 276
 65 39 25 72 53 22	 => 276
 51 22 53 34 46 70	 => 276
 37 70 46 59 62 2	 => 276
 57 24 30 61 48 56	 => 276
 36 56 48 54 15 67	 => 276
 25 67 15 78 19 72	 => 276
 53 72 19 71 27 34	 => 276
 46 34 27 31 79 59	 => 276
 62 59 79 49 14 13	 => 276
 48 61 26 40 47 54	 => 276
 15 54 47 44 38 78	 => 276
 19 78 38 10 60 71	 => 276
 27 71 60 20 66 31	 => 275
 79 31 66 43 8 49	 => 276
 47 40 16 55 74 44	 => 276
 38 44 74 76 33 10	 => 275
 60 10 33 80 73 20	 => 276
 66 20 73 68 6 43	 => 276
 74 55 7 23 41 76	 => 276
 33 76 41 11 35 80	 => 276
 73 80 35 17 3 68	 => 276


===================[TEST 19]===================

##### START ##### Sun May 25 07:56:34 2003



##### CONVERGE ##### Sun May 25 08:10:53 2003

Elapsed time: 859 seconds
Total loop: 174 generations

Result : 272.856

25 27 61 59 60 44 12 39 49 72 7 74 68 6 2 24 79 51 26 41 38 35 78 17 4 1 52 62 58 15 47 76 48 31 46 71 56 8 29 23 45 65 40 36 33 70 42 10 75 43 66 21 18 20 34 73 30 64 13 54 63 32 57 3 19 53 67 80 22 55 69 50 5 11 37 28 14 77 9 16 

 25 27 61 59 60 44	 => 276
 12 44 60 39 49 72	 => 276
 7 72 49 74 68 6	 => 276
 61 2 24 79 51 59	 => 276
 60 59 51 26 41 39	 => 276
 49 39 41 38 35 74	 => 276
 68 74 35 78 17 4	 => 276
 24 1 52 62 58 79	 => 276
 51 79 58 15 47 26	 => 276
 41 26 47 76 48 38	 => 276
 35 38 48 31 46 78	 => 276
 17 78 46 71 56 8	 => 276
 52 29 23 45 65 62	 => 276
 58 62 65 40 36 15	 => 276
 47 15 36 33 70 76	 => 277
 48 76 70 42 10 31	 => 277
 46 31 10 75 43 71	 => 276
 56 71 43 66 21 18	 => 275
 65 45 20 34 73 40	 => 277
 36 40 73 30 64 33	 => 276
 70 33 64 13 54 42	 => 276
 10 42 54 63 32 75	 => 276
 43 75 32 57 3 66	 => 276
 73 34 19 53 67 30	 => 276
 64 30 67 80 22 13	 => 276
 54 13 22 55 69 63	 => 276
 32 63 69 50 5 57	 => 276
 67 53 11 37 28 80	 => 276
 22 80 28 14 77 55	 => 276
 69 55 77 9 16 50	 => 276


===================[TEST 20]===================

##### START ##### Sun May 25 08:10:53 2003



##### CONVERGE ##### Sun May 25 08:31:18 2003

Elapsed time: 1225 seconds
Total loop: 247 generations

Result : 274.601

1 23 43 70 77 65 7 29 60 41 24 76 40 37 5 52 61 47 42 14 56 44 79 31 9 3 51 64 48 19 62 75 30 38 32 63 69 4 28 16 46 73 53 22 35 66 34 36 39 71 55 2 18 13 26 67 45 57 27 59 33 78 25 11 12 49 80 50 20 68 72 54 17 15 10 74 8 58 21 6 

 1 23 43 70 77 65	 => 279
 7 65 77 29 60 41	 => 279
 24 41 60 76 40 37	 => 278
 43 5 52 61 47 70	 => 278
 77 70 47 42 14 29	 => 279
 60 29 14 56 44 76	 => 279
 40 76 44 79 31 9	 => 279
 52 3 51 64 48 61	 => 279
 47 61 48 19 62 42	 => 279
 14 42 62 75 30 56	 => 279
 44 56 30 38 32 79	 => 279
 31 79 32 63 69 4	 => 278
 51 28 16 46 73 64	 => 278
 48 64 73 53 22 19	 => 279
 62 19 22 35 66 75	 => 279
 30 75 66 34 36 38	 => 279
 32 38 36 39 71 63	 => 279
 69 63 71 55 2 18	 => 278
 73 46 13 26 67 53	 => 278
 22 53 67 45 57 35	 => 279
 66 35 57 27 59 34	 => 278
 36 34 59 33 78 39	 => 279
 71 39 78 25 11 55	 => 279
 67 26 12 49 80 45	 => 279
 57 45 80 50 20 27	 => 279
 59 27 20 68 72 33	 => 279
 78 33 72 54 17 25	 => 279
 80 49 15 10 74 50	 => 278
 20 50 74 8 58 68	 => 278
 72 68 58 21 6 54	 => 279


===================[TEST 21]===================

##### START ##### Sun May 25 08:31:18 2003



##### CONVERGE ##### Sun May 25 08:45:29 2003

Elapsed time: 851 seconds
Total loop: 172 generations

Result : 274.221

12 11 73 58 77 46 14 40 64 36 30 59 65 23 1 44 70 31 45 26 17 72 62 13 6 7 29 79 48 9 74 47 68 20 38 80 69 15 4 33 56 76 24 41 51 55 60 27 49 63 43 3 19 21 25 75 32 54 18 39 50 52 42 28 22 53 71 67 35 78 57 66 10 16 8 61 2 34 37 5 

 12 11 73 58 77 46	 => 277
 14 46 77 40 64 36	 => 277
 30 36 64 59 65 23	 => 277
 73 1 44 70 31 58	 => 277
 77 58 31 45 26 40	 => 277
 64 40 26 17 72 59	 => 278
 65 59 72 62 13 6	 => 277
 44 7 29 79 48 70	 => 277
 31 70 48 9 74 45	 => 277
 26 45 74 47 68 17	 => 277
 72 17 68 20 38 62	 => 277
 13 62 38 80 69 15	 => 277
 29 4 33 56 76 79	 => 277
 48 79 76 24 41 9	 => 277
 74 9 41 51 55 47	 => 277
 68 47 55 60 27 20	 => 277
 38 20 27 49 63 80	 => 277
 69 80 63 43 3 19	 => 277
 76 56 21 25 75 24	 => 277
 41 24 75 32 54 51	 => 277
 55 51 54 18 39 60	 => 277
 27 60 39 50 52 49	 => 277
 63 49 52 42 28 43	 => 277
 75 25 22 53 71 32	 => 278
 54 32 71 67 35 18	 => 277
 39 18 35 78 57 50	 => 277
 52 50 57 66 10 42	 => 277
 71 53 16 8 61 67	 => 276
 35 67 61 2 34 78	 => 277
 57 78 34 37 5 66	 => 277


===================[TEST 22]===================

##### START ##### Sun May 25 08:45:29 2003



##### CONVERGE ##### Sun May 25 09:01:27 2003

Elapsed time: 958 seconds
Total loop: 194 generations

Result : 273.856

6 3 48 69 72 79 7 28 68 23 24 60 77 25 2 64 57 37 50 21 51 49 52 22 17 1 47 70 38 33 62 32 61 12 53 76 63 11 13 35 66 46 54 36 43 71 73 29 40 67 42 14 15 16 30 65 34 45 26 18 58 59 31 39 19 55 74 78 20 75 80 41 8 9 5 56 4 44 27 10 

 6 3 48 69 72 79	 => 277
 7 79 72 28 68 23	 => 277
 24 23 68 60 77 25	 => 277
 48 2 64 57 37 69	 => 277
 72 69 37 50 21 28	 => 277
 68 28 21 51 49 60	 => 277
 77 60 49 52 22 17	 => 277
 64 1 47 70 38 57	 => 277
 37 57 38 33 62 50	 => 277
 21 50 62 32 61 51	 => 277
 49 51 61 12 53 52	 => 278
 22 52 53 76 63 11	 => 277
 47 13 35 66 46 70	 => 277
 38 70 46 54 36 33	 => 277
 62 33 36 43 71 32	 => 277
 61 32 71 73 29 12	 => 278
 53 12 29 40 67 76	 => 277
 63 76 67 42 14 15	 => 277
 46 66 16 30 65 54	 => 277
 36 54 65 34 45 43	 => 277
 71 43 45 26 18 73	 => 276
 29 73 18 58 59 40	 => 277
 67 40 59 31 39 42	 => 278
 65 30 19 55 74 34	 => 277
 45 34 74 78 20 26	 => 277
 18 26 20 75 80 58	 => 277
 59 58 80 41 8 31	 => 277
 74 55 9 5 56 78	 => 277
 20 78 56 4 44 75	 => 277
 80 75 44 27 10 41	 => 277


===================[TEST 23]===================

##### START ##### Sun May 25 09:01:27 2003



##### CONVERGE ##### Sun May 25 09:17:58 2003

Elapsed time: 991 seconds
Total loop: 201 generations

Result : 274.691

1 5 60 80 79 52 23 4 65 54 20 67 31 40 13 11 63 50 36 28 56 57 61 37 24 2 78 55 68 17 43 73 41 27 35 70 59 15 7 16 46 75 30 32 48 64 39 33 38 74 49 12 14 8 42 76 44 47 34 45 53 69 21 26 19 25 71 72 9 77 58 66 10 18 29 62 6 51 3 22 

 1 5 60 80 79 52	 => 277
 23 52 79 4 65 54	 => 277
 20 54 65 67 31 40	 => 277
 60 13 11 63 50 80	 => 277
 79 80 50 36 28 4	 => 277
 65 4 28 56 57 67	 => 277
 31 67 57 61 37 24	 => 277
 11 2 78 55 68 63	 => 277
 50 63 68 17 43 36	 => 277
 28 36 43 73 41 56	 => 277
 57 56 41 27 35 61	 => 277
 37 61 35 70 59 15	 => 277
 78 7 16 46 75 55	 => 277
 68 55 75 30 32 17	 => 277
 43 17 32 48 64 73	 => 277
 41 73 64 39 33 27	 => 277
 35 27 33 38 74 70	 => 277
 59 70 74 49 12 14	 => 278
 75 46 8 42 76 30	 => 277
 32 30 76 44 47 48	 => 277
 64 48 47 34 45 39	 => 277
 33 39 45 53 69 38	 => 277
 74 38 69 21 26 49	 => 277
 76 42 19 25 71 44	 => 277
 47 44 71 72 9 34	 => 277
 45 34 9 77 58 53	 => 276
 69 53 58 66 10 21	 => 277
 71 25 18 29 62 72	 => 277
 9 72 62 6 51 77	 => 277
 58 77 51 3 22 66	 => 277


===================[TEST 24]===================

##### START ##### Sun May 25 09:17:58 2003



##### CONVERGE ##### Sun May 25 09:33:26 2003

Elapsed time: 928 seconds
Total loop: 188 generations

Result : 273.221

10 24 53 80 44 65 6 20 70 71 2 77 40 16 13 27 73 31 72 29 33 47 78 30 4 12 79 66 19 42 39 55 49 25 43 58 52 15 7 5 50 69 54 26 76 38 64 45 48 57 74 14 21 11 32 60 59 1 61 36 37 46 34 17 22 41 62 75 18 56 68 63 28 23 8 67 9 51 3 35 

 10 24 53 80 44 65	 => 276
 6 65 44 20 70 71	 => 276
 2 71 70 77 40 16	 => 276
 53 13 27 73 31 80	 => 277
 44 80 31 72 29 20	 => 276
 70 20 29 33 47 77	 => 276
 40 77 47 78 30 4	 => 276
 27 12 79 66 19 73	 => 276
 31 73 19 42 39 72	 => 276
 29 72 39 55 49 33	 => 277
 47 33 49 25 43 78	 => 275
 30 78 43 58 52 15	 => 276
 79 7 5 50 69 66	 => 276
 19 66 69 54 26 42	 => 276
 39 42 26 76 38 55	 => 276
 49 55 38 64 45 25	 => 276
 43 25 45 48 57 58	 => 276
 52 58 57 74 14 21	 => 276
 69 50 11 32 60 54	 => 276
 26 54 60 59 1 76	 => 276
 38 76 1 61 36 64	 => 276
 45 64 36 37 46 48	 => 276
 57 48 46 34 17 74	 => 276
 60 32 22 41 62 59	 => 276
 1 59 62 75 18 61	 => 276
 36 61 18 56 68 37	 => 276
 46 37 68 63 28 34	 => 276
 62 41 23 8 67 75	 => 276
 18 75 67 9 51 56	 => 276
 68 56 51 3 35 63	 => 276


===================[TEST 25]===================

##### START ##### Sun May 25 09:33:26 2003



##### CONVERGE ##### Sun May 25 09:48:14 2003

Elapsed time: 888 seconds
Total loop: 180 generations

Result : 275.417

14 12 57 71 63 61 1 26 62 65 10 78 54 9 16 36 55 43 33 42 41 29 76 28 13 4 70 69 44 31 72 30 60 19 53 77 37 7 5 23 66 45 51 38 49 58 64 47 15 67 68 8 21 2 40 74 48 18 50 39 34 79 46 3 6 52 59 80 24 56 75 27 17 32 20 35 11 73 25 22 

 14 12 57 71 63 61	 => 278
 1 61 63 26 62 65	 => 278
 10 65 62 78 54 9	 => 278
 57 16 36 55 43 71	 => 278
 63 71 43 33 42 26	 => 278
 62 26 42 41 29 78	 => 278
 54 78 29 76 28 13	 => 278
 36 4 70 69 44 55	 => 278
 43 55 44 31 72 33	 => 278
 42 33 72 30 60 41	 => 278
 29 41 60 19 53 76	 => 278
 28 76 53 77 37 7	 => 278
 70 5 23 66 45 69	 => 278
 44 69 45 51 38 31	 => 278
 72 31 38 49 58 30	 => 278
 60 30 58 64 47 19	 => 278
 53 19 47 15 67 77	 => 278
 37 77 67 68 8 21	 => 278
 45 66 2 40 74 51	 => 278
 38 51 74 48 18 49	 => 278
 58 49 18 50 39 64	 => 278
 47 64 39 34 79 15	 => 278
 67 15 79 46 3 68	 => 278
 74 40 6 52 59 48	 => 279
 18 48 59 80 24 50	 => 279
 39 50 24 56 75 34	 => 278
 79 34 75 27 17 46	 => 278
 59 52 32 20 35 80	 => 278
 24 80 35 11 73 56	 => 279
 75 56 73 25 22 27	 => 278


===================[TEST 26]===================

##### START ##### Sun May 25 09:48:14 2003



##### CONVERGE ##### Sun May 25 10:03:28 2003

Elapsed time: 914 seconds
Total loop: 185 generations

Result : 273.417

17 12 69 68 49 61 15 45 66 40 8 80 71 11 6 26 73 34 43 37 30 19 77 20 9 23 46 60 48 25 53 47 67 39 44 52 62 21 24 16 76 54 51 38 63 50 32 41 28 72 59 2 29 7 57 31 35 58 3 70 27 78 36 4 14 65 74 64 42 79 55 75 5 33 18 22 13 56 10 1 

 17 12 69 68 49 61	 => 276
 15 61 49 45 66 40	 => 276
 8 40 66 80 71 11	 => 276
 69 6 26 73 34 68	 => 276
 49 68 34 43 37 45	 => 276
 66 45 37 30 19 80	 => 277
 71 80 19 77 20 9	 => 276
 26 23 46 60 48 73	 => 276
 34 73 48 25 53 43	 => 276
 37 43 53 47 67 30	 => 277
 19 30 67 39 44 77	 => 276
 20 77 44 52 62 21	 => 276
 46 24 16 76 54 60	 => 276
 48 60 54 51 38 25	 => 276
 53 25 38 63 50 47	 => 276
 67 47 50 32 41 39	 => 276
 44 39 41 28 72 52	 => 276
 62 52 72 59 2 29	 => 276
 54 76 7 57 31 51	 => 276
 38 51 31 35 58 63	 => 276
 50 63 58 3 70 32	 => 276
 41 32 70 27 78 28	 => 276
 72 28 78 36 4 59	 => 277
 31 57 14 65 74 35	 => 276
 58 35 74 64 42 3	 => 276
 70 3 42 79 55 27	 => 276
 78 27 55 75 5 36	 => 276
 74 65 33 18 22 64	 => 276
 42 64 22 13 56 79	 => 276
 55 79 56 10 1 75	 => 276


===================[TEST 27]===================

##### START ##### Sun May 25 10:03:28 2003



##### CONVERGE ##### Sun May 25 10:22:28 2003

Elapsed time: 1140 seconds
Total loop: 231 generations

Result : 272.315

9 2 77 78 74 36 1 37 66 63 25 73 31 18 4 33 60 24 52 11 34 55 44 64 10 17 71 57 38 40 62 50 68 46 28 80 47 13 3 22 51 72 39 30 75 19 79 14 41 67 58 8 16 29 53 32 65 35 20 49 48 45 42 23 6 59 61 69 27 76 56 70 15 21 12 54 7 43 5 26 

 9 2 77 78 74 36	 => 276
 1 36 74 37 66 63	 => 277
 25 63 66 73 31 18	 => 276
 77 4 33 60 24 78	 => 276
 74 78 24 52 11 37	 => 276
 66 37 11 34 55 73	 => 276
 31 73 55 44 64 10	 => 277
 33 17 71 57 38 60	 => 276
 24 60 38 40 62 52	 => 276
 11 52 62 50 68 34	 => 277
 55 34 68 46 28 44	 => 275
 64 44 28 80 47 13	 => 276
 71 3 22 51 72 57	 => 276
 38 57 72 39 30 40	 => 276
 62 40 30 75 19 50	 => 276
 68 50 19 79 14 46	 => 276
 28 46 14 41 67 80	 => 276
 47 80 67 58 8 16	 => 276
 72 51 29 53 32 39	 => 276
 30 39 32 65 35 75	 => 276
 19 75 35 20 49 79	 => 277
 14 79 49 48 45 41	 => 276
 67 41 45 42 23 58	 => 276
 32 53 6 59 61 65	 => 276
 35 65 61 69 27 20	 => 277
 49 20 27 76 56 48	 => 276
 45 48 56 70 15 42	 => 276
 61 59 21 12 54 69	 => 276
 27 69 54 7 43 76	 => 276
 56 76 43 5 26 70	 => 276


===================[TEST 28]===================

##### START ##### Sun May 25 10:22:28 2003



##### CONVERGE ##### Sun May 25 10:37:18 2003

Elapsed time: 890 seconds
Total loop: 169 generations

Result : 272.45

10 11 70 52 77 56 4 27 72 40 13 80 49 23 8 31 39 76 29 15 66 16 57 58 17 24 67 71 45 20 68 43 55 21 62 51 42 6 5 7 61 65 47 28 48 69 38 50 32 60 73 14 36 2 22 79 44 30 54 37 41 78 33 1 9 63 59 64 25 74 46 75 3 18 19 53 26 34 12 35 

 10 11 70 52 77 56	 => 276
 4 56 77 27 72 40	 => 276
 13 40 72 80 49 23	 => 277
 70 8 31 39 76 52	 => 276
 77 52 76 29 15 27	 => 276
 72 27 15 66 16 80	 => 276
 49 80 16 57 58 17	 => 277
 31 24 67 71 45 39	 => 277
 76 39 45 20 68 29	 => 277
 15 29 68 43 55 66	 => 276
 16 66 55 21 62 57	 => 277
 58 57 62 51 42 6	 => 276
 67 5 7 61 65 71	 => 276
 45 71 65 47 28 20	 => 276
 68 20 28 48 69 43	 => 276
 55 43 69 38 50 21	 => 276
 62 21 50 32 60 51	 => 276
 42 51 60 73 14 36	 => 276
 65 61 2 22 79 47	 => 276
 28 47 79 44 30 48	 => 276
 69 48 30 54 37 38	 => 276
 50 38 37 41 78 32	 => 276
 60 32 78 33 1 73	 => 277
 79 22 9 63 59 44	 => 276
 30 44 59 64 25 54	 => 276
 37 54 25 74 46 41	 => 277
 78 41 46 75 3 33	 => 276
 59 63 18 19 53 64	 => 276
 25 64 53 26 34 74	 => 276
 46 74 34 12 35 75	 => 276


===================[TEST 29]===================

##### START ##### Sun May 25 10:37:18 2003



##### CONVERGE ##### Sun May 25 10:52:18 2003

Elapsed time: 900 seconds
Total loop: 169 generations

Result : 272.417

47 14 35 68 77 34 11 18 70 66 9 64 49 17 7 57 76 32 37 43 56 24 71 59 8 3 65 58 16 52 62 26 51 31 42 63 38 2 20 12 48 72 25 53 44 39 78 50 10 79 55 13 27 22 28 80 40 33 36 45 23 69 41 21 6 60 61 75 30 74 67 46 29 5 1 73 4 19 54 15 

 47 14 35 68 77 34	 => 275
 11 34 77 18 70 66	 => 276
 9 66 70 64 49 17	 => 275
 35 7 57 76 32 68	 => 275
 77 68 32 37 43 18	 => 275
 70 18 43 56 24 64	 => 275
 49 64 24 71 59 8	 => 275
 57 3 65 58 16 76	 => 275
 32 76 16 52 62 37	 => 275
 43 37 62 26 51 56	 => 275
 24 56 51 31 42 71	 => 275
 59 71 42 63 38 2	 => 275
 65 20 12 48 72 58	 => 275
 16 58 72 25 53 52	 => 276
 62 52 53 44 39 26	 => 276
 51 26 39 78 50 31	 => 275
 42 31 50 10 79 63	 => 275
 38 63 79 55 13 27	 => 275
 72 48 22 28 80 25	 => 275
 53 25 80 40 33 44	 => 275
 39 44 33 36 45 78	 => 275
 50 78 45 23 69 10	 => 275
 79 10 69 41 21 55	 => 275
 80 28 6 60 61 40	 => 275
 33 40 61 75 30 36	 => 275
 45 36 30 74 67 23	 => 275
 69 23 67 46 29 41	 => 275
 61 60 5 1 73 75	 => 275
 30 75 73 4 19 74	 => 275
 67 74 19 54 15 46	 => 275


===================[TEST 30]===================

##### START ##### Sun May 25 10:52:18 2003



##### CONVERGE ##### Sun May 25 11:23:42 2003

Elapsed time: 1884 seconds
Total loop: 289 generations

Result : 273.417

9 6 51 74 59 77 15 32 57 37 38 70 48 26 1 34 55 61 29 21 40 56 49 41 12 17 66 58 46 18 67 50 69 10 52 79 42 13 2 4 71 76 33 45 28 68 60 19 36 80 47 23 5 14 39 43 73 54 22 44 53 64 25 24 16 75 30 78 20 72 65 62 7 27 31 35 8 63 11 3 

 9 6 51 74 59 77	 => 276
 15 77 59 32 57 37	 => 277
 38 37 57 70 48 26	 => 276
 51 1 34 55 61 74	 => 276
 59 74 61 29 21 32	 => 276
 57 32 21 40 56 70	 => 276
 48 70 56 49 41 12	 => 276
 34 17 66 58 46 55	 => 276
 61 55 46 18 67 29	 => 276
 21 29 67 50 69 40	 => 276
 56 40 69 10 52 49	 => 276
 41 49 52 79 42 13	 => 276
 66 2 4 71 76 58	 => 277
 46 58 76 33 45 18	 => 276
 67 18 45 28 68 50	 => 276
 69 50 68 60 19 10	 => 276
 52 10 19 36 80 79	 => 276
 42 79 80 47 23 5	 => 276
 76 71 14 39 43 33	 => 276
 45 33 43 73 54 28	 => 276
 68 28 54 22 44 60	 => 276
 19 60 44 53 64 36	 => 276
 80 36 64 25 24 47	 => 276
 43 39 16 75 30 73	 => 276
 54 73 30 78 20 22	 => 277
 44 22 20 72 65 53	 => 276
 64 53 65 62 7 25	 => 276
 30 75 27 31 35 78	 => 276
 20 78 35 8 63 72	 => 276
 65 72 63 11 3 62	 => 276


===================[TEST 31]===================

##### START ##### Sun May 25 11:23:42 2003



##### CONVERGE ##### Sun May 25 11:36:24 2003

Elapsed time: 762 seconds
Total loop: 154 generations

Result : 271.856

2 11 43 72 77 70 1 21 67 40 12 48 55 53 5 39 80 36 38 31 58 51 68 47 6 9 29 74 44 28 49 76 23 50 25 63 56 16 27 10 64 71 41 18 59 45 66 15 65 57 78 4 17 14 33 52 75 30 13 62 32 35 37 3 22 24 69 54 34 61 73 79 19 42 26 60 20 46 8 7 

 2 11 43 72 77 70	 => 275
 1 70 77 21 67 40	 => 276
 12 40 67 48 55 53	 => 275
 43 5 39 80 36 72	 => 275
 77 72 36 38 31 21	 => 275
 67 21 31 58 51 48	 => 276
 55 48 51 68 47 6	 => 275
 39 9 29 74 44 80	 => 275
 36 80 44 28 49 38	 => 275
 31 38 49 76 23 58	 => 275
 51 58 23 50 25 68	 => 275
 47 68 25 63 56 16	 => 275
 29 27 10 64 71 74	 => 275
 44 74 71 41 18 28	 => 276
 49 28 18 59 45 76	 => 275
 23 76 45 66 15 50	 => 275
 25 50 15 65 57 63	 => 275
 56 63 57 78 4 17	 => 275
 71 64 14 33 52 41	 => 275
 18 41 52 75 30 59	 => 275
 45 59 30 13 62 66	 => 275
 15 66 62 32 35 65	 => 275
 57 65 35 37 3 78	 => 275
 52 33 22 24 69 75	 => 275
 30 75 69 54 34 13	 => 275
 62 13 34 61 73 32	 => 275
 35 32 73 79 19 37	 => 275
 69 24 42 26 60 54	 => 275
 34 54 60 20 46 61	 => 275
 73 61 46 8 7 79	 => 274


===================[TEST 32]===================

##### START ##### Sun May 25 11:36:24 2003



##### CONVERGE ##### Sun May 25 11:59:17 2003

Elapsed time: 1373 seconds
Total loop: 278 generations

Result : 274.5

13 10 32 79 76 68 5 17 78 34 3 69 56 38 4 59 51 53 8 45 44 25 66 42 19 6 37 63 62 24 80 29 72 43 28 73 57 11 15 31 65 67 27 35 58 52 60 22 41 71 49 2 26 12 33 74 48 36 16 55 30 70 40 7 1 46 75 64 39 61 77 47 14 21 18 54 9 50 23 20 

 13 10 32 79 76 68	 => 278
 5 68 76 17 78 34	 => 278
 3 34 78 69 56 38	 => 278
 32 4 59 51 53 79	 => 278
 76 79 53 8 45 17	 => 278
 78 17 45 44 25 69	 => 278
 56 69 25 66 42 19	 => 277
 59 6 37 63 62 51	 => 278
 53 51 62 24 80 8	 => 278
 45 8 80 29 72 44	 => 278
 25 44 72 43 28 66	 => 278
 42 66 28 73 57 11	 => 277
 37 15 31 65 67 63	 => 278
 62 63 67 27 35 24	 => 278
 80 24 35 58 52 29	 => 278
 72 29 52 60 22 43	 => 278
 28 43 22 41 71 73	 => 278
 57 73 71 49 2 26	 => 278
 67 65 12 33 74 27	 => 278
 35 27 74 48 36 58	 => 278
 52 58 36 16 55 60	 => 277
 22 60 55 30 70 41	 => 278
 71 41 70 40 7 49	 => 278
 74 33 1 46 75 48	 => 277
 36 48 75 64 39 16	 => 278
 55 16 39 61 77 30	 => 278
 70 30 77 47 14 40	 => 278
 75 46 21 18 54 64	 => 278
 39 64 54 9 50 61	 => 277
 77 61 50 23 20 47	 => 278


===================[TEST 33]===================

##### START ##### Sun May 25 11:59:17 2003


