****************** GA TEST *******************

total test#:			 100
hexa min width:			 3
hexa max width:			 5
hexa count:			 19
number count:			 54
population size:		 140
generation size:		 50

tournament winner p:		 1
do xover p:			 1
xover:				 2points
do mutation1 p:			 0.1
mutation1 p:			 0.05
do optimize p:			 1
local optimize count:		 6000
do deep better optimize p:	 1
do deep worse optimize p:	 0
do spin p:			 0
spin count:			 1000
do spin apply p:		 1
do mutation2 p:			 0.12
mutation2 p:			 0.08
force mutation2:		 0
replace bad p:			 0.195

converge rate p:		 0.99
converge count:			 5

**********************************************


===================[TEST 1]===================

##### START ##### Thu May 22 02:17:29 2003



##### CONVERGE ##### Thu May 22 02:18:19 2003

Elapsed time: 50 seconds
Total loop: 86 generations

Result : 187.412

2 24 38 34 39 52 7 22 42 27 5 49 53 13 11 45 43 18 40 36 21 19 50 14 4 3 33 28 37 25 26 31 35 17 47 48 20 10 16 29 54 44 9 51 46 30 1 23 8 32 12 41 15 6 

 2 24 38 34 39 52	 => 189
 7 52 39 22 42 27	 => 189
 5 27 42 49 53 13	 => 189
 38 11 45 43 18 34	 => 189
 39 34 18 40 36 22	 => 189
 42 22 36 21 19 49	 => 189
 53 49 19 50 14 4	 => 189
 45 3 33 28 37 43	 => 189
 18 43 37 25 26 40	 => 189
 36 40 26 31 35 21	 => 189
 19 21 35 17 47 50	 => 189
 14 50 47 48 20 10	 => 189
 37 28 16 29 54 25	 => 189
 26 25 54 44 9 31	 => 189
 35 31 9 51 46 17	 => 189
 47 17 46 30 1 48	 => 189
 54 29 23 8 32 44	 => 190
 9 44 32 12 41 51	 => 189
 46 51 41 15 6 30	 => 189


===================[TEST 2]===================

##### START ##### Thu May 22 02:18:19 2003



##### CONVERGE ##### Thu May 22 02:19:13 2003

Elapsed time: 54 seconds
Total loop: 95 generations

Result : 186.85

3 11 48 46 49 32 6 31 47 24 4 42 50 22 2 34 38 21 8 35 29 5 45 33 14 25 13 26 53 18 51 30 36 23 52 39 19 1 7 44 41 40 9 54 37 28 10 20 17 27 16 43 12 15 

 3 11 48 46 49 32	 => 189
 6 32 49 31 47 24	 => 189
 4 24 47 42 50 22	 => 189
 48 2 34 38 21 46	 => 189
 49 46 21 8 35 31	 => 190
 47 31 35 29 5 42	 => 189
 50 42 5 45 33 14	 => 189
 34 25 13 26 53 38	 => 189
 21 38 53 18 51 8	 => 189
 35 8 51 30 36 29	 => 189
 5 29 36 23 52 45	 => 190
 33 45 52 39 19 1	 => 189
 53 26 7 44 41 18	 => 189
 51 18 41 40 9 30	 => 189
 36 30 9 54 37 23	 => 189
 52 23 37 28 10 39	 => 189
 41 44 20 17 27 40	 => 189
 9 40 27 16 43 54	 => 189
 37 54 43 12 15 28	 => 189


===================[TEST 3]===================

##### START ##### Thu May 22 02:19:13 2003



##### CONVERGE ##### Thu May 22 02:20:31 2003

Elapsed time: 78 seconds
Total loop: 136 generations

Result : 188.412

10 2 42 46 47 43 12 8 52 28 14 51 41 4 1 49 27 25 40 24 37 18 38 39 3 16 21 23 54 15 29 26 34 13 50 32 22 9 5 48 45 44 31 33 53 36 6 11 7 35 17 30 19 20 

 10 2 42 46 47 43	 => 190
 12 43 47 8 52 28	 => 190
 14 28 52 51 41 4	 => 190
 42 1 49 27 25 46	 => 190
 47 46 25 40 24 8	 => 190
 52 8 24 37 18 51	 => 190
 41 51 18 38 39 3	 => 190
 49 16 21 23 54 27	 => 190
 25 27 54 15 29 40	 => 190
 24 40 29 26 34 37	 => 190
 18 37 34 13 50 38	 => 190
 39 38 50 32 22 9	 => 190
 54 23 5 48 45 15	 => 190
 29 15 45 44 31 26	 => 190
 34 26 31 33 53 13	 => 190
 50 13 53 36 6 32	 => 190
 45 48 11 7 35 44	 => 190
 31 44 35 17 30 33	 => 190
 53 33 30 19 20 36	 => 191


===================[TEST 4]===================

##### START ##### Thu May 22 02:20:31 2003



##### CONVERGE ##### Thu May 22 02:22:01 2003

Elapsed time: 90 seconds
Total loop: 159 generations

Result : 188.412

9 8 25 54 43 51 10 12 46 28 20 49 45 2 13 36 47 16 31 34 42 7 35 48 6 17 11 29 50 19 27 33 23 30 53 24 26 4 1 39 52 37 22 44 38 40 5 3 18 41 14 32 21 15 

 9 8 25 54 43 51	 => 190
 10 51 43 12 46 28	 => 190
 20 28 46 49 45 2	 => 190
 25 13 36 47 16 54	 => 191
 43 54 16 31 34 12	 => 190
 46 12 34 42 7 49	 => 190
 45 49 7 35 48 6	 => 190
 36 17 11 29 50 47	 => 190
 16 47 50 19 27 31	 => 190
 34 31 27 33 23 42	 => 190
 7 42 23 30 53 35	 => 190
 48 35 53 24 26 4	 => 190
 50 29 1 39 52 19	 => 190
 27 19 52 37 22 33	 => 190
 23 33 22 44 38 30	 => 190
 53 30 38 40 5 24	 => 190
 52 39 3 18 41 37	 => 190
 22 37 41 14 32 44	 => 190
 38 44 32 21 15 40	 => 190


===================[TEST 5]===================

##### START ##### Thu May 22 02:22:01 2003



##### CONVERGE ##### Thu May 22 02:23:29 2003

Elapsed time: 88 seconds
Total loop: 153 generations

Result : 188.412

19 24 20 47 38 42 6 29 44 31 23 46 34 12 16 43 51 13 28 35 27 9 52 45 4 15 3 41 37 22 39 25 36 17 49 26 11 7 5 32 53 33 18 40 54 30 14 21 2 50 1 48 8 10 

 19 24 20 47 38 42	 => 190
 6 42 38 29 44 31	 => 190
 23 31 44 46 34 12	 => 190
 20 16 43 51 13 47	 => 190
 38 47 13 28 35 29	 => 190
 44 29 35 27 9 46	 => 190
 34 46 9 52 45 4	 => 190
 43 15 3 41 37 51	 => 190
 13 51 37 22 39 28	 => 190
 35 28 39 25 36 27	 => 190
 9 27 36 17 49 52	 => 190
 45 52 49 26 11 7	 => 190
 37 41 5 32 53 22	 => 190
 39 22 53 33 18 25	 => 190
 36 25 18 40 54 17	 => 190
 49 17 54 30 14 26	 => 190
 53 32 21 2 50 33	 => 191
 18 33 50 1 48 40	 => 190
 54 40 48 8 10 30	 => 190


===================[TEST 6]===================

##### START ##### Thu May 22 02:23:29 2003



##### CONVERGE ##### Thu May 22 02:24:18 2003

Elapsed time: 49 seconds
Total loop: 87 generations

Result : 187.64

7 4 38 54 34 53 5 19 35 44 1 45 42 23 12 25 48 13 41 29 32 30 47 24 2 14 20 37 46 16 26 40 21 10 50 33 8 28 3 36 51 39 18 52 49 31 17 15 22 27 11 43 9 6 

 7 4 38 54 34 53	 => 190
 5 53 34 19 35 44	 => 190
 1 44 35 45 42 23	 => 190
 38 12 25 48 13 54	 => 190
 34 54 13 41 29 19	 => 190
 35 19 29 32 30 45	 => 190
 42 45 30 47 24 2	 => 190
 25 14 20 37 46 48	 => 190
 13 48 46 16 26 41	 => 190
 29 41 26 40 21 32	 => 189
 30 32 21 10 50 47	 => 190
 24 47 50 33 8 28	 => 190
 46 37 3 36 51 16	 => 189
 26 16 51 39 18 40	 => 190
 21 40 18 52 49 10	 => 190
 50 10 49 31 17 33	 => 190
 51 36 15 22 27 39	 => 190
 18 39 27 11 43 52	 => 190
 49 52 43 9 6 31	 => 190


===================[TEST 7]===================

##### START ##### Thu May 22 02:24:18 2003



##### CONVERGE ##### Thu May 22 02:25:21 2003

Elapsed time: 63 seconds
Total loop: 110 generations

Result : 187.85

16 14 37 35 50 39 1 22 51 27 4 46 41 21 9 48 36 25 32 26 30 15 52 33 3 2 12 47 45 18 34 24 44 11 38 31 23 13 6 20 54 43 17 53 42 49 19 5 28 40 8 29 10 7 

 16 14 37 35 50 39	 => 191
 1 39 50 22 51 27	 => 190
 4 27 51 46 41 21	 => 190
 37 9 48 36 25 35	 => 190
 50 35 25 32 26 22	 => 190
 51 22 26 30 15 46	 => 190
 41 46 15 52 33 3	 => 190
 48 2 12 47 45 36	 => 190
 25 36 45 18 34 32	 => 190
 26 32 34 24 44 30	 => 190
 15 30 44 11 38 52	 => 190
 33 52 38 31 23 13	 => 190
 45 47 6 20 54 18	 => 190
 34 18 54 43 17 24	 => 190
 44 24 17 53 42 11	 => 191
 38 11 42 49 19 31	 => 190
 54 20 5 28 40 43	 => 190
 17 43 40 8 29 53	 => 190
 42 53 29 10 7 49	 => 190


===================[TEST 8]===================

##### START ##### Thu May 22 02:25:21 2003



##### CONVERGE ##### Thu May 22 02:26:41 2003

Elapsed time: 80 seconds
Total loop: 139 generations

Result : 188.306

26 12 23 46 50 33 2 16 53 36 13 48 39 1 14 41 37 28 21 29 24 20 45 31 7 9 11 43 49 25 30 35 51 6 44 40 22 8 3 32 38 52 10 34 54 27 19 17 4 47 5 42 18 15 

 26 12 23 46 50 33	 => 190
 2 33 50 16 53 36	 => 190
 13 36 53 48 39 1	 => 190
 23 14 41 37 28 46	 => 189
 50 46 28 21 29 16	 => 190
 53 16 29 24 20 48	 => 190
 39 48 20 45 31 7	 => 190
 41 9 11 43 49 37	 => 190
 28 37 49 25 30 21	 => 190
 29 21 30 35 51 24	 => 190
 20 24 51 6 44 45	 => 190
 31 45 44 40 22 8	 => 190
 49 43 3 32 38 25	 => 190
 30 25 38 52 10 35	 => 190
 51 35 10 34 54 6	 => 190
 44 6 54 27 19 40	 => 190
 38 32 17 4 47 52	 => 190
 10 52 47 5 42 34	 => 190
 54 34 42 18 15 27	 => 190


===================[TEST 9]===================

##### START ##### Thu May 22 02:26:41 2003



##### CONVERGE ##### Thu May 22 02:27:51 2003

Elapsed time: 70 seconds
Total loop: 123 generations

Result : 187.163

14 18 24 48 54 32 6 9 38 51 5 47 39 10 19 37 45 17 34 28 43 25 30 33 16 7 13 35 53 20 21 40 23 27 41 46 11 29 4 26 52 49 8 50 42 31 2 12 15 36 3 44 22 1 

 14 18 24 48 54 32	 => 190
 6 32 54 9 38 51	 => 190
 5 51 38 47 39 10	 => 190
 24 19 37 45 17 48	 => 190
 54 48 17 34 28 9	 => 190
 38 9 28 43 25 47	 => 190
 39 47 25 30 33 16	 => 190
 37 7 13 35 53 45	 => 190
 17 45 53 20 21 34	 => 190
 28 34 21 40 23 43	 => 189
 25 43 23 27 41 30	 => 189
 33 30 41 46 11 29	 => 190
 53 35 4 26 52 20	 => 190
 21 20 52 49 8 40	 => 190
 23 40 8 50 42 27	 => 190
 41 27 42 31 2 46	 => 189
 52 26 12 15 36 49	 => 190
 8 49 36 3 44 50	 => 190
 42 50 44 22 1 31	 => 190


===================[TEST 10]===================

##### START ##### Thu May 22 02:27:51 2003



##### CONVERGE ##### Thu May 22 02:29:20 2003

Elapsed time: 89 seconds
Total loop: 155 generations

Result : 188.163

7 18 46 52 40 28 10 12 49 51 8 53 26 4 5 25 44 19 37 31 29 17 54 35 6 14 24 41 43 21 27 34 32 9 50 30 20 2 11 36 39 47 23 45 48 38 16 22 13 33 1 42 15 3 

 7 18 46 52 40 28	 => 191
 10 28 40 12 49 51	 => 190
 8 51 49 53 26 4	 => 191
 46 5 25 44 19 52	 => 191
 40 52 19 37 31 12	 => 191
 49 12 31 29 17 53	 => 191
 26 53 17 54 35 6	 => 191
 25 14 24 41 43 44	 => 191
 19 44 43 21 27 37	 => 191
 31 37 27 34 32 29	 => 190
 17 29 32 9 50 54	 => 191
 35 54 50 30 20 2	 => 191
 43 41 11 36 39 21	 => 191
 27 21 39 47 23 34	 => 191
 32 34 23 45 48 9	 => 191
 50 9 48 38 16 30	 => 191
 39 36 22 13 33 47	 => 190
 23 47 33 1 42 45	 => 191
 48 45 42 15 3 38	 => 191


===================[TEST 11]===================

##### START ##### Thu May 22 02:29:20 2003



##### CONVERGE ##### Thu May 22 02:30:25 2003

Elapsed time: 65 seconds
Total loop: 115 generations

Result : 188.306

16 18 51 38 42 25 12 28 44 39 21 45 27 14 2 36 43 20 29 33 23 17 53 41 6 7 4 52 48 3 47 24 34 13 50 37 8 1 9 32 46 40 30 35 54 26 10 19 22 31 5 49 15 11 

 16 18 51 38 42 25	 => 190
 12 25 42 28 44 39	 => 190
 21 39 44 45 27 14	 => 190
 51 2 36 43 20 38	 => 190
 42 38 20 29 33 28	 => 190
 44 28 33 23 17 45	 => 190
 27 45 17 53 41 6	 => 189
 36 7 4 52 48 43	 => 190
 20 43 48 3 47 29	 => 190
 33 29 47 24 34 23	 => 190
 17 23 34 13 50 53	 => 190
 41 53 50 37 8 1	 => 190
 48 52 9 32 46 3	 => 190
 47 3 46 40 30 24	 => 190
 34 24 30 35 54 13	 => 190
 50 13 54 26 10 37	 => 190
 46 32 19 22 31 40	 => 190
 30 40 31 5 49 35	 => 190
 54 35 49 15 11 26	 => 190


===================[TEST 12]===================

##### START ##### Thu May 22 02:30:25 2003



##### CONVERGE ##### Thu May 22 02:31:27 2003

Elapsed time: 62 seconds
Total loop: 108 generations

Result : 188.412

7 15 41 32 52 43 5 24 46 20 22 53 31 18 2 54 48 13 39 30 23 14 44 47 1 6 17 28 37 26 27 34 38 21 50 29 8 12 10 40 49 35 19 33 45 42 3 4 11 51 16 36 25 9 

 7 15 41 32 52 43	 => 190
 5 43 52 24 46 20	 => 190
 22 20 46 53 31 18	 => 190
 41 2 54 48 13 32	 => 190
 52 32 13 39 30 24	 => 190
 46 24 30 23 14 53	 => 190
 31 53 14 44 47 1	 => 190
 54 6 17 28 37 48	 => 190
 13 48 37 26 27 39	 => 190
 30 39 27 34 38 23	 => 191
 14 23 38 21 50 44	 => 190
 47 44 50 29 8 12	 => 190
 37 28 10 40 49 26	 => 190
 27 26 49 35 19 34	 => 190
 38 34 19 33 45 21	 => 190
 50 21 45 42 3 29	 => 190
 49 40 4 11 51 35	 => 190
 19 35 51 16 36 33	 => 190
 45 33 36 25 9 42	 => 190


===================[TEST 13]===================

##### START ##### Thu May 22 02:31:27 2003



##### CONVERGE ##### Thu May 22 02:32:44 2003

Elapsed time: 77 seconds
Total loop: 135 generations

Result : 187.794

3 4 53 48 46 36 7 19 45 38 8 51 26 22 6 27 34 23 25 30 28 18 54 37 5 24 12 42 52 17 40 39 29 21 41 35 14 10 2 47 31 44 20 50 32 49 13 16 9 43 1 33 11 15 

 3 4 53 48 46 36	 => 190
 7 36 46 19 45 38	 => 191
 8 38 45 51 26 22	 => 190
 53 6 27 34 23 48	 => 191
 46 48 23 25 30 19	 => 191
 45 19 30 28 18 51	 => 191
 26 51 18 54 37 5	 => 191
 27 24 12 42 52 34	 => 191
 23 34 52 17 40 25	 => 191
 30 25 40 39 29 28	 => 191
 18 28 29 21 41 54	 => 191
 37 54 41 35 14 10	 => 191
 52 42 2 47 31 17	 => 191
 40 17 31 44 20 39	 => 191
 29 39 20 50 32 21	 => 191
 41 21 32 49 13 35	 => 191
 31 47 16 9 43 44	 => 190
 20 44 43 1 33 50	 => 191
 32 50 33 11 15 49	 => 190


===================[TEST 14]===================

##### START ##### Thu May 22 02:32:44 2003



##### CONVERGE ##### Thu May 22 02:33:37 2003

Elapsed time: 53 seconds
Total loop: 92 generations

Result : 188.412

5 10 38 44 46 47 4 19 53 22 9 41 37 28 1 36 54 17 40 24 32 21 43 34 14 20 12 33 35 18 26 39 29 16 49 45 13 6 3 51 50 30 27 48 31 42 7 11 23 25 8 52 15 2 

 5 10 38 44 46 47	 => 190
 4 47 46 19 53 22	 => 191
 9 22 53 41 37 28	 => 190
 38 1 36 54 17 44	 => 190
 46 44 17 40 24 19	 => 190
 53 19 24 32 21 41	 => 190
 37 41 21 43 34 14	 => 190
 36 20 12 33 35 54	 => 190
 17 54 35 18 26 40	 => 190
 24 40 26 39 29 32	 => 190
 21 32 29 16 49 43	 => 190
 34 43 49 45 13 6	 => 190
 35 33 3 51 50 18	 => 190
 26 18 50 30 27 39	 => 190
 29 39 27 48 31 16	 => 190
 49 16 31 42 7 45	 => 190
 50 51 11 23 25 30	 => 190
 27 30 25 8 52 48	 => 190
 31 48 52 15 2 42	 => 190


===================[TEST 15]===================

##### START ##### Thu May 22 02:33:37 2003



##### CONVERGE ##### Thu May 22 02:34:38 2003

Elapsed time: 61 seconds
Total loop: 107 generations

Result : 188.412

4 3 37 54 43 49 12 7 52 27 9 51 31 20 8 42 34 15 33 38 24 18 45 44 1 21 17 30 47 29 32 22 41 16 46 40 10 5 6 25 53 28 26 50 35 39 14 13 23 48 2 36 11 19 

 4 3 37 54 43 49	 => 190
 12 49 43 7 52 27	 => 190
 9 27 52 51 31 20	 => 190
 37 8 42 34 15 54	 => 190
 43 54 15 33 38 7	 => 190
 52 7 38 24 18 51	 => 190
 31 51 18 45 44 1	 => 190
 42 21 17 30 47 34	 => 191
 15 34 47 29 32 33	 => 190
 38 33 32 22 41 24	 => 190
 18 24 41 16 46 45	 => 190
 44 45 46 40 10 5	 => 190
 47 30 6 25 53 29	 => 190
 32 29 53 28 26 22	 => 190
 41 22 26 50 35 16	 => 190
 46 16 35 39 14 40	 => 190
 53 25 13 23 48 28	 => 190
 26 28 48 2 36 50	 => 190
 35 50 36 11 19 39	 => 190


===================[TEST 16]===================

##### START ##### Thu May 22 02:34:38 2003



##### CONVERGE ##### Thu May 22 02:35:43 2003

Elapsed time: 65 seconds
Total loop: 113 generations

Result : 187.501

1 20 30 52 45 43 2 14 41 46 6 50 27 21 7 37 53 12 26 42 25 19 51 39 4 5 17 38 40 24 35 31 32 10 54 36 8 3 15 44 29 49 23 47 48 34 9 18 22 28 11 33 13 16 

 1 20 30 52 45 43	 => 191
 2 43 45 14 41 46	 => 191
 6 46 41 50 27 21	 => 191
 30 7 37 53 12 52	 => 191
 45 52 12 26 42 14	 => 191
 41 14 42 25 19 50	 => 191
 27 50 19 51 39 4	 => 190
 37 5 17 38 40 53	 => 190
 12 53 40 24 35 26	 => 190
 42 26 35 31 32 25	 => 191
 19 25 32 10 54 51	 => 191
 39 51 54 36 8 3	 => 191
 40 38 15 44 29 24	 => 190
 35 24 29 49 23 31	 => 191
 32 31 23 47 48 10	 => 191
 54 10 48 34 9 36	 => 191
 29 44 18 22 28 49	 => 190
 23 49 28 11 33 47	 => 191
 48 47 33 13 16 34	 => 191


===================[TEST 17]===================

##### START ##### Thu May 22 02:35:43 2003



##### CONVERGE ##### Thu May 22 02:36:57 2003

Elapsed time: 74 seconds
Total loop: 131 generations

Result : 187.478

19 4 44 52 40 31 15 16 46 42 13 50 32 7 10 33 43 8 51 23 30 25 37 45 1 9 24 35 47 14 27 21 39 18 41 53 2 12 6 34 54 49 26 48 38 29 11 20 5 28 3 36 17 22 

 19 4 44 52 40 31	 => 190
 15 31 40 16 46 42	 => 190
 13 42 46 50 32 7	 => 190
 44 10 33 43 8 52	 => 190
 40 52 8 51 23 16	 => 190
 46 16 23 30 25 50	 => 190
 32 50 25 37 45 1	 => 190
 33 9 24 35 47 43	 => 191
 8 43 47 14 27 51	 => 190
 23 51 27 21 39 30	 => 191
 25 30 39 18 41 37	 => 190
 45 37 41 53 2 12	 => 190
 47 35 6 34 54 14	 => 190
 27 14 54 49 26 21	 => 191
 39 21 26 48 38 18	 => 190
 41 18 38 29 11 53	 => 190
 54 34 20 5 28 49	 => 190
 26 49 28 3 36 48	 => 190
 38 48 36 17 22 29	 => 190


===================[TEST 18]===================

##### START ##### Thu May 22 02:36:57 2003



##### CONVERGE ##### Thu May 22 02:37:55 2003

Elapsed time: 58 seconds
Total loop: 101 generations

Result : 187.163

17 9 44 48 45 27 1 24 52 41 11 47 33 6 2 30 39 26 19 28 25 14 53 35 8 13 22 37 49 20 36 50 31 16 51 38 10 3 29 32 23 54 7 40 46 34 5 18 21 42 4 43 12 15 

 17 9 44 48 45 27	 => 190
 1 27 45 24 52 41	 => 190
 11 41 52 47 33 6	 => 190
 44 2 30 39 26 48	 => 189
 45 48 26 19 28 24	 => 190
 52 24 28 25 14 47	 => 190
 33 47 14 53 35 8	 => 190
 30 13 22 37 49 39	 => 190
 26 39 49 20 36 19	 => 189
 28 19 36 50 31 25	 => 189
 14 25 31 16 51 53	 => 190
 35 53 51 38 10 3	 => 190
 49 37 29 32 23 20	 => 190
 36 20 23 54 7 50	 => 190
 31 50 7 40 46 16	 => 190
 51 16 46 34 5 38	 => 190
 23 32 18 21 42 54	 => 190
 7 54 42 4 43 40	 => 190
 46 40 43 12 15 34	 => 190


===================[TEST 19]===================

##### START ##### Thu May 22 02:37:55 2003



##### CONVERGE ##### Thu May 22 02:39:15 2003

Elapsed time: 80 seconds
Total loop: 140 generations

Result : 188.306

18 7 43 48 41 33 4 20 54 38 15 50 32 1 2 39 45 13 44 24 34 8 37 52 11 16 9 28 53 10 25 27 36 26 49 35 12 5 23 29 47 51 30 40 31 46 3 22 19 21 6 42 17 14 

 18 7 43 48 41 33	 => 190
 4 33 41 20 54 38	 => 190
 15 38 54 50 32 1	 => 190
 43 2 39 45 13 48	 => 190
 41 48 13 44 24 20	 => 190
 54 20 24 34 8 50	 => 190
 32 50 8 37 52 11	 => 190
 39 16 9 28 53 45	 => 190
 13 45 53 10 25 44	 => 190
 24 44 25 27 36 34	 => 190
 8 34 36 26 49 37	 => 190
 52 37 49 35 12 5	 => 190
 53 28 23 29 47 10	 => 190
 25 10 47 51 30 27	 => 190
 36 27 30 40 31 26	 => 190
 49 26 31 46 3 35	 => 190
 47 29 22 19 21 51	 => 189
 30 51 21 6 42 40	 => 190
 31 40 42 17 14 46	 => 190


===================[TEST 20]===================

##### START ##### Thu May 22 02:39:15 2003



##### CONVERGE ##### Thu May 22 02:40:15 2003

Elapsed time: 60 seconds
Total loop: 106 generations

Result : 187.616

16 6 22 43 52 51 2 9 47 29 15 54 34 11 19 53 36 17 31 38 30 12 50 33 7 8 10 41 42 25 39 28 24 26 49 37 3 18 4 45 32 46 20 48 44 21 13 27 5 35 1 40 14 23 

 16 6 22 43 52 51	 => 190
 2 51 52 9 47 29	 => 190
 15 29 47 54 34 11	 => 190
 22 19 53 36 17 43	 => 190
 52 43 17 31 38 9	 => 190
 47 9 38 30 12 54	 => 190
 34 54 12 50 33 7	 => 190
 53 8 10 41 42 36	 => 190
 17 36 42 25 39 31	 => 190
 38 31 39 28 24 30	 => 190
 12 30 24 26 49 50	 => 191
 33 50 49 37 3 18	 => 190
 42 41 4 45 32 25	 => 189
 39 25 32 46 20 28	 => 190
 24 28 20 48 44 26	 => 190
 49 26 44 21 13 37	 => 190
 32 45 27 5 35 46	 => 190
 20 46 35 1 40 48	 => 190
 44 48 40 14 23 21	 => 190


===================[TEST 21]===================

##### START ##### Thu May 22 02:40:15 2003



##### CONVERGE ##### Thu May 22 02:41:39 2003

Elapsed time: 84 seconds
Total loop: 146 generations

Result : 187.64

9 12 30 51 36 52 3 16 46 37 7 54 31 15 2 43 44 20 35 32 18 24 53 23 5 6 17 33 47 10 34 42 28 19 48 41 21 4 22 38 40 50 13 49 39 29 14 26 11 25 8 45 27 1 

 9 12 30 51 36 52	 => 190
 3 52 36 16 46 37	 => 190
 7 37 46 54 31 15	 => 190
 30 2 43 44 20 51	 => 190
 36 51 20 35 32 16	 => 190
 46 16 32 18 24 54	 => 190
 31 54 24 53 23 5	 => 190
 43 6 17 33 47 44	 => 190
 20 44 47 10 34 35	 => 190
 32 35 34 42 28 18	 => 189
 24 18 28 19 48 53	 => 190
 23 53 48 41 21 4	 => 190
 47 33 22 38 40 10	 => 190
 34 10 40 50 13 42	 => 189
 28 42 13 49 39 19	 => 190
 48 19 39 29 14 41	 => 190
 40 38 26 11 25 50	 => 190
 13 50 25 8 45 49	 => 190
 39 49 45 27 1 29	 => 190


===================[TEST 22]===================

##### START ##### Thu May 22 02:41:39 2003



##### CONVERGE ##### Thu May 22 02:42:57 2003

Elapsed time: 78 seconds
Total loop: 138 generations

Result : 187.501

9 22 41 47 42 30 7 21 51 40 3 49 43 5 10 26 48 19 38 24 27 18 50 29 1 17 15 52 33 25 28 34 39 13 44 31 20 16 8 36 37 53 14 46 45 54 4 6 23 35 11 32 2 12 

 9 22 41 47 42 30	 => 191
 7 30 42 21 51 40	 => 191
 3 40 51 49 43 5	 => 191
 41 10 26 48 19 47	 => 191
 42 47 19 38 24 21	 => 191
 51 21 24 27 18 49	 => 190
 43 49 18 50 29 1	 => 190
 26 17 15 52 33 48	 => 191
 19 48 33 25 28 38	 => 191
 24 38 28 34 39 27	 => 190
 18 27 39 13 44 50	 => 191
 29 50 44 31 20 16	 => 190
 33 52 8 36 37 25	 => 191
 28 25 37 53 14 34	 => 191
 39 34 14 46 45 13	 => 191
 44 13 45 54 4 31	 => 191
 37 36 6 23 35 53	 => 190
 14 53 35 11 32 46	 => 191
 45 46 32 2 12 54	 => 191


===================[TEST 23]===================

##### START ##### Thu May 22 02:42:57 2003



##### CONVERGE ##### Thu May 22 02:44:14 2003

Elapsed time: 77 seconds
Total loop: 135 generations

Result : 186.794

5 23 28 50 38 46 3 18 45 40 17 42 35 11 7 32 51 21 29 33 44 8 53 43 9 13 22 25 47 16 26 30 27 19 39 41 10 4 1 52 48 36 34 49 31 54 6 15 2 37 14 20 24 12 

 5 23 28 50 38 46	 => 190
 3 46 38 18 45 40	 => 190
 17 40 45 42 35 11	 => 190
 28 7 32 51 21 50	 => 189
 38 50 21 29 33 18	 => 189
 45 18 33 44 8 42	 => 190
 35 42 8 53 43 9	 => 190
 32 13 22 25 47 51	 => 190
 21 51 47 16 26 29	 => 190
 33 29 26 30 27 44	 => 189
 8 44 27 19 39 53	 => 190
 43 53 39 41 10 4	 => 190
 47 25 1 52 48 16	 => 189
 26 16 48 36 34 30	 => 190
 27 30 34 49 31 19	 => 190
 39 19 31 54 6 41	 => 190
 48 52 15 2 37 36	 => 190
 34 36 37 14 20 49	 => 190
 31 49 20 24 12 54	 => 190


===================[TEST 24]===================

##### START ##### Thu May 22 02:44:14 2003



##### CONVERGE ##### Thu May 22 02:45:27 2003

Elapsed time: 73 seconds
Total loop: 127 generations

Result : 187.616

1 21 37 52 40 38 14 12 53 33 13 44 41 6 3 32 48 18 22 46 25 10 47 42 7 29 8 23 50 16 36 30 31 26 51 28 5 17 19 39 43 45 20 34 49 27 9 4 24 35 2 54 11 15 

 1 21 37 52 40 38	 => 189
 14 38 40 12 53 33	 => 190
 13 33 53 44 41 6	 => 190
 37 3 32 48 18 52	 => 190
 40 52 18 22 46 12	 => 190
 53 12 46 25 10 44	 => 190
 41 44 10 47 42 7	 => 191
 32 29 8 23 50 48	 => 190
 18 48 50 16 36 22	 => 190
 46 22 36 30 31 25	 => 190
 10 25 31 26 51 47	 => 190
 42 47 51 28 5 17	 => 190
 50 23 19 39 43 16	 => 190
 36 16 43 45 20 30	 => 190
 31 30 20 34 49 26	 => 190
 51 26 49 27 9 28	 => 190
 43 39 4 24 35 45	 => 190
 20 45 35 2 54 34	 => 190
 49 34 54 11 15 27	 => 190


===================[TEST 25]===================

##### START ##### Thu May 22 02:45:27 2003



##### CONVERGE ##### Thu May 22 02:46:30 2003

Elapsed time: 63 seconds
Total loop: 111 generations

Result : 188.306

4 3 42 50 44 47 11 9 54 25 10 37 45 19 7 29 38 24 23 40 35 15 48 33 12 27 16 31 49 20 36 22 34 6 52 51 1 5 8 39 43 41 28 46 53 26 2 21 14 32 13 30 18 17 

 4 3 42 50 44 47	 => 190
 11 47 44 9 54 25	 => 190
 10 25 54 37 45 19	 => 190
 42 7 29 38 24 50	 => 190
 44 50 24 23 40 9	 => 190
 54 9 40 35 15 37	 => 190
 45 37 15 48 33 12	 => 190
 29 27 16 31 49 38	 => 190
 24 38 49 20 36 23	 => 190
 40 23 36 22 34 35	 => 190
 15 35 34 6 52 48	 => 190
 33 48 52 51 1 5	 => 190
 49 31 8 39 43 20	 => 190
 36 20 43 41 28 22	 => 190
 34 22 28 46 53 6	 => 189
 52 6 53 26 2 51	 => 190
 43 39 21 14 32 41	 => 190
 28 41 32 13 30 46	 => 190
 53 46 30 18 17 26	 => 190


===================[TEST 26]===================

##### START ##### Thu May 22 02:46:30 2003



##### CONVERGE ##### Thu May 22 02:48:24 2003

Elapsed time: 114 seconds
Total loop: 200 generations

Result : 188.306

12 31 29 47 41 30 8 26 52 33 7 42 46 9 20 39 40 15 37 24 44 2 43 36 21 3 6 49 53 17 28 25 32 19 50 34 14 13 1 22 48 54 18 51 45 38 4 23 16 27 5 35 11 10 

 12 31 29 47 41 30	 => 190
 8 30 41 26 52 33	 => 190
 7 33 52 42 46 9	 => 189
 29 20 39 40 15 47	 => 190
 41 47 15 37 24 26	 => 190
 52 26 24 44 2 42	 => 190
 46 42 2 43 36 21	 => 190
 39 3 6 49 53 40	 => 190
 15 40 53 17 28 37	 => 190
 24 37 28 25 32 44	 => 190
 2 44 32 19 50 43	 => 190
 36 43 50 34 14 13	 => 190
 53 49 1 22 48 17	 => 190
 28 17 48 54 18 25	 => 190
 32 25 18 51 45 19	 => 190
 50 19 45 38 4 34	 => 190
 48 22 23 16 27 54	 => 190
 18 54 27 5 35 51	 => 190
 45 51 35 11 10 38	 => 190


===================[TEST 27]===================

##### START ##### Thu May 22 02:48:24 2003



##### CONVERGE ##### Thu May 22 02:49:52 2003

Elapsed time: 88 seconds
Total loop: 155 generations

Result : 187.85

5 4 39 49 47 46 19 7 42 29 9 48 51 11 2 41 45 14 35 38 40 15 34 36 6 10 17 27 50 22 24 32 21 26 54 25 18 23 3 37 52 33 28 30 53 31 1 16 8 44 12 43 13 20 

 5 4 39 49 47 46	 => 190
 19 46 47 7 42 29	 => 190
 9 29 42 48 51 11	 => 190
 39 2 41 45 14 49	 => 190
 47 49 14 35 38 7	 => 190
 42 7 38 40 15 48	 => 190
 51 48 15 34 36 6	 => 190
 41 10 17 27 50 45	 => 190
 14 45 50 22 24 35	 => 190
 38 35 24 32 21 40	 => 190
 15 40 21 26 54 34	 => 190
 36 34 54 25 18 23	 => 190
 50 27 3 37 52 22	 => 191
 24 22 52 33 28 32	 => 191
 21 32 28 30 53 26	 => 190
 54 26 53 31 1 25	 => 190
 52 37 16 8 44 33	 => 190
 28 33 44 12 43 30	 => 190
 53 30 43 13 20 31	 => 190

14 18 34 33 41 47 1 19 52 27 36 44 23 5 2 48 39 31 17 46 22 4 54 37 25 8 6 35 51 21 28 50 24 30 53 10 26 7 11 29 40 45 3 42 38 43 13 9 15 49 16 32 12 20 

 14 18 34 33 41 47	 => 187
 1 47 41 19 52 27	 => 187
 36 27 52 44 23 5	 => 187
 34 2 48 39 31 33	 => 187
 41 33 31 17 46 19	 => 187
 52 19 46 22 4 44	 => 187
 23 44 4 54 37 25	 => 187
 48 8 6 35 51 39	 => 187
 31 39 51 21 28 17	 => 187
 46 17 28 50 24 22	 => 187
 4 22 24 30 53 54	 => 187
 37 54 53 10 26 7	 => 187
 51 35 11 29 40 21	 => 187
 28 21 40 45 3 50	 => 187
 24 50 3 42 38 30	 => 187
 53 30 38 43 13 10	 => 187
 40 29 9 15 49 45	 => 187
 3 45 49 16 32 42	 => 187
 38 42 32 12 20 43	 => 187


===================[TEST 28]===================

##### START ##### Thu May 22 02:49:52 2003



##### CONVERGE ##### Thu May 22 02:50:58 2003

Elapsed time: 66 seconds
Total loop: 116 generations

Result : 187.268

11 8 43 48 54 27 7 23 49 31 22 44 28 17 1 39 47 12 24 30 40 5 50 45 19 13 4 36 52 21 35 29 32 26 37 25 15 18 2 33 46 51 9 53 42 41 20 10 16 34 6 38 3 14 

 11 8 43 48 54 27	 => 191
 7 27 54 23 49 31	 => 191
 22 31 49 44 28 17	 => 191
 43 1 39 47 12 48	 => 190
 54 48 12 24 30 23	 => 191
 49 23 30 40 5 44	 => 191
 28 44 5 50 45 19	 => 191
 39 13 4 36 52 47	 => 191
 12 47 52 21 35 24	 => 191
 30 24 35 29 32 40	 => 190
 5 40 32 26 37 50	 => 190
 45 50 37 25 15 18	 => 190
 52 36 2 33 46 21	 => 190
 35 21 46 51 9 29	 => 191
 32 29 9 53 42 26	 => 191
 37 26 42 41 20 25	 => 191
 46 33 10 16 34 51	 => 190
 9 51 34 6 38 53	 => 191
 42 53 38 3 14 41	 => 191


===================[TEST 29]===================

##### START ##### Thu May 22 02:50:58 2003



##### CONVERGE ##### Thu May 22 02:52:23 2003

Elapsed time: 85 seconds
Total loop: 148 generations

Result : 187.85

13 28 41 32 49 27 2 24 50 38 16 48 30 9 12 37 46 22 34 29 20 19 51 35 7 17 8 42 40 15 33 31 43 10 47 25 14 18 3 54 36 52 23 39 44 53 11 1 21 26 5 45 4 6 

 13 28 41 32 49 27	 => 190
 2 27 49 24 50 38	 => 190
 16 38 50 48 30 9	 => 191
 41 12 37 46 22 32	 => 190
 49 32 22 34 29 24	 => 190
 50 24 29 20 19 48	 => 190
 30 48 19 51 35 7	 => 190
 37 17 8 42 40 46	 => 190
 22 46 40 15 33 34	 => 190
 29 34 33 31 43 20	 => 190
 19 20 43 10 47 51	 => 190
 35 51 47 25 14 18	 => 190
 40 42 3 54 36 15	 => 190
 33 15 36 52 23 31	 => 190
 43 31 23 39 44 10	 => 190
 47 10 44 53 11 25	 => 190
 36 54 1 21 26 52	 => 190
 23 52 26 5 45 39	 => 190
 44 39 45 4 6 53	 => 191


===================[TEST 30]===================

##### START ##### Thu May 22 02:52:23 2003



##### CONVERGE ##### Thu May 22 02:54:08 2003

Elapsed time: 105 seconds
Total loop: 184 generations

Result : 187.616

6 1 45 53 41 44 7 27 38 33 18 48 40 13 4 37 35 16 23 30 39 8 49 36 9 25 14 29 50 21 46 32 20 22 52 31 19 2 5 43 42 34 15 54 47 28 10 17 3 51 12 24 26 11 

 6 1 45 53 41 44	 => 190
 7 44 41 27 38 33	 => 190
 18 33 38 48 40 13	 => 190
 45 4 37 35 16 53	 => 190
 41 53 16 23 30 27	 => 190
 38 27 30 39 8 48	 => 190
 40 48 8 49 36 9	 => 190
 37 25 14 29 50 35	 => 190
 16 35 50 21 46 23	 => 191
 30 23 46 32 20 39	 => 190
 8 39 20 22 52 49	 => 190
 36 49 52 31 19 2	 => 189
 50 29 5 43 42 21	 => 190
 46 21 42 34 15 32	 => 190
 20 32 15 54 47 22	 => 190
 52 22 47 28 10 31	 => 190
 42 43 17 3 51 34	 => 190
 15 34 51 12 24 54	 => 190
 47 54 24 26 11 28	 => 190


===================[TEST 31]===================

##### START ##### Thu May 22 02:54:08 2003



##### CONVERGE ##### Thu May 22 02:55:20 2003

Elapsed time: 72 seconds
Total loop: 127 generations

Result : 187.501

2 16 35 45 54 38 9 15 47 28 20 48 39 8 7 44 46 13 33 31 26 24 49 27 4 18 5 25 53 12 34 30 37 11 43 32 19 21 14 36 51 42 22 41 50 52 3 10 23 29 17 40 6 1 

 2 16 35 45 54 38	 => 190
 9 38 54 15 47 28	 => 191
 20 28 47 48 39 8	 => 190
 35 7 44 46 13 45	 => 190
 54 45 13 33 31 15	 => 191
 47 15 31 26 24 48	 => 191
 39 48 24 49 27 4	 => 191
 44 18 5 25 53 46	 => 191
 13 46 53 12 34 33	 => 191
 31 33 34 30 37 26	 => 191
 24 26 37 11 43 49	 => 190
 27 49 43 32 19 21	 => 191
 53 25 14 36 51 12	 => 191
 34 12 51 42 22 30	 => 191
 37 30 22 41 50 11	 => 191
 43 11 50 52 3 32	 => 191
 51 36 10 23 29 42	 => 191
 22 42 29 17 40 41	 => 191
 50 41 40 6 1 52	 => 190


===================[TEST 32]===================

##### START ##### Thu May 22 02:55:20 2003



##### CONVERGE ##### Thu May 22 02:56:09 2003

Elapsed time: 49 seconds
Total loop: 86 generations

Result (Solution) : 190

12 22 34 45 46 31 11 13 38 51 8 41 28 24 19 25 49 18 20 48 33 17 52 47 5 6 14 42 54 26 23 37 29 15 44 39 7 1 3 30 35 53 16 43 50 32 10 9 27 36 2 40 21 4 

 12 22 34 45 46 31	 => 190
 11 31 46 13 38 51	 => 190
 8 51 38 41 28 24	 => 190
 34 19 25 49 18 45	 => 190
 46 45 18 20 48 13	 => 190
 38 13 48 33 17 41	 => 190
 28 41 17 52 47 5	 => 190
 25 6 14 42 54 49	 => 190
 18 49 54 26 23 20	 => 190
 48 20 23 37 29 33	 => 190
 17 33 29 15 44 52	 => 190
 47 52 44 39 7 1	 => 190
 54 42 3 30 35 26	 => 190
 23 26 35 53 16 37	 => 190
 29 37 16 43 50 15	 => 190
 44 15 50 32 10 39	 => 190
 35 30 9 27 36 53	 => 190
 16 53 36 2 40 43	 => 190
 50 43 40 21 4 32	 => 190


===================[TEST 33]===================

##### START ##### Thu May 22 02:56:09 2003



##### CONVERGE ##### Thu May 22 02:57:04 2003

Elapsed time: 55 seconds
Total loop: 95 generations

Result : 187.85

26 2 42 33 48 39 1 19 46 37 3 50 34 20 9 54 40 12 47 31 29 15 52 35 4 16 14 30 36 18 38 17 28 22 44 25 24 10 21 45 41 53 23 49 51 43 5 11 8 32 6 27 13 7 

 26 2 42 33 48 39	 => 190
 1 39 48 19 46 37	 => 190
 3 37 46 50 34 20	 => 190
 42 9 54 40 12 33	 => 190
 48 33 12 47 31 19	 => 190
 46 19 31 29 15 50	 => 190
 34 50 15 52 35 4	 => 190
 54 16 14 30 36 40	 => 190
 12 40 36 18 38 47	 => 191
 31 47 38 17 28 29	 => 190
 15 29 28 22 44 52	 => 190
 35 52 44 25 24 10	 => 190
 36 30 21 45 41 18	 => 191
 38 18 41 53 23 17	 => 190
 28 17 23 49 51 22	 => 190
 44 22 51 43 5 25	 => 190
 41 45 11 8 32 53	 => 190
 23 53 32 6 27 49	 => 190
 51 49 27 13 7 43	 => 190


===================[TEST 34]===================

##### START ##### Thu May 22 02:57:04 2003



##### CONVERGE ##### Thu May 22 02:58:21 2003

Elapsed time: 77 seconds
Total loop: 135 generations

Result : 187.64

24 4 42 47 41 32 5 18 54 40 2 39 48 7 12 29 50 10 43 31 33 15 45 22 21 11 16 38 46 17 23 35 25 19 53 44 20 6 1 51 37 52 26 49 36 34 3 13 9 28 8 27 14 30 

 24 4 42 47 41 32	 => 190
 5 32 41 18 54 40	 => 190
 2 40 54 39 48 7	 => 190
 42 12 29 50 10 47	 => 190
 41 47 10 43 31 18	 => 190
 54 18 31 33 15 39	 => 190
 48 39 15 45 22 21	 => 190
 29 11 16 38 46 50	 => 190
 10 50 46 17 23 43	 => 189
 31 43 23 35 25 33	 => 190
 15 33 25 19 53 45	 => 190
 22 45 53 44 20 6	 => 190
 46 38 1 51 37 17	 => 190
 23 17 37 52 26 35	 => 190
 25 35 26 49 36 19	 => 190
 53 19 36 34 3 44	 => 189
 37 51 13 9 28 52	 => 190
 26 52 28 8 27 49	 => 190
 36 49 27 14 30 34	 => 190


===================[TEST 35]===================

##### START ##### Thu May 22 02:58:21 2003



##### CONVERGE ##### Thu May 22 02:59:38 2003

Elapsed time: 77 seconds
Total loop: 135 generations

Result : 188.412

6 2 33 51 44 54 5 17 39 31 13 50 48 9 7 41 40 18 26 34 46 4 52 35 1 3 16 37 53 25 28 27 29 24 36 43 10 14 11 15 49 38 23 42 45 30 12 19 22 47 8 32 20 21 

 6 2 33 51 44 54	 => 190
 5 54 44 17 39 31	 => 190
 13 31 39 50 48 9	 => 190
 33 7 41 40 18 51	 => 190
 44 51 18 26 34 17	 => 190
 39 17 34 46 4 50	 => 190
 48 50 4 52 35 1	 => 190
 41 3 16 37 53 40	 => 190
 18 40 53 25 28 26	 => 190
 34 26 28 27 29 46	 => 190
 4 46 29 24 36 52	 => 191
 35 52 36 43 10 14	 => 190
 53 37 11 15 49 25	 => 190
 28 25 49 38 23 27	 => 190
 29 27 23 42 45 24	 => 190
 36 24 45 30 12 43	 => 190
 49 15 19 22 47 38	 => 190
 23 38 47 8 32 42	 => 190
 45 42 32 20 21 30	 => 190


===================[TEST 36]===================

##### START ##### Thu May 22 02:59:38 2003



##### CONVERGE ##### Thu May 22 03:00:49 2003

Elapsed time: 71 seconds
Total loop: 125 generations

Result (Solution) : 190

7 13 33 54 48 35 6 19 40 42 14 53 38 3 22 29 51 1 24 44 25 9 47 41 2 4 23 34 49 28 37 21 39 18 52 32 8 10 5 31 43 45 16 46 50 26 12 15 20 36 17 30 27 11 

 7 13 33 54 48 35	 => 190
 6 35 48 19 40 42	 => 190
 14 42 40 53 38 3	 => 190
 33 22 29 51 1 54	 => 190
 48 54 1 24 44 19	 => 190
 40 19 44 25 9 53	 => 190
 38 53 9 47 41 2	 => 190
 29 4 23 34 49 51	 => 190
 1 51 49 28 37 24	 => 190
 44 24 37 21 39 25	 => 190
 9 25 39 18 52 47	 => 190
 41 47 52 32 8 10	 => 190
 49 34 5 31 43 28	 => 190
 37 28 43 45 16 21	 => 190
 39 21 16 46 50 18	 => 190
 52 18 50 26 12 32	 => 190
 43 31 15 20 36 45	 => 190
 16 45 36 17 30 46	 => 190
 50 46 30 27 11 26	 => 190


===================[TEST 37]===================

##### START ##### Thu May 22 03:00:49 2003



##### CONVERGE ##### Thu May 22 03:02:10 2003

Elapsed time: 81 seconds
Total loop: 142 generations

Result : 187.306

11 6 28 50 40 54 5 10 35 45 8 53 33 15 4 34 52 21 32 36 29 26 48 27 2 9 20 25 49 17 18 44 30 19 37 47 23 7 1 46 51 43 16 38 42 41 3 14 12 22 39 31 13 24 

 11 6 28 50 40 54	 => 189
 5 54 40 10 35 45	 => 189
 8 45 35 53 33 15	 => 189
 28 4 34 52 21 50	 => 189
 40 50 21 32 36 10	 => 189
 35 10 36 29 26 53	 => 189
 33 53 26 48 27 2	 => 189
 34 9 20 25 49 52	 => 189
 21 52 49 17 18 32	 => 189
 36 32 18 44 30 29	 => 189
 26 29 30 19 37 48	 => 189
 27 48 37 47 23 7	 => 189
 49 25 1 46 51 17	 => 189
 18 17 51 43 16 44	 => 189
 30 44 16 38 42 19	 => 189
 37 19 42 41 3 47	 => 189
 51 46 14 12 22 43	 => 188
 16 43 22 39 31 38	 => 189
 42 38 31 13 24 41	 => 189


===================[TEST 38]===================

##### START ##### Thu May 22 03:02:10 2003



##### CONVERGE ##### Thu May 22 03:03:40 2003

Elapsed time: 90 seconds
Total loop: 158 generations

Result : 187.85

7 23 19 53 38 50 2 22 48 30 10 54 29 20 14 36 52 16 37 24 27 15 45 43 5 25 3 35 39 12 34 40 28 26 49 32 13 8 11 42 51 44 9 41 46 33 4 21 1 31 18 47 6 17 

 7 23 19 53 38 50	 => 190
 2 50 38 22 48 30	 => 190
 10 30 48 54 29 20	 => 191
 19 14 36 52 16 53	 => 190
 38 53 16 37 24 22	 => 190
 48 22 24 27 15 54	 => 190
 29 54 15 45 43 5	 => 191
 36 25 3 35 39 52	 => 190
 16 52 39 12 34 37	 => 190
 24 37 34 40 28 27	 => 190
 15 27 28 26 49 45	 => 190
 43 45 49 32 13 8	 => 190
 39 35 11 42 51 12	 => 190
 34 12 51 44 9 40	 => 190
 28 40 9 41 46 26	 => 190
 49 26 46 33 4 32	 => 190
 51 42 21 1 31 44	 => 190
 9 44 31 18 47 41	 => 190
 46 41 47 6 17 33	 => 190


===================[TEST 39]===================

##### START ##### Thu May 22 03:03:40 2003



##### CONVERGE ##### Thu May 22 03:05:01 2003

Elapsed time: 81 seconds
Total loop: 141 generations

Result : 187.85

22 3 29 51 44 41 1 11 43 50 13 45 30 10 2 49 47 12 26 46 24 21 53 33 8 7 5 28 54 19 32 38 25 31 36 37 14 17 15 34 40 52 9 48 39 27 20 6 16 42 4 35 18 23 

 22 3 29 51 44 41	 => 190
 1 41 44 11 43 50	 => 190
 13 50 43 45 30 10	 => 191
 29 2 49 47 12 51	 => 190
 44 51 12 26 46 11	 => 190
 43 11 46 24 21 45	 => 190
 30 45 21 53 33 8	 => 190
 49 7 5 28 54 47	 => 190
 12 47 54 19 32 26	 => 190
 46 26 32 38 25 24	 => 191
 21 24 25 31 36 53	 => 190
 33 53 36 37 14 17	 => 190
 54 28 15 34 40 19	 => 190
 32 19 40 52 9 38	 => 190
 25 38 9 48 39 31	 => 190
 36 31 39 27 20 37	 => 190
 40 34 6 16 42 52	 => 190
 9 52 42 4 35 48	 => 190
 39 48 35 18 23 27	 => 190


===================[TEST 40]===================

##### START ##### Thu May 22 03:05:01 2003



##### CONVERGE ##### Thu May 22 03:05:45 2003

Elapsed time: 44 seconds
Total loop: 77 generations

Result : 186.85

8 11 30 52 38 50 20 26 40 15 19 48 53 14 1 41 36 29 23 21 33 22 39 25 2 10 16 35 51 17 34 46 32 18 45 47 24 9 13 42 31 54 7 37 49 27 3 6 12 44 4 43 28 5 

 8 11 30 52 38 50	 => 189
 20 50 38 26 40 15	 => 189
 19 15 40 48 53 14	 => 189
 30 1 41 36 29 52	 => 189
 38 52 29 23 21 26	 => 189
 40 26 21 33 22 48	 => 190
 53 48 22 39 25 2	 => 189
 41 10 16 35 51 36	 => 189
 29 36 51 17 34 23	 => 190
 21 23 34 46 32 33	 => 189
 22 33 32 18 45 39	 => 189
 25 39 45 47 24 9	 => 189
 51 35 13 42 31 17	 => 189
 34 17 31 54 7 46	 => 189
 32 46 7 37 49 18	 => 189
 45 18 49 27 3 47	 => 189
 31 42 6 12 44 54	 => 189
 7 54 44 4 43 37	 => 189
 49 37 43 28 5 27	 => 189


===================[TEST 41]===================

##### START ##### Thu May 22 03:05:45 2003



##### CONVERGE ##### Thu May 22 03:07:01 2003

Elapsed time: 76 seconds
Total loop: 133 generations

Result : 187.306

20 17 38 31 46 37 2 16 35 53 22 48 23 8 12 47 54 6 40 50 21 19 43 49 7 5 13 36 34 27 28 24 26 29 51 32 4 10 1 39 52 33 25 41 44 18 15 9 14 42 3 45 30 11 

 20 17 38 31 46 37	 => 189
 2 37 46 16 35 53	 => 189
 22 53 35 48 23 8	 => 189
 38 12 47 54 6 31	 => 188
 46 31 6 40 50 16	 => 189
 35 16 50 21 19 48	 => 189
 23 48 19 43 49 7	 => 189
 47 5 13 36 34 54	 => 189
 6 54 34 27 28 40	 => 189
 50 40 28 24 26 21	 => 189
 19 21 26 29 51 43	 => 189
 49 43 51 32 4 10	 => 189
 34 36 1 39 52 27	 => 189
 28 27 52 33 25 24	 => 189
 26 24 25 41 44 29	 => 189
 51 29 44 18 15 32	 => 189
 52 39 9 14 42 33	 => 189
 25 33 42 3 45 41	 => 189
 44 41 45 30 11 18	 => 189


===================[TEST 42]===================

##### START ##### Thu May 22 03:07:01 2003



##### CONVERGE ##### Thu May 22 03:08:05 2003

Elapsed time: 64 seconds
Total loop: 112 generations

Result : 187.412

18 26 37 51 29 28 25 11 53 43 12 50 30 1 4 27 39 31 21 46 16 13 54 32 10 23 24 34 42 20 36 22 48 14 44 47 9 3 6 35 52 40 19 41 45 33 7 8 5 49 2 38 17 15 

 18 26 37 51 29 28	 => 189
 25 28 29 11 53 43	 => 189
 12 43 53 50 30 1	 => 189
 37 4 27 39 31 51	 => 189
 29 51 31 21 46 11	 => 189
 53 11 46 16 13 50	 => 189
 30 50 13 54 32 10	 => 189
 27 23 24 34 42 39	 => 189
 31 39 42 20 36 21	 => 189
 46 21 36 22 48 16	 => 189
 13 16 48 14 44 54	 => 189
 32 54 44 47 9 3	 => 189
 42 34 6 35 52 20	 => 189
 36 20 52 40 19 22	 => 189
 48 22 19 41 45 14	 => 189
 44 14 45 33 7 47	 => 190
 52 35 8 5 49 40	 => 189
 19 40 49 2 38 41	 => 189
 45 41 38 17 15 33	 => 189


===================[TEST 43]===================

##### START ##### Thu May 22 03:08:05 2003



##### CONVERGE ##### Thu May 22 03:09:24 2003

Elapsed time: 79 seconds
Total loop: 139 generations

Result : 187.616

10 11 38 44 53 34 15 14 51 23 16 45 49 6 4 32 50 22 29 28 40 12 52 30 2 8 7 54 39 17 33 41 18 20 48 31 3 26 1 36 43 37 19 46 47 35 9 5 27 42 21 25 13 24 

 10 11 38 44 53 34	 => 190
 15 34 53 14 51 23	 => 190
 16 23 51 45 49 6	 => 190
 38 4 32 50 22 44	 => 190
 53 44 22 29 28 14	 => 190
 51 14 28 40 12 45	 => 190
 49 45 12 52 30 2	 => 190
 32 8 7 54 39 50	 => 190
 22 50 39 17 33 29	 => 190
 28 29 33 41 18 40	 => 189
 12 40 18 20 48 52	 => 190
 30 52 48 31 3 26	 => 190
 39 54 1 36 43 17	 => 190
 33 17 43 37 19 41	 => 190
 18 41 19 46 47 20	 => 191
 48 20 47 35 9 31	 => 190
 43 36 5 27 42 37	 => 190
 19 37 42 21 25 46	 => 190
 47 46 25 13 24 35	 => 190


===================[TEST 44]===================

##### START ##### Thu May 22 03:09:24 2003



##### CONVERGE ##### Thu May 22 03:10:48 2003

Elapsed time: 84 seconds
Total loop: 148 generations

Result : 188.306

2 29 33 41 54 31 3 19 45 38 7 36 44 20 12 28 52 24 18 34 51 5 48 47 10 14 17 35 43 23 30 32 25 22 39 37 8 11 1 42 46 50 9 49 53 26 13 4 21 27 15 40 6 16 

 2 29 33 41 54 31	 => 190
 3 31 54 19 45 38	 => 190
 7 38 45 36 44 20	 => 190
 33 12 28 52 24 41	 => 190
 54 41 24 18 34 19	 => 190
 45 19 34 51 5 36	 => 190
 44 36 5 48 47 10	 => 190
 28 14 17 35 43 52	 => 189
 24 52 43 23 30 18	 => 190
 34 18 30 32 25 51	 => 190
 5 51 25 22 39 48	 => 190
 47 48 39 37 8 11	 => 190
 43 35 1 42 46 23	 => 190
 30 23 46 50 9 32	 => 190
 25 32 9 49 53 22	 => 190
 39 22 53 26 13 37	 => 190
 46 42 4 21 27 50	 => 190
 9 50 27 15 40 49	 => 190
 53 49 40 6 16 26	 => 190


===================[TEST 45]===================

##### START ##### Thu May 22 03:10:48 2003



##### CONVERGE ##### Thu May 22 03:12:14 2003

Elapsed time: 86 seconds
Total loop: 150 generations

Result : 188.163

24 18 28 45 47 29 4 20 54 37 2 35 42 21 6 41 48 23 25 31 39 12 46 40 16 15 7 27 53 9 33 30 32 19 43 51 10 1 11 38 52 50 17 49 44 26 8 3 14 34 5 36 22 13 

 24 18 28 45 47 29	 => 191
 4 29 47 20 54 37	 => 191
 2 37 54 35 42 21	 => 191
 28 6 41 48 23 45	 => 191
 47 45 23 25 31 20	 => 191
 54 20 31 39 12 35	 => 191
 42 35 12 46 40 16	 => 191
 41 15 7 27 53 48	 => 191
 23 48 53 9 33 25	 => 191
 31 25 33 30 32 39	 => 190
 12 39 32 19 43 46	 => 191
 40 46 43 51 10 1	 => 191
 53 27 11 38 52 9	 => 190
 33 9 52 50 17 30	 => 191
 32 30 17 49 44 19	 => 191
 43 19 44 26 8 51	 => 191
 52 38 3 14 34 50	 => 191
 17 50 34 5 36 49	 => 191
 44 49 36 22 13 26	 => 190


===================[TEST 46]===================

##### START ##### Thu May 22 03:12:14 2003



##### CONVERGE ##### Thu May 22 03:13:24 2003

Elapsed time: 70 seconds
Total loop: 123 generations

Result : 188.306

10 6 40 54 29 51 5 14 38 53 8 52 36 3 7 26 50 13 39 41 21 23 42 35 2 15 16 49 34 22 32 24 33 25 46 47 9 11 4 37 44 48 20 45 43 28 1 12 18 31 19 27 30 17 

 10 6 40 54 29 51	 => 190
 5 51 29 14 38 53	 => 190
 8 53 38 52 36 3	 => 190
 40 7 26 50 13 54	 => 190
 29 54 13 39 41 14	 => 190
 38 14 41 21 23 52	 => 189
 36 52 23 42 35 2	 => 190
 26 15 16 49 34 50	 => 190
 13 50 34 22 32 39	 => 190
 41 39 32 24 33 21	 => 190
 23 21 33 25 46 42	 => 190
 35 42 46 47 9 11	 => 190
 34 49 4 37 44 22	 => 190
 32 22 44 48 20 24	 => 190
 33 24 20 45 43 25	 => 190
 46 25 43 28 1 47	 => 190
 44 37 12 18 31 48	 => 190
 20 48 31 19 27 45	 => 190
 43 45 27 30 17 28	 => 190


===================[TEST 47]===================

##### START ##### Thu May 22 03:13:24 2003



##### CONVERGE ##### Thu May 22 03:14:43 2003

Elapsed time: 79 seconds
Total loop: 139 generations

Result : 187.85

19 9 40 53 32 37 8 18 43 52 3 45 34 13 2 22 49 24 27 36 25 23 44 38 6 7 15 46 51 12 28 39 35 16 47 30 10 21 11 29 41 50 20 26 54 42 1 5 17 48 14 33 31 4 

 19 9 40 53 32 37	 => 190
 8 37 32 18 43 52	 => 190
 3 52 43 45 34 13	 => 190
 40 2 22 49 24 53	 => 190
 32 53 24 27 36 18	 => 190
 43 18 36 25 23 45	 => 190
 34 45 23 44 38 6	 => 190
 22 7 15 46 51 49	 => 190
 24 49 51 12 28 27	 => 191
 36 27 28 39 35 25	 => 190
 23 25 35 16 47 44	 => 190
 38 44 47 30 10 21	 => 190
 51 46 11 29 41 12	 => 190
 28 12 41 50 20 39	 => 190
 35 39 20 26 54 16	 => 190
 47 16 54 42 1 30	 => 190
 41 29 5 17 48 50	 => 190
 20 50 48 14 33 26	 => 191
 54 26 33 31 4 42	 => 190


===================[TEST 48]===================

##### START ##### Thu May 22 03:14:43 2003



##### CONVERGE ##### Thu May 22 03:15:51 2003

Elapsed time: 68 seconds
Total loop: 119 generations

Result : 188.412

18 3 28 52 44 45 5 16 54 26 19 53 30 8 20 32 51 7 49 22 33 12 48 46 1 24 4 41 38 14 31 21 34 23 40 37 17 2 9 39 50 47 27 42 43 36 11 6 13 35 10 29 15 25 

 18 3 28 52 44 45	 => 190
 5 45 44 16 54 26	 => 190
 19 26 54 53 30 8	 => 190
 28 20 32 51 7 52	 => 190
 44 52 7 49 22 16	 => 190
 54 16 22 33 12 53	 => 190
 30 53 12 48 46 1	 => 190
 32 24 4 41 38 51	 => 190
 7 51 38 14 31 49	 => 190
 22 49 31 21 34 33	 => 190
 12 33 34 23 40 48	 => 190
 46 48 40 37 17 2	 => 190
 38 41 9 39 50 14	 => 191
 31 14 50 47 27 21	 => 190
 34 21 27 42 43 23	 => 190
 40 23 43 36 11 37	 => 190
 50 39 6 13 35 47	 => 190
 27 47 35 10 29 42	 => 190
 43 42 29 15 25 36	 => 190


===================[TEST 49]===================

##### START ##### Thu May 22 03:15:51 2003



##### CONVERGE ##### Thu May 22 03:16:58 2003

Elapsed time: 67 seconds
Total loop: 116 generations

Result : 187.163

23 2 31 53 34 47 1 20 50 38 10 54 32 6 13 41 33 18 28 37 22 7 42 43 12 21 19 26 49 35 27 25 51 16 52 29 15 9 4 30 45 44 14 36 48 40 5 8 24 39 11 46 3 17 

 23 2 31 53 34 47	 => 190
 1 47 34 20 50 38	 => 190
 10 38 50 54 32 6	 => 190
 31 13 41 33 18 53	 => 189
 34 53 18 28 37 20	 => 190
 50 20 37 22 7 54	 => 190
 32 54 7 42 43 12	 => 190
 41 21 19 26 49 33	 => 189
 18 33 49 35 27 28	 => 190
 37 28 27 25 51 22	 => 190
 7 22 51 16 52 42	 => 190
 43 42 52 29 15 9	 => 190
 49 26 4 30 45 35	 => 189
 27 35 45 44 14 25	 => 190
 51 25 14 36 48 16	 => 190
 52 16 48 40 5 29	 => 190
 45 30 8 24 39 44	 => 190
 14 44 39 11 46 36	 => 190
 48 36 46 3 17 40	 => 190


===================[TEST 50]===================

##### START ##### Thu May 22 03:16:58 2003



##### CONVERGE ##### Thu May 22 03:18:20 2003

Elapsed time: 82 seconds
Total loop: 145 generations

Result : 188.412

1 25 47 38 52 27 4 26 48 33 13 42 46 8 7 45 36 17 28 29 30 16 35 49 2 11 10 34 54 14 41 18 44 22 43 39 9 15 12 23 53 40 24 32 50 31 5 3 20 51 6 37 21 19 

 1 25 47 38 52 27	 => 190
 4 27 52 26 48 33	 => 190
 13 33 48 42 46 8	 => 190
 47 7 45 36 17 38	 => 190
 52 38 17 28 29 26	 => 190
 48 26 29 30 16 42	 => 191
 46 42 16 35 49 2	 => 190
 45 11 10 34 54 36	 => 190
 17 36 54 14 41 28	 => 190
 29 28 41 18 44 30	 => 190
 16 30 44 22 43 35	 => 190
 49 35 43 39 9 15	 => 190
 54 34 12 23 53 14	 => 190
 41 14 53 40 24 18	 => 190
 44 18 24 32 50 22	 => 190
 43 22 50 31 5 39	 => 190
 53 23 3 20 51 40	 => 190
 24 40 51 6 37 32	 => 190
 50 32 37 21 19 31	 => 190


===================[TEST 51]===================

##### START ##### Thu May 22 03:18:20 2003



##### CONVERGE ##### Thu May 22 03:19:31 2003

Elapsed time: 71 seconds
Total loop: 123 generations

Result : 188.412

11 7 28 51 44 49 1 5 53 38 12 48 31 8 10 54 26 21 39 30 25 29 33 45 4 18 3 43 46 16 42 20 34 22 47 32 19 15 14 35 36 52 24 40 50 37 2 17 9 41 6 27 13 23 

 11 7 28 51 44 49	 => 190
 1 49 44 5 53 38	 => 190
 12 38 53 48 31 8	 => 190
 28 10 54 26 21 51	 => 190
 44 51 21 39 30 5	 => 190
 53 5 30 25 29 48	 => 190
 31 48 29 33 45 4	 => 190
 54 18 3 43 46 26	 => 190
 21 26 46 16 42 39	 => 190
 30 39 42 20 34 25	 => 190
 29 25 34 22 47 33	 => 190
 45 33 47 32 19 15	 => 191
 46 43 14 35 36 16	 => 190
 42 16 36 52 24 20	 => 190
 34 20 24 40 50 22	 => 190
 47 22 50 37 2 32	 => 190
 36 35 17 9 41 52	 => 190
 24 52 41 6 27 40	 => 190
 50 40 27 13 23 37	 => 190


===================[TEST 52]===================

##### START ##### Thu May 22 03:19:31 2003



##### CONVERGE ##### Thu May 22 03:20:32 2003

Elapsed time: 61 seconds
Total loop: 107 generations

Result : 186.794

22 8 40 50 46 23 21 18 54 28 11 53 42 2 1 39 43 16 45 15 37 13 47 30 5 19 12 48 29 25 32 26 35 24 34 41 10 27 3 36 49 38 20 52 33 51 7 14 9 44 4 31 6 17 

 22 8 40 50 46 23	 => 189
 21 23 46 18 54 28	 => 190
 11 28 54 53 42 2	 => 190
 40 1 39 43 16 50	 => 189
 46 50 16 45 15 18	 => 190
 54 18 15 37 13 53	 => 190
 42 53 13 47 30 5	 => 190
 39 19 12 48 29 43	 => 190
 16 43 29 25 32 45	 => 190
 15 45 32 26 35 37	 => 190
 13 37 35 24 34 47	 => 190
 30 47 34 41 10 27	 => 189
 29 48 3 36 49 25	 => 190
 32 25 49 38 20 26	 => 190
 35 26 20 52 33 24	 => 190
 34 24 33 51 7 41	 => 190
 49 36 14 9 44 38	 => 190
 20 38 44 4 31 52	 => 189
 33 52 31 6 17 51	 => 190


===================[TEST 53]===================

##### START ##### Thu May 22 03:20:32 2003



##### CONVERGE ##### Thu May 22 03:21:33 2003

Elapsed time: 61 seconds
Total loop: 107 generations

Result : 188.306

8 27 29 53 37 36 4 15 47 51 3 42 40 7 2 41 43 22 32 31 38 17 50 35 6 10 18 34 44 19 30 39 20 13 52 25 12 16 11 28 54 23 24 48 46 33 21 14 26 45 1 49 5 9 

 8 27 29 53 37 36	 => 190
 4 36 37 15 47 51	 => 190
 3 51 47 42 40 7	 => 190
 29 2 41 43 22 53	 => 190
 37 53 22 32 31 15	 => 190
 47 15 31 38 17 42	 => 190
 40 42 17 50 35 6	 => 190
 41 10 18 34 44 43	 => 190
 22 43 44 19 30 32	 => 190
 31 32 30 39 20 38	 => 190
 17 38 20 13 52 50	 => 190
 35 50 52 25 12 16	 => 190
 44 34 11 28 54 19	 => 190
 30 19 54 23 24 39	 => 189
 20 39 24 48 46 13	 => 190
 52 13 46 33 21 25	 => 190
 54 28 14 26 45 23	 => 190
 24 23 45 1 49 48	 => 190
 46 48 49 5 9 33	 => 190


===================[TEST 54]===================

##### START ##### Thu May 22 03:21:33 2003



##### CONVERGE ##### Thu May 22 03:22:29 2003

Elapsed time: 56 seconds
Total loop: 99 generations

Result : 187.85

10 7 42 47 53 31 15 5 36 50 11 51 24 18 12 25 46 19 26 40 35 23 43 41 8 13 27 30 49 16 34 22 33 9 48 32 20 6 4 39 52 38 28 44 54 45 2 3 21 37 14 29 1 17 

 10 7 42 47 53 31	 => 190
 15 31 53 5 36 50	 => 190
 11 50 36 51 24 18	 => 190
 42 12 25 46 19 47	 => 191
 53 47 19 26 40 5	 => 190
 36 5 40 35 23 51	 => 190
 24 51 23 43 41 8	 => 190
 25 13 27 30 49 46	 => 190
 19 46 49 16 34 26	 => 190
 40 26 34 22 33 35	 => 190
 23 35 33 9 48 43	 => 191
 41 43 48 32 20 6	 => 190
 49 30 4 39 52 16	 => 190
 34 16 52 38 28 22	 => 190
 33 22 28 44 54 9	 => 190
 48 9 54 45 2 32	 => 190
 52 39 3 21 37 38	 => 190
 28 38 37 14 29 44	 => 190
 54 44 29 1 17 45	 => 190


===================[TEST 55]===================

##### START ##### Thu May 22 03:22:29 2003



##### CONVERGE ##### Thu May 22 03:23:24 2003

Elapsed time: 55 seconds
Total loop: 96 generations

Result : 186.158

26 6 33 35 53 36 5 18 50 27 3 37 44 28 11 47 38 25 19 39 31 14 45 40 9 15 20 21 48 10 49 17 34 22 42 52 7 4 13 54 43 46 24 51 41 30 2 16 1 29 8 32 12 23 

 26 6 33 35 53 36	 => 189
 5 36 53 18 50 27	 => 189
 3 27 50 37 44 28	 => 189
 33 11 47 38 25 35	 => 189
 53 35 25 19 39 18	 => 189
 50 18 39 31 14 37	 => 189
 44 37 14 45 40 9	 => 189
 47 15 20 21 48 38	 => 189
 25 38 48 10 49 19	 => 189
 39 19 49 17 34 31	 => 189
 14 31 34 22 42 45	 => 188
 40 45 42 52 7 4	 => 190
 48 21 13 54 43 10	 => 189
 49 10 43 46 24 17	 => 189
 34 17 24 51 41 22	 => 189
 42 22 41 30 2 52	 => 189
 43 54 16 1 29 46	 => 189
 24 46 29 8 32 51	 => 190
 41 51 32 12 23 30	 => 189


===================[TEST 56]===================

##### START ##### Thu May 22 03:23:24 2003



##### CONVERGE ##### Thu May 22 03:24:28 2003

Elapsed time: 64 seconds
Total loop: 111 generations

Result : 188.412

21 7 42 47 45 28 3 22 54 38 15 30 48 5 4 27 52 18 23 35 33 16 50 32 14 13 11 44 43 25 29 34 36 24 31 49 26 2 8 19 51 41 10 40 46 39 1 20 6 53 9 37 12 17 

 21 7 42 47 45 28	 => 190
 3 28 45 22 54 38	 => 190
 15 38 54 30 48 5	 => 190
 42 4 27 52 18 47	 => 190
 45 47 18 23 35 22	 => 190
 54 22 35 33 16 30	 => 190
 48 30 16 50 32 14	 => 190
 27 13 11 44 43 52	 => 190
 18 52 43 25 29 23	 => 190
 35 23 29 34 36 33	 => 190
 16 33 36 24 31 50	 => 190
 32 50 31 49 26 2	 => 190
 43 44 8 19 51 25	 => 190
 29 25 51 41 10 34	 => 190
 36 34 10 40 46 24	 => 190
 31 24 46 39 1 49	 => 190
 51 19 20 6 53 41	 => 190
 10 41 53 9 37 40	 => 190
 46 40 37 12 17 39	 => 191


===================[TEST 57]===================

##### START ##### Thu May 22 03:24:28 2003



##### CONVERGE ##### Thu May 22 03:25:34 2003

Elapsed time: 66 seconds
Total loop: 117 generations

Result : 188.306

9 20 44 36 48 33 16 17 51 25 10 54 39 11 8 45 35 21 38 30 23 15 50 29 3 31 6 32 41 18 37 28 34 22 46 26 27 12 14 43 42 52 13 53 40 49 7 2 4 47 1 24 5 19 

 9 20 44 36 48 33	 => 190
 16 33 48 17 51 25	 => 190
 10 25 51 54 39 11	 => 190
 44 8 45 35 21 36	 => 189
 48 36 21 38 30 17	 => 190
 51 17 30 23 15 54	 => 190
 39 54 15 50 29 3	 => 190
 45 31 6 32 41 35	 => 190
 21 35 41 18 37 38	 => 190
 30 38 37 28 34 23	 => 190
 15 23 34 22 46 50	 => 190
 29 50 46 26 27 12	 => 190
 41 32 14 43 42 18	 => 190
 37 18 42 52 13 28	 => 190
 34 28 13 53 40 22	 => 190
 46 22 40 49 7 26	 => 190
 42 43 2 4 47 52	 => 190
 13 52 47 1 24 53	 => 190
 40 53 24 5 19 49	 => 190


===================[TEST 58]===================

##### START ##### Thu May 22 03:25:34 2003



##### CONVERGE ##### Thu May 22 03:26:48 2003

Elapsed time: 74 seconds
Total loop: 129 generations

Result : 188.412

16 5 39 54 46 30 3 18 45 48 1 47 35 14 6 28 52 12 33 27 42 11 53 40 4 20 9 38 43 21 29 34 25 23 36 51 8 2 10 37 41 50 15 49 44 17 19 24 7 31 13 32 26 22 

 16 5 39 54 46 30	 => 190
 3 30 46 18 45 48	 => 190
 1 48 45 47 35 14	 => 190
 39 6 28 52 12 54	 => 191
 46 54 12 33 27 18	 => 190
 45 18 27 42 11 47	 => 190
 35 47 11 53 40 4	 => 190
 28 20 9 38 43 52	 => 190
 12 52 43 21 29 33	 => 190
 27 33 29 34 25 42	 => 190
 11 42 25 23 36 53	 => 190
 40 53 36 51 8 2	 => 190
 43 38 10 37 41 21	 => 190
 29 21 41 50 15 34	 => 190
 25 34 15 49 44 23	 => 190
 36 23 44 17 19 51	 => 190
 41 37 24 7 31 50	 => 190
 15 50 31 13 32 49	 => 190
 44 49 32 26 22 17	 => 190


===================[TEST 59]===================

##### START ##### Thu May 22 03:26:48 2003



##### CONVERGE ##### Thu May 22 03:28:28 2003

Elapsed time: 100 seconds
Total loop: 175 generations

Result : 187.794

15 8 42 50 46 30 6 16 40 53 14 51 28 5 4 35 37 22 26 31 29 24 39 45 3 20 13 32 54 19 33 25 47 18 34 52 12 9 11 27 48 49 17 43 41 38 7 21 1 44 2 36 10 23 

 15 8 42 50 46 30	 => 191
 6 30 46 16 40 53	 => 191
 14 53 40 51 28 5	 => 191
 42 4 35 37 22 50	 => 190
 46 50 22 26 31 16	 => 191
 40 16 31 29 24 51	 => 191
 28 51 24 39 45 3	 => 190
 35 20 13 32 54 37	 => 191
 22 37 54 19 33 26	 => 191
 31 26 33 25 47 29	 => 191
 24 29 47 18 34 39	 => 191
 45 39 34 52 12 9	 => 191
 54 32 11 27 48 19	 => 191
 33 19 48 49 17 25	 => 191
 47 25 17 43 41 18	 => 191
 34 18 41 38 7 52	 => 190
 48 27 21 1 44 49	 => 190
 17 49 44 2 36 43	 => 191
 41 43 36 10 23 38	 => 191


===================[TEST 60]===================

##### START ##### Thu May 22 03:28:28 2003



##### CONVERGE ##### Thu May 22 03:29:23 2003

Elapsed time: 55 seconds
Total loop: 97 generations

Result : 187.85

1 16 39 44 52 38 10 8 47 35 2 54 28 24 12 29 53 13 31 42 21 18 43 32 15 23 4 33 48 19 26 30 40 27 41 37 17 20 3 36 51 50 14 46 34 45 7 25 6 22 9 49 5 11 

 1 16 39 44 52 38	 => 190
 10 38 52 8 47 35	 => 190
 2 35 47 54 28 24	 => 190
 39 12 29 53 13 44	 => 190
 52 44 13 31 42 8	 => 190
 47 8 42 21 18 54	 => 190
 28 54 18 43 32 15	 => 190
 29 23 4 33 48 53	 => 190
 13 53 48 19 26 31	 => 190
 42 31 26 30 40 21	 => 190
 18 21 40 27 41 43	 => 190
 32 43 41 37 17 20	 => 190
 48 33 3 36 51 19	 => 190
 26 19 51 50 14 30	 => 190
 40 30 14 46 34 27	 => 191
 41 27 34 45 7 37	 => 191
 51 36 25 6 22 50	 => 190
 14 50 22 9 49 46	 => 190
 34 46 49 5 11 45	 => 190


===================[TEST 61]===================

##### START ##### Thu May 22 03:29:23 2003



##### CONVERGE ##### Thu May 22 03:30:31 2003

Elapsed time: 68 seconds
Total loop: 118 generations

Result : 187.794

7 24 28 40 54 38 3 14 52 30 17 47 32 13 11 48 45 19 39 25 35 18 42 50 2 12 9 43 34 22 31 27 33 10 53 36 1 8 5 41 46 44 21 51 49 37 6 16 15 29 20 26 4 23 

 7 24 28 40 54 38	 => 191
 3 38 54 14 52 30	 => 191
 17 30 52 47 32 13	 => 191
 28 11 48 45 19 40	 => 191
 54 40 19 39 25 14	 => 191
 52 14 25 35 18 47	 => 191
 32 47 18 42 50 2	 => 191
 48 12 9 43 34 45	 => 191
 19 45 34 22 31 39	 => 190
 25 39 31 27 33 35	 => 190
 18 35 33 10 53 42	 => 191
 50 42 53 36 1 8	 => 190
 34 43 5 41 46 22	 => 191
 31 22 46 44 21 27	 => 191
 33 27 21 51 49 10	 => 191
 53 10 49 37 6 36	 => 191
 46 41 16 15 29 44	 => 191
 21 44 29 20 26 51	 => 191
 49 51 26 4 23 37	 => 190


===================[TEST 62]===================

##### START ##### Thu May 22 03:30:31 2003



##### CONVERGE ##### Thu May 22 03:31:37 2003

Elapsed time: 66 seconds
Total loop: 115 generations

Result : 187.053

12 9 36 35 53 45 1 17 49 26 18 33 51 13 10 39 43 27 21 37 30 24 34 41 7 4 14 46 44 15 40 29 32 16 54 25 8 28 6 31 48 47 11 52 50 42 3 23 19 22 20 38 2 5 

 12 9 36 35 53 45	 => 190
 1 45 53 17 49 26	 => 191
 18 26 49 33 51 13	 => 190
 36 10 39 43 27 35	 => 190
 53 35 27 21 37 17	 => 190
 49 17 37 30 24 33	 => 190
 51 33 24 34 41 7	 => 190
 39 4 14 46 44 43	 => 190
 27 43 44 15 40 21	 => 190
 37 21 40 29 32 30	 => 189
 24 30 32 16 54 34	 => 190
 41 34 54 25 8 28	 => 190
 44 46 6 31 48 15	 => 190
 40 15 48 47 11 29	 => 190
 32 29 11 52 50 16	 => 190
 54 16 50 42 3 25	 => 190
 48 31 23 19 22 47	 => 190
 11 47 22 20 38 52	 => 190
 50 52 38 2 5 42	 => 189


===================[TEST 63]===================

##### START ##### Thu May 22 03:31:37 2003



##### CONVERGE ##### Thu May 22 03:32:30 2003

Elapsed time: 53 seconds
Total loop: 94 generations

Result : 186.85

24 8 21 46 42 48 2 14 38 45 13 51 41 1 10 52 43 17 36 34 33 19 32 37 9 3 16 28 47 20 26 30 31 25 49 27 4 40 11 39 44 54 15 35 53 23 12 18 5 29 6 50 7 22 

 24 8 21 46 42 48	 => 189
 2 48 42 14 38 45	 => 189
 13 45 38 51 41 1	 => 189
 21 10 52 43 17 46	 => 189
 42 46 17 36 34 14	 => 189
 38 14 34 33 19 51	 => 189
 41 51 19 32 37 9	 => 189
 52 3 16 28 47 43	 => 189
 17 43 47 20 26 36	 => 189
 34 36 26 30 31 33	 => 190
 19 33 31 25 49 32	 => 189
 37 32 49 27 4 40	 => 189
 47 28 11 39 44 20	 => 189
 26 20 44 54 15 30	 => 189
 31 30 15 35 53 25	 => 189
 49 25 53 23 12 27	 => 189
 44 39 18 5 29 54	 => 189
 15 54 29 6 50 35	 => 189
 53 35 50 7 22 23	 => 190


===================[TEST 64]===================

##### START ##### Thu May 22 03:32:30 2003



##### CONVERGE ##### Thu May 22 03:33:25 2003

Elapsed time: 55 seconds
Total loop: 95 generations

Result : 187.616

10 1 34 47 52 46 9 11 43 29 17 44 37 20 4 54 33 18 35 27 42 23 36 45 5 22 6 24 51 14 39 31 16 25 48 41 7 13 2 49 50 30 26 53 40 32 3 21 12 28 15 38 19 8 

 10 1 34 47 52 46	 => 190
 9 46 52 11 43 29	 => 190
 17 29 43 44 37 20	 => 190
 34 4 54 33 18 47	 => 190
 52 47 18 35 27 11	 => 190
 43 11 27 42 23 44	 => 190
 37 44 23 36 45 5	 => 190
 54 22 6 24 51 33	 => 190
 18 33 51 14 39 35	 => 190
 27 35 39 31 16 42	 => 190
 23 42 16 25 48 36	 => 190
 45 36 48 41 7 13	 => 190
 51 24 2 49 50 14	 => 190
 39 14 50 30 26 31	 => 190
 16 31 26 53 40 25	 => 191
 48 25 40 32 3 41	 => 189
 50 49 21 12 28 30	 => 190
 26 30 28 15 38 53	 => 190
 40 53 38 19 8 32	 => 190


===================[TEST 65]===================

##### START ##### Thu May 22 03:33:25 2003



##### CONVERGE ##### Thu May 22 03:34:22 2003

Elapsed time: 57 seconds
Total loop: 101 generations

Result : 187.478

28 2 36 47 45 32 9 24 51 29 15 49 34 13 7 40 42 18 30 26 21 19 53 31 4 5 14 46 44 23 33 43 37 22 38 48 3 17 1 50 27 52 12 41 35 39 8 16 20 25 6 54 11 10 

 28 2 36 47 45 32	 => 190
 9 32 45 24 51 29	 => 190
 15 29 51 49 34 13	 => 191
 36 7 40 42 18 47	 => 190
 45 47 18 30 26 24	 => 190
 51 24 26 21 19 49	 => 190
 34 49 19 53 31 4	 => 190
 40 5 14 46 44 42	 => 191
 18 42 44 23 33 30	 => 190
 26 30 33 43 37 21	 => 190
 19 21 37 22 38 53	 => 190
 31 53 38 48 3 17	 => 190
 44 46 1 50 27 23	 => 191
 33 23 27 52 12 43	 => 190
 37 43 12 41 35 22	 => 190
 38 22 35 39 8 48	 => 190
 27 50 16 20 25 52	 => 190
 12 52 25 6 54 41	 => 190
 35 41 54 11 10 39	 => 190


===================[TEST 66]===================

##### START ##### Thu May 22 03:34:22 2003



##### CONVERGE ##### Thu May 22 03:35:16 2003

Elapsed time: 54 seconds
Total loop: 93 generations

Result : 187.053

12 8 33 50 43 44 6 4 51 42 2 49 32 14 5 22 53 27 25 41 26 20 40 46 3 24 18 36 37 19 29 31 38 11 54 23 10 17 1 45 52 30 28 34 48 39 15 7 21 35 16 47 13 9 

 12 8 33 50 43 44	 => 190
 6 44 43 4 51 42	 => 190
 2 42 51 49 32 14	 => 190
 33 5 22 53 27 50	 => 190
 43 50 27 25 41 4	 => 190
 51 4 41 26 20 49	 => 191
 32 49 20 40 46 3	 => 190
 22 24 18 36 37 53	 => 190
 27 53 37 19 29 25	 => 190
 41 25 29 31 38 26	 => 190
 20 26 38 11 54 40	 => 189
 46 40 54 23 10 17	 => 190
 37 36 1 45 52 19	 => 190
 29 19 52 30 28 31	 => 189
 38 31 28 34 48 11	 => 190
 54 11 48 39 15 23	 => 190
 52 45 7 21 35 30	 => 190
 28 30 35 16 47 34	 => 190
 48 34 47 13 9 39	 => 190


===================[TEST 67]===================

##### START ##### Thu May 22 03:35:16 2003



##### CONVERGE ##### Thu May 22 03:36:14 2003

Elapsed time: 58 seconds
Total loop: 102 generations

Result : 188.412

18 2 42 43 47 38 7 23 34 41 20 53 37 5 4 51 35 15 26 36 27 17 50 24 9 6 1 49 48 22 44 25 32 19 45 39 11 21 12 30 29 54 16 46 52 28 8 33 13 31 3 40 14 10 

 18 2 42 43 47 38	 => 190
 7 38 47 23 34 41	 => 190
 20 41 34 53 37 5	 => 190
 42 4 51 35 15 43	 => 190
 47 43 15 26 36 23	 => 190
 34 23 36 27 17 53	 => 190
 37 53 17 50 24 9	 => 190
 51 6 1 49 48 35	 => 190
 15 35 48 22 44 26	 => 190
 36 26 44 25 32 27	 => 190
 17 27 32 19 45 50	 => 190
 24 50 45 39 11 21	 => 190
 48 49 12 30 29 22	 => 190
 44 22 29 54 16 25	 => 190
 32 25 16 46 52 19	 => 190
 45 19 52 28 8 39	 => 191
 29 30 33 13 31 54	 => 190
 16 54 31 3 40 46	 => 190
 52 46 40 14 10 28	 => 190


===================[TEST 68]===================

##### START ##### Thu May 22 03:36:14 2003



##### CONVERGE ##### Thu May 22 03:37:30 2003

Elapsed time: 76 seconds
Total loop: 134 generations

Result : 187.794

7 21 27 50 47 38 1 17 51 37 6 49 43 5 3 45 46 20 31 26 33 15 41 25 18 11 8 32 48 16 30 35 36 14 52 39 9 24 2 40 53 34 23 29 54 28 4 10 12 42 19 44 22 13 

 7 21 27 50 47 38	 => 190
 1 38 47 17 51 37	 => 191
 6 37 51 49 43 5	 => 191
 27 3 45 46 20 50	 => 191
 47 50 20 31 26 17	 => 191
 51 17 26 33 15 49	 => 191
 43 49 15 41 25 18	 => 191
 45 11 8 32 48 46	 => 190
 20 46 48 16 30 31	 => 191
 26 31 30 35 36 33	 => 191
 15 33 36 14 52 41	 => 191
 25 41 52 39 9 24	 => 190
 48 32 2 40 53 16	 => 191
 30 16 53 34 23 35	 => 191
 36 35 23 29 54 14	 => 191
 52 14 54 28 4 39	 => 191
 53 40 10 12 42 34	 => 191
 23 34 42 19 44 29	 => 191
 54 29 44 22 13 28	 => 190


===================[TEST 69]===================

##### START ##### Thu May 22 03:37:30 2003



##### CONVERGE ##### Thu May 22 03:38:26 2003

Elapsed time: 56 seconds
Total loop: 97 generations

Result : 187.85

5 18 32 37 50 48 6 10 42 34 9 43 51 11 2 49 44 26 31 36 46 13 41 38 4 8 21 30 39 27 23 29 25 20 45 28 14 24 1 53 40 54 17 52 47 35 15 7 3 33 12 22 19 16 

 5 18 32 37 50 48	 => 190
 6 48 50 10 42 34	 => 190
 9 34 42 43 51 11	 => 190
 32 2 49 44 26 37	 => 190
 50 37 26 31 36 10	 => 190
 42 10 36 46 13 43	 => 190
 51 43 13 41 38 4	 => 190
 49 8 21 30 39 44	 => 191
 26 44 39 27 23 31	 => 190
 36 31 23 29 25 46	 => 190
 13 46 25 20 45 41	 => 190
 38 41 45 28 14 24	 => 190
 39 30 1 53 40 27	 => 190
 23 27 40 54 17 29	 => 190
 25 29 17 52 47 20	 => 190
 45 20 47 35 15 28	 => 190
 40 53 7 3 33 54	 => 190
 17 54 33 12 22 52	 => 190
 47 52 22 19 16 35	 => 191


===================[TEST 70]===================

##### START ##### Thu May 22 03:38:26 2003



##### CONVERGE ##### Thu May 22 03:39:05 2003

Elapsed time: 39 seconds
Total loop: 69 generations

Result : 185.85

9 30 17 53 29 50 3 11 48 47 14 40 24 15 27 36 32 23 33 39 28 22 43 41 18 21 8 37 54 31 16 38 34 13 49 44 7 4 2 19 45 52 6 51 46 35 1 10 20 42 12 25 26 5 

 9 30 17 53 29 50	 => 188
 3 50 29 11 48 47	 => 188
 14 47 48 40 24 15	 => 188
 17 27 36 32 23 53	 => 188
 29 53 23 33 39 11	 => 188
 48 11 39 28 22 40	 => 188
 24 40 22 43 41 18	 => 188
 36 21 8 37 54 32	 => 188
 23 32 54 31 16 33	 => 189
 39 33 16 38 34 28	 => 188
 22 28 34 13 49 43	 => 189
 41 43 49 44 7 4	 => 188
 54 37 2 19 45 31	 => 188
 16 31 45 52 6 38	 => 188
 34 38 6 51 46 13	 => 188
 49 13 46 35 1 44	 => 188
 45 19 10 20 42 52	 => 188
 6 52 42 12 25 51	 => 188
 46 51 25 26 5 35	 => 188


===================[TEST 71]===================

##### START ##### Thu May 22 03:39:05 2003



##### CONVERGE ##### Thu May 22 03:40:40 2003

Elapsed time: 95 seconds
Total loop: 166 generations

Result : 188.163

9 11 47 28 51 45 2 18 36 39 6 50 43 17 5 37 53 20 34 40 26 21 49 25 3 4 10 52 35 19 30 31 29 22 44 38 23 12 1 41 42 54 15 46 48 32 7 8 13 33 16 27 14 24 

 9 11 47 28 51 45	 => 191
 2 45 51 18 36 39	 => 191
 6 39 36 50 43 17	 => 191
 47 5 37 53 20 28	 => 190
 51 28 20 34 40 18	 => 191
 36 18 40 26 21 50	 => 191
 43 50 21 49 25 3	 => 191
 37 4 10 52 35 53	 => 191
 20 53 35 19 30 34	 => 191
 40 34 30 31 29 26	 => 190
 21 26 29 22 44 49	 => 191
 25 49 44 38 23 12	 => 191
 35 52 1 41 42 19	 => 190
 30 19 42 54 15 31	 => 191
 29 31 15 46 48 22	 => 191
 44 22 48 32 7 38	 => 191
 42 41 8 13 33 54	 => 191
 15 54 33 16 27 46	 => 191
 48 46 27 14 24 32	 => 191


===================[TEST 72]===================

##### START ##### Thu May 22 03:40:40 2003



##### CONVERGE ##### Thu May 22 03:41:40 2003

Elapsed time: 60 seconds
Total loop: 104 generations

Result : 187.64

12 14 28 50 54 32 11 10 34 49 9 53 41 4 3 40 52 16 39 21 47 25 31 38 2 6 17 45 30 24 29 36 18 23 46 33 15 26 5 51 35 44 22 48 43 37 8 20 13 27 7 42 19 1 

 12 14 28 50 54 32	 => 190
 11 32 54 10 34 49	 => 190
 9 49 34 53 41 4	 => 190
 28 3 40 52 16 50	 => 189
 54 50 16 39 21 10	 => 190
 34 10 21 47 25 53	 => 190
 41 53 25 31 38 2	 => 190
 40 6 17 45 30 52	 => 190
 16 52 30 24 29 39	 => 190
 21 39 29 36 18 47	 => 190
 25 47 18 23 46 31	 => 190
 38 31 46 33 15 26	 => 189
 30 45 5 51 35 24	 => 190
 29 24 35 44 22 36	 => 190
 18 36 22 48 43 23	 => 190
 46 23 43 37 8 33	 => 190
 35 51 20 13 27 44	 => 190
 22 44 27 7 42 48	 => 190
 43 48 42 19 1 37	 => 190


===================[TEST 73]===================

##### START ##### Thu May 22 03:41:40 2003



##### CONVERGE ##### Thu May 22 03:42:43 2003

Elapsed time: 63 seconds
Total loop: 111 generations

Result : 188.412

8 11 42 49 48 32 25 19 40 26 10 54 36 24 6 30 51 12 39 23 41 13 47 35 5 4 16 37 52 14 22 34 31 20 38 46 21 3 7 27 53 50 17 45 43 28 15 9 18 33 2 44 29 1 

 8 11 42 49 48 32	 => 190
 25 32 48 19 40 26	 => 190
 10 26 40 54 36 24	 => 190
 42 6 30 51 12 49	 => 190
 48 49 12 39 23 19	 => 190
 40 19 23 41 13 54	 => 190
 36 54 13 47 35 5	 => 190
 30 4 16 37 52 51	 => 190
 12 51 52 14 22 39	 => 190
 23 39 22 34 31 41	 => 190
 13 41 31 20 38 47	 => 190
 35 47 38 46 21 3	 => 190
 52 37 7 27 53 14	 => 190
 22 14 53 50 17 34	 => 190
 31 34 17 45 43 20	 => 190
 38 20 43 28 15 46	 => 190
 53 27 9 18 33 50	 => 190
 17 50 33 2 44 45	 => 191
 43 45 44 29 1 28	 => 190


===================[TEST 74]===================

##### START ##### Thu May 22 03:42:43 2003



##### CONVERGE ##### Thu May 22 03:44:03 2003

Elapsed time: 80 seconds
Total loop: 140 generations

Result : 187.64

22 10 26 46 51 35 3 15 54 32 16 52 31 4 7 50 37 24 25 29 17 23 47 36 1 20 2 40 41 28 34 43 42 13 48 39 9 11 5 27 49 30 6 53 33 38 19 18 21 45 12 44 8 14 

 22 10 26 46 51 35	 => 190
 3 35 51 15 54 32	 => 190
 16 32 54 52 31 4	 => 189
 26 7 50 37 24 46	 => 190
 51 46 24 25 29 15	 => 190
 54 15 29 17 23 52	 => 190
 31 52 23 47 36 1	 => 190
 50 20 2 40 41 37	 => 190
 24 37 41 28 34 25	 => 189
 29 25 34 43 42 17	 => 190
 23 17 42 13 48 47	 => 190
 36 47 48 39 9 11	 => 190
 41 40 5 27 49 28	 => 190
 34 28 49 30 6 43	 => 190
 42 43 6 53 33 13	 => 190
 48 13 33 38 19 39	 => 190
 49 27 18 21 45 30	 => 190
 6 30 45 12 44 53	 => 190
 33 53 44 8 14 38	 => 190


===================[TEST 75]===================

##### START ##### Thu May 22 03:44:03 2003



##### CONVERGE ##### Thu May 22 03:44:53 2003

Elapsed time: 50 seconds
Total loop: 88 generations

Result : 188.306

9 15 40 52 53 21 8 27 30 51 5 54 34 16 7 32 48 11 23 24 36 18 42 29 13 10 12 41 47 26 35 39 33 17 44 49 6 20 2 46 28 43 19 37 45 31 4 22 1 50 3 38 14 25 

 9 15 40 52 53 21	 => 190
 8 21 53 27 30 51	 => 190
 5 51 30 54 34 16	 => 190
 40 7 32 48 11 52	 => 190
 53 52 11 23 24 27	 => 190
 30 27 24 36 18 54	 => 189
 34 54 18 42 29 13	 => 190
 32 10 12 41 47 48	 => 190
 11 48 47 26 35 23	 => 190
 24 23 35 39 33 36	 => 190
 18 36 33 17 44 42	 => 190
 29 42 44 49 6 20	 => 190
 47 41 2 46 28 26	 => 190
 35 26 28 43 19 39	 => 190
 33 39 19 37 45 17	 => 190
 44 17 45 31 4 49	 => 190
 28 46 22 1 50 43	 => 190
 19 43 50 3 38 37	 => 190
 45 37 38 14 25 31	 => 190


===================[TEST 76]===================

##### START ##### Thu May 22 03:44:53 2003



##### CONVERGE ##### Thu May 22 03:46:06 2003

Elapsed time: 73 seconds
Total loop: 128 generations

Result : 187.794

11 18 32 53 43 34 10 17 45 42 7 54 37 6 1 44 47 14 35 29 27 19 36 39 5 3 21 26 50 12 33 25 41 22 46 48 13 9 24 30 49 52 20 51 31 40 4 16 15 28 2 38 23 8 

 11 18 32 53 43 34	 => 191
 10 34 43 17 45 42	 => 191
 7 42 45 54 37 6	 => 191
 32 1 44 47 14 53	 => 191
 43 53 14 35 29 17	 => 191
 45 17 29 27 19 54	 => 191
 37 54 19 36 39 5	 => 190
 44 3 21 26 50 47	 => 191
 14 47 50 12 33 35	 => 191
 29 35 33 25 41 27	 => 190
 19 27 41 22 46 36	 => 191
 39 36 46 48 13 9	 => 191
 50 26 24 30 49 12	 => 191
 33 12 49 52 20 25	 => 191
 41 25 20 51 31 22	 => 190
 46 22 31 40 4 48	 => 191
 49 30 16 15 28 52	 => 190
 20 52 28 2 38 51	 => 191
 31 51 38 23 8 40	 => 191


===================[TEST 77]===================

##### START ##### Thu May 22 03:46:06 2003



##### CONVERGE ##### Thu May 22 03:47:29 2003

Elapsed time: 83 seconds
Total loop: 145 generations

Result : 187.64

15 19 33 38 48 37 12 13 45 35 23 51 27 9 6 40 39 34 29 28 31 22 42 46 2 18 8 41 44 20 24 53 25 21 49 47 1 5 7 26 52 36 4 54 32 30 11 10 16 50 3 43 14 17 

 15 19 33 38 48 37	 => 190
 12 37 48 13 45 35	 => 190
 23 35 45 51 27 9	 => 190
 33 6 40 39 34 38	 => 190
 48 38 34 29 28 13	 => 190
 45 13 28 31 22 51	 => 190
 27 51 22 42 46 2	 => 190
 40 18 8 41 44 39	 => 190
 34 39 44 20 24 29	 => 190
 28 29 24 53 25 31	 => 190
 22 31 25 21 49 42	 => 190
 46 42 49 47 1 5	 => 190
 44 41 7 26 52 20	 => 190
 24 20 52 36 4 53	 => 189
 25 53 4 54 32 21	 => 189
 49 21 32 30 11 47	 => 190
 52 26 10 16 50 36	 => 190
 4 36 50 3 43 54	 => 190
 32 54 43 14 17 30	 => 190


===================[TEST 78]===================

##### START ##### Thu May 22 03:47:29 2003



##### CONVERGE ##### Thu May 22 03:48:54 2003

Elapsed time: 85 seconds
Total loop: 149 generations

Result : 187.478

8 11 54 31 48 38 3 18 49 34 12 46 29 20 5 41 37 22 36 35 28 15 52 47 1 10 4 53 45 17 33 40 19 26 51 24 9 7 16 32 27 50 23 39 43 44 2 14 25 42 6 30 21 13 

 8 11 54 31 48 38	 => 190
 3 38 48 18 49 34	 => 190
 12 34 49 46 29 20	 => 190
 54 5 41 37 22 31	 => 190
 48 31 22 36 35 18	 => 190
 49 18 35 28 15 46	 => 191
 29 46 15 52 47 1	 => 190
 41 10 4 53 45 37	 => 190
 22 37 45 17 33 36	 => 190
 35 36 33 40 19 28	 => 191
 15 28 19 26 51 52	 => 191
 47 52 51 24 9 7	 => 190
 45 53 16 32 27 17	 => 190
 33 17 27 50 23 40	 => 190
 19 40 23 39 43 26	 => 190
 51 26 43 44 2 24	 => 190
 27 32 14 25 42 50	 => 190
 23 50 42 6 30 39	 => 190
 43 39 30 21 13 44	 => 190


===================[TEST 79]===================

##### START ##### Thu May 22 03:48:54 2003



##### CONVERGE ##### Thu May 22 03:50:17 2003

Elapsed time: 83 seconds
Total loop: 146 generations

Result : 187.85

2 15 45 48 36 44 7 23 52 28 14 47 46 3 1 26 41 29 32 22 35 11 50 31 5 12 21 39 51 10 27 42 33 24 37 38 18 16 8 43 40 54 17 49 25 53 13 19 4 30 6 34 9 20 

 2 15 45 48 36 44	 => 190
 7 44 36 23 52 28	 => 190
 14 28 52 47 46 3	 => 190
 45 1 26 41 29 48	 => 190
 36 48 29 32 22 23	 => 190
 52 23 22 35 11 47	 => 190
 46 47 11 50 31 5	 => 190
 26 12 21 39 51 41	 => 190
 29 41 51 10 27 32	 => 190
 22 32 27 42 33 35	 => 191
 11 35 33 24 37 50	 => 190
 31 50 37 38 18 16	 => 190
 51 39 8 43 40 10	 => 191
 27 10 40 54 17 42	 => 190
 33 42 17 49 25 24	 => 190
 37 24 25 53 13 38	 => 190
 40 43 19 4 30 54	 => 190
 17 54 30 6 34 49	 => 190
 25 49 34 9 20 53	 => 190


===================[TEST 80]===================

##### START ##### Thu May 22 03:50:17 2003



##### CONVERGE ##### Thu May 22 03:51:12 2003

Elapsed time: 55 seconds
Total loop: 95 generations

Result : 186.85

18 8 34 26 52 51 7 17 47 15 27 41 50 9 14 54 29 32 24 38 28 19 33 42 4 12 11 35 48 25 31 23 46 10 53 40 20 1 6 30 45 43 22 49 39 44 3 21 13 37 2 36 16 5 

 18 8 34 26 52 51	 => 189
 7 51 52 17 47 15	 => 189
 27 15 47 41 50 9	 => 189
 34 14 54 29 32 26	 => 189
 52 26 32 24 38 17	 => 189
 47 17 38 28 19 41	 => 190
 50 41 19 33 42 4	 => 189
 54 12 11 35 48 29	 => 189
 32 29 48 25 31 24	 => 189
 38 24 31 23 46 28	 => 190
 19 28 46 10 53 33	 => 189
 42 33 53 40 20 1	 => 189
 48 35 6 30 45 25	 => 189
 31 25 45 43 22 23	 => 189
 46 23 22 49 39 10	 => 189
 53 10 39 44 3 40	 => 189
 45 30 21 13 37 43	 => 189
 22 43 37 2 36 49	 => 189
 39 49 36 16 5 44	 => 189


===================[TEST 81]===================

##### START ##### Thu May 22 03:51:12 2003



##### CONVERGE ##### Thu May 22 03:52:30 2003

Elapsed time: 78 seconds
Total loop: 137 generations

Result : 188.306

22 26 24 41 44 33 23 15 46 29 7 49 51 8 13 42 53 17 35 38 30 12 50 27 1 3 9 34 48 21 16 31 40 4 54 28 11 20 5 37 45 52 25 43 47 39 18 14 10 32 2 36 6 19 

 22 26 24 41 44 33	 => 190
 23 33 44 15 46 29	 => 190
 7 29 46 49 51 8	 => 190
 24 13 42 53 17 41	 => 190
 44 41 17 35 38 15	 => 190
 46 15 38 30 12 49	 => 190
 51 49 12 50 27 1	 => 190
 42 3 9 34 48 53	 => 189
 17 53 48 21 16 35	 => 190
 38 35 16 31 40 30	 => 190
 12 30 40 4 54 50	 => 190
 27 50 54 28 11 20	 => 190
 48 34 5 37 45 21	 => 190
 16 21 45 52 25 31	 => 190
 40 31 25 43 47 4	 => 190
 54 4 47 39 18 28	 => 190
 45 37 14 10 32 52	 => 190
 25 52 32 2 36 43	 => 190
 47 43 36 6 19 39	 => 190


===================[TEST 82]===================

##### START ##### Thu May 22 03:52:30 2003



##### CONVERGE ##### Thu May 22 03:53:23 2003

Elapsed time: 53 seconds
Total loop: 93 generations

Result (Solution) : 189

13 34 21 45 52 24 3 17 50 43 5 54 36 1 9 47 53 14 39 22 27 19 48 28 4 10 15 41 23 29 31 33 37 26 32 38 18 25 6 46 44 40 12 30 51 35 7 8 2 49 16 42 11 20 

 13 34 21 45 52 24	 => 189
 3 24 52 17 50 43	 => 189
 5 43 50 54 36 1	 => 189
 21 9 47 53 14 45	 => 189
 52 45 14 39 22 17	 => 189
 50 17 22 27 19 54	 => 189
 36 54 19 48 28 4	 => 189
 47 10 15 41 23 53	 => 189
 14 53 23 29 31 39	 => 189
 22 39 31 33 37 27	 => 189
 19 27 37 26 32 48	 => 189
 28 48 32 38 18 25	 => 189
 23 41 6 46 44 29	 => 189
 31 29 44 40 12 33	 => 189
 37 33 12 30 51 26	 => 189
 32 26 51 35 7 38	 => 189
 44 46 8 2 49 40	 => 189
 12 40 49 16 42 30	 => 189
 51 30 42 11 20 35	 => 189


===================[TEST 83]===================

##### START ##### Thu May 22 03:53:23 2003



##### CONVERGE ##### Thu May 22 03:54:25 2003

Elapsed time: 62 seconds
Total loop: 108 generations

Result : 187.215

11 13 33 51 28 54 2 19 45 42 15 44 39 6 8 23 50 26 35 31 29 22 43 41 1 18 10 53 36 5 38 27 30 20 47 21 14 24 16 34 46 49 25 40 48 52 3 12 17 32 7 37 4 9 

 11 13 33 51 28 54	 => 190
 2 54 28 19 45 42	 => 190
 15 42 45 44 39 6	 => 191
 33 8 23 50 26 51	 => 191
 28 51 26 35 31 19	 => 190
 45 19 31 29 22 44	 => 190
 39 44 22 43 41 1	 => 190
 23 18 10 53 36 50	 => 190
 26 50 36 5 38 35	 => 190
 31 35 38 27 30 29	 => 190
 22 29 30 20 47 43	 => 191
 41 43 47 21 14 24	 => 190
 36 53 16 34 46 5	 => 190
 38 5 46 49 25 27	 => 190
 30 27 25 40 48 20	 => 190
 47 20 48 52 3 21	 => 191
 46 34 12 17 32 49	 => 190
 25 49 32 7 37 40	 => 190
 48 40 37 4 9 52	 => 190


===================[TEST 84]===================

##### START ##### Thu May 22 03:54:25 2003



##### CONVERGE ##### Thu May 22 03:55:48 2003

Elapsed time: 83 seconds
Total loop: 146 generations

Result : 188.412

7 22 25 49 48 39 2 10 51 40 21 35 31 12 5 46 45 20 29 34 28 32 54 23 15 4 17 36 42 11 43 26 30 19 27 53 24 9 18 33 50 44 16 47 52 38 1 8 14 41 6 37 13 3 

 7 22 25 49 48 39	 => 190
 2 39 48 10 51 40	 => 190
 21 40 51 35 31 12	 => 190
 25 5 46 45 20 49	 => 190
 48 49 20 29 34 10	 => 190
 51 10 34 28 32 35	 => 190
 31 35 32 54 23 15	 => 190
 46 4 17 36 42 45	 => 190
 20 45 42 11 43 29	 => 190
 34 29 43 26 30 28	 => 190
 32 28 30 19 27 54	 => 190
 23 54 27 53 24 9	 => 190
 42 36 18 33 50 11	 => 190
 43 11 50 44 16 26	 => 190
 30 26 16 47 52 19	 => 190
 27 19 52 38 1 53	 => 190
 50 33 8 14 41 44	 => 190
 16 44 41 6 37 47	 => 191
 52 47 37 13 3 38	 => 190


===================[TEST 85]===================

##### START ##### Thu May 22 03:55:48 2003



##### CONVERGE ##### Thu May 22 03:56:55 2003

Elapsed time: 67 seconds
Total loop: 117 generations

Result : 187.478

11 15 42 40 45 37 6 22 54 26 23 38 41 8 1 50 39 18 35 30 19 27 52 29 3 5 20 28 49 24 25 34 47 9 36 44 14 16 10 31 48 43 17 32 51 46 4 2 13 53 12 33 21 7 

 11 15 42 40 45 37	 => 190
 6 37 45 22 54 26	 => 190
 23 26 54 38 41 8	 => 190
 42 1 50 39 18 40	 => 190
 45 40 18 35 30 22	 => 190
 54 22 30 19 27 38	 => 190
 41 38 27 52 29 3	 => 190
 50 5 20 28 49 39	 => 191
 18 39 49 24 25 35	 => 190
 30 35 25 34 47 19	 => 190
 27 19 47 9 36 52	 => 190
 29 52 36 44 14 16	 => 191
 49 28 10 31 48 24	 => 190
 25 24 48 43 17 34	 => 191
 47 34 17 32 51 9	 => 190
 36 9 51 46 4 44	 => 190
 48 31 2 13 53 43	 => 190
 17 43 53 12 33 32	 => 190
 51 32 33 21 7 46	 => 190


===================[TEST 86]===================

##### START ##### Thu May 22 03:56:55 2003



##### CONVERGE ##### Thu May 22 03:58:10 2003

Elapsed time: 75 seconds
Total loop: 132 generations

Result : 187.616

21 9 39 45 49 27 16 7 43 48 1 51 41 6 2 36 46 22 23 44 35 10 54 30 5 3 17 38 50 25 24 33 31 32 28 40 18 20 4 26 47 53 8 52 34 42 13 12 15 37 11 29 19 14 

 21 9 39 45 49 27	 => 190
 16 27 49 7 43 48	 => 190
 1 48 43 51 41 6	 => 190
 39 2 36 46 22 45	 => 190
 49 45 22 23 44 7	 => 190
 43 7 44 35 10 51	 => 190
 41 51 10 54 30 5	 => 191
 36 3 17 38 50 46	 => 190
 22 46 50 25 24 23	 => 190
 44 23 24 33 31 35	 => 190
 10 35 31 32 28 54	 => 190
 30 54 28 40 18 20	 => 190
 50 38 4 26 47 25	 => 190
 24 25 47 53 8 33	 => 190
 31 33 8 52 34 32	 => 190
 28 32 34 42 13 40	 => 189
 47 26 12 15 37 53	 => 190
 8 53 37 11 29 52	 => 190
 34 52 29 19 14 42	 => 190


===================[TEST 87]===================

##### START ##### Thu May 22 03:58:10 2003



##### CONVERGE ##### Thu May 22 03:59:19 2003

Elapsed time: 69 seconds
Total loop: 120 generations

Result : 187.163

19 18 36 51 40 26 2 25 49 48 5 31 43 14 10 35 45 13 39 22 46 17 37 38 23 21 6 29 53 8 32 34 16 24 50 41 15 9 11 47 42 54 20 52 44 30 1 12 7 28 3 33 4 27 

 19 18 36 51 40 26	 => 190
 2 26 40 25 49 48	 => 190
 5 48 49 31 43 14	 => 190
 36 10 35 45 13 51	 => 190
 40 51 13 39 22 25	 => 190
 49 25 22 46 17 31	 => 190
 43 31 17 37 38 23	 => 189
 35 21 6 29 53 45	 => 189
 13 45 53 8 32 39	 => 190
 22 39 32 34 16 46	 => 189
 17 46 16 24 50 37	 => 190
 38 37 50 41 15 9	 => 190
 53 29 11 47 42 8	 => 190
 32 8 42 54 20 34	 => 190
 16 34 20 52 44 24	 => 190
 50 24 44 30 1 41	 => 190
 42 47 12 7 28 54	 => 190
 20 54 28 3 33 52	 => 190
 44 52 33 4 27 30	 => 190


===================[TEST 88]===================

##### START ##### Thu May 22 03:59:19 2003



##### CONVERGE ##### Thu May 22 04:00:21 2003

Elapsed time: 62 seconds
Total loop: 108 generations

Result : 187.412

20 9 50 33 45 32 10 13 38 51 7 52 27 14 1 54 28 23 36 39 16 31 44 24 11 8 3 43 53 12 37 40 21 29 48 41 17 15 5 42 34 47 19 46 35 30 6 18 22 26 2 49 25 4 

 20 9 50 33 45 32	 => 189
 10 32 45 13 38 51	 => 189
 7 51 38 52 27 14	 => 189
 50 1 54 28 23 33	 => 189
 45 33 23 36 39 13	 => 189
 38 13 39 16 31 52	 => 189
 27 52 31 44 24 11	 => 189
 54 8 3 43 53 28	 => 189
 23 28 53 12 37 36	 => 189
 39 36 37 40 21 16	 => 189
 31 16 21 29 48 44	 => 189
 24 44 48 41 17 15	 => 189
 53 43 5 42 34 12	 => 189
 37 12 34 47 19 40	 => 189
 21 40 19 46 35 29	 => 190
 48 29 35 30 6 41	 => 189
 34 42 18 22 26 47	 => 189
 19 47 26 2 49 46	 => 189
 35 46 49 25 4 30	 => 189


===================[TEST 89]===================

##### START ##### Thu May 22 04:00:21 2003



##### CONVERGE ##### Thu May 22 04:01:18 2003

Elapsed time: 57 seconds
Total loop: 101 generations

Result : 187.64

18 6 36 51 52 27 8 15 46 42 13 54 32 3 7 38 49 9 44 19 30 26 45 31 2 12 4 50 37 28 23 40 34 22 33 47 24 10 1 39 35 48 16 25 53 29 5 14 11 43 17 41 20 21 

 18 6 36 51 52 27	 => 190
 8 27 52 15 46 42	 => 190
 13 42 46 54 32 3	 => 190
 36 7 38 49 9 51	 => 190
 52 51 9 44 19 15	 => 190
 46 15 19 30 26 54	 => 190
 32 54 26 45 31 2	 => 190
 38 12 4 50 37 49	 => 190
 9 49 37 28 23 44	 => 190
 19 44 23 40 34 30	 => 190
 26 30 34 22 33 45	 => 190
 31 45 33 47 24 10	 => 190
 37 50 1 39 35 28	 => 190
 23 28 35 48 16 40	 => 190
 34 40 16 25 53 22	 => 190
 33 22 53 29 5 47	 => 189
 35 39 14 11 43 48	 => 190
 16 48 43 17 41 25	 => 190
 53 25 41 20 21 29	 => 189


===================[TEST 90]===================

##### START ##### Thu May 22 04:01:18 2003



##### CONVERGE ##### Thu May 22 04:02:18 2003

Elapsed time: 60 seconds
Total loop: 104 generations

Result : 187.412

17 19 42 39 48 24 7 18 49 43 15 31 47 4 9 38 41 20 33 32 30 29 53 28 1 21 10 25 54 5 36 50 8 23 46 37 22 3 14 40 51 35 12 52 44 26 13 16 2 45 11 34 6 27 

 17 19 42 39 48 24	 => 189
 7 24 48 18 49 43	 => 189
 15 43 49 31 47 4	 => 189
 42 9 38 41 20 39	 => 189
 48 39 20 33 32 18	 => 190
 49 18 32 30 29 31	 => 189
 47 31 29 53 28 1	 => 189
 38 21 10 25 54 41	 => 189
 20 41 54 5 36 33	 => 189
 32 33 36 50 8 30	 => 189
 29 30 8 23 46 53	 => 189
 28 53 46 37 22 3	 => 189
 54 25 14 40 51 5	 => 189
 36 5 51 35 12 50	 => 189
 8 50 12 52 44 23	 => 189
 46 23 44 26 13 37	 => 189
 51 40 16 2 45 35	 => 189
 12 35 45 11 34 52	 => 189
 44 52 34 6 27 26	 => 189


===================[TEST 91]===================

##### START ##### Thu May 22 04:02:18 2003



##### CONVERGE ##### Thu May 22 04:03:42 2003

Elapsed time: 84 seconds
Total loop: 148 generations

Result (Solution) : 189

1 22 21 51 40 54 8 13 45 29 16 47 28 24 4 46 48 19 27 39 34 11 52 37 14 7 6 50 32 25 38 20 31 18 43 35 5 17 15 44 23 53 30 41 49 42 2 10 33 26 3 36 9 12 

 1 22 21 51 40 54	 => 189
 8 54 40 13 45 29	 => 189
 16 29 45 47 28 24	 => 189
 21 4 46 48 19 51	 => 189
 40 51 19 27 39 13	 => 189
 45 13 39 34 11 47	 => 189
 28 47 11 52 37 14	 => 189
 46 7 6 50 32 48	 => 189
 19 48 32 25 38 27	 => 189
 39 27 38 20 31 34	 => 189
 11 34 31 18 43 52	 => 189
 37 52 43 35 5 17	 => 189
 32 50 15 44 23 25	 => 189
 38 25 23 53 30 20	 => 189
 31 20 30 41 49 18	 => 189
 43 18 49 42 2 35	 => 189
 23 44 10 33 26 53	 => 189
 30 53 26 3 36 41	 => 189
 49 41 36 9 12 42	 => 189


===================[TEST 92]===================

##### START ##### Thu May 22 04:03:42 2003



##### CONVERGE ##### Thu May 22 04:04:47 2003

Elapsed time: 65 seconds
Total loop: 114 generations

Result : 188.412

18 17 28 33 50 44 6 12 51 27 21 35 36 20 16 39 52 23 34 38 30 24 41 53 1 2 8 42 47 9 25 26 37 10 48 32 13 3 4 43 45 54 31 40 46 49 5 15 11 22 14 29 19 7 

 18 17 28 33 50 44	 => 190
 6 44 50 12 51 27	 => 190
 21 27 51 35 36 20	 => 190
 28 16 39 52 23 33	 => 191
 50 33 23 34 38 12	 => 190
 51 12 38 30 24 35	 => 190
 36 35 24 41 53 1	 => 190
 39 2 8 42 47 52	 => 190
 23 52 47 9 25 34	 => 190
 38 34 25 26 37 30	 => 190
 24 30 37 10 48 41	 => 190
 53 41 48 32 13 3	 => 190
 47 42 4 43 45 9	 => 190
 25 9 45 54 31 26	 => 190
 37 26 31 40 46 10	 => 190
 48 10 46 49 5 32	 => 190
 45 43 15 11 22 54	 => 190
 31 54 22 14 29 40	 => 190
 46 40 29 19 7 49	 => 190


===================[TEST 93]===================

##### START ##### Thu May 22 04:04:47 2003



##### CONVERGE ##### Thu May 22 04:05:43 2003

Elapsed time: 56 seconds
Total loop: 99 generations

Result : 186.85

16 9 14 54 46 50 15 3 52 23 12 51 38 13 17 39 45 20 30 36 28 19 43 34 4 10 5 42 48 22 24 31 41 18 40 44 2 26 8 37 32 53 27 25 47 33 7 11 21 35 1 49 6 29 

 16 9 14 54 46 50	 => 189
 15 50 46 3 52 23	 => 189
 12 23 52 51 38 13	 => 189
 14 17 39 45 20 54	 => 189
 46 54 20 30 36 3	 => 189
 52 3 36 28 19 51	 => 189
 38 51 19 43 34 4	 => 189
 39 10 5 42 48 45	 => 189
 20 45 48 22 24 30	 => 189
 36 30 24 31 41 28	 => 190
 19 28 41 18 40 43	 => 189
 34 43 40 44 2 26	 => 189
 48 42 8 37 32 22	 => 189
 24 22 32 53 27 31	 => 189
 41 31 27 25 47 18	 => 189
 40 18 47 33 7 44	 => 189
 32 37 11 21 35 53	 => 189
 27 53 35 1 49 25	 => 190
 47 25 49 6 29 33	 => 189


===================[TEST 94]===================

##### START ##### Thu May 22 04:05:43 2003



##### CONVERGE ##### Thu May 22 04:07:06 2003

Elapsed time: 83 seconds
Total loop: 144 generations

Result : 187.794

21 11 28 47 38 46 5 24 34 43 22 49 36 6 19 33 44 20 32 30 31 23 54 26 3 8 9 45 52 1 42 29 27 16 40 39 17 15 2 41 50 51 18 48 53 35 7 10 14 25 12 37 4 13 

 21 11 28 47 38 46	 => 191
 5 46 38 24 34 43	 => 190
 22 43 34 49 36 6	 => 190
 28 19 33 44 20 47	 => 191
 38 47 20 32 30 24	 => 191
 34 24 30 31 23 49	 => 191
 36 49 23 54 26 3	 => 191
 33 8 9 45 52 44	 => 191
 20 44 52 1 42 32	 => 191
 30 32 42 29 27 31	 => 191
 23 31 27 16 40 54	 => 191
 26 54 40 39 17 15	 => 191
 52 45 2 41 50 1	 => 191
 42 1 50 51 18 29	 => 191
 27 29 18 48 53 16	 => 191
 40 16 53 35 7 39	 => 190
 50 41 10 14 25 51	 => 191
 18 51 25 12 37 48	 => 191
 53 48 37 4 13 35	 => 190


===================[TEST 95]===================

##### START ##### Thu May 22 04:07:06 2003



##### CONVERGE ##### Thu May 22 04:08:07 2003

Elapsed time: 61 seconds
Total loop: 108 generations

Result : 187.64

9 3 34 51 54 39 6 22 42 27 18 49 35 19 7 45 41 12 23 28 38 11 53 40 1 14 10 30 50 16 48 21 32 20 36 31 17 13 5 43 46 33 26 44 47 52 4 29 2 37 25 24 15 8 

 9 3 34 51 54 39	 => 190
 6 39 54 22 42 27	 => 190
 18 27 42 49 35 19	 => 190
 34 7 45 41 12 51	 => 190
 54 51 12 23 28 22	 => 190
 42 22 28 38 11 49	 => 190
 35 49 11 53 40 1	 => 189
 45 14 10 30 50 41	 => 190
 12 41 50 16 48 23	 => 190
 28 23 48 21 32 38	 => 190
 11 38 32 20 36 53	 => 190
 40 53 36 31 17 13	 => 190
 50 30 5 43 46 16	 => 190
 48 16 46 33 26 21	 => 190
 32 21 26 44 47 20	 => 190
 36 20 47 52 4 31	 => 190
 46 43 29 2 37 33	 => 190
 26 33 37 25 24 44	 => 189
 47 44 24 15 8 52	 => 190


===================[TEST 96]===================

##### START ##### Thu May 22 04:08:07 2003



##### CONVERGE ##### Thu May 22 04:09:37 2003

Elapsed time: 90 seconds
Total loop: 157 generations

Result : 187.794

16 3 46 32 53 41 4 21 44 28 14 45 40 20 2 47 39 25 26 34 38 9 54 35 8 12 17 24 52 22 27 29 36 11 43 31 10 18 13 30 50 48 15 51 49 37 19 23 7 33 1 42 5 6 

 16 3 46 32 53 41	 => 191
 4 41 53 21 44 28	 => 191
 14 28 44 45 40 20	 => 191
 46 2 47 39 25 32	 => 191
 53 32 25 26 34 21	 => 191
 44 21 34 38 9 45	 => 191
 40 45 9 54 35 8	 => 191
 47 12 17 24 52 39	 => 191
 25 39 52 22 27 26	 => 191
 34 26 27 29 36 38	 => 190
 9 38 36 11 43 54	 => 191
 35 54 43 31 10 18	 => 191
 52 24 13 30 50 22	 => 191
 27 22 50 48 15 29	 => 191
 36 29 15 51 49 11	 => 191
 43 11 49 37 19 31	 => 190
 50 30 23 7 33 48	 => 191
 15 48 33 1 42 51	 => 190
 49 51 42 5 6 37	 => 190


===================[TEST 97]===================

##### START ##### Thu May 22 04:09:37 2003



##### CONVERGE ##### Thu May 22 04:11:31 2003

Elapsed time: 114 seconds
Total loop: 200 generations

Result : 187.85

19 9 30 45 44 43 2 20 51 31 7 49 37 15 4 52 34 25 32 24 36 10 41 35 18 16 1 39 48 13 38 33 27 22 54 26 28 6 8 29 53 42 11 47 50 21 17 3 23 40 5 46 12 14 

 19 9 30 45 44 43	 => 190
 2 43 44 20 51 31	 => 191
 7 31 51 49 37 15	 => 190
 30 4 52 34 25 45	 => 190
 44 45 25 32 24 20	 => 190
 51 20 24 36 10 49	 => 190
 37 49 10 41 35 18	 => 190
 52 16 1 39 48 34	 => 190
 25 34 48 13 38 32	 => 190
 24 32 38 33 27 36	 => 190
 10 36 27 22 54 41	 => 190
 35 41 54 26 28 6	 => 190
 48 39 8 29 53 13	 => 190
 38 13 53 42 11 33	 => 190
 27 33 11 47 50 22	 => 190
 54 22 50 21 17 26	 => 190
 53 29 3 23 40 42	 => 190
 11 42 40 5 46 47	 => 191
 50 47 46 12 14 21	 => 190


===================[TEST 98]===================

##### START ##### Thu May 22 04:11:31 2003



##### CONVERGE ##### Thu May 22 04:12:38 2003

Elapsed time: 67 seconds
Total loop: 117 generations

Result : 187.64

1 10 33 52 44 49 11 3 43 40 19 53 27 8 5 26 46 28 32 31 39 21 45 37 7 14 25 41 38 24 22 47 18 17 50 36 6 16 4 48 35 42 20 54 34 51 2 12 23 30 15 29 13 9 

 1 10 33 52 44 49	 => 189
 11 49 44 3 43 40	 => 190
 19 40 43 53 27 8	 => 190
 33 5 26 46 28 52	 => 190
 44 52 28 32 31 3	 => 190
 43 3 31 39 21 53	 => 190
 27 53 21 45 37 7	 => 190
 26 14 25 41 38 46	 => 190
 28 46 38 24 22 32	 => 190
 31 32 22 47 18 39	 => 189
 21 39 18 17 50 45	 => 190
 37 45 50 36 6 16	 => 190
 38 41 4 48 35 24	 => 190
 22 24 35 42 20 47	 => 190
 18 47 20 54 34 17	 => 190
 50 17 34 51 2 36	 => 190
 35 48 12 23 30 42	 => 190
 20 42 30 15 29 54	 => 190
 34 54 29 13 9 51	 => 190


===================[TEST 99]===================

##### START ##### Thu May 22 04:12:38 2003



##### CONVERGE ##### Thu May 22 04:14:03 2003

Elapsed time: 85 seconds
Total loop: 148 generations

Result : 187.85

4 16 31 53 45 41 3 18 49 34 5 51 40 11 10 52 38 6 46 22 30 20 33 44 2 1 8 37 54 14 32 21 39 27 42 29 24 19 9 28 48 50 25 35 43 36 13 23 15 26 7 47 17 12 

 4 16 31 53 45 41	 => 190
 3 41 45 18 49 34	 => 190
 5 34 49 51 40 11	 => 190
 31 10 52 38 6 53	 => 190
 45 53 6 46 22 18	 => 190
 49 18 22 30 20 51	 => 190
 40 51 20 33 44 2	 => 190
 52 1 8 37 54 38	 => 190
 6 38 54 14 32 46	 => 190
 22 46 32 21 39 30	 => 190
 20 30 39 27 42 33	 => 191
 44 33 42 29 24 19	 => 191
 54 37 9 28 48 14	 => 190
 32 14 48 50 25 21	 => 190
 39 21 25 35 43 27	 => 190
 42 27 43 36 13 29	 => 190
 48 28 23 15 26 50	 => 190
 25 50 26 7 47 35	 => 190
 43 35 47 17 12 36	 => 190


===================[TEST 100]===================

##### START ##### Thu May 22 04:14:03 2003



##### CONVERGE ##### Thu May 22 04:15:13 2003

Elapsed time: 70 seconds
Total loop: 124 generations

Result : 187.478

15 7 37 41 43 47 2 21 46 32 19 36 54 3 5 39 52 16 27 42 35 11 50 31 8 17 13 29 40 22 33 28 26 23 45 49 1 14 12 34 53 30 24 38 51 18 4 20 9 44 6 48 10 25 

 15 7 37 41 43 47	 => 190
 2 47 43 21 46 32	 => 191
 19 32 46 36 54 3	 => 190
 37 5 39 52 16 41	 => 190
 43 41 16 27 42 21	 => 190
 46 21 42 35 11 36	 => 191
 54 36 11 50 31 8	 => 190
 39 17 13 29 40 52	 => 190
 16 52 40 22 33 27	 => 190
 42 27 33 28 26 35	 => 191
 11 35 26 23 45 50	 => 190
 31 50 45 49 1 14	 => 190
 40 29 12 34 53 22	 => 190
 33 22 53 30 24 28	 => 190
 26 28 24 38 51 23	 => 190
 45 23 51 18 4 49	 => 190
 53 34 20 9 44 30	 => 190
 24 30 44 6 48 38	 => 190
 51 38 48 10 25 18	 => 190



test#	fitness		sum		time
---------------------------------------------------
1	187.412				50
2	186.85				54
3	188.412				78
4	188.412				90
5	188.412				88
6	187.64				49
7	187.85				63
8	188.306				80
9	187.163				70
10	188.163				89
11	188.306				65
12	188.412				62
13	187.794				77
14	188.412				53
15	188.412				61
16	187.501				65
17	187.478				74
18	187.163				58
19	188.306				80
20	187.616				60
21	187.64				84
22	187.501				78
23	186.794				77
24	187.616				73
25	188.306				63
26	188.306				114
27	187.85		187		88
28	187.268				66
29	187.85				85
30	187.616				105
31	187.501				72
32	190		190		49
33	187.85				55
34	187.64				77
35	188.412				77
36	190		190		71
37	187.306				81
38	187.85				90
39	187.85				81
40	186.85				44
41	187.306				76
42	187.412				64
43	187.616				79
44	188.306				84
45	188.163				86
46	188.306				70
47	187.85				79
48	188.412				68
49	187.163				67
50	188.412				82
51	188.412				71
52	186.794				61
53	188.306				61
54	187.85				56
55	186.158				55
56	188.412				64
57	188.306				66
58	188.412				74
59	187.794				100
60	187.85				55
61	187.794				68
62	187.053				66
63	186.85				53
64	187.616				55
65	187.478				57
66	187.053				54
67	188.412				58
68	187.794				76
69	187.85				56
70	185.85				39
71	188.163				95
72	187.64				60
73	188.412				63
74	187.64				80
75	188.306				50
76	187.794				73
77	187.64				83
78	187.478				85
79	187.85				83
80	186.85				55
81	188.306				78
82	189		189		53
83	187.215				62
84	188.412				83
85	187.478				67
86	187.616				75
87	187.163				69
88	187.412				62
89	187.64				57
90	187.412				60
91	189		189		84
92	188.412				65
93	186.85				56
94	187.794				83
95	187.64				61
96	187.794				90
97	187.85				114
98	187.64				67
99	187.85				85
100	187.478				70


---------------------------------------------------
Best fitness      : 190 ( test# 32)
Best solution sum : 190 ( test# 32)
Shortest time     : 39 ( test# 70)

Average fitness   : 187.807
Average sol. sum  : 189
Average time      : 70.64
