****************** GA TEST *******************

total test#:			 100
hexa min width:			 3
hexa max width:			 5
hexa count:			 19
number count:			 54
population size:		 150
generation size:		 40

tournament winner p:		 1
do xover p:			 1
xover:				 2points
do mutation1 p:			 0.1
mutation1 p:			 0.05
do optimize p:			 1
local optimize count:		 6000
do deep better optimize p:	 1
do deep worse optimize p:	 0
do spin p:			 0
spin count:			 1000
do spin apply p:		 1
do mutation2 p:			 0.12
mutation2 p:			 0.08
force mutation2:		 0
replace bad p:			 0.195

converge rate p:		 0.99
converge count:			 5

**********************************************


===================[TEST 1]===================

##### START ##### Thu May 22 12:41:30 2003



##### CONVERGE ##### Thu May 22 12:42:40 2003

Elapsed time: 70 seconds
Total loop: 152 generations

Result : 188.412

1 28 40 43 47 31 2 19 46 45 8 53 33 5 6 27 52 22 30 29 32 11 51 38 4 7 14 49 42 20 24 41 34 18 44 21 26 10 15 25 39 54 12 37 48 50 9 13 23 36 16 35 17 3 

 1 28 40 43 47 31	 => 190
 2 31 47 19 46 45	 => 190
 8 45 46 53 33 5	 => 190
 40 6 27 52 22 43	 => 190
 47 43 22 30 29 19	 => 190
 46 19 29 32 11 53	 => 190
 33 53 11 51 38 4	 => 190
 27 7 14 49 42 52	 => 191
 22 52 42 20 24 30	 => 190
 29 30 24 41 34 32	 => 190
 11 32 34 18 44 51	 => 190
 38 51 44 21 26 10	 => 190
 42 49 15 25 39 20	 => 190
 24 20 39 54 12 41	 => 190
 34 41 12 37 48 18	 => 190
 44 18 48 50 9 21	 => 190
 39 25 13 23 36 54	 => 190
 12 54 36 16 35 37	 => 190
 48 37 35 17 3 50	 => 190


===================[TEST 2]===================

##### START ##### Thu May 22 12:42:40 2003



##### CONVERGE ##### Thu May 22 12:44:47 2003

Elapsed time: 127 seconds
Total loop: 279 generations

Result : 188.306

21 26 29 53 46 15 22 17 52 38 1 45 51 3 10 35 50 13 31 30 37 9 39 40 6 5 7 43 49 14 33 32 27 24 54 28 11 18 12 25 47 41 23 48 36 44 4 19 16 42 2 34 8 20 

 21 26 29 53 46 15	 => 190
 22 15 46 17 52 38	 => 190
 1 38 52 45 51 3	 => 190
 29 10 35 50 13 53	 => 190
 46 53 13 31 30 17	 => 190
 52 17 30 37 9 45	 => 190
 51 45 9 39 40 6	 => 190
 35 5 7 43 49 50	 => 189
 13 50 49 14 33 31	 => 190
 30 31 33 32 27 37	 => 190
 9 37 27 24 54 39	 => 190
 40 39 54 28 11 18	 => 190
 49 43 12 25 47 14	 => 190
 33 14 47 41 23 32	 => 190
 27 32 23 48 36 24	 => 190
 54 24 36 44 4 28	 => 190
 47 25 19 16 42 41	 => 190
 23 41 42 2 34 48	 => 190
 36 48 34 8 20 44	 => 190


===================[TEST 3]===================

##### START ##### Thu May 22 12:44:47 2003



##### CONVERGE ##### Thu May 22 12:45:48 2003

Elapsed time: 61 seconds
Total loop: 133 generations

Result : 188.306

9 18 53 25 54 31 14 13 38 40 24 47 36 5 8 28 50 26 30 42 39 11 51 41 4 16 3 49 44 17 23 37 19 27 43 32 10 12 6 29 45 46 22 52 33 48 7 21 15 34 1 35 2 20 

 9 18 53 25 54 31	 => 190
 14 31 54 13 38 40	 => 190
 24 40 38 47 36 5	 => 190
 53 8 28 50 26 25	 => 190
 54 25 26 30 42 13	 => 190
 38 13 42 39 11 47	 => 190
 36 47 11 51 41 4	 => 190
 28 16 3 49 44 50	 => 190
 26 50 44 17 23 30	 => 190
 42 30 23 37 19 39	 => 190
 11 39 19 27 43 51	 => 190
 41 51 43 32 10 12	 => 189
 44 49 6 29 45 17	 => 190
 23 17 45 46 22 37	 => 190
 19 37 22 52 33 27	 => 190
 43 27 33 48 7 32	 => 190
 45 29 21 15 34 46	 => 190
 22 46 34 1 35 52	 => 190
 33 52 35 2 20 48	 => 190


===================[TEST 4]===================

##### START ##### Thu May 22 12:45:48 2003



##### CONVERGE ##### Thu May 22 12:46:50 2003

Elapsed time: 62 seconds
Total loop: 137 generations

Result : 187.412

3 2 44 50 54 36 1 30 37 31 17 48 40 16 4 34 49 8 25 22 33 19 43 28 11 7 14 53 32 24 51 23 35 15 45 29 39 5 13 41 26 47 18 46 52 38 10 12 21 42 9 27 20 6 

 3 2 44 50 54 36	 => 189
 1 36 54 30 37 31	 => 189
 17 31 37 48 40 16	 => 189
 44 4 34 49 8 50	 => 189
 54 50 8 25 22 30	 => 189
 37 30 22 33 19 48	 => 189
 40 48 19 43 28 11	 => 189
 34 7 14 53 32 49	 => 189
 8 49 32 24 51 25	 => 189
 22 25 51 23 35 33	 => 189
 19 33 35 15 45 43	 => 190
 28 43 45 29 39 5	 => 189
 32 53 13 41 26 24	 => 189
 51 24 26 47 18 23	 => 189
 35 23 18 46 52 15	 => 189
 45 15 52 38 10 29	 => 189
 26 41 12 21 42 47	 => 189
 18 47 42 9 27 46	 => 189
 52 46 27 20 6 38	 => 189


===================[TEST 5]===================

##### START ##### Thu May 22 12:46:50 2003



##### CONVERGE ##### Thu May 22 12:47:37 2003

Elapsed time: 47 seconds
Total loop: 103 generations

Result (Solution) : 190

14 18 38 35 52 33 8 9 48 40 3 45 34 20 21 37 49 10 41 43 22 23 53 31 4 17 12 29 46 16 28 26 30 15 47 39 1 19 7 50 42 54 24 44 51 25 13 6 2 36 5 27 32 11 

 14 18 38 35 52 33	 => 190
 8 33 52 9 48 40	 => 190
 3 40 48 45 34 20	 => 190
 38 21 37 49 10 35	 => 190
 52 35 10 41 43 9	 => 190
 48 9 43 22 23 45	 => 190
 34 45 23 53 31 4	 => 190
 37 17 12 29 46 49	 => 190
 10 49 46 16 28 41	 => 190
 43 41 28 26 30 22	 => 190
 23 22 30 15 47 53	 => 190
 31 53 47 39 1 19	 => 190
 46 29 7 50 42 16	 => 190
 28 16 42 54 24 26	 => 190
 30 26 24 44 51 15	 => 190
 47 15 51 25 13 39	 => 190
 42 50 6 2 36 54	 => 190
 24 54 36 5 27 44	 => 190
 51 44 27 32 11 25	 => 190


===================[TEST 6]===================

##### START ##### Thu May 22 12:47:37 2003



##### CONVERGE ##### Thu May 22 12:48:38 2003

Elapsed time: 61 seconds
Total loop: 133 generations

Result : 187.794

20 1 47 39 51 33 3 17 41 46 9 45 25 24 5 36 42 22 27 35 34 19 50 40 12 23 16 30 44 18 38 29 28 11 49 37 10 4 14 31 53 32 21 54 48 43 2 15 8 52 6 26 7 13 

 20 1 47 39 51 33	 => 191
 3 33 51 17 41 46	 => 191
 9 46 41 45 25 24	 => 190
 47 5 36 42 22 39	 => 191
 51 39 22 27 35 17	 => 191
 41 17 35 34 19 45	 => 191
 25 45 19 50 40 12	 => 191
 36 23 16 30 44 42	 => 191
 22 42 44 18 38 27	 => 191
 35 27 38 29 28 34	 => 191
 19 34 28 11 49 50	 => 191
 40 50 49 37 10 4	 => 190
 44 30 14 31 53 18	 => 190
 38 18 53 32 21 29	 => 191
 28 29 21 54 48 11	 => 191
 49 11 48 43 2 37	 => 190
 53 31 15 8 52 32	 => 191
 21 32 52 6 26 54	 => 191
 48 54 26 7 13 43	 => 191


===================[TEST 7]===================

##### START ##### Thu May 22 12:48:38 2003



##### CONVERGE ##### Thu May 22 12:49:44 2003

Elapsed time: 66 seconds
Total loop: 144 generations

Result : 187.306

5 13 24 53 45 49 14 18 46 17 2 54 42 28 6 37 43 26 16 31 32 8 50 25 10 23 4 34 48 27 29 40 41 19 39 52 20 3 1 35 44 33 15 36 38 30 11 21 9 47 7 51 22 12 

 5 13 24 53 45 49	 => 189
 14 49 45 18 46 17	 => 189
 2 17 46 54 42 28	 => 189
 24 6 37 43 26 53	 => 189
 45 53 26 16 31 18	 => 189
 46 18 31 32 8 54	 => 189
 42 54 8 50 25 10	 => 189
 37 23 4 34 48 43	 => 189
 26 43 48 27 29 16	 => 189
 31 16 29 40 41 32	 => 189
 8 32 41 19 39 50	 => 189
 25 50 39 52 20 3	 => 189
 48 34 1 35 44 27	 => 189
 29 27 44 33 15 40	 => 188
 41 40 15 36 38 19	 => 189
 39 19 38 30 11 52	 => 189
 44 35 21 9 47 33	 => 189
 15 33 47 7 51 36	 => 189
 38 36 51 22 12 30	 => 189


===================[TEST 8]===================

##### START ##### Thu May 22 12:49:44 2003



##### CONVERGE ##### Thu May 22 12:50:52 2003

Elapsed time: 68 seconds
Total loop: 150 generations

Result : 187.64

15 24 30 46 53 22 2 18 51 44 5 41 38 11 7 48 32 26 19 28 29 23 47 37 4 8 20 45 36 27 50 25 39 17 35 34 21 16 6 33 43 42 3 52 54 40 10 14 9 49 13 31 1 12 

 15 24 30 46 53 22	 => 190
 2 22 53 18 51 44	 => 190
 5 44 51 41 38 11	 => 190
 30 7 48 32 26 46	 => 189
 53 46 26 19 28 18	 => 190
 51 18 28 29 23 41	 => 190
 38 41 23 47 37 4	 => 190
 48 8 20 45 36 32	 => 189
 26 32 36 27 50 19	 => 190
 28 19 50 25 39 29	 => 190
 23 29 39 17 35 47	 => 190
 37 47 35 34 21 16	 => 190
 36 45 6 33 43 27	 => 190
 50 27 43 42 3 25	 => 190
 39 25 3 52 54 17	 => 190
 35 17 54 40 10 34	 => 190
 43 33 14 9 49 42	 => 190
 3 42 49 13 31 52	 => 190
 54 52 31 1 12 40	 => 190


===================[TEST 9]===================

##### START ##### Thu May 22 12:50:52 2003



##### CONVERGE ##### Thu May 22 12:52:17 2003

Elapsed time: 85 seconds
Total loop: 185 generations

Result : 188.412

10 17 20 53 50 40 2 8 54 36 11 34 48 7 12 43 47 15 33 31 42 21 35 51 1 22 3 38 37 26 32 24 28 19 45 49 4 6 9 41 39 46 23 52 44 29 5 16 18 30 14 25 13 27 

 10 17 20 53 50 40	 => 190
 2 40 50 8 54 36	 => 190
 11 36 54 34 48 7	 => 190
 20 12 43 47 15 53	 => 190
 50 53 15 33 31 8	 => 190
 54 8 31 42 21 34	 => 190
 48 34 21 35 51 1	 => 190
 43 22 3 38 37 47	 => 190
 15 47 37 26 32 33	 => 190
 31 33 32 24 28 42	 => 190
 21 42 28 19 45 35	 => 190
 51 35 45 49 4 6	 => 190
 37 38 9 41 39 26	 => 190
 32 26 39 46 23 24	 => 190
 28 24 23 52 44 19	 => 190
 45 19 44 29 5 49	 => 191
 39 41 16 18 30 46	 => 190
 23 46 30 14 25 52	 => 190
 44 52 25 13 27 29	 => 190


===================[TEST 10]===================

##### START ##### Thu May 22 12:52:17 2003



##### CONVERGE ##### Thu May 22 12:53:36 2003

Elapsed time: 79 seconds
Total loop: 173 generations

Result : 187.412

6 27 48 45 37 26 17 34 42 33 9 53 51 1 3 32 40 21 30 22 25 13 46 24 2 20 8 50 39 18 41 35 36 16 54 38 4 23 11 19 52 31 12 43 47 29 5 15 28 44 10 49 14 7 

 6 27 48 45 37 26	 => 189
 17 26 37 34 42 33	 => 189
 9 33 42 53 51 1	 => 189
 48 3 32 40 21 45	 => 189
 37 45 21 30 22 34	 => 189
 42 34 22 25 13 53	 => 189
 51 53 13 46 24 2	 => 189
 32 20 8 50 39 40	 => 189
 21 40 39 18 41 30	 => 189
 22 30 41 35 36 25	 => 189
 13 25 36 16 54 46	 => 190
 24 46 54 38 4 23	 => 189
 39 50 11 19 52 18	 => 189
 41 18 52 31 12 35	 => 189
 36 35 12 43 47 16	 => 189
 54 16 47 29 5 38	 => 189
 52 19 15 28 44 31	 => 189
 12 31 44 10 49 43	 => 189
 47 43 49 14 7 29	 => 189


===================[TEST 11]===================

##### START ##### Thu May 22 12:53:36 2003



##### CONVERGE ##### Thu May 22 12:54:20 2003

Elapsed time: 44 seconds
Total loop: 96 generations

Result : 187.85

19 4 39 48 34 46 12 24 51 23 21 33 49 14 6 52 36 9 45 30 27 25 53 29 1 8 15 42 37 28 35 22 31 13 41 40 16 11 10 26 47 38 20 54 50 43 3 18 17 44 2 32 5 7 

 19 4 39 48 34 46	 => 190
 12 46 34 24 51 23	 => 190
 21 23 51 33 49 14	 => 191
 39 6 52 36 9 48	 => 190
 34 48 9 45 30 24	 => 190
 51 24 30 27 25 33	 => 190
 49 33 25 53 29 1	 => 190
 52 8 15 42 37 36	 => 190
 9 36 37 28 35 45	 => 190
 30 45 35 22 31 27	 => 190
 25 27 31 13 41 53	 => 190
 29 53 41 40 16 11	 => 190
 37 42 10 26 47 28	 => 190
 35 28 47 38 20 22	 => 190
 31 22 20 54 50 13	 => 190
 41 13 50 43 3 40	 => 190
 47 26 18 17 44 38	 => 190
 20 38 44 2 32 54	 => 190
 50 54 32 5 7 43	 => 191


===================[TEST 12]===================

##### START ##### Thu May 22 12:54:20 2003



##### CONVERGE ##### Thu May 22 12:55:34 2003

Elapsed time: 74 seconds
Total loop: 163 generations

Result (Solution) : 189

17 21 16 49 54 32 15 1 51 36 4 50 43 5 7 52 45 20 28 37 40 10 33 26 27 14 6 30 42 19 35 25 24 29 53 34 12 31 11 39 48 44 18 46 47 23 3 9 8 41 2 38 13 22 

 17 21 16 49 54 32	 => 189
 15 32 54 1 51 36	 => 189
 4 36 51 50 43 5	 => 189
 16 7 52 45 20 49	 => 189
 54 49 20 28 37 1	 => 189
 51 1 37 40 10 50	 => 189
 43 50 10 33 26 27	 => 189
 52 14 6 30 42 45	 => 189
 20 45 42 19 35 28	 => 189
 37 28 35 25 24 40	 => 189
 10 40 24 29 53 33	 => 189
 26 33 53 34 12 31	 => 189
 42 30 11 39 48 19	 => 189
 35 19 48 44 18 25	 => 189
 24 25 18 46 47 29	 => 189
 53 29 47 23 3 34	 => 189
 48 39 9 8 41 44	 => 189
 18 44 41 2 38 46	 => 189
 47 46 38 13 22 23	 => 189


===================[TEST 13]===================

##### START ##### Thu May 22 12:55:34 2003



##### CONVERGE ##### Thu May 22 12:57:34 2003

Elapsed time: 120 seconds
Total loop: 264 generations

Result : 188.306

4 13 53 42 51 27 14 28 34 36 20 54 43 3 1 31 44 19 32 18 46 10 41 30 12 24 5 47 39 21 35 26 33 22 38 50 8 23 2 29 52 45 11 48 49 25 6 7 17 40 9 37 15 16 

 4 13 53 42 51 27	 => 190
 14 27 51 28 34 36	 => 190
 20 36 34 54 43 3	 => 190
 53 1 31 44 19 42	 => 190
 51 42 19 32 18 28	 => 190
 34 28 18 46 10 54	 => 190
 43 54 10 41 30 12	 => 190
 31 24 5 47 39 44	 => 190
 19 44 39 21 35 32	 => 190
 18 32 35 26 33 46	 => 190
 10 46 33 22 38 41	 => 190
 30 41 38 50 8 23	 => 190
 39 47 2 29 52 21	 => 190
 35 21 52 45 11 26	 => 190
 33 26 11 48 49 22	 => 189
 38 22 49 25 6 50	 => 190
 52 29 7 17 40 45	 => 190
 11 45 40 9 37 48	 => 190
 49 48 37 15 16 25	 => 190


===================[TEST 14]===================

##### START ##### Thu May 22 12:57:34 2003



##### CONVERGE ##### Thu May 22 12:58:33 2003

Elapsed time: 59 seconds
Total loop: 129 generations

Result : 187.64

3 16 36 45 51 39 21 11 50 18 22 47 46 7 9 37 44 19 26 38 40 4 53 34 6 13 1 43 52 25 24 35 27 17 49 33 5 15 8 30 32 54 20 42 48 29 14 23 10 41 2 31 12 28 

 3 16 36 45 51 39	 => 190
 21 39 51 11 50 18	 => 190
 22 18 50 47 46 7	 => 190
 36 9 37 44 19 45	 => 190
 51 45 19 26 38 11	 => 190
 50 11 38 40 4 47	 => 190
 46 47 4 53 34 6	 => 190
 37 13 1 43 52 44	 => 190
 19 44 52 25 24 26	 => 190
 38 26 24 35 27 40	 => 190
 4 40 27 17 49 53	 => 190
 34 53 49 33 5 15	 => 189
 52 43 8 30 32 25	 => 190
 24 25 32 54 20 35	 => 190
 27 35 20 42 48 17	 => 189
 49 17 48 29 14 33	 => 190
 32 30 23 10 41 54	 => 190
 20 54 41 2 31 42	 => 190
 48 42 31 12 28 29	 => 190


===================[TEST 15]===================

##### START ##### Thu May 22 12:58:33 2003



##### CONVERGE ##### Thu May 22 13:00:09 2003

Elapsed time: 96 seconds
Total loop: 211 generations

Result : 187.85

15 20 26 39 44 47 5 25 37 32 24 53 33 11 3 50 54 18 21 43 23 9 52 30 13 4 2 29 51 8 38 34 31 27 48 28 19 14 7 49 46 42 22 36 40 41 6 1 17 35 10 45 16 12 

 15 20 26 39 44 47	 => 191
 5 47 44 25 37 32	 => 190
 24 32 37 53 33 11	 => 190
 26 3 50 54 18 39	 => 190
 44 39 18 21 43 25	 => 190
 37 25 43 23 9 53	 => 190
 33 53 9 52 30 13	 => 190
 50 4 2 29 51 54	 => 190
 18 54 51 8 38 21	 => 190
 43 21 38 34 31 23	 => 190
 9 23 31 27 48 52	 => 190
 30 52 48 28 19 14	 => 191
 51 29 7 49 46 8	 => 190
 38 8 46 42 22 34	 => 190
 31 34 22 36 40 27	 => 190
 48 27 40 41 6 28	 => 190
 46 49 1 17 35 42	 => 190
 22 42 35 10 45 36	 => 190
 40 36 45 16 12 41	 => 190


===================[TEST 16]===================

##### START ##### Thu May 22 13:00:10 2003



##### CONVERGE ##### Thu May 22 13:01:11 2003

Elapsed time: 61 seconds
Total loop: 134 generations

Result : 187.85

7 14 34 46 52 37 5 17 53 26 21 36 54 1 8 32 48 22 24 29 35 20 47 30 4 16 13 38 43 28 25 44 33 6 49 31 18 15 2 39 40 41 12 45 50 51 3 9 19 42 27 23 11 10 

 7 14 34 46 52 37	 => 190
 5 37 52 17 53 26	 => 190
 21 26 53 36 54 1	 => 191
 34 8 32 48 22 46	 => 190
 52 46 22 24 29 17	 => 190
 53 17 29 35 20 36	 => 190
 54 36 20 47 30 4	 => 191
 32 16 13 38 43 48	 => 190
 22 48 43 28 25 24	 => 190
 29 24 25 44 33 35	 => 190
 20 35 33 6 49 47	 => 190
 30 47 49 31 18 15	 => 190
 43 38 2 39 40 28	 => 190
 25 28 40 41 12 44	 => 190
 33 44 12 45 50 6	 => 190
 49 6 50 51 3 31	 => 190
 40 39 9 19 42 41	 => 190
 12 41 42 27 23 45	 => 190
 50 45 23 11 10 51	 => 190


===================[TEST 17]===================

##### START ##### Thu May 22 13:01:11 2003



##### CONVERGE ##### Thu May 22 13:02:30 2003

Elapsed time: 79 seconds
Total loop: 174 generations

Result : 187.85

17 12 31 49 44 37 2 27 51 29 3 42 43 22 11 36 53 10 28 32 24 14 35 50 6 13 1 41 46 20 33 26 48 15 54 21 7 23 5 34 45 47 19 30 52 39 9 8 18 38 16 40 25 4 

 17 12 31 49 44 37	 => 190
 2 37 44 27 51 29	 => 190
 3 29 51 42 43 22	 => 190
 31 11 36 53 10 49	 => 190
 44 49 10 28 32 27	 => 190
 51 27 32 24 14 42	 => 190
 43 42 14 35 50 6	 => 190
 36 13 1 41 46 53	 => 190
 10 53 46 20 33 28	 => 190
 32 28 33 26 48 24	 => 191
 14 24 48 15 54 35	 => 190
 50 35 54 21 7 23	 => 190
 46 41 5 34 45 20	 => 191
 33 20 45 47 19 26	 => 190
 48 26 19 30 52 15	 => 190
 54 15 52 39 9 21	 => 190
 45 34 8 18 38 47	 => 190
 19 47 38 16 40 30	 => 190
 52 30 40 25 4 39	 => 190


===================[TEST 18]===================

##### START ##### Thu May 22 13:02:30 2003



##### CONVERGE ##### Thu May 22 13:03:53 2003

Elapsed time: 83 seconds
Total loop: 181 generations

Result : 187.794

9 11 45 41 52 33 3 17 51 34 2 54 40 10 6 38 44 16 35 30 27 12 53 28 4 21 8 32 48 5 43 29 26 23 50 31 14 15 18 46 42 47 25 39 49 37 1 19 13 24 20 36 7 22 

 9 11 45 41 52 33	 => 191
 3 33 52 17 51 34	 => 190
 2 34 51 54 40 10	 => 191
 45 6 38 44 16 41	 => 190
 52 41 16 35 30 17	 => 191
 51 17 30 27 12 54	 => 191
 40 54 12 53 28 4	 => 191
 38 21 8 32 48 44	 => 191
 16 44 48 5 43 35	 => 191
 30 35 43 29 26 27	 => 190
 12 27 26 23 50 53	 => 191
 28 53 50 31 14 15	 => 191
 48 32 18 46 42 5	 => 191
 43 5 42 47 25 29	 => 191
 26 29 25 39 49 23	 => 191
 50 23 49 37 1 31	 => 191
 42 46 19 13 24 47	 => 191
 25 47 24 20 36 39	 => 191
 49 39 36 7 22 37	 => 190


===================[TEST 19]===================

##### START ##### Thu May 22 13:03:53 2003



##### CONVERGE ##### Thu May 22 13:05:17 2003

Elapsed time: 84 seconds
Total loop: 185 generations

Result : 187.85

8 4 34 50 42 52 6 3 51 36 16 48 22 17 11 25 49 21 33 41 32 15 53 38 14 24 18 35 39 19 29 28 27 20 43 45 1 10 5 46 47 37 30 31 54 26 2 13 7 40 9 44 12 23 

 8 4 34 50 42 52	 => 190
 6 52 42 3 51 36	 => 190
 16 36 51 48 22 17	 => 190
 34 11 25 49 21 50	 => 190
 42 50 21 33 41 3	 => 190
 51 3 41 32 15 48	 => 190
 22 48 15 53 38 14	 => 190
 25 24 18 35 39 49	 => 190
 21 49 39 19 29 33	 => 190
 41 33 29 28 27 32	 => 190
 15 32 27 20 43 53	 => 190
 38 53 43 45 1 10	 => 190
 39 35 5 46 47 19	 => 191
 29 19 47 37 30 28	 => 190
 27 28 30 31 54 20	 => 190
 43 20 54 26 2 45	 => 190
 47 46 13 7 40 37	 => 190
 30 37 40 9 44 31	 => 191
 54 31 44 12 23 26	 => 190


===================[TEST 20]===================

##### START ##### Thu May 22 13:05:17 2003



##### CONVERGE ##### Thu May 22 13:06:09 2003

Elapsed time: 52 seconds
Total loop: 114 generations

Result : 187.85

5 13 50 29 52 41 1 16 53 27 15 47 40 8 9 38 43 21 46 26 31 17 45 39 2 4 30 44 32 20 28 35 24 25 49 22 23 12 7 36 51 37 19 33 54 34 6 14 10 42 11 48 3 18 

 5 13 50 29 52 41	 => 190
 1 41 52 16 53 27	 => 190
 15 27 53 47 40 8	 => 190
 50 9 38 43 21 29	 => 190
 52 29 21 46 26 16	 => 190
 53 16 26 31 17 47	 => 190
 40 47 17 45 39 2	 => 190
 38 4 30 44 32 43	 => 191
 21 43 32 20 28 46	 => 190
 26 46 28 35 24 31	 => 190
 17 31 24 25 49 45	 => 191
 39 45 49 22 23 12	 => 190
 32 44 7 36 51 20	 => 190
 28 20 51 37 19 35	 => 190
 24 35 19 33 54 25	 => 190
 49 25 54 34 6 22	 => 190
 51 36 14 10 42 37	 => 190
 19 37 42 11 48 33	 => 190
 54 33 48 3 18 34	 => 190


===================[TEST 21]===================

##### START ##### Thu May 22 13:06:09 2003



##### CONVERGE ##### Thu May 22 13:07:34 2003

Elapsed time: 85 seconds
Total loop: 186 generations

Result : 187.478

1 20 36 40 52 41 2 16 53 26 18 42 35 17 9 44 34 27 31 24 30 25 32 51 5 14 6 45 47 4 48 19 38 23 43 39 3 22 7 37 50 54 15 49 46 29 10 13 8 28 11 33 12 21 

 1 20 36 40 52 41	 => 190
 2 41 52 16 53 26	 => 190
 18 26 53 42 35 17	 => 191
 36 9 44 34 27 40	 => 190
 52 40 27 31 24 16	 => 190
 53 16 24 30 25 42	 => 190
 35 42 25 32 51 5	 => 190
 44 14 6 45 47 34	 => 190
 27 34 47 4 48 31	 => 191
 24 31 48 19 38 30	 => 190
 25 30 38 23 43 32	 => 191
 51 32 43 39 3 22	 => 190
 47 45 7 37 50 4	 => 190
 48 4 50 54 15 19	 => 190
 38 19 15 49 46 23	 => 190
 43 23 46 29 10 39	 => 190
 50 37 13 8 28 54	 => 190
 15 54 28 11 33 49	 => 190
 46 49 33 12 21 29	 => 190


===================[TEST 22]===================

##### START ##### Thu May 22 13:07:34 2003



##### CONVERGE ##### Thu May 22 13:08:46 2003

Elapsed time: 72 seconds
Total loop: 156 generations

Result : 187.215

5 3 30 54 51 47 14 6 45 28 7 48 37 25 12 35 40 19 22 38 42 11 50 43 1 15 8 44 49 26 34 24 31 17 39 27 18 13 2 36 33 53 20 52 46 41 21 23 16 29 4 32 10 9 

 5 3 30 54 51 47	 => 190
 14 47 51 6 45 28	 => 191
 7 28 45 48 37 25	 => 190
 30 12 35 40 19 54	 => 190
 51 54 19 22 38 6	 => 190
 45 6 38 42 11 48	 => 190
 37 48 11 50 43 1	 => 190
 35 15 8 44 49 40	 => 191
 19 40 49 26 34 22	 => 190
 38 22 34 24 31 42	 => 191
 11 42 31 17 39 50	 => 190
 43 50 39 27 18 13	 => 190
 49 44 2 36 33 26	 => 190
 34 26 33 53 20 24	 => 190
 31 24 20 52 46 17	 => 190
 39 17 46 41 21 27	 => 191
 33 36 23 16 29 53	 => 190
 20 53 29 4 32 52	 => 190
 46 52 32 10 9 41	 => 190


===================[TEST 23]===================

##### START ##### Thu May 22 13:08:46 2003



##### CONVERGE ##### Thu May 22 13:09:50 2003

Elapsed time: 64 seconds
Total loop: 142 generations

Result : 187.85

1 12 44 51 32 50 11 16 52 29 20 31 49 9 5 35 41 14 37 40 28 23 38 48 2 26 10 36 42 22 34 24 27 21 53 39 7 6 15 30 45 47 18 46 54 19 4 8 17 43 3 33 13 25 

 1 12 44 51 32 50	 => 190
 11 50 32 16 52 29	 => 190
 20 29 52 31 49 9	 => 190
 44 5 35 41 14 51	 => 190
 32 51 14 37 40 16	 => 190
 52 16 40 28 23 31	 => 190
 49 31 23 38 48 2	 => 191
 35 26 10 36 42 41	 => 190
 14 41 42 22 34 37	 => 190
 40 37 34 24 27 28	 => 190
 23 28 27 21 53 38	 => 190
 48 38 53 39 7 6	 => 191
 42 36 15 30 45 22	 => 190
 34 22 45 47 18 24	 => 190
 27 24 18 46 54 21	 => 190
 53 21 54 19 4 39	 => 190
 45 30 8 17 43 47	 => 190
 18 47 43 3 33 46	 => 190
 54 46 33 13 25 19	 => 190


===================[TEST 24]===================

##### START ##### Thu May 22 13:09:50 2003



##### CONVERGE ##### Thu May 22 13:10:52 2003

Elapsed time: 62 seconds
Total loop: 136 generations

Result : 188.412

22 12 38 48 25 45 2 24 52 42 4 30 47 15 3 32 53 16 37 40 35 9 39 51 14 7 18 36 44 21 19 26 33 28 46 41 8 5 6 29 54 50 20 49 34 31 10 17 13 27 1 43 23 11 

 22 12 38 48 25 45	 => 190
 2 45 25 24 52 42	 => 190
 4 42 52 30 47 15	 => 190
 38 3 32 53 16 48	 => 190
 25 48 16 37 40 24	 => 190
 52 24 40 35 9 30	 => 190
 47 30 9 39 51 14	 => 190
 32 7 18 36 44 53	 => 190
 16 53 44 21 19 37	 => 190
 40 37 19 26 33 35	 => 190
 9 35 33 28 46 39	 => 190
 51 39 46 41 8 5	 => 190
 44 36 6 29 54 21	 => 190
 19 21 54 50 20 26	 => 190
 33 26 20 49 34 28	 => 190
 46 28 34 31 10 41	 => 190
 54 29 17 13 27 50	 => 190
 20 50 27 1 43 49	 => 190
 34 49 43 23 11 31	 => 191


===================[TEST 25]===================

##### START ##### Thu May 22 13:10:52 2003



##### CONVERGE ##### Thu May 22 13:12:01 2003

Elapsed time: 69 seconds
Total loop: 150 generations

Result : 187.85

1 23 41 53 46 27 5 16 49 47 10 34 43 7 4 32 52 8 42 25 40 26 45 30 12 20 22 29 36 24 28 37 18 17 44 31 21 19 3 48 50 38 13 54 51 33 14 6 9 39 11 35 2 15 

 1 23 41 53 46 27	 => 191
 5 27 46 16 49 47	 => 190
 10 47 49 34 43 7	 => 190
 41 4 32 52 8 53	 => 190
 46 53 8 42 25 16	 => 190
 49 16 25 40 26 34	 => 190
 43 34 26 45 30 12	 => 190
 32 20 22 29 36 52	 => 191
 8 52 36 24 28 42	 => 190
 25 42 28 37 18 40	 => 190
 26 40 18 17 44 45	 => 190
 30 45 44 31 21 19	 => 190
 36 29 3 48 50 24	 => 190
 28 24 50 38 13 37	 => 190
 18 37 13 54 51 17	 => 190
 44 17 51 33 14 31	 => 190
 50 48 6 9 39 38	 => 190
 13 38 39 11 35 54	 => 190
 51 54 35 2 15 33	 => 190


===================[TEST 26]===================

##### START ##### Thu May 22 13:12:01 2003



##### CONVERGE ##### Thu May 22 13:13:54 2003

Elapsed time: 113 seconds
Total loop: 249 generations

Result : 187.616

23 14 29 43 54 27 4 17 41 46 3 53 26 21 2 49 52 15 39 22 38 19 47 44 1 9 12 35 34 20 30 33 28 16 42 36 8 13 18 51 32 50 25 40 48 37 11 7 5 45 6 24 10 31 

 23 14 29 43 54 27	 => 190
 4 27 54 17 41 46	 => 189
 3 46 41 53 26 21	 => 190
 29 2 49 52 15 43	 => 190
 54 43 15 39 22 17	 => 190
 41 17 22 38 19 53	 => 190
 26 53 19 47 44 1	 => 190
 49 9 12 35 34 52	 => 191
 15 52 34 20 30 39	 => 190
 22 39 30 33 28 38	 => 190
 19 38 28 16 42 47	 => 190
 44 47 42 36 8 13	 => 190
 34 35 18 51 32 20	 => 190
 30 20 32 50 25 33	 => 190
 28 33 25 40 48 16	 => 190
 42 16 48 37 11 36	 => 190
 32 51 7 5 45 50	 => 190
 25 50 45 6 24 40	 => 190
 48 40 24 10 31 37	 => 190


===================[TEST 27]===================

##### START ##### Thu May 22 13:13:54 2003



##### CONVERGE ##### Thu May 22 13:15:00 2003

Elapsed time: 66 seconds
Total loop: 145 generations

Result (Solution) : 189

17 10 29 51 45 37 13 1 53 40 16 36 38 6 14 34 41 20 24 48 23 28 39 30 18 15 12 44 43 26 35 32 27 25 47 19 33 21 3 31 42 49 5 54 46 50 2 11 4 52 7 22 9 8 

 17 10 29 51 45 37	 => 189
 13 37 45 1 53 40	 => 189
 16 40 53 36 38 6	 => 189
 29 14 34 41 20 51	 => 189
 45 51 20 24 48 1	 => 189
 53 1 48 23 28 36	 => 189
 38 36 28 39 30 18	 => 189
 34 15 12 44 43 41	 => 189
 20 41 43 26 35 24	 => 189
 48 24 35 32 27 23	 => 189
 28 23 27 25 47 39	 => 189
 30 39 47 19 33 21	 => 189
 43 44 3 31 42 26	 => 189
 35 26 42 49 5 32	 => 189
 27 32 5 54 46 25	 => 189
 47 25 46 50 2 19	 => 189
 42 31 11 4 52 49	 => 189
 5 49 52 7 22 54	 => 189
 46 54 22 9 8 50	 => 189


===================[TEST 28]===================

##### START ##### Thu May 22 13:15:00 2003



##### CONVERGE ##### Thu May 22 13:15:56 2003

Elapsed time: 56 seconds
Total loop: 121 generations

Result : 187.478

17 8 27 54 44 41 1 26 33 45 12 50 36 14 4 43 49 13 30 23 39 19 42 32 11 6 5 35 52 7 40 34 24 15 51 25 21 20 22 28 46 47 16 48 53 37 9 2 29 38 10 31 18 3 

 17 8 27 54 44 41	 => 191
 1 41 44 26 33 45	 => 190
 12 45 33 50 36 14	 => 190
 27 4 43 49 13 54	 => 190
 44 54 13 30 23 26	 => 190
 33 26 23 39 19 50	 => 190
 36 50 19 42 32 11	 => 190
 43 6 5 35 52 49	 => 190
 13 49 52 7 40 30	 => 191
 23 30 40 34 24 39	 => 190
 19 39 24 15 51 42	 => 190
 32 42 51 25 21 20	 => 191
 52 35 22 28 46 7	 => 190
 40 7 46 47 16 34	 => 190
 24 34 16 48 53 15	 => 190
 51 15 53 37 9 25	 => 190
 46 28 2 29 38 47	 => 190
 16 47 38 10 31 48	 => 190
 53 48 31 18 3 37	 => 190


===================[TEST 29]===================

##### START ##### Thu May 22 13:15:56 2003



##### CONVERGE ##### Thu May 22 13:16:59 2003

Elapsed time: 63 seconds
Total loop: 139 generations

Result : 187.85

9 23 36 34 53 35 13 22 40 27 15 54 30 24 4 51 47 18 42 21 41 12 48 45 1 7 5 37 43 14 26 32 29 11 49 25 17 6 19 31 46 44 28 38 52 50 3 10 20 39 8 33 2 16 

 9 23 36 34 53 35	 => 190
 13 35 53 22 40 27	 => 190
 15 27 40 54 30 24	 => 190
 36 4 51 47 18 34	 => 190
 53 34 18 42 21 22	 => 190
 40 22 21 41 12 54	 => 190
 30 54 12 48 45 1	 => 190
 51 7 5 37 43 47	 => 190
 18 47 43 14 26 42	 => 190
 21 42 26 32 29 41	 => 191
 12 41 29 11 49 48	 => 190
 45 48 49 25 17 6	 => 190
 43 37 19 31 46 14	 => 190
 26 14 46 44 28 32	 => 190
 29 32 28 38 52 11	 => 190
 49 11 52 50 3 25	 => 190
 46 31 10 20 39 44	 => 190
 28 44 39 8 33 38	 => 190
 52 38 33 2 16 50	 => 191


===================[TEST 30]===================

##### START ##### Thu May 22 13:16:59 2003



##### CONVERGE ##### Thu May 22 13:18:07 2003

Elapsed time: 68 seconds
Total loop: 148 generations

Result : 187.64

3 25 24 54 38 46 1 16 50 39 15 53 29 4 14 37 49 12 44 26 36 8 47 34 19 5 32 27 40 22 23 28 33 20 45 30 13 21 18 31 52 48 17 41 51 42 2 9 7 43 6 35 11 10 

 3 25 24 54 38 46	 => 190
 1 46 38 16 50 39	 => 190
 15 39 50 53 29 4	 => 190
 24 14 37 49 12 54	 => 190
 38 54 12 44 26 16	 => 190
 50 16 26 36 8 53	 => 189
 29 53 8 47 34 19	 => 190
 37 5 32 27 40 49	 => 190
 12 49 40 22 23 44	 => 190
 26 44 23 28 33 36	 => 190
 8 36 33 20 45 47	 => 189
 34 47 45 30 13 21	 => 190
 40 27 18 31 52 22	 => 190
 23 22 52 48 17 28	 => 190
 33 28 17 41 51 20	 => 190
 45 20 51 42 2 30	 => 190
 52 31 9 7 43 48	 => 190
 17 48 43 6 35 41	 => 190
 51 41 35 11 10 42	 => 190


===================[TEST 31]===================

##### START ##### Thu May 22 13:18:07 2003



##### CONVERGE ##### Thu May 22 13:18:58 2003

Elapsed time: 51 seconds
Total loop: 112 generations

Result : 186.158

26 1 38 42 37 45 11 32 36 28 35 52 21 17 20 24 48 18 33 27 23 19 53 40 4 16 8 50 43 22 25 49 31 9 54 34 2 6 5 39 30 51 13 46 41 44 7 10 12 47 3 29 15 14 

 26 1 38 42 37 45	 => 189
 11 45 37 32 36 28	 => 189
 35 28 36 52 21 17	 => 189
 38 20 24 48 18 42	 => 190
 37 42 18 33 27 32	 => 189
 36 32 27 23 19 52	 => 189
 21 52 19 53 40 4	 => 189
 24 16 8 50 43 48	 => 189
 18 48 43 22 25 33	 => 189
 27 33 25 49 31 23	 => 188
 19 23 31 9 54 53	 => 189
 40 53 54 34 2 6	 => 189
 43 50 5 39 30 22	 => 189
 25 22 30 51 13 49	 => 190
 31 49 13 46 41 9	 => 189
 54 9 41 44 7 34	 => 189
 30 39 10 12 47 51	 => 189
 13 51 47 3 29 46	 => 189
 41 46 29 15 14 44	 => 189


===================[TEST 32]===================

##### START ##### Thu May 22 13:18:58 2003



##### CONVERGE ##### Thu May 22 13:20:17 2003

Elapsed time: 79 seconds
Total loop: 173 generations

Result : 187.85

16 4 43 49 52 26 18 19 46 30 15 51 36 12 1 27 45 25 23 22 39 13 48 31 11 28 21 29 40 24 33 35 38 2 50 37 10 14 6 47 44 34 20 42 53 41 7 9 3 54 8 32 17 5 

 16 4 43 49 52 26	 => 190
 18 26 52 19 46 30	 => 191
 15 30 46 51 36 12	 => 190
 43 1 27 45 25 49	 => 190
 52 49 25 23 22 19	 => 190
 46 19 22 39 13 51	 => 190
 36 51 13 48 31 11	 => 190
 27 28 21 29 40 45	 => 190
 25 45 40 24 33 23	 => 190
 22 23 33 35 38 39	 => 190
 13 39 38 2 50 48	 => 190
 31 48 50 37 10 14	 => 190
 40 29 6 47 44 24	 => 190
 33 24 44 34 20 35	 => 190
 38 35 20 42 53 2	 => 190
 50 2 53 41 7 37	 => 190
 44 47 9 3 54 34	 => 191
 20 34 54 8 32 42	 => 190
 53 42 32 17 5 41	 => 190


===================[TEST 33]===================

##### START ##### Thu May 22 13:20:17 2003



##### CONVERGE ##### Thu May 22 13:21:25 2003

Elapsed time: 68 seconds
Total loop: 150 generations

Result : 188.412

18 12 40 36 49 35 8 28 43 27 16 53 38 13 6 51 33 24 21 32 26 9 46 34 10 5 2 52 47 23 42 39 30 25 54 29 20 7 1 22 45 37 4 44 48 31 3 17 19 50 14 41 15 11 

 18 12 40 36 49 35	 => 190
 8 35 49 28 43 27	 => 190
 16 27 43 53 38 13	 => 190
 40 6 51 33 24 36	 => 190
 49 36 24 21 32 28	 => 190
 43 28 32 26 9 53	 => 191
 38 53 9 46 34 10	 => 190
 51 5 2 52 47 33	 => 190
 24 33 47 23 42 21	 => 190
 32 21 42 39 30 26	 => 190
 9 26 30 25 54 46	 => 190
 34 46 54 29 20 7	 => 190
 47 52 1 22 45 23	 => 190
 42 23 45 37 4 39	 => 190
 30 39 4 44 48 25	 => 190
 54 25 48 31 3 29	 => 190
 45 22 17 19 50 37	 => 190
 4 37 50 14 41 44	 => 190
 48 44 41 15 11 31	 => 190


===================[TEST 34]===================

##### START ##### Thu May 22 13:21:25 2003



##### CONVERGE ##### Thu May 22 13:23:09 2003

Elapsed time: 104 seconds
Total loop: 227 generations

Result : 187.616

8 9 50 44 45 35 7 20 53 30 5 46 41 15 3 29 42 22 36 23 38 10 51 26 16 24 12 31 52 6 32 28 33 18 40 37 11 25 13 39 49 54 21 47 43 48 4 2 27 19 14 34 1 17 

 8 9 50 44 45 35	 => 191
 7 35 45 20 53 30	 => 190
 5 30 53 46 41 15	 => 190
 50 3 29 42 22 44	 => 190
 45 44 22 36 23 20	 => 190
 53 20 23 38 10 46	 => 190
 41 46 10 51 26 16	 => 190
 29 24 12 31 52 42	 => 190
 22 42 52 6 32 36	 => 190
 23 36 32 28 33 38	 => 190
 10 38 33 18 40 51	 => 190
 26 51 40 37 11 25	 => 190
 52 31 13 39 49 6	 => 190
 32 6 49 54 21 28	 => 190
 33 28 21 47 43 18	 => 190
 40 18 43 48 4 37	 => 190
 49 39 2 27 19 54	 => 190
 21 54 19 14 34 47	 => 189
 43 47 34 1 17 48	 => 190


===================[TEST 35]===================

##### START ##### Thu May 22 13:23:09 2003



##### CONVERGE ##### Thu May 22 13:24:16 2003

Elapsed time: 67 seconds
Total loop: 147 generations

Result : 187.64

8 19 35 43 31 54 1 21 46 37 13 36 53 5 4 39 40 29 25 41 30 15 51 32 3 10 20 47 34 14 48 18 28 24 42 27 16 22 12 44 38 49 23 52 45 50 2 9 17 33 7 26 11 6 

 8 19 35 43 31 54	 => 190
 1 54 31 21 46 37	 => 190
 13 37 46 36 53 5	 => 190
 35 4 39 40 29 43	 => 190
 31 43 29 25 41 21	 => 190
 46 21 41 30 15 36	 => 189
 53 36 15 51 32 3	 => 190
 39 10 20 47 34 40	 => 190
 29 40 34 14 48 25	 => 190
 41 25 48 18 28 30	 => 190
 15 30 28 24 42 51	 => 190
 32 51 42 27 16 22	 => 190
 34 47 12 44 38 14	 => 189
 48 14 38 49 23 18	 => 190
 28 18 23 52 45 24	 => 190
 42 24 45 50 2 27	 => 190
 38 44 9 17 33 49	 => 190
 23 49 33 7 26 52	 => 190
 45 52 26 11 6 50	 => 190


===================[TEST 36]===================

##### START ##### Thu May 22 13:24:16 2003



##### CONVERGE ##### Thu May 22 13:25:22 2003

Elapsed time: 66 seconds
Total loop: 144 generations

Result : 187.163

23 13 33 41 53 27 2 24 40 44 10 47 42 7 19 38 52 6 35 31 37 11 50 39 1 5 17 32 46 30 21 20 45 18 29 48 15 8 3 36 43 54 22 51 34 49 12 4 25 28 9 26 14 16 

 23 13 33 41 53 27	 => 190
 2 27 53 24 40 44	 => 190
 10 44 40 47 42 7	 => 190
 33 19 38 52 6 41	 => 189
 53 41 6 35 31 24	 => 190
 40 24 31 37 11 47	 => 190
 42 47 11 50 39 1	 => 190
 38 5 17 32 46 52	 => 190
 6 52 46 30 21 35	 => 190
 31 35 21 20 45 37	 => 189
 11 37 45 18 29 50	 => 190
 39 50 29 48 15 8	 => 189
 46 32 3 36 43 30	 => 190
 21 30 43 54 22 20	 => 190
 45 20 22 51 34 18	 => 190
 29 18 34 49 12 48	 => 190
 43 36 4 25 28 54	 => 190
 22 54 28 9 26 51	 => 190
 34 51 26 14 16 49	 => 190


===================[TEST 37]===================

##### START ##### Thu May 22 13:25:22 2003



##### CONVERGE ##### Thu May 22 13:26:19 2003

Elapsed time: 57 seconds
Total loop: 125 generations

Result : 187.163

10 15 27 54 45 39 4 23 48 31 14 47 40 9 3 34 51 21 35 12 38 22 33 32 16 24 2 49 29 18 36 28 41 6 50 42 25 8 11 30 52 37 19 43 53 26 13 20 5 46 1 44 7 17 

 10 15 27 54 45 39	 => 190
 4 39 45 23 48 31	 => 190
 14 31 48 47 40 9	 => 189
 27 3 34 51 21 54	 => 190
 45 54 21 35 12 23	 => 190
 48 23 12 38 22 47	 => 190
 40 47 22 33 32 16	 => 190
 34 24 2 49 29 51	 => 189
 21 51 29 18 36 35	 => 190
 12 35 36 28 41 38	 => 190
 22 38 41 6 50 33	 => 190
 32 33 50 42 25 8	 => 190
 29 49 11 30 52 18	 => 189
 36 18 52 37 19 28	 => 190
 41 28 19 43 53 6	 => 190
 50 6 53 26 13 42	 => 190
 52 30 20 5 46 37	 => 190
 19 37 46 1 44 43	 => 190
 53 43 44 7 17 26	 => 190


===================[TEST 38]===================

##### START ##### Thu May 22 13:26:19 2003



##### CONVERGE ##### Thu May 22 13:27:17 2003

Elapsed time: 58 seconds
Total loop: 127 generations

Result : 187.478

16 18 43 28 40 45 2 15 39 49 17 46 27 12 1 42 52 24 36 47 23 20 41 54 3 11 10 44 31 22 25 26 34 21 51 30 5 9 4 37 53 35 29 32 48 33 7 8 19 38 6 50 13 14 

 16 18 43 28 40 45	 => 190
 2 45 40 15 39 49	 => 190
 17 49 39 46 27 12	 => 190
 43 1 42 52 24 28	 => 190
 40 28 24 36 47 15	 => 190
 39 15 47 23 20 46	 => 190
 27 46 20 41 54 3	 => 191
 42 11 10 44 31 52	 => 190
 24 52 31 22 25 36	 => 190
 47 36 25 26 34 23	 => 191
 20 23 34 21 51 41	 => 190
 54 41 51 30 5 9	 => 190
 31 44 4 37 53 22	 => 191
 25 22 53 35 29 26	 => 190
 34 26 29 32 48 21	 => 190
 51 21 48 33 7 30	 => 190
 53 37 8 19 38 35	 => 190
 29 35 38 6 50 32	 => 190
 48 32 50 13 14 33	 => 190


===================[TEST 39]===================

##### START ##### Thu May 22 13:27:17 2003



##### CONVERGE ##### Thu May 22 13:28:45 2003

Elapsed time: 88 seconds
Total loop: 193 generations

Result : 187.794

14 6 31 49 43 48 2 15 47 35 8 51 39 11 13 45 36 17 37 30 44 4 52 38 7 12 20 28 50 22 29 24 26 25 40 34 3 23 5 33 53 42 21 41 54 27 10 1 16 46 9 32 19 18 

 14 6 31 49 43 48	 => 191
 2 48 43 15 47 35	 => 190
 8 35 47 51 39 11	 => 191
 31 13 45 36 17 49	 => 191
 43 49 17 37 30 15	 => 191
 47 15 30 44 4 51	 => 191
 39 51 4 52 38 7	 => 191
 45 12 20 28 50 36	 => 191
 17 36 50 22 29 37	 => 191
 30 37 29 24 26 44	 => 190
 4 44 26 25 40 52	 => 191
 38 52 40 34 3 23	 => 190
 50 28 5 33 53 22	 => 191
 29 22 53 42 21 24	 => 191
 26 24 21 41 54 25	 => 191
 40 25 54 27 10 34	 => 190
 53 33 1 16 46 42	 => 191
 21 42 46 9 32 41	 => 191
 54 41 32 19 18 27	 => 191


===================[TEST 40]===================

##### START ##### Thu May 22 13:28:45 2003



##### CONVERGE ##### Thu May 22 13:29:38 2003

Elapsed time: 53 seconds
Total loop: 115 generations

Result : 187.412

1 15 40 46 35 52 7 12 53 30 27 42 34 3 6 23 48 26 37 33 31 18 54 24 17 13 21 39 45 14 19 49 20 29 38 41 10 22 8 36 47 44 16 50 25 51 5 28 2 32 4 43 9 11 

 1 15 40 46 35 52	 => 189
 7 52 35 12 53 30	 => 189
 27 30 53 42 34 3	 => 189
 40 6 23 48 26 46	 => 189
 35 46 26 37 33 12	 => 189
 53 12 33 31 18 42	 => 189
 34 42 18 54 24 17	 => 189
 23 13 21 39 45 48	 => 189
 26 48 45 14 19 37	 => 189
 33 37 19 49 20 31	 => 189
 18 31 20 29 38 54	 => 190
 24 54 38 41 10 22	 => 189
 45 39 8 36 47 14	 => 189
 19 14 47 44 16 49	 => 189
 20 49 16 50 25 29	 => 189
 38 29 25 51 5 41	 => 189
 47 36 28 2 32 44	 => 189
 16 44 32 4 43 50	 => 189
 25 50 43 9 11 51	 => 189


===================[TEST 41]===================

##### START ##### Thu May 22 13:29:38 2003



##### CONVERGE ##### Thu May 22 13:30:47 2003

Elapsed time: 69 seconds
Total loop: 153 generations

Result : 188.412

1 13 28 51 45 52 10 9 47 27 18 54 40 4 5 34 43 29 31 25 41 14 44 32 7 11 12 53 37 15 35 38 20 21 50 26 22 16 3 36 46 33 23 39 49 42 2 19 8 48 17 30 6 24 

 1 13 28 51 45 52	 => 190
 10 52 45 9 47 27	 => 190
 18 27 47 54 40 4	 => 190
 28 5 34 43 29 51	 => 190
 45 51 29 31 25 9	 => 190
 47 9 25 41 14 54	 => 190
 40 54 14 44 32 7	 => 191
 34 11 12 53 37 43	 => 190
 29 43 37 15 35 31	 => 190
 25 31 35 38 20 41	 => 190
 14 41 20 21 50 44	 => 190
 32 44 50 26 22 16	 => 190
 37 53 3 36 46 15	 => 190
 35 15 46 33 23 38	 => 190
 20 38 23 39 49 21	 => 190
 50 21 49 42 2 26	 => 190
 46 36 19 8 48 33	 => 190
 23 33 48 17 30 39	 => 190
 49 39 30 6 24 42	 => 190


===================[TEST 42]===================

##### START ##### Thu May 22 13:30:47 2003



##### CONVERGE ##### Thu May 22 13:33:06 2003

Elapsed time: 139 seconds
Total loop: 304 generations

Result : 187.616

5 9 37 53 40 46 3 19 48 34 17 47 29 15 16 26 54 4 42 32 21 24 51 33 6 11 13 41 45 14 31 27 36 23 35 52 1 18 8 39 43 50 25 49 30 38 12 10 28 20 2 44 22 7 

 5 9 37 53 40 46	 => 190
 3 46 40 19 48 34	 => 190
 17 34 48 47 29 15	 => 190
 37 16 26 54 4 53	 => 190
 40 53 4 42 32 19	 => 190
 48 19 32 21 24 47	 => 191
 29 47 24 51 33 6	 => 190
 26 11 13 41 45 54	 => 190
 4 54 45 14 31 42	 => 190
 32 42 31 27 36 21	 => 189
 24 21 36 23 35 51	 => 190
 33 51 35 52 1 18	 => 190
 45 41 8 39 43 14	 => 190
 31 14 43 50 25 27	 => 190
 36 27 25 49 30 23	 => 190
 35 23 30 38 12 52	 => 190
 43 39 10 28 20 50	 => 190
 25 50 20 2 44 49	 => 190
 30 49 44 22 7 38	 => 190


===================[TEST 43]===================

##### START ##### Thu May 22 13:33:06 2003



##### CONVERGE ##### Thu May 22 13:34:39 2003

Elapsed time: 93 seconds
Total loop: 205 generations

Result : 187.215

10 14 43 50 49 24 9 20 52 37 18 46 35 2 15 31 47 5 39 27 38 7 54 32 16 6 13 48 45 21 33 26 28 12 51 30 19 4 1 36 40 41 29 53 42 44 11 17 22 34 8 25 23 3 

 10 14 43 50 49 24	 => 190
 9 24 49 20 52 37	 => 191
 18 37 52 46 35 2	 => 190
 43 15 31 47 5 50	 => 191
 49 50 5 39 27 20	 => 190
 52 20 27 38 7 46	 => 190
 35 46 7 54 32 16	 => 190
 31 6 13 48 45 47	 => 190
 5 47 45 21 33 39	 => 190
 27 39 33 26 28 38	 => 191
 7 38 28 12 51 54	 => 190
 32 54 51 30 19 4	 => 190
 45 48 1 36 40 21	 => 191
 33 21 40 41 29 26	 => 190
 28 26 29 53 42 12	 => 190
 51 12 42 44 11 30	 => 190
 40 36 17 22 34 41	 => 190
 29 41 34 8 25 53	 => 190
 42 53 25 23 3 44	 => 190


===================[TEST 44]===================

##### START ##### Thu May 22 13:34:39 2003



##### CONVERGE ##### Thu May 22 13:36:08 2003

Elapsed time: 89 seconds
Total loop: 194 generations

Result : 187.616

6 2 52 36 54 40 3 18 42 33 19 50 41 5 4 31 46 21 34 27 24 29 49 20 1 23 8 44 38 12 39 35 30 7 51 43 16 11 15 28 53 25 26 45 47 32 10 14 22 48 9 37 13 17 

 6 2 52 36 54 40	 => 190
 3 40 54 18 42 33	 => 190
 19 33 42 50 41 5	 => 190
 52 4 31 46 21 36	 => 190
 54 36 21 34 27 18	 => 190
 42 18 27 24 29 50	 => 190
 41 50 29 49 20 1	 => 190
 31 23 8 44 38 46	 => 190
 21 46 38 12 39 34	 => 190
 27 34 39 35 30 24	 => 189
 29 24 30 7 51 49	 => 190
 20 49 51 43 16 11	 => 190
 38 44 15 28 53 12	 => 190
 39 12 53 25 26 35	 => 190
 30 35 26 45 47 7	 => 190
 51 7 47 32 10 43	 => 190
 53 28 14 22 48 25	 => 190
 26 25 48 9 37 45	 => 190
 47 45 37 13 17 32	 => 191


===================[TEST 45]===================

##### START ##### Thu May 22 13:36:08 2003



##### CONVERGE ##### Thu May 22 13:37:58 2003

Elapsed time: 110 seconds
Total loop: 242 generations

Result : 188.412

9 4 54 37 35 51 11 20 50 23 19 47 43 8 2 42 38 17 45 36 32 5 49 31 16 22 3 33 52 14 24 28 25 26 53 29 18 10 1 44 46 48 30 40 41 34 7 12 13 27 6 39 15 21 

 9 4 54 37 35 51	 => 190
 11 51 35 20 50 23	 => 190
 19 23 50 47 43 8	 => 190
 54 2 42 38 17 37	 => 190
 35 37 17 45 36 20	 => 190
 50 20 36 32 5 47	 => 190
 43 47 5 49 31 16	 => 191
 42 22 3 33 52 38	 => 190
 17 38 52 14 24 45	 => 190
 36 45 24 28 25 32	 => 190
 5 32 25 26 53 49	 => 190
 31 49 53 29 18 10	 => 190
 52 33 1 44 46 14	 => 190
 24 14 46 48 30 28	 => 190
 25 28 30 40 41 26	 => 190
 53 26 41 34 7 29	 => 190
 46 44 12 13 27 48	 => 190
 30 48 27 6 39 40	 => 190
 41 40 39 15 21 34	 => 190


===================[TEST 46]===================

##### START ##### Thu May 22 13:37:58 2003



##### CONVERGE ##### Thu May 22 13:39:00 2003

Elapsed time: 62 seconds
Total loop: 136 generations

Result : 188.412

19 15 31 41 47 37 3 4 54 45 5 46 38 2 22 23 43 30 28 40 36 10 51 29 16 26 12 42 44 20 25 27 34 6 53 32 11 14 1 35 48 49 21 50 52 39 8 7 18 33 13 24 17 9 

 19 15 31 41 47 37	 => 190
 3 37 47 4 54 45	 => 190
 5 45 54 46 38 2	 => 190
 31 22 23 43 30 41	 => 190
 47 41 30 28 40 4	 => 190
 54 4 40 36 10 46	 => 190
 38 46 10 51 29 16	 => 190
 23 26 12 42 44 43	 => 190
 30 43 44 20 25 28	 => 190
 40 28 25 27 34 36	 => 190
 10 36 34 6 53 51	 => 190
 29 51 53 32 11 14	 => 190
 44 42 1 35 48 20	 => 190
 25 20 48 49 21 27	 => 190
 34 27 21 50 52 6	 => 190
 53 6 52 39 8 32	 => 190
 48 35 7 18 33 49	 => 190
 21 49 33 13 24 50	 => 190
 52 50 24 17 9 39	 => 191


===================[TEST 47]===================

##### START ##### Thu May 22 13:39:00 2003



##### CONVERGE ##### Thu May 22 13:40:26 2003

Elapsed time: 86 seconds
Total loop: 188 generations

Result : 187.85

19 8 39 54 47 23 3 12 52 53 1 51 26 7 2 30 49 16 34 28 20 27 38 31 17 21 4 41 45 10 36 29 43 14 48 33 18 22 9 35 50 40 25 42 37 44 15 13 6 46 5 32 24 11 

 19 8 39 54 47 23	 => 190
 3 23 47 12 52 53	 => 190
 1 53 52 51 26 7	 => 190
 39 2 30 49 16 54	 => 190
 47 54 16 34 28 12	 => 191
 52 12 28 20 27 51	 => 190
 26 51 27 38 31 17	 => 190
 30 21 4 41 45 49	 => 190
 16 49 45 10 36 34	 => 190
 28 34 36 29 43 20	 => 190
 27 20 43 14 48 38	 => 190
 31 38 48 33 18 22	 => 190
 45 41 9 35 50 10	 => 190
 36 10 50 40 25 29	 => 190
 43 29 25 42 37 14	 => 190
 48 14 37 44 15 33	 => 191
 50 35 13 6 46 40	 => 190
 25 40 46 5 32 42	 => 190
 37 42 32 24 11 44	 => 190


===================[TEST 48]===================

##### START ##### Thu May 22 13:40:26 2003



##### CONVERGE ##### Thu May 22 13:41:27 2003

Elapsed time: 61 seconds
Total loop: 133 generations

Result : 188.306

21 7 29 49 51 33 8 11 53 34 10 52 37 4 6 46 45 15 47 17 31 25 43 24 9 26 2 36 35 20 28 40 27 16 48 41 12 22 1 44 54 30 18 39 50 32 3 5 19 38 23 42 13 14 

 21 7 29 49 51 33	 => 190
 8 33 51 11 53 34	 => 190
 10 34 53 52 37 4	 => 190
 29 6 46 45 15 49	 => 190
 51 49 15 47 17 11	 => 190
 53 11 17 31 25 52	 => 189
 37 52 25 43 24 9	 => 190
 46 26 2 36 35 45	 => 190
 15 45 35 20 28 47	 => 190
 17 47 28 40 27 31	 => 190
 25 31 27 16 48 43	 => 190
 24 43 48 41 12 22	 => 190
 35 36 1 44 54 20	 => 190
 28 20 54 30 18 40	 => 190
 27 40 18 39 50 16	 => 190
 48 16 50 32 3 41	 => 190
 54 44 5 19 38 30	 => 190
 18 30 38 23 42 39	 => 190
 50 39 42 13 14 32	 => 190


===================[TEST 49]===================

##### START ##### Thu May 22 13:41:27 2003



##### CONVERGE ##### Thu May 22 13:42:43 2003

Elapsed time: 76 seconds
Total loop: 167 generations

Result : 187.85

10 19 34 52 42 33 14 18 43 40 3 54 24 26 12 32 39 22 31 25 41 9 45 51 7 4 21 46 48 20 30 27 36 15 44 37 8 5 1 28 47 53 13 49 50 38 6 29 11 23 17 35 2 16 

 10 19 34 52 42 33	 => 190
 14 33 42 18 43 40	 => 190
 3 40 43 54 24 26	 => 190
 34 12 32 39 22 52	 => 191
 42 52 22 31 25 18	 => 190
 43 18 25 41 9 54	 => 190
 24 54 9 45 51 7	 => 190
 32 4 21 46 48 39	 => 190
 22 39 48 20 30 31	 => 190
 25 31 30 27 36 41	 => 190
 9 41 36 15 44 45	 => 190
 51 45 44 37 8 5	 => 190
 48 46 1 28 47 20	 => 190
 30 20 47 53 13 27	 => 190
 36 27 13 49 50 15	 => 190
 44 15 50 38 6 37	 => 190
 47 28 29 11 23 53	 => 191
 13 53 23 17 35 49	 => 190
 50 49 35 2 16 38	 => 190


===================[TEST 50]===================

##### START ##### Thu May 22 13:42:43 2003



##### CONVERGE ##### Thu May 22 13:44:29 2003

Elapsed time: 106 seconds
Total loop: 232 generations

Result : 187.501

7 12 27 50 46 49 3 10 35 48 8 53 34 13 6 30 54 23 29 33 42 18 45 40 1 17 14 37 38 16 31 32 24 19 43 36 11 15 21 28 51 41 20 52 44 39 9 2 22 47 4 26 25 5 

 7 12 27 50 46 49	 => 191
 3 49 46 10 35 48	 => 191
 8 48 35 53 34 13	 => 191
 27 6 30 54 23 50	 => 190
 46 50 23 29 33 10	 => 191
 35 10 33 42 18 53	 => 191
 34 53 18 45 40 1	 => 191
 30 17 14 37 38 54	 => 190
 23 54 38 16 31 29	 => 191
 33 29 31 32 24 42	 => 191
 18 42 24 19 43 45	 => 191
 40 45 43 36 11 15	 => 190
 38 37 21 28 51 16	 => 191
 31 16 51 41 20 32	 => 191
 24 32 20 52 44 19	 => 191
 43 19 44 39 9 36	 => 190
 51 28 2 22 47 41	 => 191
 20 41 47 4 26 52	 => 190
 44 52 26 25 5 39	 => 191


===================[TEST 51]===================

##### START ##### Thu May 22 13:44:29 2003



##### CONVERGE ##### Thu May 22 13:45:53 2003

Elapsed time: 84 seconds
Total loop: 184 generations

Result : 188.412

4 6 45 35 52 48 2 19 44 25 30 47 29 15 10 38 49 13 39 32 31 17 40 50 7 16 8 37 42 20 27 28 33 18 51 24 3 22 5 46 41 53 21 36 54 34 9 26 1 23 14 43 11 12 

 4 6 45 35 52 48	 => 190
 2 48 52 19 44 25	 => 190
 30 25 44 47 29 15	 => 190
 45 10 38 49 13 35	 => 190
 52 35 13 39 32 19	 => 190
 44 19 32 31 17 47	 => 190
 29 47 17 40 50 7	 => 190
 38 16 8 37 42 49	 => 190
 13 49 42 20 27 39	 => 190
 32 39 27 28 33 31	 => 190
 17 31 33 18 51 40	 => 190
 50 40 51 24 3 22	 => 190
 42 37 5 46 41 20	 => 191
 27 20 41 53 21 28	 => 190
 33 28 21 36 54 18	 => 190
 51 18 54 34 9 24	 => 190
 41 46 26 1 23 53	 => 190
 21 53 23 14 43 36	 => 190
 54 36 43 11 12 34	 => 190


===================[TEST 52]===================

##### START ##### Thu May 22 13:45:53 2003



##### CONVERGE ##### Thu May 22 13:47:05 2003

Elapsed time: 72 seconds
Total loop: 159 generations

Result : 187.412

23 19 43 38 52 14 15 16 45 47 3 48 34 12 10 54 37 7 46 30 28 22 33 51 1 9 18 27 44 31 24 21 40 17 49 39 13 4 2 32 53 35 25 36 50 29 5 8 20 41 11 42 26 6 

 23 19 43 38 52 14	 => 189
 15 14 52 16 45 47	 => 189
 3 47 45 48 34 12	 => 189
 43 10 54 37 7 38	 => 189
 52 38 7 46 30 16	 => 189
 45 16 30 28 22 48	 => 189
 34 48 22 33 51 1	 => 189
 54 9 18 27 44 37	 => 189
 7 37 44 31 24 46	 => 189
 30 46 24 21 40 28	 => 189
 22 28 40 17 49 33	 => 189
 51 33 49 39 13 4	 => 189
 44 27 2 32 53 31	 => 189
 24 31 53 35 25 21	 => 189
 40 21 25 36 50 17	 => 189
 49 17 50 29 5 39	 => 189
 53 32 8 20 41 35	 => 189
 25 35 41 11 42 36	 => 190
 50 36 42 26 6 29	 => 189


===================[TEST 53]===================

##### START ##### Thu May 22 13:47:05 2003



##### CONVERGE ##### Thu May 22 13:48:17 2003

Elapsed time: 72 seconds
Total loop: 158 generations

Result : 186.85

14 2 29 41 49 54 9 27 25 26 32 53 30 23 4 50 46 19 36 18 45 21 43 39 3 5 15 22 51 6 31 35 24 16 40 48 12 7 20 38 52 37 28 42 44 33 8 17 11 34 1 47 13 10 

 14 2 29 41 49 54	 => 189
 9 54 49 27 25 26	 => 190
 32 26 25 53 30 23	 => 189
 29 4 50 46 19 41	 => 189
 49 41 19 36 18 27	 => 190
 25 27 18 45 21 53	 => 189
 30 53 21 43 39 3	 => 189
 50 5 15 22 51 46	 => 189
 19 46 51 6 31 36	 => 189
 18 36 31 35 24 45	 => 189
 21 45 24 16 40 43	 => 189
 39 43 40 48 12 7	 => 189
 51 22 20 38 52 6	 => 189
 31 6 52 37 28 35	 => 189
 24 35 28 42 44 16	 => 189
 40 16 44 33 8 48	 => 189
 52 38 17 11 34 37	 => 189
 28 37 34 1 47 42	 => 189
 44 42 47 13 10 33	 => 189


===================[TEST 54]===================

##### START ##### Thu May 22 13:48:17 2003



##### CONVERGE ##### Thu May 22 13:48:56 2003

Elapsed time: 39 seconds
Total loop: 85 generations

Result : 186.163

20 5 29 54 40 41 8 23 35 42 9 44 32 26 10 43 51 1 38 33 24 30 39 37 7 16 17 15 47 31 21 48 25 18 53 27 11 22 2 45 49 28 12 34 52 36 3 13 4 50 19 46 6 14 

 20 5 29 54 40 41	 => 189
 8 41 40 23 35 42	 => 189
 9 42 35 44 32 26	 => 188
 29 10 43 51 1 54	 => 188
 40 54 1 38 33 23	 => 189
 35 23 33 24 30 44	 => 189
 32 44 30 39 37 7	 => 189
 43 16 17 15 47 51	 => 189
 1 51 47 31 21 38	 => 189
 33 38 21 48 25 24	 => 189
 30 24 25 18 53 39	 => 189
 37 39 53 27 11 22	 => 189
 47 15 2 45 49 31	 => 189
 21 31 49 28 12 48	 => 189
 25 48 12 34 52 18	 => 189
 53 18 52 36 3 27	 => 189
 49 45 13 4 50 28	 => 189
 12 28 50 19 46 34	 => 189
 52 34 46 6 14 36	 => 188


===================[TEST 55]===================

##### START ##### Thu May 22 13:48:56 2003



##### CONVERGE ##### Thu May 22 13:49:59 2003

Elapsed time: 63 seconds
Total loop: 138 generations

Result : 186.478

11 13 53 27 51 34 2 14 48 40 6 39 52 4 10 38 41 20 31 47 24 17 54 15 12 22 5 37 46 21 30 33 25 26 43 50 19 8 1 49 35 42 28 32 45 23 3 18 9 36 7 44 29 16 

 11 13 53 27 51 34	 => 189
 2 34 51 14 48 40	 => 189
 6 40 48 39 52 4	 => 189
 53 10 38 41 20 27	 => 189
 51 27 20 31 47 14	 => 190
 48 14 47 24 17 39	 => 189
 52 39 17 54 15 12	 => 189
 38 22 5 37 46 41	 => 189
 20 41 46 21 30 31	 => 189
 47 31 30 33 25 24	 => 190
 17 24 25 26 43 54	 => 189
 15 54 43 50 19 8	 => 189
 46 37 1 49 35 21	 => 189
 30 21 35 42 28 33	 => 189
 25 33 28 32 45 26	 => 189
 43 26 45 23 3 50	 => 190
 35 49 18 9 36 42	 => 189
 28 42 36 7 44 32	 => 189
 45 32 44 29 16 23	 => 189


===================[TEST 56]===================

##### START ##### Thu May 22 13:49:59 2003



##### CONVERGE ##### Thu May 22 13:50:53 2003

Elapsed time: 54 seconds
Total loop: 118 generations

Result : 186.85

13 2 50 42 48 34 14 9 52 32 17 53 27 8 4 46 44 3 49 38 15 22 45 36 6 1 19 40 39 21 33 25 29 31 47 23 26 12 5 41 43 51 16 35 54 24 10 7 18 30 20 37 11 28 

 13 2 50 42 48 34	 => 189
 14 34 48 9 52 32	 => 189
 17 32 52 53 27 8	 => 189
 50 4 46 44 3 42	 => 189
 48 42 3 49 38 9	 => 189
 52 9 38 15 22 53	 => 189
 27 53 22 45 36 6	 => 189
 46 1 19 40 39 44	 => 189
 3 44 39 21 33 49	 => 189
 38 49 33 25 29 15	 => 189
 22 15 29 31 47 45	 => 189
 36 45 47 23 26 12	 => 189
 39 40 5 41 43 21	 => 189
 33 21 43 51 16 25	 => 189
 29 25 16 35 54 31	 => 190
 47 31 54 24 10 23	 => 189
 43 41 7 18 30 51	 => 190
 16 51 30 20 37 35	 => 189
 54 35 37 11 28 24	 => 189


===================[TEST 57]===================

##### START ##### Thu May 22 13:50:53 2003



##### CONVERGE ##### Thu May 22 13:52:11 2003

Elapsed time: 78 seconds
Total loop: 170 generations

Result : 187.85

9 19 27 52 49 34 16 14 47 31 28 50 29 5 4 51 45 11 39 25 30 24 37 42 8 6 18 32 38 17 40 21 36 15 48 41 20 2 3 54 46 44 22 43 53 26 7 1 10 35 13 33 12 23 

 9 19 27 52 49 34	 => 190
 16 34 49 14 47 31	 => 191
 28 31 47 50 29 5	 => 190
 27 4 51 45 11 52	 => 190
 49 52 11 39 25 14	 => 190
 47 14 25 30 24 50	 => 190
 29 50 24 37 42 8	 => 190
 51 6 18 32 38 45	 => 190
 11 45 38 17 40 39	 => 190
 25 39 40 21 36 30	 => 191
 24 30 36 15 48 37	 => 190
 42 37 48 41 20 2	 => 190
 38 32 3 54 46 17	 => 190
 40 17 46 44 22 21	 => 190
 36 21 22 43 53 15	 => 190
 48 15 53 26 7 41	 => 190
 46 54 1 10 35 44	 => 190
 22 44 35 13 33 43	 => 190
 53 43 33 12 23 26	 => 190


===================[TEST 58]===================

##### START ##### Thu May 22 13:52:11 2003



##### CONVERGE ##### Thu May 22 13:53:15 2003

Elapsed time: 64 seconds
Total loop: 139 generations

Result : 187.412

9 26 42 39 38 35 20 21 41 34 12 49 48 5 6 51 32 19 47 25 29 24 52 15 1 13 16 23 54 10 27 33 28 11 46 37 17 22 4 45 53 30 36 31 50 43 2 3 18 40 8 44 14 7 

 9 26 42 39 38 35	 => 189
 20 35 38 21 41 34	 => 189
 12 34 41 49 48 5	 => 189
 42 6 51 32 19 39	 => 189
 38 39 19 47 25 21	 => 189
 41 21 25 29 24 49	 => 189
 48 49 24 52 15 1	 => 189
 51 13 16 23 54 32	 => 189
 19 32 54 10 27 47	 => 189
 25 47 27 33 28 29	 => 189
 24 29 28 11 46 52	 => 190
 15 52 46 37 17 22	 => 189
 54 23 4 45 53 10	 => 189
 27 10 53 30 36 33	 => 189
 28 33 36 31 50 11	 => 189
 46 11 50 43 2 37	 => 189
 53 45 3 18 40 30	 => 189
 36 30 40 8 44 31	 => 189
 50 31 44 14 7 43	 => 189


===================[TEST 59]===================

##### START ##### Thu May 22 13:53:15 2003



##### CONVERGE ##### Thu May 22 13:54:33 2003

Elapsed time: 78 seconds
Total loop: 172 generations

Result : 188.412

4 28 34 38 47 39 6 23 43 32 7 51 48 9 3 49 53 13 36 33 24 16 44 29 2 11 5 46 26 27 35 25 37 17 52 30 14 21 1 40 50 41 12 45 54 22 15 20 8 31 19 42 18 10 

 4 28 34 38 47 39	 => 190
 6 39 47 23 43 32	 => 190
 7 32 43 51 48 9	 => 190
 34 3 49 53 13 38	 => 190
 47 38 13 36 33 23	 => 190
 43 23 33 24 16 51	 => 190
 48 51 16 44 29 2	 => 190
 49 11 5 46 26 53	 => 190
 13 53 26 27 35 36	 => 190
 33 36 35 25 37 24	 => 190
 16 24 37 17 52 44	 => 190
 29 44 52 30 14 21	 => 190
 26 46 1 40 50 27	 => 190
 35 27 50 41 12 25	 => 190
 37 25 12 45 54 17	 => 190
 52 17 54 22 15 30	 => 190
 50 40 20 8 31 41	 => 190
 12 41 31 19 42 45	 => 190
 54 45 42 18 10 22	 => 191


===================[TEST 60]===================

##### START ##### Thu May 22 13:54:33 2003



##### CONVERGE ##### Thu May 22 13:56:38 2003

Elapsed time: 125 seconds
Total loop: 274 generations

Result : 187.794

22 10 28 46 37 48 4 21 45 36 12 53 30 15 11 40 50 16 43 27 25 20 41 38 8 3 24 31 42 14 26 35 34 19 52 29 13 18 6 44 54 39 23 47 33 51 7 17 5 32 1 49 9 2 

 22 10 28 46 37 48	 => 191
 4 48 37 21 45 36	 => 191
 12 36 45 53 30 15	 => 191
 28 11 40 50 16 46	 => 191
 37 46 16 43 27 21	 => 190
 45 21 27 25 20 53	 => 191
 30 53 20 41 38 8	 => 190
 40 3 24 31 42 50	 => 190
 16 50 42 14 26 43	 => 191
 27 43 26 35 34 25	 => 190
 20 25 34 19 52 41	 => 191
 38 41 52 29 13 18	 => 191
 42 31 6 44 54 14	 => 191
 26 14 54 39 23 35	 => 191
 34 35 23 47 33 19	 => 191
 52 19 33 51 7 29	 => 191
 54 44 17 5 32 39	 => 191
 23 39 32 1 49 47	 => 191
 33 47 49 9 2 51	 => 191


===================[TEST 61]===================

##### START ##### Thu May 22 13:56:38 2003



##### CONVERGE ##### Thu May 22 13:58:08 2003

Elapsed time: 90 seconds
Total loop: 196 generations

Result (Solution) : 189

12 2 44 52 42 37 23 3 53 31 20 47 22 16 1 30 41 21 36 35 33 18 48 49 5 24 14 34 46 13 32 27 26 19 45 25 7 15 4 54 38 51 28 39 50 40 10 6 29 11 17 43 9 8 

 12 2 44 52 42 37	 => 189
 23 37 42 3 53 31	 => 189
 20 31 53 47 22 16	 => 189
 44 1 30 41 21 52	 => 189
 42 52 21 36 35 3	 => 189
 53 3 35 33 18 47	 => 189
 22 47 18 48 49 5	 => 189
 30 24 14 34 46 41	 => 189
 21 41 46 13 32 36	 => 189
 35 36 32 27 26 33	 => 189
 18 33 26 19 45 48	 => 189
 49 48 45 25 7 15	 => 189
 46 34 4 54 38 13	 => 189
 32 13 38 51 28 27	 => 189
 26 27 28 39 50 19	 => 189
 45 19 50 40 10 25	 => 189
 38 54 6 29 11 51	 => 189
 28 51 11 17 43 39	 => 189
 50 39 43 9 8 40	 => 189


===================[TEST 62]===================

##### START ##### Thu May 22 13:58:08 2003



##### CONVERGE ##### Thu May 22 13:59:12 2003

Elapsed time: 64 seconds
Total loop: 140 generations

Result : 186.85

25 10 35 49 50 20 2 23 54 40 1 51 22 21 12 47 41 5 43 19 31 11 45 53 7 17 9 39 36 26 38 30 28 32 42 27 6 16 3 34 52 29 14 48 37 33 18 15 13 46 8 44 4 24 

 25 10 35 49 50 20	 => 189
 2 20 50 23 54 40	 => 189
 1 40 54 51 22 21	 => 189
 35 12 47 41 5 49	 => 189
 50 49 5 43 19 23	 => 189
 54 23 19 31 11 51	 => 189
 22 51 11 45 53 7	 => 189
 47 17 9 39 36 41	 => 189
 5 41 36 26 38 43	 => 189
 19 43 38 30 28 31	 => 189
 11 31 28 32 42 45	 => 189
 53 45 42 27 6 16	 => 189
 36 39 3 34 52 26	 => 190
 38 26 52 29 14 30	 => 189
 28 30 14 48 37 32	 => 189
 42 32 37 33 18 27	 => 189
 52 34 15 13 46 29	 => 189
 14 29 46 8 44 48	 => 189
 37 48 44 4 24 33	 => 190


===================[TEST 63]===================

##### START ##### Thu May 22 13:59:12 2003



##### CONVERGE ##### Thu May 22 14:00:20 2003

Elapsed time: 68 seconds
Total loop: 149 generations

Result : 187.053

26 7 31 48 50 28 4 9 47 52 6 51 33 1 5 43 36 27 18 38 24 21 37 40 8 23 2 39 46 19 44 32 34 20 54 30 15 14 12 49 25 53 17 45 42 41 3 13 16 35 10 29 11 22 

 26 7 31 48 50 28	 => 190
 4 28 50 9 47 52	 => 190
 6 52 47 51 33 1	 => 190
 31 5 43 36 27 48	 => 190
 50 48 27 18 38 9	 => 190
 47 9 38 24 21 51	 => 190
 33 51 21 37 40 8	 => 190
 43 23 2 39 46 36	 => 189
 27 36 46 19 44 18	 => 190
 38 18 44 32 34 24	 => 190
 21 24 34 20 54 37	 => 190
 40 37 54 30 15 14	 => 190
 46 39 12 49 25 19	 => 190
 44 19 25 53 17 32	 => 190
 34 32 17 45 42 20	 => 190
 54 20 42 41 3 30	 => 190
 25 49 13 16 35 53	 => 191
 17 53 35 10 29 45	 => 189
 42 45 29 11 22 41	 => 190


===================[TEST 64]===================

##### START ##### Thu May 22 14:00:20 2003



##### CONVERGE ##### Thu May 22 14:02:02 2003

Elapsed time: 102 seconds
Total loop: 224 generations

Result : 187.85

13 21 35 44 50 27 14 17 52 30 11 40 54 3 7 33 51 20 23 36 22 24 43 25 4 16 5 53 32 26 39 28 42 10 49 38 6 29 2 46 31 48 18 45 47 34 12 9 19 37 1 41 8 15 

 13 21 35 44 50 27	 => 190
 14 27 50 17 52 30	 => 190
 11 30 52 40 54 3	 => 190
 35 7 33 51 20 44	 => 190
 50 44 20 23 36 17	 => 190
 52 17 36 22 24 40	 => 191
 54 40 24 43 25 4	 => 190
 33 16 5 53 32 51	 => 190
 20 51 32 26 39 23	 => 191
 36 23 39 28 42 22	 => 190
 24 22 42 10 49 43	 => 190
 25 43 49 38 6 29	 => 190
 32 53 2 46 31 26	 => 190
 39 26 31 48 18 28	 => 190
 42 28 18 45 47 10	 => 190
 49 10 47 34 12 38	 => 190
 31 46 9 19 37 48	 => 190
 18 48 37 1 41 45	 => 190
 47 45 41 8 15 34	 => 190


===================[TEST 65]===================

##### START ##### Thu May 22 14:02:02 2003



##### CONVERGE ##### Thu May 22 14:03:08 2003

Elapsed time: 66 seconds
Total loop: 145 generations

Result : 186.64

30 19 41 34 52 13 2 21 51 49 1 35 46 7 10 53 25 26 20 36 24 22 40 42 4 15 9 33 54 16 48 29 31 28 44 37 18 8 11 32 43 47 6 45 50 27 3 5 23 39 14 38 12 17 

 30 19 41 34 52 13	 => 189
 2 13 52 21 51 49	 => 188
 1 49 51 35 46 7	 => 189
 41 10 53 25 26 34	 => 189
 52 34 26 20 36 21	 => 189
 51 21 36 24 22 35	 => 189
 46 35 22 40 42 4	 => 189
 53 15 9 33 54 25	 => 189
 26 25 54 16 48 20	 => 189
 36 20 48 29 31 24	 => 188
 22 24 31 28 44 40	 => 189
 42 40 44 37 18 8	 => 189
 54 33 11 32 43 16	 => 189
 48 16 43 47 6 29	 => 189
 31 29 6 45 50 28	 => 189
 44 28 50 27 3 37	 => 189
 43 32 5 23 39 47	 => 189
 6 47 39 14 38 45	 => 189
 50 45 38 12 17 27	 => 189


===================[TEST 66]===================

##### START ##### Thu May 22 14:03:08 2003



##### CONVERGE ##### Thu May 22 14:04:12 2003

Elapsed time: 64 seconds
Total loop: 140 generations

Result : 186.85

4 28 25 53 29 50 15 26 47 23 13 42 43 21 3 38 54 16 35 30 33 11 44 48 1 7 6 32 52 8 24 27 40 22 39 46 10 2 5 41 51 45 34 31 36 37 9 14 20 18 12 49 19 17 

 4 28 25 53 29 50	 => 189
 15 50 29 26 47 23	 => 190
 13 23 47 42 43 21	 => 189
 25 3 38 54 16 53	 => 189
 29 53 16 35 30 26	 => 189
 47 26 30 33 11 42	 => 189
 43 42 11 44 48 1	 => 189
 38 7 6 32 52 54	 => 189
 16 54 52 8 24 35	 => 189
 30 35 24 27 40 33	 => 189
 11 33 40 22 39 44	 => 189
 48 44 39 46 10 2	 => 189
 52 32 5 41 51 8	 => 189
 24 8 51 45 34 27	 => 189
 40 27 34 31 36 22	 => 190
 39 22 36 37 9 46	 => 189
 51 41 14 20 18 45	 => 189
 34 45 18 12 49 31	 => 189
 36 31 49 19 17 37	 => 189


===================[TEST 67]===================

##### START ##### Thu May 22 14:04:12 2003



##### CONVERGE ##### Thu May 22 14:05:11 2003

Elapsed time: 59 seconds
Total loop: 129 generations

Result : 188.412

10 1 44 38 52 45 4 21 41 27 19 31 48 25 7 33 53 15 29 35 34 28 51 26 6 17 11 37 39 22 32 40 20 8 49 46 16 2 3 47 42 36 18 54 50 24 13 12 23 30 9 43 5 14 

 10 1 44 38 52 45	 => 190
 4 45 52 21 41 27	 => 190
 19 27 41 31 48 25	 => 191
 44 7 33 53 15 38	 => 190
 52 38 15 29 35 21	 => 190
 41 21 35 34 28 31	 => 190
 48 31 28 51 26 6	 => 190
 33 17 11 37 39 53	 => 190
 15 53 39 22 32 29	 => 190
 35 29 32 40 20 34	 => 190
 28 34 20 8 49 51	 => 190
 26 51 49 46 16 2	 => 190
 39 37 3 47 42 22	 => 190
 32 22 42 36 18 40	 => 190
 20 40 18 54 50 8	 => 190
 49 8 50 24 13 46	 => 190
 42 47 12 23 30 36	 => 190
 18 36 30 9 43 54	 => 190
 50 54 43 5 14 24	 => 190


===================[TEST 68]===================

##### START ##### Thu May 22 14:05:11 2003



##### CONVERGE ##### Thu May 22 14:07:02 2003

Elapsed time: 111 seconds
Total loop: 244 generations

Result : 187.501

9 22 34 47 49 30 1 14 46 51 3 44 42 4 12 28 53 17 27 36 41 10 48 33 13 5 20 40 45 24 25 32 29 11 52 35 7 16 6 26 50 39 21 54 43 31 19 15 23 38 2 37 18 8 

 9 22 34 47 49 30	 => 191
 1 30 49 14 46 51	 => 191
 3 51 46 44 42 4	 => 190
 34 12 28 53 17 47	 => 191
 49 47 17 27 36 14	 => 190
 46 14 36 41 10 44	 => 191
 42 44 10 48 33 13	 => 190
 28 5 20 40 45 53	 => 191
 17 53 45 24 25 27	 => 191
 36 27 25 32 29 41	 => 190
 10 41 29 11 52 48	 => 191
 33 48 52 35 7 16	 => 191
 45 40 6 26 50 24	 => 191
 25 24 50 39 21 32	 => 191
 29 32 21 54 43 11	 => 190
 52 11 43 31 19 35	 => 191
 50 26 15 23 38 39	 => 191
 21 39 38 2 37 54	 => 191
 43 54 37 18 8 31	 => 191


===================[TEST 69]===================

##### START ##### Thu May 22 14:07:02 2003



##### CONVERGE ##### Thu May 22 14:08:30 2003

Elapsed time: 88 seconds
Total loop: 192 generations

Result : 188.163

15 4 43 51 46 32 7 17 50 39 18 42 36 6 5 28 44 20 26 31 27 24 53 33 3 11 23 30 54 12 35 37 34 13 40 25 19 21 9 41 45 52 10 48 49 47 16 2 22 29 14 38 1 8 

 15 4 43 51 46 32	 => 191
 7 32 46 17 50 39	 => 191
 18 39 50 42 36 6	 => 191
 43 5 28 44 20 51	 => 191
 46 51 20 26 31 17	 => 191
 50 17 31 27 24 42	 => 191
 36 42 24 53 33 3	 => 191
 28 11 23 30 54 44	 => 190
 20 44 54 12 35 26	 => 191
 31 26 35 37 34 27	 => 190
 24 27 34 13 40 53	 => 191
 33 53 40 25 19 21	 => 191
 54 30 9 41 45 12	 => 191
 35 12 45 52 10 37	 => 191
 34 37 10 48 49 13	 => 191
 40 13 49 47 16 25	 => 190
 45 41 2 22 29 52	 => 191
 10 52 29 14 38 48	 => 191
 49 48 38 1 8 47	 => 191


===================[TEST 70]===================

##### START ##### Thu May 22 14:08:30 2003



##### CONVERGE ##### Thu May 22 14:09:33 2003

Elapsed time: 63 seconds
Total loop: 139 generations

Result : 188.306

24 14 31 44 51 26 2 17 52 42 5 35 45 11 22 34 49 10 36 32 39 15 38 50 7 20 3 30 54 23 18 25 40 12 46 37 6 13 9 27 47 48 29 43 41 53 1 19 21 28 8 33 4 16 

 24 14 31 44 51 26	 => 190
 2 26 51 17 52 42	 => 190
 5 42 52 35 45 11	 => 190
 31 22 34 49 10 44	 => 190
 51 44 10 36 32 17	 => 190
 52 17 32 39 15 35	 => 190
 45 35 15 38 50 7	 => 190
 34 20 3 30 54 49	 => 190
 10 49 54 23 18 36	 => 190
 32 36 18 25 40 39	 => 190
 15 39 40 12 46 38	 => 190
 50 38 46 37 6 13	 => 190
 54 30 9 27 47 23	 => 190
 18 23 47 48 29 25	 => 190
 40 25 29 43 41 12	 => 190
 46 12 41 53 1 37	 => 190
 47 27 19 21 28 48	 => 190
 29 48 28 8 33 43	 => 189
 41 43 33 4 16 53	 => 190


===================[TEST 71]===================

##### START ##### Thu May 22 14:09:33 2003



##### CONVERGE ##### Thu May 22 14:10:20 2003

Elapsed time: 47 seconds
Total loop: 102 generations

Result : 187.412

14 13 49 41 54 18 4 22 46 45 11 52 32 3 10 25 40 24 17 31 26 12 51 34 8 30 9 35 50 16 42 38 36 20 44 48 5 7 2 53 33 37 23 43 29 47 1 21 6 39 19 28 27 15 

 14 13 49 41 54 18	 => 189
 4 18 54 22 46 45	 => 189
 11 45 46 52 32 3	 => 189
 49 10 25 40 24 41	 => 189
 54 41 24 17 31 22	 => 189
 46 22 31 26 12 52	 => 189
 32 52 12 51 34 8	 => 189
 25 30 9 35 50 40	 => 189
 24 40 50 16 42 17	 => 189
 31 17 42 38 36 26	 => 190
 12 26 36 20 44 51	 => 189
 34 51 44 48 5 7	 => 189
 50 35 2 53 33 16	 => 189
 42 16 33 37 23 38	 => 189
 36 38 23 43 29 20	 => 189
 44 20 29 47 1 48	 => 189
 33 53 21 6 39 37	 => 189
 23 37 39 19 28 43	 => 189
 29 43 28 27 15 47	 => 189


===================[TEST 72]===================

##### START ##### Thu May 22 14:10:20 2003



##### CONVERGE ##### Thu May 22 14:11:21 2003

Elapsed time: 61 seconds
Total loop: 133 generations

Result : 187.412

9 3 45 40 54 38 4 18 50 25 19 46 37 12 6 33 48 17 26 34 28 13 53 29 11 27 2 39 41 10 47 23 31 20 44 32 24 7 5 42 52 36 21 51 43 49 1 14 15 30 35 16 22 8 

 9 3 45 40 54 38	 => 189
 4 38 54 18 50 25	 => 189
 19 25 50 46 37 12	 => 189
 45 6 33 48 17 40	 => 189
 54 40 17 26 34 18	 => 189
 50 18 34 28 13 46	 => 189
 37 46 13 53 29 11	 => 189
 33 27 2 39 41 48	 => 190
 17 48 41 10 47 26	 => 189
 34 26 47 23 31 28	 => 189
 13 28 31 20 44 53	 => 189
 29 53 44 32 24 7	 => 189
 41 39 5 42 52 10	 => 189
 47 10 52 36 21 23	 => 189
 31 23 21 51 43 20	 => 189
 44 20 43 49 1 32	 => 189
 52 42 14 15 30 36	 => 189
 21 36 30 35 16 51	 => 189
 43 51 16 22 8 49	 => 189


===================[TEST 73]===================

##### START ##### Thu May 22 14:11:21 2003



##### CONVERGE ##### Thu May 22 14:12:05 2003

Elapsed time: 44 seconds
Total loop: 98 generations

Result : 187.163

10 4 29 50 43 54 8 18 45 22 34 48 27 13 3 32 51 25 24 30 40 9 53 37 16 11 1 46 49 15 26 41 28 17 42 33 5 20 6 39 35 52 21 36 47 44 7 19 14 31 12 38 23 2 

 10 4 29 50 43 54	 => 190
 8 54 43 18 45 22	 => 190
 34 22 45 48 27 13	 => 189
 29 3 32 51 25 50	 => 190
 43 50 25 24 30 18	 => 190
 45 18 30 40 9 48	 => 190
 27 48 9 53 37 16	 => 190
 32 11 1 46 49 51	 => 190
 25 51 49 15 26 24	 => 190
 30 24 26 41 28 40	 => 189
 9 40 28 17 42 53	 => 189
 37 53 42 33 5 20	 => 190
 49 46 6 39 35 15	 => 190
 26 15 35 52 21 41	 => 190
 28 41 21 36 47 17	 => 190
 42 17 47 44 7 33	 => 190
 35 39 19 14 31 52	 => 190
 21 52 31 12 38 36	 => 190
 47 36 38 23 2 44	 => 190


===================[TEST 74]===================

##### START ##### Thu May 22 14:12:05 2003



##### CONVERGE ##### Thu May 22 14:13:23 2003

Elapsed time: 78 seconds
Total loop: 170 generations

Result : 188.412

2 13 54 36 52 33 7 19 39 40 12 47 34 18 8 46 37 9 43 31 30 24 42 32 11 1 5 50 51 15 35 23 28 22 45 41 16 14 4 26 44 53 20 48 49 27 6 17 29 21 10 38 3 25 

 2 13 54 36 52 33	 => 190
 7 33 52 19 39 40	 => 190
 12 40 39 47 34 18	 => 190
 54 8 46 37 9 36	 => 190
 52 36 9 43 31 19	 => 190
 39 19 31 30 24 47	 => 190
 34 47 24 42 32 11	 => 190
 46 1 5 50 51 37	 => 190
 9 37 51 15 35 43	 => 190
 31 43 35 23 28 30	 => 190
 24 30 28 22 45 42	 => 191
 32 42 45 41 16 14	 => 190
 51 50 4 26 44 15	 => 190
 35 15 44 53 20 23	 => 190
 28 23 20 48 49 22	 => 190
 45 22 49 27 6 41	 => 190
 44 26 17 29 21 53	 => 190
 20 53 21 10 38 48	 => 190
 49 48 38 3 25 27	 => 190


===================[TEST 75]===================

##### START ##### Thu May 22 14:13:23 2003



##### CONVERGE ##### Thu May 22 14:14:32 2003

Elapsed time: 69 seconds
Total loop: 152 generations

Result : 188.163

17 9 41 50 47 27 10 20 53 34 23 42 35 4 11 36 37 16 30 28 29 19 52 40 3 24 12 33 48 14 46 31 26 22 43 32 21 2 7 51 38 49 13 45 54 25 15 6 8 39 1 44 5 18 

 17 9 41 50 47 27	 => 191
 10 27 47 20 53 34	 => 191
 23 34 53 42 35 4	 => 191
 41 11 36 37 16 50	 => 191
 47 50 16 30 28 20	 => 191
 53 20 28 29 19 42	 => 191
 35 42 19 52 40 3	 => 191
 36 24 12 33 48 37	 => 190
 16 37 48 14 46 30	 => 191
 28 30 46 31 26 29	 => 190
 19 29 26 22 43 52	 => 191
 40 52 43 32 21 2	 => 190
 48 33 7 51 38 14	 => 191
 46 14 38 49 13 31	 => 191
 26 31 13 45 54 22	 => 191
 43 22 54 25 15 32	 => 191
 38 51 6 8 39 49	 => 191
 13 49 39 1 44 45	 => 191
 54 45 44 5 18 25	 => 191


===================[TEST 76]===================

##### START ##### Thu May 22 14:14:32 2003



##### CONVERGE ##### Thu May 22 14:15:35 2003

Elapsed time: 63 seconds
Total loop: 138 generations

Result : 187.85

15 10 43 33 49 40 14 13 44 30 22 41 35 18 1 42 51 21 24 50 26 16 53 39 6 11 25 27 34 28 32 38 20 23 52 31 7 8 9 47 45 29 19 54 36 46 2 17 4 48 3 37 12 5 

 15 10 43 33 49 40	 => 190
 14 40 49 13 44 30	 => 190
 22 30 44 41 35 18	 => 190
 43 1 42 51 21 33	 => 191
 49 33 21 24 50 13	 => 190
 44 13 50 26 16 41	 => 190
 35 41 16 53 39 6	 => 190
 42 11 25 27 34 51	 => 190
 21 51 34 28 32 24	 => 190
 50 24 32 38 20 26	 => 190
 16 26 20 23 52 53	 => 190
 39 53 52 31 7 8	 => 190
 34 27 9 47 45 28	 => 190
 32 28 45 29 19 38	 => 191
 20 38 19 54 36 23	 => 190
 52 23 36 46 2 31	 => 190
 45 47 17 4 48 29	 => 190
 19 29 48 3 37 54	 => 190
 36 54 37 12 5 46	 => 190


===================[TEST 77]===================

##### START ##### Thu May 22 14:15:35 2003



##### CONVERGE ##### Thu May 22 14:16:41 2003

Elapsed time: 66 seconds
Total loop: 143 generations

Result : 188.412

3 6 37 50 48 46 2 11 39 44 22 52 25 9 14 27 49 13 26 42 31 15 47 34 17 21 12 36 45 28 29 30 32 24 41 38 20 10 8 19 54 33 16 53 35 51 1 18 23 43 5 40 7 4 

 3 6 37 50 48 46	 => 190
 2 46 48 11 39 44	 => 190
 22 44 39 52 25 9	 => 191
 37 14 27 49 13 50	 => 190
 48 50 13 26 42 11	 => 190
 39 11 42 31 15 52	 => 190
 25 52 15 47 34 17	 => 190
 27 21 12 36 45 49	 => 190
 13 49 45 28 29 26	 => 190
 42 26 29 30 32 31	 => 190
 15 31 32 24 41 47	 => 190
 34 47 41 38 20 10	 => 190
 45 36 8 19 54 28	 => 190
 29 28 54 33 16 30	 => 190
 32 30 16 53 35 24	 => 190
 41 24 35 51 1 38	 => 190
 54 19 18 23 43 33	 => 190
 16 33 43 5 40 53	 => 190
 35 53 40 7 4 51	 => 190


===================[TEST 78]===================

##### START ##### Thu May 22 14:16:41 2003



##### CONVERGE ##### Thu May 22 14:17:57 2003

Elapsed time: 76 seconds
Total loop: 168 generations

Result : 187.158

14 6 34 49 47 40 5 18 52 28 7 50 31 22 3 41 48 15 27 35 26 9 51 37 12 2 13 44 42 25 33 30 39 29 36 54 11 1 10 23 45 53 4 46 43 20 8 21 16 32 17 38 19 24 

 14 6 34 49 47 40	 => 190
 5 40 47 18 52 28	 => 190
 7 28 52 50 31 22	 => 190
 34 3 41 48 15 49	 => 190
 47 49 15 27 35 18	 => 191
 52 18 35 26 9 50	 => 190
 31 50 9 51 37 12	 => 190
 41 2 13 44 42 48	 => 190
 15 48 42 25 33 27	 => 190
 35 27 33 30 39 26	 => 190
 9 26 39 29 36 51	 => 190
 37 51 36 54 11 1	 => 190
 42 44 10 23 45 25	 => 189
 33 25 45 53 4 30	 => 190
 39 30 4 46 43 29	 => 191
 36 29 43 20 8 54	 => 190
 45 23 21 16 32 53	 => 190
 4 53 32 17 38 46	 => 190
 43 46 38 19 24 20	 => 190


===================[TEST 79]===================

##### START ##### Thu May 22 14:17:57 2003



##### CONVERGE ##### Thu May 22 14:19:11 2003

Elapsed time: 74 seconds
Total loop: 162 generations

Result : 187.478

7 18 29 47 50 39 13 5 52 31 11 49 25 23 3 41 53 17 34 37 27 20 43 46 8 14 12 38 32 19 35 21 36 22 42 48 2 9 6 44 51 40 24 54 33 45 1 10 15 30 16 26 28 4 

 7 18 29 47 50 39	 => 190
 13 39 50 5 52 31	 => 190
 11 31 52 49 25 23	 => 191
 29 3 41 53 17 47	 => 190
 50 47 17 34 37 5	 => 190
 52 5 37 27 20 49	 => 190
 25 49 20 43 46 8	 => 191
 41 14 12 38 32 53	 => 190
 17 53 32 19 35 34	 => 190
 37 34 35 21 36 27	 => 190
 20 27 36 22 42 43	 => 190
 46 43 42 48 2 9	 => 190
 32 38 6 44 51 19	 => 190
 35 19 51 40 24 21	 => 190
 36 21 24 54 33 22	 => 190
 42 22 33 45 1 48	 => 191
 51 44 10 15 30 40	 => 190
 24 40 30 16 26 54	 => 190
 33 54 26 28 4 45	 => 190


===================[TEST 80]===================

##### START ##### Thu May 22 14:19:11 2003



##### CONVERGE ##### Thu May 22 14:20:21 2003

Elapsed time: 70 seconds
Total loop: 153 generations

Result : 188.306

12 17 34 54 27 46 2 21 44 50 10 30 41 15 13 39 45 5 35 47 26 22 51 37 9 1 8 48 49 18 38 25 19 29 43 32 7 20 6 36 33 53 23 42 52 31 3 16 24 28 4 40 14 11 

 12 17 34 54 27 46	 => 190
 2 46 27 21 44 50	 => 190
 10 50 44 30 41 15	 => 190
 34 13 39 45 5 54	 => 190
 27 54 5 35 47 21	 => 189
 44 21 47 26 22 30	 => 190
 41 30 22 51 37 9	 => 190
 39 1 8 48 49 45	 => 190
 5 45 49 18 38 35	 => 190
 47 35 38 25 19 26	 => 190
 22 26 19 29 43 51	 => 190
 37 51 43 32 7 20	 => 190
 49 48 6 36 33 18	 => 190
 38 18 33 53 23 25	 => 190
 19 25 23 42 52 29	 => 190
 43 29 52 31 3 32	 => 190
 33 36 16 24 28 53	 => 190
 23 53 28 4 40 42	 => 190
 52 42 40 14 11 31	 => 190


===================[TEST 81]===================

##### START ##### Thu May 22 14:20:21 2003



##### CONVERGE ##### Thu May 22 14:21:23 2003

Elapsed time: 62 seconds
Total loop: 135 generations

Result : 187.64

17 10 43 29 51 40 4 8 49 37 13 41 35 15 5 50 36 27 33 42 30 20 38 54 2 11 1 48 44 19 31 26 28 21 53 16 7 22 6 34 39 52 23 47 45 46 9 18 14 32 12 24 3 25 

 17 10 43 29 51 40	 => 190
 4 40 51 8 49 37	 => 189
 13 37 49 41 35 15	 => 190
 43 5 50 36 27 29	 => 190
 51 29 27 33 42 8	 => 190
 49 8 42 30 20 41	 => 190
 35 41 20 38 54 2	 => 190
 50 11 1 48 44 36	 => 190
 27 36 44 19 31 33	 => 190
 42 33 31 26 28 30	 => 190
 20 30 28 21 53 38	 => 190
 54 38 53 16 7 22	 => 190
 44 48 6 34 39 19	 => 190
 31 19 39 52 23 26	 => 190
 28 26 23 47 45 21	 => 190
 53 21 45 46 9 16	 => 190
 39 34 18 14 32 52	 => 189
 23 52 32 12 24 47	 => 190
 45 47 24 3 25 46	 => 190


===================[TEST 82]===================

##### START ##### Thu May 22 14:21:23 2003



##### CONVERGE ##### Thu May 22 14:22:32 2003

Elapsed time: 69 seconds
Total loop: 152 generations

Result : 186.794

20 6 22 54 41 47 10 15 48 29 18 33 45 17 1 42 49 21 32 27 44 23 51 35 3 16 5 34 43 19 26 37 24 12 36 31 7 30 2 52 40 39 28 38 50 53 8 4 9 46 14 25 11 13 

 20 6 22 54 41 47	 => 190
 10 47 41 15 48 29	 => 190
 18 29 48 33 45 17	 => 190
 22 1 42 49 21 54	 => 189
 41 54 21 32 27 15	 => 190
 48 15 27 44 23 33	 => 190
 45 33 23 51 35 3	 => 190
 42 16 5 34 43 49	 => 189
 21 49 43 19 26 32	 => 190
 27 32 26 37 24 44	 => 190
 23 44 24 12 36 51	 => 190
 35 51 36 31 7 30	 => 190
 43 34 2 52 40 19	 => 190
 26 19 40 39 28 37	 => 189
 24 37 28 38 50 12	 => 189
 36 12 50 53 8 31	 => 190
 40 52 4 9 46 39	 => 190
 28 39 46 14 25 38	 => 190
 50 38 25 11 13 53	 => 190


===================[TEST 83]===================

##### START ##### Thu May 22 14:22:32 2003



##### CONVERGE ##### Thu May 22 14:24:17 2003

Elapsed time: 105 seconds
Total loop: 230 generations

Result : 188.412

10 5 48 47 38 42 13 21 44 32 6 52 29 27 17 26 36 16 31 37 34 2 51 45 11 18 15 41 54 28 25 33 30 23 50 22 3 19 1 24 43 49 12 39 53 35 7 20 8 46 4 40 14 9 

 10 5 48 47 38 42	 => 190
 13 42 38 21 44 32	 => 190
 6 32 44 52 29 27	 => 190
 48 17 26 36 16 47	 => 190
 38 47 16 31 37 21	 => 190
 44 21 37 34 2 52	 => 190
 29 52 2 51 45 11	 => 190
 26 18 15 41 54 36	 => 190
 16 36 54 28 25 31	 => 190
 37 31 25 33 30 34	 => 190
 2 34 30 23 50 51	 => 190
 45 51 50 22 3 19	 => 190
 54 41 1 24 43 28	 => 191
 25 28 43 49 12 33	 => 190
 30 33 12 39 53 23	 => 190
 50 23 53 35 7 22	 => 190
 43 24 20 8 46 49	 => 190
 12 49 46 4 40 39	 => 190
 53 39 40 14 9 35	 => 190


===================[TEST 84]===================

##### START ##### Thu May 22 14:24:17 2003



##### CONVERGE ##### Thu May 22 14:25:52 2003

Elapsed time: 95 seconds
Total loop: 209 generations

Result : 188.412

27 11 31 48 44 29 1 24 51 42 16 47 32 2 14 30 54 13 40 21 25 22 49 36 4 20 15 37 34 26 23 46 35 9 50 28 17 10 12 38 43 45 7 41 52 33 18 8 3 53 5 39 19 6 

 27 11 31 48 44 29	 => 190
 1 29 44 24 51 42	 => 191
 16 42 51 47 32 2	 => 190
 31 14 30 54 13 48	 => 190
 44 48 13 40 21 24	 => 190
 51 24 21 25 22 47	 => 190
 32 47 22 49 36 4	 => 190
 30 20 15 37 34 54	 => 190
 13 54 34 26 23 40	 => 190
 21 40 23 46 35 25	 => 190
 22 25 35 9 50 49	 => 190
 36 49 50 28 17 10	 => 190
 34 37 12 38 43 26	 => 190
 23 26 43 45 7 46	 => 190
 35 46 7 41 52 9	 => 190
 50 9 52 33 18 28	 => 190
 43 38 8 3 53 45	 => 190
 7 45 53 5 39 41	 => 190
 52 41 39 19 6 33	 => 190


===================[TEST 85]===================

##### START ##### Thu May 22 14:25:52 2003



##### CONVERGE ##### Thu May 22 14:27:15 2003

Elapsed time: 83 seconds
Total loop: 182 generations

Result : 187.85

19 3 54 44 37 33 15 27 47 31 9 40 53 10 1 20 49 22 35 25 28 23 32 38 4 24 6 48 43 11 30 34 39 17 51 45 16 8 2 36 50 52 13 46 41 29 7 5 21 26 12 42 14 18 

 19 3 54 44 37 33	 => 190
 15 33 37 27 47 31	 => 190
 9 31 47 40 53 10	 => 190
 54 1 20 49 22 44	 => 190
 37 44 22 35 25 27	 => 190
 47 27 25 28 23 40	 => 190
 53 40 23 32 38 4	 => 190
 20 24 6 48 43 49	 => 190
 22 49 43 11 30 35	 => 190
 25 35 30 34 39 28	 => 191
 23 28 39 17 51 32	 => 190
 38 32 51 45 16 8	 => 190
 43 48 2 36 50 11	 => 190
 30 11 50 52 13 34	 => 190
 39 34 13 46 41 17	 => 190
 51 17 41 29 7 45	 => 190
 50 36 5 21 26 52	 => 190
 13 52 26 12 42 46	 => 191
 41 46 42 14 18 29	 => 190


===================[TEST 86]===================

##### START ##### Thu May 22 14:27:15 2003



##### CONVERGE ##### Thu May 22 14:28:06 2003

Elapsed time: 51 seconds
Total loop: 110 generations

Result : 186.85

24 16 29 47 39 34 9 2 51 54 4 49 19 12 10 36 41 26 45 30 44 13 53 38 17 11 14 52 35 20 23 32 15 22 42 43 7 6 5 40 37 50 27 46 48 31 3 28 1 33 8 25 21 18 

 24 16 29 47 39 34	 => 189
 9 34 39 2 51 54	 => 189
 4 54 51 49 19 12	 => 189
 29 10 36 41 26 47	 => 189
 39 47 26 45 30 2	 => 189
 51 2 30 44 13 49	 => 189
 19 49 13 53 38 17	 => 189
 36 11 14 52 35 41	 => 189
 26 41 35 20 23 45	 => 190
 30 45 23 32 15 44	 => 189
 13 44 15 22 42 53	 => 189
 38 53 42 43 7 6	 => 189
 35 52 5 40 37 20	 => 189
 23 20 37 50 27 32	 => 189
 15 32 27 46 48 22	 => 190
 42 22 48 31 3 43	 => 189
 37 40 28 1 33 50	 => 189
 27 50 33 8 25 46	 => 189
 48 46 25 21 18 31	 => 189


===================[TEST 87]===================

##### START ##### Thu May 22 14:28:06 2003



##### CONVERGE ##### Thu May 22 14:29:07 2003

Elapsed time: 61 seconds
Total loop: 134 generations

Result : 187.85

1 12 52 33 49 43 5 20 46 27 24 38 47 8 4 45 41 15 37 36 28 22 44 23 16 10 25 21 48 19 31 26 32 11 53 40 13 17 9 42 51 34 29 39 54 30 2 7 6 50 3 35 18 14 

 1 12 52 33 49 43	 => 190
 5 43 49 20 46 27	 => 190
 24 27 46 38 47 8	 => 190
 52 4 45 41 15 33	 => 190
 49 33 15 37 36 20	 => 190
 46 20 36 28 22 38	 => 190
 47 38 22 44 23 16	 => 190
 45 10 25 21 48 41	 => 190
 15 41 48 19 31 37	 => 191
 36 37 31 26 32 28	 => 190
 22 28 32 11 53 44	 => 190
 23 44 53 40 13 17	 => 190
 48 21 9 42 51 19	 => 190
 31 19 51 34 29 26	 => 190
 32 26 29 39 54 11	 => 191
 53 11 54 30 2 40	 => 190
 51 42 7 6 50 34	 => 190
 29 34 50 3 35 39	 => 190
 54 39 35 18 14 30	 => 190


===================[TEST 88]===================

##### START ##### Thu May 22 14:29:07 2003



##### CONVERGE ##### Thu May 22 14:30:14 2003

Elapsed time: 67 seconds
Total loop: 147 generations

Result : 187.85

9 2 50 46 45 38 1 27 43 37 17 52 30 11 4 33 47 10 34 28 24 16 53 36 3 19 18 41 32 25 42 39 23 21 54 22 5 20 12 51 29 40 15 44 48 31 14 8 13 49 7 35 26 6 

 9 2 50 46 45 38	 => 190
 1 38 45 27 43 37	 => 191
 17 37 43 52 30 11	 => 190
 50 4 33 47 10 46	 => 190
 45 46 10 34 28 27	 => 190
 43 27 28 24 16 52	 => 190
 30 52 16 53 36 3	 => 190
 33 19 18 41 32 47	 => 190
 10 47 32 25 42 34	 => 190
 28 34 42 39 23 24	 => 190
 16 24 23 21 54 53	 => 191
 36 53 54 22 5 20	 => 190
 32 41 12 51 29 25	 => 190
 42 25 29 40 15 39	 => 190
 23 39 15 44 48 21	 => 190
 54 21 48 31 14 22	 => 190
 29 51 8 13 49 40	 => 190
 15 40 49 7 35 44	 => 190
 48 44 35 26 6 31	 => 190


===================[TEST 89]===================

##### START ##### Thu May 22 14:30:14 2003



##### CONVERGE ##### Thu May 22 14:31:19 2003

Elapsed time: 65 seconds
Total loop: 143 generations

Result : 186.64

9 1 51 27 54 47 4 14 40 30 26 45 46 2 5 42 52 12 29 53 20 17 38 37 6 13 7 25 50 18 28 15 43 22 49 35 11 19 16 31 48 44 36 32 41 39 3 8 24 34 10 33 21 23 

 9 1 51 27 54 47	 => 189
 4 47 54 14 40 30	 => 189
 26 30 40 45 46 2	 => 189
 51 5 42 52 12 27	 => 189
 54 27 12 29 53 14	 => 189
 40 14 53 20 17 45	 => 189
 46 45 17 38 37 6	 => 189
 42 13 7 25 50 52	 => 189
 12 52 50 18 28 29	 => 189
 53 29 28 15 43 20	 => 188
 17 20 43 22 49 38	 => 189
 37 38 49 35 11 19	 => 189
 50 25 16 31 48 18	 => 188
 28 18 48 44 36 15	 => 189
 43 15 36 32 41 22	 => 189
 49 22 41 39 3 35	 => 189
 48 31 8 24 34 44	 => 189
 36 44 34 10 33 32	 => 189
 41 32 33 21 23 39	 => 189


===================[TEST 90]===================

##### START ##### Thu May 22 14:31:19 2003



##### CONVERGE ##### Thu May 22 14:32:30 2003

Elapsed time: 71 seconds
Total loop: 155 generations

Result : 187.85

12 1 43 32 49 53 2 10 40 36 27 38 41 8 9 46 45 15 37 47 34 21 54 30 7 5 18 33 44 24 25 28 19 20 42 48 13 3 6 31 52 39 22 51 50 26 4 17 16 35 14 29 23 11 

 12 1 43 32 49 53	 => 190
 2 53 49 10 40 36	 => 190
 27 36 40 38 41 8	 => 190
 43 9 46 45 15 32	 => 190
 49 32 15 37 47 10	 => 190
 40 10 47 34 21 38	 => 190
 41 38 21 54 30 7	 => 191
 46 5 18 33 44 45	 => 191
 15 45 44 24 25 37	 => 190
 47 37 25 28 19 34	 => 190
 21 34 19 20 42 54	 => 190
 30 54 42 48 13 3	 => 190
 44 33 6 31 52 24	 => 190
 25 24 52 39 22 28	 => 190
 19 28 22 51 50 20	 => 190
 42 20 50 26 4 48	 => 190
 52 31 17 16 35 39	 => 190
 22 39 35 14 29 51	 => 190
 50 51 29 23 11 26	 => 190


===================[TEST 91]===================

##### START ##### Thu May 22 14:32:30 2003



##### CONVERGE ##### Thu May 22 14:33:42 2003

Elapsed time: 72 seconds
Total loop: 157 generations

Result : 187.501

3 23 31 35 49 50 5 22 34 30 16 54 51 6 9 46 48 21 37 27 40 13 32 39 2 10 8 36 43 17 25 29 33 20 53 41 14 12 1 42 52 44 24 38 47 26 4 7 18 28 11 45 19 15 

 3 23 31 35 49 50	 => 191
 5 50 49 22 34 30	 => 190
 16 30 34 54 51 6	 => 191
 31 9 46 48 21 35	 => 190
 49 35 21 37 27 22	 => 191
 34 22 27 40 13 54	 => 190
 51 54 13 32 39 2	 => 191
 46 10 8 36 43 48	 => 191
 21 48 43 17 25 37	 => 191
 27 37 25 29 33 40	 => 191
 13 40 33 20 53 32	 => 191
 39 32 53 41 14 12	 => 191
 43 36 1 42 52 17	 => 191
 25 17 52 44 24 29	 => 191
 33 29 24 38 47 20	 => 191
 53 20 47 26 4 41	 => 191
 52 42 7 18 28 44	 => 191
 24 44 28 11 45 38	 => 190
 47 38 45 19 15 26	 => 190


===================[TEST 92]===================

##### START ##### Thu May 22 14:33:42 2003



##### CONVERGE ##### Thu May 22 14:35:00 2003

Elapsed time: 78 seconds
Total loop: 171 generations

Result : 188.306

9 3 40 43 53 42 7 11 44 33 2 45 51 15 1 48 41 17 31 35 32 23 39 28 4 12 18 19 52 20 29 37 26 16 54 22 21 25 6 47 46 34 24 38 49 36 13 8 5 50 14 30 10 27 

 9 3 40 43 53 42	 => 190
 7 42 53 11 44 33	 => 190
 2 33 44 45 51 15	 => 190
 40 1 48 41 17 43	 => 190
 53 43 17 31 35 11	 => 190
 44 11 35 32 23 45	 => 190
 51 45 23 39 28 4	 => 190
 48 12 18 19 52 41	 => 190
 17 41 52 20 29 31	 => 190
 35 31 29 37 26 32	 => 190
 23 32 26 16 54 39	 => 190
 28 39 54 22 21 25	 => 189
 52 19 6 47 46 20	 => 190
 29 20 46 34 24 37	 => 190
 26 37 24 38 49 16	 => 190
 54 16 49 36 13 22	 => 190
 46 47 8 5 50 34	 => 190
 24 34 50 14 30 38	 => 190
 49 38 30 10 27 36	 => 190


===================[TEST 93]===================

##### START ##### Thu May 22 14:35:00 2003



##### CONVERGE ##### Thu May 22 14:36:48 2003

Elapsed time: 108 seconds
Total loop: 238 generations

Result : 188.306

4 15 52 41 50 28 19 32 26 35 21 54 45 9 6 25 46 20 24 23 43 12 38 36 5 17 10 48 44 27 29 39 31 13 53 34 11 18 1 33 37 42 16 51 40 47 3 7 22 49 2 30 8 14 

 4 15 52 41 50 28	 => 190
 19 28 50 32 26 35	 => 190
 21 35 26 54 45 9	 => 190
 52 6 25 46 20 41	 => 190
 50 41 20 24 23 32	 => 190
 26 32 23 43 12 54	 => 190
 45 54 12 38 36 5	 => 190
 25 17 10 48 44 46	 => 190
 20 46 44 27 29 24	 => 190
 23 24 29 39 31 43	 => 189
 12 43 31 13 53 38	 => 190
 36 38 53 34 11 18	 => 190
 44 48 1 33 37 27	 => 190
 29 27 37 42 16 39	 => 190
 31 39 16 51 40 13	 => 190
 53 13 40 47 3 34	 => 190
 37 33 7 22 49 42	 => 190
 16 42 49 2 30 51	 => 190
 40 51 30 8 14 47	 => 190


===================[TEST 94]===================

##### START ##### Thu May 22 14:36:48 2003



##### CONVERGE ##### Thu May 22 14:38:09 2003

Elapsed time: 81 seconds
Total loop: 176 generations

Result : 187.478

8 23 36 42 53 28 10 15 52 32 18 49 37 2 17 35 54 6 43 31 19 24 48 29 4 5 11 44 41 20 26 34 38 16 45 47 7 14 1 33 51 46 13 50 39 40 3 21 12 27 25 30 22 9 

 8 23 36 42 53 28	 => 190
 10 28 53 15 52 32	 => 190
 18 32 52 49 37 2	 => 190
 36 17 35 54 6 42	 => 190
 53 42 6 43 31 15	 => 190
 52 15 31 19 24 49	 => 190
 37 49 24 48 29 4	 => 191
 35 5 11 44 41 54	 => 190
 6 54 41 20 26 43	 => 190
 31 43 26 34 38 19	 => 191
 24 19 38 16 45 48	 => 190
 29 48 45 47 7 14	 => 190
 41 44 1 33 51 20	 => 190
 26 20 51 46 13 34	 => 190
 38 34 13 50 39 16	 => 190
 45 16 39 40 3 47	 => 190
 51 33 21 12 27 46	 => 190
 13 46 27 25 30 50	 => 191
 39 50 30 22 9 40	 => 190


===================[TEST 95]===================

##### START ##### Thu May 22 14:38:09 2003



##### CONVERGE ##### Thu May 22 14:39:33 2003

Elapsed time: 84 seconds
Total loop: 184 generations

Result : 187.64

9 20 30 49 54 28 13 10 46 39 7 53 40 5 8 36 44 23 21 33 26 22 41 19 15 18 11 38 43 27 32 48 29 24 47 52 17 14 6 42 34 45 4 50 35 31 1 2 16 51 3 37 12 25 

 9 20 30 49 54 28	 => 190
 13 28 54 10 46 39	 => 190
 7 39 46 53 40 5	 => 190
 30 8 36 44 23 49	 => 190
 54 49 23 21 33 10	 => 190
 46 10 33 26 22 53	 => 190
 40 53 22 41 19 15	 => 190
 36 18 11 38 43 44	 => 190
 23 44 43 27 32 21	 => 190
 33 21 32 48 29 26	 => 189
 22 26 29 24 47 41	 => 189
 19 41 47 52 17 14	 => 190
 43 38 6 42 34 27	 => 190
 32 27 34 45 4 48	 => 190
 29 48 4 50 35 24	 => 190
 47 24 35 31 1 52	 => 190
 34 42 2 16 51 45	 => 190
 4 45 51 3 37 50	 => 190
 35 50 37 12 25 31	 => 190


===================[TEST 96]===================

##### START ##### Thu May 22 14:39:33 2003



##### CONVERGE ##### Thu May 22 14:40:31 2003

Elapsed time: 58 seconds
Total loop: 128 generations

Result : 187.64

14 21 25 45 52 33 8 6 53 38 11 49 35 4 17 26 54 23 39 24 31 27 42 32 5 12 7 48 43 1 30 37 29 10 51 34 22 9 13 41 44 50 28 40 46 47 2 19 15 20 16 36 18 3 

 14 21 25 45 52 33	 => 190
 8 33 52 6 53 38	 => 190
 11 38 53 49 35 4	 => 190
 25 17 26 54 23 45	 => 190
 52 45 23 39 24 6	 => 189
 53 6 24 31 27 49	 => 190
 35 49 27 42 32 5	 => 190
 26 12 7 48 43 54	 => 190
 23 54 43 1 30 39	 => 190
 24 39 30 37 29 31	 => 190
 27 31 29 10 51 42	 => 190
 32 42 51 34 22 9	 => 190
 43 48 13 41 44 1	 => 190
 30 1 44 50 28 37	 => 190
 29 37 28 40 46 10	 => 190
 51 10 46 47 2 34	 => 190
 44 41 19 15 20 50	 => 189
 28 50 20 16 36 40	 => 190
 46 40 36 18 3 47	 => 190


===================[TEST 97]===================

##### START ##### Thu May 22 14:40:31 2003



##### CONVERGE ##### Thu May 22 14:41:54 2003

Elapsed time: 83 seconds
Total loop: 181 generations

Result : 187.794

1 5 38 52 41 54 3 15 49 29 22 45 26 19 2 34 53 12 40 31 27 24 44 32 20 11 7 35 51 10 25 37 30 16 50 43 9 13 14 33 48 47 23 39 46 28 8 6 21 36 4 42 17 18 

 1 5 38 52 41 54	 => 191
 3 54 41 15 49 29	 => 191
 22 29 49 45 26 19	 => 190
 38 2 34 53 12 52	 => 191
 41 52 12 40 31 15	 => 191
 49 15 31 27 24 45	 => 191
 26 45 24 44 32 20	 => 191
 34 11 7 35 51 53	 => 191
 12 53 51 10 25 40	 => 191
 31 40 25 37 30 27	 => 190
 24 27 30 16 50 44	 => 191
 32 44 50 43 9 13	 => 191
 51 35 14 33 48 10	 => 191
 25 10 48 47 23 37	 => 190
 30 37 23 39 46 16	 => 191
 50 16 46 28 8 43	 => 191
 48 33 6 21 36 47	 => 191
 23 47 36 4 42 39	 => 191
 46 39 42 17 18 28	 => 190


===================[TEST 98]===================

##### START ##### Thu May 22 14:41:54 2003



##### CONVERGE ##### Thu May 22 14:43:02 2003

Elapsed time: 68 seconds
Total loop: 148 generations

Result : 187.85

7 9 35 53 47 39 4 18 49 34 8 48 46 5 3 31 51 17 22 33 23 19 44 32 1 13 2 41 52 11 37 30 45 20 40 38 10 26 15 29 42 54 16 43 36 50 6 14 27 24 25 28 21 12 

 7 9 35 53 47 39	 => 190
 4 39 47 18 49 34	 => 191
 8 34 49 48 46 5	 => 190
 35 3 31 51 17 53	 => 190
 47 53 17 22 33 18	 => 190
 49 18 33 23 19 48	 => 190
 46 48 19 44 32 1	 => 190
 31 13 2 41 52 51	 => 190
 17 51 52 11 37 22	 => 190
 33 22 37 30 45 23	 => 190
 19 23 45 20 40 44	 => 191
 32 44 40 38 10 26	 => 190
 52 41 15 29 42 11	 => 190
 37 11 42 54 16 30	 => 190
 45 30 16 43 36 20	 => 190
 40 20 36 50 6 38	 => 190
 42 29 14 27 24 54	 => 190
 16 54 24 25 28 43	 => 190
 36 43 28 21 12 50	 => 190


===================[TEST 99]===================

##### START ##### Thu May 22 14:43:02 2003



##### CONVERGE ##### Thu May 22 14:44:17 2003

Elapsed time: 75 seconds
Total loop: 164 generations

Result : 188.412

11 15 34 49 51 30 1 19 50 39 22 53 23 3 6 36 48 18 32 21 33 14 46 44 10 8 4 42 52 5 35 31 38 12 47 26 2 25 13 37 41 54 24 40 45 43 17 9 20 29 16 27 28 7 

 11 15 34 49 51 30	 => 190
 1 30 51 19 50 39	 => 190
 22 39 50 53 23 3	 => 190
 34 6 36 48 18 49	 => 191
 51 49 18 32 21 19	 => 190
 50 19 21 33 14 53	 => 190
 23 53 14 46 44 10	 => 190
 36 8 4 42 52 48	 => 190
 18 48 52 5 35 32	 => 190
 21 32 35 31 38 33	 => 190
 14 33 38 12 47 46	 => 190
 44 46 47 26 2 25	 => 190
 52 42 13 37 41 5	 => 190
 35 5 41 54 24 31	 => 190
 38 31 24 40 45 12	 => 190
 47 12 45 43 17 26	 => 190
 41 37 9 20 29 54	 => 190
 24 54 29 16 27 40	 => 190
 45 40 27 28 7 43	 => 190

15 21 25 44 32 51 14 27 36 28 24 49 47 4 10 20 46 43 12 30 29 17 35 39 1 22 13 54 33 16 38 31 48 9 50 41 5 18 6 26 53 42 8 52 40 37 11 19 3 45 7 34 2 23 

 15 21 25 44 32 51	 => 188
 14 51 32 27 36 28	 => 188
 24 28 36 49 47 4	 => 188
 25 10 20 46 43 44	 => 188
 32 44 43 12 30 27	 => 188
 36 27 30 29 17 49	 => 188
 47 49 17 35 39 1	 => 188
 20 22 13 54 33 46	 => 188
 43 46 33 16 38 12	 => 188
 30 12 38 31 48 29	 => 188
 17 29 48 9 50 35	 => 188
 39 35 50 41 5 18	 => 188
 33 54 6 26 53 16	 => 188
 38 16 53 42 8 31	 => 188
 48 31 8 52 40 9	 => 188
 50 9 40 37 11 41	 => 188
 53 26 19 3 45 42	 => 188
 8 42 45 7 34 52	 => 188
 40 52 34 2 23 37	 => 188


===================[TEST 100]===================

##### START ##### Thu May 22 14:44:17 2003



##### CONVERGE ##### Thu May 22 14:45:33 2003

Elapsed time: 76 seconds
Total loop: 168 generations

Result : 187.64

4 3 50 41 53 39 7 27 45 19 11 54 49 12 5 40 52 2 38 29 25 9 42 28 8 6 22 23 47 21 30 31 37 26 51 35 10 24 18 32 48 44 16 46 34 43 1 13 20 33 15 36 14 17 

 4 3 50 41 53 39	 => 190
 7 39 53 27 45 19	 => 190
 11 19 45 54 49 12	 => 190
 50 5 40 52 2 41	 => 190
 53 41 2 38 29 27	 => 190
 45 27 29 25 9 54	 => 189
 49 54 9 42 28 8	 => 190
 40 6 22 23 47 52	 => 190
 2 52 47 21 30 38	 => 190
 29 38 30 31 37 25	 => 190
 9 25 37 26 51 42	 => 190
 28 42 51 35 10 24	 => 190
 47 23 18 32 48 21	 => 189
 30 21 48 44 16 31	 => 190
 37 31 16 46 34 26	 => 190
 51 26 34 43 1 35	 => 190
 48 32 13 20 33 44	 => 190
 16 44 33 15 36 46	 => 190
 34 46 36 14 17 43	 => 190



test#	fitness		sum		time
---------------------------------------------------
1	188.412				70
2	188.306				127
3	188.306				61
4	187.412				62
5	190		190		47
6	187.794				61
7	187.306				66
8	187.64				68
9	188.412				85
10	187.412				79
11	187.85				44
12	189		189		74
13	188.306				120
14	187.64				59
15	187.85				96
16	187.85				61
17	187.85				79
18	187.794				83
19	187.85				84
20	187.85				52
21	187.478				85
22	187.215				72
23	187.85				64
24	188.412				62
25	187.85				69
26	187.616				113
27	189		189		66
28	187.478				56
29	187.85				63
30	187.64				68
31	186.158				51
32	187.85				79
33	188.412				68
34	187.616				104
35	187.64				67
36	187.163				66
37	187.163				57
38	187.478				58
39	187.794				88
40	187.412				53
41	188.412				69
42	187.616				139
43	187.215				93
44	187.616				89
45	188.412				110
46	188.412				62
47	187.85				86
48	188.306				61
49	187.85				76
50	187.501				106
51	188.412				84
52	187.412				72
53	186.85				72
54	186.163				39
55	186.478				63
56	186.85				54
57	187.85				78
58	187.412				64
59	188.412				78
60	187.794				125
61	189		189		90
62	186.85				64
63	187.053				68
64	187.85				102
65	186.64				66
66	186.85				64
67	188.412				59
68	187.501				111
69	188.163				88
70	188.306				63
71	187.412				47
72	187.412				61
73	187.163				44
74	188.412				78
75	188.163				69
76	187.85				63
77	188.412				66
78	187.158				76
79	187.478				74
80	188.306				70
81	187.64				62
82	186.794				69
83	188.412				105
84	188.412				95
85	187.85				83
86	186.85				51
87	187.85				61
88	187.85				67
89	186.64				65
90	187.85				71
91	187.501				72
92	188.306				78
93	188.306				108
94	187.478				81
95	187.64				84
96	187.64				58
97	187.794				83
98	187.85				68
99	188.412		188		75
100	187.64				76


---------------------------------------------------
Best fitness      : 190 ( test# 5)
Best solution sum : 190 ( test# 5)
Shortest time     : 39 ( test# 54)

Average fitness   : 187.758
Average sol. sum  : 189
Average time      : 74.42
