****************** GA TEST *******************

total test#:			 100
hexa min width:			 3
hexa max width:			 5
hexa count:			 19
number count:			 54
population size:		 150
generation size:		 50

tournament winner p:		 0.95
do xover p:			 1
xover:				 2points
do mutation1 p:			 0.1
mutation1 p:			 0.05
do optimize p:			 1
local optimize count:		 6000
do deep better optimize p:	 1
do deep worse optimize p:	 0
do spin p:			 0
spin count:			 1000
do spin apply p:		 1
do mutation2 p:			 0.12
mutation2 p:			 0.08
force mutation2:		 0
replace bad p:			 0.195

converge rate p:		 0.99
converge count:			 5

**********************************************


===================[TEST 1]===================

##### START ##### Thu May 22 16:49:15 2003



##### CONVERGE ##### Thu May 22 16:50:27 2003

Elapsed time: 72 seconds
Total loop: 126 generations

Result : 188.306

8 6 50 35 54 37 1 11 43 44 7 47 34 14 4 25 53 23 26 41 28 20 48 39 2 5 29 36 42 22 24 38 33 9 52 32 16 3 19 31 40 51 15 46 49 30 18 10 13 45 12 21 17 27 

 8 6 50 35 54 37	 => 190
 1 37 54 11 43 44	 => 190
 7 44 43 47 34 14	 => 189
 50 4 25 53 23 35	 => 190
 54 35 23 26 41 11	 => 190
 43 11 41 28 20 47	 => 190
 34 47 20 48 39 2	 => 190
 25 5 29 36 42 53	 => 190
 23 53 42 22 24 26	 => 190
 41 26 24 38 33 28	 => 190
 20 28 33 9 52 48	 => 190
 39 48 52 32 16 3	 => 190
 42 36 19 31 40 22	 => 190
 24 22 40 51 15 38	 => 190
 33 38 15 46 49 9	 => 190
 52 9 49 30 18 32	 => 190
 40 31 10 13 45 51	 => 190
 15 51 45 12 21 46	 => 190
 49 46 21 17 27 30	 => 190


===================[TEST 2]===================

##### START ##### Thu May 22 16:50:27 2003



##### CONVERGE ##### Thu May 22 16:51:40 2003

Elapsed time: 73 seconds
Total loop: 127 generations

Result : 187.501

5 13 35 48 46 44 4 16 54 27 18 49 29 14 6 47 28 26 31 24 39 9 51 45 7 22 8 33 53 23 30 41 25 17 50 32 10 3 2 38 42 36 19 52 37 34 21 20 11 43 1 40 12 15 

 5 13 35 48 46 44	 => 191
 4 44 46 16 54 27	 => 191
 18 27 54 49 29 14	 => 191
 35 6 47 28 26 48	 => 190
 46 48 26 31 24 16	 => 191
 54 16 24 39 9 49	 => 191
 29 49 9 51 45 7	 => 190
 47 22 8 33 53 28	 => 191
 26 28 53 23 30 31	 => 191
 24 31 30 41 25 39	 => 190
 9 39 25 17 50 51	 => 191
 45 51 50 32 10 3	 => 191
 53 33 2 38 42 23	 => 191
 30 23 42 36 19 41	 => 191
 25 41 19 52 37 17	 => 191
 50 17 37 34 21 32	 => 191
 42 38 20 11 43 36	 => 190
 19 36 43 1 40 52	 => 191
 37 52 40 12 15 34	 => 190


===================[TEST 3]===================

##### START ##### Thu May 22 16:51:40 2003



##### CONVERGE ##### Thu May 22 16:52:43 2003

Elapsed time: 63 seconds
Total loop: 110 generations

Result : 187.306

20 9 41 52 35 32 15 21 46 40 1 54 25 23 11 37 44 4 47 29 27 12 49 42 7 28 6 36 38 17 39 13 34 19 48 31 16 3 2 43 53 45 22 50 51 26 14 8 10 30 18 24 33 5 

 20 9 41 52 35 32	 => 189
 15 32 35 21 46 40	 => 189
 1 40 46 54 25 23	 => 189
 41 11 37 44 4 52	 => 189
 35 52 4 47 29 21	 => 188
 46 21 29 27 12 54	 => 189
 25 54 12 49 42 7	 => 189
 37 28 6 36 38 44	 => 189
 4 44 38 17 39 47	 => 189
 29 47 39 13 34 27	 => 189
 12 27 34 19 48 49	 => 189
 42 49 48 31 16 3	 => 189
 38 36 2 43 53 17	 => 189
 39 17 53 45 22 13	 => 189
 34 13 22 50 51 19	 => 189
 48 19 51 26 14 31	 => 189
 53 43 8 10 30 45	 => 189
 22 45 30 18 24 50	 => 189
 51 50 24 33 5 26	 => 189


===================[TEST 4]===================

##### START ##### Thu May 22 16:52:43 2003



##### CONVERGE ##### Thu May 22 16:54:18 2003

Elapsed time: 95 seconds
Total loop: 167 generations

Result : 188.412

9 11 33 50 44 43 10 7 48 38 3 52 21 28 4 41 39 23 36 30 35 19 46 40 12 16 14 29 51 15 26 31 32 13 45 37 2 20 6 47 42 49 27 34 53 24 18 5 22 25 1 54 8 17 

 9 11 33 50 44 43	 => 190
 10 43 44 7 48 38	 => 190
 3 38 48 52 21 28	 => 190
 33 4 41 39 23 50	 => 190
 44 50 23 36 30 7	 => 190
 48 7 30 35 19 52	 => 191
 21 52 19 46 40 12	 => 190
 41 16 14 29 51 39	 => 190
 23 39 51 15 26 36	 => 190
 30 36 26 31 32 35	 => 190
 19 35 32 13 45 46	 => 190
 40 46 45 37 2 20	 => 190
 51 29 6 47 42 15	 => 190
 26 15 42 49 27 31	 => 190
 32 31 27 34 53 13	 => 190
 45 13 53 24 18 37	 => 190
 42 47 5 22 25 49	 => 190
 27 49 25 1 54 34	 => 190
 53 34 54 8 17 24	 => 190


===================[TEST 5]===================

##### START ##### Thu May 22 16:54:18 2003



##### CONVERGE ##### Thu May 22 16:55:41 2003

Elapsed time: 83 seconds
Total loop: 146 generations

Result : 187.794

18 19 32 42 49 31 16 12 47 36 5 53 37 13 8 45 41 23 30 35 38 6 48 43 4 10 7 34 54 17 26 33 28 25 46 29 22 2 9 27 50 51 14 39 52 24 15 1 21 40 3 44 11 20 

 18 19 32 42 49 31	 => 191
 16 31 49 12 47 36	 => 191
 5 36 47 53 37 13	 => 191
 32 8 45 41 23 42	 => 191
 49 42 23 30 35 12	 => 191
 47 12 35 38 6 53	 => 191
 37 53 6 48 43 4	 => 191
 45 10 7 34 54 41	 => 191
 23 41 54 17 26 30	 => 191
 35 30 26 33 28 38	 => 190
 6 38 28 25 46 48	 => 191
 43 48 46 29 22 2	 => 190
 54 34 9 27 50 17	 => 191
 26 17 50 51 14 33	 => 191
 28 33 14 39 52 25	 => 191
 46 25 52 24 15 29	 => 191
 50 27 1 21 40 51	 => 190
 14 51 40 3 44 39	 => 191
 52 39 44 11 20 24	 => 190


===================[TEST 6]===================

##### START ##### Thu May 22 16:55:41 2003



##### CONVERGE ##### Thu May 22 16:57:02 2003

Elapsed time: 81 seconds
Total loop: 142 generations

Result (Solution) : 190

10 18 45 35 48 34 6 22 37 43 23 54 32 1 2 40 39 29 25 31 30 16 36 44 8 9 11 41 50 20 27 26 51 5 52 28 17 13 7 19 53 49 15 47 46 38 21 3 24 42 4 33 12 14 

 10 18 45 35 48 34	 => 190
 6 34 48 22 37 43	 => 190
 23 43 37 54 32 1	 => 190
 45 2 40 39 29 35	 => 190
 48 35 29 25 31 22	 => 190
 37 22 31 30 16 54	 => 190
 32 54 16 36 44 8	 => 190
 40 9 11 41 50 39	 => 190
 29 39 50 20 27 25	 => 190
 31 25 27 26 51 30	 => 190
 16 30 51 5 52 36	 => 190
 44 36 52 28 17 13	 => 190
 50 41 7 19 53 20	 => 190
 27 20 53 49 15 26	 => 190
 51 26 15 47 46 5	 => 190
 52 5 46 38 21 28	 => 190
 53 19 3 24 42 49	 => 190
 15 49 42 4 33 47	 => 190
 46 47 33 12 14 38	 => 190


===================[TEST 7]===================

##### START ##### Thu May 22 16:57:02 2003



##### CONVERGE ##### Thu May 22 16:58:01 2003

Elapsed time: 59 seconds
Total loop: 103 generations

Result : 187.306

9 5 50 54 38 33 3 23 49 43 10 35 41 11 4 7 53 21 24 29 26 27 48 25 13 22 20 36 51 8 31 47 32 16 40 39 18 19 12 30 52 45 6 46 42 37 15 17 1 44 14 34 2 28 

 9 5 50 54 38 33	 => 189
 3 33 38 23 49 43	 => 189
 10 43 49 35 41 11	 => 189
 50 4 7 53 21 54	 => 189
 38 54 21 24 29 23	 => 189
 49 23 29 26 27 35	 => 189
 41 35 27 48 25 13	 => 189
 7 22 20 36 51 53	 => 189
 21 53 51 8 31 24	 => 188
 29 24 31 47 32 26	 => 189
 27 26 32 16 40 48	 => 189
 25 48 40 39 18 19	 => 189
 51 36 12 30 52 8	 => 189
 31 8 52 45 6 47	 => 189
 32 47 6 46 42 16	 => 189
 40 16 42 37 15 39	 => 189
 52 30 17 1 44 45	 => 189
 6 45 44 14 34 46	 => 189
 42 46 34 2 28 37	 => 189


===================[TEST 8]===================

##### START ##### Thu May 22 16:58:01 2003



##### CONVERGE ##### Thu May 22 16:59:26 2003

Elapsed time: 85 seconds
Total loop: 149 generations

Result : 188.306

26 18 30 44 29 43 4 31 38 45 9 51 25 21 8 39 46 23 35 28 22 20 53 24 17 10 2 52 41 5 40 33 32 13 50 34 15 14 11 27 54 42 16 47 49 37 7 12 19 36 1 48 6 3 

 26 18 30 44 29 43	 => 190
 4 43 29 31 38 45	 => 190
 9 45 38 51 25 21	 => 189
 30 8 39 46 23 44	 => 190
 29 44 23 35 28 31	 => 190
 38 31 28 22 20 51	 => 190
 25 51 20 53 24 17	 => 190
 39 10 2 52 41 46	 => 190
 23 46 41 5 40 35	 => 190
 28 35 40 33 32 22	 => 190
 20 22 32 13 50 53	 => 190
 24 53 50 34 15 14	 => 190
 41 52 11 27 54 5	 => 190
 40 5 54 42 16 33	 => 190
 32 33 16 47 49 13	 => 190
 50 13 49 37 7 34	 => 190
 54 27 12 19 36 42	 => 190
 16 42 36 1 48 47	 => 190
 49 47 48 6 3 37	 => 190


===================[TEST 9]===================

##### START ##### Thu May 22 16:59:26 2003



##### CONVERGE ##### Thu May 22 17:00:39 2003

Elapsed time: 73 seconds
Total loop: 127 generations

Result : 187.64

19 4 48 36 53 30 2 10 50 45 24 46 22 3 8 34 51 13 47 31 28 25 44 37 16 6 14 33 52 9 18 39 27 17 49 29 20 11 7 35 54 43 26 40 41 32 21 15 5 38 1 42 23 12 

 19 4 48 36 53 30	 => 190
 2 30 53 10 50 45	 => 190
 24 45 50 46 22 3	 => 190
 48 8 34 51 13 36	 => 190
 53 36 13 47 31 10	 => 190
 50 10 31 28 25 46	 => 190
 22 46 25 44 37 16	 => 190
 34 6 14 33 52 51	 => 190
 13 51 52 9 18 47	 => 190
 31 47 18 39 27 28	 => 190
 25 28 27 17 49 44	 => 190
 37 44 49 29 20 11	 => 190
 52 33 7 35 54 9	 => 190
 18 9 54 43 26 39	 => 189
 27 39 26 40 41 17	 => 190
 49 17 41 32 21 29	 => 189
 54 35 15 5 38 43	 => 190
 26 43 38 1 42 40	 => 190
 41 40 42 23 12 32	 => 190


===================[TEST 10]===================

##### START ##### Thu May 22 17:00:39 2003



##### CONVERGE ##### Thu May 22 17:02:21 2003

Elapsed time: 102 seconds
Total loop: 180 generations

Result : 187.412

3 21 44 47 46 28 2 35 25 53 15 54 31 11 5 29 48 16 19 26 40 9 43 36 17 8 14 38 52 22 32 23 49 7 41 27 30 12 1 34 42 50 20 39 51 45 18 6 24 33 10 37 13 4 

 3 21 44 47 46 28	 => 189
 2 28 46 35 25 53	 => 189
 15 53 25 54 31 11	 => 189
 44 5 29 48 16 47	 => 189
 46 47 16 19 26 35	 => 189
 25 35 26 40 9 54	 => 189
 31 54 9 43 36 17	 => 190
 29 8 14 38 52 48	 => 189
 16 48 52 22 32 19	 => 189
 26 19 32 23 49 40	 => 189
 9 40 49 7 41 43	 => 189
 36 43 41 27 30 12	 => 189
 52 38 1 34 42 22	 => 189
 32 22 42 50 20 23	 => 189
 49 23 20 39 51 7	 => 189
 41 7 51 45 18 27	 => 189
 42 34 6 24 33 50	 => 189
 20 50 33 10 37 39	 => 189
 51 39 37 13 4 45	 => 189


===================[TEST 11]===================

##### START ##### Thu May 22 17:02:21 2003



##### CONVERGE ##### Thu May 22 17:03:49 2003

Elapsed time: 88 seconds
Total loop: 153 generations

Result : 187.501

22 15 51 29 46 27 5 21 52 40 6 50 34 9 12 26 49 24 43 28 23 17 54 33 3 13 14 53 36 8 31 35 30 20 47 45 1 11 4 41 48 44 25 42 39 38 2 19 7 32 10 37 16 18 

 22 15 51 29 46 27	 => 190
 5 27 46 21 52 40	 => 191
 6 40 52 50 34 9	 => 191
 51 12 26 49 24 29	 => 191
 46 29 24 43 28 21	 => 191
 52 21 28 23 17 50	 => 191
 34 50 17 54 33 3	 => 191
 26 13 14 53 36 49	 => 191
 24 49 36 8 31 43	 => 191
 28 43 31 35 30 23	 => 190
 17 23 30 20 47 54	 => 191
 33 54 47 45 1 11	 => 191
 36 53 4 41 48 8	 => 190
 31 8 48 44 25 35	 => 191
 30 35 25 42 39 20	 => 191
 47 20 39 38 2 45	 => 191
 48 41 19 7 32 44	 => 191
 25 44 32 10 37 42	 => 190
 39 42 37 16 18 38	 => 190


===================[TEST 12]===================

##### START ##### Thu May 22 17:03:49 2003



##### CONVERGE ##### Thu May 22 17:04:59 2003

Elapsed time: 70 seconds
Total loop: 124 generations

Result : 187.794

20 6 30 51 53 31 9 15 54 28 17 41 32 19 4 38 47 21 25 26 36 18 35 48 16 11 8 45 42 22 34 29 40 23 39 43 2 24 3 33 46 50 10 37 52 27 7 13 5 44 1 49 14 12 

 20 6 30 51 53 31	 => 191
 9 31 53 15 54 28	 => 190
 17 28 54 41 32 19	 => 191
 30 4 38 47 21 51	 => 191
 53 51 21 25 26 15	 => 191
 54 15 26 36 18 41	 => 190
 32 41 18 35 48 16	 => 190
 38 11 8 45 42 47	 => 191
 21 47 42 22 34 25	 => 191
 26 25 34 29 40 36	 => 190
 18 36 40 23 39 35	 => 191
 48 35 39 43 2 24	 => 191
 42 45 3 33 46 22	 => 191
 34 22 46 50 10 29	 => 191
 40 29 10 37 52 23	 => 191
 39 23 52 27 7 43	 => 191
 46 33 13 5 44 50	 => 191
 10 50 44 1 49 37	 => 191
 52 37 49 14 12 27	 => 191


===================[TEST 13]===================

##### START ##### Thu May 22 17:04:59 2003



##### CONVERGE ##### Thu May 22 17:05:43 2003

Elapsed time: 44 seconds
Total loop: 77 generations

Result : 186.64

12 5 37 53 31 51 10 26 46 25 8 49 41 20 1 35 47 16 36 27 28 13 50 34 2 3 9 43 52 7 30 44 24 32 42 23 21 19 17 15 54 48 6 45 38 40 14 4 29 39 18 33 11 22 

 12 5 37 53 31 51	 => 189
 10 51 31 26 46 25	 => 189
 8 25 46 49 41 20	 => 189
 37 1 35 47 16 53	 => 189
 31 53 16 36 27 26	 => 189
 46 26 27 28 13 49	 => 189
 41 49 13 50 34 2	 => 189
 35 3 9 43 52 47	 => 189
 16 47 52 7 30 36	 => 188
 27 36 30 44 24 28	 => 189
 13 28 24 32 42 50	 => 189
 34 50 42 23 21 19	 => 189
 52 43 17 15 54 7	 => 188
 30 7 54 48 6 44	 => 189
 24 44 6 45 38 32	 => 189
 42 32 38 40 14 23	 => 189
 54 15 4 29 39 48	 => 189
 6 48 39 18 33 45	 => 189
 38 45 33 11 22 40	 => 189


===================[TEST 14]===================

##### START ##### Thu May 22 17:05:43 2003



##### CONVERGE ##### Thu May 22 17:07:08 2003

Elapsed time: 85 seconds
Total loop: 147 generations

Result : 188.412

5 29 31 49 36 40 4 15 45 50 6 53 23 13 9 30 54 17 46 28 37 12 48 44 10 18 19 42 27 25 21 32 26 20 47 35 14 2 11 34 51 39 22 38 52 33 3 24 1 41 7 43 8 16 

 5 29 31 49 36 40	 => 190
 4 40 36 15 45 50	 => 190
 6 50 45 53 23 13	 => 190
 31 9 30 54 17 49	 => 190
 36 49 17 46 28 15	 => 191
 45 15 28 37 12 53	 => 190
 23 53 12 48 44 10	 => 190
 30 18 19 42 27 54	 => 190
 17 54 27 25 21 46	 => 190
 28 46 21 32 26 37	 => 190
 12 37 26 20 47 48	 => 190
 44 48 47 35 14 2	 => 190
 27 42 11 34 51 25	 => 190
 21 25 51 39 22 32	 => 190
 26 32 22 38 52 20	 => 190
 47 20 52 33 3 35	 => 190
 51 34 24 1 41 39	 => 190
 22 39 41 7 43 38	 => 190
 52 38 43 8 16 33	 => 190


===================[TEST 15]===================

##### START ##### Thu May 22 17:07:08 2003



##### CONVERGE ##### Thu May 22 17:08:26 2003

Elapsed time: 78 seconds
Total loop: 138 generations

Result : 188.412

19 17 45 38 42 29 10 33 26 50 16 48 37 13 2 34 51 20 28 30 35 18 32 44 11 1 5 46 53 7 31 39 27 24 54 25 21 14 9 23 52 49 12 47 41 43 3 22 8 36 6 40 4 15 

 19 17 45 38 42 29	 => 190
 10 29 42 33 26 50	 => 190
 16 50 26 48 37 13	 => 190
 45 2 34 51 20 38	 => 190
 42 38 20 28 30 33	 => 191
 26 33 30 35 18 48	 => 190
 37 48 18 32 44 11	 => 190
 34 1 5 46 53 51	 => 190
 20 51 53 7 31 28	 => 190
 30 28 31 39 27 35	 => 190
 18 35 27 24 54 32	 => 190
 44 32 54 25 21 14	 => 190
 53 46 9 23 52 7	 => 190
 31 7 52 49 12 39	 => 190
 27 39 12 47 41 24	 => 190
 54 24 41 43 3 25	 => 190
 52 23 22 8 36 49	 => 190
 12 49 36 6 40 47	 => 190
 41 47 40 4 15 43	 => 190


===================[TEST 16]===================

##### START ##### Thu May 22 17:08:26 2003



##### CONVERGE ##### Thu May 22 17:09:48 2003

Elapsed time: 82 seconds
Total loop: 144 generations

Result : 188.412

14 18 36 43 51 28 9 24 31 47 20 50 34 8 2 41 49 19 27 26 37 22 38 42 4 6 25 15 54 7 35 33 32 13 48 46 5 11 21 40 53 39 23 45 44 29 10 16 12 30 1 52 3 17 

 14 18 36 43 51 28	 => 190
 9 28 51 24 31 47	 => 190
 20 47 31 50 34 8	 => 190
 36 2 41 49 19 43	 => 190
 51 43 19 27 26 24	 => 190
 31 24 26 37 22 50	 => 190
 34 50 22 38 42 4	 => 190
 41 6 25 15 54 49	 => 190
 19 49 54 7 35 27	 => 191
 26 27 35 33 32 37	 => 190
 22 37 32 13 48 38	 => 190
 42 38 48 46 5 11	 => 190
 54 15 21 40 53 7	 => 190
 35 7 53 39 23 33	 => 190
 32 33 23 45 44 13	 => 190
 48 13 44 29 10 46	 => 190
 53 40 16 12 30 39	 => 190
 23 39 30 1 52 45	 => 190
 44 45 52 3 17 29	 => 190


===================[TEST 17]===================

##### START ##### Thu May 22 17:09:48 2003



##### CONVERGE ##### Thu May 22 17:11:15 2003

Elapsed time: 87 seconds
Total loop: 152 generations

Result : 187.85

17 1 32 49 41 50 6 26 25 42 7 54 35 28 3 43 40 23 22 29 44 12 45 36 8 16 5 33 53 18 34 37 24 19 46 47 2 14 9 39 38 52 11 51 48 27 4 20 10 31 15 30 13 21 

 17 1 32 49 41 50	 => 190
 6 50 41 26 25 42	 => 190
 7 42 25 54 35 28	 => 191
 32 3 43 40 23 49	 => 190
 41 49 23 22 29 26	 => 190
 25 26 29 44 12 54	 => 190
 35 54 12 45 36 8	 => 190
 43 16 5 33 53 40	 => 190
 23 40 53 18 34 22	 => 190
 29 22 34 37 24 44	 => 190
 12 44 24 19 46 45	 => 190
 36 45 46 47 2 14	 => 190
 53 33 9 39 38 18	 => 190
 34 18 38 52 11 37	 => 190
 24 37 11 51 48 19	 => 190
 46 19 48 27 4 47	 => 191
 38 39 20 10 31 52	 => 190
 11 52 31 15 30 51	 => 190
 48 51 30 13 21 27	 => 190


===================[TEST 18]===================

##### START ##### Thu May 22 17:11:15 2003



##### CONVERGE ##### Thu May 22 17:12:51 2003

Elapsed time: 96 seconds
Total loop: 168 generations

Result : 188.412

24 6 37 42 46 36 3 32 45 28 8 40 52 17 4 41 54 12 25 33 27 13 53 23 9 1 2 43 49 19 31 30 44 14 39 35 22 18 15 26 38 51 21 34 47 50 5 11 16 48 7 29 20 10 

 24 6 37 42 46 36	 => 191
 3 36 46 32 45 28	 => 190
 8 28 45 40 52 17	 => 190
 37 4 41 54 12 42	 => 190
 46 42 12 25 33 32	 => 190
 45 32 33 27 13 40	 => 190
 52 40 13 53 23 9	 => 190
 41 1 2 43 49 54	 => 190
 12 54 49 19 31 25	 => 190
 33 25 31 30 44 27	 => 190
 13 27 44 14 39 53	 => 190
 23 53 39 35 22 18	 => 190
 49 43 15 26 38 19	 => 190
 31 19 38 51 21 30	 => 190
 44 30 21 34 47 14	 => 190
 39 14 47 50 5 35	 => 190
 38 26 11 16 48 51	 => 190
 21 51 48 7 29 34	 => 190
 47 34 29 20 10 50	 => 190


===================[TEST 19]===================

##### START ##### Thu May 22 17:12:51 2003



##### CONVERGE ##### Thu May 22 17:14:10 2003

Elapsed time: 79 seconds
Total loop: 138 generations

Result : 187.85

14 3 35 51 53 34 17 20 40 26 21 52 45 6 1 44 49 10 25 31 38 9 50 32 2 22 4 28 43 27 36 23 37 16 41 47 12 8 7 46 39 48 18 54 42 29 15 19 5 33 13 24 11 30 

 14 3 35 51 53 34	 => 190
 17 34 53 20 40 26	 => 190
 21 26 40 52 45 6	 => 190
 35 1 44 49 10 51	 => 190
 53 51 10 25 31 20	 => 190
 40 20 31 38 9 52	 => 190
 45 52 9 50 32 2	 => 190
 44 22 4 28 43 49	 => 190
 10 49 43 27 36 25	 => 190
 31 25 36 23 37 38	 => 190
 9 38 37 16 41 50	 => 191
 32 50 41 47 12 8	 => 190
 43 28 7 46 39 27	 => 190
 36 27 39 48 18 23	 => 191
 37 23 18 54 42 16	 => 190
 41 16 42 29 15 47	 => 190
 39 46 19 5 33 48	 => 190
 18 48 33 13 24 54	 => 190
 42 54 24 11 30 29	 => 190


===================[TEST 20]===================

##### START ##### Thu May 22 17:14:10 2003



##### CONVERGE ##### Thu May 22 17:15:24 2003

Elapsed time: 74 seconds
Total loop: 129 generations

Result : 187.64

28 12 22 52 32 44 15 5 54 40 3 50 35 8 7 41 43 25 42 34 23 24 48 27 6 18 9 46 33 26 21 39 30 20 45 47 10 13 1 31 53 37 14 49 38 29 11 17 16 36 2 51 19 4 

 28 12 22 52 32 44	 => 190
 15 44 32 5 54 40	 => 190
 3 40 54 50 35 8	 => 190
 22 7 41 43 25 52	 => 190
 32 52 25 42 34 5	 => 190
 54 5 34 23 24 50	 => 190
 35 50 24 48 27 6	 => 190
 41 18 9 46 33 43	 => 190
 25 43 33 26 21 42	 => 190
 34 42 21 39 30 23	 => 189
 24 23 30 20 45 48	 => 190
 27 48 45 47 10 13	 => 190
 33 46 1 31 53 26	 => 190
 21 26 53 37 14 39	 => 190
 30 39 14 49 38 20	 => 190
 45 20 38 29 11 47	 => 190
 53 31 17 16 36 37	 => 190
 14 37 36 2 51 49	 => 189
 38 49 51 19 4 29	 => 190


===================[TEST 21]===================

##### START ##### Thu May 22 17:15:24 2003



##### CONVERGE ##### Thu May 22 17:17:08 2003

Elapsed time: 104 seconds
Total loop: 184 generations

Result : 187.478

14 11 40 43 51 31 5 21 48 35 13 49 36 9 10 30 52 15 27 33 37 2 46 50 7 8 17 38 45 26 25 29 39 20 47 24 19 4 6 22 53 41 16 32 54 42 3 28 12 34 23 44 1 18 

 14 11 40 43 51 31	 => 190
 5 31 51 21 48 35	 => 191
 13 35 48 49 36 9	 => 190
 40 10 30 52 15 43	 => 190
 51 43 15 27 33 21	 => 190
 48 21 33 37 2 49	 => 190
 36 49 2 46 50 7	 => 190
 30 8 17 38 45 52	 => 190
 15 52 45 26 25 27	 => 190
 33 27 25 29 39 37	 => 190
 2 37 39 20 47 46	 => 191
 50 46 47 24 19 4	 => 190
 45 38 6 22 53 26	 => 190
 25 26 53 41 16 29	 => 190
 39 29 16 32 54 20	 => 190
 47 20 54 42 3 24	 => 190
 53 22 28 12 34 41	 => 190
 16 41 34 23 44 32	 => 190
 54 32 44 1 18 42	 => 191


===================[TEST 22]===================

##### START ##### Thu May 22 17:17:08 2003



##### CONVERGE ##### Thu May 22 17:18:26 2003

Elapsed time: 78 seconds
Total loop: 135 generations

Result : 187.794

2 13 51 48 46 30 6 14 53 42 12 54 29 1 7 34 40 11 45 27 24 19 52 28 9 21 16 33 47 22 26 31 37 10 49 36 23 3 5 41 43 44 25 50 38 39 18 20 8 35 4 32 15 17 

 2 13 51 48 46 30	 => 190
 6 30 46 14 53 42	 => 191
 12 42 53 54 29 1	 => 191
 51 7 34 40 11 48	 => 191
 46 48 11 45 27 14	 => 191
 53 14 27 24 19 54	 => 191
 29 54 19 52 28 9	 => 191
 34 21 16 33 47 40	 => 191
 11 40 47 22 26 45	 => 191
 27 45 26 31 37 24	 => 190
 19 24 37 10 49 52	 => 191
 28 52 49 36 23 3	 => 191
 47 33 5 41 43 22	 => 191
 26 22 43 44 25 31	 => 191
 37 31 25 50 38 10	 => 191
 49 10 38 39 18 36	 => 190
 43 41 20 8 35 44	 => 191
 25 44 35 4 32 50	 => 190
 38 50 32 15 17 39	 => 191


===================[TEST 23]===================

##### START ##### Thu May 22 17:18:26 2003



##### CONVERGE ##### Thu May 22 17:19:48 2003

Elapsed time: 82 seconds
Total loop: 144 generations

Result : 187.64

5 8 49 43 39 46 2 29 36 38 12 54 32 18 3 34 47 14 40 25 27 19 50 26 9 21 7 33 48 17 24 53 20 23 51 42 6 15 16 45 31 52 13 44 37 35 1 4 28 30 10 41 11 22 

 5 8 49 43 39 46	 => 190
 2 46 39 29 36 38	 => 190
 12 38 36 54 32 18	 => 190
 49 3 34 47 14 43	 => 190
 39 43 14 40 25 29	 => 190
 36 29 25 27 19 54	 => 190
 32 54 19 50 26 9	 => 190
 34 21 7 33 48 47	 => 190
 14 47 48 17 24 40	 => 190
 25 40 24 53 20 27	 => 189
 19 27 20 23 51 50	 => 190
 26 50 51 42 6 15	 => 190
 48 33 16 45 31 17	 => 190
 24 17 31 52 13 53	 => 190
 20 53 13 44 37 23	 => 190
 51 23 37 35 1 42	 => 189
 31 45 4 28 30 52	 => 190
 13 52 30 10 41 44	 => 190
 37 44 41 11 22 35	 => 190


===================[TEST 24]===================

##### START ##### Thu May 22 17:19:48 2003



##### CONVERGE ##### Thu May 22 17:20:51 2003

Elapsed time: 63 seconds
Total loop: 110 generations

Result : 187.85

15 21 32 53 34 36 13 24 46 37 11 48 38 10 1 28 54 22 30 27 39 6 41 49 8 7 3 47 51 14 19 40 35 26 43 44 4 9 5 23 50 52 16 42 31 29 17 20 12 33 2 45 18 25 

 15 21 32 53 34 36	 => 191
 13 36 34 24 46 37	 => 190
 11 37 46 48 38 10	 => 190
 32 1 28 54 22 53	 => 190
 34 53 22 30 27 24	 => 190
 46 24 27 39 6 48	 => 190
 38 48 6 41 49 8	 => 190
 28 7 3 47 51 54	 => 190
 22 54 51 14 19 30	 => 190
 27 30 19 40 35 39	 => 190
 6 39 35 26 43 41	 => 190
 49 41 43 44 4 9	 => 190
 51 47 5 23 50 14	 => 190
 19 14 50 52 16 40	 => 191
 35 40 16 42 31 26	 => 190
 43 26 31 29 17 44	 => 190
 50 23 20 12 33 52	 => 190
 16 52 33 2 45 42	 => 190
 31 42 45 18 25 29	 => 190


===================[TEST 25]===================

##### START ##### Thu May 22 17:20:51 2003



##### CONVERGE ##### Thu May 22 17:22:04 2003

Elapsed time: 73 seconds
Total loop: 129 generations

Result : 188.412

26 3 35 54 44 28 12 13 47 46 1 53 37 6 4 32 50 15 33 31 29 17 51 24 8 11 10 43 45 7 40 39 18 23 52 42 2 19 9 38 48 36 20 49 41 27 5 22 16 30 21 34 14 25 

 26 3 35 54 44 28	 => 190
 12 28 44 13 47 46	 => 190
 1 46 47 53 37 6	 => 190
 35 4 32 50 15 54	 => 190
 44 54 15 33 31 13	 => 190
 47 13 31 29 17 53	 => 190
 37 53 17 51 24 8	 => 190
 32 11 10 43 45 50	 => 191
 15 50 45 7 40 33	 => 190
 31 33 40 39 18 29	 => 190
 17 29 18 23 52 51	 => 190
 24 51 52 42 2 19	 => 190
 45 43 9 38 48 7	 => 190
 40 7 48 36 20 39	 => 190
 18 39 20 49 41 23	 => 190
 52 23 41 27 5 42	 => 190
 48 38 22 16 30 36	 => 190
 20 36 30 21 34 49	 => 190
 41 49 34 14 25 27	 => 190


===================[TEST 26]===================

##### START ##### Thu May 22 17:22:04 2003



##### CONVERGE ##### Thu May 22 17:23:19 2003

Elapsed time: 75 seconds
Total loop: 131 generations

Result : 186.85

5 13 49 46 35 41 3 31 43 37 18 34 53 4 2 47 38 7 48 22 39 20 52 29 1 10 8 32 54 19 23 36 21 24 33 42 27 6 15 25 44 50 17 40 51 28 12 9 16 45 11 26 14 30 

 5 13 49 46 35 41	 => 189
 3 41 35 31 43 37	 => 190
 18 37 43 34 53 4	 => 189
 49 2 47 38 7 46	 => 189
 35 46 7 48 22 31	 => 189
 43 31 22 39 20 34	 => 189
 53 34 20 52 29 1	 => 189
 47 10 8 32 54 38	 => 189
 7 38 54 19 23 48	 => 189
 22 48 23 36 21 39	 => 189
 20 39 21 24 33 52	 => 189
 29 52 33 42 27 6	 => 189
 54 32 15 25 44 19	 => 189
 23 19 44 50 17 36	 => 189
 21 36 17 40 51 24	 => 189
 33 24 51 28 12 42	 => 190
 44 25 9 16 45 50	 => 189
 17 50 45 11 26 40	 => 189
 51 40 26 14 30 28	 => 189


===================[TEST 27]===================

##### START ##### Thu May 22 17:23:19 2003



##### CONVERGE ##### Thu May 22 17:24:34 2003

Elapsed time: 75 seconds
Total loop: 132 generations

Result : 187.616

6 9 30 51 53 41 7 16 38 35 23 52 31 11 5 32 45 27 24 19 50 15 49 34 8 1 21 43 48 2 44 28 25 18 33 37 17 20 4 39 54 36 26 46 47 42 13 22 10 29 14 40 12 3 

 6 9 30 51 53 41	 => 190
 7 41 53 16 38 35	 => 190
 23 35 38 52 31 11	 => 190
 30 5 32 45 27 51	 => 190
 53 51 27 24 19 16	 => 190
 38 16 19 50 15 52	 => 190
 31 52 15 49 34 8	 => 189
 32 1 21 43 48 45	 => 190
 27 45 48 2 44 24	 => 190
 19 24 44 28 25 50	 => 190
 15 50 25 18 33 49	 => 190
 34 49 33 37 17 20	 => 190
 48 43 4 39 54 2	 => 190
 44 2 54 36 26 28	 => 190
 25 28 26 46 47 18	 => 190
 33 18 47 42 13 37	 => 190
 54 39 22 10 29 36	 => 190
 26 36 29 14 40 46	 => 191
 47 46 40 12 3 42	 => 190


===================[TEST 28]===================

##### START ##### Thu May 22 17:24:34 2003



##### CONVERGE ##### Thu May 22 17:26:25 2003

Elapsed time: 111 seconds
Total loop: 195 generations

Result : 188.412

11 10 54 46 41 28 6 29 53 33 5 39 43 17 1 32 44 13 31 30 21 18 52 36 2 15 4 45 50 3 49 24 35 16 48 37 8 9 7 34 51 38 26 47 42 27 20 19 23 25 14 40 12 22 

 11 10 54 46 41 28	 => 190
 6 28 41 29 53 33	 => 190
 5 33 53 39 43 17	 => 190
 54 1 32 44 13 46	 => 190
 41 46 13 31 30 29	 => 190
 53 29 30 21 18 39	 => 190
 43 39 18 52 36 2	 => 190
 32 15 4 45 50 44	 => 190
 13 44 50 3 49 31	 => 190
 30 31 49 24 35 21	 => 190
 18 21 35 16 48 52	 => 190
 36 52 48 37 8 9	 => 190
 50 45 7 34 51 3	 => 190
 49 3 51 38 26 24	 => 191
 35 24 26 47 42 16	 => 190
 48 16 42 27 20 37	 => 190
 51 34 19 23 25 38	 => 190
 26 38 25 14 40 47	 => 190
 42 47 40 12 22 27	 => 190


===================[TEST 29]===================

##### START ##### Thu May 22 17:26:25 2003



##### CONVERGE ##### Thu May 22 17:27:48 2003

Elapsed time: 83 seconds
Total loop: 145 generations

Result : 188.412

13 20 26 50 51 30 7 10 54 38 11 40 29 18 14 34 52 15 31 33 36 17 53 32 19 12 4 41 47 6 39 35 16 22 46 37 1 21 5 48 43 44 23 45 49 27 9 24 3 28 8 42 25 2 

 13 20 26 50 51 30	 => 190
 7 30 51 10 54 38	 => 190
 11 38 54 40 29 18	 => 190
 26 14 34 52 15 50	 => 191
 51 50 15 31 33 10	 => 190
 54 10 33 36 17 40	 => 190
 29 40 17 53 32 19	 => 190
 34 12 4 41 47 52	 => 190
 15 52 47 6 39 31	 => 190
 33 31 39 35 16 36	 => 190
 17 36 16 22 46 53	 => 190
 32 53 46 37 1 21	 => 190
 47 41 5 48 43 6	 => 190
 39 6 43 44 23 35	 => 190
 16 35 23 45 49 22	 => 190
 46 22 49 27 9 37	 => 190
 43 48 24 3 28 44	 => 190
 23 44 28 8 42 45	 => 190
 49 45 42 25 2 27	 => 190


===================[TEST 30]===================

##### START ##### Thu May 22 17:27:48 2003



##### CONVERGE ##### Thu May 22 17:28:38 2003

Elapsed time: 50 seconds
Total loop: 87 generations

Result : 186.478

3 18 36 51 33 48 11 15 50 32 2 47 38 20 5 34 41 22 28 40 25 12 53 30 9 6 26 37 46 10 43 14 39 16 44 35 23 4 13 31 52 49 21 54 45 42 7 1 27 29 19 17 8 24 

 3 18 36 51 33 48	 => 189
 11 48 33 15 50 32	 => 189
 2 32 50 47 38 20	 => 189
 36 5 34 41 22 51	 => 189
 33 51 22 28 40 15	 => 189
 50 15 40 25 12 47	 => 189
 38 47 12 53 30 9	 => 189
 34 6 26 37 46 41	 => 190
 22 41 46 10 43 28	 => 190
 40 28 43 14 39 25	 => 189
 12 25 39 16 44 53	 => 189
 30 53 44 35 23 4	 => 189
 46 37 13 31 52 10	 => 189
 43 10 52 49 21 14	 => 189
 39 14 21 54 45 16	 => 189
 44 16 45 42 7 35	 => 189
 52 31 1 27 29 49	 => 189
 21 49 29 19 17 54	 => 189
 45 54 17 8 24 42	 => 190


===================[TEST 31]===================

##### START ##### Thu May 22 17:28:38 2003



##### CONVERGE ##### Thu May 22 17:29:33 2003

Elapsed time: 55 seconds
Total loop: 98 generations

Result (Solution) : 189

5 4 27 54 52 47 3 10 51 26 22 42 34 14 2 40 49 17 37 19 46 21 38 41 13 24 11 30 35 18 33 25 29 23 32 43 28 7 20 36 50 48 15 53 44 39 8 1 9 45 12 16 31 6 

 5 4 27 54 52 47	 => 189
 3 47 52 10 51 26	 => 189
 22 26 51 42 34 14	 => 189
 27 2 40 49 17 54	 => 189
 52 54 17 37 19 10	 => 189
 51 10 19 46 21 42	 => 189
 34 42 21 38 41 13	 => 189
 40 24 11 30 35 49	 => 189
 17 49 35 18 33 37	 => 189
 19 37 33 25 29 46	 => 189
 21 46 29 23 32 38	 => 189
 41 38 32 43 28 7	 => 189
 35 30 20 36 50 18	 => 189
 33 18 50 48 15 25	 => 189
 29 25 15 53 44 23	 => 189
 32 23 44 39 8 43	 => 189
 50 36 1 9 45 48	 => 189
 15 48 45 12 16 53	 => 189
 44 53 16 31 6 39	 => 189


===================[TEST 32]===================

##### START ##### Thu May 22 17:29:33 2003



##### CONVERGE ##### Thu May 22 17:31:14 2003

Elapsed time: 101 seconds
Total loop: 177 generations

Result : 187.85

8 14 40 48 53 27 7 22 51 30 18 50 31 10 2 32 52 16 33 19 26 23 36 38 12 1 9 47 49 6 34 41 37 24 44 54 13 5 15 28 45 43 21 42 25 39 4 17 11 46 3 35 29 20 

 8 14 40 48 53 27	 => 190
 7 27 53 22 51 30	 => 190
 18 30 51 50 31 10	 => 190
 40 2 32 52 16 48	 => 190
 53 48 16 33 19 22	 => 191
 51 22 19 26 23 50	 => 191
 31 50 23 36 38 12	 => 190
 32 1 9 47 49 52	 => 190
 16 52 49 6 34 33	 => 190
 19 33 34 41 37 26	 => 190
 23 26 37 24 44 36	 => 190
 38 36 44 54 13 5	 => 190
 49 47 15 28 45 6	 => 190
 34 6 45 43 21 41	 => 190
 37 41 21 42 25 24	 => 190
 44 24 25 39 4 54	 => 190
 45 28 17 11 46 43	 => 190
 21 43 46 3 35 42	 => 190
 25 42 35 29 20 39	 => 190


===================[TEST 33]===================

##### START ##### Thu May 22 17:31:14 2003



##### CONVERGE ##### Thu May 22 17:32:46 2003

Elapsed time: 92 seconds
Total loop: 161 generations

Result : 187.64

13 17 30 51 34 45 5 25 52 28 22 44 38 6 15 48 35 11 32 37 18 14 54 33 7 23 2 29 53 16 43 21 39 19 46 27 4 26 1 41 50 36 24 47 40 49 8 20 12 31 10 42 9 3 

 13 17 30 51 34 45	 => 190
 5 45 34 25 52 28	 => 189
 22 28 52 44 38 6	 => 190
 30 15 48 35 11 51	 => 190
 34 51 11 32 37 25	 => 190
 52 25 37 18 14 44	 => 190
 38 44 14 54 33 7	 => 190
 48 23 2 29 53 35	 => 190
 11 35 53 16 43 32	 => 190
 37 32 43 21 39 18	 => 190
 14 18 39 19 46 54	 => 190
 33 54 46 27 4 26	 => 190
 53 29 1 41 50 16	 => 190
 43 16 50 36 24 21	 => 190
 39 21 24 47 40 19	 => 190
 46 19 40 49 8 27	 => 189
 50 41 20 12 31 36	 => 190
 24 36 31 10 42 47	 => 190
 40 47 42 9 3 49	 => 190


===================[TEST 34]===================

##### START ##### Thu May 22 17:32:46 2003



##### CONVERGE ##### Thu May 22 17:34:28 2003

Elapsed time: 102 seconds
Total loop: 179 generations

Result : 187.794

15 16 38 43 54 25 1 13 50 48 4 52 26 11 3 31 51 24 30 27 32 17 45 37 14 21 8 33 47 10 29 34 39 18 40 36 12 20 2 46 53 42 23 28 49 41 7 9 5 35 19 44 22 6 

 15 16 38 43 54 25	 => 191
 1 25 54 13 50 48	 => 191
 4 48 50 52 26 11	 => 191
 38 3 31 51 24 43	 => 190
 54 43 24 30 27 13	 => 191
 50 13 27 32 17 52	 => 191
 26 52 17 45 37 14	 => 191
 31 21 8 33 47 51	 => 191
 24 51 47 10 29 30	 => 191
 27 30 29 34 39 32	 => 191
 17 32 39 18 40 45	 => 191
 37 45 40 36 12 20	 => 190
 47 33 2 46 53 10	 => 191
 29 10 53 42 23 34	 => 191
 39 34 23 28 49 18	 => 191
 40 18 49 41 7 36	 => 191
 53 46 9 5 35 42	 => 190
 23 42 35 19 44 28	 => 191
 49 28 44 22 6 41	 => 190


===================[TEST 35]===================

##### START ##### Thu May 22 17:34:28 2003



##### CONVERGE ##### Thu May 22 17:35:34 2003

Elapsed time: 66 seconds
Total loop: 115 generations

Result : 187.163

11 10 48 51 45 25 5 20 46 49 12 44 37 2 1 30 53 7 35 32 31 17 50 34 8 15 9 43 39 16 40 28 24 26 42 54 6 4 3 47 41 38 27 52 33 22 13 21 19 23 14 36 29 18 

 11 10 48 51 45 25	 => 190
 5 25 45 20 46 49	 => 190
 12 49 46 44 37 2	 => 190
 48 1 30 53 7 51	 => 190
 45 51 7 35 32 20	 => 190
 46 20 32 31 17 44	 => 190
 37 44 17 50 34 8	 => 190
 30 15 9 43 39 53	 => 189
 7 53 39 16 40 35	 => 190
 32 35 40 28 24 31	 => 190
 17 31 24 26 42 50	 => 190
 34 50 42 54 6 4	 => 190
 39 43 3 47 41 16	 => 189
 40 16 41 38 27 28	 => 190
 24 28 27 52 33 26	 => 190
 42 26 33 22 13 54	 => 190
 41 47 21 19 23 38	 => 189
 27 38 23 14 36 52	 => 190
 33 52 36 29 18 22	 => 190


===================[TEST 36]===================

##### START ##### Thu May 22 17:35:34 2003



##### CONVERGE ##### Thu May 22 17:36:50 2003

Elapsed time: 76 seconds
Total loop: 133 generations

Result : 188.412

20 2 34 48 45 41 7 12 47 38 28 53 23 1 5 39 51 13 30 43 21 14 50 44 6 8 10 36 46 18 32 35 29 24 52 31 9 4 3 33 54 40 11 49 42 25 16 17 19 27 26 37 22 15 

 20 2 34 48 45 41	 => 190
 7 41 45 12 47 38	 => 190
 28 38 47 53 23 1	 => 190
 34 5 39 51 13 48	 => 190
 45 48 13 30 43 12	 => 191
 47 12 43 21 14 53	 => 190
 23 53 14 50 44 6	 => 190
 39 8 10 36 46 51	 => 190
 13 51 46 18 32 30	 => 190
 43 30 32 35 29 21	 => 190
 14 21 29 24 52 50	 => 190
 44 50 52 31 9 4	 => 190
 46 36 3 33 54 18	 => 190
 32 18 54 40 11 35	 => 190
 29 35 11 49 42 24	 => 190
 52 24 42 25 16 31	 => 190
 54 33 17 19 27 40	 => 190
 11 40 27 26 37 49	 => 190
 42 49 37 22 15 25	 => 190


===================[TEST 37]===================

##### START ##### Thu May 22 17:36:50 2003



##### CONVERGE ##### Thu May 22 17:38:23 2003

Elapsed time: 93 seconds
Total loop: 163 generations

Result : 188.163

15 10 47 44 37 38 7 23 50 36 16 43 35 11 5 28 45 22 31 34 27 14 42 53 4 12 17 41 48 20 25 33 40 19 49 32 13 2 1 29 51 54 8 52 39 46 6 24 3 30 21 26 9 18 

 15 10 47 44 37 38	 => 191
 7 38 37 23 50 36	 => 191
 16 36 50 43 35 11	 => 191
 47 5 28 45 22 44	 => 191
 37 44 22 31 34 23	 => 191
 50 23 34 27 14 43	 => 191
 35 43 14 42 53 4	 => 191
 28 12 17 41 48 45	 => 191
 22 45 48 20 25 31	 => 191
 34 31 25 33 40 27	 => 190
 14 27 40 19 49 42	 => 191
 53 42 49 32 13 2	 => 191
 48 41 1 29 51 20	 => 190
 25 20 51 54 8 33	 => 191
 40 33 8 52 39 19	 => 191
 49 19 39 46 6 32	 => 191
 51 29 24 3 30 54	 => 191
 8 54 30 21 26 52	 => 191
 39 52 26 9 18 46	 => 190


===================[TEST 38]===================

##### START ##### Thu May 22 17:38:23 2003



##### CONVERGE ##### Thu May 22 17:39:55 2003

Elapsed time: 92 seconds
Total loop: 161 generations

Result : 187.616

19 7 36 39 49 40 3 9 51 38 6 42 48 5 1 47 50 17 31 45 29 14 28 37 21 12 2 33 46 23 22 20 43 24 52 32 26 15 8 27 53 54 18 41 44 34 4 10 11 35 13 30 25 16 

 19 7 36 39 49 40	 => 190
 3 40 49 9 51 38	 => 190
 6 38 51 42 48 5	 => 190
 36 1 47 50 17 39	 => 190
 49 39 17 31 45 9	 => 190
 51 9 45 29 14 42	 => 190
 48 42 14 28 37 21	 => 190
 47 12 2 33 46 50	 => 190
 17 50 46 23 22 31	 => 189
 45 31 22 20 43 29	 => 190
 14 29 43 24 52 28	 => 190
 37 28 52 32 26 15	 => 190
 46 33 8 27 53 23	 => 190
 22 23 53 54 18 20	 => 190
 43 20 18 41 44 24	 => 190
 52 24 44 34 4 32	 => 190
 53 27 10 11 35 54	 => 190
 18 54 35 13 30 41	 => 191
 44 41 30 25 16 34	 => 190


===================[TEST 39]===================

##### START ##### Thu May 22 17:39:55 2003



##### CONVERGE ##### Thu May 22 17:41:15 2003

Elapsed time: 80 seconds
Total loop: 140 generations

Result : 187.478

16 12 34 46 45 37 6 9 54 40 1 47 38 10 3 24 52 31 33 26 49 5 48 39 14 18 13 51 32 17 25 30 27 20 41 36 4 22 2 35 53 44 21 42 50 28 15 7 8 43 11 29 19 23 

 16 12 34 46 45 37	 => 190
 6 37 45 9 54 40	 => 191
 1 40 54 47 38 10	 => 190
 34 3 24 52 31 46	 => 190
 45 46 31 33 26 9	 => 190
 54 9 26 49 5 47	 => 190
 38 47 5 48 39 14	 => 191
 24 18 13 51 32 52	 => 190
 31 52 32 17 25 33	 => 190
 26 33 25 30 27 49	 => 190
 5 49 27 20 41 48	 => 190
 39 48 41 36 4 22	 => 190
 32 51 2 35 53 17	 => 190
 25 17 53 44 21 30	 => 190
 27 30 21 42 50 20	 => 190
 41 20 50 28 15 36	 => 190
 53 35 7 8 43 44	 => 190
 21 44 43 11 29 42	 => 190
 50 42 29 19 23 28	 => 191


===================[TEST 40]===================

##### START ##### Thu May 22 17:41:15 2003



##### CONVERGE ##### Thu May 22 17:43:53 2003

Elapsed time: 158 seconds
Total loop: 278 generations

Result : 188.163

1 21 34 47 52 35 17 10 46 31 16 51 29 18 3 48 39 19 30 33 27 24 50 28 9 2 14 43 45 20 38 36 26 11 53 25 13 22 4 37 42 40 15 54 49 41 12 5 23 44 6 32 8 7 

 1 21 34 47 52 35	 => 190
 17 35 52 10 46 31	 => 191
 16 31 46 51 29 18	 => 191
 34 3 48 39 19 47	 => 190
 52 47 19 30 33 10	 => 191
 46 10 33 27 24 51	 => 191
 29 51 24 50 28 9	 => 191
 48 2 14 43 45 39	 => 191
 19 39 45 20 38 30	 => 191
 33 30 38 36 26 27	 => 190
 24 27 26 11 53 50	 => 191
 28 50 53 25 13 22	 => 191
 45 43 4 37 42 20	 => 191
 38 20 42 40 15 36	 => 191
 26 36 15 54 49 11	 => 191
 53 11 49 41 12 25	 => 191
 42 37 5 23 44 40	 => 191
 15 40 44 6 32 54	 => 191
 49 54 32 8 7 41	 => 191


===================[TEST 41]===================

##### START ##### Thu May 22 17:43:53 2003



##### CONVERGE ##### Thu May 22 17:45:41 2003

Elapsed time: 108 seconds
Total loop: 190 generations

Result (Solution) : 190

5 20 36 45 46 38 17 22 41 26 29 50 28 16 1 42 48 18 19 40 25 12 43 51 6 4 15 27 54 14 37 34 35 23 52 33 9 2 10 32 53 31 21 47 30 44 8 24 11 39 3 49 13 7 

 5 20 36 45 46 38	 => 190
 17 38 46 22 41 26	 => 190
 29 26 41 50 28 16	 => 190
 36 1 42 48 18 45	 => 190
 46 45 18 19 40 22	 => 190
 41 22 40 25 12 50	 => 190
 28 50 12 43 51 6	 => 190
 42 4 15 27 54 48	 => 190
 18 48 54 14 37 19	 => 190
 40 19 37 34 35 25	 => 190
 12 25 35 23 52 43	 => 190
 51 43 52 33 9 2	 => 190
 54 27 10 32 53 14	 => 190
 37 14 53 31 21 34	 => 190
 35 34 21 47 30 23	 => 190
 52 23 30 44 8 33	 => 190
 53 32 24 11 39 31	 => 190
 21 31 39 3 49 47	 => 190
 30 47 49 13 7 44	 => 190


===================[TEST 42]===================

##### START ##### Thu May 22 17:45:41 2003



##### CONVERGE ##### Thu May 22 17:46:50 2003

Elapsed time: 69 seconds
Total loop: 121 generations

Result : 188.412

3 11 42 53 30 51 2 18 45 44 20 33 26 22 8 23 52 12 40 37 29 28 48 46 9 24 19 34 38 17 31 32 21 25 39 36 7 14 1 47 54 43 13 50 49 35 6 4 15 27 16 41 5 10 

 3 11 42 53 30 51	 => 190
 2 51 30 18 45 44	 => 190
 20 44 45 33 26 22	 => 190
 42 8 23 52 12 53	 => 190
 30 53 12 40 37 18	 => 190
 45 18 37 29 28 33	 => 190
 26 33 28 48 46 9	 => 190
 23 24 19 34 38 52	 => 190
 12 52 38 17 31 40	 => 190
 37 40 31 32 21 29	 => 190
 28 29 21 25 39 48	 => 190
 46 48 39 36 7 14	 => 190
 38 34 1 47 54 17	 => 191
 31 17 54 43 13 32	 => 190
 21 32 13 50 49 25	 => 190
 39 25 49 35 6 36	 => 190
 54 47 4 15 27 43	 => 190
 13 43 27 16 41 50	 => 190
 49 50 41 5 10 35	 => 190


===================[TEST 43]===================

##### START ##### Thu May 22 17:46:50 2003



##### CONVERGE ##### Thu May 22 17:48:08 2003

Elapsed time: 78 seconds
Total loop: 136 generations

Result : 188.412

6 17 47 45 39 36 9 19 35 52 3 40 34 26 7 27 53 11 30 46 32 18 51 33 14 16 13 37 44 21 31 28 23 12 54 42 2 8 4 41 43 38 29 49 50 22 10 15 5 48 1 25 24 20 

 6 17 47 45 39 36	 => 190
 9 36 39 19 35 52	 => 190
 3 52 35 40 34 26	 => 190
 47 7 27 53 11 45	 => 190
 39 45 11 30 46 19	 => 190
 35 19 46 32 18 40	 => 190
 34 40 18 51 33 14	 => 190
 27 16 13 37 44 53	 => 190
 11 53 44 21 31 30	 => 190
 46 30 31 28 23 32	 => 190
 18 32 23 12 54 51	 => 190
 33 51 54 42 2 8	 => 190
 44 37 4 41 43 21	 => 190
 31 21 43 38 29 28	 => 190
 23 28 29 49 50 12	 => 191
 54 12 50 22 10 42	 => 190
 43 41 15 5 48 38	 => 190
 29 38 48 1 25 49	 => 190
 50 49 25 24 20 22	 => 190


===================[TEST 44]===================

##### START ##### Thu May 22 17:48:08 2003



##### CONVERGE ##### Thu May 22 17:49:39 2003

Elapsed time: 91 seconds
Total loop: 160 generations

Result : 187.478

9 10 28 45 47 52 3 13 42 33 21 53 37 4 14 36 48 20 27 38 26 18 51 29 2 19 7 34 46 24 25 39 35 11 50 43 12 5 1 31 54 32 16 40 49 22 15 23 6 44 17 41 8 30 

 9 10 28 45 47 52	 => 191
 3 52 47 13 42 33	 => 190
 21 33 42 53 37 4	 => 190
 28 14 36 48 20 45	 => 191
 47 45 20 27 38 13	 => 190
 42 13 38 26 18 53	 => 190
 37 53 18 51 29 2	 => 190
 36 19 7 34 46 48	 => 190
 20 48 46 24 25 27	 => 190
 38 27 25 39 35 26	 => 190
 18 26 35 11 50 51	 => 191
 29 51 50 43 12 5	 => 190
 46 34 1 31 54 24	 => 190
 25 24 54 32 16 39	 => 190
 35 39 16 40 49 11	 => 190
 50 11 49 22 15 43	 => 190
 54 31 23 6 44 32	 => 190
 16 32 44 17 41 40	 => 190
 49 40 41 8 30 22	 => 190


===================[TEST 45]===================

##### START ##### Thu May 22 17:49:39 2003



##### CONVERGE ##### Thu May 22 17:50:41 2003

Elapsed time: 62 seconds
Total loop: 108 generations

Result : 188.306

2 28 31 54 43 32 3 20 51 40 19 46 22 12 10 34 45 16 36 21 41 11 44 52 15 7 14 48 42 18 33 29 30 26 38 39 13 4 6 27 49 53 8 50 47 35 5 23 1 37 17 25 9 24 

 2 28 31 54 43 32	 => 190
 3 32 43 20 51 40	 => 189
 19 40 51 46 22 12	 => 190
 31 10 34 45 16 54	 => 190
 43 54 16 36 21 20	 => 190
 51 20 21 41 11 46	 => 190
 22 46 11 44 52 15	 => 190
 34 7 14 48 42 45	 => 190
 16 45 42 18 33 36	 => 190
 21 36 33 29 30 41	 => 190
 11 41 30 26 38 44	 => 190
 52 44 38 39 13 4	 => 190
 42 48 6 27 49 18	 => 190
 33 18 49 53 8 29	 => 190
 30 29 8 50 47 26	 => 190
 38 26 47 35 5 39	 => 190
 49 27 23 1 37 53	 => 190
 8 53 37 17 25 50	 => 190
 47 50 25 9 24 35	 => 190


===================[TEST 46]===================

##### START ##### Thu May 22 17:50:41 2003



##### CONVERGE ##### Thu May 22 17:51:35 2003

Elapsed time: 54 seconds
Total loop: 95 generations

Result : 187.306

2 18 44 43 54 28 7 10 42 48 17 41 40 1 3 22 50 27 23 32 51 13 37 52 6 16 14 34 53 12 24 39 19 36 33 35 21 11 15 30 45 49 20 46 29 47 9 26 8 31 5 38 4 25 

 2 18 44 43 54 28	 => 189
 7 28 54 10 42 48	 => 189
 17 48 42 41 40 1	 => 189
 44 3 22 50 27 43	 => 189
 54 43 27 23 32 10	 => 189
 42 10 32 51 13 41	 => 189
 40 41 13 37 52 6	 => 189
 22 16 14 34 53 50	 => 189
 27 50 53 12 24 23	 => 189
 32 23 24 39 19 51	 => 188
 13 51 19 36 33 37	 => 189
 52 37 33 35 21 11	 => 189
 53 34 15 30 45 12	 => 189
 24 12 45 49 20 39	 => 189
 19 39 20 46 29 36	 => 189
 33 36 29 47 9 35	 => 189
 45 30 26 8 31 49	 => 189
 20 49 31 5 38 46	 => 189
 29 46 38 4 25 47	 => 189


===================[TEST 47]===================

##### START ##### Thu May 22 17:51:35 2003



##### CONVERGE ##### Thu May 22 17:52:46 2003

Elapsed time: 71 seconds
Total loop: 125 generations

Result : 187.306

15 10 48 31 49 36 2 34 27 41 7 52 37 25 1 44 51 14 40 21 38 17 29 45 9 16 19 24 35 23 26 22 42 8 54 28 13 20 11 43 53 33 32 39 46 47 6 18 12 30 5 50 4 3 

 15 10 48 31 49 36	 => 189
 2 36 49 34 27 41	 => 189
 7 41 27 52 37 25	 => 189
 48 1 44 51 14 31	 => 189
 49 31 14 40 21 34	 => 189
 27 34 21 38 17 52	 => 189
 37 52 17 29 45 9	 => 189
 44 16 19 24 35 51	 => 189
 14 51 35 23 26 40	 => 189
 21 40 26 22 42 38	 => 189
 17 38 42 8 54 29	 => 188
 45 29 54 28 13 20	 => 189
 35 24 11 43 53 23	 => 189
 26 23 53 33 32 22	 => 189
 42 22 32 39 46 8	 => 189
 54 8 46 47 6 28	 => 189
 53 43 18 12 30 33	 => 189
 32 33 30 5 50 39	 => 189
 46 39 50 4 3 47	 => 189


===================[TEST 48]===================

##### START ##### Thu May 22 17:52:46 2003



##### CONVERGE ##### Thu May 22 17:53:51 2003

Elapsed time: 65 seconds
Total loop: 113 generations

Result : 187.412

7 5 42 54 36 45 6 29 43 30 22 51 32 11 1 40 49 3 44 23 39 4 52 48 2 8 13 38 41 31 21 28 34 25 35 24 18 12 15 27 37 53 19 33 50 46 9 10 16 47 17 20 14 26 

 7 5 42 54 36 45	 => 189
 6 45 36 29 43 30	 => 189
 22 30 43 51 32 11	 => 189
 42 1 40 49 3 54	 => 189
 36 54 3 44 23 29	 => 189
 43 29 23 39 4 51	 => 189
 32 51 4 52 48 2	 => 189
 40 8 13 38 41 49	 => 189
 3 49 41 31 21 44	 => 189
 23 44 21 28 34 39	 => 189
 4 39 34 25 35 52	 => 189
 48 52 35 24 18 12	 => 189
 41 38 15 27 37 31	 => 189
 21 31 37 53 19 28	 => 189
 34 28 19 33 50 25	 => 189
 35 25 50 46 9 24	 => 189
 37 27 10 16 47 53	 => 190
 19 53 47 17 20 33	 => 189
 50 33 20 14 26 46	 => 189


===================[TEST 49]===================

##### START ##### Thu May 22 17:53:51 2003



##### CONVERGE ##### Thu May 22 17:54:54 2003

Elapsed time: 63 seconds
Total loop: 110 generations

Result : 187.478

9 14 33 44 48 42 1 25 39 35 15 52 43 6 19 37 41 16 26 31 38 5 51 28 11 2 7 50 53 18 36 30 29 22 46 40 12 13 4 17 49 34 23 54 32 47 3 21 24 45 8 27 10 20 

 9 14 33 44 48 42	 => 190
 1 42 48 25 39 35	 => 190
 15 35 39 52 43 6	 => 190
 33 19 37 41 16 44	 => 190
 48 44 16 26 31 25	 => 190
 39 25 31 38 5 52	 => 190
 43 52 5 51 28 11	 => 190
 37 2 7 50 53 41	 => 190
 16 41 53 18 36 26	 => 190
 31 26 36 30 29 38	 => 190
 5 38 29 22 46 51	 => 191
 28 51 46 40 12 13	 => 190
 53 50 4 17 49 18	 => 191
 36 18 49 34 23 30	 => 190
 29 30 23 54 32 22	 => 190
 46 22 32 47 3 40	 => 190
 49 17 21 24 45 34	 => 190
 23 34 45 8 27 54	 => 191
 32 54 27 10 20 47	 => 190


===================[TEST 50]===================

##### START ##### Thu May 22 17:54:54 2003



##### CONVERGE ##### Thu May 22 17:56:06 2003

Elapsed time: 72 seconds
Total loop: 126 generations

Result : 187.158

8 10 43 53 40 36 4 19 52 39 2 48 38 11 6 37 45 5 49 24 27 20 47 28 9 17 13 34 44 14 33 26 31 15 50 32 30 3 23 22 54 42 21 51 46 29 18 12 25 35 1 41 16 7 

 8 10 43 53 40 36	 => 190
 4 36 40 19 52 39	 => 190
 2 39 52 48 38 11	 => 190
 43 6 37 45 5 53	 => 189
 40 53 5 49 24 19	 => 190
 52 19 24 27 20 48	 => 190
 38 48 20 47 28 9	 => 190
 37 17 13 34 44 45	 => 190
 5 45 44 14 33 49	 => 190
 24 49 33 26 31 27	 => 190
 20 27 31 15 50 47	 => 190
 28 47 50 32 30 3	 => 190
 44 34 23 22 54 14	 => 191
 33 14 54 42 21 26	 => 190
 31 26 21 51 46 15	 => 190
 50 15 46 29 18 32	 => 190
 54 22 12 25 35 42	 => 190
 21 42 35 1 41 51	 => 191
 46 51 41 16 7 29	 => 190


===================[TEST 51]===================

##### START ##### Thu May 22 17:56:06 2003



##### CONVERGE ##### Thu May 22 17:57:31 2003

Elapsed time: 85 seconds
Total loop: 150 generations

Result : 188.306

14 6 44 50 35 41 1 27 46 40 2 37 54 11 7 31 48 10 32 36 24 20 53 21 4 19 9 45 38 23 39 34 25 17 51 42 8 15 13 28 43 33 18 49 47 30 3 5 29 52 12 26 22 16 

 14 6 44 50 35 41	 => 190
 1 41 35 27 46 40	 => 190
 2 40 46 37 54 11	 => 190
 44 7 31 48 10 50	 => 190
 35 50 10 32 36 27	 => 190
 46 27 36 24 20 37	 => 190
 54 37 20 53 21 4	 => 189
 31 19 9 45 38 48	 => 190
 10 48 38 23 39 32	 => 190
 36 32 39 34 25 24	 => 190
 20 24 25 17 51 53	 => 190
 21 53 51 42 8 15	 => 190
 38 45 13 28 43 23	 => 190
 39 23 43 33 18 34	 => 190
 25 34 18 49 47 17	 => 190
 51 17 47 30 3 42	 => 190
 43 28 5 29 52 33	 => 190
 18 33 52 12 26 49	 => 190
 47 49 26 22 16 30	 => 190


===================[TEST 52]===================

##### START ##### Thu May 22 17:57:31 2003



##### CONVERGE ##### Thu May 22 17:58:47 2003

Elapsed time: 76 seconds
Total loop: 132 generations

Result : 187.85

11 6 45 50 47 31 2 9 49 52 1 53 28 7 3 35 32 25 38 21 46 12 54 29 14 24 17 40 42 23 30 33 22 15 41 36 20 10 4 37 44 34 26 51 43 39 16 8 19 48 5 27 13 18 

 11 6 45 50 47 31	 => 190
 2 31 47 9 49 52	 => 190
 1 52 49 53 28 7	 => 190
 45 3 35 32 25 50	 => 190
 47 50 25 38 21 9	 => 190
 49 9 21 46 12 53	 => 190
 28 53 12 54 29 14	 => 190
 35 24 17 40 42 32	 => 190
 25 32 42 23 30 38	 => 190
 21 38 30 33 22 46	 => 190
 12 46 22 15 41 54	 => 190
 29 54 41 36 20 10	 => 190
 42 40 4 37 44 23	 => 190
 30 23 44 34 26 33	 => 190
 22 33 26 51 43 15	 => 190
 41 15 43 39 16 36	 => 190
 44 37 8 19 48 34	 => 190
 26 34 48 5 27 51	 => 191
 43 51 27 13 18 39	 => 191


===================[TEST 53]===================

##### START ##### Thu May 22 17:58:47 2003



##### CONVERGE ##### Thu May 22 18:00:26 2003

Elapsed time: 99 seconds
Total loop: 174 generations

Result : 188.412

18 19 53 33 52 15 9 23 54 37 21 40 32 6 2 28 49 25 26 31 29 14 51 45 8 7 16 47 43 12 35 30 39 13 44 36 4 10 5 42 41 48 24 50 34 46 17 1 20 38 3 27 11 22 

 18 19 53 33 52 15	 => 190
 9 15 52 23 54 37	 => 190
 21 37 54 40 32 6	 => 190
 53 2 28 49 25 33	 => 190
 52 33 25 26 31 23	 => 190
 54 23 31 29 14 40	 => 191
 32 40 14 51 45 8	 => 190
 28 7 16 47 43 49	 => 190
 25 49 43 12 35 26	 => 190
 31 26 35 30 39 29	 => 190
 14 29 39 13 44 51	 => 190
 45 51 44 36 4 10	 => 190
 43 47 5 42 41 12	 => 190
 35 12 41 48 24 30	 => 190
 39 30 24 50 34 13	 => 190
 44 13 34 46 17 36	 => 190
 41 42 1 20 38 48	 => 190
 24 48 38 3 27 50	 => 190
 34 50 27 11 22 46	 => 190


===================[TEST 54]===================

##### START ##### Thu May 22 18:00:26 2003



##### CONVERGE ##### Thu May 22 18:01:42 2003

Elapsed time: 76 seconds
Total loop: 134 generations

Result : 187.158

13 12 36 35 53 41 1 11 50 34 18 29 45 14 23 28 52 17 20 54 21 25 46 37 8 4 15 42 48 26 27 38 30 22 47 33 24 3 2 32 40 49 10 51 39 43 6 9 16 44 5 31 7 19 

 13 12 36 35 53 41	 => 190
 1 41 53 11 50 34	 => 190
 18 34 50 29 45 14	 => 190
 36 23 28 52 17 35	 => 191
 53 35 17 20 54 11	 => 190
 50 11 54 21 25 29	 => 190
 45 29 25 46 37 8	 => 190
 28 4 15 42 48 52	 => 189
 17 52 48 26 27 20	 => 190
 54 20 27 38 30 21	 => 190
 25 21 30 22 47 46	 => 191
 37 46 47 33 24 3	 => 190
 48 42 2 32 40 26	 => 190
 27 26 40 49 10 38	 => 190
 30 38 10 51 39 22	 => 190
 47 22 39 43 6 33	 => 190
 40 32 9 16 44 49	 => 190
 10 49 44 5 31 51	 => 190
 39 51 31 7 19 43	 => 190


===================[TEST 55]===================

##### START ##### Thu May 22 18:01:42 2003



##### CONVERGE ##### Thu May 22 18:02:41 2003

Elapsed time: 59 seconds
Total loop: 104 generations

Result : 186.794

8 18 38 52 45 28 10 2 54 51 3 41 32 9 4 31 44 20 21 50 26 17 47 46 7 12 24 37 42 33 30 40 22 25 53 27 6 11 5 34 39 29 19 48 36 35 14 23 16 49 1 43 15 13 

 8 18 38 52 45 28	 => 189
 10 28 45 2 54 51	 => 190
 3 51 54 41 32 9	 => 190
 38 4 31 44 20 52	 => 189
 45 52 20 21 50 2	 => 190
 54 2 50 26 17 41	 => 190
 32 41 17 47 46 7	 => 190
 31 12 24 37 42 44	 => 190
 20 44 42 33 30 21	 => 190
 50 21 30 40 22 26	 => 189
 17 26 22 25 53 47	 => 190
 46 47 53 27 6 11	 => 190
 42 37 5 34 39 33	 => 190
 30 33 39 29 19 40	 => 190
 22 40 19 48 36 25	 => 190
 53 25 36 35 14 27	 => 190
 39 34 23 16 49 29	 => 190
 19 29 49 1 43 48	 => 189
 36 48 43 15 13 35	 => 190


===================[TEST 56]===================

##### START ##### Thu May 22 18:02:41 2003



##### CONVERGE ##### Thu May 22 18:03:37 2003

Elapsed time: 56 seconds
Total loop: 98 generations

Result : 187.616

3 16 24 54 45 48 1 15 46 35 19 53 33 4 14 22 50 26 23 27 31 18 44 41 2 21 10 39 47 6 38 37 34 11 52 36 12 5 13 42 43 49 17 40 51 32 8 7 20 29 25 30 28 9 

 3 16 24 54 45 48	 => 190
 1 48 45 15 46 35	 => 190
 19 35 46 53 33 4	 => 190
 24 14 22 50 26 54	 => 190
 45 54 26 23 27 15	 => 190
 46 15 27 31 18 53	 => 190
 33 53 18 44 41 2	 => 191
 22 21 10 39 47 50	 => 189
 26 50 47 6 38 23	 => 190
 27 23 38 37 34 31	 => 190
 18 31 34 11 52 44	 => 190
 41 44 52 36 12 5	 => 190
 47 39 13 42 43 6	 => 190
 38 6 43 49 17 37	 => 190
 34 37 17 40 51 11	 => 190
 52 11 51 32 8 36	 => 190
 43 42 7 20 29 49	 => 190
 17 49 29 25 30 40	 => 190
 51 40 30 28 9 32	 => 190


===================[TEST 57]===================

##### START ##### Thu May 22 18:03:37 2003



##### CONVERGE ##### Thu May 22 18:04:29 2003

Elapsed time: 52 seconds
Total loop: 91 generations

Result : 187.412

15 21 35 46 27 45 1 34 32 50 25 36 37 9 6 31 51 20 38 24 44 19 47 42 8 16 10 33 48 2 30 39 14 13 53 29 11 7 17 49 40 52 26 43 54 28 12 22 3 23 4 41 5 18 

 15 21 35 46 27 45	 => 189
 1 45 27 34 32 50	 => 189
 25 50 32 36 37 9	 => 189
 35 6 31 51 20 46	 => 189
 27 46 20 38 24 34	 => 189
 32 34 24 44 19 36	 => 189
 37 36 19 47 42 8	 => 189
 31 16 10 33 48 51	 => 189
 20 51 48 2 30 38	 => 189
 24 38 30 39 14 44	 => 189
 19 44 14 13 53 47	 => 190
 42 47 53 29 11 7	 => 189
 48 33 17 49 40 2	 => 189
 30 2 40 52 26 39	 => 189
 14 39 26 43 54 13	 => 189
 53 13 54 28 12 29	 => 189
 40 49 22 3 23 52	 => 189
 26 52 23 4 41 43	 => 189
 54 43 41 5 18 28	 => 189


===================[TEST 58]===================

##### START ##### Thu May 22 18:04:29 2003



##### CONVERGE ##### Thu May 22 18:05:29 2003

Elapsed time: 60 seconds
Total loop: 104 generations

Result : 186.85

15 3 38 52 51 30 9 18 47 34 12 54 41 1 2 35 42 20 29 19 28 23 45 22 4 17 16 46 33 25 40 24 49 5 39 37 10 36 14 27 44 48 8 53 50 32 26 7 21 43 6 31 11 13 

 15 3 38 52 51 30	 => 189
 9 30 51 18 47 34	 => 189
 12 34 47 54 41 1	 => 189
 38 2 35 42 20 52	 => 189
 51 52 20 29 19 18	 => 189
 47 18 19 28 23 54	 => 189
 41 54 23 45 22 4	 => 189
 35 17 16 46 33 42	 => 189
 20 42 33 25 40 29	 => 189
 19 29 40 24 49 28	 => 189
 23 28 49 5 39 45	 => 189
 22 45 39 37 10 36	 => 189
 33 46 14 27 44 25	 => 189
 40 25 44 48 8 24	 => 189
 49 24 8 53 50 5	 => 189
 39 5 50 32 26 37	 => 189
 44 27 7 21 43 48	 => 190
 8 48 43 6 31 53	 => 189
 50 53 31 11 13 32	 => 190


===================[TEST 59]===================

##### START ##### Thu May 22 18:05:29 2003



##### CONVERGE ##### Thu May 22 18:06:37 2003

Elapsed time: 68 seconds
Total loop: 119 generations

Result : 187.268

16 8 47 39 53 28 9 18 50 32 24 41 27 17 3 40 42 20 35 26 37 19 46 51 6 11 1 49 48 10 36 33 23 12 54 29 4 7 2 38 44 43 25 52 45 30 21 13 22 31 5 34 14 15 

 16 8 47 39 53 28	 => 191
 9 28 53 18 50 32	 => 190
 24 32 50 41 27 17	 => 191
 47 3 40 42 20 39	 => 191
 53 39 20 35 26 18	 => 191
 50 18 26 37 19 41	 => 191
 27 41 19 46 51 6	 => 190
 40 11 1 49 48 42	 => 191
 20 42 48 10 36 35	 => 191
 26 35 36 33 23 37	 => 190
 19 37 23 12 54 46	 => 191
 51 46 54 29 4 7	 => 191
 48 49 2 38 44 10	 => 191
 36 10 44 43 25 33	 => 191
 23 33 25 52 45 12	 => 190
 54 12 45 30 21 29	 => 191
 44 38 13 22 31 43	 => 191
 25 43 31 5 34 52	 => 190
 45 52 34 14 15 30	 => 190


===================[TEST 60]===================

##### START ##### Thu May 22 18:06:37 2003



##### CONVERGE ##### Thu May 22 18:07:49 2003

Elapsed time: 72 seconds
Total loop: 127 generations

Result : 188.412

11 7 35 43 48 46 1 24 49 22 15 41 53 10 4 38 52 18 25 32 27 17 40 36 3 16 8 37 39 30 26 34 47 14 45 42 21 6 2 28 54 33 13 31 51 29 9 5 20 50 19 44 12 23 

 11 7 35 43 48 46	 => 190
 1 46 48 24 49 22	 => 190
 15 22 49 41 53 10	 => 190
 35 4 38 52 18 43	 => 190
 48 43 18 25 32 24	 => 190
 49 24 32 27 17 41	 => 190
 53 41 17 40 36 3	 => 190
 38 16 8 37 39 52	 => 190
 18 52 39 30 26 25	 => 190
 32 25 26 34 47 27	 => 191
 17 27 47 14 45 40	 => 190
 36 40 45 42 21 6	 => 190
 39 37 2 28 54 30	 => 190
 26 30 54 33 13 34	 => 190
 47 34 13 31 51 14	 => 190
 45 14 51 29 9 42	 => 190
 54 28 5 20 50 33	 => 190
 13 33 50 19 44 31	 => 190
 51 31 44 12 23 29	 => 190


===================[TEST 61]===================

##### START ##### Thu May 22 18:07:49 2003



##### CONVERGE ##### Thu May 22 18:09:10 2003

Elapsed time: 81 seconds
Total loop: 142 generations

Result : 187.85

15 10 46 39 52 28 7 24 49 30 3 54 45 9 5 42 36 22 34 19 27 17 38 33 4 16 6 37 53 2 43 35 32 25 51 31 11 26 1 47 50 40 21 48 29 41 13 18 12 23 14 44 8 20 

 15 10 46 39 52 28	 => 190
 7 28 52 24 49 30	 => 190
 3 30 49 54 45 9	 => 190
 46 5 42 36 22 39	 => 190
 52 39 22 34 19 24	 => 190
 49 24 19 27 17 54	 => 190
 45 54 17 38 33 4	 => 191
 42 16 6 37 53 36	 => 190
 22 36 53 2 43 34	 => 190
 19 34 43 35 32 27	 => 190
 17 27 32 25 51 38	 => 190
 33 38 51 31 11 26	 => 190
 53 37 1 47 50 2	 => 190
 43 2 50 40 21 35	 => 191
 32 35 21 48 29 25	 => 190
 51 25 29 41 13 31	 => 190
 50 47 18 12 23 40	 => 190
 21 40 23 14 44 48	 => 190
 29 48 44 8 20 41	 => 190


===================[TEST 62]===================

##### START ##### Thu May 22 18:09:10 2003



##### CONVERGE ##### Thu May 22 18:10:19 2003

Elapsed time: 69 seconds
Total loop: 120 generations

Result : 187.794

15 4 37 49 47 39 11 12 54 28 18 41 36 14 2 38 44 20 30 33 34 17 50 40 6 21 8 48 32 23 42 27 25 19 46 31 10 13 1 35 51 26 22 53 45 43 7 3 24 52 9 29 5 16 

 15 4 37 49 47 39	 => 191
 11 39 47 12 54 28	 => 191
 18 28 54 41 36 14	 => 191
 37 2 38 44 20 49	 => 190
 47 49 20 30 33 12	 => 191
 54 12 33 34 17 41	 => 191
 36 41 17 50 40 6	 => 190
 38 21 8 48 32 44	 => 191
 20 44 32 23 42 30	 => 191
 33 30 42 27 25 34	 => 191
 17 34 25 19 46 50	 => 191
 40 50 46 31 10 13	 => 190
 32 48 1 35 51 23	 => 190
 42 23 51 26 22 27	 => 191
 25 27 22 53 45 19	 => 191
 46 19 45 43 7 31	 => 191
 51 35 3 24 52 26	 => 191
 22 26 52 9 29 53	 => 191
 45 53 29 5 16 43	 => 191


===================[TEST 63]===================

##### START ##### Thu May 22 18:10:19 2003



##### CONVERGE ##### Thu May 22 18:12:00 2003

Elapsed time: 101 seconds
Total loop: 178 generations

Result : 188.412

1 18 35 52 36 48 2 20 47 37 12 44 46 4 5 39 40 19 22 41 32 7 50 28 15 13 6 38 54 10 45 27 23 25 53 33 17 9 8 31 49 29 30 43 42 34 3 14 16 51 11 26 24 21 

 1 18 35 52 36 48	 => 190
 2 48 36 20 47 37	 => 190
 12 37 47 44 46 4	 => 190
 35 5 39 40 19 52	 => 190
 36 52 19 22 41 20	 => 190
 47 20 41 32 7 44	 => 191
 46 44 7 50 28 15	 => 190
 39 13 6 38 54 40	 => 190
 19 40 54 10 45 22	 => 190
 41 22 45 27 23 32	 => 190
 7 32 23 25 53 50	 => 190
 28 50 53 33 17 9	 => 190
 54 38 8 31 49 10	 => 190
 45 10 49 29 30 27	 => 190
 23 27 30 43 42 25	 => 190
 53 25 42 34 3 33	 => 190
 49 31 14 16 51 29	 => 190
 30 29 51 11 26 43	 => 190
 42 43 26 24 21 34	 => 190


===================[TEST 64]===================

##### START ##### Thu May 22 18:12:00 2003



##### CONVERGE ##### Thu May 22 18:13:13 2003

Elapsed time: 73 seconds
Total loop: 128 generations

Result : 187.64

12 20 24 54 48 32 16 7 47 40 4 46 41 11 8 34 53 17 29 35 33 22 42 37 2 5 19 27 51 15 25 38 30 14 49 31 10 21 6 52 39 45 28 36 44 43 9 1 3 50 13 18 26 23 

 12 20 24 54 48 32	 => 190
 16 32 48 7 47 40	 => 190
 4 40 47 46 41 11	 => 189
 24 8 34 53 17 54	 => 190
 48 54 17 29 35 7	 => 190
 47 7 35 33 22 46	 => 190
 41 46 22 42 37 2	 => 190
 34 5 19 27 51 53	 => 189
 17 53 51 15 25 29	 => 190
 35 29 25 38 30 33	 => 190
 22 33 30 14 49 42	 => 190
 37 42 49 31 10 21	 => 190
 51 27 6 52 39 15	 => 190
 25 15 39 45 28 38	 => 190
 30 38 28 36 44 14	 => 190
 49 14 44 43 9 31	 => 190
 39 52 1 3 50 45	 => 190
 28 45 50 13 18 36	 => 190
 44 36 18 26 23 43	 => 190


===================[TEST 65]===================

##### START ##### Thu May 22 18:13:13 2003



##### CONVERGE ##### Thu May 22 18:14:40 2003

Elapsed time: 87 seconds
Total loop: 152 generations

Result : 187.478

13 8 31 49 51 39 5 20 48 27 11 35 44 25 12 46 42 10 32 28 38 22 53 34 2 9 6 33 54 23 29 47 16 17 45 36 4 18 7 43 30 40 21 52 37 41 14 3 24 50 1 26 19 15 

 13 8 31 49 51 39	 => 191
 5 39 51 20 48 27	 => 190
 11 27 48 35 44 25	 => 190
 31 12 46 42 10 49	 => 190
 51 49 10 32 28 20	 => 190
 48 20 28 38 22 35	 => 191
 44 35 22 53 34 2	 => 190
 46 9 6 33 54 42	 => 190
 10 42 54 23 29 32	 => 190
 28 32 29 47 16 38	 => 190
 22 38 16 17 45 53	 => 191
 34 53 45 36 4 18	 => 190
 54 33 7 43 30 23	 => 190
 29 23 30 40 21 47	 => 190
 16 47 21 52 37 17	 => 190
 45 17 37 41 14 36	 => 190
 30 43 3 24 50 40	 => 190
 21 40 50 1 26 52	 => 190
 37 52 26 19 15 41	 => 190


===================[TEST 66]===================

##### START ##### Thu May 22 18:14:40 2003



##### CONVERGE ##### Thu May 22 18:15:53 2003

Elapsed time: 73 seconds
Total loop: 128 generations

Result : 188.306

31 5 38 37 45 34 12 19 43 36 9 46 40 16 7 33 54 21 27 41 35 6 53 44 1 15 24 25 39 23 26 29 32 14 50 28 4 11 10 51 42 52 18 48 49 47 2 8 17 20 22 30 3 13 

 31 5 38 37 45 34	 => 190
 12 34 45 19 43 36	 => 189
 9 36 43 46 40 16	 => 190
 38 7 33 54 21 37	 => 190
 45 37 21 27 41 19	 => 190
 43 19 41 35 6 46	 => 190
 40 46 6 53 44 1	 => 190
 33 15 24 25 39 54	 => 190
 21 54 39 23 26 27	 => 190
 41 27 26 29 32 35	 => 190
 6 35 32 14 50 53	 => 190
 44 53 50 28 4 11	 => 190
 39 25 10 51 42 23	 => 190
 26 23 42 52 18 29	 => 190
 32 29 18 48 49 14	 => 190
 50 14 49 47 2 28	 => 190
 42 51 8 17 20 52	 => 190
 18 52 20 22 30 48	 => 190
 49 48 30 3 13 47	 => 190


===================[TEST 67]===================

##### START ##### Thu May 22 18:15:53 2003



##### CONVERGE ##### Thu May 22 18:16:59 2003

Elapsed time: 66 seconds
Total loop: 116 generations

Result : 187.412

6 7 50 46 49 31 2 14 41 52 9 51 32 4 3 23 40 27 20 33 36 15 47 43 1 26 13 34 53 24 25 54 21 22 48 28 5 18 19 29 30 39 17 38 37 44 10 11 35 45 8 42 16 12 

 6 7 50 46 49 31	 => 189
 2 31 49 14 41 52	 => 189
 9 52 41 51 32 4	 => 189
 50 3 23 40 27 46	 => 189
 49 46 27 20 33 14	 => 189
 41 14 33 36 15 51	 => 190
 32 51 15 47 43 1	 => 189
 23 26 13 34 53 40	 => 189
 27 40 53 24 25 20	 => 189
 33 20 25 54 21 36	 => 189
 15 36 21 22 48 47	 => 189
 43 47 48 28 5 18	 => 189
 53 34 19 29 30 24	 => 189
 25 24 30 39 17 54	 => 189
 21 54 17 38 37 22	 => 189
 48 22 37 44 10 28	 => 189
 30 29 11 35 45 39	 => 189
 17 39 45 8 42 38	 => 189
 37 38 42 16 12 44	 => 189


===================[TEST 68]===================

##### START ##### Thu May 22 18:16:59 2003



##### CONVERGE ##### Thu May 22 18:18:31 2003

Elapsed time: 92 seconds
Total loop: 161 generations

Result : 187.85

8 12 53 36 54 27 4 21 38 46 1 48 47 10 11 29 42 19 23 37 30 16 34 43 2 7 22 41 49 31 26 35 39 20 51 24 25 13 9 28 33 52 14 32 50 40 5 15 18 44 3 45 6 17 

 8 12 53 36 54 27	 => 190
 4 27 54 21 38 46	 => 190
 1 46 38 48 47 10	 => 190
 53 11 29 42 19 36	 => 190
 54 36 19 23 37 21	 => 190
 38 21 37 30 16 48	 => 190
 47 48 16 34 43 2	 => 190
 29 7 22 41 49 42	 => 190
 19 42 49 31 26 23	 => 190
 37 23 26 35 39 30	 => 190
 16 30 39 20 51 34	 => 190
 43 34 51 24 25 13	 => 190
 49 41 9 28 33 31	 => 191
 26 31 33 52 14 35	 => 191
 39 35 14 32 50 20	 => 190
 51 20 50 40 5 24	 => 190
 33 28 15 18 44 52	 => 190
 14 52 44 3 45 32	 => 190
 50 32 45 6 17 40	 => 190


===================[TEST 69]===================

##### START ##### Thu May 22 18:18:31 2003



##### CONVERGE ##### Thu May 22 18:19:51 2003

Elapsed time: 80 seconds
Total loop: 139 generations

Result : 187.85

6 7 43 35 48 51 2 12 52 25 16 34 45 18 4 37 54 17 31 47 26 19 44 40 8 15 5 41 38 27 23 30 33 29 39 32 14 21 10 28 46 42 22 24 53 36 1 11 13 50 3 49 9 20 

 6 7 43 35 48 51	 => 190
 2 51 48 12 52 25	 => 190
 16 25 52 34 45 18	 => 190
 43 4 37 54 17 35	 => 190
 48 35 17 31 47 12	 => 190
 52 12 47 26 19 34	 => 190
 45 34 19 44 40 8	 => 190
 37 15 5 41 38 54	 => 190
 17 54 38 27 23 31	 => 190
 47 31 23 30 33 26	 => 190
 19 26 33 29 39 44	 => 190
 40 44 39 32 14 21	 => 190
 38 41 10 28 46 27	 => 190
 23 27 46 42 22 30	 => 190
 33 30 22 24 53 29	 => 191
 39 29 53 36 1 32	 => 190
 46 28 11 13 50 42	 => 190
 22 42 50 3 49 24	 => 190
 53 24 49 9 20 36	 => 191


===================[TEST 70]===================

##### START ##### Thu May 22 18:19:51 2003



##### CONVERGE ##### Thu May 22 18:21:01 2003

Elapsed time: 70 seconds
Total loop: 123 generations

Result : 188.412

17 7 37 42 41 46 1 23 40 39 16 50 25 20 6 31 48 26 24 34 29 14 53 36 12 5 11 43 52 2 38 32 33 10 51 35 3 13 4 44 45 54 19 47 49 30 15 18 8 21 22 27 28 9 

 17 7 37 42 41 46	 => 190
 1 46 41 23 40 39	 => 190
 16 39 40 50 25 20	 => 190
 37 6 31 48 26 42	 => 190
 41 42 26 24 34 23	 => 190
 40 23 34 29 14 50	 => 190
 25 50 14 53 36 12	 => 190
 31 5 11 43 52 48	 => 190
 26 48 52 2 38 24	 => 190
 34 24 38 32 33 29	 => 190
 14 29 33 10 51 53	 => 190
 36 53 51 35 3 13	 => 191
 52 43 4 44 45 2	 => 190
 38 2 45 54 19 32	 => 190
 33 32 19 47 49 10	 => 190
 51 10 49 30 15 35	 => 190
 45 44 18 8 21 54	 => 190
 19 54 21 22 27 47	 => 190
 49 47 27 28 9 30	 => 190


===================[TEST 71]===================

##### START ##### Thu May 22 18:21:01 2003



##### CONVERGE ##### Thu May 22 18:22:26 2003

Elapsed time: 85 seconds
Total loop: 149 generations

Result : 187.64

13 18 27 51 48 32 11 15 37 47 1 50 52 3 9 43 41 19 24 33 45 10 38 34 6 14 7 31 54 17 35 28 25 26 46 40 2 30 5 44 39 49 22 36 53 20 4 8 21 29 12 42 16 23 

 13 18 27 51 48 32	 => 189
 11 32 48 15 37 47	 => 190
 1 47 37 50 52 3	 => 190
 27 9 43 41 19 51	 => 190
 48 51 19 24 33 15	 => 190
 37 15 33 45 10 50	 => 190
 52 50 10 38 34 6	 => 190
 43 14 7 31 54 41	 => 190
 19 41 54 17 35 24	 => 190
 33 24 35 28 25 45	 => 190
 10 45 25 26 46 38	 => 190
 34 38 46 40 2 30	 => 190
 54 31 5 44 39 17	 => 190
 35 17 39 49 22 28	 => 190
 25 28 22 36 53 26	 => 190
 46 26 53 20 4 40	 => 189
 39 44 8 21 29 49	 => 190
 22 49 29 12 42 36	 => 190
 53 36 42 16 23 20	 => 190


===================[TEST 72]===================

##### START ##### Thu May 22 18:22:26 2003



##### CONVERGE ##### Thu May 22 18:23:35 2003

Elapsed time: 69 seconds
Total loop: 121 generations

Result : 187.616

19 10 35 46 47 33 3 24 51 32 18 53 29 6 1 41 40 27 20 26 31 5 42 45 16 9 13 43 44 11 48 28 37 23 52 30 14 7 2 36 54 34 15 49 38 39 8 4 12 50 21 22 25 17 

 19 10 35 46 47 33	 => 190
 3 33 47 24 51 32	 => 190
 18 32 51 53 29 6	 => 189
 35 1 41 40 27 46	 => 190
 47 46 27 20 26 24	 => 190
 51 24 26 31 5 53	 => 190
 29 53 5 42 45 16	 => 190
 41 9 13 43 44 40	 => 190
 27 40 44 11 48 20	 => 190
 26 20 48 28 37 31	 => 190
 5 31 37 23 52 42	 => 190
 45 42 52 30 14 7	 => 190
 44 43 2 36 54 11	 => 190
 48 11 54 34 15 28	 => 190
 37 28 15 49 38 23	 => 190
 52 23 38 39 8 30	 => 190
 54 36 4 12 50 34	 => 190
 15 34 50 21 22 49	 => 191
 38 49 22 25 17 39	 => 190


===================[TEST 73]===================

##### START ##### Thu May 22 18:23:35 2003



##### CONVERGE ##### Thu May 22 18:24:23 2003

Elapsed time: 48 seconds
Total loop: 84 generations

Result (Solution) : 189

4 13 53 37 52 30 10 19 29 49 18 54 33 6 3 31 45 20 36 25 38 24 51 16 11 21 5 39 48 8 32 43 15 14 47 46 27 2 17 35 42 41 23 50 44 26 12 22 9 40 1 34 7 28 

 4 13 53 37 52 30	 => 189
 10 30 52 19 29 49	 => 189
 18 49 29 54 33 6	 => 189
 53 3 31 45 20 37	 => 189
 52 37 20 36 25 19	 => 189
 29 19 25 38 24 54	 => 189
 33 54 24 51 16 11	 => 189
 31 21 5 39 48 45	 => 189
 20 45 48 8 32 36	 => 189
 25 36 32 43 15 38	 => 189
 24 38 15 14 47 51	 => 189
 16 51 47 46 27 2	 => 189
 48 39 17 35 42 8	 => 189
 32 8 42 41 23 43	 => 189
 15 43 23 50 44 14	 => 189
 47 14 44 26 12 46	 => 189
 42 35 22 9 40 41	 => 189
 23 41 40 1 34 50	 => 189
 44 50 34 7 28 26	 => 189


===================[TEST 74]===================

##### START ##### Thu May 22 18:24:23 2003



##### CONVERGE ##### Thu May 22 18:25:42 2003

Elapsed time: 79 seconds
Total loop: 138 generations

Result : 187.85

14 9 44 40 34 49 5 23 43 36 25 46 29 11 2 54 31 19 41 33 20 26 48 35 6 4 21 28 52 8 39 30 27 18 51 32 17 7 10 45 47 42 24 53 38 50 1 16 3 37 13 22 15 12 

 14 9 44 40 34 49	 => 190
 5 49 34 23 43 36	 => 190
 25 36 43 46 29 11	 => 190
 44 2 54 31 19 40	 => 190
 34 40 19 41 33 23	 => 190
 43 23 33 20 26 46	 => 191
 29 46 26 48 35 6	 => 190
 54 4 21 28 52 31	 => 190
 19 31 52 8 39 41	 => 190
 33 41 39 30 27 20	 => 190
 26 20 27 18 51 48	 => 190
 35 48 51 32 17 7	 => 190
 52 28 10 45 47 8	 => 190
 39 8 47 42 24 30	 => 190
 27 30 24 53 38 18	 => 190
 51 18 38 50 1 32	 => 190
 47 45 16 3 37 42	 => 190
 24 42 37 13 22 53	 => 191
 38 53 22 15 12 50	 => 190


===================[TEST 75]===================

##### START ##### Thu May 22 18:25:42 2003



##### CONVERGE ##### Thu May 22 18:27:00 2003

Elapsed time: 78 seconds
Total loop: 138 generations

Result : 187.412

14 20 40 52 42 21 1 26 53 46 17 33 36 4 3 24 54 16 30 23 44 10 43 49 18 7 25 32 47 8 34 39 19 22 51 35 6 5 9 45 48 29 31 37 41 38 2 28 12 27 15 50 11 13 

 14 20 40 52 42 21	 => 189
 1 21 42 26 53 46	 => 189
 17 46 53 33 36 4	 => 189
 40 3 24 54 16 52	 => 189
 42 52 16 30 23 26	 => 189
 53 26 23 44 10 33	 => 189
 36 33 10 43 49 18	 => 189
 24 7 25 32 47 54	 => 189
 16 54 47 8 34 30	 => 189
 23 30 34 39 19 44	 => 189
 10 44 19 22 51 43	 => 189
 49 43 51 35 6 5	 => 189
 47 32 9 45 48 8	 => 189
 34 8 48 29 31 39	 => 189
 19 39 31 37 41 22	 => 189
 51 22 41 38 2 35	 => 189
 48 45 28 12 27 29	 => 189
 31 29 27 15 50 37	 => 189
 41 37 50 11 13 38	 => 190


===================[TEST 76]===================

##### START ##### Thu May 22 18:27:00 2003



##### CONVERGE ##### Thu May 22 18:28:19 2003

Elapsed time: 79 seconds
Total loop: 138 generations

Result (Solution) : 190

8 30 24 51 32 45 9 19 44 41 1 54 35 15 11 37 40 27 25 36 23 14 48 33 6 20 13 28 52 12 34 26 46 10 49 38 5 17 3 42 53 43 22 47 39 50 4 21 2 29 18 31 7 16 

 8 30 24 51 32 45	 => 190
 9 45 32 19 44 41	 => 190
 1 41 44 54 35 15	 => 190
 24 11 37 40 27 51	 => 190
 32 51 27 25 36 19	 => 190
 44 19 36 23 14 54	 => 190
 35 54 14 48 33 6	 => 190
 37 20 13 28 52 40	 => 190
 27 40 52 12 34 25	 => 190
 36 25 34 26 46 23	 => 190
 14 23 46 10 49 48	 => 190
 33 48 49 38 5 17	 => 190
 52 28 3 42 53 12	 => 190
 34 12 53 43 22 26	 => 190
 46 26 22 47 39 10	 => 190
 49 10 39 50 4 38	 => 190
 53 42 21 2 29 43	 => 190
 22 43 29 18 31 47	 => 190
 39 47 31 7 16 50	 => 190


===================[TEST 77]===================

##### START ##### Thu May 22 18:28:19 2003



##### CONVERGE ##### Thu May 22 18:29:28 2003

Elapsed time: 69 seconds
Total loop: 122 generations

Result : 187.412

8 14 24 54 52 37 1 21 49 29 26 43 30 12 6 40 42 23 19 20 38 18 39 48 11 4 3 53 47 22 36 44 32 17 45 35 7 15 5 34 28 50 9 46 41 25 27 33 13 31 2 51 16 10 

 8 14 24 54 52 37	 => 189
 1 37 52 21 49 29	 => 189
 26 29 49 43 30 12	 => 189
 24 6 40 42 23 54	 => 189
 52 54 23 19 20 21	 => 189
 49 21 20 38 18 43	 => 189
 30 43 18 39 48 11	 => 189
 40 4 3 53 47 42	 => 189
 23 42 47 22 36 19	 => 189
 20 19 36 44 32 38	 => 189
 18 38 32 17 45 39	 => 189
 48 39 45 35 7 15	 => 189
 47 53 5 34 28 22	 => 189
 36 22 28 50 9 44	 => 189
 32 44 9 46 41 17	 => 189
 45 17 41 25 27 35	 => 190
 28 34 33 13 31 50	 => 189
 9 50 31 2 51 46	 => 189
 41 46 51 16 10 25	 => 189


===================[TEST 78]===================

##### START ##### Thu May 22 18:29:28 2003



##### CONVERGE ##### Thu May 22 18:30:29 2003

Elapsed time: 61 seconds
Total loop: 106 generations

Result (Solution) : 189

10 11 33 46 49 40 3 13 52 32 18 42 28 17 15 54 37 4 51 26 31 25 45 44 5 1 8 36 53 9 35 34 12 29 47 24 22 7 14 39 38 50 23 48 43 30 16 2 19 41 6 21 27 20 

 10 11 33 46 49 40	 => 189
 3 40 49 13 52 32	 => 189
 18 32 52 42 28 17	 => 189
 33 15 54 37 4 46	 => 189
 49 46 4 51 26 13	 => 189
 52 13 26 31 25 42	 => 189
 28 42 25 45 44 5	 => 189
 54 1 8 36 53 37	 => 189
 4 37 53 9 35 51	 => 189
 26 51 35 34 12 31	 => 189
 25 31 12 29 47 45	 => 189
 44 45 47 24 22 7	 => 189
 53 36 14 39 38 9	 => 189
 35 9 38 50 23 34	 => 189
 12 34 23 48 43 29	 => 189
 47 29 43 30 16 24	 => 189
 38 39 2 19 41 50	 => 189
 23 50 41 6 21 48	 => 189
 43 48 21 27 20 30	 => 189


===================[TEST 79]===================

##### START ##### Thu May 22 18:30:29 2003



##### CONVERGE ##### Thu May 22 18:32:08 2003

Elapsed time: 99 seconds
Total loop: 174 generations

Result : 187.64

6 18 46 37 50 33 9 16 47 35 12 49 44 3 1 53 25 28 38 21 30 27 39 29 2 13 19 26 54 23 22 36 42 11 41 43 24 14 4 31 52 40 17 32 51 34 10 15 7 45 8 48 20 5 

 6 18 46 37 50 33	 => 190
 9 33 50 16 47 35	 => 190
 12 35 47 49 44 3	 => 190
 46 1 53 25 28 37	 => 190
 50 37 28 38 21 16	 => 190
 47 16 21 30 27 49	 => 190
 44 49 27 39 29 2	 => 190
 53 13 19 26 54 25	 => 190
 28 25 54 23 22 38	 => 190
 21 38 22 36 42 30	 => 189
 27 30 42 11 41 39	 => 190
 29 39 41 43 24 14	 => 190
 54 26 4 31 52 23	 => 190
 22 23 52 40 17 36	 => 190
 42 36 17 32 51 11	 => 189
 41 11 51 34 10 43	 => 190
 52 31 15 7 45 40	 => 190
 17 40 45 8 48 32	 => 190
 51 32 48 20 5 34	 => 190


===================[TEST 80]===================

##### START ##### Thu May 22 18:32:08 2003



##### CONVERGE ##### Thu May 22 18:33:33 2003

Elapsed time: 85 seconds
Total loop: 149 generations

Result : 187.794

10 8 51 43 41 37 7 11 46 48 15 49 31 2 3 33 39 22 40 34 27 24 38 35 13 9 18 47 45 20 25 36 29 23 50 32 14 21 1 26 52 53 5 44 54 28 4 12 6 42 17 30 16 19 

 10 8 51 43 41 37	 => 190
 7 37 41 11 46 48	 => 190
 15 48 46 49 31 2	 => 191
 51 3 33 39 22 43	 => 191
 41 43 22 40 34 11	 => 191
 46 11 34 27 24 49	 => 191
 31 49 24 38 35 13	 => 190
 33 9 18 47 45 39	 => 191
 22 39 45 20 25 40	 => 191
 34 40 25 36 29 27	 => 191
 24 27 29 23 50 38	 => 191
 35 38 50 32 14 21	 => 190
 45 47 1 26 52 20	 => 191
 25 20 52 53 5 36	 => 191
 29 36 5 44 54 23	 => 191
 50 23 54 28 4 32	 => 191
 52 26 12 6 42 53	 => 191
 5 53 42 17 30 44	 => 191
 54 44 30 16 19 28	 => 191


===================[TEST 81]===================

##### START ##### Thu May 22 18:33:33 2003



##### CONVERGE ##### Thu May 22 18:35:10 2003

Elapsed time: 97 seconds
Total loop: 170 generations

Result : 187.478

11 20 37 50 43 29 18 14 54 32 1 51 48 4 3 42 49 9 46 28 30 13 53 23 2 19 7 33 40 12 34 27 25 22 47 36 21 10 8 45 52 35 31 41 44 26 16 15 5 39 6 38 17 24 

 11 20 37 50 43 29	 => 190
 18 29 43 14 54 32	 => 190
 1 32 54 51 48 4	 => 190
 37 3 42 49 9 50	 => 190
 43 50 9 46 28 14	 => 190
 54 14 28 30 13 51	 => 190
 48 51 13 53 23 2	 => 190
 42 19 7 33 40 49	 => 190
 9 49 40 12 34 46	 => 190
 28 46 34 27 25 30	 => 190
 13 30 25 22 47 53	 => 190
 23 53 47 36 21 10	 => 190
 40 33 8 45 52 12	 => 190
 34 12 52 35 31 27	 => 191
 25 27 31 41 44 22	 => 190
 47 22 44 26 16 36	 => 191
 52 45 15 5 39 35	 => 191
 31 35 39 6 38 41	 => 190
 44 41 38 17 24 26	 => 190


===================[TEST 82]===================

##### START ##### Thu May 22 18:35:10 2003



##### CONVERGE ##### Thu May 22 18:36:44 2003

Elapsed time: 94 seconds
Total loop: 165 generations

Result : 188.306

16 30 21 47 40 35 2 13 52 48 10 43 31 6 5 44 53 20 34 36 24 22 54 25 15 1 9 50 33 18 32 27 37 8 45 29 14 23 12 28 49 38 26 41 51 46 11 19 17 39 4 42 7 3 

 16 30 21 47 40 35	 => 189
 2 35 40 13 52 48	 => 190
 10 48 52 43 31 6	 => 190
 21 5 44 53 20 47	 => 190
 40 47 20 34 36 13	 => 190
 52 13 36 24 22 43	 => 190
 31 43 22 54 25 15	 => 190
 44 1 9 50 33 53	 => 190
 20 53 33 18 32 34	 => 190
 36 34 32 27 37 24	 => 190
 22 24 37 8 45 54	 => 190
 25 54 45 29 14 23	 => 190
 33 50 12 28 49 18	 => 190
 32 18 49 38 26 27	 => 190
 37 27 26 41 51 8	 => 190
 45 8 51 46 11 29	 => 190
 49 28 19 17 39 38	 => 190
 26 38 39 4 42 41	 => 190
 51 41 42 7 3 46	 => 190


===================[TEST 83]===================

##### START ##### Thu May 22 18:36:44 2003



##### CONVERGE ##### Thu May 22 18:37:55 2003

Elapsed time: 71 seconds
Total loop: 124 generations

Result : 188.412

24 4 26 53 49 34 6 18 51 32 12 48 33 14 9 41 50 11 25 35 28 10 54 42 3 22 5 27 45 13 46 20 36 23 39 40 7 8 15 38 52 29 30 37 44 43 1 19 21 31 16 47 2 17 

 24 4 26 53 49 34	 => 190
 6 34 49 18 51 32	 => 190
 12 32 51 48 33 14	 => 190
 26 9 41 50 11 53	 => 190
 49 53 11 25 35 18	 => 191
 51 18 35 28 10 48	 => 190
 33 48 10 54 42 3	 => 190
 41 22 5 27 45 50	 => 190
 11 50 45 13 46 25	 => 190
 35 25 46 20 36 28	 => 190
 10 28 36 23 39 54	 => 190
 42 54 39 40 7 8	 => 190
 45 27 15 38 52 13	 => 190
 46 13 52 29 30 20	 => 190
 36 20 30 37 44 23	 => 190
 39 23 44 43 1 40	 => 190
 52 38 19 21 31 29	 => 190
 30 29 31 16 47 37	 => 190
 44 37 47 2 17 43	 => 190


===================[TEST 84]===================

##### START ##### Thu May 22 18:37:55 2003



##### CONVERGE ##### Thu May 22 18:39:13 2003

Elapsed time: 78 seconds
Total loop: 138 generations

Result (Solution) : 190

27 6 24 52 49 32 10 13 51 35 11 45 43 5 2 46 44 22 29 25 42 14 54 31 3 4 15 48 33 26 36 28 30 16 34 50 9 12 7 37 39 38 23 40 53 19 18 21 8 47 1 41 17 20 

 27 6 24 52 49 32	 => 190
 10 32 49 13 51 35	 => 190
 11 35 51 45 43 5	 => 190
 24 2 46 44 22 52	 => 190
 49 52 22 29 25 13	 => 190
 51 13 25 42 14 45	 => 190
 43 45 14 54 31 3	 => 190
 46 4 15 48 33 44	 => 190
 22 44 33 26 36 29	 => 190
 25 29 36 28 30 42	 => 190
 14 42 30 16 34 54	 => 190
 31 54 34 50 9 12	 => 190
 33 48 7 37 39 26	 => 190
 36 26 39 38 23 28	 => 190
 30 28 23 40 53 16	 => 190
 34 16 53 19 18 50	 => 190
 39 37 21 8 47 38	 => 190
 23 38 47 1 41 40	 => 190
 53 40 41 17 20 19	 => 190


===================[TEST 85]===================

##### START ##### Thu May 22 18:39:13 2003



##### CONVERGE ##### Thu May 22 18:41:04 2003

Elapsed time: 111 seconds
Total loop: 194 generations

Result : 188.412

24 28 23 39 45 31 8 17 54 35 15 29 52 5 20 40 43 25 27 37 34 19 49 38 3 10 1 46 50 9 36 30 26 18 44 42 13 4 2 32 51 48 16 53 47 33 6 7 11 41 12 21 14 22 

 24 28 23 39 45 31	 => 190
 8 31 45 17 54 35	 => 190
 15 35 54 29 52 5	 => 190
 23 20 40 43 25 39	 => 190
 45 39 25 27 37 17	 => 190
 54 17 37 34 19 29	 => 190
 52 29 19 49 38 3	 => 190
 40 10 1 46 50 43	 => 190
 25 43 50 9 36 27	 => 190
 37 27 36 30 26 34	 => 190
 19 34 26 18 44 49	 => 190
 38 49 44 42 13 4	 => 190
 50 46 2 32 51 9	 => 190
 36 9 51 48 16 30	 => 190
 26 30 16 53 47 18	 => 190
 44 18 47 33 6 42	 => 190
 51 32 7 11 41 48	 => 190
 16 48 41 12 21 53	 => 191
 47 53 21 14 22 33	 => 190


===================[TEST 86]===================

##### START ##### Thu May 22 18:41:04 2003



##### CONVERGE ##### Thu May 22 18:42:35 2003

Elapsed time: 91 seconds
Total loop: 160 generations

Result : 187.64

10 6 50 36 46 42 2 26 44 30 15 34 53 13 5 45 35 19 32 31 39 16 54 25 8 22 4 37 47 14 43 21 23 17 41 38 12 20 1 40 51 33 28 49 52 24 18 11 7 48 3 29 27 9 

 10 6 50 36 46 42	 => 190
 2 42 46 26 44 30	 => 190
 15 30 44 34 53 13	 => 189
 50 5 45 35 19 36	 => 190
 46 36 19 32 31 26	 => 190
 44 26 31 39 16 34	 => 190
 53 34 16 54 25 8	 => 190
 45 22 4 37 47 35	 => 190
 19 35 47 14 43 32	 => 190
 31 32 43 21 23 39	 => 189
 16 39 23 17 41 54	 => 190
 25 54 41 38 12 20	 => 190
 47 37 1 40 51 14	 => 190
 43 14 51 33 28 21	 => 190
 23 21 28 49 52 17	 => 190
 41 17 52 24 18 38	 => 190
 51 40 11 7 48 33	 => 190
 28 33 48 3 29 49	 => 190
 52 49 29 27 9 24	 => 190


===================[TEST 87]===================

##### START ##### Thu May 22 18:42:35 2003



##### CONVERGE ##### Thu May 22 18:43:29 2003

Elapsed time: 54 seconds
Total loop: 95 generations

Result : 187.412

24 5 27 44 42 48 3 16 45 35 8 49 41 11 12 34 47 25 26 36 39 4 32 54 9 7 13 37 51 18 22 23 43 33 38 31 19 15 2 28 53 52 21 29 40 46 1 6 30 20 17 50 14 10 

 24 5 27 44 42 48	 => 190
 3 48 42 16 45 35	 => 189
 8 35 45 49 41 11	 => 189
 27 12 34 47 25 44	 => 189
 42 44 25 26 36 16	 => 189
 45 16 36 39 4 49	 => 189
 41 49 4 32 54 9	 => 189
 34 7 13 37 51 47	 => 189
 25 47 51 18 22 26	 => 189
 36 26 22 23 43 39	 => 189
 4 39 43 33 38 32	 => 189
 54 32 38 31 19 15	 => 189
 51 37 2 28 53 18	 => 189
 22 18 53 52 21 23	 => 189
 43 23 21 29 40 33	 => 189
 38 33 40 46 1 31	 => 189
 53 28 6 30 20 52	 => 189
 21 52 20 17 50 29	 => 189
 40 29 50 14 10 46	 => 189


===================[TEST 88]===================

##### START ##### Thu May 22 18:43:29 2003



##### CONVERGE ##### Thu May 22 18:45:05 2003

Elapsed time: 96 seconds
Total loop: 168 generations

Result : 187.501

11 12 54 32 52 29 10 17 44 39 13 49 42 4 2 31 47 25 24 40 27 14 46 37 3 6 20 34 53 9 33 36 30 23 51 43 8 5 7 38 50 41 22 35 45 28 1 15 21 26 19 48 16 18 

 11 12 54 32 52 29	 => 190
 10 29 52 17 44 39	 => 191
 13 39 44 49 42 4	 => 191
 54 2 31 47 25 32	 => 191
 52 32 25 24 40 17	 => 190
 44 17 40 27 14 49	 => 191
 42 49 14 46 37 3	 => 191
 31 6 20 34 53 47	 => 191
 25 47 53 9 33 24	 => 191
 40 24 33 36 30 27	 => 190
 14 27 30 23 51 46	 => 191
 37 46 51 43 8 5	 => 190
 53 34 7 38 50 9	 => 191
 33 9 50 41 22 36	 => 191
 30 36 22 35 45 23	 => 191
 51 23 45 28 1 43	 => 191
 50 38 15 21 26 41	 => 191
 22 41 26 19 48 35	 => 191
 45 35 48 16 18 28	 => 190


===================[TEST 89]===================

##### START ##### Thu May 22 18:45:05 2003



##### CONVERGE ##### Thu May 22 18:46:02 2003

Elapsed time: 57 seconds
Total loop: 100 generations

Result : 187.85

13 9 29 45 44 50 3 12 51 30 11 48 46 5 4 35 52 25 31 33 32 14 47 34 1 15 16 49 23 21 38 20 36 24 37 40 6 26 2 42 53 41 17 54 39 28 22 10 18 27 8 43 7 19 

 13 9 29 45 44 50	 => 190
 3 50 44 12 51 30	 => 190
 11 30 51 48 46 5	 => 191
 29 4 35 52 25 45	 => 190
 44 45 25 31 33 12	 => 190
 51 12 33 32 14 48	 => 190
 46 48 14 47 34 1	 => 190
 35 15 16 49 23 52	 => 190
 25 52 23 21 38 31	 => 190
 33 31 38 20 36 32	 => 190
 14 32 36 24 37 47	 => 190
 34 47 37 40 6 26	 => 190
 23 49 2 42 53 21	 => 190
 38 21 53 41 17 20	 => 190
 36 20 17 54 39 24	 => 190
 37 24 39 28 22 40	 => 190
 53 42 10 18 27 41	 => 191
 17 41 27 8 43 54	 => 190
 39 54 43 7 19 28	 => 190


===================[TEST 90]===================

##### START ##### Thu May 22 18:46:02 2003



##### CONVERGE ##### Thu May 22 18:47:31 2003

Elapsed time: 89 seconds
Total loop: 157 generations

Result (Solution) : 190

9 18 36 41 32 54 5 14 34 51 6 49 26 24 1 44 38 30 27 46 25 22 48 29 16 8 12 35 53 11 31 33 28 17 50 43 7 13 2 42 47 45 23 52 37 39 4 15 21 20 10 40 3 19 

 9 18 36 41 32 54	 => 190
 5 54 32 14 34 51	 => 190
 6 51 34 49 26 24	 => 190
 36 1 44 38 30 41	 => 190
 32 41 30 27 46 14	 => 190
 34 14 46 25 22 49	 => 190
 26 49 22 48 29 16	 => 190
 44 8 12 35 53 38	 => 190
 30 38 53 11 31 27	 => 190
 46 27 31 33 28 25	 => 190
 22 25 28 17 50 48	 => 190
 29 48 50 43 7 13	 => 190
 53 35 2 42 47 11	 => 190
 31 11 47 45 23 33	 => 190
 28 33 23 52 37 17	 => 190
 50 17 37 39 4 43	 => 190
 47 42 15 21 20 45	 => 190
 23 45 20 10 40 52	 => 190
 37 52 40 3 19 39	 => 190


===================[TEST 91]===================

##### START ##### Thu May 22 18:47:31 2003



##### CONVERGE ##### Thu May 22 18:49:02 2003

Elapsed time: 91 seconds
Total loop: 158 generations

Result : 187.478

12 8 31 50 48 41 17 5 47 32 11 54 39 7 9 36 38 26 33 29 35 20 42 34 1 16 27 28 45 19 30 23 40 3 51 37 4 22 2 52 44 49 25 53 46 43 10 15 6 24 18 21 13 14 

 12 8 31 50 48 41	 => 190
 17 41 48 5 47 32	 => 190
 11 32 47 54 39 7	 => 190
 31 9 36 38 26 50	 => 190
 48 50 26 33 29 5	 => 191
 47 5 29 35 20 54	 => 190
 39 54 20 42 34 1	 => 190
 36 16 27 28 45 38	 => 190
 26 38 45 19 30 33	 => 191
 29 33 30 23 40 35	 => 190
 20 35 40 3 51 42	 => 191
 34 42 51 37 4 22	 => 190
 45 28 2 52 44 19	 => 190
 30 19 44 49 25 23	 => 190
 40 23 25 53 46 3	 => 190
 51 3 46 43 10 37	 => 190
 44 52 15 6 24 49	 => 190
 25 49 24 18 21 53	 => 190
 46 53 21 13 14 43	 => 190


===================[TEST 92]===================

##### START ##### Thu May 22 18:49:02 2003



##### CONVERGE ##### Thu May 22 18:49:50 2003

Elapsed time: 48 seconds
Total loop: 85 generations

Result : 186.85

7 12 47 40 53 31 2 5 54 44 8 50 15 18 16 36 27 23 42 26 25 29 45 37 14 9 20 46 51 13 33 39 24 32 34 30 22 21 1 43 35 52 17 28 49 41 3 10 11 38 6 48 19 4 

 7 12 47 40 53 31	 => 190
 2 31 53 5 54 44	 => 189
 8 44 54 50 15 18	 => 189
 47 16 36 27 23 40	 => 189
 53 40 23 42 26 5	 => 189
 54 5 26 25 29 50	 => 189
 15 50 29 45 37 14	 => 190
 36 9 20 46 51 27	 => 189
 23 27 51 13 33 42	 => 189
 26 42 33 39 24 25	 => 189
 29 25 24 32 34 45	 => 189
 37 45 34 30 22 21	 => 189
 51 46 1 43 35 13	 => 189
 33 13 35 52 17 39	 => 189
 24 39 17 28 49 32	 => 189
 34 32 49 41 3 30	 => 189
 35 43 10 11 38 52	 => 189
 17 52 38 6 48 28	 => 189
 49 28 48 19 4 41	 => 189


===================[TEST 93]===================

##### START ##### Thu May 22 18:49:50 2003



##### CONVERGE ##### Thu May 22 18:51:12 2003

Elapsed time: 82 seconds
Total loop: 143 generations

Result : 188.306

17 3 31 53 48 38 8 6 51 39 2 54 40 4 13 32 36 25 24 34 23 22 47 20 7 27 1 50 44 15 46 33 30 19 49 35 26 12 9 29 43 42 11 52 45 37 5 14 21 41 16 28 10 18 

 17 3 31 53 48 38	 => 190
 8 38 48 6 51 39	 => 190
 2 39 51 54 40 4	 => 190
 31 13 32 36 25 53	 => 190
 48 53 25 24 34 6	 => 190
 51 6 34 23 22 54	 => 190
 40 54 22 47 20 7	 => 190
 32 27 1 50 44 36	 => 190
 25 36 44 15 46 24	 => 190
 34 24 46 33 30 23	 => 190
 22 23 30 19 49 47	 => 190
 20 47 49 35 26 12	 => 189
 44 50 9 29 43 15	 => 190
 46 15 43 42 11 33	 => 190
 30 33 11 52 45 19	 => 190
 49 19 45 37 5 35	 => 190
 43 29 14 21 41 42	 => 190
 11 42 41 16 28 52	 => 190
 45 52 28 10 18 37	 => 190


===================[TEST 94]===================

##### START ##### Thu May 22 18:51:12 2003



##### CONVERGE ##### Thu May 22 18:52:08 2003

Elapsed time: 56 seconds
Total loop: 99 generations

Result : 187.412

18 6 25 54 47 40 15 9 49 29 3 45 44 19 4 52 32 22 23 34 38 14 33 48 5 2 7 43 53 31 28 36 30 24 50 35 13 10 8 12 42 41 11 51 37 26 17 27 21 46 1 39 20 16 

 18 6 25 54 47 40	 => 190
 15 40 47 9 49 29	 => 189
 3 29 49 45 44 19	 => 189
 25 4 52 32 22 54	 => 189
 47 54 22 23 34 9	 => 189
 49 9 34 38 14 45	 => 189
 44 45 14 33 48 5	 => 189
 52 2 7 43 53 32	 => 189
 22 32 53 31 28 23	 => 189
 34 23 28 36 30 38	 => 189
 14 38 30 24 50 33	 => 189
 48 33 50 35 13 10	 => 189
 53 43 8 12 42 31	 => 189
 28 31 42 41 11 36	 => 189
 30 36 11 51 37 24	 => 189
 50 24 37 26 17 35	 => 189
 42 12 27 21 46 41	 => 189
 11 41 46 1 39 51	 => 189
 37 51 39 20 16 26	 => 189


===================[TEST 95]===================

##### START ##### Thu May 22 18:52:08 2003



##### CONVERGE ##### Thu May 22 18:53:21 2003

Elapsed time: 73 seconds
Total loop: 127 generations

Result : 187.64

24 15 28 42 44 37 4 16 53 36 19 49 27 5 9 50 52 8 48 32 33 7 54 35 18 2 14 38 34 17 31 20 26 25 45 29 6 21 10 40 51 41 30 46 43 47 1 13 22 23 11 39 3 12 

 24 15 28 42 44 37	 => 190
 4 37 44 16 53 36	 => 190
 19 36 53 49 27 5	 => 189
 28 9 50 52 8 42	 => 189
 44 42 8 48 32 16	 => 190
 53 16 32 33 7 49	 => 190
 27 49 7 54 35 18	 => 190
 50 2 14 38 34 52	 => 190
 8 52 34 17 31 48	 => 190
 32 48 31 20 26 33	 => 190
 7 33 26 25 45 54	 => 190
 35 54 45 29 6 21	 => 190
 34 38 10 40 51 17	 => 190
 31 17 51 41 30 20	 => 190
 26 20 30 46 43 25	 => 190
 45 25 43 47 1 29	 => 190
 51 40 13 22 23 41	 => 190
 30 41 23 11 39 46	 => 190
 43 46 39 3 12 47	 => 190


===================[TEST 96]===================

##### START ##### Thu May 22 18:53:21 2003



##### CONVERGE ##### Thu May 22 18:54:55 2003

Elapsed time: 94 seconds
Total loop: 165 generations

Result : 187.478

16 3 31 51 53 36 5 20 54 22 2 49 50 13 11 47 42 9 28 29 32 6 43 30 12 14 8 34 45 27 39 21 41 17 52 35 7 23 1 37 46 33 25 48 38 44 4 10 24 40 18 26 19 15 

 16 3 31 51 53 36	 => 190
 5 36 53 20 54 22	 => 190
 2 22 54 49 50 13	 => 190
 31 11 47 42 9 51	 => 191
 53 51 9 28 29 20	 => 190
 54 20 29 32 6 49	 => 190
 50 49 6 43 30 12	 => 190
 47 14 8 34 45 42	 => 190
 9 42 45 27 39 28	 => 190
 29 28 39 21 41 32	 => 190
 6 32 41 17 52 43	 => 191
 30 43 52 35 7 23	 => 190
 45 34 1 37 46 27	 => 190
 39 27 46 33 25 21	 => 191
 41 21 25 48 38 17	 => 190
 52 17 38 44 4 35	 => 190
 46 37 10 24 40 33	 => 190
 25 33 40 18 26 48	 => 190
 38 48 26 19 15 44	 => 190


===================[TEST 97]===================

##### START ##### Thu May 22 18:54:55 2003



##### CONVERGE ##### Thu May 22 18:56:36 2003

Elapsed time: 101 seconds
Total loop: 178 generations

Result : 187.85

10 13 41 53 43 30 15 22 47 33 25 51 32 2 1 40 37 18 28 26 36 8 54 34 11 3 27 44 39 16 52 20 29 19 45 24 21 12 5 38 48 31 23 50 49 46 7 17 14 42 9 35 6 4 

 10 13 41 53 43 30	 => 190
 15 30 43 22 47 33	 => 190
 25 33 47 51 32 2	 => 190
 41 1 40 37 18 53	 => 190
 43 53 18 28 26 22	 => 190
 47 22 26 36 8 51	 => 190
 32 51 8 54 34 11	 => 190
 40 3 27 44 39 37	 => 190
 18 37 39 16 52 28	 => 190
 26 28 52 20 29 36	 => 191
 8 36 29 19 45 54	 => 191
 34 54 45 24 21 12	 => 190
 39 44 5 38 48 16	 => 190
 52 16 48 31 23 20	 => 190
 29 20 23 50 49 19	 => 190
 45 19 49 46 7 24	 => 190
 48 38 17 14 42 31	 => 190
 23 31 42 9 35 50	 => 190
 49 50 35 6 4 46	 => 190


===================[TEST 98]===================

##### START ##### Thu May 22 18:56:36 2003



##### CONVERGE ##### Thu May 22 18:58:29 2003

Elapsed time: 113 seconds
Total loop: 198 generations

Result (Solution) : 190

13 4 41 45 47 40 7 18 48 30 1 54 28 29 8 31 49 16 37 27 32 11 51 26 20 23 6 42 39 24 25 34 35 9 52 46 3 12 5 44 36 50 21 53 38 43 2 10 17 33 14 19 15 22 

 13 4 41 45 47 40	 => 190
 7 40 47 18 48 30	 => 190
 1 30 48 54 28 29	 => 190
 41 8 31 49 16 45	 => 190
 47 45 16 37 27 18	 => 190
 48 18 27 32 11 54	 => 190
 28 54 11 51 26 20	 => 190
 31 23 6 42 39 49	 => 190
 16 49 39 24 25 37	 => 190
 27 37 25 34 35 32	 => 190
 11 32 35 9 52 51	 => 190
 26 51 52 46 3 12	 => 190
 39 42 5 44 36 24	 => 190
 25 24 36 50 21 34	 => 190
 35 34 21 53 38 9	 => 190
 52 9 38 43 2 46	 => 190
 36 44 10 17 33 50	 => 190
 21 50 33 14 19 53	 => 190
 38 53 19 15 22 43	 => 190


===================[TEST 99]===================

##### START ##### Thu May 22 18:58:29 2003



##### CONVERGE ##### Thu May 22 18:59:45 2003

Elapsed time: 76 seconds
Total loop: 133 generations

Result (Solution) : 190

2 30 44 49 37 28 25 21 50 29 11 47 36 17 3 42 38 14 43 26 22 24 54 23 6 10 16 31 53 15 27 39 33 9 48 41 20 4 5 40 46 51 12 45 52 32 8 1 18 34 13 35 19 7 

 2 30 44 49 37 28	 => 190
 25 28 37 21 50 29	 => 190
 11 29 50 47 36 17	 => 190
 44 3 42 38 14 49	 => 190
 37 49 14 43 26 21	 => 190
 50 21 26 22 24 47	 => 190
 36 47 24 54 23 6	 => 190
 42 10 16 31 53 38	 => 190
 14 38 53 15 27 43	 => 190
 26 43 27 39 33 22	 => 190
 24 22 33 9 48 54	 => 190
 23 54 48 41 20 4	 => 190
 53 31 5 40 46 15	 => 190
 27 15 46 51 12 39	 => 190
 33 39 12 45 52 9	 => 190
 48 9 52 32 8 41	 => 190
 46 40 1 18 34 51	 => 190
 12 51 34 13 35 45	 => 190
 52 45 35 19 7 32	 => 190


===================[TEST 100]===================

##### START ##### Thu May 22 18:59:45 2003



##### CONVERGE ##### Thu May 22 19:01:02 2003

Elapsed time: 77 seconds
Total loop: 134 generations

Result : 187.85

7 22 40 45 49 27 17 15 52 30 3 50 31 24 5 48 32 20 28 33 25 16 54 38 1 9 12 36 53 14 44 41 19 29 47 26 21 4 2 51 34 39 18 46 37 43 8 13 11 42 10 35 6 23 

 7 22 40 45 49 27	 => 190
 17 27 49 15 52 30	 => 190
 3 30 52 50 31 24	 => 190
 40 5 48 32 20 45	 => 190
 49 45 20 28 33 15	 => 190
 52 15 33 25 16 50	 => 191
 31 50 16 54 38 1	 => 190
 48 9 12 36 53 32	 => 190
 20 32 53 14 44 28	 => 191
 33 28 44 41 19 25	 => 190
 16 25 19 29 47 54	 => 190
 38 54 47 26 21 4	 => 190
 53 36 2 51 34 14	 => 190
 44 14 34 39 18 41	 => 190
 19 41 18 46 37 29	 => 190
 47 29 37 43 8 26	 => 190
 34 51 13 11 42 39	 => 190
 18 39 42 10 35 46	 => 190
 37 46 35 6 23 43	 => 190



test#	fitness		sum		time
---------------------------------------------------
1	188.306				72
2	187.501				73
3	187.306				63
4	188.412				95
5	187.794				83
6	190		190		81
7	187.306				59
8	188.306				85
9	187.64				73
10	187.412				102
11	187.501				88
12	187.794				70
13	186.64				44
14	188.412				85
15	188.412				78
16	188.412				82
17	187.85				87
18	188.412				96
19	187.85				79
20	187.64				74
21	187.478				104
22	187.794				78
23	187.64				82
24	187.85				63
25	188.412				73
26	186.85				75
27	187.616				75
28	188.412				111
29	188.412				83
30	186.478				50
31	189		189		55
32	187.85				101
33	187.64				92
34	187.794				102
35	187.163				66
36	188.412				76
37	188.163				93
38	187.616				92
39	187.478				80
40	188.163				158
41	190		190		108
42	188.412				69
43	188.412				78
44	187.478				91
45	188.306				62
46	187.306				54
47	187.306				71
48	187.412				65
49	187.478				63
50	187.158				72
51	188.306				85
52	187.85				76
53	188.412				99
54	187.158				76
55	186.794				59
56	187.616				56
57	187.412				52
58	186.85				60
59	187.268				68
60	188.412				72
61	187.85				81
62	187.794				69
63	188.412				101
64	187.64				73
65	187.478				87
66	188.306				73
67	187.412				66
68	187.85				92
69	187.85				80
70	188.412				70
71	187.64				85
72	187.616				69
73	189		189		48
74	187.85				79
75	187.412				78
76	190		190		79
77	187.412				69
78	189		189		61
79	187.64				99
80	187.794				85
81	187.478				97
82	188.306				94
83	188.412				71
84	190		190		78
85	188.412				111
86	187.64				91
87	187.412				54
88	187.501				96
89	187.85				57
90	190		190		89
91	187.478				91
92	186.85				48
93	188.306				82
94	187.412				56
95	187.64				73
96	187.478				94
97	187.85				101
98	190		190		113
99	190		190		76
100	187.85				77


---------------------------------------------------
Best fitness      : 190 ( test# 6)
Best solution sum : 190 ( test# 6)
Shortest time     : 44 ( test# 13)

Average fitness   : 187.947
Average sol. sum  : 189.7
Average time      : 79.07
