****************** GA TEST *******************

total test#:			 10
hexa min width:			 3
hexa max width:			 5
hexa count:			 19
number count:			 54
population size:		 100
generation size:		 15

tournament winner p:		 1
do xover p:			 1
xover:				 4points
do mutation1 p:			 0.1
mutation1 p:			 0.05
do optimize p:			 1
local optimize count:		 6000
do deep better optimize p:	 1
do deep worse optimize p:	 0
do spin p:			 0
spin count:			 1000
do spin apply p:		 1
do mutation2 p:			 0.12
mutation2 p:			 0.08
force mutation2:		 0
replace bad p:			 0.195

converge rate p:		 0.99
converge count:			 1

**********************************************


===================[TEST 1]===================

##### START ##### Thu May 15 10:22:49 2003



##### CONVERGE ##### Thu May 15 10:23:52 2003

Elapsed time: 63 seconds
Total loop: 371 generations

Result : 188.412

21 17 33 53 32 34 13 25 35 51 6 46 38 14 3 24 54 23 18 39 29 16 50 36 4 22 20 28 42 27 26 30 48 10 37 47 19 1 9 44 40 52 15 43 45 49 2 12 11 31 8 41 5 7 

 21 17 33 53 32 34	 => 190
 13 34 32 25 35 51	 => 190
 6 51 35 46 38 14	 => 190
 33 3 24 54 23 53	 => 190
 32 53 23 18 39 25	 => 190
 35 25 39 29 16 46	 => 190
 38 46 16 50 36 4	 => 190
 24 22 20 28 42 54	 => 190
 23 54 42 27 26 18	 => 190
 39 18 26 30 48 29	 => 190
 16 29 48 10 37 50	 => 190
 36 50 37 47 19 1	 => 190
 42 28 9 44 40 27	 => 190
 26 27 40 52 15 30	 => 190
 48 30 15 43 45 10	 => 191
 37 10 45 49 2 47	 => 190
 40 44 12 11 31 52	 => 190
 15 52 31 8 41 43	 => 190
 45 43 41 5 7 49	 => 190


===================[TEST 2]===================

##### START ##### Thu May 15 10:23:52 2003



##### CONVERGE ##### Thu May 15 10:24:53 2003

Elapsed time: 61 seconds
Total loop: 351 generations

Result : 187.85

15 6 34 53 32 50 4 18 40 46 24 43 30 7 8 25 51 19 27 41 26 22 42 48 5 11 9 49 45 28 20 37 39 14 47 33 17 3 2 29 38 54 13 35 52 44 1 10 23 36 21 31 12 16 

 15 6 34 53 32 50	 => 190
 4 50 32 18 40 46	 => 190
 24 46 40 43 30 7	 => 190
 34 8 25 51 19 53	 => 190
 32 53 19 27 41 18	 => 190
 40 18 41 26 22 43	 => 190
 30 43 22 42 48 5	 => 190
 25 11 9 49 45 51	 => 190
 19 51 45 28 20 27	 => 190
 41 27 20 37 39 26	 => 190
 22 26 39 14 47 42	 => 190
 48 42 47 33 17 3	 => 190
 45 49 2 29 38 28	 => 191
 20 28 38 54 13 37	 => 190
 39 37 13 35 52 14	 => 190
 47 14 52 44 1 33	 => 191
 38 29 10 23 36 54	 => 190
 13 54 36 21 31 35	 => 190
 52 35 31 12 16 44	 => 190


===================[TEST 3]===================

##### START ##### Thu May 15 10:24:53 2003



##### CONVERGE ##### Thu May 15 10:25:34 2003

Elapsed time: 41 seconds
Total loop: 239 generations

Result : 186.412

25 2 39 32 50 40 8 12 48 30 1 46 41 22 21 37 54 5 44 45 18 19 42 34 6 4 13 33 47 15 23 27 31 35 43 36 9 24 14 28 51 52 20 49 26 38 10 17 29 11 3 53 16 7 

 25 2 39 32 50 40	 => 188
 8 40 50 12 48 30	 => 188
 1 30 48 46 41 22	 => 188
 39 21 37 54 5 32	 => 188
 50 32 5 44 45 12	 => 188
 48 12 45 18 19 46	 => 188
 41 46 19 42 34 6	 => 188
 37 4 13 33 47 54	 => 188
 5 54 47 15 23 44	 => 188
 45 44 23 27 31 18	 => 188
 19 18 31 35 43 42	 => 188
 34 42 43 36 9 24	 => 188
 47 33 14 28 51 15	 => 188
 23 15 51 52 20 27	 => 188
 31 27 20 49 26 35	 => 188
 43 35 26 38 10 36	 => 188
 51 28 17 29 11 52	 => 188
 20 52 11 3 53 49	 => 188
 26 49 53 16 7 38	 => 189


===================[TEST 4]===================

##### START ##### Thu May 15 10:25:34 2003



##### CONVERGE ##### Thu May 15 10:26:52 2003

Elapsed time: 78 seconds
Total loop: 455 generations

Result (Solution) : 190

11 5 34 53 43 44 1 6 46 50 8 48 28 10 20 26 40 17 39 32 33 25 41 45 3 12 9 49 54 13 27 30 29 24 38 42 2 22 7 15 52 47 21 35 51 31 4 23 16 37 14 36 18 19 

 11 5 34 53 43 44	 => 190
 1 44 43 6 46 50	 => 190
 8 50 46 48 28 10	 => 190
 34 20 26 40 17 53	 => 190
 43 53 17 39 32 6	 => 190
 46 6 32 33 25 48	 => 190
 28 48 25 41 45 3	 => 190
 26 12 9 49 54 40	 => 190
 17 40 54 13 27 39	 => 190
 32 39 27 30 29 33	 => 190
 25 33 29 24 38 41	 => 190
 45 41 38 42 2 22	 => 190
 54 49 7 15 52 13	 => 190
 27 13 52 47 21 30	 => 190
 29 30 21 35 51 24	 => 190
 38 24 51 31 4 42	 => 190
 52 15 23 16 37 47	 => 190
 21 47 37 14 36 35	 => 190
 51 35 36 18 19 31	 => 190


===================[TEST 5]===================

##### START ##### Thu May 15 10:26:52 2003



##### CONVERGE ##### Thu May 15 10:27:37 2003

Elapsed time: 45 seconds
Total loop: 262 generations

Result : 187.64

8 17 33 51 50 31 5 21 46 37 12 53 36 6 10 48 45 3 40 25 29 16 44 32 9 4 2 39 52 7 43 18 35 23 42 47 11 13 14 24 54 41 27 38 49 28 1 22 19 30 20 34 26 15 

 8 17 33 51 50 31	 => 190
 5 31 50 21 46 37	 => 190
 12 37 46 53 36 6	 => 190
 33 10 48 45 3 51	 => 190
 50 51 3 40 25 21	 => 190
 46 21 25 29 16 53	 => 190
 36 53 16 44 32 9	 => 190
 48 4 2 39 52 45	 => 190
 3 45 52 7 43 40	 => 190
 25 40 43 18 35 29	 => 190
 16 29 35 23 42 44	 => 189
 32 44 42 47 11 13	 => 189
 52 39 14 24 54 7	 => 190
 43 7 54 41 27 18	 => 190
 35 18 27 38 49 23	 => 190
 42 23 49 28 1 47	 => 190
 54 24 22 19 30 41	 => 190
 27 41 30 20 34 38	 => 190
 49 38 34 26 15 28	 => 190


===================[TEST 6]===================

##### START ##### Thu May 15 10:27:37 2003



##### CONVERGE ##### Thu May 15 10:28:43 2003

Elapsed time: 66 seconds
Total loop: 381 generations

Result : 187.087

18 13 32 53 29 46 3 20 48 45 12 43 39 4 2 30 52 22 33 34 36 10 54 28 17 9 14 44 41 16 26 38 23 25 42 49 11 6 8 31 50 40 21 37 47 27 1 15 19 35 7 51 5 24 

 18 13 32 53 29 46	 => 191
 3 46 29 20 48 45	 => 191
 12 45 48 43 39 4	 => 191
 32 2 30 52 22 53	 => 191
 29 53 22 33 34 20	 => 191
 48 20 34 36 10 43	 => 191
 39 43 10 54 28 17	 => 191
 30 9 14 44 41 52	 => 190
 22 52 41 16 26 33	 => 190
 34 33 26 38 23 36	 => 190
 10 36 23 25 42 54	 => 190
 28 54 42 49 11 6	 => 190
 41 44 8 31 50 16	 => 190
 26 16 50 40 21 38	 => 191
 23 38 21 37 47 25	 => 191
 42 25 47 27 1 49	 => 191
 50 31 15 19 35 40	 => 190
 21 40 35 7 51 37	 => 191
 47 37 51 5 24 27	 => 191


===================[TEST 7]===================

##### START ##### Thu May 15 10:28:43 2003



##### CONVERGE ##### Thu May 15 10:29:54 2003

Elapsed time: 71 seconds
Total loop: 417 generations

Result : 187.616

6 15 46 44 49 30 17 12 53 29 3 41 45 19 1 36 48 14 31 40 28 16 51 26 11 22 9 42 33 25 39 18 34 10 52 32 27 2 8 35 47 37 24 50 54 38 4 21 7 43 13 23 20 5 

 6 15 46 44 49 30	 => 190
 17 30 49 12 53 29	 => 190
 3 29 53 41 45 19	 => 190
 46 1 36 48 14 44	 => 189
 49 44 14 31 40 12	 => 190
 53 12 40 28 16 41	 => 190
 45 41 16 51 26 11	 => 190
 36 22 9 42 33 48	 => 190
 14 48 33 25 39 31	 => 190
 40 31 39 18 34 28	 => 190
 16 28 34 10 52 51	 => 191
 26 51 52 32 27 2	 => 190
 33 42 8 35 47 25	 => 190
 39 25 47 37 24 18	 => 190
 34 18 24 50 54 10	 => 190
 52 10 54 38 4 32	 => 190
 47 35 21 7 43 37	 => 190
 24 37 43 13 23 50	 => 190
 54 50 23 20 5 38	 => 190


===================[TEST 8]===================

##### START ##### Thu May 15 10:29:54 2003



##### CONVERGE ##### Thu May 15 10:30:54 2003

Elapsed time: 60 seconds
Total loop: 349 generations

Result : 188.306

2 21 30 42 47 48 8 14 40 33 6 52 43 16 25 38 35 20 31 36 26 22 51 19 3 15 28 24 50 13 41 29 27 11 53 45 4 18 10 49 44 39 23 54 46 34 1 12 9 37 5 32 17 7 

 2 21 30 42 47 48	 => 190
 8 48 47 14 40 33	 => 190
 6 33 40 52 43 16	 => 190
 30 25 38 35 20 42	 => 190
 47 42 20 31 36 14	 => 190
 40 14 36 26 22 52	 => 190
 43 52 22 51 19 3	 => 190
 38 15 28 24 50 35	 => 190
 20 35 50 13 41 31	 => 190
 36 31 41 29 27 26	 => 190
 22 26 27 11 53 51	 => 190
 19 51 53 45 4 18	 => 190
 50 24 10 49 44 13	 => 190
 41 13 44 39 23 29	 => 189
 27 29 23 54 46 11	 => 190
 53 11 46 34 1 45	 => 190
 44 49 12 9 37 39	 => 190
 23 39 37 5 32 54	 => 190
 46 54 32 17 7 34	 => 190


===================[TEST 9]===================

##### START ##### Thu May 15 10:30:54 2003



##### CONVERGE ##### Thu May 15 10:31:57 2003

Elapsed time: 63 seconds
Total loop: 362 generations

Result : 186.616

18 12 44 41 49 25 15 20 52 28 5 33 48 23 8 36 46 14 34 32 43 9 50 42 7 2 13 45 47 27 21 40 19 29 39 35 22 1 16 17 37 54 10 38 53 30 3 6 24 51 4 31 11 26 

 18 12 44 41 49 25	 => 189
 15 25 49 20 52 28	 => 189
 5 28 52 33 48 23	 => 189
 44 8 36 46 14 41	 => 189
 49 41 14 34 32 20	 => 190
 52 20 32 43 9 33	 => 189
 48 33 9 50 42 7	 => 189
 36 2 13 45 47 46	 => 189
 14 46 47 27 21 34	 => 189
 32 34 21 40 19 43	 => 189
 9 43 19 29 39 50	 => 189
 42 50 39 35 22 1	 => 189
 47 45 16 17 37 27	 => 189
 21 27 37 54 10 40	 => 189
 19 40 10 38 53 29	 => 189
 39 29 53 30 3 35	 => 189
 37 17 6 24 51 54	 => 189
 10 54 51 4 31 38	 => 188
 53 38 31 11 26 30	 => 189


===================[TEST 10]===================

##### START ##### Thu May 15 10:31:57 2003



##### CONVERGE ##### Thu May 15 10:32:59 2003

Elapsed time: 62 seconds
Total loop: 364 generations

Result : 186.64

8 20 34 46 37 44 12 15 45 36 5 48 31 24 2 38 47 22 43 26 29 25 30 51 4 19 7 28 50 17 10 41 40 11 54 42 3 9 18 23 53 52 16 32 49 27 6 1 21 39 14 35 33 13 

 8 20 34 46 37 44	 => 189
 12 44 37 15 45 36	 => 189
 5 36 45 48 31 24	 => 189
 34 2 38 47 22 46	 => 189
 37 46 22 43 26 15	 => 189
 45 15 26 29 25 48	 => 188
 31 48 25 30 51 4	 => 189
 38 19 7 28 50 47	 => 189
 22 47 50 17 10 43	 => 189
 26 43 10 41 40 29	 => 189
 25 29 40 11 54 30	 => 189
 51 30 54 42 3 9	 => 189
 50 28 18 23 53 17	 => 189
 10 17 53 52 16 41	 => 189
 40 41 16 32 49 11	 => 189
 54 11 49 27 6 42	 => 189
 53 23 1 21 39 52	 => 189
 16 52 39 14 35 32	 => 188
 49 32 35 33 13 27	 => 189



test#	fitness		sum		time
---------------------------------------------------
1	188.412				63
2	187.85				61
3	186.412				41
4	190		190		78
5	187.64				45
6	187.087				66
7	187.616				71
8	188.306				60
9	186.616				63
10	186.64				62


---------------------------------------------------
Best fitness      : 190 ( test# 4)
Best solution sum : 190 ( test# 4)
Shortest time     : 41 ( test# 3)

Average fitness   : 187.658
Average sol. sum  : 190
Average time      : 61
