****************** GA TEST *******************

total test#:			 10
hexa min width:			 3
hexa max width:			 5
hexa count:			 19
number count:			 54
population size:		 100
generation size:		 12

tournament winner p:		 1
do xover p:			 1
xover:				 4points
do mutation1 p:			 0.1
mutation1 p:			 0.05
do optimize p:			 1
local optimize count:		 6000
do deep better optimize p:	 1
do deep worse optimize p:	 0
do spin p:			 0
spin count:			 1000
do spin apply p:		 1
do mutation2 p:			 0.12
mutation2 p:			 0.08
force mutation2:		 0
replace bad p:			 0.195

converge rate p:		 0.99
converge count:			 1

**********************************************


===================[TEST 1]===================

##### START ##### Thu May 15 09:06:19 2003



##### CONVERGE ##### Thu May 15 09:07:25 2003

Elapsed time: 66 seconds
Total loop: 477 generations

Result : 187.794

4 6 38 53 47 43 5 11 51 34 9 45 48 3 8 25 54 13 32 35 29 20 41 26 10 15 14 31 52 12 28 37 30 22 49 33 23 19 7 39 50 40 24 36 42 44 1 18 16 27 17 46 2 21 

 4 6 38 53 47 43	 => 191
 5 43 47 11 51 34	 => 191
 9 34 51 45 48 3	 => 190
 38 8 25 54 13 53	 => 191
 47 53 13 32 35 11	 => 191
 51 11 35 29 20 45	 => 191
 48 45 20 41 26 10	 => 190
 25 15 14 31 52 54	 => 191
 13 54 52 12 28 32	 => 191
 35 32 28 37 30 29	 => 191
 20 29 30 22 49 41	 => 191
 26 41 49 33 23 19	 => 191
 52 31 7 39 50 12	 => 191
 28 12 50 40 24 37	 => 191
 30 37 24 36 42 22	 => 191
 49 22 42 44 1 33	 => 191
 50 39 18 16 27 40	 => 190
 24 40 27 17 46 36	 => 190
 42 36 46 2 21 44	 => 191


===================[TEST 2]===================

##### START ##### Thu May 15 09:07:25 2003



##### CONVERGE ##### Thu May 15 09:08:12 2003

Elapsed time: 47 seconds
Total loop: 344 generations

Result : 186.478

6 17 37 33 49 48 4 12 45 31 19 53 34 8 5 40 52 22 46 27 32 21 39 35 7 24 9 38 26 25 18 23 43 3 51 36 15 13 30 29 41 54 28 42 50 47 2 11 10 44 1 20 14 16 

 6 17 37 33 49 48	 => 190
 4 48 49 12 45 31	 => 189
 19 31 45 53 34 8	 => 190
 37 5 40 52 22 33	 => 189
 49 33 22 46 27 12	 => 189
 45 12 27 32 21 53	 => 190
 34 53 21 39 35 7	 => 189
 40 24 9 38 26 52	 => 189
 22 52 26 25 18 46	 => 189
 27 46 18 23 43 32	 => 189
 21 32 43 3 51 39	 => 189
 35 39 51 36 15 13	 => 189
 26 38 30 29 41 25	 => 189
 18 25 41 54 28 23	 => 189
 43 23 28 42 50 3	 => 189
 51 3 50 47 2 36	 => 189
 41 29 11 10 44 54	 => 189
 28 54 44 1 20 42	 => 189
 50 42 20 14 16 47	 => 189


===================[TEST 3]===================

##### START ##### Thu May 15 09:08:12 2003



##### CONVERGE ##### Thu May 15 09:08:51 2003

Elapsed time: 39 seconds
Total loop: 284 generations

Result (Solution) : 190

9 28 30 51 46 26 5 13 48 52 11 53 25 1 16 42 39 12 35 33 29 14 47 41 10 3 17 45 44 20 40 31 22 24 54 23 7 18 4 43 34 38 27 37 49 32 8 19 6 50 2 36 21 15 

 9 28 30 51 46 26	 => 190
 5 26 46 13 48 52	 => 190
 11 52 48 53 25 1	 => 190
 30 16 42 39 12 51	 => 190
 46 51 12 35 33 13	 => 190
 48 13 33 29 14 53	 => 190
 25 53 14 47 41 10	 => 190
 42 3 17 45 44 39	 => 190
 12 39 44 20 40 35	 => 190
 33 35 40 31 22 29	 => 190
 14 29 22 24 54 47	 => 190
 41 47 54 23 7 18	 => 190
 44 45 4 43 34 20	 => 190
 40 20 34 38 27 31	 => 190
 22 31 27 37 49 24	 => 190
 54 24 49 32 8 23	 => 190
 34 43 19 6 50 38	 => 190
 27 38 50 2 36 37	 => 190
 49 37 36 21 15 32	 => 190


===================[TEST 4]===================

##### START ##### Thu May 15 09:08:51 2003



##### CONVERGE ##### Thu May 15 09:10:02 2003

Elapsed time: 71 seconds
Total loop: 511 generations

Result : 188.412

8 2 49 48 52 31 3 19 46 39 5 54 36 10 11 25 43 14 28 29 38 4 51 23 22 13 18 41 50 21 34 26 35 17 45 32 6 33 1 30 47 42 20 40 53 27 16 15 12 44 7 37 24 9 

 8 2 49 48 52 31	 => 190
 3 31 52 19 46 39	 => 190
 5 39 46 54 36 10	 => 190
 49 11 25 43 14 48	 => 190
 52 48 14 28 29 19	 => 190
 46 19 29 38 4 54	 => 190
 36 54 4 51 23 22	 => 190
 25 13 18 41 50 43	 => 190
 14 43 50 21 34 28	 => 190
 29 28 34 26 35 38	 => 190
 4 38 35 17 45 51	 => 190
 23 51 45 32 6 33	 => 190
 50 41 1 30 47 21	 => 190
 34 21 47 42 20 26	 => 190
 35 26 20 40 53 17	 => 191
 45 17 53 27 16 32	 => 190
 47 30 15 12 44 42	 => 190
 20 42 44 7 37 40	 => 190
 53 40 37 24 9 27	 => 190


===================[TEST 5]===================

##### START ##### Thu May 15 09:10:02 2003



##### CONVERGE ##### Thu May 15 09:10:45 2003

Elapsed time: 43 seconds
Total loop: 313 generations

Result : 187.478

4 23 29 49 51 34 3 18 48 36 5 50 41 10 7 43 53 9 24 39 21 14 54 30 1 20 2 27 45 22 37 38 32 25 44 40 16 6 15 47 35 46 12 52 31 42 8 17 13 33 19 28 26 11 

 4 23 29 49 51 34	 => 190
 3 34 51 18 48 36	 => 190
 5 36 48 50 41 10	 => 190
 29 7 43 53 9 49	 => 190
 51 49 9 24 39 18	 => 190
 48 18 39 21 14 50	 => 190
 41 50 14 54 30 1	 => 190
 43 20 2 27 45 53	 => 190
 9 53 45 22 37 24	 => 190
 39 24 37 38 32 21	 => 191
 14 21 32 25 44 54	 => 190
 30 54 44 40 16 6	 => 190
 45 27 15 47 35 22	 => 191
 37 22 35 46 12 38	 => 190
 32 38 12 52 31 25	 => 190
 44 25 31 42 8 40	 => 190
 35 47 17 13 33 46	 => 191
 12 46 33 19 28 52	 => 190
 31 52 28 26 11 42	 => 190


===================[TEST 6]===================

##### START ##### Thu May 15 09:10:45 2003



##### CONVERGE ##### Thu May 15 09:11:44 2003

Elapsed time: 59 seconds
Total loop: 429 generations

Result : 187.412

11 2 37 54 48 38 1 12 46 44 10 53 30 6 3 26 51 18 22 35 29 14 43 41 8 23 13 45 31 20 47 32 24 27 52 16 4 33 7 50 36 39 15 42 49 28 17 21 9 34 19 40 5 25 

 11 2 37 54 48 38	 => 190
 1 38 48 12 46 44	 => 189
 10 44 46 53 30 6	 => 189
 37 3 26 51 18 54	 => 189
 48 54 18 22 35 12	 => 189
 46 12 35 29 14 53	 => 189
 30 53 14 43 41 8	 => 189
 26 23 13 45 31 51	 => 189
 18 51 31 20 47 22	 => 189
 35 22 47 32 24 29	 => 189
 14 29 24 27 52 43	 => 189
 41 43 52 16 4 33	 => 189
 31 45 7 50 36 20	 => 189
 47 20 36 39 15 32	 => 189
 24 32 15 42 49 27	 => 189
 52 27 49 28 17 16	 => 189
 36 50 21 9 34 39	 => 189
 15 39 34 19 40 42	 => 189
 49 42 40 5 25 28	 => 189


===================[TEST 7]===================

##### START ##### Thu May 15 09:11:44 2003



##### CONVERGE ##### Thu May 15 09:13:33 2003

Elapsed time: 109 seconds
Total loop: 793 generations

Result : 187.64

28 2 24 51 48 37 1 27 54 23 25 40 39 9 15 38 44 17 26 21 34 14 52 35 10 12 5 46 45 22 36 31 42 19 29 49 16 8 3 33 41 47 13 53 32 50 11 20 6 43 4 30 18 7 

 28 2 24 51 48 37	 => 190
 1 37 48 27 54 23	 => 190
 25 23 54 40 39 9	 => 190
 24 15 38 44 17 51	 => 189
 48 51 17 26 21 27	 => 190
 54 27 21 34 14 40	 => 190
 39 40 14 52 35 10	 => 190
 38 12 5 46 45 44	 => 190
 17 44 45 22 36 26	 => 190
 21 26 36 31 42 34	 => 190
 14 34 42 19 29 52	 => 190
 35 52 29 49 16 8	 => 189
 45 46 3 33 41 22	 => 190
 36 22 41 47 13 31	 => 190
 42 31 13 53 32 19	 => 190
 29 19 32 50 11 49	 => 190
 41 33 20 6 43 47	 => 190
 13 47 43 4 30 53	 => 190
 32 53 30 18 7 50	 => 190


===================[TEST 8]===================

##### START ##### Thu May 15 09:13:33 2003



##### CONVERGE ##### Thu May 15 09:15:03 2003

Elapsed time: 90 seconds
Total loop: 660 generations

Result : 187.616

15 12 41 45 40 37 5 30 26 52 14 51 25 22 8 28 47 21 23 31 36 16 44 53 1 7 17 49 42 19 38 27 34 13 48 33 10 2 9 39 32 54 20 46 50 35 11 18 4 43 3 24 29 6 

 15 12 41 45 40 37	 => 190
 5 37 40 30 26 52	 => 190
 14 52 26 51 25 22	 => 190
 41 8 28 47 21 45	 => 190
 40 45 21 23 31 30	 => 190
 26 30 31 36 16 51	 => 190
 25 51 16 44 53 1	 => 190
 28 7 17 49 42 47	 => 190
 21 47 42 19 38 23	 => 190
 31 23 38 27 34 36	 => 189
 16 36 34 13 48 44	 => 191
 53 44 48 33 10 2	 => 190
 42 49 9 39 32 19	 => 190
 38 19 32 54 20 27	 => 190
 34 27 20 46 50 13	 => 190
 48 13 50 35 11 33	 => 190
 32 39 18 4 43 54	 => 190
 20 54 43 3 24 46	 => 190
 50 46 24 29 6 35	 => 190


===================[TEST 9]===================

##### START ##### Thu May 15 09:15:03 2003



##### CONVERGE ##### Thu May 15 09:15:52 2003

Elapsed time: 49 seconds
Total loop: 356 generations

Result : 188.306

20 4 38 41 53 33 12 9 52 31 6 43 47 11 2 37 48 24 21 42 30 14 35 50 1 16 8 32 49 23 25 27 45 26 40 34 3 28 13 22 51 54 10 36 46 39 5 15 19 29 17 44 18 7 

 20 4 38 41 53 33	 => 189
 12 33 53 9 52 31	 => 190
 6 31 52 43 47 11	 => 190
 38 2 37 48 24 41	 => 190
 53 41 24 21 42 9	 => 190
 52 9 42 30 14 43	 => 190
 47 43 14 35 50 1	 => 190
 37 16 8 32 49 48	 => 190
 24 48 49 23 25 21	 => 190
 42 21 25 27 45 30	 => 190
 14 30 45 26 40 35	 => 190
 50 35 40 34 3 28	 => 190
 49 32 13 22 51 23	 => 190
 25 23 51 54 10 27	 => 190
 45 27 10 36 46 26	 => 190
 40 26 46 39 5 34	 => 190
 51 22 15 19 29 54	 => 190
 10 54 29 17 44 36	 => 190
 46 36 44 18 7 39	 => 190


===================[TEST 10]===================

##### START ##### Thu May 15 09:15:52 2003



##### CONVERGE ##### Thu May 15 09:16:43 2003

Elapsed time: 51 seconds
Total loop: 365 generations

Result : 187.85

12 5 44 49 51 29 15 19 31 45 17 52 34 11 1 36 54 6 22 43 27 18 47 35 4 25 9 20 46 24 38 28 32 26 40 39 8 21 10 53 37 41 23 48 33 50 2 14 3 42 7 30 13 16 

 12 5 44 49 51 29	 => 190
 15 29 51 19 31 45	 => 190
 17 45 31 52 34 11	 => 190
 44 1 36 54 6 49	 => 190
 51 49 6 22 43 19	 => 190
 31 19 43 27 18 52	 => 190
 34 52 18 47 35 4	 => 190
 36 25 9 20 46 54	 => 190
 6 54 46 24 38 22	 => 190
 43 22 38 28 32 27	 => 190
 18 27 32 26 40 47	 => 190
 35 47 40 39 8 21	 => 190
 46 20 10 53 37 24	 => 190
 38 24 37 41 23 28	 => 191
 32 28 23 48 33 26	 => 190
 40 26 33 50 2 39	 => 190
 37 53 14 3 42 41	 => 190
 23 41 42 7 30 48	 => 191
 33 48 30 13 16 50	 => 190



test#	fitness		sum		time
---------------------------------------------------
1	187.794				66
2	186.478				47
3	190		190		39
4	188.412				71
5	187.478				43
6	187.412				59
7	187.64				109
8	187.616				90
9	188.306				49
10	187.85				51


---------------------------------------------------
Best fitness      : 190 ( test# 3)
Best solution sum : 190 ( test# 3)
Shortest time     : 39 ( test# 3)

Average fitness   : 187.899
Average sol. sum  : 190
Average time      : 62.4
