****************** GA TEST *******************

total test#:			 10
hexa min width:			 3
hexa max width:			 5
hexa count:			 19
number count:			 54
population size:		 90
generation size:		 12

tournament winner p:		 1
do xover p:			 1
xover:				 1points
do mutation1 p:			 0.1
mutation1 p:			 0.05
do optimize p:			 1
local optimize count:		 6000
do deep better optimize p:	 1
do deep worse optimize p:	 0
do spin p:			 0
spin count:			 1000
do spin apply p:		 1
do mutation2 p:			 0.12
mutation2 p:			 0.08
force mutation2:		 0
replace bad p:			 0.195

converge rate p:		 0.99
converge count:			 1

**********************************************


===================[TEST 1]===================

##### START ##### Thu May 15 08:12:50 2003



##### CONVERGE ##### Thu May 15 08:13:11 2003

Elapsed time: 21 seconds
Total loop: 153 generations

Result : 186.163

1 21 47 51 36 33 9 27 49 34 4 32 48 22 3 40 35 13 41 20 42 19 50 29 11 5 24 31 54 16 30 44 12 28 38 37 25 10 6 43 39 52 7 53 45 26 15 14 18 23 8 46 17 2 

 1 21 47 51 36 33	 => 189
 9 33 36 27 49 34	 => 188
 4 34 49 32 48 22	 => 189
 47 3 40 35 13 51	 => 189
 36 51 13 41 20 27	 => 188
 49 27 20 42 19 32	 => 189
 48 32 19 50 29 11	 => 189
 40 5 24 31 54 35	 => 189
 13 35 54 16 30 41	 => 189
 20 41 30 44 12 42	 => 189
 19 42 12 28 38 50	 => 189
 29 50 38 37 25 10	 => 189
 54 31 6 43 39 16	 => 189
 30 16 39 52 7 44	 => 188
 12 44 7 53 45 28	 => 189
 38 28 45 26 15 37	 => 189
 39 43 14 18 23 52	 => 189
 7 52 23 8 46 53	 => 189
 45 53 46 17 2 26	 => 189


===================[TEST 2]===================

##### START ##### Thu May 15 08:13:11 2003



##### CONVERGE ##### Thu May 15 08:13:43 2003

Elapsed time: 32 seconds
Total loop: 229 generations

Result : 187.163

9 22 40 49 41 28 16 31 32 42 23 34 51 8 2 25 53 21 19 29 44 20 48 36 1 13 18 27 54 4 39 33 26 14 38 47 15 6 7 46 52 37 24 43 50 30 11 3 17 35 5 45 10 12 

 9 22 40 49 41 28	 => 189
 16 28 41 31 32 42	 => 190
 23 42 32 34 51 8	 => 190
 40 2 25 53 21 49	 => 190
 41 49 21 19 29 31	 => 190
 32 31 29 44 20 34	 => 190
 51 34 20 48 36 1	 => 190
 25 13 18 27 54 53	 => 190
 21 53 54 4 39 19	 => 190
 29 19 39 33 26 44	 => 190
 20 44 26 14 38 48	 => 190
 36 48 38 47 15 6	 => 190
 54 27 7 46 52 4	 => 190
 39 4 52 37 24 33	 => 189
 26 33 24 43 50 14	 => 190
 38 14 50 30 11 47	 => 190
 52 46 3 17 35 37	 => 190
 24 37 35 5 45 43	 => 189
 50 43 45 10 12 30	 => 190


===================[TEST 3]===================

##### START ##### Thu May 15 08:13:43 2003



##### CONVERGE ##### Thu May 15 08:14:08 2003

Elapsed time: 25 seconds
Total loop: 181 generations

Result : 187.163

14 9 39 53 32 43 10 16 52 37 5 35 44 17 1 25 42 30 21 38 29 20 47 40 3 4 23 41 54 11 31 26 45 13 36 48 12 7 2 33 49 46 27 51 28 50 15 22 6 34 8 24 19 18 

 14 9 39 53 32 43	 => 190
 10 43 32 16 52 37	 => 190
 5 37 52 35 44 17	 => 190
 39 1 25 42 30 53	 => 190
 32 53 30 21 38 16	 => 190
 52 16 38 29 20 35	 => 190
 44 35 20 47 40 3	 => 189
 25 4 23 41 54 42	 => 189
 30 42 54 11 31 21	 => 189
 38 21 31 26 45 29	 => 190
 20 29 45 13 36 47	 => 190
 40 47 36 48 12 7	 => 190
 54 41 2 33 49 11	 => 190
 31 11 49 46 27 26	 => 190
 45 26 27 51 28 13	 => 190
 36 13 28 50 15 48	 => 190
 49 33 22 6 34 46	 => 190
 27 46 34 8 24 51	 => 190
 28 51 24 19 18 50	 => 190


===================[TEST 4]===================

##### START ##### Thu May 15 08:14:08 2003



##### CONVERGE ##### Thu May 15 08:14:32 2003

Elapsed time: 24 seconds
Total loop: 176 generations

Result : 187.412

2 24 49 36 50 28 21 22 43 25 18 44 45 14 6 42 41 15 35 31 38 11 39 47 3 16 4 32 54 17 27 12 46 8 48 37 5 13 1 33 52 51 30 40 53 34 9 10 23 20 19 29 26 7 

 2 24 49 36 50 28	 => 189
 21 28 50 22 43 25	 => 189
 18 25 43 44 45 14	 => 189
 49 6 42 41 15 36	 => 189
 50 36 15 35 31 22	 => 189
 43 22 31 38 11 44	 => 189
 45 44 11 39 47 3	 => 189
 42 16 4 32 54 41	 => 189
 15 41 54 17 27 35	 => 189
 31 35 27 12 46 38	 => 189
 11 38 46 8 48 39	 => 190
 47 39 48 37 5 13	 => 189
 54 32 1 33 52 17	 => 189
 27 17 52 51 30 12	 => 189
 46 12 30 40 53 8	 => 189
 48 8 53 34 9 37	 => 189
 52 33 10 23 20 51	 => 189
 30 51 20 19 29 40	 => 189
 53 40 29 26 7 34	 => 189


===================[TEST 5]===================

##### START ##### Thu May 15 08:14:32 2003



##### CONVERGE ##### Thu May 15 08:15:07 2003

Elapsed time: 35 seconds
Total loop: 256 generations

Result : 187.85

5 16 34 52 53 30 1 13 51 42 2 54 38 3 19 31 43 11 40 21 33 18 44 26 10 22 9 37 48 20 28 45 23 25 47 50 17 6 7 32 46 39 12 49 36 29 4 8 24 41 14 35 15 27 

 5 16 34 52 53 30	 => 190
 1 30 53 13 51 42	 => 190
 2 42 51 54 38 3	 => 190
 34 19 31 43 11 52	 => 190
 53 52 11 40 21 13	 => 190
 51 13 21 33 18 54	 => 190
 38 54 18 44 26 10	 => 190
 31 22 9 37 48 43	 => 190
 11 43 48 20 28 40	 => 190
 21 40 28 45 23 33	 => 190
 18 33 23 25 47 44	 => 190
 26 44 47 50 17 6	 => 190
 48 37 7 32 46 20	 => 190
 28 20 46 39 12 45	 => 190
 23 45 12 49 36 25	 => 190
 47 25 36 29 4 50	 => 191
 46 32 8 24 41 39	 => 190
 12 39 41 14 35 49	 => 190
 36 49 35 15 27 29	 => 191


===================[TEST 6]===================

##### START ##### Thu May 15 08:15:07 2003



##### CONVERGE ##### Thu May 15 08:15:28 2003

Elapsed time: 21 seconds
Total loop: 150 generations

Result : 185.303

10 7 38 53 40 41 3 5 51 49 1 24 47 17 2 36 45 16 27 48 33 28 50 29 11 20 6 30 52 14 34 25 21 15 42 23 32 13 18 37 39 46 31 43 54 44 12 22 19 26 8 35 4 9 

 10 7 38 53 40 41	 => 189
 3 41 40 5 51 49	 => 189
 1 49 51 24 47 17	 => 189
 38 2 36 45 16 53	 => 190
 40 53 16 27 48 5	 => 189
 51 5 48 33 28 24	 => 189
 47 24 28 50 29 11	 => 189
 36 20 6 30 52 45	 => 189
 16 45 52 14 34 27	 => 188
 48 27 34 25 21 33	 => 188
 28 33 21 15 42 50	 => 189
 29 50 42 23 32 13	 => 189
 52 30 18 37 39 14	 => 190
 34 14 39 46 31 25	 => 189
 21 25 31 43 54 15	 => 189
 42 15 54 44 12 23	 => 190
 39 37 22 19 26 46	 => 189
 31 46 26 8 35 43	 => 189
 54 43 35 4 9 44	 => 189


===================[TEST 7]===================

##### START ##### Thu May 15 08:15:28 2003



##### CONVERGE ##### Thu May 15 08:15:59 2003

Elapsed time: 31 seconds
Total loop: 231 generations

Result : 186.616

7 6 54 40 46 36 2 25 50 30 10 35 47 17 1 33 53 8 51 19 37 22 39 42 4 14 12 45 32 27 18 38 26 24 41 43 21 3 13 28 44 48 15 52 34 31 16 11 9 49 5 20 29 23 

 7 6 54 40 46 36	 => 189
 2 36 46 25 50 30	 => 189
 10 30 50 35 47 17	 => 189
 54 1 33 53 8 40	 => 189
 46 40 8 51 19 25	 => 189
 50 25 19 37 22 35	 => 188
 47 35 22 39 42 4	 => 189
 33 14 12 45 32 53	 => 189
 8 53 32 27 18 51	 => 189
 19 51 18 38 26 37	 => 189
 22 37 26 24 41 39	 => 189
 42 39 41 43 21 3	 => 189
 32 45 13 28 44 27	 => 189
 18 27 44 48 15 38	 => 190
 26 38 15 52 34 24	 => 189
 41 24 34 31 16 43	 => 189
 44 28 11 9 49 48	 => 189
 15 48 49 5 20 52	 => 189
 34 52 20 29 23 31	 => 189


===================[TEST 8]===================

##### START ##### Thu May 15 08:15:59 2003



##### CONVERGE ##### Thu May 15 08:16:35 2003

Elapsed time: 36 seconds
Total loop: 260 generations

Result : 187.412

41 3 33 27 46 39 5 19 44 36 23 45 25 16 6 54 43 26 37 34 35 12 50 47 10 17 9 24 42 21 20 31 32 11 49 40 2 1 13 38 51 52 14 48 53 30 7 15 4 29 18 28 22 8 

 41 3 33 27 46 39	 => 189
 5 39 46 19 44 36	 => 189
 23 36 44 45 25 16	 => 189
 33 6 54 43 26 27	 => 189
 46 27 26 37 34 19	 => 189
 44 19 34 35 12 45	 => 189
 25 45 12 50 47 10	 => 189
 54 17 9 24 42 43	 => 189
 26 43 42 21 20 37	 => 189
 34 37 20 31 32 35	 => 189
 12 35 32 11 49 50	 => 189
 47 50 49 40 2 1	 => 189
 42 24 13 38 51 21	 => 189
 20 21 51 52 14 31	 => 189
 32 31 14 48 53 11	 => 189
 49 11 53 30 7 40	 => 190
 51 38 15 4 29 52	 => 189
 14 52 29 18 28 48	 => 189
 53 48 28 22 8 30	 => 189


===================[TEST 9]===================

##### START ##### Thu May 15 08:16:35 2003



##### CONVERGE ##### Thu May 15 08:17:09 2003

Elapsed time: 34 seconds
Total loop: 248 generations

Result : 185.306

15 30 31 41 23 47 25 21 42 29 3 38 49 26 4 54 45 12 46 43 24 19 44 35 2 18 13 17 40 37 7 34 33 16 51 22 27 8 1 53 39 50 20 48 36 52 10 6 11 28 9 32 14 5 

 15 30 31 41 23 47	 => 187
 25 47 23 21 42 29	 => 187
 3 29 42 38 49 26	 => 187
 31 4 54 45 12 41	 => 187
 23 41 12 46 43 21	 => 186
 42 21 43 24 19 38	 => 187
 49 38 19 44 35 2	 => 187
 54 18 13 17 40 45	 => 187
 12 45 40 37 7 46	 => 187
 43 46 7 34 33 24	 => 187
 19 24 33 16 51 44	 => 187
 35 44 51 22 27 8	 => 187
 40 17 1 53 39 37	 => 187
 7 37 39 50 20 34	 => 187
 33 34 20 48 36 16	 => 187
 51 16 36 52 10 22	 => 187
 39 53 6 11 28 50	 => 187
 20 50 28 9 32 48	 => 187
 36 48 32 14 5 52	 => 187


===================[TEST 10]===================

##### START ##### Thu May 15 08:17:09 2003



##### CONVERGE ##### Thu May 15 08:17:39 2003

Elapsed time: 30 seconds
Total loop: 216 generations

Result : 186.64

16 25 36 41 53 17 5 15 45 54 4 33 51 2 9 42 48 13 23 44 34 18 49 32 6 14 8 37 40 35 30 31 27 22 38 50 1 19 10 28 39 43 11 52 46 26 7 29 3 47 12 24 20 21 

 16 25 36 41 53 17	 => 188
 5 17 53 15 45 54	 => 189
 4 54 45 33 51 2	 => 189
 36 9 42 48 13 41	 => 189
 53 41 13 23 44 15	 => 189
 45 15 44 34 18 33	 => 189
 51 33 18 49 32 6	 => 189
 42 14 8 37 40 48	 => 189
 13 48 40 35 30 23	 => 189
 44 23 30 31 27 34	 => 189
 18 34 27 22 38 49	 => 188
 32 49 38 50 1 19	 => 189
 40 37 10 28 39 35	 => 189
 30 35 39 43 11 31	 => 189
 27 31 11 52 46 22	 => 189
 38 22 46 26 7 50	 => 189
 39 28 29 3 47 43	 => 189
 11 43 47 12 24 52	 => 189
 46 52 24 20 21 26	 => 189



test#	fitness		sum		time
---------------------------------------------------
1	186.163				21
2	187.163				32
3	187.163				25
4	187.412				24
5	187.85				35
6	185.303				21
7	186.616				31
8	187.412				36
9	185.306				34
10	186.64				30


---------------------------------------------------
Best fitness      : 187.85 ( test# 5)
Shortest time     : 21 ( test# 1)

Average fitness   : 186.703
Average time      : 28.9
