****************** GA TEST *******************

total test#:			 10
hexa min width:			 3
hexa max width:			 5
hexa count:			 19
number count:			 54
population size:		 90
generation size:		 15

tournament winner p:		 1
do xover p:			 1
xover:				 4points
do mutation1 p:			 0.1
mutation1 p:			 0.05
do optimize p:			 1
local optimize count:		 6000
do deep better optimize p:	 1
do deep worse optimize p:	 0
do spin p:			 0
spin count:			 1000
do spin apply p:		 1
do mutation2 p:			 0.12
mutation2 p:			 0.08
force mutation2:		 0
replace bad p:			 0.195

converge rate p:		 0.99
converge count:			 1

**********************************************


===================[TEST 1]===================

##### START ##### Thu May 15 10:14:42 2003



##### CONVERGE ##### Thu May 15 10:15:33 2003

Elapsed time: 51 seconds
Total loop: 297 generations

Result : 187.412

24 3 38 46 47 31 18 10 41 42 22 40 21 23 2 36 50 17 35 34 39 25 49 45 9 8 4 43 48 11 28 33 20 5 51 30 14 1 6 27 54 37 26 53 52 32 19 15 12 44 13 16 7 29 

 24 3 38 46 47 31	 => 189
 18 31 47 10 41 42	 => 189
 22 42 41 40 21 23	 => 189
 38 2 36 50 17 46	 => 189
 47 46 17 35 34 10	 => 189
 41 10 34 39 25 40	 => 189
 21 40 25 49 45 9	 => 189
 36 8 4 43 48 50	 => 189
 17 50 48 11 28 35	 => 189
 34 35 28 33 20 39	 => 189
 25 39 20 5 51 49	 => 189
 45 49 51 30 14 1	 => 190
 48 43 6 27 54 11	 => 189
 28 11 54 37 26 33	 => 189
 20 33 26 53 52 5	 => 189
 51 5 52 32 19 30	 => 189
 54 27 15 12 44 37	 => 189
 26 37 44 13 16 53	 => 189
 52 53 16 7 29 32	 => 189


===================[TEST 2]===================

##### START ##### Thu May 15 10:15:33 2003



##### CONVERGE ##### Thu May 15 10:16:14 2003

Elapsed time: 41 seconds
Total loop: 233 generations

Result : 186.163

6 20 29 52 50 32 11 17 36 43 19 48 25 18 4 44 46 14 23 33 28 27 45 39 5 1 8 37 53 15 38 31 35 3 51 34 7 13 2 40 42 22 41 49 30 54 16 12 26 47 9 21 24 10 

 6 20 29 52 50 32	 => 189
 11 32 50 17 36 43	 => 189
 19 43 36 48 25 18	 => 189
 29 4 44 46 14 52	 => 189
 50 52 14 23 33 17	 => 189
 36 17 33 28 27 48	 => 189
 25 48 27 45 39 5	 => 189
 44 1 8 37 53 46	 => 189
 14 46 53 15 38 23	 => 189
 33 23 38 31 35 28	 => 188
 27 28 35 3 51 45	 => 189
 39 45 51 34 7 13	 => 189
 53 37 2 40 42 15	 => 189
 38 15 42 22 41 31	 => 189
 35 31 41 49 30 3	 => 189
 51 3 30 54 16 34	 => 188
 42 40 12 26 47 22	 => 189
 41 22 47 9 21 49	 => 189
 30 49 21 24 10 54	 => 188


===================[TEST 3]===================

##### START ##### Thu May 15 10:16:14 2003



##### CONVERGE ##### Thu May 15 10:16:45 2003

Elapsed time: 31 seconds
Total loop: 181 generations

Result : 187.616

9 15 35 51 32 48 8 16 40 46 20 54 25 5 1 28 52 23 37 31 38 11 50 43 7 12 14 45 39 2 36 30 18 24 49 26 3 19 17 34 53 42 27 47 44 41 6 10 22 29 13 33 21 4 

 9 15 35 51 32 48	 => 190
 8 48 32 16 40 46	 => 190
 20 46 40 54 25 5	 => 190
 35 1 28 52 23 51	 => 190
 32 51 23 37 31 16	 => 190
 40 16 31 38 11 54	 => 190
 25 54 11 50 43 7	 => 190
 28 12 14 45 39 52	 => 190
 23 52 39 2 36 37	 => 189
 31 37 36 30 18 38	 => 190
 11 38 18 24 49 50	 => 190
 43 50 49 26 3 19	 => 190
 39 45 17 34 53 2	 => 190
 36 2 53 42 27 30	 => 190
 18 30 27 47 44 24	 => 190
 49 24 44 41 6 26	 => 190
 53 34 10 22 29 42	 => 190
 27 42 29 13 33 47	 => 191
 44 47 33 21 4 41	 => 190


===================[TEST 4]===================

##### START ##### Thu May 15 10:16:45 2003



##### CONVERGE ##### Thu May 15 10:17:54 2003

Elapsed time: 69 seconds
Total loop: 406 generations

Result : 187.616

5 33 25 47 54 26 9 18 39 44 13 51 32 11 12 50 52 4 36 31 35 16 41 48 2 7 8 28 45 22 30 34 24 21 53 27 15 6 3 49 43 38 23 42 46 29 14 1 20 40 10 37 17 19 

 5 33 25 47 54 26	 => 190
 9 26 54 18 39 44	 => 190
 13 44 39 51 32 11	 => 190
 25 12 50 52 4 47	 => 190
 54 47 4 36 31 18	 => 190
 39 18 31 35 16 51	 => 190
 32 51 16 41 48 2	 => 190
 50 7 8 28 45 52	 => 190
 4 52 45 22 30 36	 => 189
 31 36 30 34 24 35	 => 190
 16 35 24 21 53 41	 => 190
 48 41 53 27 15 6	 => 190
 45 28 3 49 43 22	 => 190
 30 22 43 38 23 34	 => 190
 24 34 23 42 46 21	 => 190
 53 21 46 29 14 27	 => 190
 43 49 1 20 40 38	 => 191
 23 38 40 10 37 42	 => 190
 46 42 37 17 19 29	 => 190


===================[TEST 5]===================

##### START ##### Thu May 15 10:17:54 2003



##### CONVERGE ##### Thu May 15 10:18:27 2003

Elapsed time: 33 seconds
Total loop: 191 generations

Result : 186.85

13 15 54 41 50 16 8 17 53 45 9 44 28 10 6 38 29 22 36 23 32 20 46 49 2 11 26 52 33 30 40 19 39 25 27 35 18 14 3 37 34 42 24 31 51 47 4 12 21 43 1 48 5 7 

 13 15 54 41 50 16	 => 189
 8 16 50 17 53 45	 => 189
 9 45 53 44 28 10	 => 189
 54 6 38 29 22 41	 => 190
 50 41 22 36 23 17	 => 189
 53 17 23 32 20 44	 => 189
 28 44 20 46 49 2	 => 189
 38 11 26 52 33 29	 => 189
 22 29 33 30 40 36	 => 190
 23 36 40 19 39 32	 => 189
 20 32 39 25 27 46	 => 189
 49 46 27 35 18 14	 => 189
 33 52 3 37 34 30	 => 189
 40 30 34 42 24 19	 => 189
 39 19 24 31 51 25	 => 189
 27 25 51 47 4 35	 => 189
 34 37 12 21 43 42	 => 189
 24 42 43 1 48 31	 => 189
 51 31 48 5 7 47	 => 189


===================[TEST 6]===================

##### START ##### Thu May 15 10:18:27 2003



##### CONVERGE ##### Thu May 15 10:19:20 2003

Elapsed time: 53 seconds
Total loop: 311 generations

Result : 187.163

13 22 41 28 54 31 3 26 39 36 21 37 51 6 10 48 52 11 38 33 35 20 49 18 15 4 9 24 53 7 29 32 23 19 44 46 17 16 12 43 50 45 27 47 42 34 5 14 8 30 1 40 2 25 

 13 22 41 28 54 31	 => 189
 3 31 54 26 39 36	 => 189
 21 36 39 37 51 6	 => 190
 41 10 48 52 11 28	 => 190
 54 28 11 38 33 26	 => 190
 39 26 33 35 20 37	 => 190
 51 37 20 49 18 15	 => 190
 48 4 9 24 53 52	 => 190
 11 52 53 7 29 38	 => 190
 33 38 29 32 23 35	 => 190
 20 35 23 19 44 49	 => 190
 18 49 44 46 17 16	 => 190
 53 24 12 43 50 7	 => 189
 29 7 50 45 27 32	 => 190
 23 32 27 47 42 19	 => 190
 44 19 42 34 5 46	 => 190
 50 43 14 8 30 45	 => 190
 27 45 30 1 40 47	 => 190
 42 47 40 2 25 34	 => 190


===================[TEST 7]===================

##### START ##### Thu May 15 10:19:20 2003



##### CONVERGE ##### Thu May 15 10:20:18 2003

Elapsed time: 58 seconds
Total loop: 333 generations

Result : 188.412

14 1 32 46 54 43 5 17 45 26 23 49 36 11 3 51 37 21 27 25 30 24 33 40 8 28 2 19 53 18 34 35 39 16 48 47 15 7 4 44 52 31 20 42 38 29 12 10 13 41 6 50 22 9 

 14 1 32 46 54 43	 => 190
 5 43 54 17 45 26	 => 190
 23 26 45 49 36 11	 => 190
 32 3 51 37 21 46	 => 190
 54 46 21 27 25 17	 => 190
 45 17 25 30 24 49	 => 190
 36 49 24 33 40 8	 => 190
 51 28 2 19 53 37	 => 190
 21 37 53 18 34 27	 => 190
 25 27 34 35 39 30	 => 190
 24 30 39 16 48 33	 => 190
 40 33 48 47 15 7	 => 190
 53 19 4 44 52 18	 => 190
 34 18 52 31 20 35	 => 190
 39 35 20 42 38 16	 => 190
 48 16 38 29 12 47	 => 190
 52 44 10 13 41 31	 => 191
 20 31 41 6 50 42	 => 190
 38 42 50 22 9 29	 => 190


===================[TEST 8]===================

##### START ##### Thu May 15 10:20:18 2003



##### CONVERGE ##### Thu May 15 10:21:03 2003

Elapsed time: 45 seconds
Total loop: 267 generations

Result : 186.268

10 12 44 54 41 29 11 32 52 24 19 42 48 5 1 31 51 8 33 21 36 7 43 46 4 25 2 27 53 22 23 49 28 26 50 30 18 3 16 34 37 45 14 38 35 40 9 15 20 39 6 47 13 17 

 10 12 44 54 41 29	 => 190
 11 29 41 32 52 24	 => 189
 19 24 52 42 48 5	 => 190
 44 1 31 51 8 54	 => 189
 41 54 8 33 21 32	 => 189
 52 32 21 36 7 42	 => 190
 48 42 7 43 46 4	 => 190
 31 25 2 27 53 51	 => 189
 8 51 53 22 23 33	 => 190
 21 33 23 49 28 36	 => 190
 7 36 28 26 50 43	 => 190
 46 43 50 30 18 3	 => 190
 53 27 16 34 37 22	 => 189
 23 22 37 45 14 49	 => 190
 28 49 14 38 35 26	 => 190
 50 26 35 40 9 30	 => 190
 37 34 15 20 39 45	 => 190
 14 45 39 6 47 38	 => 189
 35 38 47 13 17 40	 => 190


===================[TEST 9]===================

##### START ##### Thu May 15 10:21:04 2003



##### CONVERGE ##### Thu May 15 10:22:02 2003

Elapsed time: 58 seconds
Total loop: 337 generations

Result : 188.412

14 3 27 53 50 43 10 9 46 32 24 42 40 6 12 38 52 8 21 49 29 15 51 37 5 2 19 25 54 22 33 30 28 23 44 36 4 18 7 34 48 41 17 47 45 26 16 31 1 35 11 39 13 20 

 14 3 27 53 50 43	 => 190
 10 43 50 9 46 32	 => 190
 24 32 46 42 40 6	 => 190
 27 12 38 52 8 53	 => 190
 50 53 8 21 49 9	 => 190
 46 9 49 29 15 42	 => 190
 40 42 15 51 37 5	 => 190
 38 2 19 25 54 52	 => 190
 8 52 54 22 33 21	 => 190
 49 21 33 30 28 29	 => 190
 15 29 28 23 44 51	 => 190
 37 51 44 36 4 18	 => 190
 54 25 7 34 48 22	 => 190
 33 22 48 41 17 30	 => 191
 28 30 17 47 45 23	 => 190
 44 23 45 26 16 36	 => 190
 48 34 31 1 35 41	 => 190
 17 41 35 11 39 47	 => 190
 45 47 39 13 20 26	 => 190


===================[TEST 10]===================

##### START ##### Thu May 15 10:22:02 2003



##### CONVERGE ##### Thu May 15 10:22:49 2003

Elapsed time: 47 seconds
Total loop: 273 generations

Result : 187.158

6 5 41 42 47 49 3 22 36 34 10 53 39 18 9 25 45 28 24 27 33 19 35 37 7 23 16 48 32 15 46 31 29 20 54 38 12 14 2 43 51 21 26 40 44 30 4 17 8 50 1 52 11 13 

 6 5 41 42 47 49	 => 190
 3 49 47 22 36 34	 => 191
 10 34 36 53 39 18	 => 190
 41 9 25 45 28 42	 => 190
 47 42 28 24 27 22	 => 190
 36 22 27 33 19 53	 => 190
 39 53 19 35 37 7	 => 190
 25 23 16 48 32 45	 => 189
 28 45 32 15 46 24	 => 190
 27 24 46 31 29 33	 => 190
 19 33 29 20 54 35	 => 190
 37 35 54 38 12 14	 => 190
 32 48 2 43 51 15	 => 191
 46 15 51 21 26 31	 => 190
 29 31 26 40 44 20	 => 190
 54 20 44 30 4 38	 => 190
 51 43 17 8 50 21	 => 190
 26 21 50 1 52 40	 => 190
 44 40 52 11 13 30	 => 190



test#	fitness		sum		time
---------------------------------------------------
1	187.412				51
2	186.163				41
3	187.616				31
4	187.616				69
5	186.85				33
6	187.163				53
7	188.412				58
8	186.268				45
9	188.412				58
10	187.158				47


---------------------------------------------------
Best fitness      : 188.412 ( test# 7)
Shortest time     : 31 ( test# 3)

Average fitness   : 187.307
Average time      : 48.6
