****************** GA TEST *******************

total test#:			 10
hexa min width:			 3
hexa max width:			 5
hexa count:			 19
number count:			 54
population size:		 90
generation size:		 12

tournament winner p:		 1
do xover p:			 1
xover:				 2points
do mutation1 p:			 0.1
mutation1 p:			 0.05
do optimize p:			 1
local optimize count:		 6000
do deep better optimize p:	 1
do deep worse optimize p:	 0
do spin p:			 0
spin count:			 1000
do spin apply p:		 1
do mutation2 p:			 0.12
mutation2 p:			 0.08
force mutation2:		 0
replace bad p:			 0.195

converge rate p:		 0.99
converge count:			 1

**********************************************


===================[TEST 1]===================

##### START ##### Thu May 15 08:33:06 2003



##### CONVERGE ##### Thu May 15 08:33:38 2003

Elapsed time: 32 seconds
Total loop: 235 generations

Result : 188.412

3 6 41 40 52 48 11 13 42 24 19 46 47 12 10 45 39 15 32 38 35 16 43 33 5 4 27 31 44 23 37 28 20 22 54 25 26 9 7 51 34 50 18 49 53 36 1 17 8 30 14 29 2 21 

 3 6 41 40 52 48	 => 190
 11 48 52 13 42 24	 => 190
 19 24 42 46 47 12	 => 190
 41 10 45 39 15 40	 => 190
 52 40 15 32 38 13	 => 190
 42 13 38 35 16 46	 => 190
 47 46 16 43 33 5	 => 190
 45 4 27 31 44 39	 => 190
 15 39 44 23 37 32	 => 190
 38 32 37 28 20 35	 => 190
 16 35 20 22 54 43	 => 190
 33 43 54 25 26 9	 => 190
 44 31 7 51 34 23	 => 190
 37 23 34 50 18 28	 => 190
 20 28 18 49 53 22	 => 190
 54 22 53 36 1 25	 => 191
 34 51 17 8 30 50	 => 190
 18 50 30 14 29 49	 => 190
 53 49 29 2 21 36	 => 190


===================[TEST 2]===================

##### START ##### Thu May 15 08:33:38 2003



##### CONVERGE ##### Thu May 15 08:34:20 2003

Elapsed time: 42 seconds
Total loop: 306 generations

Result : 187.087

21 11 25 46 50 37 6 24 47 27 17 48 42 9 13 44 49 14 23 34 29 8 54 32 7 20 3 38 36 26 43 28 33 16 51 30 5 18 15 45 31 41 22 39 53 40 1 12 10 52 2 35 19 4 

 21 11 25 46 50 37	 => 190
 6 37 50 24 47 27	 => 191
 17 27 47 48 42 9	 => 190
 25 13 44 49 14 46	 => 191
 50 46 14 23 34 24	 => 191
 47 24 34 29 8 48	 => 190
 42 48 8 54 32 7	 => 191
 44 20 3 38 36 49	 => 190
 14 49 36 26 43 23	 => 191
 34 23 43 28 33 29	 => 190
 8 29 33 16 51 54	 => 191
 32 54 51 30 5 18	 => 190
 36 38 15 45 31 26	 => 191
 43 26 31 41 22 28	 => 191
 33 28 22 39 53 16	 => 191
 51 16 53 40 1 30	 => 191
 31 45 12 10 52 41	 => 191
 22 41 52 2 35 39	 => 191
 53 39 35 19 4 40	 => 190


===================[TEST 3]===================

##### START ##### Thu May 15 08:34:20 2003



##### CONVERGE ##### Thu May 15 08:34:47 2003

Elapsed time: 27 seconds
Total loop: 198 generations

Result : 186.616

2 33 31 45 41 37 15 23 44 29 1 52 42 21 3 47 53 10 40 30 34 6 35 46 8 13 14 24 38 26 22 16 48 17 49 36 11 12 7 43 51 54 19 39 50 28 9 5 4 32 18 27 25 20 

 2 33 31 45 41 37	 => 189
 15 37 41 23 44 29	 => 189
 1 29 44 52 42 21	 => 189
 31 3 47 53 10 45	 => 189
 41 45 10 40 30 23	 => 189
 44 23 30 34 6 52	 => 189
 42 52 6 35 46 8	 => 189
 47 13 14 24 38 53	 => 189
 10 53 38 26 22 40	 => 189
 30 40 22 16 48 34	 => 190
 6 34 48 17 49 35	 => 189
 46 35 49 36 11 12	 => 189
 38 24 7 43 51 26	 => 189
 22 26 51 54 19 16	 => 188
 48 16 19 39 50 17	 => 189
 49 17 50 28 9 36	 => 189
 51 43 5 4 32 54	 => 189
 19 54 32 18 27 39	 => 189
 50 39 27 25 20 28	 => 189


===================[TEST 4]===================

##### START ##### Thu May 15 08:34:47 2003



##### CONVERGE ##### Thu May 15 08:35:52 2003

Elapsed time: 65 seconds
Total loop: 474 generations

Result : 186.85

1 21 24 46 47 51 12 18 30 31 38 41 45 4 22 36 50 11 28 39 44 17 48 33 5 14 9 26 54 27 19 34 25 23 32 49 8 20 2 37 43 53 13 52 42 40 3 6 15 35 7 29 10 16 

 1 21 24 46 47 51	 => 190
 12 51 47 18 30 31	 => 189
 38 31 30 41 45 4	 => 189
 24 22 36 50 11 46	 => 189
 47 46 11 28 39 18	 => 189
 30 18 39 44 17 41	 => 189
 45 41 17 48 33 5	 => 189
 36 14 9 26 54 50	 => 189
 11 50 54 27 19 28	 => 189
 39 28 19 34 25 44	 => 189
 17 44 25 23 32 48	 => 189
 33 48 32 49 8 20	 => 190
 54 26 2 37 43 27	 => 189
 19 27 43 53 13 34	 => 189
 25 34 13 52 42 23	 => 189
 32 23 42 40 3 49	 => 189
 43 37 6 15 35 53	 => 189
 13 53 35 7 29 52	 => 189
 42 52 29 10 16 40	 => 189


===================[TEST 5]===================

##### START ##### Thu May 15 08:35:52 2003



##### CONVERGE ##### Thu May 15 08:36:28 2003

Elapsed time: 36 seconds
Total loop: 261 generations

Result : 186.215

16 25 28 46 52 22 4 13 45 53 8 40 32 12 10 34 47 24 20 35 37 19 36 42 21 11 23 41 33 26 39 15 43 5 49 54 2 6 1 50 38 44 27 51 48 30 3 18 9 31 7 29 14 17 

 16 25 28 46 52 22	 => 189
 4 22 52 13 45 53	 => 189
 8 53 45 40 32 12	 => 190
 28 10 34 47 24 46	 => 189
 52 46 24 20 35 13	 => 190
 45 13 35 37 19 40	 => 189
 32 40 19 36 42 21	 => 190
 34 11 23 41 33 47	 => 189
 24 47 33 26 39 20	 => 189
 35 20 39 15 43 37	 => 189
 19 37 43 5 49 36	 => 189
 42 36 49 54 2 6	 => 189
 33 41 1 50 38 26	 => 189
 39 26 38 44 27 15	 => 189
 43 15 27 51 48 5	 => 189
 49 5 48 30 3 54	 => 189
 38 50 18 9 31 44	 => 190
 27 44 31 7 29 51	 => 189
 48 51 29 14 17 30	 => 189


===================[TEST 6]===================

##### START ##### Thu May 15 08:36:28 2003



##### CONVERGE ##### Thu May 15 08:36:58 2003

Elapsed time: 30 seconds
Total loop: 219 generations

Result : 187.306

3 32 38 41 45 30 8 10 49 47 13 44 22 14 1 28 48 33 29 31 37 18 52 42 11 7 12 51 43 9 27 40 25 21 36 39 5 15 6 46 34 54 24 53 26 50 17 20 16 19 4 35 2 23 

 3 32 38 41 45 30	 => 189
 8 30 45 10 49 47	 => 189
 13 47 49 44 22 14	 => 189
 38 1 28 48 33 41	 => 189
 45 41 33 29 31 10	 => 189
 49 10 31 37 18 44	 => 189
 22 44 18 52 42 11	 => 189
 28 7 12 51 43 48	 => 189
 33 48 43 9 27 29	 => 189
 31 29 27 40 25 37	 => 189
 18 37 25 21 36 52	 => 189
 42 52 36 39 5 15	 => 189
 43 51 6 46 34 9	 => 189
 27 9 34 54 24 40	 => 188
 25 40 24 53 26 21	 => 189
 36 21 26 50 17 39	 => 189
 34 46 20 16 19 54	 => 189
 24 54 19 4 35 53	 => 189
 26 53 35 2 23 50	 => 189


===================[TEST 7]===================

##### START ##### Thu May 15 08:36:59 2003



##### CONVERGE ##### Thu May 15 08:37:32 2003

Elapsed time: 33 seconds
Total loop: 245 generations

Result : 188.412

14 18 42 52 34 30 13 26 50 37 2 51 41 9 3 35 53 6 44 28 27 8 54 31 5 4 21 38 39 19 29 22 40 15 46 36 7 16 25 20 49 48 23 43 47 45 1 17 24 32 11 33 12 10 

 14 18 42 52 34 30	 => 190
 13 30 34 26 50 37	 => 190
 2 37 50 51 41 9	 => 190
 42 3 35 53 6 52	 => 191
 34 52 6 44 28 26	 => 190
 50 26 28 27 8 51	 => 190
 41 51 8 54 31 5	 => 190
 35 4 21 38 39 53	 => 190
 6 53 39 19 29 44	 => 190
 28 44 29 22 40 27	 => 190
 8 27 40 15 46 54	 => 190
 31 54 46 36 7 16	 => 190
 39 38 25 20 49 19	 => 190
 29 19 49 48 23 22	 => 190
 40 22 23 43 47 15	 => 190
 46 15 47 45 1 36	 => 190
 49 20 17 24 32 48	 => 190
 23 48 32 11 33 43	 => 190
 47 43 33 12 10 45	 => 190


===================[TEST 8]===================

##### START ##### Thu May 15 08:37:32 2003



##### CONVERGE ##### Thu May 15 08:38:01 2003

Elapsed time: 29 seconds
Total loop: 206 generations

Result : 186.306

7 19 32 54 25 51 3 14 46 49 2 50 35 6 4 29 52 17 31 47 22 9 40 33 21 27 5 38 37 23 28 26 34 30 53 12 11 39 1 41 48 45 18 43 36 44 13 20 10 24 16 42 8 15 

 7 19 32 54 25 51	 => 188
 3 51 25 14 46 49	 => 188
 2 49 46 50 35 6	 => 188
 32 4 29 52 17 54	 => 188
 25 54 17 31 47 14	 => 188
 46 14 47 22 9 50	 => 188
 35 50 9 40 33 21	 => 188
 29 27 5 38 37 52	 => 188
 17 52 37 23 28 31	 => 188
 47 31 28 26 34 22	 => 188
 9 22 34 30 53 40	 => 188
 33 40 53 12 11 39	 => 188
 37 38 1 41 48 23	 => 188
 28 23 48 45 18 26	 => 188
 34 26 18 43 36 30	 => 187
 53 30 36 44 13 12	 => 188
 48 41 20 10 24 45	 => 188
 18 45 24 16 42 43	 => 188
 36 43 42 8 15 44	 => 188


===================[TEST 9]===================

##### START ##### Thu May 15 08:38:01 2003



##### CONVERGE ##### Thu May 15 08:38:36 2003

Elapsed time: 35 seconds
Total loop: 259 generations

Result : 187.215

25 3 45 27 54 36 1 12 48 39 8 37 43 15 2 35 52 29 28 41 34 18 51 32 9 4 14 47 38 22 21 40 26 13 49 24 11 23 6 33 44 46 17 42 53 31 20 7 10 50 5 30 19 16 

 25 3 45 27 54 36	 => 190
 1 36 54 12 48 39	 => 190
 8 39 48 37 43 15	 => 190
 45 2 35 52 29 27	 => 190
 54 27 29 28 41 12	 => 191
 48 12 41 34 18 37	 => 190
 43 37 18 51 32 9	 => 190
 35 4 14 47 38 52	 => 190
 29 52 38 22 21 28	 => 190
 41 28 21 40 26 34	 => 190
 18 34 26 13 49 51	 => 191
 32 51 49 24 11 23	 => 190
 38 47 6 33 44 22	 => 190
 21 22 44 46 17 40	 => 190
 26 40 17 42 53 13	 => 191
 49 13 53 31 20 24	 => 190
 44 33 7 10 50 46	 => 190
 17 46 50 5 30 42	 => 190
 53 42 30 19 16 31	 => 191


===================[TEST 10]===================

##### START ##### Thu May 15 08:38:36 2003



##### CONVERGE ##### Thu May 15 08:39:01 2003

Elapsed time: 25 seconds
Total loop: 183 generations

Result : 187.306

9 5 38 50 51 36 4 16 32 49 15 53 37 3 1 35 47 18 21 33 24 31 27 34 7 13 23 28 43 14 46 25 40 19 48 30 39 11 8 44 52 42 10 41 54 26 12 2 20 29 22 45 17 6 

 9 5 38 50 51 36	 => 189
 4 36 51 16 32 49	 => 188
 15 49 32 53 37 3	 => 189
 38 1 35 47 18 50	 => 189
 51 50 18 21 33 16	 => 189
 32 16 33 24 31 53	 => 189
 37 53 31 27 34 7	 => 189
 35 13 23 28 43 47	 => 189
 18 47 43 14 46 21	 => 189
 33 21 46 25 40 24	 => 189
 31 24 40 19 48 27	 => 189
 34 27 48 30 39 11	 => 189
 43 28 8 44 52 14	 => 189
 46 14 52 42 10 25	 => 189
 40 25 10 41 54 19	 => 189
 48 19 54 26 12 30	 => 189
 52 44 2 20 29 42	 => 189
 10 42 29 22 45 41	 => 189
 54 41 45 17 6 26	 => 189



test#	fitness		sum		time
---------------------------------------------------
1	188.412				32
2	187.087				42
3	186.616				27
4	186.85				65
5	186.215				36
6	187.306				30
7	188.412				33
8	186.306				29
9	187.215				35
10	187.306				25


---------------------------------------------------
Best fitness      : 188.412 ( test# 1)
Shortest time     : 25 ( test# 10)

Average fitness   : 187.173
Average time      : 35.4
