****************** GA TEST *******************

total test#:			 10
hexa min width:			 3
hexa max width:			 5
hexa count:			 19
number count:			 54
population size:		 80
generation size:		 12

tournament winner p:		 1
do xover p:			 1
xover:				 1points
do mutation1 p:			 0.1
mutation1 p:			 0.05
do optimize p:			 1
local optimize count:		 6000
do deep better optimize p:	 1
do deep worse optimize p:	 0
do spin p:			 0
spin count:			 1000
do spin apply p:		 1
do mutation2 p:			 0.12
mutation2 p:			 0.08
force mutation2:		 0
replace bad p:			 0.195

converge rate p:		 0.99
converge count:			 1

**********************************************


===================[TEST 1]===================

##### START ##### Thu May 15 08:08:33 2003



##### CONVERGE ##### Thu May 15 08:08:55 2003

Elapsed time: 22 seconds
Total loop: 157 generations

Result : 187.412

1 17 25 43 53 50 5 18 34 29 27 52 45 2 11 49 48 13 21 41 32 12 44 28 8 15 16 22 39 33 35 20 40 24 37 31 23 26 19 30 46 51 4 54 47 42 9 10 14 38 6 36 7 3 

 1 17 25 43 53 50	 => 189
 5 50 53 18 34 29	 => 189
 27 29 34 52 45 2	 => 189
 25 11 49 48 13 43	 => 189
 53 43 13 21 41 18	 => 189
 34 18 41 32 12 52	 => 189
 45 52 12 44 28 8	 => 189
 49 15 16 22 39 48	 => 189
 13 48 39 33 35 21	 => 189
 41 21 35 20 40 32	 => 189
 12 32 40 24 37 44	 => 189
 28 44 37 31 23 26	 => 189
 39 22 19 30 46 33	 => 189
 35 33 46 51 4 20	 => 189
 40 20 4 54 47 24	 => 189
 37 24 47 42 9 31	 => 190
 46 30 10 14 38 51	 => 189
 4 51 38 6 36 54	 => 189
 47 54 36 7 3 42	 => 189


===================[TEST 2]===================

##### START ##### Thu May 15 08:08:55 2003



##### CONVERGE ##### Thu May 15 08:09:18 2003

Elapsed time: 23 seconds
Total loop: 167 generations

Result : 184.794

11 30 42 27 50 28 2 24 41 43 12 34 53 4 3 35 45 36 19 32 48 9 37 40 15 16 18 26 47 10 31 33 25 17 52 39 13 6 5 51 49 44 21 54 38 20 22 23 7 14 8 46 29 1 

 11 30 42 27 50 28	 => 188
 2 28 50 24 41 43	 => 188
 12 43 41 34 53 4	 => 187
 42 3 35 45 36 27	 => 188
 50 27 36 19 32 24	 => 188
 41 24 32 48 9 34	 => 188
 53 34 9 37 40 15	 => 188
 35 16 18 26 47 45	 => 187
 36 45 47 10 31 19	 => 188
 32 19 31 33 25 48	 => 188
 9 48 25 17 52 37	 => 188
 40 37 52 39 13 6	 => 187
 47 26 5 51 49 10	 => 188
 31 10 49 44 21 33	 => 188
 25 33 21 54 38 17	 => 188
 52 17 38 20 22 39	 => 188
 49 51 23 7 14 44	 => 188
 21 44 14 8 46 54	 => 187
 38 54 46 29 1 20	 => 188


===================[TEST 3]===================

##### START ##### Thu May 15 08:09:18 2003



##### CONVERGE ##### Thu May 15 08:09:53 2003

Elapsed time: 35 seconds
Total loop: 253 generations

Result : 186.85

30 3 37 33 51 35 8 12 52 32 11 34 53 7 5 49 41 24 38 31 40 20 54 26 2 16 4 29 50 23 13 45 22 9 44 42 6 17 1 39 47 43 19 46 48 25 21 14 10 36 18 27 28 15 

 30 3 37 33 51 35	 => 189
 8 35 51 12 52 32	 => 190
 11 32 52 34 53 7	 => 189
 37 5 49 41 24 33	 => 189
 51 33 24 38 31 12	 => 189
 52 12 31 40 20 34	 => 189
 53 34 20 54 26 2	 => 189
 49 16 4 29 50 41	 => 189
 24 41 50 23 13 38	 => 189
 31 38 13 45 22 40	 => 189
 20 40 22 9 44 54	 => 189
 26 54 44 42 6 17	 => 189
 50 29 1 39 47 23	 => 189
 13 23 47 43 19 45	 => 190
 22 45 19 46 48 9	 => 189
 44 9 48 25 21 42	 => 189
 47 39 14 10 36 43	 => 189
 19 43 36 18 27 46	 => 189
 48 46 27 28 15 25	 => 189


===================[TEST 4]===================

##### START ##### Thu May 15 08:09:53 2003



##### CONVERGE ##### Thu May 15 08:10:15 2003

Elapsed time: 22 seconds
Total loop: 165 generations

Result : 187.616

21 14 33 52 50 20 3 19 54 44 1 46 43 2 4 40 51 10 37 22 42 7 34 49 11 5 8 45 41 24 28 29 32 27 48 30 13 15 6 35 39 53 17 47 38 31 16 9 18 36 12 25 26 23 

 21 14 33 52 50 20	 => 190
 3 20 50 19 54 44	 => 190
 1 44 54 46 43 2	 => 190
 33 4 40 51 10 52	 => 190
 50 52 10 37 22 19	 => 190
 54 19 22 42 7 46	 => 190
 43 46 7 34 49 11	 => 190
 40 5 8 45 41 51	 => 190
 10 51 41 24 28 37	 => 191
 22 37 28 29 32 42	 => 190
 7 42 32 27 48 34	 => 190
 49 34 48 30 13 15	 => 189
 41 45 6 35 39 24	 => 190
 28 24 39 53 17 29	 => 190
 32 29 17 47 38 27	 => 190
 48 27 38 31 16 30	 => 190
 39 35 9 18 36 53	 => 190
 17 53 36 12 25 47	 => 190
 38 47 25 26 23 31	 => 190


===================[TEST 5]===================

##### START ##### Thu May 15 08:10:15 2003



##### CONVERGE ##### Thu May 15 08:10:43 2003

Elapsed time: 28 seconds
Total loop: 202 generations

Result : 186.163

15 3 47 42 54 28 2 32 40 33 5 46 52 13 1 35 53 10 27 24 43 4 25 50 12 9 18 34 39 37 23 20 51 21 45 36 26 7 6 29 44 48 17 31 49 30 8 11 19 38 14 41 22 16 

 15 3 47 42 54 28	 => 189
 2 28 54 32 40 33	 => 189
 5 33 40 46 52 13	 => 189
 47 1 35 53 10 42	 => 188
 54 42 10 27 24 32	 => 189
 40 32 24 43 4 46	 => 189
 52 46 4 25 50 12	 => 189
 35 9 18 34 39 53	 => 188
 10 53 39 37 23 27	 => 189
 24 27 23 20 51 43	 => 188
 4 43 51 21 45 25	 => 189
 50 25 45 36 26 7	 => 189
 39 34 6 29 44 37	 => 189
 23 37 44 48 17 20	 => 189
 51 20 17 31 49 21	 => 189
 45 21 49 30 8 36	 => 189
 44 29 11 19 38 48	 => 189
 17 48 38 14 41 31	 => 189
 49 31 41 22 16 30	 => 189


===================[TEST 6]===================

##### START ##### Thu May 15 08:10:43 2003



##### CONVERGE ##### Thu May 15 08:11:12 2003

Elapsed time: 29 seconds
Total loop: 211 generations

Result : 186.478

3 2 46 53 43 42 1 25 50 29 12 38 47 13 6 36 34 14 32 22 31 23 41 35 5 18 15 49 37 20 52 8 44 17 33 45 9 27 4 28 51 39 19 54 48 30 16 10 21 40 11 26 7 24 

 3 2 46 53 43 42	 => 189
 1 42 43 25 50 29	 => 190
 12 29 50 38 47 13	 => 189
 46 6 36 34 14 53	 => 189
 43 53 14 32 22 25	 => 189
 50 25 22 31 23 38	 => 189
 47 38 23 41 35 5	 => 189
 36 18 15 49 37 34	 => 189
 14 34 37 20 52 32	 => 189
 22 32 52 8 44 31	 => 189
 23 31 44 17 33 41	 => 189
 35 41 33 45 9 27	 => 190
 37 49 4 28 51 20	 => 189
 52 20 51 39 19 8	 => 189
 44 8 19 54 48 17	 => 190
 33 17 48 30 16 45	 => 189
 51 28 10 21 40 39	 => 189
 19 39 40 11 26 54	 => 189
 48 54 26 7 24 30	 => 189


===================[TEST 7]===================

##### START ##### Thu May 15 08:11:12 2003



##### CONVERGE ##### Thu May 15 08:11:42 2003

Elapsed time: 30 seconds
Total loop: 218 generations

Result : 187.85

2 18 30 53 41 46 6 15 51 31 11 45 48 4 8 36 47 16 32 34 38 7 39 37 14 9 5 50 43 17 35 23 28 24 54 33 1 26 3 25 52 42 22 44 49 20 10 19 12 40 13 29 27 21 

 2 18 30 53 41 46	 => 190
 6 46 41 15 51 31	 => 190
 11 31 51 45 48 4	 => 190
 30 8 36 47 16 53	 => 190
 41 53 16 32 34 15	 => 191
 51 15 34 38 7 45	 => 190
 48 45 7 39 37 14	 => 190
 36 9 5 50 43 47	 => 190
 16 47 43 17 35 32	 => 190
 34 32 35 23 28 38	 => 190
 7 38 28 24 54 39	 => 190
 37 39 54 33 1 26	 => 190
 43 50 3 25 52 17	 => 190
 35 17 52 42 22 23	 => 191
 28 23 22 44 49 24	 => 190
 54 24 49 20 10 33	 => 190
 52 25 19 12 40 42	 => 190
 22 42 40 13 29 44	 => 190
 49 44 29 27 21 20	 => 190


===================[TEST 8]===================

##### START ##### Thu May 15 08:11:42 2003



##### CONVERGE ##### Thu May 15 08:12:07 2003

Elapsed time: 25 seconds
Total loop: 188 generations

Result : 186.163

12 2 31 39 54 50 1 7 51 26 23 48 25 16 3 42 44 30 38 20 41 22 53 27 14 5 13 49 36 4 37 35 18 11 43 28 21 17 19 47 34 46 33 40 52 45 10 24 6 32 9 29 8 15 

 12 2 31 39 54 50	 => 188
 1 50 54 7 51 26	 => 189
 23 26 51 48 25 16	 => 189
 31 3 42 44 30 39	 => 189
 54 39 30 38 20 7	 => 188
 51 7 20 41 22 48	 => 189
 25 48 22 53 27 14	 => 189
 42 5 13 49 36 44	 => 189
 30 44 36 4 37 38	 => 189
 20 38 37 35 18 41	 => 189
 22 41 18 11 43 53	 => 188
 27 53 43 28 21 17	 => 189
 36 49 19 47 34 4	 => 189
 37 4 34 46 33 35	 => 189
 18 35 33 40 52 11	 => 189
 43 11 52 45 10 28	 => 189
 34 47 24 6 32 46	 => 189
 33 46 32 9 29 40	 => 189
 52 40 29 8 15 45	 => 189


===================[TEST 9]===================

##### START ##### Thu May 15 08:12:07 2003



##### CONVERGE ##### Thu May 15 08:12:34 2003

Elapsed time: 27 seconds
Total loop: 193 generations

Result : 186.501

1 6 44 45 51 43 4 11 53 28 16 54 22 17 2 37 47 14 30 39 25 8 48 35 23 19 5 36 46 20 32 29 34 24 50 41 3 13 7 38 42 49 18 52 33 27 15 12 9 40 10 21 26 31 

 1 6 44 45 51 43	 => 190
 4 43 51 11 53 28	 => 190
 16 28 53 54 22 17	 => 190
 44 2 37 47 14 45	 => 189
 51 45 14 30 39 11	 => 190
 53 11 39 25 8 54	 => 190
 22 54 8 48 35 23	 => 190
 37 19 5 36 46 47	 => 190
 14 47 46 20 32 30	 => 189
 39 30 32 29 34 25	 => 189
 8 25 34 24 50 48	 => 189
 35 48 50 41 3 13	 => 190
 46 36 7 38 42 20	 => 189
 32 20 42 49 18 29	 => 190
 34 29 18 52 33 24	 => 190
 50 24 33 27 15 41	 => 190
 42 38 12 9 40 49	 => 190
 18 49 40 10 21 52	 => 190
 33 52 21 26 31 27	 => 190


===================[TEST 10]===================

##### START ##### Thu May 15 08:12:34 2003



##### CONVERGE ##### Thu May 15 08:12:50 2003

Elapsed time: 16 seconds
Total loop: 121 generations

Result (Solution) : 188

13 7 48 47 53 20 9 15 37 54 24 50 21 2 1 44 43 5 49 19 31 36 29 30 22 14 8 38 41 27 23 32 34 12 46 40 25 18 17 26 39 51 16 52 42 45 3 33 4 35 6 28 10 11 

 13 7 48 47 53 20	 => 188
 9 20 53 15 37 54	 => 188
 24 54 37 50 21 2	 => 188
 48 1 44 43 5 47	 => 188
 53 47 5 49 19 15	 => 188
 37 15 19 31 36 50	 => 188
 21 50 36 29 30 22	 => 188
 44 14 8 38 41 43	 => 188
 5 43 41 27 23 49	 => 188
 19 49 23 32 34 31	 => 188
 36 31 34 12 46 29	 => 188
 30 29 46 40 25 18	 => 188
 41 38 17 26 39 27	 => 188
 23 27 39 51 16 32	 => 188
 34 32 16 52 42 12	 => 188
 46 12 42 45 3 40	 => 188
 39 26 33 4 35 51	 => 188
 16 51 35 6 28 52	 => 188
 42 52 28 10 11 45	 => 188



test#	fitness		sum		time
---------------------------------------------------
1	187.412				22
2	184.794				23
3	186.85				35
4	187.616				22
5	186.163				28
6	186.478				29
7	187.85				30
8	186.163				25
9	186.501				27
10	188		188		16


---------------------------------------------------
Best fitness      : 188 ( test# 10)
Best solution sum : 188 ( test# 10)
Shortest time     : 16 ( test# 10)

Average fitness   : 186.783
Average sol. sum  : 188
Average time      : 25.7
