****************** GA TEST *******************

total test#:			 10
hexa min width:			 3
hexa max width:			 5
hexa count:			 19
number count:			 54
population size:		 70
generation size:		 12

tournament winner p:		 1
do xover p:			 1
xover:				 2points
do mutation1 p:			 0.1
mutation1 p:			 0.05
do optimize p:			 1
local optimize count:		 6000
do deep better optimize p:	 1
do deep worse optimize p:	 0
do spin p:			 0
spin count:			 1000
do spin apply p:		 1
do mutation2 p:			 0.12
mutation2 p:			 0.08
force mutation2:		 0
replace bad p:			 0.195

converge rate p:		 0.99
converge count:			 1

**********************************************


===================[TEST 1]===================

##### START ##### Thu May 15 08:23:06 2003



##### CONVERGE ##### Thu May 15 08:23:34 2003

Elapsed time: 28 seconds
Total loop: 204 generations

Result : 187.306

5 11 25 52 49 46 2 16 40 36 6 54 32 21 15 35 45 17 26 29 37 13 50 28 12 4 9 53 43 39 19 44 34 8 47 30 24 10 1 31 22 51 14 41 48 33 23 27 20 38 3 42 7 18 

 5 11 25 52 49 46	 => 188
 2 46 49 16 40 36	 => 189
 6 36 40 54 32 21	 => 189
 25 15 35 45 17 52	 => 189
 49 52 17 26 29 16	 => 189
 40 16 29 37 13 54	 => 189
 32 54 13 50 28 12	 => 189
 35 4 9 53 43 45	 => 189
 17 45 43 39 19 26	 => 189
 29 26 19 44 34 37	 => 189
 13 37 34 8 47 50	 => 189
 28 50 47 30 24 10	 => 189
 43 53 1 31 22 39	 => 189
 19 39 22 51 14 44	 => 189
 34 44 14 41 48 8	 => 189
 47 8 48 33 23 30	 => 189
 22 31 27 20 38 51	 => 189
 14 51 38 3 42 41	 => 189
 48 41 42 7 18 33	 => 189


===================[TEST 2]===================

##### START ##### Thu May 15 08:23:34 2003



##### CONVERGE ##### Thu May 15 08:23:59 2003

Elapsed time: 25 seconds
Total loop: 184 generations

Result : 186.85

2 8 52 36 54 37 3 14 53 29 6 51 43 7 23 16 41 21 30 34 20 17 46 31 1 12 32 40 48 22 27 45 33 24 49 44 4 15 13 28 38 47 10 35 42 25 5 19 18 39 9 50 11 26 

 2 8 52 36 54 37	 => 189
 3 37 54 14 53 29	 => 190
 6 29 53 51 43 7	 => 189
 52 23 16 41 21 36	 => 189
 54 36 21 30 34 14	 => 189
 53 14 34 20 17 51	 => 189
 43 51 17 46 31 1	 => 189
 16 12 32 40 48 41	 => 189
 21 41 48 22 27 30	 => 189
 34 30 27 45 33 20	 => 189
 17 20 33 24 49 46	 => 189
 31 46 49 44 4 15	 => 189
 48 40 13 28 38 22	 => 189
 27 22 38 47 10 45	 => 189
 33 45 10 35 42 24	 => 189
 49 24 42 25 5 44	 => 189
 38 28 19 18 39 47	 => 189
 10 47 39 9 50 35	 => 190
 42 35 50 11 26 25	 => 189


===================[TEST 3]===================

##### START ##### Thu May 15 08:23:59 2003



##### CONVERGE ##### Thu May 15 08:24:30 2003

Elapsed time: 31 seconds
Total loop: 220 generations

Result : 187.85

5 24 44 35 54 28 16 13 40 39 6 53 45 7 3 48 34 27 30 31 38 15 51 26 1 23 4 32 49 21 29 37 25 18 43 33 20 17 11 36 41 50 12 52 46 42 8 14 2 47 10 19 9 22 

 5 24 44 35 54 28	 => 190
 16 28 54 13 40 39	 => 190
 6 39 40 53 45 7	 => 190
 44 3 48 34 27 35	 => 191
 54 35 27 30 31 13	 => 190
 40 13 31 38 15 53	 => 190
 45 53 15 51 26 1	 => 191
 48 23 4 32 49 34	 => 190
 27 34 49 21 29 30	 => 190
 31 30 29 37 25 38	 => 190
 15 38 25 18 43 51	 => 190
 26 51 43 33 20 17	 => 190
 49 32 11 36 41 21	 => 190
 29 21 41 50 12 37	 => 190
 25 37 12 52 46 18	 => 190
 43 18 46 42 8 33	 => 190
 41 36 14 2 47 50	 => 190
 12 50 47 10 19 52	 => 190
 46 52 19 9 22 42	 => 190


===================[TEST 4]===================

##### START ##### Thu May 15 08:24:30 2003



##### CONVERGE ##### Thu May 15 08:24:48 2003

Elapsed time: 18 seconds
Total loop: 137 generations

Result : 186.478

6 14 33 54 51 31 4 8 52 43 3 53 23 15 1 32 42 27 26 24 41 11 35 49 19 22 17 36 40 20 34 18 46 13 44 45 7 9 16 38 39 50 28 37 47 30 10 2 12 48 5 21 25 29 

 6 14 33 54 51 31	 => 189
 4 31 51 8 52 43	 => 189
 3 43 52 53 23 15	 => 189
 33 1 32 42 27 54	 => 189
 51 54 27 26 24 8	 => 190
 52 8 24 41 11 53	 => 189
 23 53 11 35 49 19	 => 190
 32 22 17 36 40 42	 => 189
 27 42 40 20 34 26	 => 189
 24 26 34 18 46 41	 => 189
 11 41 46 13 44 35	 => 190
 49 35 44 45 7 9	 => 189
 40 36 16 38 39 20	 => 189
 34 20 39 50 28 18	 => 189
 46 18 28 37 47 13	 => 189
 44 13 47 30 10 45	 => 189
 39 38 2 12 48 50	 => 189
 28 50 48 5 21 37	 => 189
 47 37 21 25 29 30	 => 189


===================[TEST 5]===================

##### START ##### Thu May 15 08:24:48 2003



##### CONVERGE ##### Thu May 15 08:25:13 2003

Elapsed time: 25 seconds
Total loop: 178 generations

Result : 186.163

11 13 52 32 49 31 5 34 48 22 26 54 33 6 10 29 46 20 39 15 30 8 51 40 3 17 12 42 43 16 25 44 35 28 37 45 7 9 18 23 47 38 19 36 27 50 1 24 4 53 2 41 21 14 

 11 13 52 32 49 31	 => 188
 5 31 49 34 48 22	 => 189
 26 22 48 54 33 6	 => 189
 52 10 29 46 20 32	 => 189
 49 32 20 39 15 34	 => 189
 48 34 15 30 8 54	 => 189
 33 54 8 51 40 3	 => 189
 29 17 12 42 43 46	 => 189
 20 46 43 16 25 39	 => 189
 15 39 25 44 35 30	 => 188
 8 30 35 28 37 51	 => 189
 40 51 37 45 7 9	 => 189
 43 42 18 23 47 16	 => 189
 25 16 47 38 19 44	 => 189
 35 44 19 36 27 28	 => 189
 37 28 27 50 1 45	 => 188
 47 23 24 4 53 38	 => 189
 19 38 53 2 41 36	 => 189
 27 36 41 21 14 50	 => 189


===================[TEST 6]===================

##### START ##### Thu May 15 08:25:13 2003



##### CONVERGE ##### Thu May 15 08:25:52 2003

Elapsed time: 39 seconds
Total loop: 288 generations

Result : 187.85

15 13 46 34 43 39 3 23 49 33 4 47 48 9 14 37 51 8 50 32 21 18 53 22 2 25 6 44 28 24 29 27 31 26 41 38 19 17 7 35 52 42 16 36 54 30 1 5 12 45 11 40 10 20 

 15 13 46 34 43 39	 => 190
 3 39 43 23 49 33	 => 190
 4 33 49 47 48 9	 => 190
 46 14 37 51 8 34	 => 190
 43 34 8 50 32 23	 => 190
 49 23 32 21 18 47	 => 190
 48 47 18 53 22 2	 => 190
 37 25 6 44 28 51	 => 191
 8 51 28 24 29 50	 => 190
 32 50 29 27 31 21	 => 190
 18 21 31 26 41 53	 => 190
 22 53 41 38 19 17	 => 190
 28 44 7 35 52 24	 => 190
 29 24 52 42 16 27	 => 190
 31 27 16 36 54 26	 => 190
 41 26 54 30 1 38	 => 190
 52 35 5 12 45 42	 => 191
 16 42 45 11 40 36	 => 190
 54 36 40 10 20 30	 => 190


===================[TEST 7]===================

##### START ##### Thu May 15 08:25:52 2003



##### CONVERGE ##### Thu May 15 08:26:20 2003

Elapsed time: 28 seconds
Total loop: 204 generations

Result : 187.501

2 9 48 50 52 30 1 22 47 38 4 53 39 10 3 32 40 18 25 24 28 17 42 27 12 13 7 45 54 5 49 31 33 20 51 35 14 21 16 34 37 46 23 43 41 36 8 11 19 44 6 29 26 15 

 2 9 48 50 52 30	 => 191
 1 30 52 22 47 38	 => 190
 4 38 47 53 39 10	 => 191
 48 3 32 40 18 50	 => 191
 52 50 18 25 24 22	 => 191
 47 22 24 28 17 53	 => 191
 39 53 17 42 27 12	 => 190
 32 13 7 45 54 40	 => 191
 18 40 54 5 49 25	 => 191
 24 25 49 31 33 28	 => 190
 17 28 33 20 51 42	 => 191
 27 42 51 35 14 21	 => 190
 54 45 16 34 37 5	 => 191
 49 5 37 46 23 31	 => 191
 33 31 23 43 41 20	 => 191
 51 20 41 36 8 35	 => 191
 37 34 11 19 44 46	 => 191
 23 46 44 6 29 43	 => 191
 41 43 29 26 15 36	 => 190


===================[TEST 8]===================

##### START ##### Thu May 15 08:26:20 2003



##### CONVERGE ##### Thu May 15 08:26:54 2003

Elapsed time: 34 seconds
Total loop: 247 generations

Result : 186.412

5 28 27 50 52 26 8 15 51 36 10 31 44 16 22 30 53 6 47 18 54 19 40 42 12 9 13 35 48 23 11 38 20 14 41 29 2 34 1 32 49 43 25 45 46 37 21 24 7 33 3 39 17 4 

 5 28 27 50 52 26	 => 188
 8 26 52 15 51 36	 => 188
 10 36 51 31 44 16	 => 188
 27 22 30 53 6 50	 => 188
 52 50 6 47 18 15	 => 188
 51 15 18 54 19 31	 => 188
 44 31 19 40 42 12	 => 188
 30 9 13 35 48 53	 => 188
 6 53 48 23 11 47	 => 188
 18 47 11 38 20 54	 => 188
 19 54 20 14 41 40	 => 188
 42 40 41 29 2 34	 => 188
 48 35 1 32 49 23	 => 188
 11 23 49 43 25 38	 => 189
 20 38 25 45 46 14	 => 188
 41 14 46 37 21 29	 => 188
 49 32 24 7 33 43	 => 188
 25 43 33 3 39 45	 => 188
 46 45 39 17 4 37	 => 188


===================[TEST 9]===================

##### START ##### Thu May 15 08:26:54 2003



##### CONVERGE ##### Thu May 15 08:27:16 2003

Elapsed time: 22 seconds
Total loop: 158 generations

Result : 187.306

3 4 39 53 44 46 17 21 42 19 11 51 54 12 8 30 50 9 36 26 33 16 43 23 2 13 31 20 45 24 25 35 34 22 41 40 28 14 1 52 47 48 10 38 49 32 5 7 6 29 27 37 18 15 

 3 4 39 53 44 46	 => 189
 17 46 44 21 42 19	 => 189
 11 19 42 51 54 12	 => 189
 39 8 30 50 9 53	 => 189
 44 53 9 36 26 21	 => 189
 42 21 26 33 16 51	 => 189
 54 51 16 43 23 2	 => 189
 30 13 31 20 45 50	 => 189
 9 50 45 24 25 36	 => 189
 26 36 25 35 34 33	 => 189
 16 33 34 22 41 43	 => 189
 23 43 41 40 28 14	 => 189
 45 20 1 52 47 24	 => 189
 25 24 47 48 10 35	 => 189
 34 35 10 38 49 22	 => 188
 41 22 49 32 5 40	 => 189
 47 52 7 6 29 48	 => 189
 10 48 29 27 37 38	 => 189
 49 38 37 18 15 32	 => 189


===================[TEST 10]===================

##### START ##### Thu May 15 08:27:16 2003



##### CONVERGE ##### Thu May 15 08:27:51 2003

Elapsed time: 35 seconds
Total loop: 254 generations

Result : 186.478

2 33 53 25 47 29 12 21 32 48 6 51 41 11 13 42 40 16 35 45 18 23 38 36 1 14 20 24 49 19 30 27 34 22 54 43 8 10 4 44 50 46 17 52 37 28 5 3 7 39 9 26 31 15 

 2 33 53 25 47 29	 => 189
 12 29 47 21 32 48	 => 189
 6 48 32 51 41 11	 => 189
 53 13 42 40 16 25	 => 189
 47 25 16 35 45 21	 => 189
 32 21 45 18 23 51	 => 190
 41 51 23 38 36 1	 => 190
 42 14 20 24 49 40	 => 189
 16 40 49 19 30 35	 => 189
 45 35 30 27 34 18	 => 189
 23 18 34 22 54 38	 => 189
 36 38 54 43 8 10	 => 189
 49 24 4 44 50 19	 => 190
 30 19 50 46 17 27	 => 189
 34 27 17 52 37 22	 => 189
 54 22 37 28 5 43	 => 189
 50 44 3 7 39 46	 => 189
 17 46 39 9 26 52	 => 189
 37 52 26 31 15 28	 => 189



test#	fitness		sum		time
---------------------------------------------------
1	187.306				28
2	186.85				25
3	187.85				31
4	186.478				18
5	186.163				25
6	187.85				39
7	187.501				28
8	186.412				34
9	187.306				22
10	186.478				35


---------------------------------------------------
Best fitness      : 187.85 ( test# 3)
Shortest time     : 18 ( test# 4)

Average fitness   : 187.02
Average time      : 28.5
