****************** GA TEST *******************

total test#:			 10
hexa min width:			 3
hexa max width:			 5
hexa count:			 19
number count:			 54
population size:		 70
generation size:		 15

tournament winner p:		 1
do xover p:			 1
xover:				 2points
do mutation1 p:			 0.1
mutation1 p:			 0.05
do optimize p:			 1
local optimize count:		 6000
do deep better optimize p:	 1
do deep worse optimize p:	 0
do spin p:			 0
spin count:			 1000
do spin apply p:		 1
do mutation2 p:			 0.12
mutation2 p:			 0.08
force mutation2:		 0
replace bad p:			 0.195

converge rate p:		 0.99
converge count:			 1

**********************************************


===================[TEST 1]===================

##### START ##### Thu May 15 09:35:53 2003



##### CONVERGE ##### Thu May 15 09:36:25 2003

Elapsed time: 32 seconds
Total loop: 191 generations

Result : 187.85

2 16 27 54 51 40 12 20 50 17 11 42 47 24 10 46 45 8 28 29 30 19 41 36 5 1 13 32 53 23 33 44 26 22 52 43 3 15 9 34 39 37 14 49 35 31 7 18 25 38 4 48 6 21 

 2 16 27 54 51 40	 => 190
 12 40 51 20 50 17	 => 190
 11 17 50 42 47 24	 => 191
 27 10 46 45 8 54	 => 190
 51 54 8 28 29 20	 => 190
 50 20 29 30 19 42	 => 190
 47 42 19 41 36 5	 => 190
 46 1 13 32 53 45	 => 190
 8 45 53 23 33 28	 => 190
 29 28 33 44 26 30	 => 190
 19 30 26 22 52 41	 => 190
 36 41 52 43 3 15	 => 190
 53 32 9 34 39 23	 => 190
 33 23 39 37 14 44	 => 190
 26 44 14 49 35 22	 => 190
 52 22 35 31 7 43	 => 190
 39 34 18 25 38 37	 => 191
 14 37 38 4 48 49	 => 190
 35 49 48 6 21 31	 => 190


===================[TEST 2]===================

##### START ##### Thu May 15 09:36:26 2003



##### CONVERGE ##### Thu May 15 09:36:46 2003

Elapsed time: 20 seconds
Total loop: 120 generations

Result : 186.027

22 10 29 49 52 27 2 17 47 44 19 50 28 1 15 41 43 12 38 21 30 24 45 34 9 7 5 53 40 20 36 48 16 23 51 25 8 26 4 37 35 33 18 54 31 46 14 32 11 42 3 39 13 6 

 22 10 29 49 52 27	 => 189
 2 27 52 17 47 44	 => 189
 19 44 47 50 28 1	 => 189
 29 15 41 43 12 49	 => 189
 52 49 12 38 21 17	 => 189
 47 17 21 30 24 50	 => 189
 28 50 24 45 34 9	 => 190
 41 7 5 53 40 43	 => 189
 12 43 40 20 36 38	 => 189
 21 38 36 48 16 30	 => 189
 24 30 16 23 51 45	 => 189
 34 45 51 25 8 26	 => 189
 40 53 4 37 35 20	 => 189
 36 20 35 33 18 48	 => 190
 16 48 18 54 31 23	 => 190
 51 23 31 46 14 25	 => 190
 35 37 32 11 42 33	 => 190
 18 33 42 3 39 54	 => 189
 31 54 39 13 6 46	 => 189


===================[TEST 3]===================

##### START ##### Thu May 15 09:36:46 2003



##### CONVERGE ##### Thu May 15 09:37:15 2003

Elapsed time: 29 seconds
Total loop: 170 generations

Result : 186.85

14 9 53 40 42 31 16 15 50 35 8 41 49 6 12 48 33 3 46 43 18 22 45 30 2 13 10 34 51 20 37 19 26 24 54 38 17 5 11 21 52 32 29 47 44 28 1 25 23 36 7 39 4 27 

 14 9 53 40 42 31	 => 189
 16 31 42 15 50 35	 => 189
 8 35 50 41 49 6	 => 189
 53 12 48 33 3 40	 => 189
 42 40 3 46 43 15	 => 189
 50 15 43 18 22 41	 => 189
 49 41 22 45 30 2	 => 189
 48 13 10 34 51 33	 => 189
 3 33 51 20 37 46	 => 190
 43 46 37 19 26 18	 => 189
 22 18 26 24 54 45	 => 189
 30 45 54 38 17 5	 => 189
 51 34 11 21 52 20	 => 189
 37 20 52 32 29 19	 => 189
 26 19 29 47 44 24	 => 189
 54 24 44 28 1 38	 => 189
 52 21 25 23 36 32	 => 189
 29 32 36 7 39 47	 => 190
 44 47 39 4 27 28	 => 189


===================[TEST 4]===================

##### START ##### Thu May 15 09:37:15 2003



##### CONVERGE ##### Thu May 15 09:37:40 2003

Elapsed time: 25 seconds
Total loop: 142 generations

Result : 188.412

7 16 39 42 54 32 14 15 47 28 4 41 48 22 6 40 45 18 35 26 37 24 51 25 1 19 9 31 46 13 33 29 30 10 38 50 21 5 3 44 53 43 20 49 52 17 23 2 12 36 8 34 11 27 

 7 16 39 42 54 32	 => 190
 14 32 54 15 47 28	 => 190
 4 28 47 41 48 22	 => 190
 39 6 40 45 18 42	 => 190
 54 42 18 35 26 15	 => 190
 47 15 26 37 24 41	 => 190
 48 41 24 51 25 1	 => 190
 40 19 9 31 46 45	 => 190
 18 45 46 13 33 35	 => 190
 26 35 33 29 30 37	 => 190
 24 37 30 10 38 51	 => 190
 25 51 38 50 21 5	 => 190
 46 31 3 44 53 13	 => 190
 33 13 53 43 20 29	 => 191
 30 29 20 49 52 10	 => 190
 38 10 52 17 23 50	 => 190
 53 44 2 12 36 43	 => 190
 20 43 36 8 34 49	 => 190
 52 49 34 11 27 17	 => 190


===================[TEST 5]===================

##### START ##### Thu May 15 09:37:40 2003



##### CONVERGE ##### Thu May 15 09:37:55 2003

Elapsed time: 15 seconds
Total loop: 91 generations

Result : 185.163

3 13 42 49 37 43 5 38 29 36 6 50 53 14 2 28 52 15 22 27 40 4 48 25 8 12 18 30 47 7 45 23 31 33 32 34 10 39 9 44 51 41 21 26 54 24 11 16 1 35 19 46 20 17 

 3 13 42 49 37 43	 => 187
 5 43 37 38 29 36	 => 188
 6 36 29 50 53 14	 => 188
 42 2 28 52 15 49	 => 188
 37 49 15 22 27 38	 => 188
 29 38 27 40 4 50	 => 188
 53 50 4 48 25 8	 => 188
 28 12 18 30 47 52	 => 187
 15 52 47 7 45 22	 => 188
 27 22 45 23 31 40	 => 188
 4 40 31 33 32 48	 => 188
 25 48 32 34 10 39	 => 188
 47 30 9 44 51 7	 => 188
 45 7 51 41 21 23	 => 188
 31 23 21 26 54 33	 => 188
 32 33 54 24 11 34	 => 188
 51 44 16 1 35 41	 => 188
 21 41 35 19 46 26	 => 188
 54 26 46 20 17 24	 => 187


===================[TEST 6]===================

##### START ##### Thu May 15 09:37:55 2003



##### CONVERGE ##### Thu May 15 09:38:20 2003

Elapsed time: 25 seconds
Total loop: 146 generations

Result : 186.412

10 15 49 51 28 35 7 26 45 47 27 44 20 6 2 42 30 14 50 19 25 29 48 38 9 34 3 46 33 21 40 36 18 16 52 22 24 4 12 39 37 43 11 54 53 32 13 5 23 41 8 31 17 1 

 10 15 49 51 28 35	 => 188
 7 35 28 26 45 47	 => 188
 27 47 45 44 20 6	 => 189
 49 2 42 30 14 51	 => 188
 28 51 14 50 19 26	 => 188
 45 26 19 25 29 44	 => 188
 20 44 29 48 38 9	 => 188
 42 34 3 46 33 30	 => 188
 14 30 33 21 40 50	 => 188
 19 50 40 36 18 25	 => 188
 29 25 18 16 52 48	 => 188
 38 48 52 22 24 4	 => 188
 33 46 12 39 37 21	 => 188
 40 21 37 43 11 36	 => 188
 18 36 11 54 53 16	 => 188
 52 16 53 32 13 22	 => 188
 37 39 5 23 41 43	 => 188
 11 43 41 8 31 54	 => 188
 53 54 31 17 1 32	 => 188


===================[TEST 7]===================

##### START ##### Thu May 15 09:38:20 2003



##### CONVERGE ##### Thu May 15 09:38:46 2003

Elapsed time: 26 seconds
Total loop: 147 generations

Result : 187.64

26 15 32 45 35 37 5 31 53 28 6 47 43 13 19 34 40 20 30 29 22 8 54 36 2 11 12 42 51 3 46 23 39 17 50 27 14 9 4 41 49 48 21 52 38 33 25 10 18 24 1 44 16 7 

 26 15 32 45 35 37	 => 190
 5 37 35 31 53 28	 => 189
 6 28 53 47 43 13	 => 190
 32 19 34 40 20 45	 => 190
 35 45 20 30 29 31	 => 190
 53 31 29 22 8 47	 => 190
 43 47 8 54 36 2	 => 190
 34 11 12 42 51 40	 => 190
 20 40 51 3 46 30	 => 190
 29 30 46 23 39 22	 => 189
 8 22 39 17 50 54	 => 190
 36 54 50 27 14 9	 => 190
 51 42 4 41 49 3	 => 190
 46 3 49 48 21 23	 => 190
 39 23 21 52 38 17	 => 190
 50 17 38 33 25 27	 => 190
 49 41 10 18 24 48	 => 190
 21 48 24 1 44 52	 => 190
 38 52 44 16 7 33	 => 190


===================[TEST 8]===================

##### START ##### Thu May 15 09:38:46 2003



##### CONVERGE ##### Thu May 15 09:39:11 2003

Elapsed time: 25 seconds
Total loop: 150 generations

Result : 186.478

1 12 52 38 51 35 10 21 47 26 8 48 53 7 6 41 28 24 32 23 30 20 44 22 2 11 19 36 54 9 42 45 18 31 46 39 13 25 14 33 43 34 16 50 29 40 4 27 15 37 3 49 17 5 

 1 12 52 38 51 35	 => 189
 10 35 51 21 47 26	 => 190
 8 26 47 48 53 7	 => 189
 52 6 41 28 24 38	 => 189
 51 38 24 32 23 21	 => 189
 47 21 23 30 20 48	 => 189
 53 48 20 44 22 2	 => 189
 41 11 19 36 54 28	 => 189
 24 28 54 9 42 32	 => 189
 23 32 42 45 18 30	 => 190
 20 30 18 31 46 44	 => 189
 22 44 46 39 13 25	 => 189
 54 36 14 33 43 9	 => 189
 42 9 43 34 16 45	 => 189
 18 45 16 50 29 31	 => 189
 46 31 29 40 4 39	 => 189
 43 33 27 15 37 34	 => 189
 16 34 37 3 49 50	 => 189
 29 50 49 17 5 40	 => 190


===================[TEST 9]===================

##### START ##### Thu May 15 09:39:11 2003



##### CONVERGE ##### Thu May 15 09:39:39 2003

Elapsed time: 28 seconds
Total loop: 162 generations

Result : 186.163

19 15 45 42 47 20 14 29 51 28 6 40 34 30 2 53 43 4 41 26 16 27 44 39 5 3 7 31 52 24 25 49 32 22 48 33 13 11 10 35 36 38 17 46 23 54 9 18 12 50 1 37 21 8 

 19 15 45 42 47 20	 => 188
 14 20 47 29 51 28	 => 189
 6 28 51 40 34 30	 => 189
 45 2 53 43 4 42	 => 189
 47 42 4 41 26 29	 => 189
 51 29 26 16 27 40	 => 189
 34 40 27 44 39 5	 => 189
 53 3 7 31 52 43	 => 189
 4 43 52 24 25 41	 => 189
 26 41 25 49 32 16	 => 189
 27 16 32 22 48 44	 => 189
 39 44 48 33 13 11	 => 188
 52 31 10 35 36 24	 => 188
 25 24 36 38 17 49	 => 189
 32 49 17 46 23 22	 => 189
 48 22 23 54 9 33	 => 189
 36 35 18 12 50 38	 => 189
 17 38 50 1 37 46	 => 189
 23 46 37 21 8 54	 => 189


===================[TEST 10]===================

##### START ##### Thu May 15 09:39:39 2003



##### CONVERGE ##### Thu May 15 09:40:03 2003

Elapsed time: 24 seconds
Total loop: 141 generations

Result : 187.163

8 5 52 45 47 33 6 21 34 49 12 50 31 14 2 28 48 15 37 25 41 19 29 44 17 10 18 32 54 23 13 38 36 22 43 46 11 16 1 27 53 39 24 30 40 35 3 20 9 42 4 51 7 26 

 8 5 52 45 47 33	 => 190
 6 33 47 21 34 49	 => 190
 12 49 34 50 31 14	 => 190
 52 2 28 48 15 45	 => 190
 47 45 15 37 25 21	 => 190
 34 21 25 41 19 50	 => 190
 31 50 19 29 44 17	 => 190
 28 10 18 32 54 48	 => 190
 15 48 54 23 13 37	 => 190
 25 37 13 38 36 41	 => 190
 19 41 36 22 43 29	 => 190
 44 29 43 46 11 16	 => 189
 54 32 1 27 53 23	 => 190
 13 23 53 39 24 38	 => 190
 36 38 24 30 40 22	 => 190
 43 22 40 35 3 46	 => 189
 53 27 20 9 42 39	 => 190
 24 39 42 4 51 30	 => 190
 40 30 51 7 26 35	 => 189



test#	fitness		sum		time
---------------------------------------------------
1	187.85				32
2	186.027				20
3	186.85				29
4	188.412				25
5	185.163				15
6	186.412				25
7	187.64				26
8	186.478				25
9	186.163				28
10	187.163				24


---------------------------------------------------
Best fitness      : 188.412 ( test# 4)
Shortest time     : 15 ( test# 5)

Average fitness   : 186.816
Average time      : 24.9
