****************** GA TEST *******************

total test#:			 10
hexa min width:			 3
hexa max width:			 5
hexa count:			 19
number count:			 54
population size:		 80
generation size:		 12

tournament winner p:		 1
do xover p:			 1
xover:				 4points
do mutation1 p:			 0.1
mutation1 p:			 0.05
do optimize p:			 1
local optimize count:		 6000
do deep better optimize p:	 1
do deep worse optimize p:	 0
do spin p:			 0
spin count:			 1000
do spin apply p:		 1
do mutation2 p:			 0.12
mutation2 p:			 0.08
force mutation2:		 0
replace bad p:			 0.195

converge rate p:		 0.99
converge count:			 1

**********************************************


===================[TEST 1]===================

##### START ##### Thu May 15 08:52:03 2003



##### CONVERGE ##### Thu May 15 08:52:52 2003

Elapsed time: 49 seconds
Total loop: 356 generations

Result : 187.64

22 2 24 53 37 52 1 12 42 46 7 47 32 16 8 51 34 20 28 40 35 14 54 39 4 3 9 43 50 17 41 19 27 29 31 33 21 11 6 25 49 38 26 45 44 48 5 23 18 36 15 30 13 10 

 22 2 24 53 37 52	 => 190
 1 52 37 12 42 46	 => 190
 7 46 42 47 32 16	 => 190
 24 8 51 34 20 53	 => 190
 37 53 20 28 40 12	 => 190
 42 12 40 35 14 47	 => 190
 32 47 14 54 39 4	 => 190
 51 3 9 43 50 34	 => 190
 20 34 50 17 41 28	 => 190
 40 28 41 19 27 35	 => 190
 14 35 27 29 31 54	 => 190
 39 54 31 33 21 11	 => 189
 50 43 6 25 49 17	 => 190
 41 17 49 38 26 19	 => 190
 27 19 26 45 44 29	 => 190
 31 29 44 48 5 33	 => 190
 49 25 23 18 36 38	 => 189
 26 38 36 15 30 45	 => 190
 44 45 30 13 10 48	 => 190


===================[TEST 2]===================

##### START ##### Thu May 15 08:52:52 2003



##### CONVERGE ##### Thu May 15 08:53:52 2003

Elapsed time: 60 seconds
Total loop: 434 generations

Result : 187.027

9 10 46 47 48 31 19 11 37 44 12 40 52 6 5 36 41 16 23 45 29 28 32 30 8 18 7 34 54 13 43 24 26 25 50 39 17 22 2 49 38 51 21 53 42 33 1 14 4 35 3 27 15 20 

 9 10 46 47 48 31	 => 191
 19 31 48 11 37 44	 => 190
 12 44 37 40 52 6	 => 191
 46 5 36 41 16 47	 => 191
 48 47 16 23 45 11	 => 190
 37 11 45 29 28 40	 => 190
 52 40 28 32 30 8	 => 190
 36 18 7 34 54 41	 => 190
 16 41 54 13 43 23	 => 190
 45 23 43 24 26 29	 => 190
 28 29 26 25 50 32	 => 190
 30 32 50 39 17 22	 => 190
 54 34 2 49 38 13	 => 190
 43 13 38 51 21 24	 => 190
 26 24 21 53 42 25	 => 191
 50 25 42 33 1 39	 => 190
 38 49 14 4 35 51	 => 191
 21 51 35 3 27 53	 => 190
 42 53 27 15 20 33	 => 190


===================[TEST 3]===================

##### START ##### Thu May 15 08:53:52 2003



##### CONVERGE ##### Thu May 15 08:54:30 2003

Elapsed time: 38 seconds
Total loop: 277 generations

Result : 186.616

2 36 20 46 33 52 5 15 49 35 18 39 31 17 7 42 45 28 24 43 22 21 50 25 23 4 19 32 47 16 29 37 34 14 48 51 3 12 1 40 53 44 10 54 41 26 9 6 8 38 13 30 27 11 

 2 36 20 46 33 52	 => 189
 5 52 33 15 49 35	 => 189
 18 35 49 39 31 17	 => 189
 20 7 42 45 28 46	 => 188
 33 46 28 24 43 15	 => 189
 49 15 43 22 21 39	 => 189
 31 39 21 50 25 23	 => 189
 42 4 19 32 47 45	 => 189
 28 45 47 16 29 24	 => 189
 43 24 29 37 34 22	 => 189
 21 22 34 14 48 50	 => 189
 25 50 48 51 3 12	 => 189
 47 32 1 40 53 16	 => 189
 29 16 53 44 10 37	 => 189
 34 37 10 54 41 14	 => 190
 48 14 41 26 9 51	 => 189
 53 40 6 8 38 44	 => 189
 10 44 38 13 30 54	 => 189
 41 54 30 27 11 26	 => 189


===================[TEST 4]===================

##### START ##### Thu May 15 08:54:30 2003



##### CONVERGE ##### Thu May 15 08:55:15 2003

Elapsed time: 45 seconds
Total loop: 328 generations

Result : 188.412

13 14 38 46 48 31 3 21 45 42 2 35 50 16 5 34 49 18 20 37 43 9 53 32 11 1 26 28 52 15 36 25 29 12 44 30 27 4 22 33 40 51 23 47 54 41 10 8 19 39 6 24 17 7 

 13 14 38 46 48 31	 => 190
 3 31 48 21 45 42	 => 190
 2 42 45 35 50 16	 => 190
 38 5 34 49 18 46	 => 190
 48 46 18 20 37 21	 => 190
 45 21 37 43 9 35	 => 190
 50 35 9 53 32 11	 => 190
 34 1 26 28 52 49	 => 190
 18 49 52 15 36 20	 => 190
 37 20 36 25 29 43	 => 190
 9 43 29 12 44 53	 => 190
 32 53 44 30 27 4	 => 190
 52 28 22 33 40 15	 => 190
 36 15 40 51 23 25	 => 190
 29 25 23 47 54 12	 => 190
 44 12 54 41 10 30	 => 191
 40 33 8 19 39 51	 => 190
 23 51 39 6 24 47	 => 190
 54 47 24 17 7 41	 => 190


===================[TEST 5]===================

##### START ##### Thu May 15 08:55:15 2003



##### CONVERGE ##### Thu May 15 08:55:48 2003

Elapsed time: 33 seconds
Total loop: 245 generations

Result : 187.027

9 11 46 45 47 32 1 27 40 44 4 48 29 25 2 52 26 19 28 24 35 16 50 43 5 14 10 38 51 17 49 23 31 22 36 37 7 18 8 34 42 39 20 41 53 30 12 6 15 54 3 33 13 21 

 9 11 46 45 47 32	 => 190
 1 32 47 27 40 44	 => 191
 4 44 40 48 29 25	 => 190
 46 2 52 26 19 45	 => 190
 47 45 19 28 24 27	 => 190
 40 27 24 35 16 48	 => 190
 29 48 16 50 43 5	 => 191
 52 14 10 38 51 26	 => 191
 19 26 51 17 49 28	 => 190
 24 28 49 23 31 35	 => 190
 16 35 31 22 36 50	 => 190
 43 50 36 37 7 18	 => 191
 51 38 8 34 42 17	 => 190
 49 17 42 39 20 23	 => 190
 31 23 20 41 53 22	 => 190
 36 22 53 30 12 37	 => 190
 42 34 6 15 54 39	 => 190
 20 39 54 3 33 41	 => 190
 53 41 33 13 21 30	 => 191


===================[TEST 6]===================

##### START ##### Thu May 15 08:55:48 2003



##### CONVERGE ##### Thu May 15 08:56:32 2003

Elapsed time: 44 seconds
Total loop: 319 generations

Result : 187.85

16 27 37 42 38 30 5 21 52 45 4 51 26 12 1 48 40 22 39 28 20 18 53 36 6 15 9 49 29 13 47 24 32 17 50 34 7 11 10 43 46 41 19 54 44 31 14 2 25 33 8 35 23 3 

 16 27 37 42 38 30	 => 190
 5 30 38 21 52 45	 => 191
 4 45 52 51 26 12	 => 190
 37 1 48 40 22 42	 => 190
 38 42 22 39 28 21	 => 190
 52 21 28 20 18 51	 => 190
 26 51 18 53 36 6	 => 190
 48 15 9 49 29 40	 => 190
 22 40 29 13 47 39	 => 190
 28 39 47 24 32 20	 => 190
 18 20 32 17 50 53	 => 190
 36 53 50 34 7 11	 => 191
 29 49 10 43 46 13	 => 190
 47 13 46 41 19 24	 => 190
 32 24 19 54 44 17	 => 190
 50 17 44 31 14 34	 => 190
 46 43 2 25 33 41	 => 190
 19 41 33 8 35 54	 => 190
 44 54 35 23 3 31	 => 190


===================[TEST 7]===================

##### START ##### Thu May 15 08:56:32 2003



##### CONVERGE ##### Thu May 15 08:57:41 2003

Elapsed time: 69 seconds
Total loop: 502 generations

Result : 186.478

4 1 43 53 50 38 28 10 42 21 23 41 40 22 2 26 48 17 34 25 52 19 51 31 7 15 20 36 44 12 35 29 14 16 37 47 18 5 3 49 45 39 30 46 54 27 8 13 11 33 9 32 6 24 

 4 1 43 53 50 38	 => 189
 28 38 50 10 42 21	 => 189
 23 21 42 41 40 22	 => 189
 43 2 26 48 17 53	 => 189
 50 53 17 34 25 10	 => 189
 42 10 25 52 19 41	 => 189
 40 41 19 51 31 7	 => 189
 26 15 20 36 44 48	 => 189
 17 48 44 12 35 34	 => 190
 25 34 35 29 14 52	 => 189
 19 52 14 16 37 51	 => 189
 31 51 37 47 18 5	 => 189
 44 36 3 49 45 12	 => 189
 35 12 45 39 30 29	 => 190
 14 29 30 46 54 16	 => 189
 37 16 54 27 8 47	 => 189
 45 49 13 11 33 39	 => 190
 30 39 33 9 32 46	 => 189
 54 46 32 6 24 27	 => 189


===================[TEST 8]===================

##### START ##### Thu May 15 08:57:41 2003



##### CONVERGE ##### Thu May 15 08:58:32 2003

Elapsed time: 51 seconds
Total loop: 368 generations

Result : 188.306

20 9 28 45 49 39 4 7 41 50 5 48 40 6 1 47 44 25 21 43 37 14 33 46 8 13 3 31 52 16 32 19 38 26 42 30 24 15 2 35 54 51 18 53 36 34 22 10 11 29 12 27 23 17 

 20 9 28 45 49 39	 => 190
 4 39 49 7 41 50	 => 190
 5 50 41 48 40 6	 => 190
 28 1 47 44 25 45	 => 190
 49 45 25 21 43 7	 => 190
 41 7 43 37 14 48	 => 190
 40 48 14 33 46 8	 => 189
 47 13 3 31 52 44	 => 190
 25 44 52 16 32 21	 => 190
 43 21 32 19 38 37	 => 190
 14 37 38 26 42 33	 => 190
 46 33 42 30 24 15	 => 190
 52 31 2 35 54 16	 => 190
 32 16 54 51 18 19	 => 190
 38 19 18 53 36 26	 => 190
 42 26 36 34 22 30	 => 190
 54 35 10 11 29 51	 => 190
 18 51 29 12 27 53	 => 190
 36 53 27 23 17 34	 => 190


===================[TEST 9]===================

##### START ##### Thu May 15 08:58:32 2003



##### CONVERGE ##### Thu May 15 08:59:10 2003

Elapsed time: 38 seconds
Total loop: 278 generations

Result (Solution) : 190

21 9 36 49 40 35 3 23 45 44 7 51 31 12 1 46 48 10 41 27 28 16 52 34 6 11 8 24 53 18 20 32 42 2 50 33 17 4 15 26 54 37 29 38 47 39 19 5 25 43 13 30 14 22 

 21 9 36 49 40 35	 => 190
 3 35 40 23 45 44	 => 190
 7 44 45 51 31 12	 => 190
 36 1 46 48 10 49	 => 190
 40 49 10 41 27 23	 => 190
 45 23 27 28 16 51	 => 190
 31 51 16 52 34 6	 => 190
 46 11 8 24 53 48	 => 190
 10 48 53 18 20 41	 => 190
 27 41 20 32 42 28	 => 190
 16 28 42 2 50 52	 => 190
 34 52 50 33 17 4	 => 190
 53 24 15 26 54 18	 => 190
 20 18 54 37 29 32	 => 190
 42 32 29 38 47 2	 => 190
 50 2 47 39 19 33	 => 190
 54 26 5 25 43 37	 => 190
 29 37 43 13 30 38	 => 190
 47 38 30 14 22 39	 => 190


===================[TEST 10]===================

##### START ##### Thu May 15 08:59:10 2003



##### CONVERGE ##### Thu May 15 08:59:49 2003

Elapsed time: 39 seconds
Total loop: 283 generations

Result : 187.64

6 19 32 54 51 28 1 13 52 45 8 46 34 4 10 24 49 21 31 20 36 23 38 40 9 7 25 43 42 17 30 44 29 16 48 22 27 15 5 35 47 41 11 37 53 39 12 14 3 50 18 33 2 26 

 6 19 32 54 51 28	 => 190
 1 28 51 13 52 45	 => 190
 8 45 52 46 34 4	 => 189
 32 10 24 49 21 54	 => 190
 51 54 21 31 20 13	 => 190
 52 13 20 36 23 46	 => 190
 34 46 23 38 40 9	 => 190
 24 7 25 43 42 49	 => 190
 21 49 42 17 30 31	 => 190
 20 31 30 44 29 36	 => 190
 23 36 29 16 48 38	 => 190
 40 38 48 22 27 15	 => 190
 42 43 5 35 47 17	 => 189
 30 17 47 41 11 44	 => 190
 29 44 11 37 53 16	 => 190
 48 16 53 39 12 22	 => 190
 47 35 14 3 50 41	 => 190
 11 41 50 18 33 37	 => 190
 53 37 33 2 26 39	 => 190



test#	fitness		sum		time
---------------------------------------------------
1	187.64				49
2	187.027				60
3	186.616				38
4	188.412				45
5	187.027				33
6	187.85				44
7	186.478				69
8	188.306				51
9	190		190		38
10	187.64				39


---------------------------------------------------
Best fitness      : 190 ( test# 9)
Best solution sum : 190 ( test# 9)
Shortest time     : 33 ( test# 5)

Average fitness   : 187.7
Average sol. sum  : 190
Average time      : 46.6
