****************** GA TEST *******************

total test#:			 10
hexa min width:			 3
hexa max width:			 5
hexa count:			 19
number count:			 54
population size:		 70
generation size:		 12

tournament winner p:		 1
do xover p:			 1
xover:				 4points
do mutation1 p:			 0.1
mutation1 p:			 0.05
do optimize p:			 1
local optimize count:		 6000
do deep better optimize p:	 1
do deep worse optimize p:	 0
do spin p:			 0
spin count:			 1000
do spin apply p:		 1
do mutation2 p:			 0.12
mutation2 p:			 0.08
force mutation2:		 0
replace bad p:			 0.195

converge rate p:		 0.99
converge count:			 1

**********************************************


===================[TEST 1]===================

##### START ##### Thu May 15 08:46:33 2003



##### CONVERGE ##### Thu May 15 08:47:14 2003

Elapsed time: 41 seconds
Total loop: 297 generations

Result : 186.163

5 11 49 44 29 51 6 36 33 34 9 35 45 32 1 50 40 4 48 27 42 16 47 39 7 8 17 28 46 21 30 18 24 19 41 38 2 22 15 25 54 43 23 52 53 26 12 10 20 37 3 31 14 13 

 5 11 49 44 29 51	 => 189
 6 51 29 36 33 34	 => 189
 9 34 33 35 45 32	 => 188
 49 1 50 40 4 44	 => 188
 29 44 4 48 27 36	 => 188
 33 36 27 42 16 35	 => 189
 45 35 16 47 39 7	 => 189
 50 8 17 28 46 40	 => 189
 4 40 46 21 30 48	 => 189
 27 48 30 18 24 42	 => 189
 16 42 24 19 41 47	 => 189
 39 47 41 38 2 22	 => 189
 46 28 15 25 54 21	 => 189
 30 21 54 43 23 18	 => 189
 24 18 23 52 53 19	 => 189
 41 19 53 26 12 38	 => 189
 54 25 10 20 37 43	 => 189
 23 43 37 3 31 52	 => 189
 53 52 31 14 13 26	 => 189


===================[TEST 2]===================

##### START ##### Thu May 15 08:47:14 2003



##### CONVERGE ##### Thu May 15 08:47:35 2003

Elapsed time: 21 seconds
Total loop: 156 generations

Result : 186.306

31 3 38 40 37 39 14 17 30 51 22 32 49 4 2 45 50 13 35 46 52 11 36 48 12 18 7 26 42 28 20 19 15 33 41 34 21 8 1 47 44 53 24 54 43 27 10 9 6 29 5 23 25 16 

 31 3 38 40 37 39	 => 188
 14 39 37 17 30 51	 => 188
 22 51 30 32 49 4	 => 188
 38 2 45 50 13 40	 => 188
 37 40 13 35 46 17	 => 188
 30 17 46 52 11 32	 => 188
 49 32 11 36 48 12	 => 188
 45 18 7 26 42 50	 => 188
 13 50 42 28 20 35	 => 188
 46 35 20 19 15 52	 => 187
 11 52 15 33 41 36	 => 188
 48 36 41 34 21 8	 => 188
 42 26 1 47 44 28	 => 188
 20 28 44 53 24 19	 => 188
 15 19 24 54 43 33	 => 188
 41 33 43 27 10 34	 => 188
 44 47 9 6 29 53	 => 188
 24 53 29 5 23 54	 => 188
 43 54 23 25 16 27	 => 188


===================[TEST 3]===================

##### START ##### Thu May 15 08:47:35 2003



##### CONVERGE ##### Thu May 15 08:48:04 2003

Elapsed time: 29 seconds
Total loop: 207 generations

Result : 186.478

15 4 47 20 54 49 7 19 31 29 25 53 35 16 2 42 46 32 30 34 41 11 50 26 14 5 9 51 36 28 18 39 27 17 43 45 13 12 6 24 44 40 21 52 33 48 3 23 22 37 1 38 8 10 

 15 4 47 20 54 49	 => 189
 7 49 54 19 31 29	 => 189
 25 29 31 53 35 16	 => 189
 47 2 42 46 32 20	 => 189
 54 20 32 30 34 19	 => 189
 31 19 34 41 11 53	 => 189
 35 53 11 50 26 14	 => 189
 42 5 9 51 36 46	 => 189
 32 46 36 28 18 30	 => 190
 34 30 18 39 27 41	 => 189
 11 41 27 17 43 50	 => 189
 26 50 43 45 13 12	 => 189
 36 51 6 24 44 28	 => 189
 18 28 44 40 21 39	 => 190
 27 39 21 52 33 17	 => 189
 43 17 33 48 3 45	 => 189
 44 24 23 22 37 40	 => 190
 21 40 37 1 38 52	 => 189
 33 52 38 8 10 48	 => 189


===================[TEST 4]===================

##### START ##### Thu May 15 08:48:04 2003



##### CONVERGE ##### Thu May 15 08:48:38 2003

Elapsed time: 34 seconds
Total loop: 250 generations

Result : 187.501

1 14 45 49 54 27 6 16 53 35 9 51 30 13 2 32 50 12 37 23 28 20 48 38 4 15 17 46 31 19 42 26 34 21 40 44 3 18 11 41 43 36 25 52 33 47 5 8 24 39 10 29 7 22 

 1 14 45 49 54 27	 => 190
 6 27 54 16 53 35	 => 191
 9 35 53 51 30 13	 => 191
 45 2 32 50 12 49	 => 190
 54 49 12 37 23 16	 => 191
 53 16 23 28 20 51	 => 191
 30 51 20 48 38 4	 => 191
 32 15 17 46 31 50	 => 191
 12 50 31 19 42 37	 => 191
 23 37 42 26 34 28	 => 190
 20 28 34 21 40 48	 => 191
 38 48 40 44 3 18	 => 191
 31 46 11 41 43 19	 => 191
 42 19 43 36 25 26	 => 191
 34 26 25 52 33 21	 => 191
 40 21 33 47 5 44	 => 190
 43 41 8 24 39 36	 => 191
 25 36 39 10 29 52	 => 191
 33 52 29 7 22 47	 => 190


===================[TEST 5]===================

##### START ##### Thu May 15 08:48:38 2003



##### CONVERGE ##### Thu May 15 08:49:14 2003

Elapsed time: 36 seconds
Total loop: 261 generations

Result : 186.478

17 29 21 53 38 31 4 22 54 40 13 44 28 10 14 49 41 11 30 35 27 7 47 37 26 2 16 33 48 15 45 18 34 24 50 43 9 3 6 36 52 39 20 51 42 19 12 5 25 32 1 46 8 23 

 17 29 21 53 38 31	 => 189
 4 31 38 22 54 40	 => 189
 13 40 54 44 28 10	 => 189
 21 14 49 41 11 53	 => 189
 38 53 11 30 35 22	 => 189
 54 22 35 27 7 44	 => 189
 28 44 7 47 37 26	 => 189
 49 2 16 33 48 41	 => 189
 11 41 48 15 45 30	 => 190
 35 30 45 18 34 27	 => 189
 7 27 34 24 50 47	 => 189
 37 47 50 43 9 3	 => 189
 48 33 6 36 52 15	 => 190
 45 15 52 39 20 18	 => 189
 34 18 20 51 42 24	 => 189
 50 24 42 19 12 43	 => 190
 52 36 5 25 32 39	 => 189
 20 39 32 1 46 51	 => 189
 42 51 46 8 23 19	 => 189


===================[TEST 6]===================

##### START ##### Thu May 15 08:49:14 2003



##### CONVERGE ##### Thu May 15 08:49:57 2003

Elapsed time: 43 seconds
Total loop: 316 generations

Result : 187.64

23 6 46 29 51 35 3 20 40 41 12 39 53 5 9 52 44 10 47 33 37 21 45 30 2 11 13 27 43 22 24 34 15 18 54 31 26 4 7 42 49 36 25 50 48 38 1 16 14 32 19 28 17 8 

 23 6 46 29 51 35	 => 190
 3 35 51 20 40 41	 => 190
 12 41 40 39 53 5	 => 190
 46 9 52 44 10 29	 => 190
 51 29 10 47 33 20	 => 190
 40 20 33 37 21 39	 => 190
 53 39 21 45 30 2	 => 190
 52 11 13 27 43 44	 => 190
 10 44 43 22 24 47	 => 190
 33 47 24 34 15 37	 => 190
 21 37 15 18 54 45	 => 190
 30 45 54 31 26 4	 => 190
 43 27 7 42 49 22	 => 190
 24 22 49 36 25 34	 => 190
 15 34 25 50 48 18	 => 190
 54 18 48 38 1 31	 => 190
 49 42 16 14 32 36	 => 189
 25 36 32 19 28 50	 => 190
 48 50 28 17 8 38	 => 189


===================[TEST 7]===================

##### START ##### Thu May 15 08:49:57 2003



##### CONVERGE ##### Thu May 15 08:50:15 2003

Elapsed time: 18 seconds
Total loop: 125 generations

Result : 184.85

13 11 44 20 52 48 1 15 31 40 33 53 24 6 2 32 46 43 28 29 22 37 30 35 8 14 10 49 36 7 27 39 42 5 51 34 16 21 4 45 47 41 26 50 25 54 18 19 12 23 9 38 17 3 

 13 11 44 20 52 48	 => 188
 1 48 52 15 31 40	 => 187
 33 40 31 53 24 6	 => 187
 44 2 32 46 43 20	 => 187
 52 20 43 28 29 15	 => 187
 31 15 29 22 37 53	 => 187
 24 53 37 30 35 8	 => 187
 32 14 10 49 36 46	 => 187
 43 46 36 7 27 28	 => 187
 29 28 27 39 42 22	 => 187
 37 22 42 5 51 30	 => 187
 35 30 51 34 16 21	 => 187
 36 49 4 45 47 7	 => 188
 27 7 47 41 26 39	 => 187
 42 39 26 50 25 5	 => 187
 51 5 25 54 18 34	 => 187
 47 45 19 12 23 41	 => 187
 26 41 23 9 38 50	 => 187
 25 50 38 17 3 54	 => 187


===================[TEST 8]===================

##### START ##### Thu May 15 08:50:15 2003



##### CONVERGE ##### Thu May 15 08:50:45 2003

Elapsed time: 30 seconds
Total loop: 220 generations

Result : 186.255

21 4 49 41 44 30 2 31 50 33 7 43 46 11 3 32 54 12 35 27 29 10 48 42 1 17 22 20 45 19 24 28 47 16 40 38 8 13 18 36 52 53 14 51 34 39 23 5 6 37 9 26 15 25 

 21 4 49 41 44 30	 => 189
 2 30 44 31 50 33	 => 190
 7 33 50 43 46 11	 => 190
 49 3 32 54 12 41	 => 191
 44 41 12 35 27 31	 => 190
 50 31 27 29 10 43	 => 190
 46 43 10 48 42 1	 => 190
 32 17 22 20 45 54	 => 190
 12 54 45 19 24 35	 => 189
 27 35 24 28 47 29	 => 190
 10 29 47 16 40 48	 => 190
 42 48 40 38 8 13	 => 189
 45 20 18 36 52 19	 => 190
 24 19 52 53 14 28	 => 190
 47 28 14 51 34 16	 => 190
 40 16 34 39 23 38	 => 190
 52 36 5 6 37 53	 => 189
 14 53 37 9 26 51	 => 190
 34 51 26 15 25 39	 => 190


===================[TEST 9]===================

##### START ##### Thu May 15 08:50:45 2003



##### CONVERGE ##### Thu May 15 08:51:23 2003

Elapsed time: 38 seconds
Total loop: 277 generations

Result : 187.412

18 8 31 51 40 41 3 9 53 43 7 50 35 1 2 32 44 29 36 24 42 11 48 33 12 22 16 28 47 14 19 30 38 13 37 45 21 5 17 34 49 54 23 46 39 52 4 20 6 26 25 15 27 10 

 18 8 31 51 40 41	 => 189
 3 41 40 9 53 43	 => 189
 7 43 53 50 35 1	 => 189
 31 2 32 44 29 51	 => 189
 40 51 29 36 24 9	 => 189
 53 9 24 42 11 50	 => 189
 35 50 11 48 33 12	 => 189
 32 22 16 28 47 44	 => 189
 29 44 47 14 19 36	 => 189
 24 36 19 30 38 42	 => 189
 11 42 38 13 37 48	 => 189
 33 48 37 45 21 5	 => 189
 47 28 17 34 49 14	 => 189
 19 14 49 54 23 30	 => 189
 38 30 23 46 39 13	 => 189
 37 13 39 52 4 45	 => 190
 49 34 20 6 26 54	 => 189
 23 54 26 25 15 46	 => 189
 39 46 15 27 10 52	 => 189


===================[TEST 10]===================

##### START ##### Thu May 15 08:51:23 2003



##### CONVERGE ##### Thu May 15 08:52:03 2003

Elapsed time: 40 seconds
Total loop: 290 generations

Result : 187.85

24 5 31 42 53 35 4 10 52 36 3 51 37 11 9 33 48 27 30 28 41 8 54 26 14 20 15 34 40 17 29 44 19 21 47 39 2 22 18 43 38 50 12 49 45 25 13 7 6 46 1 32 16 23 

 24 5 31 42 53 35	 => 190
 4 35 53 10 52 36	 => 190
 3 36 52 51 37 11	 => 190
 31 9 33 48 27 42	 => 190
 53 42 27 30 28 10	 => 190
 52 10 28 41 8 51	 => 190
 37 51 8 54 26 14	 => 190
 33 20 15 34 40 48	 => 190
 27 48 40 17 29 30	 => 191
 28 30 29 44 19 41	 => 191
 8 41 19 21 47 54	 => 190
 26 54 47 39 2 22	 => 190
 40 34 18 43 38 17	 => 190
 29 17 38 50 12 44	 => 190
 19 44 12 49 45 21	 => 190
 47 21 45 25 13 39	 => 190
 38 43 7 6 46 50	 => 190
 12 50 46 1 32 49	 => 190
 45 49 32 16 23 25	 => 190



test#	fitness		sum		time
---------------------------------------------------
1	186.163				41
2	186.306				21
3	186.478				29
4	187.501				34
5	186.478				36
6	187.64				43
7	184.85				18
8	186.255				30
9	187.412				38
10	187.85				40


---------------------------------------------------
Best fitness      : 187.85 ( test# 10)
Shortest time     : 18 ( test# 7)

Average fitness   : 186.693
Average time      : 33
