****************** GA TEST *******************

total test#:			 10
hexa min width:			 3
hexa max width:			 5
hexa count:			 19
number count:			 54
population size:		 70
generation size:		 15

tournament winner p:		 1
do xover p:			 1
xover:				 4points
do mutation1 p:			 0.1
mutation1 p:			 0.05
do optimize p:			 1
local optimize count:		 6000
do deep better optimize p:	 1
do deep worse optimize p:	 0
do spin p:			 0
spin count:			 1000
do spin apply p:		 1
do mutation2 p:			 0.12
mutation2 p:			 0.08
force mutation2:		 0
replace bad p:			 0.195

converge rate p:		 0.99
converge count:			 1

**********************************************


===================[TEST 1]===================

##### START ##### Thu May 15 09:58:34 2003



##### CONVERGE ##### Thu May 15 09:58:54 2003

Elapsed time: 20 seconds
Total loop: 121 generations

Result : 185.478

5 12 24 54 41 53 2 16 46 31 3 32 43 33 4 45 50 11 38 28 52 14 48 42 9 8 19 26 40 22 27 36 7 18 49 21 23 6 17 44 39 35 29 47 51 34 15 20 13 37 10 30 25 1 

 5 12 24 54 41 53	 => 189
 2 53 41 16 46 31	 => 189
 3 31 46 32 43 33	 => 188
 24 4 45 50 11 54	 => 188
 41 54 11 38 28 16	 => 188
 46 16 28 52 14 32	 => 188
 43 32 14 48 42 9	 => 188
 45 8 19 26 40 50	 => 188
 11 50 40 22 27 38	 => 188
 28 38 27 36 7 52	 => 188
 14 52 7 18 49 48	 => 188
 42 48 49 21 23 6	 => 189
 40 26 17 44 39 22	 => 188
 27 22 39 35 29 36	 => 188
 7 36 29 47 51 18	 => 188
 49 18 51 34 15 21	 => 188
 39 44 20 13 37 35	 => 188
 29 35 37 10 30 47	 => 188
 51 47 30 25 1 34	 => 188


===================[TEST 2]===================

##### START ##### Thu May 15 09:58:54 2003



##### CONVERGE ##### Thu May 15 09:59:43 2003

Elapsed time: 49 seconds
Total loop: 280 generations

Result : 188.306

17 9 52 53 24 35 10 28 48 45 6 51 36 4 1 25 41 18 38 29 19 15 46 30 11 5 22 43 54 12 27 37 40 21 49 32 7 26 3 34 44 50 20 33 39 47 2 8 23 31 14 42 13 16 

 17 9 52 53 24 35	 => 190
 10 35 24 28 48 45	 => 190
 6 45 48 51 36 4	 => 190
 52 1 25 41 18 53	 => 190
 24 53 18 38 29 28	 => 190
 48 28 29 19 15 51	 => 190
 36 51 15 46 30 11	 => 189
 25 5 22 43 54 41	 => 190
 18 41 54 12 27 38	 => 190
 29 38 27 37 40 19	 => 190
 15 19 40 21 49 46	 => 190
 30 46 49 32 7 26	 => 190
 54 43 3 34 44 12	 => 190
 27 12 44 50 20 37	 => 190
 40 37 20 33 39 21	 => 190
 49 21 39 47 2 32	 => 190
 44 34 8 23 31 50	 => 190
 20 50 31 14 42 33	 => 190
 39 33 42 13 16 47	 => 190


===================[TEST 3]===================

##### START ##### Thu May 15 09:59:43 2003



##### CONVERGE ##### Thu May 15 10:00:28 2003

Elapsed time: 45 seconds
Total loop: 267 generations

Result : 186.85

24 2 32 51 46 34 15 14 52 28 3 53 47 6 4 31 49 22 21 35 19 16 54 18 1 9 17 39 44 5 48 26 40 23 38 36 30 13 27 33 41 50 20 37 43 42 7 25 11 29 8 45 10 12 

 24 2 32 51 46 34	 => 189
 15 34 46 14 52 28	 => 189
 3 28 52 53 47 6	 => 189
 32 4 31 49 22 51	 => 189
 46 51 22 21 35 14	 => 189
 52 14 35 19 16 53	 => 189
 47 53 16 54 18 1	 => 189
 31 9 17 39 44 49	 => 189
 22 49 44 5 48 21	 => 189
 35 21 48 26 40 19	 => 189
 16 19 40 23 38 54	 => 190
 18 54 38 36 30 13	 => 189
 44 39 27 33 41 5	 => 189
 48 5 41 50 20 26	 => 190
 40 26 20 37 43 23	 => 189
 38 23 43 42 7 36	 => 189
 41 33 25 11 29 50	 => 189
 20 50 29 8 45 37	 => 189
 43 37 45 10 12 42	 => 189


===================[TEST 4]===================

##### START ##### Thu May 15 10:00:28 2003



##### CONVERGE ##### Thu May 15 10:01:06 2003

Elapsed time: 38 seconds
Total loop: 219 generations

Result : 186.306

3 13 54 37 38 43 4 12 41 50 1 48 27 21 7 30 46 14 52 35 16 36 39 32 6 8 26 31 47 10 19 42 24 20 53 40 15 9 17 34 49 45 23 51 28 44 2 33 5 22 18 29 25 11 

 3 13 54 37 38 43	 => 188
 4 43 38 12 41 50	 => 188
 1 50 41 48 27 21	 => 188
 54 7 30 46 14 37	 => 188
 38 37 14 52 35 12	 => 188
 41 12 35 16 36 48	 => 188
 27 48 36 39 32 6	 => 188
 30 8 26 31 47 46	 => 188
 14 46 47 10 19 52	 => 188
 35 52 19 42 24 16	 => 188
 36 16 24 20 53 39	 => 188
 32 39 53 40 15 9	 => 188
 47 31 17 34 49 10	 => 188
 19 10 49 45 23 42	 => 188
 24 42 23 51 28 20	 => 188
 53 20 28 44 2 40	 => 187
 49 34 33 5 22 45	 => 188
 23 45 22 18 29 51	 => 188
 28 51 29 25 11 44	 => 188


===================[TEST 5]===================

##### START ##### Thu May 15 10:01:06 2003



##### CONVERGE ##### Thu May 15 10:01:56 2003

Elapsed time: 50 seconds
Total loop: 292 generations

Result : 187.478

9 5 33 39 54 50 4 15 43 24 28 40 52 3 12 48 44 14 32 36 37 19 35 38 6 8 10 27 53 16 31 29 25 26 49 46 2 20 13 30 51 41 22 47 42 21 7 11 23 34 1 45 18 17 

 9 5 33 39 54 50	 => 190
 4 50 54 15 43 24	 => 190
 28 24 43 40 52 3	 => 190
 33 12 48 44 14 39	 => 190
 54 39 14 32 36 15	 => 190
 43 15 36 37 19 40	 => 190
 52 40 19 35 38 6	 => 190
 48 8 10 27 53 44	 => 190
 14 44 53 16 31 32	 => 190
 36 32 31 29 25 37	 => 190
 19 37 25 26 49 35	 => 191
 38 35 49 46 2 20	 => 190
 53 27 13 30 51 16	 => 190
 31 16 51 41 22 29	 => 190
 25 29 22 47 42 26	 => 191
 49 26 42 21 7 46	 => 191
 51 30 11 23 34 41	 => 190
 22 41 34 1 45 47	 => 190
 42 47 45 18 17 21	 => 190


===================[TEST 6]===================

##### START ##### Thu May 15 10:01:56 2003



##### CONVERGE ##### Thu May 15 10:02:52 2003

Elapsed time: 56 seconds
Total loop: 326 generations

Result : 187.501

16 11 48 34 54 27 3 25 32 50 22 43 38 5 1 40 49 19 26 33 42 15 41 46 8 21 14 28 39 23 35 24 30 12 51 36 4 13 9 47 45 44 20 53 52 29 10 17 7 31 6 37 18 2 

 16 11 48 34 54 27	 => 190
 3 27 54 25 32 50	 => 191
 22 50 32 43 38 5	 => 190
 48 1 40 49 19 34	 => 191
 54 34 19 26 33 25	 => 191
 32 25 33 42 15 43	 => 190
 38 43 15 41 46 8	 => 191
 40 21 14 28 39 49	 => 191
 19 49 39 23 35 26	 => 191
 33 26 35 24 30 42	 => 190
 15 42 30 12 51 41	 => 191
 46 41 51 36 4 13	 => 191
 39 28 9 47 45 23	 => 191
 35 23 45 44 20 24	 => 191
 30 24 20 53 52 12	 => 191
 51 12 52 29 10 36	 => 190
 45 47 17 7 31 44	 => 191
 20 44 31 6 37 53	 => 191
 52 53 37 18 2 29	 => 191


===================[TEST 7]===================

##### START ##### Thu May 15 10:02:52 2003



##### CONVERGE ##### Thu May 15 10:04:12 2003

Elapsed time: 80 seconds
Total loop: 463 generations

Result : 187.053

6 11 54 44 48 27 2 23 43 47 1 51 32 16 10 29 45 8 31 35 25 13 53 37 4 14 28 22 52 18 36 30 33 24 42 46 5 7 9 50 39 41 26 38 40 34 3 20 19 21 15 49 17 12 

 6 11 54 44 48 27	 => 190
 2 27 48 23 43 47	 => 190
 1 47 43 51 32 16	 => 190
 54 10 29 45 8 44	 => 190
 48 44 8 31 35 23	 => 189
 43 23 35 25 13 51	 => 190
 32 51 13 53 37 4	 => 190
 29 14 28 22 52 45	 => 190
 8 45 52 18 36 31	 => 190
 35 31 36 30 33 25	 => 190
 13 25 33 24 42 53	 => 190
 37 53 42 46 5 7	 => 190
 52 22 9 50 39 18	 => 190
 36 18 39 41 26 30	 => 190
 33 30 26 38 40 24	 => 191
 42 24 40 34 3 46	 => 189
 39 50 20 19 21 41	 => 190
 26 41 21 15 49 38	 => 190
 40 38 49 17 12 34	 => 190


===================[TEST 8]===================

##### START ##### Thu May 15 10:04:12 2003



##### CONVERGE ##### Thu May 15 10:04:58 2003

Elapsed time: 46 seconds
Total loop: 269 generations

Result : 187.053

3 7 51 33 53 43 1 17 37 39 14 47 32 20 2 49 29 26 19 42 23 25 52 30 4 9 11 38 54 16 46 36 24 22 44 35 8 21 10 40 31 48 13 45 50 34 5 12 18 41 15 28 27 6 

 3 7 51 33 53 43	 => 190
 1 43 53 17 37 39	 => 190
 14 39 37 47 32 20	 => 189
 51 2 49 29 26 33	 => 190
 53 33 26 19 42 17	 => 190
 37 17 42 23 25 47	 => 191
 32 47 25 52 30 4	 => 190
 49 9 11 38 54 29	 => 190
 26 29 54 16 46 19	 => 190
 42 19 46 36 24 23	 => 190
 25 23 24 22 44 52	 => 190
 30 52 44 35 8 21	 => 190
 54 38 10 40 31 16	 => 189
 46 16 31 48 13 36	 => 190
 24 36 13 45 50 22	 => 190
 44 22 50 34 5 35	 => 190
 31 40 12 18 41 48	 => 190
 13 48 41 15 28 45	 => 190
 50 45 28 27 6 34	 => 190


===================[TEST 9]===================

##### START ##### Thu May 15 10:04:58 2003



##### CONVERGE ##### Thu May 15 10:05:51 2003

Elapsed time: 53 seconds
Total loop: 311 generations

Result : 187.64

8 18 39 38 54 32 14 20 49 21 5 50 40 25 3 43 48 19 28 31 27 13 52 23 12 2 6 44 47 15 33 24 46 16 36 42 7 30 4 35 45 51 22 29 53 34 9 1 17 41 10 37 11 26 

 8 18 39 38 54 32	 => 189
 14 32 54 20 49 21	 => 190
 5 21 49 50 40 25	 => 190
 39 3 43 48 19 38	 => 190
 54 38 19 28 31 20	 => 190
 49 20 31 27 13 50	 => 190
 40 50 13 52 23 12	 => 190
 43 2 6 44 47 48	 => 190
 19 48 47 15 33 28	 => 190
 31 28 33 24 46 27	 => 189
 13 27 46 16 36 52	 => 190
 23 52 36 42 7 30	 => 190
 47 44 4 35 45 15	 => 190
 33 15 45 51 22 24	 => 190
 46 24 22 29 53 16	 => 190
 36 16 53 34 9 42	 => 190
 45 35 1 17 41 51	 => 190
 22 51 41 10 37 29	 => 190
 53 29 37 11 26 34	 => 190


===================[TEST 10]===================

##### START ##### Thu May 15 10:05:51 2003



##### CONVERGE ##### Thu May 15 10:06:27 2003

Elapsed time: 36 seconds
Total loop: 208 generations

Result : 187.85

14 17 31 49 47 32 4 27 50 30 12 53 43 2 1 33 54 22 25 20 23 18 42 29 5 15 16 38 34 19 36 41 45 11 51 39 8 21 3 52 44 37 13 46 35 28 26 10 7 40 6 48 24 9 

 14 17 31 49 47 32	 => 190
 4 32 47 27 50 30	 => 190
 12 30 50 53 43 2	 => 190
 31 1 33 54 22 49	 => 190
 47 49 22 25 20 27	 => 190
 50 27 20 23 18 53	 => 191
 43 53 18 42 29 5	 => 190
 33 15 16 38 34 54	 => 190
 22 54 34 19 36 25	 => 190
 20 25 36 41 45 23	 => 190
 18 23 45 11 51 42	 => 190
 29 42 51 39 8 21	 => 190
 34 38 3 52 44 19	 => 190
 36 19 44 37 13 41	 => 190
 45 41 13 46 35 11	 => 191
 51 11 35 28 26 39	 => 190
 44 52 10 7 40 37	 => 190
 13 37 40 6 48 46	 => 190
 35 46 48 24 9 28	 => 190



test#	fitness		sum		time
---------------------------------------------------
1	185.478				20
2	188.306				49
3	186.85				45
4	186.306				38
5	187.478				50
6	187.501				56
7	187.053				80
8	187.053				46
9	187.64				53
10	187.85				36


---------------------------------------------------
Best fitness      : 188.306 ( test# 2)
Shortest time     : 20 ( test# 1)

Average fitness   : 187.152
Average time      : 47.3
