****************** GA TEST *******************

total test#:			 10
hexa min width:			 3
hexa max width:			 5
hexa count:			 19
number count:			 54
population size:		 100
generation size:		 15

tournament winner p:		 1
do xover p:			 1
xover:				 1points
do mutation1 p:			 0.1
mutation1 p:			 0.05
do optimize p:			 1
local optimize count:		 6000
do deep better optimize p:	 1
do deep worse optimize p:	 0
do spin p:			 0
spin count:			 1000
do spin apply p:		 1
do mutation2 p:			 0.12
mutation2 p:			 0.08
force mutation2:		 0
replace bad p:			 0.195

converge rate p:		 0.99
converge count:			 1

**********************************************


===================[TEST 1]===================

##### START ##### Thu May 15 09:29:37 2003



##### CONVERGE ##### Thu May 15 09:30:18 2003

Elapsed time: 41 seconds
Total loop: 236 generations

Result : 187.64

14 17 29 43 42 45 10 13 54 26 3 36 53 18 6 35 50 27 21 44 34 9 46 30 16 22 1 33 49 20 23 37 31 28 41 38 19 15 11 25 52 51 7 40 47 32 4 2 12 48 5 39 8 24 

 14 17 29 43 42 45	 => 190
 10 45 42 13 54 26	 => 190
 3 26 54 36 53 18	 => 190
 29 6 35 50 27 43	 => 190
 42 43 27 21 44 13	 => 190
 54 13 44 34 9 36	 => 190
 53 36 9 46 30 16	 => 190
 35 22 1 33 49 50	 => 190
 27 50 49 20 23 21	 => 190
 44 21 23 37 31 34	 => 190
 9 34 31 28 41 46	 => 189
 30 46 41 38 19 15	 => 189
 49 33 11 25 52 20	 => 190
 23 20 52 51 7 37	 => 190
 31 37 7 40 47 28	 => 190
 41 28 47 32 4 38	 => 190
 52 25 2 12 48 51	 => 190
 7 51 48 5 39 40	 => 190
 47 40 39 8 24 32	 => 190


===================[TEST 2]===================

##### START ##### Thu May 15 09:30:18 2003



##### CONVERGE ##### Thu May 15 09:30:40 2003

Elapsed time: 22 seconds
Total loop: 133 generations

Result : 187.412

9 11 26 43 46 54 3 19 40 27 20 33 53 16 8 48 29 35 12 34 49 14 47 41 1 18 15 28 51 25 38 32 24 10 45 30 4 22 7 36 42 31 21 52 50 37 17 13 23 44 2 39 6 5 

 9 11 26 43 46 54	 => 189
 3 54 46 19 40 27	 => 189
 20 27 40 33 53 16	 => 189
 26 8 48 29 35 43	 => 189
 46 43 35 12 34 19	 => 189
 40 19 34 49 14 33	 => 189
 53 33 14 47 41 1	 => 189
 48 18 15 28 51 29	 => 189
 35 29 51 25 38 12	 => 190
 34 12 38 32 24 49	 => 189
 14 49 24 10 45 47	 => 189
 41 47 45 30 4 22	 => 189
 51 28 7 36 42 25	 => 189
 38 25 42 31 21 32	 => 189
 24 32 21 52 50 10	 => 189
 45 10 50 37 17 30	 => 189
 42 36 13 23 44 31	 => 189
 21 31 44 2 39 52	 => 189
 50 52 39 6 5 37	 => 189


===================[TEST 3]===================

##### START ##### Thu May 15 09:30:40 2003



##### CONVERGE ##### Thu May 15 09:31:10 2003

Elapsed time: 30 seconds
Total loop: 174 generations

Result : 186.268

8 5 46 38 43 50 6 9 49 33 16 35 45 12 14 25 36 30 29 40 37 20 41 44 4 31 18 26 54 19 22 34 28 13 51 32 21 1 2 42 47 53 15 48 52 24 17 11 10 27 7 39 23 3 

 8 5 46 38 43 50	 => 190
 6 50 43 9 49 33	 => 190
 16 33 49 35 45 12	 => 190
 46 14 25 36 30 38	 => 189
 43 38 30 29 40 9	 => 189
 49 9 40 37 20 35	 => 190
 45 35 20 41 44 4	 => 189
 25 31 18 26 54 36	 => 190
 30 36 54 19 22 29	 => 190
 40 29 22 34 28 37	 => 190
 20 37 28 13 51 41	 => 190
 44 41 51 32 21 1	 => 190
 54 26 2 42 47 19	 => 190
 22 19 47 53 15 34	 => 190
 28 34 15 48 52 13	 => 190
 51 13 52 24 17 32	 => 189
 47 42 11 10 27 53	 => 190
 15 53 27 7 39 48	 => 189
 52 48 39 23 3 24	 => 189


===================[TEST 4]===================

##### START ##### Thu May 15 09:31:10 2003



##### CONVERGE ##### Thu May 15 09:31:41 2003

Elapsed time: 31 seconds
Total loop: 179 generations

Result : 187.85

15 6 35 54 44 36 3 14 51 42 7 34 48 8 2 29 46 24 21 33 38 20 53 22 13 4 18 43 50 17 32 39 27 12 40 41 9 25 5 30 45 31 26 37 49 47 1 23 10 52 16 28 11 19 

 15 6 35 54 44 36	 => 190
 3 36 44 14 51 42	 => 190
 7 42 51 34 48 8	 => 190
 35 2 29 46 24 54	 => 190
 44 54 24 21 33 14	 => 190
 51 14 33 38 20 34	 => 190
 48 34 20 53 22 13	 => 190
 29 4 18 43 50 46	 => 190
 24 46 50 17 32 21	 => 190
 33 21 32 39 27 38	 => 190
 20 38 27 12 40 53	 => 190
 22 53 40 41 9 25	 => 190
 50 43 5 30 45 17	 => 190
 32 17 45 31 26 39	 => 190
 27 39 26 37 49 12	 => 190
 40 12 49 47 1 41	 => 190
 45 30 23 10 52 31	 => 191
 26 31 52 16 28 37	 => 190
 49 37 28 11 19 47	 => 191


===================[TEST 5]===================

##### START ##### Thu May 15 09:31:41 2003



##### CONVERGE ##### Thu May 15 09:32:35 2003

Elapsed time: 54 seconds
Total loop: 316 generations

Result : 187.501

18 6 53 36 48 29 4 24 43 42 13 50 30 12 2 33 45 22 34 26 31 17 52 39 3 8 23 28 54 11 25 37 38 7 46 44 9 1 5 41 51 47 20 49 40 35 19 10 15 27 16 32 21 14 

 18 6 53 36 48 29	 => 190
 4 29 48 24 43 42	 => 190
 13 42 43 50 30 12	 => 190
 53 2 33 45 22 36	 => 191
 48 36 22 34 26 24	 => 190
 43 24 26 31 17 50	 => 191
 30 50 17 52 39 3	 => 191
 33 8 23 28 54 45	 => 191
 22 45 54 11 25 34	 => 191
 26 34 25 37 38 31	 => 191
 17 31 38 7 46 52	 => 191
 39 52 46 44 9 1	 => 191
 54 28 5 41 51 11	 => 190
 25 11 51 47 20 37	 => 191
 38 37 20 49 40 7	 => 191
 46 7 40 35 19 44	 => 191
 51 41 10 15 27 47	 => 191
 20 47 27 16 32 49	 => 191
 40 49 32 21 14 35	 => 191


===================[TEST 6]===================

##### START ##### Thu May 15 09:32:35 2003



##### CONVERGE ##### Thu May 15 09:33:12 2003

Elapsed time: 37 seconds
Total loop: 216 generations

Result : 187.64

15 6 46 49 41 32 2 25 54 36 8 44 39 9 1 37 47 10 45 20 31 16 38 40 13 26 19 18 43 17 28 35 30 23 52 42 4 14 11 48 53 33 24 51 27 34 12 22 5 29 3 50 21 7 

 15 6 46 49 41 32	 => 189
 2 32 41 25 54 36	 => 190
 8 36 54 44 39 9	 => 190
 46 1 37 47 10 49	 => 190
 41 49 10 45 20 25	 => 190
 54 25 20 31 16 44	 => 190
 39 44 16 38 40 13	 => 190
 37 26 19 18 43 47	 => 190
 10 47 43 17 28 45	 => 190
 20 45 28 35 30 31	 => 189
 16 31 30 23 52 38	 => 190
 40 38 52 42 4 14	 => 190
 43 18 11 48 53 17	 => 190
 28 17 53 33 24 35	 => 190
 30 35 24 51 27 23	 => 190
 52 23 27 34 12 42	 => 190
 53 48 22 5 29 33	 => 190
 24 33 29 3 50 51	 => 190
 27 51 50 21 7 34	 => 190


===================[TEST 7]===================

##### START ##### Thu May 15 09:33:12 2003



##### CONVERGE ##### Thu May 15 09:33:51 2003

Elapsed time: 39 seconds
Total loop: 224 generations

Result : 187.478

4 11 53 37 49 36 1 25 41 38 7 42 40 22 10 24 51 15 34 30 33 19 47 26 16 5 17 39 54 9 27 35 31 12 48 50 6 13 8 28 52 45 23 44 46 32 2 20 3 43 14 21 18 29 

 4 11 53 37 49 36	 => 190
 1 36 49 25 41 38	 => 190
 7 38 41 42 40 22	 => 190
 53 10 24 51 15 37	 => 190
 49 37 15 34 30 25	 => 190
 41 25 30 33 19 42	 => 190
 40 42 19 47 26 16	 => 190
 24 5 17 39 54 51	 => 190
 15 51 54 9 27 34	 => 190
 30 34 27 35 31 33	 => 190
 19 33 31 12 48 47	 => 190
 26 47 48 50 6 13	 => 190
 54 39 8 28 52 9	 => 190
 27 9 52 45 23 35	 => 191
 31 35 23 44 46 12	 => 191
 48 12 46 32 2 50	 => 190
 52 28 20 3 43 45	 => 191
 23 45 43 14 21 44	 => 190
 46 44 21 18 29 32	 => 190


===================[TEST 8]===================

##### START ##### Thu May 15 09:33:51 2003



##### CONVERGE ##### Thu May 15 09:34:42 2003

Elapsed time: 51 seconds
Total loop: 301 generations

Result (Solution) : 190

17 12 45 27 39 50 1 25 40 35 15 52 26 22 3 48 46 21 36 42 20 11 49 44 8 5 24 34 33 16 38 23 31 28 51 29 10 7 13 53 41 54 18 47 43 37 2 6 4 32 9 30 19 14 

 17 12 45 27 39 50	 => 190
 1 50 39 25 40 35	 => 190
 15 35 40 52 26 22	 => 190
 45 3 48 46 21 27	 => 190
 39 27 21 36 42 25	 => 190
 40 25 42 20 11 52	 => 190
 26 52 11 49 44 8	 => 190
 48 5 24 34 33 46	 => 190
 21 46 33 16 38 36	 => 190
 42 36 38 23 31 20	 => 190
 11 20 31 28 51 49	 => 190
 44 49 51 29 10 7	 => 190
 33 34 13 53 41 16	 => 190
 38 16 41 54 18 23	 => 190
 31 23 18 47 43 28	 => 190
 51 28 43 37 2 29	 => 190
 41 53 6 4 32 54	 => 190
 18 54 32 9 30 47	 => 190
 43 47 30 19 14 37	 => 190


===================[TEST 9]===================

##### START ##### Thu May 15 09:34:42 2003



##### CONVERGE ##### Thu May 15 09:35:11 2003

Elapsed time: 29 seconds
Total loop: 167 generations

Result : 185.794

4 10 53 32 54 36 3 20 42 34 24 45 35 9 8 30 49 17 44 22 33 27 26 39 16 18 13 31 47 21 11 40 38 15 50 48 7 19 1 52 37 51 29 41 25 46 5 12 14 23 2 43 6 28 

 4 10 53 32 54 36	 => 189
 3 36 54 20 42 34	 => 189
 24 34 42 45 35 9	 => 189
 53 8 30 49 17 32	 => 189
 54 32 17 44 22 20	 => 189
 42 20 22 33 27 45	 => 189
 35 45 27 26 39 16	 => 188
 30 18 13 31 47 49	 => 188
 17 49 47 21 11 44	 => 189
 22 44 11 40 38 33	 => 188
 27 33 38 15 50 26	 => 189
 39 26 50 48 7 19	 => 189
 47 31 1 52 37 21	 => 189
 11 21 37 51 29 40	 => 189
 38 40 29 41 25 15	 => 188
 50 15 25 46 5 48	 => 189
 37 52 12 14 23 51	 => 189
 29 51 23 2 43 41	 => 189
 25 41 43 6 28 46	 => 189


===================[TEST 10]===================

##### START ##### Thu May 15 09:35:11 2003



##### CONVERGE ##### Thu May 15 09:35:53 2003

Elapsed time: 42 seconds
Total loop: 244 generations

Result : 187.64

5 9 44 51 54 27 2 21 41 45 3 49 37 15 18 25 48 4 36 24 33 22 40 30 12 31 1 38 47 20 35 39 23 19 53 26 13 28 14 29 42 43 11 46 52 32 7 17 8 50 6 34 16 10 

 5 9 44 51 54 27	 => 190
 2 27 54 21 41 45	 => 190
 3 45 41 49 37 15	 => 190
 44 18 25 48 4 51	 => 190
 54 51 4 36 24 21	 => 190
 41 21 24 33 22 49	 => 190
 37 49 22 40 30 12	 => 190
 25 31 1 38 47 48	 => 190
 4 48 47 20 35 36	 => 190
 24 36 35 39 23 33	 => 190
 22 33 23 19 53 40	 => 190
 30 40 53 26 13 28	 => 190
 47 38 14 29 42 20	 => 190
 35 20 42 43 11 39	 => 190
 23 39 11 46 52 19	 => 190
 53 19 52 32 7 26	 => 189
 42 29 17 8 50 43	 => 189
 11 43 50 6 34 46	 => 190
 52 46 34 16 10 32	 => 190



test#	fitness		sum		time
---------------------------------------------------
1	187.64				41
2	187.412				22
3	186.268				30
4	187.85				31
5	187.501				54
6	187.64				37
7	187.478				39
8	190		190		51
9	185.794				29
10	187.64				42


---------------------------------------------------
Best fitness      : 190 ( test# 8)
Best solution sum : 190 ( test# 8)
Shortest time     : 22 ( test# 2)

Average fitness   : 187.522
Average sol. sum  : 190
Average time      : 37.6
