****************** GA TEST *******************

total test#:			 10
hexa min width:			 3
hexa max width:			 5
hexa count:			 19
number count:			 54
population size:		 100
generation size:		 12

tournament winner p:		 1
do xover p:			 1
xover:				 1points
do mutation1 p:			 0.1
mutation1 p:			 0.05
do optimize p:			 1
local optimize count:		 6000
do deep better optimize p:	 1
do deep worse optimize p:	 0
do spin p:			 0
spin count:			 1000
do spin apply p:		 1
do mutation2 p:			 0.12
mutation2 p:			 0.08
force mutation2:		 0
replace bad p:			 0.195

converge rate p:		 0.99
converge count:			 1

**********************************************


===================[TEST 1]===================

##### START ##### Thu May 15 08:17:39 2003



##### CONVERGE ##### Thu May 15 08:18:07 2003

Elapsed time: 28 seconds
Total loop: 207 generations

Result : 186.64

21 8 28 50 53 29 7 19 37 44 16 51 38 3 10 52 43 6 24 36 35 11 49 27 13 22 9 18 45 41 30 25 39 23 32 40 15 26 5 47 33 46 14 54 34 48 12 4 17 42 1 31 2 20 

 21 8 28 50 53 29	 => 189
 7 29 53 19 37 44	 => 189
 16 44 37 51 38 3	 => 189
 28 10 52 43 6 50	 => 189
 53 50 6 24 36 19	 => 188
 37 19 36 35 11 51	 => 189
 38 51 11 49 27 13	 => 189
 52 22 9 18 45 43	 => 189
 6 43 45 41 30 24	 => 189
 36 24 30 25 39 35	 => 189
 11 35 39 23 32 49	 => 189
 27 49 32 40 15 26	 => 189
 45 18 5 47 33 41	 => 189
 30 41 33 46 14 25	 => 189
 39 25 14 54 34 23	 => 189
 32 23 34 48 12 40	 => 189
 33 47 4 17 42 46	 => 189
 14 46 42 1 31 54	 => 188
 34 54 31 2 20 48	 => 189


===================[TEST 2]===================

##### START ##### Thu May 15 08:18:07 2003



##### CONVERGE ##### Thu May 15 08:18:57 2003

Elapsed time: 50 seconds
Total loop: 367 generations

Result : 187.85

7 8 47 40 53 35 4 9 50 39 10 54 32 5 3 52 33 15 49 24 25 28 43 31 2 13 19 29 44 27 22 34 36 21 37 42 23 14 16 30 45 51 12 46 41 48 1 6 20 38 17 26 11 18 

 7 8 47 40 53 35	 => 190
 4 35 53 9 50 39	 => 190
 10 39 50 54 32 5	 => 190
 47 3 52 33 15 40	 => 190
 53 40 15 49 24 9	 => 190
 50 9 24 25 28 54	 => 190
 32 54 28 43 31 2	 => 190
 52 13 19 29 44 33	 => 190
 15 33 44 27 22 49	 => 190
 24 49 22 34 36 25	 => 190
 28 25 36 21 37 43	 => 190
 31 43 37 42 23 14	 => 190
 44 29 16 30 45 27	 => 191
 22 27 45 51 12 34	 => 191
 36 34 12 46 41 21	 => 190
 37 21 41 48 1 42	 => 190
 45 30 6 20 38 51	 => 190
 12 51 38 17 26 46	 => 190
 41 46 26 11 18 48	 => 190


===================[TEST 3]===================

##### START ##### Thu May 15 08:18:57 2003



##### CONVERGE ##### Thu May 15 08:19:35 2003

Elapsed time: 38 seconds
Total loop: 278 generations

Result : 187.64

14 22 37 30 45 42 2 8 53 40 3 54 27 13 15 50 26 32 44 31 25 19 51 33 6 20 4 41 49 18 21 34 35 24 36 47 11 12 5 29 48 52 16 38 43 39 1 23 10 28 9 46 7 17 

 14 22 37 30 45 42	 => 190
 2 42 45 8 53 40	 => 190
 3 40 53 54 27 13	 => 190
 37 15 50 26 32 30	 => 190
 45 30 32 44 31 8	 => 190
 53 8 31 25 19 54	 => 190
 27 54 19 51 33 6	 => 190
 50 20 4 41 49 26	 => 190
 32 26 49 18 21 44	 => 190
 31 44 21 34 35 25	 => 190
 19 25 35 24 36 51	 => 190
 33 51 36 47 11 12	 => 190
 49 41 5 29 48 18	 => 190
 21 18 48 52 16 34	 => 189
 35 34 16 38 43 24	 => 190
 36 24 43 39 1 47	 => 190
 48 29 23 10 28 52	 => 190
 16 52 28 9 46 38	 => 189
 43 38 46 7 17 39	 => 190


===================[TEST 4]===================

##### START ##### Thu May 15 08:19:35 2003



##### CONVERGE ##### Thu May 15 08:19:59 2003

Elapsed time: 24 seconds
Total loop: 171 generations

Result : 185.616

12 19 50 25 48 34 4 8 49 45 29 36 27 2 9 18 53 33 23 51 14 30 38 52 6 22 21 42 32 10 37 35 28 24 54 26 7 11 16 41 47 46 13 43 44 39 1 20 3 31 15 40 17 5 

 12 19 50 25 48 34	 => 188
 4 34 48 8 49 45	 => 188
 29 45 49 36 27 2	 => 188
 50 9 18 53 33 25	 => 188
 48 25 33 23 51 8	 => 188
 49 8 51 14 30 36	 => 188
 27 36 30 38 52 6	 => 189
 18 22 21 42 32 53	 => 188
 33 53 32 10 37 23	 => 188
 51 23 37 35 28 14	 => 188
 30 14 28 24 54 38	 => 188
 52 38 54 26 7 11	 => 188
 32 42 16 41 47 10	 => 188
 37 10 47 46 13 35	 => 188
 28 35 13 43 44 24	 => 187
 54 24 44 39 1 26	 => 188
 47 41 20 3 31 46	 => 188
 13 46 31 15 40 43	 => 188
 44 43 40 17 5 39	 => 188


===================[TEST 5]===================

##### START ##### Thu May 15 08:19:59 2003



##### CONVERGE ##### Thu May 15 08:20:31 2003

Elapsed time: 32 seconds
Total loop: 235 generations

Result : 187.478

18 15 19 49 43 46 2 13 52 34 9 36 54 6 1 44 53 24 26 35 29 25 30 40 5 4 8 48 33 23 31 28 42 14 50 27 21 22 3 38 45 47 16 39 51 41 7 17 11 32 20 37 12 10 

 18 15 19 49 43 46	 => 190
 2 46 43 13 52 34	 => 190
 9 34 52 36 54 6	 => 191
 19 1 44 53 24 49	 => 190
 43 49 24 26 35 13	 => 190
 52 13 35 29 25 36	 => 190
 54 36 25 30 40 5	 => 190
 44 4 8 48 33 53	 => 190
 24 53 33 23 31 26	 => 190
 35 26 31 28 42 29	 => 191
 25 29 42 14 50 30	 => 190
 40 30 50 27 21 22	 => 190
 33 48 3 38 45 23	 => 190
 31 23 45 47 16 28	 => 190
 42 28 16 39 51 14	 => 190
 50 14 51 41 7 27	 => 190
 45 38 17 11 32 47	 => 190
 16 47 32 20 37 39	 => 191
 51 39 37 12 10 41	 => 190


===================[TEST 6]===================

##### START ##### Thu May 15 08:20:31 2003



##### CONVERGE ##### Thu May 15 08:21:10 2003

Elapsed time: 39 seconds
Total loop: 282 generations

Result : 187.306

9 7 45 49 54 24 3 25 42 41 5 52 43 6 1 39 40 15 20 26 34 10 53 27 4 19 13 30 48 38 28 44 37 22 33 47 21 8 2 36 35 32 12 51 23 50 14 29 11 46 17 31 16 18 

 9 7 45 49 54 24	 => 188
 3 24 54 25 42 41	 => 189
 5 41 42 52 43 6	 => 189
 45 1 39 40 15 49	 => 189
 54 49 15 20 26 25	 => 189
 42 25 26 34 10 52	 => 189
 43 52 10 53 27 4	 => 189
 39 19 13 30 48 40	 => 189
 15 40 48 38 28 20	 => 189
 26 20 28 44 37 34	 => 189
 10 34 37 22 33 53	 => 189
 27 53 33 47 21 8	 => 189
 48 30 2 36 35 38	 => 189
 28 38 35 32 12 44	 => 189
 37 44 12 51 23 22	 => 189
 33 22 23 50 14 47	 => 189
 35 36 29 11 46 32	 => 189
 12 32 46 17 31 51	 => 189
 23 51 31 16 18 50	 => 189


===================[TEST 7]===================

##### START ##### Thu May 15 08:21:10 2003



##### CONVERGE ##### Thu May 15 08:21:35 2003

Elapsed time: 25 seconds
Total loop: 187 generations

Result : 186.64

4 27 29 46 45 38 7 24 47 28 13 44 41 16 5 32 51 26 30 18 23 33 49 21 1 3 19 50 34 12 36 43 39 9 35 48 14 22 8 54 31 52 15 40 42 53 2 10 17 25 20 37 6 11 

 4 27 29 46 45 38	 => 189
 7 38 45 24 47 28	 => 189
 13 28 47 44 41 16	 => 189
 29 5 32 51 26 46	 => 189
 45 46 26 30 18 24	 => 189
 47 24 18 23 33 44	 => 189
 41 44 33 49 21 1	 => 189
 32 3 19 50 34 51	 => 189
 26 51 34 12 36 30	 => 189
 18 30 36 43 39 23	 => 189
 33 23 39 9 35 49	 => 188
 21 49 35 48 14 22	 => 189
 34 50 8 54 31 12	 => 189
 36 12 31 52 15 43	 => 189
 39 43 15 40 42 9	 => 188
 35 9 42 53 2 48	 => 189
 31 54 10 17 25 52	 => 189
 15 52 25 20 37 40	 => 189
 42 40 37 6 11 53	 => 189


===================[TEST 8]===================

##### START ##### Thu May 15 08:21:35 2003



##### CONVERGE ##### Thu May 15 08:22:05 2003

Elapsed time: 30 seconds
Total loop: 219 generations

Result : 186.64

7 4 50 34 54 40 5 15 45 29 14 51 31 19 2 26 43 33 12 41 20 17 38 46 6 21 10 36 53 1 47 27 42 24 48 30 9 18 22 28 49 52 13 39 44 35 8 3 25 32 16 37 11 23 

 7 4 50 34 54 40	 => 189
 5 40 54 15 45 29	 => 188
 14 29 45 51 31 19	 => 189
 50 2 26 43 33 34	 => 188
 54 34 33 12 41 15	 => 189
 45 15 41 20 17 51	 => 189
 31 51 17 38 46 6	 => 189
 26 21 10 36 53 43	 => 189
 33 43 53 1 47 12	 => 189
 41 12 47 27 42 20	 => 189
 17 20 42 24 48 38	 => 189
 46 38 48 30 9 18	 => 189
 53 36 22 28 49 1	 => 189
 47 1 49 52 13 27	 => 189
 42 27 13 39 44 24	 => 189
 48 24 44 35 8 30	 => 189
 49 28 3 25 32 52	 => 189
 13 52 32 16 37 39	 => 189
 44 39 37 11 23 35	 => 189


===================[TEST 9]===================

##### START ##### Thu May 15 08:22:05 2003



##### CONVERGE ##### Thu May 15 08:22:35 2003

Elapsed time: 30 seconds
Total loop: 218 generations

Result : 187.64

12 30 20 54 23 50 21 15 43 37 9 45 32 24 1 44 49 22 34 42 28 17 53 33 10 3 6 52 36 18 31 26 29 16 47 38 8 11 5 40 39 51 25 48 46 41 2 19 14 27 4 35 7 13 

 12 30 20 54 23 50	 => 189
 21 50 23 15 43 37	 => 189
 9 37 43 45 32 24	 => 190
 20 1 44 49 22 54	 => 190
 23 54 22 34 42 15	 => 190
 43 15 42 28 17 45	 => 190
 32 45 17 53 33 10	 => 190
 44 3 6 52 36 49	 => 190
 22 49 36 18 31 34	 => 190
 42 34 31 26 29 28	 => 190
 17 28 29 16 47 53	 => 190
 33 53 47 38 8 11	 => 190
 36 52 5 40 39 18	 => 190
 31 18 39 51 25 26	 => 190
 29 26 25 48 46 16	 => 190
 47 16 46 41 2 38	 => 190
 39 40 19 14 27 51	 => 190
 25 51 27 4 35 48	 => 190
 46 48 35 7 13 41	 => 190


===================[TEST 10]===================

##### START ##### Thu May 15 08:22:35 2003



##### CONVERGE ##### Thu May 15 08:23:06 2003

Elapsed time: 31 seconds
Total loop: 224 generations

Result : 187.306

8 16 39 43 47 36 2 14 52 38 7 49 33 10 12 32 50 13 46 26 20 28 48 30 1 11 18 51 27 31 21 53 23 29 41 45 6 19 3 40 37 42 5 54 25 34 15 4 22 44 9 35 24 17 

 8 16 39 43 47 36	 => 189
 2 36 47 14 52 38	 => 189
 7 38 52 49 33 10	 => 189
 39 12 32 50 13 43	 => 189
 47 43 13 46 26 14	 => 189
 52 14 26 20 28 49	 => 189
 33 49 28 48 30 1	 => 189
 32 11 18 51 27 50	 => 189
 13 50 27 31 21 46	 => 188
 26 46 21 53 23 20	 => 189
 28 20 23 29 41 48	 => 189
 30 48 41 45 6 19	 => 189
 27 51 3 40 37 31	 => 189
 21 31 37 42 5 53	 => 189
 23 53 5 54 25 29	 => 189
 41 29 25 34 15 45	 => 189
 37 40 4 22 44 42	 => 189
 5 42 44 9 35 54	 => 189
 25 54 35 24 17 34	 => 189



test#	fitness		sum		time
---------------------------------------------------
1	186.64				28
2	187.85				50
3	187.64				38
4	185.616				24
5	187.478				32
6	187.306				39
7	186.64				25
8	186.64				30
9	187.64				30
10	187.306				31


---------------------------------------------------
Best fitness      : 187.85 ( test# 2)
Shortest time     : 24 ( test# 4)

Average fitness   : 187.075
Average time      : 32.7
