****************** GA TEST *******************

total test#:			 10
hexa min width:			 3
hexa max width:			 5
hexa count:			 19
number count:			 54
population size:		 90
generation size:		 12

tournament winner p:		 1
do xover p:			 1
xover:				 4points
do mutation1 p:			 0.1
mutation1 p:			 0.05
do optimize p:			 1
local optimize count:		 6000
do deep better optimize p:	 1
do deep worse optimize p:	 0
do spin p:			 0
spin count:			 1000
do spin apply p:		 1
do mutation2 p:			 0.12
mutation2 p:			 0.08
force mutation2:		 0
replace bad p:			 0.195

converge rate p:		 0.99
converge count:			 1

**********************************************


===================[TEST 1]===================

##### START ##### Thu May 15 08:59:49 2003



##### CONVERGE ##### Thu May 15 09:00:43 2003

Elapsed time: 54 seconds
Total loop: 395 generations

Result : 187.087

3 17 29 50 52 39 4 21 44 30 15 54 25 23 13 49 41 9 26 33 27 12 47 43 10 1 11 37 51 19 45 24 35 28 42 34 8 16 5 46 32 53 18 38 48 31 7 2 22 36 6 40 20 14 

 3 17 29 50 52 39	 => 190
 4 39 52 21 44 30	 => 190
 15 30 44 54 25 23	 => 191
 29 13 49 41 9 50	 => 191
 52 50 9 26 33 21	 => 191
 44 21 33 27 12 54	 => 191
 25 54 12 47 43 10	 => 191
 49 1 11 37 51 41	 => 190
 9 41 51 19 45 26	 => 191
 33 26 45 24 35 27	 => 190
 12 27 35 28 42 47	 => 191
 43 47 42 34 8 16	 => 190
 51 37 5 46 32 19	 => 190
 45 19 32 53 18 24	 => 191
 35 24 18 38 48 28	 => 191
 42 28 48 31 7 34	 => 190
 32 46 2 22 36 53	 => 191
 18 53 36 6 40 38	 => 191
 48 38 40 20 14 31	 => 191


===================[TEST 2]===================

##### START ##### Thu May 15 09:00:43 2003



##### CONVERGE ##### Thu May 15 09:01:23 2003

Elapsed time: 40 seconds
Total loop: 293 generations

Result : 186.478

14 10 39 45 47 34 7 8 43 50 6 40 48 3 16 27 37 25 38 26 51 21 29 49 2 11 20 42 53 17 19 31 24 12 52 41 15 4 13 28 36 54 32 44 46 33 5 30 18 23 1 35 9 22 

 14 10 39 45 47 34	 => 189
 7 34 47 8 43 50	 => 189
 6 50 43 40 48 3	 => 190
 39 16 27 37 25 45	 => 189
 47 45 25 38 26 8	 => 189
 43 8 26 51 21 40	 => 189
 48 40 21 29 49 2	 => 189
 27 11 20 42 53 37	 => 190
 25 37 53 17 19 38	 => 189
 26 38 19 31 24 51	 => 189
 21 51 24 12 52 29	 => 189
 49 29 52 41 15 4	 => 190
 53 42 13 28 36 17	 => 189
 19 17 36 54 32 31	 => 189
 24 31 32 44 46 12	 => 189
 52 12 46 33 5 41	 => 189
 36 28 30 18 23 54	 => 189
 32 54 23 1 35 44	 => 189
 46 44 35 9 22 33	 => 189


===================[TEST 3]===================

##### START ##### Thu May 15 09:01:23 2003



##### CONVERGE ##### Thu May 15 09:02:04 2003

Elapsed time: 41 seconds
Total loop: 298 generations

Result (Solution) : 190

10 7 38 51 35 49 8 6 52 40 20 30 33 15 4 36 43 18 32 48 28 26 53 34 14 3 23 44 41 17 39 27 16 22 45 25 21 12 1 50 37 46 24 47 54 31 13 19 9 29 2 42 11 5 

 10 7 38 51 35 49	 => 190
 8 49 35 6 52 40	 => 190
 20 40 52 30 33 15	 => 190
 38 4 36 43 18 51	 => 190
 35 51 18 32 48 6	 => 190
 52 6 48 28 26 30	 => 190
 33 30 26 53 34 14	 => 190
 36 3 23 44 41 43	 => 190
 18 43 41 17 39 32	 => 190
 48 32 39 27 16 28	 => 190
 26 28 16 22 45 53	 => 190
 34 53 45 25 21 12	 => 190
 41 44 1 50 37 17	 => 190
 39 17 37 46 24 27	 => 190
 16 27 24 47 54 22	 => 190
 45 22 54 31 13 25	 => 190
 37 50 19 9 29 46	 => 190
 24 46 29 2 42 47	 => 190
 54 47 42 11 5 31	 => 190


===================[TEST 4]===================

##### START ##### Thu May 15 09:02:04 2003



##### CONVERGE ##### Thu May 15 09:02:45 2003

Elapsed time: 41 seconds
Total loop: 297 generations

Result : 186.64

2 14 44 53 52 24 11 20 45 37 29 50 16 12 3 39 49 1 33 30 19 25 41 47 9 4 8 38 51 7 48 28 31 26 46 34 15 6 10 40 43 36 27 35 42 23 18 17 21 32 5 54 22 13 

 2 14 44 53 52 24	 => 189
 11 24 52 20 45 37	 => 189
 29 37 45 50 16 12	 => 189
 44 3 39 49 1 53	 => 189
 52 53 1 33 30 20	 => 189
 45 20 30 19 25 50	 => 189
 16 50 25 41 47 9	 => 188
 39 4 8 38 51 49	 => 189
 1 49 51 7 48 33	 => 189
 30 33 48 28 31 19	 => 189
 25 19 31 26 46 41	 => 188
 47 41 46 34 15 6	 => 189
 51 38 10 40 43 7	 => 189
 48 7 43 36 27 28	 => 189
 31 28 27 35 42 26	 => 189
 46 26 42 23 18 34	 => 189
 43 40 17 21 32 36	 => 189
 27 36 32 5 54 35	 => 189
 42 35 54 22 13 23	 => 189


===================[TEST 5]===================

##### START ##### Thu May 15 09:02:45 2003



##### CONVERGE ##### Thu May 15 09:03:27 2003

Elapsed time: 42 seconds
Total loop: 307 generations

Result : 187.478

4 20 51 53 35 27 1 31 52 44 8 33 46 7 3 30 38 15 24 32 25 17 49 39 6 21 5 42 54 19 40 29 41 23 36 34 22 11 2 28 45 47 10 50 37 48 12 9 18 43 14 26 16 13 

 4 20 51 53 35 27	 => 190
 1 27 35 31 52 44	 => 190
 8 44 52 33 46 7	 => 190
 51 3 30 38 15 53	 => 190
 35 53 15 24 32 31	 => 190
 52 31 32 25 17 33	 => 190
 46 33 17 49 39 6	 => 190
 30 21 5 42 54 38	 => 190
 15 38 54 19 40 24	 => 190
 32 24 40 29 41 25	 => 191
 17 25 41 23 36 49	 => 191
 39 49 36 34 22 11	 => 191
 54 42 2 28 45 19	 => 190
 40 19 45 47 10 29	 => 190
 41 29 10 50 37 23	 => 190
 36 23 37 48 12 34	 => 190
 45 28 9 18 43 47	 => 190
 10 47 43 14 26 50	 => 190
 37 50 26 16 13 48	 => 190


===================[TEST 6]===================

##### START ##### Thu May 15 09:03:27 2003



##### CONVERGE ##### Thu May 15 09:03:51 2003

Elapsed time: 24 seconds
Total loop: 172 generations

Result : 184.9

13 8 37 31 46 54 5 12 49 22 26 48 36 7 19 51 34 16 52 32 30 17 41 44 2 3 18 43 40 21 25 35 14 39 47 27 28 1 11 29 45 53 9 50 42 23 10 24 4 33 6 38 15 20 

 13 8 37 31 46 54	 => 189
 5 54 46 12 49 22	 => 188
 26 22 49 48 36 7	 => 188
 37 19 51 34 16 31	 => 188
 46 31 16 52 32 12	 => 189
 49 12 32 30 17 48	 => 188
 36 48 17 41 44 2	 => 188
 51 3 18 43 40 34	 => 189
 16 34 40 21 25 52	 => 188
 32 52 25 35 14 30	 => 188
 17 30 14 39 47 41	 => 188
 44 41 47 27 28 1	 => 188
 40 43 11 29 45 21	 => 189
 25 21 45 53 9 35	 => 188
 14 35 9 50 42 39	 => 189
 47 39 42 23 10 27	 => 188
 45 29 24 4 33 53	 => 188
 9 53 33 6 38 50	 => 189
 42 50 38 15 20 23	 => 188


===================[TEST 7]===================

##### START ##### Thu May 15 09:03:51 2003



##### CONVERGE ##### Thu May 15 09:04:21 2003

Elapsed time: 30 seconds
Total loop: 221 generations

Result : 185.85

1 6 44 51 36 50 9 17 43 33 22 49 39 2 3 30 52 8 31 45 11 23 40 24 13 4 18 38 47 16 34 26 41 20 53 42 14 15 7 27 54 37 21 48 32 29 12 25 10 35 19 28 5 46 

 1 6 44 51 36 50	 => 188
 9 50 36 17 43 33	 => 188
 22 33 43 49 39 2	 => 188
 44 3 30 52 8 51	 => 188
 36 51 8 31 45 17	 => 188
 43 17 45 11 23 49	 => 188
 39 49 23 40 24 13	 => 188
 30 4 18 38 47 52	 => 189
 8 52 47 16 34 31	 => 188
 45 31 34 26 41 11	 => 188
 23 11 41 20 53 40	 => 188
 24 40 53 42 14 15	 => 188
 47 38 7 27 54 16	 => 189
 34 16 54 37 21 26	 => 188
 41 26 21 48 32 20	 => 188
 53 20 32 29 12 42	 => 188
 54 27 25 10 35 37	 => 188
 21 37 35 19 28 48	 => 188
 32 48 28 5 46 29	 => 188


===================[TEST 8]===================

##### START ##### Thu May 15 09:04:21 2003



##### CONVERGE ##### Thu May 15 09:04:58 2003

Elapsed time: 37 seconds
Total loop: 265 generations

Result : 185.64

17 9 44 48 54 16 6 36 42 34 8 47 46 11 1 41 51 3 32 14 27 22 31 40 2 4 25 30 37 26 39 33 43 15 50 49 5 13 19 23 53 29 7 52 38 24 12 10 28 45 20 35 18 21 

 17 9 44 48 54 16	 => 188
 6 16 54 36 42 34	 => 188
 8 34 42 47 46 11	 => 188
 44 1 41 51 3 48	 => 188
 54 48 3 32 14 36	 => 187
 42 36 14 27 22 47	 => 188
 46 47 22 31 40 2	 => 188
 41 4 25 30 37 51	 => 188
 3 51 37 26 39 32	 => 188
 14 32 39 33 43 27	 => 188
 22 27 43 15 50 31	 => 188
 40 31 50 49 5 13	 => 188
 37 30 19 23 53 26	 => 188
 39 26 53 29 7 33	 => 187
 43 33 7 52 38 15	 => 188
 50 15 38 24 12 49	 => 188
 53 23 10 28 45 29	 => 188
 7 29 45 20 35 52	 => 188
 38 52 35 18 21 24	 => 188


===================[TEST 9]===================

##### START ##### Thu May 15 09:04:58 2003



##### CONVERGE ##### Thu May 15 09:05:41 2003

Elapsed time: 43 seconds
Total loop: 313 generations

Result : 187.163

3 15 41 44 35 52 11 22 49 21 10 53 39 18 7 46 36 16 47 26 30 9 54 33 1 2 20 37 48 19 24 29 34 25 38 43 14 8 4 32 50 51 17 45 40 31 13 28 6 23 12 42 27 5 

 3 15 41 44 35 52	 => 190
 11 52 35 22 49 21	 => 190
 10 21 49 53 39 18	 => 190
 41 7 46 36 16 44	 => 190
 35 44 16 47 26 22	 => 190
 49 22 26 30 9 53	 => 189
 39 53 9 54 33 1	 => 189
 46 2 20 37 48 36	 => 189
 16 36 48 19 24 47	 => 190
 26 47 24 29 34 30	 => 190
 9 30 34 25 38 54	 => 190
 33 54 38 43 14 8	 => 190
 48 37 4 32 50 19	 => 190
 24 19 50 51 17 29	 => 190
 34 29 17 45 40 25	 => 190
 38 25 40 31 13 43	 => 190
 50 32 28 6 23 51	 => 190
 17 51 23 12 42 45	 => 190
 40 45 42 27 5 31	 => 190


===================[TEST 10]===================

##### START ##### Thu May 15 09:05:41 2003



##### CONVERGE ##### Thu May 15 09:06:19 2003

Elapsed time: 38 seconds
Total loop: 276 generations

Result : 186.85

11 8 36 41 46 47 2 15 39 40 20 52 31 7 18 29 48 17 25 45 37 1 44 50 12 21 3 35 53 32 14 38 30 23 54 24 4 13 9 26 34 49 22 43 33 51 5 28 10 42 6 27 16 19 

 11 8 36 41 46 47	 => 189
 2 47 46 15 39 40	 => 189
 20 40 39 52 31 7	 => 189
 36 18 29 48 17 41	 => 189
 46 41 17 25 45 15	 => 189
 39 15 45 37 1 52	 => 189
 31 52 1 44 50 12	 => 190
 29 21 3 35 53 48	 => 189
 17 48 53 32 14 25	 => 189
 45 25 14 38 30 37	 => 189
 1 37 30 23 54 44	 => 189
 50 44 54 24 4 13	 => 189
 53 35 9 26 34 32	 => 189
 14 32 34 49 22 38	 => 189
 30 38 22 43 33 23	 => 189
 54 23 33 51 5 24	 => 190
 34 26 28 10 42 49	 => 189
 22 49 42 6 27 43	 => 189
 33 43 27 16 19 51	 => 189



test#	fitness		sum		time
---------------------------------------------------
1	187.087				54
2	186.478				40
3	190		190		41
4	186.64				41
5	187.478				42
6	184.9				24
7	185.85				30
8	185.64				37
9	187.163				43
10	186.85				38


---------------------------------------------------
Best fitness      : 190 ( test# 3)
Best solution sum : 190 ( test# 3)
Shortest time     : 24 ( test# 6)

Average fitness   : 186.809
Average sol. sum  : 190
Average time      : 39
