****************** GA TEST *******************

total test#:			 10
hexa min width:			 3
hexa max width:			 5
hexa count:			 19
number count:			 54
population size:		 80
generation size:		 15

tournament winner p:		 1
do xover p:			 1
xover:				 1points
do mutation1 p:			 0.1
mutation1 p:			 0.05
do optimize p:			 1
local optimize count:		 6000
do deep better optimize p:	 1
do deep worse optimize p:	 0
do spin p:			 0
spin count:			 1000
do spin apply p:		 1
do mutation2 p:			 0.12
mutation2 p:			 0.08
force mutation2:		 0
replace bad p:			 0.195

converge rate p:		 0.99
converge count:			 1

**********************************************


===================[TEST 1]===================

##### START ##### Thu May 15 09:20:36 2003



##### CONVERGE ##### Thu May 15 09:20:56 2003

Elapsed time: 20 seconds
Total loop: 120 generations

Result : 185.794

20 10 54 39 45 21 1 25 44 52 13 33 41 6 5 23 53 14 24 42 16 29 43 31 12 7 19 38 49 2 47 22 37 18 46 34 8 27 15 35 50 40 28 36 48 32 11 4 9 51 3 30 26 17 

 20 10 54 39 45 21	 => 189
 1 21 45 25 44 52	 => 188
 13 52 44 33 41 6	 => 189
 54 5 23 53 14 39	 => 188
 45 39 14 24 42 25	 => 189
 44 25 42 16 29 33	 => 189
 41 33 29 43 31 12	 => 189
 23 7 19 38 49 53	 => 189
 14 53 49 2 47 24	 => 189
 42 24 47 22 37 16	 => 188
 29 16 37 18 46 43	 => 189
 31 43 46 34 8 27	 => 189
 49 38 15 35 50 2	 => 189
 47 2 50 40 28 22	 => 189
 37 22 28 36 48 18	 => 189
 46 18 48 32 11 34	 => 189
 50 35 4 9 51 40	 => 189
 28 40 51 3 30 36	 => 188
 48 36 30 26 17 32	 => 189


===================[TEST 2]===================

##### START ##### Thu May 15 09:20:56 2003



##### CONVERGE ##### Thu May 15 09:21:24 2003

Elapsed time: 28 seconds
Total loop: 162 generations

Result : 186.478

13 14 51 47 39 25 4 43 28 50 18 48 36 9 5 30 49 7 27 26 21 23 41 34 8 3 22 33 52 17 37 38 40 11 53 29 20 12 1 44 42 32 24 31 45 35 16 19 6 46 2 54 10 15 

 13 14 51 47 39 25	 => 189
 4 25 39 43 28 50	 => 189
 18 50 28 48 36 9	 => 189
 51 5 30 49 7 47	 => 189
 39 47 7 27 26 43	 => 189
 28 43 26 21 23 48	 => 189
 36 48 23 41 34 8	 => 190
 30 3 22 33 52 49	 => 189
 7 49 52 17 37 27	 => 189
 26 27 37 38 40 21	 => 189
 23 21 40 11 53 41	 => 189
 34 41 53 29 20 12	 => 189
 52 33 1 44 42 17	 => 189
 37 17 42 32 24 38	 => 190
 40 38 24 31 45 11	 => 189
 53 11 45 35 16 29	 => 189
 42 44 19 6 46 32	 => 189
 24 32 46 2 54 31	 => 189
 45 31 54 10 15 35	 => 190


===================[TEST 3]===================

##### START ##### Thu May 15 09:21:24 2003



##### CONVERGE ##### Thu May 15 09:21:44 2003

Elapsed time: 20 seconds
Total loop: 116 generations

Result : 184.64

1 15 46 51 42 32 19 13 30 50 22 45 37 3 8 17 40 25 36 20 41 38 34 28 5 10 48 23 49 6 31 35 24 7 43 47 14 21 26 29 54 44 16 53 52 27 11 9 18 33 2 39 4 12 

 1 15 46 51 42 32	 => 187
 19 32 42 13 30 50	 => 186
 22 50 30 45 37 3	 => 187
 46 8 17 40 25 51	 => 187
 42 51 25 36 20 13	 => 187
 30 13 20 41 38 45	 => 187
 37 45 38 34 28 5	 => 187
 17 10 48 23 49 40	 => 187
 25 40 49 6 31 36	 => 187
 20 36 31 35 24 41	 => 187
 38 41 24 7 43 34	 => 187
 28 34 43 47 14 21	 => 187
 49 23 26 29 54 6	 => 187
 31 6 54 44 16 35	 => 186
 24 35 16 53 52 7	 => 187
 43 7 52 27 11 47	 => 187
 54 29 9 18 33 44	 => 187
 16 44 33 2 39 53	 => 187
 52 53 39 4 12 27	 => 187


===================[TEST 4]===================

##### START ##### Thu May 15 09:21:44 2003



##### CONVERGE ##### Thu May 15 09:22:09 2003

Elapsed time: 25 seconds
Total loop: 148 generations

Result : 187.306

22 4 49 31 54 29 27 12 48 19 39 37 41 5 1 38 53 17 30 45 32 15 47 36 13 10 14 28 46 20 23 35 24 21 50 40 7 9 8 44 43 52 16 51 42 34 2 18 6 26 11 33 3 25 

 22 4 49 31 54 29	 => 189
 27 29 54 12 48 19	 => 189
 39 19 48 37 41 5	 => 189
 49 1 38 53 17 31	 => 189
 54 31 17 30 45 12	 => 189
 48 12 45 32 15 37	 => 189
 41 37 15 47 36 13	 => 189
 38 10 14 28 46 53	 => 189
 17 53 46 20 23 30	 => 189
 45 30 23 35 24 32	 => 189
 15 32 24 21 50 47	 => 189
 36 47 50 40 7 9	 => 189
 46 28 8 44 43 20	 => 189
 23 20 43 52 16 35	 => 189
 24 35 16 51 42 21	 => 189
 50 21 42 34 2 40	 => 189
 43 44 18 6 26 52	 => 189
 16 52 26 11 33 51	 => 189
 42 51 33 3 25 34	 => 188


===================[TEST 5]===================

##### START ##### Thu May 15 09:22:09 2003



##### CONVERGE ##### Thu May 15 09:22:42 2003

Elapsed time: 33 seconds
Total loop: 189 generations

Result : 186.412

14 17 39 37 47 34 19 21 23 44 2 53 51 15 3 45 35 29 16 38 48 5 49 24 6 13 32 22 41 36 31 28 27 9 50 43 11 12 10 46 33 42 18 54 52 26 8 20 7 40 4 30 1 25 

 14 17 39 37 47 34	 => 188
 19 34 47 21 23 44	 => 188
 2 44 23 53 51 15	 => 188
 39 3 45 35 29 37	 => 188
 47 37 29 16 38 21	 => 188
 23 21 38 48 5 53	 => 188
 51 53 5 49 24 6	 => 188
 45 13 32 22 41 35	 => 188
 29 35 41 36 31 16	 => 188
 38 16 31 28 27 48	 => 188
 5 48 27 9 50 49	 => 188
 24 49 50 43 11 12	 => 189
 41 22 10 46 33 36	 => 188
 31 36 33 42 18 28	 => 188
 27 28 18 54 52 9	 => 188
 50 9 52 26 8 43	 => 188
 33 46 20 7 40 42	 => 188
 18 42 40 4 30 54	 => 188
 52 54 30 1 25 26	 => 188


===================[TEST 6]===================

##### START ##### Thu May 15 09:22:42 2003



##### CONVERGE ##### Thu May 15 09:23:00 2003

Elapsed time: 18 seconds
Total loop: 109 generations

Result : 186.64

2 4 41 43 48 51 7 15 26 42 29 49 33 10 1 30 52 22 14 47 32 20 38 36 13 6 8 39 54 12 35 40 21 28 50 23 24 17 19 34 31 53 18 45 37 46 5 11 16 44 3 25 27 9 

 2 4 41 43 48 51	 => 189
 7 51 48 15 26 42	 => 189
 29 42 26 49 33 10	 => 189
 41 1 30 52 22 43	 => 189
 48 43 22 14 47 15	 => 189
 26 15 47 32 20 49	 => 189
 33 49 20 38 36 13	 => 189
 30 6 8 39 54 52	 => 189
 22 52 54 12 35 14	 => 189
 47 14 35 40 21 32	 => 189
 20 32 21 28 50 38	 => 189
 36 38 50 23 24 17	 => 188
 54 39 19 34 31 12	 => 189
 35 12 31 53 18 40	 => 189
 21 40 18 45 37 28	 => 189
 50 28 37 46 5 23	 => 189
 31 34 11 16 44 53	 => 189
 18 53 44 3 25 45	 => 188
 37 45 25 27 9 46	 => 189


===================[TEST 7]===================

##### START ##### Thu May 15 09:23:00 2003



##### CONVERGE ##### Thu May 15 09:23:25 2003

Elapsed time: 25 seconds
Total loop: 145 generations

Result : 187.306

12 6 52 34 45 40 4 2 50 48 11 41 36 3 5 39 31 28 29 51 23 22 44 37 9 20 15 53 30 24 47 14 25 26 49 33 10 16 1 46 35 42 27 43 54 19 8 21 13 32 7 38 17 18 

 12 6 52 34 45 40	 => 189
 4 40 45 2 50 48	 => 189
 11 48 50 41 36 3	 => 189
 52 5 39 31 28 34	 => 189
 45 34 28 29 51 2	 => 189
 50 2 51 23 22 41	 => 189
 36 41 22 44 37 9	 => 189
 39 20 15 53 30 31	 => 188
 28 31 30 24 47 29	 => 189
 51 29 47 14 25 23	 => 189
 22 23 25 26 49 44	 => 189
 37 44 49 33 10 16	 => 189
 30 53 1 46 35 24	 => 189
 47 24 35 42 27 14	 => 189
 25 14 27 43 54 26	 => 189
 49 26 54 19 8 33	 => 189
 35 46 21 13 32 42	 => 189
 27 42 32 7 38 43	 => 189
 54 43 38 17 18 19	 => 189


===================[TEST 8]===================

##### START ##### Thu May 15 09:23:25 2003



##### CONVERGE ##### Thu May 15 09:23:45 2003

Elapsed time: 20 seconds
Total loop: 118 generations

Result : 187.412

17 8 34 45 54 31 10 18 53 23 5 51 37 20 13 42 26 29 28 15 22 30 33 32 6 24 11 46 40 25 41 35 48 12 44 43 21 16 2 49 27 52 9 47 39 50 1 4 19 38 7 36 3 14 

 17 8 34 45 54 31	 => 189
 10 31 54 18 53 23	 => 189
 5 23 53 51 37 20	 => 189
 34 13 42 26 29 45	 => 189
 54 45 29 28 15 18	 => 189
 53 18 15 22 30 51	 => 189
 37 51 30 33 32 6	 => 189
 42 24 11 46 40 26	 => 189
 29 26 40 25 41 28	 => 189
 15 28 41 35 48 22	 => 189
 30 22 48 12 44 33	 => 189
 32 33 44 43 21 16	 => 189
 40 46 2 49 27 25	 => 189
 41 25 27 52 9 35	 => 189
 48 35 9 47 39 12	 => 190
 44 12 39 50 1 43	 => 189
 27 49 4 19 38 52	 => 189
 9 52 38 7 36 47	 => 189
 39 47 36 3 14 50	 => 189


===================[TEST 9]===================

##### START ##### Thu May 15 09:23:45 2003



##### CONVERGE ##### Thu May 15 09:24:21 2003

Elapsed time: 36 seconds
Total loop: 207 generations

Result : 185.628

8 23 26 37 54 42 5 17 33 38 27 39 43 9 14 28 52 31 19 32 44 24 29 47 7 22 16 30 41 20 25 35 34 10 48 49 13 3 2 50 46 51 12 53 45 36 1 6 21 15 18 40 4 11 

 8 23 26 37 54 42	 => 190
 5 42 54 17 33 38	 => 189
 27 38 33 39 43 9	 => 189
 26 14 28 52 31 37	 => 188
 54 37 31 19 32 17	 => 190
 33 17 32 44 24 39	 => 189
 43 39 24 29 47 7	 => 189
 28 22 16 30 41 52	 => 189
 31 52 41 20 25 19	 => 188
 32 19 25 35 34 44	 => 189
 24 44 34 10 48 29	 => 189
 47 29 48 49 13 3	 => 189
 41 30 2 50 46 20	 => 189
 25 20 46 51 12 35	 => 189
 34 35 12 53 45 10	 => 189
 48 10 45 36 1 49	 => 189
 46 50 6 21 15 51	 => 189
 12 51 15 18 40 53	 => 189
 45 53 40 4 11 36	 => 189


===================[TEST 10]===================

##### START ##### Thu May 15 09:24:21 2003



##### CONVERGE ##### Thu May 15 09:24:38 2003

Elapsed time: 17 seconds
Total loop: 101 generations

Result : 186.85

6 23 51 31 50 28 4 26 39 42 12 47 46 3 1 29 40 37 24 21 36 20 52 22 2 5 18 49 48 8 32 35 41 10 30 45 13 27 15 25 44 53 17 33 54 43 7 19 11 38 14 34 9 16 

 6 23 51 31 50 28	 => 189
 4 28 50 26 39 42	 => 189
 12 42 39 47 46 3	 => 189
 51 1 29 40 37 31	 => 189
 50 31 37 24 21 26	 => 189
 39 26 21 36 20 47	 => 189
 46 47 20 52 22 2	 => 189
 29 5 18 49 48 40	 => 189
 37 40 48 8 32 24	 => 189
 21 24 32 35 41 36	 => 189
 20 36 41 10 30 52	 => 189
 22 52 30 45 13 27	 => 189
 48 49 15 25 44 8	 => 189
 32 8 44 53 17 35	 => 189
 41 35 17 33 54 10	 => 190
 30 10 54 43 7 45	 => 189
 44 25 19 11 38 53	 => 190
 17 53 38 14 34 33	 => 189
 54 33 34 9 16 43	 => 189



test#	fitness		sum		time
---------------------------------------------------
1	185.794				20
2	186.478				28
3	184.64				20
4	187.306				25
5	186.412				33
6	186.64				18
7	187.306				25
8	187.412				20
9	185.628				36
10	186.85				17


---------------------------------------------------
Best fitness      : 187.412 ( test# 8)
Shortest time     : 17 ( test# 10)

Average fitness   : 186.447
Average time      : 24.2
