****************** GA TEST *******************

total test#:			 10
hexa min width:			 3
hexa max width:			 5
hexa count:			 19
number count:			 54
population size:		 80
generation size:		 12

tournament winner p:		 1
do xover p:			 1
xover:				 2points
do mutation1 p:			 0.1
mutation1 p:			 0.05
do optimize p:			 1
local optimize count:		 6000
do deep better optimize p:	 1
do deep worse optimize p:	 0
do spin p:			 0
spin count:			 1000
do spin apply p:		 1
do mutation2 p:			 0.12
mutation2 p:			 0.08
force mutation2:		 0
replace bad p:			 0.195

converge rate p:		 0.99
converge count:			 1

**********************************************


===================[TEST 1]===================

##### START ##### Thu May 15 08:27:51 2003



##### CONVERGE ##### Thu May 15 08:28:22 2003

Elapsed time: 31 seconds
Total loop: 227 generations

Result : 186.163

23 15 38 32 54 27 2 16 44 46 17 45 34 3 14 30 53 22 26 39 36 9 50 33 18 7 5 41 52 24 12 51 25 21 47 31 20 8 4 19 49 43 10 40 42 35 13 1 28 48 11 37 6 29 

 23 15 38 32 54 27	 => 189
 2 27 54 16 44 46	 => 189
 17 46 44 45 34 3	 => 189
 38 14 30 53 22 32	 => 189
 54 32 22 26 39 16	 => 189
 44 16 39 36 9 45	 => 189
 34 45 9 50 33 18	 => 189
 30 7 5 41 52 53	 => 188
 22 53 52 24 12 26	 => 189
 39 26 12 51 25 36	 => 189
 9 36 25 21 47 50	 => 188
 33 50 47 31 20 8	 => 189
 52 41 4 19 49 24	 => 189
 12 24 49 43 10 51	 => 189
 25 51 10 40 42 21	 => 189
 47 21 42 35 13 31	 => 189
 49 19 1 28 48 43	 => 188
 10 43 48 11 37 40	 => 189
 42 40 37 6 29 35	 => 189


===================[TEST 2]===================

##### START ##### Thu May 15 08:28:22 2003



##### CONVERGE ##### Thu May 15 08:28:51 2003

Elapsed time: 29 seconds
Total loop: 209 generations

Result : 186.64

34 1 35 37 53 29 15 13 49 30 11 52 38 9 5 39 51 22 41 23 46 6 43 33 17 12 20 40 27 16 32 19 28 18 48 54 3 8 14 45 47 44 31 50 42 25 2 7 21 24 4 36 10 26 

 34 1 35 37 53 29	 => 189
 15 29 53 13 49 30	 => 189
 11 30 49 52 38 9	 => 189
 35 5 39 51 22 37	 => 189
 53 37 22 41 23 13	 => 189
 49 13 23 46 6 52	 => 189
 38 52 6 43 33 17	 => 189
 39 12 20 40 27 51	 => 189
 22 51 27 16 32 41	 => 189
 23 41 32 19 28 46	 => 189
 6 46 28 18 48 43	 => 189
 33 43 48 54 3 8	 => 189
 27 40 14 45 47 16	 => 189
 32 16 47 44 31 19	 => 189
 28 19 31 50 42 18	 => 188
 48 18 42 25 2 54	 => 189
 47 45 7 21 24 44	 => 188
 31 44 24 4 36 50	 => 189
 42 50 36 10 26 25	 => 189


===================[TEST 3]===================

##### START ##### Thu May 15 08:28:51 2003



##### CONVERGE ##### Thu May 15 08:29:20 2003

Elapsed time: 29 seconds
Total loop: 212 generations

Result : 187.85

13 2 45 50 43 37 14 16 49 32 27 48 29 5 7 41 44 3 42 36 26 15 46 35 17 22 12 33 38 24 39 19 28 23 52 31 9 18 1 40 54 34 20 47 53 25 6 11 21 30 8 51 4 10 

 13 2 45 50 43 37	 => 190
 14 37 43 16 49 32	 => 191
 27 32 49 48 29 5	 => 190
 45 7 41 44 3 50	 => 190
 43 50 3 42 36 16	 => 190
 49 16 36 26 15 48	 => 190
 29 48 15 46 35 17	 => 190
 41 22 12 33 38 44	 => 190
 3 44 38 24 39 42	 => 190
 36 42 39 19 28 26	 => 190
 15 26 28 23 52 46	 => 190
 35 46 52 31 9 18	 => 191
 38 33 1 40 54 24	 => 190
 39 24 54 34 20 19	 => 190
 28 19 20 47 53 23	 => 190
 52 23 53 25 6 31	 => 190
 54 40 11 21 30 34	 => 190
 20 34 30 8 51 47	 => 190
 53 47 51 4 10 25	 => 190


===================[TEST 4]===================

##### START ##### Thu May 15 08:29:20 2003



##### CONVERGE ##### Thu May 15 08:30:03 2003

Elapsed time: 43 seconds
Total loop: 315 generations

Result : 187.85

8 5 31 51 54 41 1 7 52 35 13 47 32 11 2 44 34 28 29 21 45 19 38 50 4 10 16 40 46 26 27 43 25 14 49 23 12 18 3 39 36 37 22 33 53 42 9 24 6 48 20 30 15 17 

 8 5 31 51 54 41	 => 190
 1 41 54 7 52 35	 => 190
 13 35 52 47 32 11	 => 190
 31 2 44 34 28 51	 => 190
 54 51 28 29 21 7	 => 190
 52 7 21 45 19 47	 => 191
 32 47 19 38 50 4	 => 190
 44 10 16 40 46 34	 => 190
 28 34 46 26 27 29	 => 190
 21 29 27 43 25 45	 => 190
 19 45 25 14 49 38	 => 190
 50 38 49 23 12 18	 => 190
 46 40 3 39 36 26	 => 190
 27 26 36 37 22 43	 => 191
 25 43 22 33 53 14	 => 190
 49 14 53 42 9 23	 => 190
 36 39 24 6 48 37	 => 190
 22 37 48 20 30 33	 => 190
 53 33 30 15 17 42	 => 190


===================[TEST 5]===================

##### START ##### Thu May 15 08:30:03 2003



##### CONVERGE ##### Thu May 15 08:30:29 2003

Elapsed time: 26 seconds
Total loop: 184 generations

Result : 186.85

16 11 33 52 50 27 14 19 48 32 12 54 23 20 9 40 47 8 36 24 31 13 51 42 6 22 1 45 34 26 38 43 17 28 49 30 2 15 10 53 21 44 18 46 37 41 4 3 29 39 7 35 25 5 

 16 11 33 52 50 27	 => 189
 14 27 50 19 48 32	 => 190
 12 32 48 54 23 20	 => 189
 33 9 40 47 8 52	 => 189
 50 52 8 36 24 19	 => 189
 48 19 24 31 13 54	 => 189
 23 54 13 51 42 6	 => 189
 40 22 1 45 34 47	 => 189
 8 47 34 26 38 36	 => 189
 24 36 38 43 17 31	 => 189
 13 31 17 28 49 51	 => 189
 42 51 49 30 2 15	 => 189
 34 45 10 53 21 26	 => 189
 38 26 21 44 18 43	 => 190
 17 43 18 46 37 28	 => 189
 49 28 37 41 4 30	 => 189
 21 53 3 29 39 44	 => 189
 18 44 39 7 35 46	 => 189
 37 46 35 25 5 41	 => 189


===================[TEST 6]===================

##### START ##### Thu May 15 08:30:29 2003



##### CONVERGE ##### Thu May 15 08:30:54 2003

Elapsed time: 25 seconds
Total loop: 185 generations

Result (Solution) : 188

1 20 30 36 51 50 4 15 37 31 28 39 32 21 2 54 49 17 43 26 53 18 44 48 7 3 13 29 40 16 23 24 19 8 46 35 10 5 27 34 42 45 38 47 52 41 6 33 12 22 11 25 9 14 

 1 20 30 36 51 50	 => 188
 4 50 51 15 37 31	 => 188
 28 31 37 39 32 21	 => 188
 30 2 54 49 17 36	 => 188
 51 36 17 43 26 15	 => 188
 37 15 26 53 18 39	 => 188
 32 39 18 44 48 7	 => 188
 54 3 13 29 40 49	 => 188
 17 49 40 16 23 43	 => 188
 26 43 23 24 19 53	 => 188
 18 53 19 8 46 44	 => 188
 48 44 46 35 10 5	 => 188
 40 29 27 34 42 16	 => 188
 23 16 42 45 38 24	 => 188
 19 24 38 47 52 8	 => 188
 46 8 52 41 6 35	 => 188
 42 34 33 12 22 45	 => 188
 38 45 22 11 25 47	 => 188
 52 47 25 9 14 41	 => 188


===================[TEST 7]===================

##### START ##### Thu May 15 08:30:54 2003



##### CONVERGE ##### Thu May 15 08:31:16 2003

Elapsed time: 22 seconds
Total loop: 158 generations

Result : 187.478

2 8 42 46 39 53 1 22 50 25 12 33 52 18 4 40 48 10 36 37 23 26 45 28 7 3 21 29 49 13 35 27 32 17 47 34 6 30 14 31 54 41 20 51 43 44 5 15 11 38 16 24 9 19 

 2 8 42 46 39 53	 => 190
 1 53 39 22 50 25	 => 190
 12 25 50 33 52 18	 => 190
 42 4 40 48 10 46	 => 190
 39 46 10 36 37 22	 => 190
 50 22 37 23 26 33	 => 191
 52 33 26 45 28 7	 => 191
 40 3 21 29 49 48	 => 190
 10 48 49 13 35 36	 => 191
 37 36 35 27 32 23	 => 190
 26 23 32 17 47 45	 => 190
 28 45 47 34 6 30	 => 190
 49 29 14 31 54 13	 => 190
 35 13 54 41 20 27	 => 190
 32 27 20 51 43 17	 => 190
 47 17 43 44 5 34	 => 190
 54 31 15 11 38 41	 => 190
 20 41 38 16 24 51	 => 190
 43 51 24 9 19 44	 => 190


===================[TEST 8]===================

##### START ##### Thu May 15 08:31:16 2003



##### CONVERGE ##### Thu May 15 08:31:46 2003

Elapsed time: 30 seconds
Total loop: 219 generations

Result : 187.64

17 12 28 47 49 37 9 8 53 33 6 54 41 3 16 32 48 19 38 29 24 22 52 20 1 14 10 40 46 5 34 39 26 21 44 31 30 13 4 50 45 42 25 43 36 35 23 11 15 27 2 51 18 7 

 17 12 28 47 49 37	 => 190
 9 37 49 8 53 33	 => 189
 6 33 53 54 41 3	 => 190
 28 16 32 48 19 47	 => 190
 49 47 19 38 29 8	 => 190
 53 8 29 24 22 54	 => 190
 41 54 22 52 20 1	 => 190
 32 14 10 40 46 48	 => 190
 19 48 46 5 34 38	 => 190
 29 38 34 39 26 24	 => 190
 22 24 26 21 44 52	 => 189
 20 52 44 31 30 13	 => 190
 46 40 4 50 45 5	 => 190
 34 5 45 42 25 39	 => 190
 26 39 25 43 36 21	 => 190
 44 21 36 35 23 31	 => 190
 45 50 11 15 27 42	 => 190
 25 42 27 2 51 43	 => 190
 36 43 51 18 7 35	 => 190


===================[TEST 9]===================

##### START ##### Thu May 15 08:31:46 2003



##### CONVERGE ##### Thu May 15 08:32:16 2003

Elapsed time: 30 seconds
Total loop: 224 generations

Result : 188.412

20 12 31 49 44 34 2 27 42 41 8 52 24 23 10 50 37 13 38 19 29 21 47 39 7 3 1 48 51 26 25 43 36 11 46 30 22 6 4 33 28 54 15 32 53 45 5 18 17 40 14 35 16 9 

 20 12 31 49 44 34	 => 190
 2 34 44 27 42 41	 => 190
 8 41 42 52 24 23	 => 190
 31 10 50 37 13 49	 => 190
 44 49 13 38 19 27	 => 190
 42 27 19 29 21 52	 => 190
 24 52 21 47 39 7	 => 190
 50 3 1 48 51 37	 => 190
 13 37 51 26 25 38	 => 190
 19 38 25 43 36 29	 => 190
 21 29 36 11 46 47	 => 190
 39 47 46 30 22 6	 => 190
 51 48 4 33 28 26	 => 190
 25 26 28 54 15 43	 => 191
 36 43 15 32 53 11	 => 190
 46 11 53 45 5 30	 => 190
 28 33 18 17 40 54	 => 190
 15 54 40 14 35 32	 => 190
 53 32 35 16 9 45	 => 190


===================[TEST 10]===================

##### START ##### Thu May 15 08:32:16 2003



##### CONVERGE ##### Thu May 15 08:33:06 2003

Elapsed time: 50 seconds
Total loop: 362 generations

Result : 187.616

14 13 15 54 43 51 1 9 49 37 8 45 35 16 23 46 44 7 42 36 25 26 34 39 11 6 3 41 50 18 29 28 30 22 53 33 21 10 2 31 48 47 20 52 38 32 12 5 19 40 4 27 17 24 

 14 13 15 54 43 51	 => 190
 1 51 43 9 49 37	 => 190
 8 37 49 45 35 16	 => 190
 15 23 46 44 7 54	 => 189
 43 54 7 42 36 9	 => 191
 49 9 36 25 26 45	 => 190
 35 45 26 34 39 11	 => 190
 46 6 3 41 50 44	 => 190
 7 44 50 18 29 42	 => 190
 36 42 29 28 30 25	 => 190
 26 25 30 22 53 34	 => 190
 39 34 53 33 21 10	 => 190
 50 41 2 31 48 18	 => 190
 29 18 48 47 20 28	 => 190
 30 28 20 52 38 22	 => 190
 53 22 38 32 12 33	 => 190
 48 31 5 19 40 47	 => 190
 20 47 40 4 27 52	 => 190
 38 52 27 17 24 32	 => 190



test#	fitness		sum		time
---------------------------------------------------
1	186.163				31
2	186.64				29
3	187.85				29
4	187.85				43
5	186.85				26
6	188		188		25
7	187.478				22
8	187.64				30
9	188.412				30
10	187.616				50


---------------------------------------------------
Best fitness      : 188.412 ( test# 9)
Best solution sum : 188 ( test# 6)
Shortest time     : 22 ( test# 7)

Average fitness   : 187.45
Average sol. sum  : 188
Average time      : 31.5
