****************** GA TEST *******************

total test#:			 10
hexa min width:			 3
hexa max width:			 5
hexa count:			 19
number count:			 54
population size:		 100
generation size:		 12

tournament winner p:		 1
do xover p:			 1
xover:				 2points
do mutation1 p:			 0.1
mutation1 p:			 0.05
do optimize p:			 1
local optimize count:		 6000
do deep better optimize p:	 1
do deep worse optimize p:	 0
do spin p:			 0
spin count:			 1000
do spin apply p:		 1
do mutation2 p:			 0.12
mutation2 p:			 0.08
force mutation2:		 0
replace bad p:			 0.195

converge rate p:		 0.99
converge count:			 1

**********************************************


===================[TEST 1]===================

##### START ##### Thu May 15 08:39:01 2003



##### CONVERGE ##### Thu May 15 08:39:53 2003

Elapsed time: 52 seconds
Total loop: 379 generations

Result : 188.163

14 11 34 46 50 36 2 23 49 31 5 44 43 18 4 39 51 17 26 29 40 6 45 32 21 3 16 35 47 8 42 28 25 22 53 30 19 12 7 52 41 48 24 54 38 33 15 13 10 27 1 37 20 9 

 14 11 34 46 50 36	 => 191
 2 36 50 23 49 31	 => 191
 5 31 49 44 43 18	 => 190
 34 4 39 51 17 46	 => 191
 50 46 17 26 29 23	 => 191
 49 23 29 40 6 44	 => 191
 43 44 6 45 32 21	 => 191
 39 3 16 35 47 51	 => 191
 17 51 47 8 42 26	 => 191
 29 26 42 28 25 40	 => 190
 6 40 25 22 53 45	 => 191
 32 45 53 30 19 12	 => 191
 47 35 7 52 41 8	 => 190
 42 8 41 48 24 28	 => 191
 25 28 24 54 38 22	 => 191
 53 22 38 33 15 30	 => 191
 41 52 13 10 27 48	 => 191
 24 48 27 1 37 54	 => 191
 38 54 37 20 9 33	 => 191


===================[TEST 2]===================

##### START ##### Thu May 15 08:39:53 2003



##### CONVERGE ##### Thu May 15 08:40:47 2003

Elapsed time: 54 seconds
Total loop: 392 generations

Result : 186.85

7 26 37 44 43 32 3 19 53 39 23 34 29 11 10 45 38 15 48 21 22 40 47 35 4 24 5 28 49 12 27 41 30 17 33 52 8 14 18 36 46 54 9 42 50 25 13 6 16 31 2 51 20 1 

 7 26 37 44 43 32	 => 189
 3 32 43 19 53 39	 => 189
 23 39 53 34 29 11	 => 189
 37 10 45 38 15 44	 => 189
 43 44 15 48 21 19	 => 190
 53 19 21 22 40 34	 => 189
 29 34 40 47 35 4	 => 189
 45 24 5 28 49 38	 => 189
 15 38 49 12 27 48	 => 189
 21 48 27 41 30 22	 => 189
 40 22 30 17 33 47	 => 189
 35 47 33 52 8 14	 => 189
 49 28 18 36 46 12	 => 189
 27 12 46 54 9 41	 => 189
 30 41 9 42 50 17	 => 189
 33 17 50 25 13 52	 => 190
 46 36 6 16 31 54	 => 189
 9 54 31 2 51 42	 => 189
 50 42 51 20 1 25	 => 189


===================[TEST 3]===================

##### START ##### Thu May 15 08:40:47 2003



##### CONVERGE ##### Thu May 15 08:41:30 2003

Elapsed time: 43 seconds
Total loop: 313 generations

Result : 187.412

8 13 36 51 32 49 3 25 52 28 29 43 35 2 1 27 54 20 44 18 39 12 34 50 15 10 31 37 30 17 24 22 42 16 46 33 21 5 4 48 53 47 26 38 45 40 9 7 11 23 14 41 19 6 

 8 13 36 51 32 49	 => 189
 3 49 32 25 52 28	 => 189
 29 28 52 43 35 2	 => 189
 36 1 27 54 20 51	 => 189
 32 51 20 44 18 25	 => 190
 52 25 18 39 12 43	 => 189
 35 43 12 34 50 15	 => 189
 27 10 31 37 30 54	 => 189
 20 54 30 17 24 44	 => 189
 18 44 24 22 42 39	 => 189
 12 39 42 16 46 34	 => 189
 50 34 46 33 21 5	 => 189
 30 37 4 48 53 17	 => 189
 24 17 53 47 26 22	 => 189
 42 22 26 38 45 16	 => 189
 46 16 45 40 9 33	 => 189
 53 48 7 11 23 47	 => 189
 26 47 23 14 41 38	 => 189
 45 38 41 19 6 40	 => 189


===================[TEST 4]===================

##### START ##### Thu May 15 08:41:30 2003



##### CONVERGE ##### Thu May 15 08:42:17 2003

Elapsed time: 47 seconds
Total loop: 340 generations

Result : 186.85

22 15 43 44 30 35 26 28 52 18 19 42 38 20 1 37 50 14 49 24 31 12 54 41 2 6 17 39 40 11 25 27 33 13 46 23 9 16 7 47 45 48 34 29 53 51 4 5 8 36 10 32 3 21 

 22 15 43 44 30 35	 => 189
 26 35 30 28 52 18	 => 189
 19 18 52 42 38 20	 => 189
 43 1 37 50 14 44	 => 189
 30 44 14 49 24 28	 => 189
 52 28 24 31 12 42	 => 189
 38 42 12 54 41 2	 => 189
 37 6 17 39 40 50	 => 189
 14 50 40 11 25 49	 => 189
 24 49 25 27 33 31	 => 189
 12 31 33 13 46 54	 => 189
 41 54 46 23 9 16	 => 189
 40 39 7 47 45 11	 => 189
 25 11 45 48 34 27	 => 190
 33 27 34 29 53 13	 => 189
 46 13 53 51 4 23	 => 190
 45 47 5 8 36 48	 => 189
 34 48 36 10 32 29	 => 189
 53 29 32 3 21 51	 => 189


===================[TEST 5]===================

##### START ##### Thu May 15 08:42:17 2003



##### CONVERGE ##### Thu May 15 08:42:54 2003

Elapsed time: 37 seconds
Total loop: 270 generations

Result : 188.412

18 14 43 42 46 27 2 26 51 38 7 35 50 9 3 37 48 17 25 34 36 8 52 41 4 6 13 33 53 23 24 39 32 15 47 28 10 12 5 45 31 54 20 44 40 49 11 1 30 29 21 22 16 19 

 18 14 43 42 46 27	 => 190
 2 27 46 26 51 38	 => 190
 7 38 51 35 50 9	 => 190
 43 3 37 48 17 42	 => 190
 46 42 17 25 34 26	 => 190
 51 26 34 36 8 35	 => 190
 50 35 8 52 41 4	 => 190
 37 6 13 33 53 48	 => 190
 17 48 53 23 24 25	 => 190
 34 25 24 39 32 36	 => 190
 8 36 32 15 47 52	 => 190
 41 52 47 28 10 12	 => 190
 53 33 5 45 31 23	 => 190
 24 23 31 54 20 39	 => 191
 32 39 20 44 40 15	 => 190
 47 15 40 49 11 28	 => 190
 31 45 1 30 29 54	 => 190
 20 54 29 21 22 44	 => 190
 40 44 22 16 19 49	 => 190


===================[TEST 6]===================

##### START ##### Thu May 15 08:42:54 2003



##### CONVERGE ##### Thu May 15 08:43:39 2003

Elapsed time: 45 seconds
Total loop: 328 generations

Result : 187.478

5 11 50 51 48 25 4 18 46 49 3 54 28 10 2 38 40 9 45 19 39 15 42 37 14 27 8 34 43 24 29 26 32 21 41 44 20 6 7 47 35 53 23 52 36 33 16 13 12 31 1 30 22 17 

 5 11 50 51 48 25	 => 190
 4 25 48 18 46 49	 => 190
 3 49 46 54 28 10	 => 190
 50 2 38 40 9 51	 => 190
 48 51 9 45 19 18	 => 190
 46 18 19 39 15 54	 => 191
 28 54 15 42 37 14	 => 190
 38 27 8 34 43 40	 => 190
 9 40 43 24 29 45	 => 190
 19 45 29 26 32 39	 => 190
 15 39 32 21 41 42	 => 190
 37 42 41 44 20 6	 => 190
 43 34 7 47 35 24	 => 190
 29 24 35 53 23 26	 => 190
 32 26 23 52 36 21	 => 190
 41 21 36 33 16 44	 => 191
 35 47 13 12 31 53	 => 191
 23 53 31 1 30 52	 => 190
 36 52 30 22 17 33	 => 190


===================[TEST 7]===================

##### START ##### Thu May 15 08:43:39 2003



##### CONVERGE ##### Thu May 15 08:44:29 2003

Elapsed time: 50 seconds
Total loop: 364 generations

Result : 187.306

23 3 36 31 45 51 2 16 38 37 28 49 27 10 9 39 40 34 17 46 21 19 53 35 6 26 7 33 44 22 32 25 47 8 41 42 13 5 11 29 50 48 12 43 54 24 20 18 14 30 4 52 1 15 

 23 3 36 31 45 51	 => 189
 2 51 45 16 38 37	 => 189
 28 37 38 49 27 10	 => 189
 36 9 39 40 34 31	 => 189
 45 31 34 17 46 16	 => 189
 38 16 46 21 19 49	 => 189
 27 49 19 53 35 6	 => 189
 39 26 7 33 44 40	 => 189
 34 40 44 22 32 17	 => 189
 46 17 32 25 47 21	 => 188
 19 21 47 8 41 53	 => 189
 35 53 41 42 13 5	 => 189
 44 33 11 29 50 22	 => 189
 32 22 50 48 12 25	 => 189
 47 25 12 43 54 8	 => 189
 41 8 54 24 20 42	 => 189
 50 29 18 14 30 48	 => 189
 12 48 30 4 52 43	 => 189
 54 43 52 1 15 24	 => 189


===================[TEST 8]===================

##### START ##### Thu May 15 08:44:29 2003



##### CONVERGE ##### Thu May 15 08:45:13 2003

Elapsed time: 44 seconds
Total loop: 322 generations

Result : 187.64

13 5 33 47 42 50 1 26 43 28 20 49 39 11 12 27 53 18 23 34 30 8 52 25 16 24 4 37 45 15 36 32 35 10 54 38 19 2 3 46 44 41 22 51 40 31 17 9 29 21 7 48 14 6 

 13 5 33 47 42 50	 => 190
 1 50 42 26 43 28	 => 190
 20 28 43 49 39 11	 => 190
 33 12 27 53 18 47	 => 190
 42 47 18 23 34 26	 => 190
 43 26 34 30 8 49	 => 190
 39 49 8 52 25 16	 => 189
 27 24 4 37 45 53	 => 190
 18 53 45 15 36 23	 => 190
 34 23 36 32 35 30	 => 190
 8 30 35 10 54 52	 => 189
 25 52 54 38 19 2	 => 190
 45 37 3 46 44 15	 => 190
 36 15 44 41 22 32	 => 190
 35 32 22 51 40 10	 => 190
 54 10 40 31 17 38	 => 190
 44 46 9 29 21 41	 => 190
 22 41 21 7 48 51	 => 190
 40 51 48 14 6 31	 => 190


===================[TEST 9]===================

##### START ##### Thu May 15 08:45:13 2003



##### CONVERGE ##### Thu May 15 08:45:54 2003

Elapsed time: 41 seconds
Total loop: 297 generations

Result : 187.268

24 1 34 45 50 36 2 18 48 37 10 53 38 5 19 23 52 17 32 29 27 16 41 31 12 22 7 47 39 9 42 28 33 25 49 46 3 21 6 35 54 44 14 51 40 26 4 15 13 30 8 43 20 11 

 24 1 34 45 50 36	 => 190
 2 36 50 18 48 37	 => 191
 10 37 48 53 38 5	 => 191
 34 19 23 52 17 45	 => 190
 50 45 17 32 29 18	 => 191
 48 18 29 27 16 53	 => 191
 38 53 16 41 31 12	 => 191
 23 22 7 47 39 52	 => 190
 17 52 39 9 42 32	 => 191
 29 32 42 28 33 27	 => 191
 16 27 33 25 49 41	 => 191
 31 41 49 46 3 21	 => 191
 39 47 6 35 54 9	 => 190
 42 9 54 44 14 28	 => 191
 33 28 14 51 40 25	 => 191
 49 25 40 26 4 46	 => 190
 54 35 15 13 30 44	 => 191
 14 44 30 8 43 51	 => 190
 40 51 43 20 11 26	 => 191


===================[TEST 10]===================

##### START ##### Thu May 15 08:45:54 2003



##### CONVERGE ##### Thu May 15 08:46:33 2003

Elapsed time: 39 seconds
Total loop: 280 generations

Result : 188.412

5 3 45 50 43 44 16 21 47 20 12 48 54 9 1 27 49 18 28 30 34 10 39 37 2 7 23 38 46 17 32 41 25 29 53 31 19 11 4 33 52 40 8 51 36 26 15 6 24 35 14 42 13 22 

 5 3 45 50 43 44	 => 190
 16 44 43 21 47 20	 => 191
 12 20 47 48 54 9	 => 190
 45 1 27 49 18 50	 => 190
 43 50 18 28 30 21	 => 190
 47 21 30 34 10 48	 => 190
 54 48 10 39 37 2	 => 190
 27 7 23 38 46 49	 => 190
 18 49 46 17 32 28	 => 190
 30 28 32 41 25 34	 => 190
 10 34 25 29 53 39	 => 190
 37 39 53 31 19 11	 => 190
 46 38 4 33 52 17	 => 190
 32 17 52 40 8 41	 => 190
 25 41 8 51 36 29	 => 190
 53 29 36 26 15 31	 => 190
 52 33 6 24 35 40	 => 190
 8 40 35 14 42 51	 => 190
 36 51 42 13 22 26	 => 190



test#	fitness		sum		time
---------------------------------------------------
1	188.163				52
2	186.85				54
3	187.412				43
4	186.85				47
5	188.412				37
6	187.478				45
7	187.306				50
8	187.64				44
9	187.268				41
10	188.412				39


---------------------------------------------------
Best fitness      : 188.412 ( test# 5)
Shortest time     : 37 ( test# 5)

Average fitness   : 187.579
Average time      : 45.2
