****************** GA TEST *******************

total test#:			 10
hexa min width:			 3
hexa max width:			 5
hexa count:			 19
number count:			 54
population size:		 90
generation size:		 15

tournament winner p:		 1
do xover p:			 1
xover:				 2points
do mutation1 p:			 0.1
mutation1 p:			 0.05
do optimize p:			 1
local optimize count:		 6000
do deep better optimize p:	 1
do deep worse optimize p:	 0
do spin p:			 0
spin count:			 1000
do spin apply p:		 1
do mutation2 p:			 0.12
mutation2 p:			 0.08
force mutation2:		 0
replace bad p:			 0.195

converge rate p:		 0.99
converge count:			 1

**********************************************


===================[TEST 1]===================

##### START ##### Thu May 15 09:44:31 2003



##### CONVERGE ##### Thu May 15 09:44:57 2003

Elapsed time: 26 seconds
Total loop: 149 generations

Result : 187.412

2 43 27 44 38 36 17 4 53 41 11 54 23 7 13 51 34 20 52 31 22 25 40 46 1 8 19 35 42 15 26 30 28 24 50 29 10 14 12 37 48 49 21 39 47 33 6 18 5 32 3 45 9 16 

 2 43 27 44 38 36	 => 190
 17 36 38 4 53 41	 => 189
 11 41 53 54 23 7	 => 189
 27 13 51 34 20 44	 => 189
 38 44 20 52 31 4	 => 189
 53 4 31 22 25 54	 => 189
 23 54 25 40 46 1	 => 189
 51 8 19 35 42 34	 => 189
 20 34 42 15 26 52	 => 189
 31 52 26 30 28 22	 => 189
 25 22 28 24 50 40	 => 189
 46 40 50 29 10 14	 => 189
 42 35 12 37 48 15	 => 189
 26 15 48 49 21 30	 => 189
 28 30 21 39 47 24	 => 189
 50 24 47 33 6 29	 => 189
 48 37 18 5 32 49	 => 189
 21 49 32 3 45 39	 => 189
 47 39 45 9 16 33	 => 189


===================[TEST 2]===================

##### START ##### Thu May 15 09:44:57 2003



##### CONVERGE ##### Thu May 15 09:45:33 2003

Elapsed time: 36 seconds
Total loop: 209 generations

Result : 188.306

11 21 18 53 48 39 3 17 41 42 23 45 33 6 1 52 50 16 24 32 27 28 26 46 12 2 4 35 47 13 40 29 38 22 49 37 7 25 10 31 54 34 20 51 30 43 9 19 15 36 5 44 8 14 

 11 21 18 53 48 39	 => 190
 3 39 48 17 41 42	 => 190
 23 42 41 45 33 6	 => 190
 18 1 52 50 16 53	 => 190
 48 53 16 24 32 17	 => 190
 41 17 32 27 28 45	 => 190
 33 45 28 26 46 12	 => 190
 52 2 4 35 47 50	 => 190
 16 50 47 13 40 24	 => 190
 32 24 40 29 38 27	 => 190
 28 27 38 22 49 26	 => 190
 46 26 49 37 7 25	 => 190
 47 35 10 31 54 13	 => 190
 40 13 54 34 20 29	 => 190
 38 29 20 51 30 22	 => 190
 49 22 30 43 9 37	 => 190
 54 31 19 15 36 34	 => 189
 20 34 36 5 44 51	 => 190
 30 51 44 8 14 43	 => 190


===================[TEST 3]===================

##### START ##### Thu May 15 09:45:33 2003



##### CONVERGE ##### Thu May 15 09:45:59 2003

Elapsed time: 26 seconds
Total loop: 155 generations

Result : 188.412

1 20 34 49 51 35 2 16 50 36 14 42 23 25 11 38 53 5 29 40 18 24 47 48 6 22 4 28 45 19 39 33 31 26 44 30 8 13 3 52 43 46 10 54 37 41 12 7 15 27 21 32 9 17 

 1 20 34 49 51 35	 => 190
 2 35 51 16 50 36	 => 190
 14 36 50 42 23 25	 => 190
 34 11 38 53 5 49	 => 190
 51 49 5 29 40 16	 => 190
 50 16 40 18 24 42	 => 190
 23 42 24 47 48 6	 => 190
 38 22 4 28 45 53	 => 190
 5 53 45 19 39 29	 => 190
 40 29 39 33 31 18	 => 190
 24 18 31 26 44 47	 => 190
 48 47 44 30 8 13	 => 190
 45 28 3 52 43 19	 => 190
 39 19 43 46 10 33	 => 190
 31 33 10 54 37 26	 => 191
 44 26 37 41 12 30	 => 190
 43 52 7 15 27 46	 => 190
 10 46 27 21 32 54	 => 190
 37 54 32 9 17 41	 => 190


===================[TEST 4]===================

##### START ##### Thu May 15 09:45:59 2003



##### CONVERGE ##### Thu May 15 09:46:43 2003

Elapsed time: 44 seconds
Total loop: 256 generations

Result : 187.85

27 11 45 40 29 38 6 28 47 42 13 30 48 10 9 23 53 21 31 41 25 19 51 39 3 15 20 36 43 18 24 35 34 17 44 46 2 8 4 52 37 54 22 32 50 33 1 16 5 26 7 49 12 14 

 27 11 45 40 29 38	 => 190
 6 38 29 28 47 42	 => 190
 13 42 47 30 48 10	 => 190
 45 9 23 53 21 40	 => 191
 29 40 21 31 41 28	 => 190
 47 28 41 25 19 30	 => 190
 48 30 19 51 39 3	 => 190
 23 15 20 36 43 53	 => 190
 21 53 43 18 24 31	 => 190
 41 31 24 35 34 25	 => 190
 19 25 34 17 44 51	 => 190
 39 51 44 46 2 8	 => 190
 43 36 4 52 37 18	 => 190
 24 18 37 54 22 35	 => 190
 34 35 22 32 50 17	 => 190
 44 17 50 33 1 46	 => 191
 37 52 16 5 26 54	 => 190
 22 54 26 7 49 32	 => 190
 50 32 49 12 14 33	 => 190


===================[TEST 5]===================

##### START ##### Thu May 15 09:46:43 2003



##### CONVERGE ##### Thu May 15 09:47:13 2003

Elapsed time: 30 seconds
Total loop: 173 generations

Result : 187.163

11 16 39 53 46 24 9 19 54 38 4 47 37 10 6 35 45 12 32 27 20 23 42 33 8 3 13 51 43 17 41 40 30 26 49 31 21 14 18 36 25 52 15 44 34 48 2 22 5 50 1 28 7 29 

 11 16 39 53 46 24	 => 189
 9 24 46 19 54 38	 => 190
 4 38 54 47 37 10	 => 190
 39 6 35 45 12 53	 => 190
 46 53 12 32 27 19	 => 189
 54 19 27 20 23 47	 => 190
 37 47 23 42 33 8	 => 190
 35 3 13 51 43 45	 => 190
 12 45 43 17 41 32	 => 190
 27 32 41 40 30 20	 => 190
 23 20 30 26 49 42	 => 190
 33 42 49 31 21 14	 => 190
 43 51 18 36 25 17	 => 190
 41 17 25 52 15 40	 => 190
 30 40 15 44 34 26	 => 189
 49 26 34 48 2 31	 => 190
 25 36 22 5 50 52	 => 190
 15 52 50 1 28 44	 => 190
 34 44 28 7 29 48	 => 190


===================[TEST 6]===================

##### START ##### Thu May 15 09:47:13 2003



##### CONVERGE ##### Thu May 15 09:48:08 2003

Elapsed time: 55 seconds
Total loop: 322 generations

Result : 187.163

3 10 43 52 54 28 17 9 48 34 22 53 27 6 2 31 50 12 39 24 42 14 40 51 5 13 7 45 44 16 29 37 18 30 46 41 4 8 1 35 49 38 21 47 36 26 11 15 20 33 19 32 23 25 

 3 10 43 52 54 28	 => 190
 17 28 54 9 48 34	 => 190
 22 34 48 53 27 6	 => 190
 43 2 31 50 12 52	 => 190
 54 52 12 39 24 9	 => 190
 48 9 24 42 14 53	 => 190
 27 53 14 40 51 5	 => 190
 31 13 7 45 44 50	 => 190
 12 50 44 16 29 39	 => 190
 24 39 29 37 18 42	 => 189
 14 42 18 30 46 40	 => 190
 51 40 46 41 4 8	 => 190
 44 45 1 35 49 16	 => 190
 29 16 49 38 21 37	 => 190
 18 37 21 47 36 30	 => 189
 46 30 36 26 11 41	 => 190
 49 35 15 20 33 38	 => 190
 21 38 33 19 32 47	 => 190
 36 47 32 23 25 26	 => 189


===================[TEST 7]===================

##### START ##### Thu May 15 09:48:08 2003



##### CONVERGE ##### Thu May 15 09:48:48 2003

Elapsed time: 40 seconds
Total loop: 230 generations

Result : 187.478

23 15 26 49 40 37 3 20 51 39 13 33 32 22 9 36 54 16 35 30 25 31 50 34 10 21 6 27 46 11 28 48 24 17 43 45 5 14 12 42 52 47 4 53 44 41 1 2 18 29 19 38 8 7 

 23 15 26 49 40 37	 => 190
 3 37 40 20 51 39	 => 190
 13 39 51 33 32 22	 => 190
 26 9 36 54 16 49	 => 190
 40 49 16 35 30 20	 => 190
 51 20 30 25 31 33	 => 190
 32 33 31 50 34 10	 => 190
 36 21 6 27 46 54	 => 190
 16 54 46 11 28 35	 => 190
 30 35 28 48 24 25	 => 190
 31 25 24 17 43 50	 => 190
 34 50 43 45 5 14	 => 191
 46 27 12 42 52 11	 => 190
 28 11 52 47 4 48	 => 190
 24 48 4 53 44 17	 => 190
 43 17 44 41 1 45	 => 191
 52 42 2 18 29 47	 => 190
 4 47 29 19 38 53	 => 190
 44 53 38 8 7 41	 => 191


===================[TEST 8]===================

##### START ##### Thu May 15 09:48:48 2003



##### CONVERGE ##### Thu May 15 09:49:45 2003

Elapsed time: 57 seconds
Total loop: 333 generations

Result : 187.027

20 12 34 47 52 25 17 5 51 41 9 39 37 13 7 35 48 19 29 38 30 27 54 32 2 6 16 36 49 22 23 43 28 11 40 53 3 8 4 33 46 42 14 44 50 26 10 1 24 45 15 31 21 18 

 20 12 34 47 52 25	 => 190
 17 25 52 5 51 41	 => 191
 9 41 51 39 37 13	 => 190
 34 7 35 48 19 47	 => 190
 52 47 19 29 38 5	 => 190
 51 5 38 30 27 39	 => 190
 37 39 27 54 32 2	 => 191
 35 6 16 36 49 48	 => 190
 19 48 49 22 23 29	 => 190
 38 29 23 43 28 30	 => 191
 27 30 28 11 40 54	 => 190
 32 54 40 53 3 8	 => 190
 49 36 4 33 46 22	 => 190
 23 22 46 42 14 43	 => 190
 28 43 14 44 50 11	 => 190
 40 11 50 26 10 53	 => 190
 46 33 1 24 45 42	 => 191
 14 42 45 15 31 44	 => 191
 50 44 31 21 18 26	 => 190


===================[TEST 9]===================

##### START ##### Thu May 15 09:49:45 2003



##### CONVERGE ##### Thu May 15 09:50:48 2003

Elapsed time: 63 seconds
Total loop: 371 generations

Result : 188.412

7 11 35 43 52 42 1 21 38 36 13 49 32 23 18 33 51 10 30 34 29 19 48 37 5 9 17 39 41 27 31 40 26 14 54 46 3 2 12 47 24 53 15 45 50 22 4 6 16 44 8 25 28 20 

 7 11 35 43 52 42	 => 190
 1 42 52 21 38 36	 => 190
 13 36 38 49 32 23	 => 191
 35 18 33 51 10 43	 => 190
 52 43 10 30 34 21	 => 190
 38 21 34 29 19 49	 => 190
 32 49 19 48 37 5	 => 190
 33 9 17 39 41 51	 => 190
 10 51 41 27 31 30	 => 190
 34 30 31 40 26 29	 => 190
 19 29 26 14 54 48	 => 190
 37 48 54 46 3 2	 => 190
 41 39 12 47 24 27	 => 190
 31 27 24 53 15 40	 => 190
 26 40 15 45 50 14	 => 190
 54 14 50 22 4 46	 => 190
 24 47 6 16 44 53	 => 190
 15 53 44 8 25 45	 => 190
 50 45 25 28 20 22	 => 190


===================[TEST 10]===================

##### START ##### Thu May 15 09:50:48 2003



##### CONVERGE ##### Thu May 15 09:51:32 2003

Elapsed time: 44 seconds
Total loop: 253 generations

Result : 187.478

12 1 46 44 50 37 11 15 51 26 3 53 36 21 2 33 43 23 28 31 30 10 39 49 4 19 7 54 34 20 42 24 35 29 47 41 9 5 8 22 52 38 14 48 40 27 6 17 16 45 13 32 18 25 

 12 1 46 44 50 37	 => 190
 11 37 50 15 51 26	 => 190
 3 26 51 53 36 21	 => 190
 46 2 33 43 23 44	 => 191
 50 44 23 28 31 15	 => 191
 51 15 31 30 10 53	 => 190
 36 53 10 39 49 4	 => 191
 33 19 7 54 34 43	 => 190
 23 43 34 20 42 28	 => 190
 31 28 42 24 35 30	 => 190
 10 30 35 29 47 39	 => 190
 49 39 47 41 9 5	 => 190
 34 54 8 22 52 20	 => 190
 42 20 52 38 14 24	 => 190
 35 24 14 48 40 29	 => 190
 47 29 40 27 6 41	 => 190
 52 22 17 16 45 38	 => 190
 14 38 45 13 32 48	 => 190
 40 48 32 18 25 27	 => 190



test#	fitness		sum		time
---------------------------------------------------
1	187.412				26
2	188.306				36
3	188.412				26
4	187.85				44
5	187.163				30
6	187.163				55
7	187.478				40
8	187.027				57
9	188.412				63
10	187.478				44


---------------------------------------------------
Best fitness      : 188.412 ( test# 3)
Shortest time     : 26 ( test# 1)

Average fitness   : 187.67
Average time      : 42.1
