****************** GA TEST *******************

total test#:			 10
hexa min width:			 3
hexa max width:			 5
hexa count:			 19
number count:			 54
population size:		 80
generation size:		 15

tournament winner p:		 1
do xover p:			 1
xover:				 2points
do mutation1 p:			 0.1
mutation1 p:			 0.05
do optimize p:			 1
local optimize count:		 6000
do deep better optimize p:	 1
do deep worse optimize p:	 0
do spin p:			 0
spin count:			 1000
do spin apply p:		 1
do mutation2 p:			 0.12
mutation2 p:			 0.08
force mutation2:		 0
replace bad p:			 0.195

converge rate p:		 0.99
converge count:			 1

**********************************************


===================[TEST 1]===================

##### START ##### Thu May 15 09:40:04 2003



##### CONVERGE ##### Thu May 15 09:40:28 2003

Elapsed time: 24 seconds
Total loop: 143 generations

Result : 187.215

12 14 38 49 43 34 20 15 52 26 13 51 46 2 9 36 47 11 41 32 33 8 53 25 7 18 19 31 39 23 29 27 28 24 44 35 16 17 5 45 48 42 21 50 40 37 10 3 30 22 1 54 6 4 

 12 14 38 49 43 34	 => 190
 20 34 43 15 52 26	 => 190
 13 26 52 51 46 2	 => 190
 38 9 36 47 11 49	 => 190
 43 49 11 41 32 15	 => 191
 52 15 32 33 8 51	 => 191
 46 51 8 53 25 7	 => 190
 36 18 19 31 39 47	 => 190
 11 47 39 23 29 41	 => 190
 32 41 29 27 28 33	 => 190
 8 33 28 24 44 53	 => 190
 25 53 44 35 16 17	 => 190
 39 31 5 45 48 23	 => 191
 29 23 48 42 21 27	 => 190
 28 27 21 50 40 24	 => 190
 44 24 40 37 10 35	 => 190
 48 45 3 30 22 42	 => 190
 21 42 22 1 54 50	 => 190
 40 50 54 6 4 37	 => 191


===================[TEST 2]===================

##### START ##### Thu May 15 09:40:28 2003



##### CONVERGE ##### Thu May 15 09:40:55 2003

Elapsed time: 27 seconds
Total loop: 154 generations

Result : 187.85

3 23 49 44 46 25 8 19 53 39 15 48 30 5 4 31 34 28 27 26 20 24 54 33 1 21 13 51 41 10 50 29 38 18 36 37 16 14 2 40 47 43 11 42 52 35 12 9 6 45 17 32 7 22 

 3 23 49 44 46 25	 => 190
 8 25 46 19 53 39	 => 190
 15 39 53 48 30 5	 => 190
 49 4 31 34 28 44	 => 190
 46 44 28 27 26 19	 => 190
 53 19 26 20 24 48	 => 190
 30 48 24 54 33 1	 => 190
 31 21 13 51 41 34	 => 191
 28 34 41 10 50 27	 => 190
 26 27 50 29 38 20	 => 190
 24 20 38 18 36 54	 => 190
 33 54 36 37 16 14	 => 190
 41 51 2 40 47 10	 => 191
 50 10 47 43 11 29	 => 190
 38 29 11 42 52 18	 => 190
 36 18 52 35 12 37	 => 190
 47 40 9 6 45 43	 => 190
 11 43 45 17 32 42	 => 190
 52 42 32 7 22 35	 => 190


===================[TEST 3]===================

##### START ##### Thu May 15 09:40:55 2003



##### CONVERGE ##### Thu May 15 09:41:19 2003

Elapsed time: 24 seconds
Total loop: 141 generations

Result : 186.616

11 2 47 45 38 46 3 32 37 33 24 53 35 7 4 42 43 8 48 18 26 23 51 21 6 19 15 34 36 25 29 28 40 5 44 54 9 10 1 41 52 39 17 49 50 20 16 14 12 31 22 30 13 27 

 11 2 47 45 38 46	 => 189
 3 46 38 32 37 33	 => 189
 24 33 37 53 35 7	 => 189
 47 4 42 43 8 45	 => 189
 38 45 8 48 18 32	 => 189
 37 32 18 26 23 53	 => 189
 35 53 23 51 21 6	 => 189
 42 19 15 34 36 43	 => 189
 8 43 36 25 29 48	 => 189
 18 48 29 28 40 26	 => 189
 23 26 40 5 44 51	 => 189
 21 51 44 54 9 10	 => 189
 36 34 1 41 52 25	 => 189
 29 25 52 39 17 28	 => 190
 40 28 17 49 50 5	 => 189
 44 5 50 20 16 54	 => 189
 52 41 14 12 31 39	 => 189
 17 39 31 22 30 49	 => 188
 50 49 30 13 27 20	 => 189


===================[TEST 4]===================

##### START ##### Thu May 15 09:41:19 2003



##### CONVERGE ##### Thu May 15 09:41:52 2003

Elapsed time: 33 seconds
Total loop: 196 generations

Result : 188.412

14 12 42 34 51 37 2 21 27 52 16 54 23 18 5 53 50 6 40 38 28 22 49 39 3 8 1 32 46 19 29 31 24 26 41 47 10 4 9 36 48 43 20 44 45 25 7 17 11 35 15 33 30 13 

 14 12 42 34 51 37	 => 190
 2 37 51 21 27 52	 => 190
 16 52 27 54 23 18	 => 190
 42 5 53 50 6 34	 => 190
 51 34 6 40 38 21	 => 190
 27 21 38 28 22 54	 => 190
 23 54 22 49 39 3	 => 190
 53 8 1 32 46 50	 => 190
 6 50 46 19 29 40	 => 190
 38 40 29 31 24 28	 => 190
 22 28 24 26 41 49	 => 190
 39 49 41 47 10 4	 => 190
 46 32 9 36 48 19	 => 190
 29 19 48 43 20 31	 => 190
 24 31 20 44 45 26	 => 190
 41 26 45 25 7 47	 => 191
 48 36 17 11 35 43	 => 190
 20 43 35 15 33 44	 => 190
 45 44 33 30 13 25	 => 190


===================[TEST 5]===================

##### START ##### Thu May 15 09:41:52 2003



##### CONVERGE ##### Thu May 15 09:42:14 2003

Elapsed time: 22 seconds
Total loop: 128 generations

Result : 186.85

5 20 47 42 49 27 6 23 43 41 15 40 38 13 2 54 34 10 33 32 22 29 50 25 7 8 11 30 52 12 48 36 18 26 44 35 31 4 14 53 28 46 19 39 51 24 9 1 16 45 3 37 21 17 

 5 20 47 42 49 27	 => 190
 6 27 49 23 43 41	 => 189
 15 41 43 40 38 13	 => 190
 47 2 54 34 10 42	 => 189
 49 42 10 33 32 23	 => 189
 43 23 32 22 29 40	 => 189
 38 40 29 50 25 7	 => 189
 54 8 11 30 52 34	 => 189
 10 34 52 12 48 33	 => 189
 32 33 48 36 18 22	 => 189
 29 22 18 26 44 50	 => 189
 25 50 44 35 31 4	 => 189
 52 30 14 53 28 12	 => 189
 48 12 28 46 19 36	 => 189
 18 36 19 39 51 26	 => 189
 44 26 51 24 9 35	 => 189
 28 53 1 16 45 46	 => 189
 19 46 45 3 37 39	 => 189
 51 39 37 21 17 24	 => 189


===================[TEST 6]===================

##### START ##### Thu May 15 09:42:14 2003



##### CONVERGE ##### Thu May 15 09:42:36 2003

Elapsed time: 22 seconds
Total loop: 128 generations

Result : 186.616

7 11 42 52 31 46 6 21 44 41 27 38 35 4 3 17 43 32 24 29 47 10 45 53 8 18 26 48 37 14 39 28 22 25 40 23 12 16 5 36 49 50 9 51 54 34 13 20 1 33 15 30 19 2 

 7 11 42 52 31 46	 => 189
 6 46 31 21 44 41	 => 189
 27 41 44 38 35 4	 => 189
 42 3 17 43 32 52	 => 189
 31 52 32 24 29 21	 => 189
 44 21 29 47 10 38	 => 189
 35 38 10 45 53 8	 => 189
 17 18 26 48 37 43	 => 189
 32 43 37 14 39 24	 => 189
 29 24 39 28 22 47	 => 189
 10 47 22 25 40 45	 => 189
 53 45 40 23 12 16	 => 189
 37 48 5 36 49 14	 => 189
 39 14 49 50 9 28	 => 189
 22 28 9 51 54 25	 => 189
 40 25 54 34 13 23	 => 189
 49 36 20 1 33 50	 => 189
 9 50 33 15 30 51	 => 188
 54 51 30 19 2 34	 => 190


===================[TEST 7]===================

##### START ##### Thu May 15 09:42:36 2003



##### CONVERGE ##### Thu May 15 09:43:08 2003

Elapsed time: 32 seconds
Total loop: 186 generations

Result : 187.64

16 10 32 50 34 48 5 20 46 36 6 25 51 26 1 47 38 22 24 40 30 29 42 39 4 7 3 41 54 15 37 28 31 14 44 27 17 21 12 33 35 52 23 45 49 53 2 18 9 43 8 19 11 13 

 16 10 32 50 34 48	 => 190
 5 48 34 20 46 36	 => 189
 6 36 46 25 51 26	 => 190
 32 1 47 38 22 50	 => 190
 34 50 22 24 40 20	 => 190
 46 20 40 30 29 25	 => 190
 51 25 29 42 39 4	 => 190
 47 7 3 41 54 38	 => 190
 22 38 54 15 37 24	 => 190
 40 24 37 28 31 30	 => 190
 29 30 31 14 44 42	 => 190
 39 42 44 27 17 21	 => 190
 54 41 12 33 35 15	 => 190
 37 15 35 52 23 28	 => 190
 31 28 23 45 49 14	 => 190
 44 14 49 53 2 27	 => 189
 35 33 18 9 43 52	 => 190
 23 52 43 8 19 45	 => 190
 49 45 19 11 13 53	 => 190


===================[TEST 8]===================

##### START ##### Thu May 15 09:43:08 2003



##### CONVERGE ##### Thu May 15 09:43:38 2003

Elapsed time: 30 seconds
Total loop: 173 generations

Result : 187.64

13 14 37 47 54 25 6 22 36 46 20 53 33 2 1 32 49 24 15 28 34 17 39 38 10 21 5 48 35 23 44 29 40 9 51 41 8 12 3 50 31 45 18 52 42 43 4 27 11 26 19 30 16 7 

 13 14 37 47 54 25	 => 190
 6 25 54 22 36 46	 => 189
 20 46 36 53 33 2	 => 190
 37 1 32 49 24 47	 => 190
 54 47 24 15 28 22	 => 190
 36 22 28 34 17 53	 => 190
 33 53 17 39 38 10	 => 190
 32 21 5 48 35 49	 => 190
 24 49 35 23 44 15	 => 190
 28 15 44 29 40 34	 => 190
 17 34 40 9 51 39	 => 190
 38 39 51 41 8 12	 => 189
 35 48 3 50 31 23	 => 190
 44 23 31 45 18 29	 => 190
 40 29 18 52 42 9	 => 190
 51 9 42 43 4 41	 => 190
 31 50 27 11 26 45	 => 190
 18 45 26 19 30 52	 => 190
 42 52 30 16 7 43	 => 190


===================[TEST 9]===================

##### START ##### Thu May 15 09:43:38 2003



##### CONVERGE ##### Thu May 15 09:44:01 2003

Elapsed time: 23 seconds
Total loop: 135 generations

Result : 187.053

15 9 47 38 54 27 12 10 46 41 7 53 39 4 2 28 50 25 26 37 23 21 36 40 1 18 5 45 44 13 32 29 42 19 49 35 14 16 8 30 51 48 17 52 31 33 22 34 3 24 6 43 20 11 

 15 9 47 38 54 27	 => 190
 12 27 54 10 46 41	 => 190
 7 41 46 53 39 4	 => 190
 47 2 28 50 25 38	 => 190
 54 38 25 26 37 10	 => 190
 46 10 37 23 21 53	 => 190
 39 53 21 36 40 1	 => 190
 28 18 5 45 44 50	 => 190
 25 50 44 13 32 26	 => 190
 37 26 32 29 42 23	 => 189
 21 23 42 19 49 36	 => 190
 40 36 49 35 14 16	 => 190
 44 45 8 30 51 13	 => 191
 32 13 51 48 17 29	 => 190
 42 29 17 52 31 19	 => 190
 49 19 31 33 22 35	 => 189
 51 30 34 3 24 48	 => 190
 17 48 24 6 43 52	 => 190
 31 52 43 20 11 33	 => 190


===================[TEST 10]===================

##### START ##### Thu May 15 09:44:01 2003



##### CONVERGE ##### Thu May 15 09:44:31 2003

Elapsed time: 30 seconds
Total loop: 174 generations

Result : 187.64

18 12 42 35 49 34 4 22 41 39 17 51 32 10 26 21 53 13 40 31 20 25 50 30 2 6 11 47 52 3 29 45 24 23 48 38 5 19 1 33 54 44 15 46 37 36 8 7 9 43 14 28 16 27 

 18 12 42 35 49 34	 => 190
 4 34 49 22 41 39	 => 189
 17 39 41 51 32 10	 => 190
 42 26 21 53 13 35	 => 190
 49 35 13 40 31 22	 => 190
 41 22 31 20 25 51	 => 190
 32 51 25 50 30 2	 => 190
 21 6 11 47 52 53	 => 190
 13 53 52 3 29 40	 => 190
 31 40 29 45 24 20	 => 189
 25 20 24 23 48 50	 => 190
 30 50 48 38 5 19	 => 190
 52 47 1 33 54 3	 => 190
 29 3 54 44 15 45	 => 190
 24 45 15 46 37 23	 => 190
 48 23 37 36 8 38	 => 190
 54 33 7 9 43 44	 => 190
 15 44 43 14 28 46	 => 190
 37 46 28 16 27 36	 => 190



test#	fitness		sum		time
---------------------------------------------------
1	187.215				24
2	187.85				27
3	186.616				24
4	188.412				33
5	186.85				22
6	186.616				22
7	187.64				32
8	187.64				30
9	187.053				23
10	187.64				30


---------------------------------------------------
Best fitness      : 188.412 ( test# 4)
Shortest time     : 22 ( test# 5)

Average fitness   : 187.353
Average time      : 26.7
