****************** GA TEST *******************

total test#:			 10
hexa min width:			 3
hexa max width:			 5
hexa count:			 19
number count:			 54
population size:		 80
generation size:		 15

tournament winner p:		 1
do xover p:			 1
xover:				 4points
do mutation1 p:			 0.1
mutation1 p:			 0.05
do optimize p:			 1
local optimize count:		 6000
do deep better optimize p:	 1
do deep worse optimize p:	 0
do spin p:			 0
spin count:			 1000
do spin apply p:		 1
do mutation2 p:			 0.12
mutation2 p:			 0.08
force mutation2:		 0
replace bad p:			 0.195

converge rate p:		 0.99
converge count:			 1

**********************************************


===================[TEST 1]===================

##### START ##### Thu May 15 10:06:27 2003



##### CONVERGE ##### Thu May 15 10:07:06 2003

Elapsed time: 39 seconds
Total loop: 225 generations

Result : 186.215

26 5 25 54 48 31 4 21 49 36 10 47 32 15 11 40 42 17 43 7 39 27 51 29 3 9 22 41 35 8 44 33 23 19 30 37 24 18 14 53 38 46 20 45 50 52 1 13 6 34 16 28 12 2 

 26 5 25 54 48 31	 => 189
 4 31 48 21 49 36	 => 189
 10 36 49 47 32 15	 => 189
 25 11 40 42 17 54	 => 189
 48 54 17 43 7 21	 => 190
 49 21 7 39 27 47	 => 190
 32 47 27 51 29 3	 => 189
 40 9 22 41 35 42	 => 189
 17 42 35 8 44 43	 => 189
 7 43 44 33 23 39	 => 189
 27 39 23 19 30 51	 => 189
 29 51 30 37 24 18	 => 189
 35 41 14 53 38 8	 => 189
 44 8 38 46 20 33	 => 189
 23 33 20 45 50 19	 => 190
 30 19 50 52 1 37	 => 189
 38 53 13 6 34 46	 => 190
 20 46 34 16 28 45	 => 189
 50 45 28 12 2 52	 => 189


===================[TEST 2]===================

##### START ##### Thu May 15 10:07:06 2003



##### CONVERGE ##### Thu May 15 10:07:53 2003

Elapsed time: 47 seconds
Total loop: 275 generations

Result : 187.158

7 25 48 47 33 30 15 24 34 54 8 44 37 13 5 29 43 18 32 36 31 22 52 23 12 21 11 40 46 6 45 20 26 17 41 39 19 16 3 53 42 50 27 49 51 38 4 9 2 35 1 28 10 14 

 7 25 48 47 33 30	 => 190
 15 30 33 24 34 54	 => 190
 8 54 34 44 37 13	 => 190
 48 5 29 43 18 47	 => 190
 33 47 18 32 36 24	 => 190
 34 24 36 31 22 44	 => 191
 37 44 22 52 23 12	 => 190
 29 21 11 40 46 43	 => 190
 18 43 46 6 45 32	 => 190
 36 32 45 20 26 31	 => 190
 22 31 26 17 41 52	 => 189
 23 52 41 39 19 16	 => 190
 46 40 3 53 42 6	 => 190
 45 6 42 50 27 20	 => 190
 26 20 27 49 51 17	 => 190
 41 17 51 38 4 39	 => 190
 42 53 9 2 35 50	 => 191
 27 50 35 1 28 49	 => 190
 51 49 28 10 14 38	 => 190


===================[TEST 3]===================

##### START ##### Thu May 15 10:07:53 2003



##### CONVERGE ##### Thu May 15 10:08:27 2003

Elapsed time: 34 seconds
Total loop: 198 generations

Result : 186.628

16 9 30 42 53 40 1 23 45 28 4 51 38 24 3 39 50 26 27 19 46 6 54 33 8 17 14 32 37 15 36 22 41 12 31 49 2 21 10 52 44 48 25 47 43 35 20 5 11 29 7 34 13 18 

 16 9 30 42 53 40	 => 190
 1 40 53 23 45 28	 => 190
 4 28 45 51 38 24	 => 190
 30 3 39 50 26 42	 => 190
 53 42 26 27 19 23	 => 190
 45 23 19 46 6 51	 => 190
 38 51 6 54 33 8	 => 190
 39 17 14 32 37 50	 => 189
 26 50 37 15 36 27	 => 191
 19 27 36 22 41 46	 => 191
 6 46 41 12 31 54	 => 190
 33 54 31 49 2 21	 => 190
 37 32 10 52 44 15	 => 190
 36 15 44 48 25 22	 => 190
 41 22 25 47 43 12	 => 190
 31 12 43 35 20 49	 => 190
 44 52 5 11 29 48	 => 189
 25 48 29 7 34 47	 => 190
 43 47 34 13 18 35	 => 190


===================[TEST 4]===================

##### START ##### Thu May 15 10:08:27 2003



##### CONVERGE ##### Thu May 15 10:09:14 2003

Elapsed time: 47 seconds
Total loop: 273 generations

Result : 188.163

23 12 34 42 47 32 1 22 52 37 4 49 40 9 3 48 43 21 28 31 26 11 51 33 7 20 6 29 45 18 36 39 30 19 54 35 10 8 2 53 44 38 16 46 41 25 17 14 15 27 13 50 24 5 

 23 12 34 42 47 32	 => 190
 1 32 47 22 52 37	 => 191
 4 37 52 49 40 9	 => 191
 34 3 48 43 21 42	 => 191
 47 42 21 28 31 22	 => 191
 52 22 31 26 11 49	 => 191
 40 49 11 51 33 7	 => 191
 48 20 6 29 45 43	 => 191
 21 43 45 18 36 28	 => 191
 31 28 36 39 30 26	 => 190
 11 26 30 19 54 51	 => 191
 33 51 54 35 10 8	 => 191
 45 29 2 53 44 18	 => 191
 36 18 44 38 16 39	 => 191
 30 39 16 46 41 19	 => 191
 54 19 41 25 17 35	 => 191
 44 53 14 15 27 38	 => 191
 16 38 27 13 50 46	 => 190
 41 46 50 24 5 25	 => 191


===================[TEST 5]===================

##### START ##### Thu May 15 10:09:14 2003



##### CONVERGE ##### Thu May 15 10:10:13 2003

Elapsed time: 59 seconds
Total loop: 344 generations

Result : 187.85

11 25 43 34 54 23 3 28 42 40 12 48 35 13 20 32 53 8 30 36 26 10 52 29 16 1 21 38 45 17 37 22 39 19 44 47 15 4 6 33 51 49 14 50 46 27 7 18 9 31 5 41 24 2 

 11 25 43 34 54 23	 => 190
 3 23 54 28 42 40	 => 190
 12 40 42 48 35 13	 => 190
 43 20 32 53 8 34	 => 190
 54 34 8 30 36 28	 => 190
 42 28 36 26 10 48	 => 190
 35 48 10 52 29 16	 => 190
 32 1 21 38 45 53	 => 190
 8 53 45 17 37 30	 => 190
 36 30 37 22 39 26	 => 190
 10 26 39 19 44 52	 => 190
 29 52 44 47 15 4	 => 191
 45 38 6 33 51 17	 => 190
 37 17 51 49 14 22	 => 190
 39 22 14 50 46 19	 => 190
 44 19 46 27 7 47	 => 190
 51 33 18 9 31 49	 => 191
 14 49 31 5 41 50	 => 190
 46 50 41 24 2 27	 => 190


===================[TEST 6]===================

##### START ##### Thu May 15 10:10:13 2003



##### CONVERGE ##### Thu May 15 10:11:16 2003

Elapsed time: 63 seconds
Total loop: 370 generations

Result : 187.478

15 22 24 54 40 35 4 13 47 51 14 43 23 12 5 48 50 9 46 29 32 26 53 39 6 2 18 28 44 10 31 27 25 17 37 45 16 1 20 36 52 41 30 49 42 38 11 21 7 33 3 34 19 8 

 15 22 24 54 40 35	 => 190
 4 35 40 13 47 51	 => 190
 14 51 47 43 23 12	 => 190
 24 5 48 50 9 54	 => 190
 40 54 9 46 29 13	 => 191
 47 13 29 32 26 43	 => 190
 23 43 26 53 39 6	 => 190
 48 2 18 28 44 50	 => 190
 9 50 44 10 31 46	 => 190
 29 46 31 27 25 32	 => 190
 26 32 25 17 37 53	 => 190
 39 53 37 45 16 1	 => 191
 44 28 20 36 52 10	 => 190
 31 10 52 41 30 27	 => 191
 25 27 30 49 42 17	 => 190
 37 17 42 38 11 45	 => 190
 52 36 21 7 33 41	 => 190
 30 41 33 3 34 49	 => 190
 42 49 34 19 8 38	 => 190


===================[TEST 7]===================

##### START ##### Thu May 15 10:11:16 2003



##### CONVERGE ##### Thu May 15 10:12:28 2003

Elapsed time: 72 seconds
Total loop: 419 generations

Result : 187.794

8 11 39 48 50 35 6 16 54 29 9 42 40 17 4 27 49 24 25 28 31 20 52 34 2 23 5 46 41 7 45 26 36 22 30 44 10 21 18 32 47 53 13 51 43 37 14 19 1 38 3 33 15 12 

 8 11 39 48 50 35	 => 191
 6 35 50 16 54 29	 => 190
 9 29 54 42 40 17	 => 191
 39 4 27 49 24 48	 => 191
 50 48 24 25 28 16	 => 191
 54 16 28 31 20 42	 => 191
 40 42 20 52 34 2	 => 190
 27 23 5 46 41 49	 => 191
 24 49 41 7 45 25	 => 191
 28 25 45 26 36 31	 => 191
 20 31 36 22 30 52	 => 191
 34 52 30 44 10 21	 => 191
 41 46 18 32 47 7	 => 191
 45 7 47 53 13 26	 => 191
 36 26 13 51 43 22	 => 191
 30 22 43 37 14 44	 => 190
 47 32 19 1 38 53	 => 190
 13 53 38 3 33 51	 => 191
 43 51 33 15 12 37	 => 191


===================[TEST 8]===================

##### START ##### Thu May 15 10:12:28 2003



##### CONVERGE ##### Thu May 15 10:13:07 2003

Elapsed time: 39 seconds
Total loop: 227 generations

Result : 187.412

8 20 30 53 28 50 1 16 51 43 9 29 52 6 5 40 36 25 33 34 32 27 48 19 14 11 17 38 47 22 26 46 18 15 49 54 12 7 2 41 39 35 21 44 45 23 3 13 24 37 10 42 4 31 

 8 20 30 53 28 50	 => 189
 1 50 28 16 51 43	 => 189
 9 43 51 29 52 6	 => 190
 30 5 40 36 25 53	 => 189
 28 53 25 33 34 16	 => 189
 51 16 34 32 27 29	 => 189
 52 29 27 48 19 14	 => 189
 40 11 17 38 47 36	 => 189
 25 36 47 22 26 33	 => 189
 34 33 26 46 18 32	 => 189
 27 32 18 15 49 48	 => 189
 19 48 49 54 12 7	 => 189
 47 38 2 41 39 22	 => 189
 26 22 39 35 21 46	 => 189
 18 46 21 44 45 15	 => 189
 49 15 45 23 3 54	 => 189
 39 41 13 24 37 35	 => 189
 21 35 37 10 42 44	 => 189
 45 44 42 4 31 23	 => 189


===================[TEST 9]===================

##### START ##### Thu May 15 10:13:07 2003



##### CONVERGE ##### Thu May 15 10:13:46 2003

Elapsed time: 39 seconds
Total loop: 227 generations

Result : 187.478

23 8 31 53 28 48 1 21 52 40 18 33 45 3 7 24 49 26 19 43 29 12 51 39 10 15 11 41 50 9 37 27 35 22 42 32 6 20 13 30 47 54 16 44 46 34 14 4 17 38 2 36 25 5 

 23 8 31 53 28 48	 => 191
 1 48 28 21 52 40	 => 190
 18 40 52 33 45 3	 => 191
 31 7 24 49 26 53	 => 190
 28 53 26 19 43 21	 => 190
 52 21 43 29 12 33	 => 190
 45 33 12 51 39 10	 => 190
 24 15 11 41 50 49	 => 190
 26 49 50 9 37 19	 => 190
 43 19 37 27 35 29	 => 190
 12 29 35 22 42 51	 => 191
 39 51 42 32 6 20	 => 190
 50 41 13 30 47 9	 => 190
 37 9 47 54 16 27	 => 190
 35 27 16 44 46 22	 => 190
 42 22 46 34 14 32	 => 190
 47 30 4 17 38 54	 => 190
 16 54 38 2 36 44	 => 190
 46 44 36 25 5 34	 => 190


===================[TEST 10]===================

##### START ##### Thu May 15 10:13:46 2003



##### CONVERGE ##### Thu May 15 10:14:42 2003

Elapsed time: 56 seconds
Total loop: 329 generations

Result : 188.306

12 17 43 51 41 25 6 24 52 42 5 47 34 10 1 26 50 19 35 20 39 8 54 44 3 15 16 45 38 21 27 32 37 23 29 46 13 4 2 36 48 53 9 49 40 30 22 11 14 28 18 33 31 7 

 12 17 43 51 41 25	 => 189
 6 25 41 24 52 42	 => 190
 5 42 52 47 34 10	 => 190
 43 1 26 50 19 51	 => 190
 41 51 19 35 20 24	 => 190
 52 24 20 39 8 47	 => 190
 34 47 8 54 44 3	 => 190
 26 15 16 45 38 50	 => 190
 19 50 38 21 27 35	 => 190
 20 35 27 32 37 39	 => 190
 8 39 37 23 29 54	 => 190
 44 54 29 46 13 4	 => 190
 38 45 2 36 48 21	 => 190
 27 21 48 53 9 32	 => 190
 37 32 9 49 40 23	 => 190
 29 23 40 30 22 46	 => 190
 48 36 11 14 28 53	 => 190
 9 53 28 18 33 49	 => 190
 40 49 33 31 7 30	 => 190



test#	fitness		sum		time
---------------------------------------------------
1	186.215				39
2	187.158				47
3	186.628				34
4	188.163				47
5	187.85				59
6	187.478				63
7	187.794				72
8	187.412				39
9	187.478				39
10	188.306				56


---------------------------------------------------
Best fitness      : 188.306 ( test# 10)
Shortest time     : 34 ( test# 3)

Average fitness   : 187.448
Average time      : 49.5
