****************** GA TEST *******************

total test#:			 10
hexa min width:			 3
hexa max width:			 5
hexa count:			 19
number count:			 54
population size:		 100
generation size:		 15

tournament winner p:		 1
do xover p:			 1
xover:				 2points
do mutation1 p:			 0.1
mutation1 p:			 0.05
do optimize p:			 1
local optimize count:		 6000
do deep better optimize p:	 1
do deep worse optimize p:	 0
do spin p:			 0
spin count:			 1000
do spin apply p:		 1
do mutation2 p:			 0.12
mutation2 p:			 0.08
force mutation2:		 0
replace bad p:			 0.195

converge rate p:		 0.99
converge count:			 1

**********************************************


===================[TEST 1]===================

##### START ##### Thu May 15 09:51:32 2003



##### CONVERGE ##### Thu May 15 09:52:25 2003

Elapsed time: 53 seconds
Total loop: 311 generations

Result : 187.85

11 13 39 50 34 43 12 15 44 42 3 51 40 10 9 31 53 8 47 36 21 23 49 26 1 18 28 27 33 25 24 30 32 20 45 46 7 17 16 52 38 54 19 41 48 29 2 5 6 35 4 37 14 22 

 11 13 39 50 34 43	 => 190
 12 43 34 15 44 42	 => 190
 3 42 44 51 40 10	 => 190
 39 9 31 53 8 50	 => 190
 34 50 8 47 36 15	 => 190
 44 15 36 21 23 51	 => 190
 40 51 23 49 26 1	 => 190
 31 18 28 27 33 53	 => 190
 8 53 33 25 24 47	 => 190
 36 47 24 30 32 21	 => 190
 23 21 32 20 45 49	 => 190
 26 49 45 46 7 17	 => 190
 33 27 16 52 38 25	 => 191
 24 25 38 54 19 30	 => 190
 32 30 19 41 48 20	 => 190
 45 20 48 29 2 46	 => 190
 38 52 5 6 35 54	 => 190
 19 54 35 4 37 41	 => 190
 48 41 37 14 22 29	 => 191


===================[TEST 2]===================

##### START ##### Thu May 15 09:52:25 2003



##### CONVERGE ##### Thu May 15 09:53:15 2003

Elapsed time: 50 seconds
Total loop: 290 generations

Result : 188.306

22 9 39 45 48 27 20 26 37 32 14 53 35 19 7 34 41 24 30 17 51 6 44 42 10 12 16 50 36 21 38 23 31 18 40 52 1 11 4 33 46 47 15 54 49 28 3 13 8 43 2 29 5 25 

 22 9 39 45 48 27	 => 190
 20 27 48 26 37 32	 => 190
 14 32 37 53 35 19	 => 190
 39 7 34 41 24 45	 => 190
 48 45 24 30 17 26	 => 190
 37 26 17 51 6 53	 => 190
 35 53 6 44 42 10	 => 190
 34 12 16 50 36 41	 => 189
 24 41 36 21 38 30	 => 190
 17 30 38 23 31 51	 => 190
 6 51 31 18 40 44	 => 190
 42 44 40 52 1 11	 => 190
 36 50 4 33 46 21	 => 190
 38 21 46 47 15 23	 => 190
 31 23 15 54 49 18	 => 190
 40 18 49 28 3 52	 => 190
 46 33 13 8 43 47	 => 190
 15 47 43 2 29 54	 => 190
 49 54 29 5 25 28	 => 190


===================[TEST 3]===================

##### START ##### Thu May 15 09:53:15 2003



##### CONVERGE ##### Thu May 15 09:54:05 2003

Elapsed time: 50 seconds
Total loop: 292 generations

Result : 187.85

9 19 54 26 53 29 3 22 50 33 15 51 31 10 23 28 46 13 41 35 20 12 49 42 5 11 25 36 45 21 24 40 30 27 52 34 6 7 2 38 48 43 14 47 32 37 8 1 16 44 4 39 17 18 

 9 19 54 26 53 29	 => 190
 3 29 53 22 50 33	 => 190
 15 33 50 51 31 10	 => 190
 54 23 28 46 13 26	 => 190
 53 26 13 41 35 22	 => 190
 50 22 35 20 12 51	 => 190
 31 51 12 49 42 5	 => 190
 28 11 25 36 45 46	 => 191
 13 46 45 21 24 41	 => 190
 35 41 24 40 30 20	 => 190
 12 20 30 27 52 49	 => 190
 42 49 52 34 6 7	 => 190
 45 36 2 38 48 21	 => 190
 24 21 48 43 14 40	 => 190
 30 40 14 47 32 27	 => 190
 52 27 32 37 8 34	 => 190
 48 38 1 16 44 43	 => 190
 14 43 44 4 39 47	 => 191
 32 47 39 17 18 37	 => 190


===================[TEST 4]===================

##### START ##### Thu May 15 09:54:05 2003



##### CONVERGE ##### Thu May 15 09:54:46 2003

Elapsed time: 41 seconds
Total loop: 240 generations

Result : 187.412

11 17 41 39 30 51 1 29 47 31 16 32 45 18 7 34 48 20 21 50 22 9 54 46 3 4 10 49 44 19 37 26 33 35 36 38 2 13 8 28 42 53 12 40 43 23 14 24 15 27 5 52 25 6 

 11 17 41 39 30 51	 => 189
 1 51 30 29 47 31	 => 189
 16 31 47 32 45 18	 => 189
 41 7 34 48 20 39	 => 189
 30 39 20 21 50 29	 => 189
 47 29 50 22 9 32	 => 189
 45 32 9 54 46 3	 => 189
 34 4 10 49 44 48	 => 189
 20 48 44 19 37 21	 => 189
 50 21 37 26 33 22	 => 189
 9 22 33 35 36 54	 => 189
 46 54 36 38 2 13	 => 189
 44 49 8 28 42 19	 => 190
 37 19 42 53 12 26	 => 189
 33 26 12 40 43 35	 => 189
 36 35 43 23 14 38	 => 189
 42 28 24 15 27 53	 => 189
 12 53 27 5 52 40	 => 189
 43 40 52 25 6 23	 => 189


===================[TEST 5]===================

##### START ##### Thu May 15 09:54:46 2003



##### CONVERGE ##### Thu May 15 09:55:14 2003

Elapsed time: 28 seconds
Total loop: 163 generations

Result : 187.215

6 12 40 51 46 35 14 19 48 28 4 52 50 8 3 43 37 17 34 23 38 10 39 32 7 9 20 45 36 22 44 25 26 30 47 27 24 21 1 33 54 29 16 41 53 31 2 18 15 42 13 49 5 11 

 6 12 40 51 46 35	 => 190
 14 35 46 19 48 28	 => 190
 4 28 48 52 50 8	 => 190
 40 3 43 37 17 51	 => 191
 46 51 17 34 23 19	 => 190
 48 19 23 38 10 52	 => 190
 50 52 10 39 32 7	 => 190
 43 9 20 45 36 37	 => 190
 17 37 36 22 44 34	 => 190
 23 34 44 25 26 38	 => 190
 10 38 26 30 47 39	 => 190
 32 39 47 27 24 21	 => 190
 36 45 1 33 54 22	 => 191
 44 22 54 29 16 25	 => 190
 26 25 16 41 53 30	 => 191
 47 30 53 31 2 27	 => 190
 54 33 18 15 42 29	 => 191
 16 29 42 13 49 41	 => 190
 53 41 49 5 11 31	 => 190


===================[TEST 6]===================

##### START ##### Thu May 15 09:55:14 2003



##### CONVERGE ##### Thu May 15 09:55:47 2003

Elapsed time: 33 seconds
Total loop: 188 generations

Result : 187.85

9 1 53 40 54 33 5 20 50 28 19 34 51 8 3 35 36 23 29 24 32 30 44 27 4 14 11 45 49 12 41 39 25 17 43 48 7 21 6 31 47 37 15 52 42 38 2 13 16 46 18 22 26 10 

 9 1 53 40 54 33	 => 190
 5 33 54 20 50 28	 => 190
 19 28 50 34 51 8	 => 190
 53 3 35 36 23 40	 => 190
 54 40 23 29 24 20	 => 190
 50 20 24 32 30 34	 => 190
 51 34 30 44 27 4	 => 190
 35 14 11 45 49 36	 => 190
 23 36 49 12 41 29	 => 190
 24 29 41 39 25 32	 => 190
 30 32 25 17 43 44	 => 191
 27 44 43 48 7 21	 => 190
 49 45 6 31 47 12	 => 190
 41 12 47 37 15 39	 => 191
 25 39 15 52 42 17	 => 190
 43 17 42 38 2 48	 => 190
 47 31 13 16 46 37	 => 190
 15 37 46 18 22 52	 => 190
 42 52 22 26 10 38	 => 190


===================[TEST 7]===================

##### START ##### Thu May 15 09:55:47 2003



##### CONVERGE ##### Thu May 15 09:56:32 2003

Elapsed time: 45 seconds
Total loop: 266 generations

Result : 187.85

6 11 36 47 48 42 9 12 52 27 18 44 49 1 8 45 32 22 41 21 46 15 39 38 5 3 23 33 54 17 24 30 28 25 37 43 29 4 2 34 50 53 16 51 40 35 10 7 20 26 13 31 19 14 

 6 11 36 47 48 42	 => 190
 9 42 48 12 52 27	 => 190
 18 27 52 44 49 1	 => 191
 36 8 45 32 22 47	 => 190
 48 47 22 41 21 12	 => 191
 52 12 21 46 15 44	 => 190
 49 44 15 39 38 5	 => 190
 45 3 23 33 54 32	 => 190
 22 32 54 17 24 41	 => 190
 21 41 24 30 28 46	 => 190
 15 46 28 25 37 39	 => 190
 38 39 37 43 29 4	 => 190
 54 33 2 34 50 17	 => 190
 24 17 50 53 16 30	 => 190
 28 30 16 51 40 25	 => 190
 37 25 40 35 10 43	 => 190
 50 34 7 20 26 53	 => 190
 16 53 26 13 31 51	 => 190
 40 51 31 19 14 35	 => 190


===================[TEST 8]===================

##### START ##### Thu May 15 09:56:32 2003



##### CONVERGE ##### Thu May 15 09:57:06 2003

Elapsed time: 34 seconds
Total loop: 196 generations

Result : 185.85

7 3 45 47 38 48 10 29 37 26 15 50 49 11 6 33 53 4 30 40 14 18 42 16 13 22 9 32 39 27 35 25 44 20 51 54 8 17 1 43 46 31 24 52 23 36 5 21 19 28 12 41 34 2 

 7 3 45 47 38 48	 => 188
 10 48 38 29 37 26	 => 188
 15 26 37 50 49 11	 => 188
 45 6 33 53 4 47	 => 188
 38 47 4 30 40 29	 => 188
 37 29 40 14 18 50	 => 188
 49 50 18 42 16 13	 => 188
 33 22 9 32 39 53	 => 188
 4 53 39 27 35 30	 => 188
 40 30 35 25 44 14	 => 188
 18 14 44 20 51 42	 => 189
 16 42 51 54 8 17	 => 188
 39 32 1 43 46 27	 => 188
 35 27 46 31 24 25	 => 188
 44 25 24 52 23 20	 => 188
 51 20 23 36 5 54	 => 189
 46 43 21 19 28 31	 => 188
 24 31 28 12 41 52	 => 188
 23 52 41 34 2 36	 => 188


===================[TEST 9]===================

##### START ##### Thu May 15 09:57:06 2003



##### CONVERGE ##### Thu May 15 09:57:46 2003

Elapsed time: 40 seconds
Total loop: 231 generations

Result : 187.306

9 4 44 45 51 36 18 19 35 30 7 54 37 26 2 27 47 24 17 33 43 5 48 39 6 25 16 22 52 8 41 23 32 11 50 38 1 13 12 46 49 40 28 53 42 34 14 20 3 31 15 21 29 10 

 9 4 44 45 51 36	 => 189
 18 36 51 19 35 30	 => 189
 7 30 35 54 37 26	 => 189
 44 2 27 47 24 45	 => 189
 51 45 24 17 33 19	 => 189
 35 19 33 43 5 54	 => 189
 37 54 5 48 39 6	 => 189
 27 25 16 22 52 47	 => 189
 24 47 52 8 41 17	 => 189
 33 17 41 23 32 43	 => 189
 5 43 32 11 50 48	 => 189
 39 48 50 38 1 13	 => 189
 52 22 12 46 49 8	 => 189
 41 8 49 40 28 23	 => 189
 32 23 28 53 42 11	 => 189
 50 11 42 34 14 38	 => 189
 49 46 20 3 31 40	 => 189
 28 40 31 15 21 53	 => 188
 42 53 21 29 10 34	 => 189


===================[TEST 10]===================

##### START ##### Thu May 15 09:57:46 2003



##### CONVERGE ##### Thu May 15 09:58:34 2003

Elapsed time: 48 seconds
Total loop: 279 generations

Result : 187.64

8 11 45 39 43 44 7 6 54 35 2 53 24 22 4 48 30 23 51 28 20 29 34 40 10 16 13 41 42 18 26 32 33 27 47 38 14 17 3 36 50 49 15 37 46 31 1 21 9 25 12 52 5 19 

 8 11 45 39 43 44	 => 190
 7 44 43 6 54 35	 => 189
 2 35 54 53 24 22	 => 190
 45 4 48 30 23 39	 => 189
 43 39 23 51 28 6	 => 190
 54 6 28 20 29 53	 => 190
 24 53 29 34 40 10	 => 190
 48 16 13 41 42 30	 => 190
 23 30 42 18 26 51	 => 190
 28 51 26 32 33 20	 => 190
 29 20 33 27 47 34	 => 190
 40 34 47 38 14 17	 => 190
 42 41 3 36 50 18	 => 190
 26 18 50 49 15 32	 => 190
 33 32 15 37 46 27	 => 190
 47 27 46 31 1 38	 => 190
 50 36 21 9 25 49	 => 190
 15 49 25 12 52 37	 => 190
 46 37 52 5 19 31	 => 190



test#	fitness		sum		time
---------------------------------------------------
1	187.85				53
2	188.306				50
3	187.85				50
4	187.412				41
5	187.215				28
6	187.85				33
7	187.85				45
8	185.85				34
9	187.306				40
10	187.64				48


---------------------------------------------------
Best fitness      : 188.306 ( test# 2)
Shortest time     : 28 ( test# 5)

Average fitness   : 187.513
Average time      : 42.2
