****************** GA TEST *******************

total test#:			 10
hexa min width:			 3
hexa max width:			 5
hexa count:			 19
number count:			 54
population size:		 90
generation size:		 15

tournament winner p:		 1
do xover p:			 1
xover:				 1points
do mutation1 p:			 0.1
mutation1 p:			 0.05
do optimize p:			 1
local optimize count:		 6000
do deep better optimize p:	 1
do deep worse optimize p:	 0
do spin p:			 0
spin count:			 1000
do spin apply p:		 1
do mutation2 p:			 0.12
mutation2 p:			 0.08
force mutation2:		 0
replace bad p:			 0.195

converge rate p:		 0.99
converge count:			 1

**********************************************


===================[TEST 1]===================

##### START ##### Thu May 15 09:24:38 2003



##### CONVERGE ##### Thu May 15 09:25:05 2003

Elapsed time: 27 seconds
Total loop: 154 generations

Result : 187.412

4 24 32 33 52 44 14 18 35 26 20 47 49 12 17 30 46 31 10 45 28 16 39 27 11 13 3 43 54 7 41 29 36 19 51 48 15 9 5 42 38 53 21 50 34 37 1 8 25 23 2 40 6 22 

 4 24 32 33 52 44	 => 189
 14 44 52 18 35 26	 => 189
 20 26 35 47 49 12	 => 189
 32 17 30 46 31 33	 => 189
 52 33 31 10 45 18	 => 189
 35 18 45 28 16 47	 => 189
 49 47 16 39 27 11	 => 189
 30 13 3 43 54 46	 => 189
 31 46 54 7 41 10	 => 189
 45 10 41 29 36 28	 => 189
 16 28 36 19 51 39	 => 189
 27 39 51 48 15 9	 => 189
 54 43 5 42 38 7	 => 189
 41 7 38 53 21 29	 => 189
 36 29 21 50 34 19	 => 189
 51 19 34 37 1 48	 => 190
 38 42 8 25 23 53	 => 189
 21 53 23 2 40 50	 => 189
 34 50 40 6 22 37	 => 189


===================[TEST 2]===================

##### START ##### Thu May 15 09:25:05 2003



##### CONVERGE ##### Thu May 15 09:25:47 2003

Elapsed time: 42 seconds
Total loop: 248 generations

Result : 186.616

3 11 47 35 52 41 2 1 50 43 8 39 40 9 7 32 53 15 38 48 28 23 44 37 6 30 18 36 21 29 33 16 26 25 42 34 13 19 12 46 45 49 17 54 51 27 10 5 20 24 14 31 4 22 

 3 11 47 35 52 41	 => 189
 2 41 52 1 50 43	 => 189
 8 43 50 39 40 9	 => 189
 47 7 32 53 15 35	 => 189
 52 35 15 38 48 1	 => 189
 50 1 48 28 23 39	 => 189
 40 39 23 44 37 6	 => 189
 32 30 18 36 21 53	 => 190
 15 53 21 29 33 38	 => 189
 48 38 33 16 26 28	 => 189
 23 28 26 25 42 44	 => 188
 37 44 42 34 13 19	 => 189
 21 36 12 46 45 29	 => 189
 33 29 45 49 17 16	 => 189
 26 16 17 54 51 25	 => 189
 42 25 51 27 10 34	 => 189
 45 46 5 20 24 49	 => 189
 17 49 24 14 31 54	 => 189
 51 54 31 4 22 27	 => 189


===================[TEST 3]===================

##### START ##### Thu May 15 09:25:47 2003



##### CONVERGE ##### Thu May 15 09:26:10 2003

Elapsed time: 23 seconds
Total loop: 130 generations

Result : 186.85

20 5 50 35 49 30 6 11 48 45 15 39 32 10 16 26 44 18 43 33 31 27 36 53 2 1 25 47 46 4 34 29 19 22 54 14 23 9 17 24 52 42 28 41 51 40 8 21 13 37 3 38 7 12 

 20 5 50 35 49 30	 => 189
 6 30 49 11 48 45	 => 189
 15 45 48 39 32 10	 => 189
 50 16 26 44 18 35	 => 189
 49 35 18 43 33 11	 => 189
 48 11 33 31 27 39	 => 189
 32 39 27 36 53 2	 => 189
 26 1 25 47 46 44	 => 189
 18 44 46 4 34 43	 => 189
 33 43 34 29 19 31	 => 189
 27 31 19 22 54 36	 => 189
 53 36 54 14 23 9	 => 189
 46 47 17 24 52 4	 => 190
 34 4 52 42 28 29	 => 189
 19 29 28 41 51 22	 => 190
 54 22 51 40 8 14	 => 189
 52 24 21 13 37 42	 => 189
 28 42 37 3 38 41	 => 189
 51 41 38 7 12 40	 => 189


===================[TEST 4]===================

##### START ##### Thu May 15 09:26:10 2003



##### CONVERGE ##### Thu May 15 09:26:30 2003

Elapsed time: 20 seconds
Total loop: 117 generations

Result : 186.163

24 5 44 35 43 38 7 13 51 36 6 47 22 27 17 45 40 8 53 37 21 20 41 48 10 11 12 50 31 32 25 23 29 26 52 33 14 1 3 19 54 39 16 49 46 30 2 28 15 34 9 42 4 18 

 24 5 44 35 43 38	 => 189
 7 38 43 13 51 36	 => 188
 6 36 51 47 22 27	 => 189
 44 17 45 40 8 35	 => 189
 43 35 8 53 37 13	 => 189
 51 13 37 21 20 47	 => 189
 22 47 20 41 48 10	 => 188
 45 11 12 50 31 40	 => 189
 8 40 31 32 25 53	 => 189
 37 53 25 23 29 21	 => 188
 20 21 29 26 52 41	 => 189
 48 41 52 33 14 1	 => 189
 31 50 3 19 54 32	 => 189
 25 32 54 39 16 23	 => 189
 29 23 16 49 46 26	 => 189
 52 26 46 30 2 33	 => 189
 54 19 28 15 34 39	 => 189
 16 39 34 9 42 49	 => 189
 46 49 42 4 18 30	 => 189


===================[TEST 5]===================

##### START ##### Thu May 15 09:26:30 2003



##### CONVERGE ##### Thu May 15 09:27:05 2003

Elapsed time: 35 seconds
Total loop: 204 generations

Result : 188.306

7 19 41 46 54 23 18 6 51 38 2 48 39 12 3 27 52 21 30 33 35 17 37 34 15 14 8 42 47 16 24 25 43 13 45 50 4 20 1 44 40 53 31 29 49 28 5 10 11 32 9 36 26 22 

 7 19 41 46 54 23	 => 190
 18 23 54 6 51 38	 => 190
 2 38 51 48 39 12	 => 190
 41 3 27 52 21 46	 => 190
 54 46 21 30 33 6	 => 190
 51 6 33 35 17 48	 => 190
 39 48 17 37 34 15	 => 190
 27 14 8 42 47 52	 => 190
 21 52 47 16 24 30	 => 190
 33 30 24 25 43 35	 => 190
 17 35 43 13 45 37	 => 190
 34 37 45 50 4 20	 => 190
 47 42 1 44 40 16	 => 190
 24 16 40 53 31 25	 => 189
 43 25 31 29 49 13	 => 190
 45 13 49 28 5 50	 => 190
 40 44 10 11 32 53	 => 190
 31 53 32 9 36 29	 => 190
 49 29 36 26 22 28	 => 190


===================[TEST 6]===================

##### START ##### Thu May 15 09:27:05 2003



##### CONVERGE ##### Thu May 15 09:27:41 2003

Elapsed time: 36 seconds
Total loop: 211 generations

Result : 186.613

25 4 40 43 42 35 3 23 53 34 9 48 29 17 7 31 49 20 30 32 12 22 45 41 5 13 14 44 39 15 36 28 51 10 50 46 2 6 1 37 54 47 11 52 38 27 19 18 8 26 21 33 16 24 

 25 4 40 43 42 35	 => 189
 3 35 42 23 53 34	 => 190
 9 34 53 48 29 17	 => 190
 40 7 31 49 20 43	 => 190
 42 43 20 30 32 23	 => 190
 53 23 32 12 22 48	 => 190
 29 48 22 45 41 5	 => 190
 31 13 14 44 39 49	 => 190
 20 49 39 15 36 30	 => 189
 32 30 36 28 51 12	 => 189
 22 12 51 10 50 45	 => 190
 41 45 50 46 2 6	 => 190
 39 44 1 37 54 15	 => 190
 36 15 54 47 11 28	 => 191
 51 28 11 52 38 10	 => 190
 50 10 38 27 19 46	 => 190
 54 37 18 8 26 47	 => 190
 11 47 26 21 33 52	 => 190
 38 52 33 16 24 27	 => 190


===================[TEST 7]===================

##### START ##### Thu May 15 09:27:41 2003



##### CONVERGE ##### Thu May 15 09:28:15 2003

Elapsed time: 34 seconds
Total loop: 200 generations

Result : 188.163

9 10 38 46 48 40 6 22 50 25 13 44 37 21 2 36 53 16 30 29 32 14 54 34 8 15 3 49 35 12 45 28 26 23 42 31 24 5 7 41 47 39 20 43 51 27 17 11 1 52 4 33 18 19 

 9 10 38 46 48 40	 => 191
 6 40 48 22 50 25	 => 191
 13 25 50 44 37 21	 => 190
 38 2 36 53 16 46	 => 191
 48 46 16 30 29 22	 => 191
 50 22 29 32 14 44	 => 191
 37 44 14 54 34 8	 => 191
 36 15 3 49 35 53	 => 191
 16 53 35 12 45 30	 => 191
 29 30 45 28 26 32	 => 190
 14 32 26 23 42 54	 => 191
 34 54 42 31 24 5	 => 190
 35 49 7 41 47 12	 => 191
 45 12 47 39 20 28	 => 191
 26 28 20 43 51 23	 => 191
 42 23 51 27 17 31	 => 191
 47 41 11 1 52 39	 => 191
 20 39 52 4 33 43	 => 191
 51 43 33 18 19 27	 => 191


===================[TEST 8]===================

##### START ##### Thu May 15 09:28:15 2003



##### CONVERGE ##### Thu May 15 09:28:42 2003

Elapsed time: 27 seconds
Total loop: 152 generations

Result : 187.053

14 7 40 37 53 39 3 20 43 32 11 47 42 15 5 41 44 23 33 24 30 26 22 51 2 10 9 50 36 19 34 25 45 18 49 46 21 1 6 31 48 52 12 54 35 38 4 17 13 29 16 27 28 8 

 14 7 40 37 53 39	 => 190
 3 39 53 20 43 32	 => 190
 11 32 43 47 42 15	 => 190
 40 5 41 44 23 37	 => 190
 53 37 23 33 24 20	 => 190
 43 20 24 30 26 47	 => 190
 42 47 26 22 51 2	 => 190
 41 10 9 50 36 44	 => 190
 23 44 36 19 34 33	 => 189
 24 33 34 25 45 30	 => 191
 26 30 45 18 49 22	 => 190
 51 22 49 46 21 1	 => 190
 36 50 6 31 48 19	 => 190
 34 19 48 52 12 25	 => 190
 45 25 12 54 35 18	 => 189
 49 18 35 38 4 46	 => 190
 48 31 17 13 29 52	 => 190
 12 52 29 16 27 54	 => 190
 35 54 27 28 8 38	 => 190


===================[TEST 9]===================

##### START ##### Thu May 15 09:28:42 2003



##### CONVERGE ##### Thu May 15 09:29:12 2003

Elapsed time: 30 seconds
Total loop: 178 generations

Result : 186.478

23 4 49 40 36 37 17 29 24 46 22 51 32 15 1 44 50 5 38 42 31 12 54 30 10 6 3 33 53 18 25 19 35 14 43 39 7 16 13 20 52 47 28 45 48 34 11 8 21 41 2 26 27 9 

 23 4 49 40 36 37	 => 189
 17 37 36 29 24 46	 => 189
 22 46 24 51 32 15	 => 190
 49 1 44 50 5 40	 => 189
 36 40 5 38 42 29	 => 190
 24 29 42 31 12 51	 => 189
 32 51 12 54 30 10	 => 189
 44 6 3 33 53 50	 => 189
 5 50 53 18 25 38	 => 189
 42 38 25 19 35 31	 => 190
 12 31 35 14 43 54	 => 189
 30 54 43 39 7 16	 => 189
 53 33 13 20 52 18	 => 189
 25 18 52 47 28 19	 => 189
 35 19 28 45 48 14	 => 189
 43 14 48 34 11 39	 => 189
 52 20 8 21 41 47	 => 189
 28 47 41 2 26 45	 => 189
 48 45 26 27 9 34	 => 189


===================[TEST 10]===================

##### START ##### Thu May 15 09:29:12 2003



##### CONVERGE ##### Thu May 15 09:29:37 2003

Elapsed time: 25 seconds
Total loop: 145 generations

Result : 186.163

16 4 29 48 52 40 3 10 54 30 17 41 39 8 2 46 50 13 32 34 43 7 31 51 20 6 18 35 33 42 19 23 38 21 49 37 5 15 1 25 53 28 24 36 47 26 9 27 11 45 12 44 14 22 

 16 4 29 48 52 40	 => 189
 3 40 52 10 54 30	 => 189
 17 30 54 41 39 8	 => 189
 29 2 46 50 13 48	 => 188
 52 48 13 32 34 10	 => 189
 54 10 34 43 7 41	 => 189
 39 41 7 31 51 20	 => 189
 46 6 18 35 33 50	 => 188
 13 50 33 42 19 32	 => 189
 34 32 19 23 38 43	 => 189
 7 43 38 21 49 31	 => 189
 51 31 49 37 5 15	 => 188
 33 35 1 25 53 42	 => 189
 19 42 53 28 24 23	 => 189
 38 23 24 36 47 21	 => 189
 49 21 47 26 9 37	 => 189
 53 25 27 11 45 28	 => 189
 24 28 45 12 44 36	 => 189
 47 36 44 14 22 26	 => 189



test#	fitness		sum		time
---------------------------------------------------
1	187.412				27
2	186.616				42
3	186.85				23
4	186.163				20
5	188.306				35
6	186.613				36
7	188.163				34
8	187.053				27
9	186.478				30
10	186.163				25


---------------------------------------------------
Best fitness      : 188.306 ( test# 5)
Shortest time     : 20 ( test# 4)

Average fitness   : 186.982
Average time      : 29.9
