****************** GA TEST *******************

total test#:			 10
hexa min width:			 3
hexa max width:			 5
hexa count:			 19
number count:			 54
population size:		 70
generation size:		 12

tournament winner p:		 1
do xover p:			 1
xover:				 1points
do mutation1 p:			 0.1
mutation1 p:			 0.05
do optimize p:			 1
local optimize count:		 6000
do deep better optimize p:	 1
do deep worse optimize p:	 0
do spin p:			 0
spin count:			 1000
do spin apply p:		 1
do mutation2 p:			 0.12
mutation2 p:			 0.08
force mutation2:		 0
replace bad p:			 0.195

converge rate p:		 0.99
converge count:			 1

**********************************************


===================[TEST 1]===================

##### START ##### Thu May 15 08:05:07 2003



##### CONVERGE ##### Thu May 15 08:05:28 2003

Elapsed time: 21 seconds
Total loop: 150 generations

Result : 187.306

14 12 33 37 49 44 1 13 32 50 28 53 17 9 6 52 40 21 35 34 26 31 27 43 18 20 3 25 48 22 23 24 47 16 42 45 30 2 5 38 51 54 15 41 46 36 4 7 10 29 11 39 8 19 

 14 12 33 37 49 44	 => 189
 1 44 49 13 32 50	 => 189
 28 50 32 53 17 9	 => 189
 33 6 52 40 21 37	 => 189
 49 37 21 35 34 13	 => 189
 32 13 34 26 31 53	 => 189
 17 53 31 27 43 18	 => 189
 52 20 3 25 48 40	 => 188
 21 40 48 22 23 35	 => 189
 34 35 23 24 47 26	 => 189
 31 26 47 16 42 27	 => 189
 43 27 42 45 30 2	 => 189
 48 25 5 38 51 22	 => 189
 23 22 51 54 15 24	 => 189
 47 24 15 41 46 16	 => 189
 42 16 46 36 4 45	 => 189
 51 38 7 10 29 54	 => 189
 15 54 29 11 39 41	 => 189
 46 41 39 8 19 36	 => 189


===================[TEST 2]===================

##### START ##### Thu May 15 08:05:28 2003



##### CONVERGE ##### Thu May 15 08:05:42 2003

Elapsed time: 14 seconds
Total loop: 102 generations

Result : 185.158

16 21 52 28 36 34 25 15 41 37 8 54 30 18 1 38 23 46 31 32 39 7 53 35 10 14 19 49 45 17 26 40 20 22 47 42 2 9 3 27 48 44 13 50 43 29 5 33 12 24 6 51 11 4 

 16 21 52 28 36 34	 => 187
 25 34 36 15 41 37	 => 188
 8 37 41 54 30 18	 => 188
 52 1 38 23 46 28	 => 188
 36 28 46 31 32 15	 => 188
 41 15 32 39 7 54	 => 188
 30 54 7 53 35 10	 => 189
 38 14 19 49 45 23	 => 188
 46 23 45 17 26 31	 => 188
 32 31 26 40 20 39	 => 188
 7 39 20 22 47 53	 => 188
 35 53 47 42 2 9	 => 188
 45 49 3 27 48 17	 => 189
 26 17 48 44 13 40	 => 188
 20 40 13 50 43 22	 => 188
 47 22 43 29 5 42	 => 188
 48 27 33 12 24 44	 => 188
 13 44 24 6 51 50	 => 188
 43 50 51 11 4 29	 => 188


===================[TEST 3]===================

##### START ##### Thu May 15 08:05:42 2003



##### CONVERGE ##### Thu May 15 08:06:01 2003

Elapsed time: 19 seconds
Total loop: 138 generations

Result : 186.478

14 11 29 53 42 40 19 16 54 18 23 46 41 7 8 26 49 24 20 35 33 5 39 48 10 15 3 45 51 13 32 25 44 22 47 37 12 6 2 28 50 52 17 38 43 36 4 27 1 31 21 30 9 34 

 14 11 29 53 42 40	 => 189
 19 40 42 16 54 18	 => 189
 23 18 54 46 41 7	 => 189
 29 8 26 49 24 53	 => 189
 42 53 24 20 35 16	 => 190
 54 16 35 33 5 46	 => 189
 41 46 5 39 48 10	 => 189
 26 15 3 45 51 49	 => 189
 24 49 51 13 32 20	 => 189
 35 20 32 25 44 33	 => 189
 5 33 44 22 47 39	 => 190
 48 39 47 37 12 6	 => 189
 51 45 2 28 50 13	 => 189
 32 13 50 52 17 25	 => 189
 44 25 17 38 43 22	 => 189
 47 22 43 36 4 37	 => 189
 50 28 27 1 31 52	 => 189
 17 52 31 21 30 38	 => 189
 43 38 30 9 34 36	 => 190


===================[TEST 4]===================

##### START ##### Thu May 15 08:06:01 2003



##### CONVERGE ##### Thu May 15 08:06:22 2003

Elapsed time: 21 seconds
Total loop: 149 generations

Result : 185.412

10 16 35 32 52 42 15 12 41 25 49 40 19 13 1 53 45 21 39 31 26 37 54 27 11 2 3 33 51 7 24 47 20 14 36 44 4 22 8 50 38 43 28 48 30 46 17 18 9 29 5 34 6 23 

 10 16 35 32 52 42	 => 187
 15 42 52 12 41 25	 => 187
 49 25 41 40 19 13	 => 187
 35 1 53 45 21 32	 => 187
 52 32 21 39 31 12	 => 187
 41 12 31 26 37 40	 => 187
 19 40 37 54 27 11	 => 188
 53 2 3 33 51 45	 => 187
 21 45 51 7 24 39	 => 187
 31 39 24 47 20 26	 => 187
 37 26 20 14 36 54	 => 187
 27 54 36 44 4 22	 => 187
 51 33 8 50 38 7	 => 187
 24 7 38 43 28 47	 => 187
 20 47 28 48 30 14	 => 187
 36 14 30 46 17 44	 => 187
 38 50 18 9 29 43	 => 187
 28 43 29 5 34 48	 => 187
 30 48 34 6 23 46	 => 187


===================[TEST 5]===================

##### START ##### Thu May 15 08:06:22 2003



##### CONVERGE ##### Thu May 15 08:06:40 2003

Elapsed time: 18 seconds
Total loop: 136 generations

Result : 187.306

7 13 38 42 36 53 2 5 54 39 15 48 26 6 1 35 50 23 40 43 28 11 47 41 16 19 4 37 44 8 24 33 21 30 52 27 12 10 3 51 46 49 29 45 31 32 17 20 9 14 18 34 22 25 

 7 13 38 42 36 53	 => 189
 2 53 36 5 54 39	 => 189
 15 39 54 48 26 6	 => 188
 38 1 35 50 23 42	 => 189
 36 42 23 40 43 5	 => 189
 54 5 43 28 11 48	 => 189
 26 48 11 47 41 16	 => 189
 35 19 4 37 44 50	 => 189
 23 50 44 8 24 40	 => 189
 43 40 24 33 21 28	 => 189
 11 28 21 30 52 47	 => 189
 41 47 52 27 12 10	 => 189
 44 37 3 51 46 8	 => 189
 24 8 46 49 29 33	 => 189
 21 33 29 45 31 30	 => 189
 52 30 31 32 17 27	 => 189
 46 51 20 9 14 49	 => 189
 29 49 14 18 34 45	 => 189
 31 45 34 22 25 32	 => 189


===================[TEST 6]===================

##### START ##### Thu May 15 08:06:40 2003



##### CONVERGE ##### Thu May 15 08:07:00 2003

Elapsed time: 20 seconds
Total loop: 143 generations

Result : 185.85

11 5 41 50 42 39 3 4 47 53 1 44 15 28 25 27 35 10 33 49 18 26 48 40 16 9 36 29 52 24 34 23 31 21 45 22 19 14 2 38 43 51 13 54 46 37 17 6 20 30 8 32 7 12 

 11 5 41 50 42 39	 => 188
 3 39 42 4 47 53	 => 188
 1 53 47 44 15 28	 => 188
 41 25 27 35 10 50	 => 188
 42 50 10 33 49 4	 => 188
 47 4 49 18 26 44	 => 188
 15 44 26 48 40 16	 => 189
 27 9 36 29 52 35	 => 188
 10 35 52 24 34 33	 => 188
 49 33 34 23 31 18	 => 188
 26 18 31 21 45 48	 => 189
 40 48 45 22 19 14	 => 188
 52 29 2 38 43 24	 => 188
 34 24 43 51 13 23	 => 188
 31 23 13 54 46 21	 => 188
 45 21 46 37 17 22	 => 188
 43 38 6 20 30 51	 => 188
 13 51 30 8 32 54	 => 188
 46 54 32 7 12 37	 => 188


===================[TEST 7]===================

##### START ##### Thu May 15 08:07:00 2003



##### CONVERGE ##### Thu May 15 08:07:25 2003

Elapsed time: 25 seconds
Total loop: 181 generations

Result : 184.616

9 26 28 46 42 36 14 4 54 37 13 32 24 27 3 45 53 11 51 33 20 44 38 48 1 2 10 47 30 19 23 21 39 12 35 40 18 8 7 50 34 49 41 22 52 43 5 17 6 31 15 29 25 16 

 9 26 28 46 42 36	 => 187
 14 36 42 4 54 37	 => 187
 13 37 54 32 24 27	 => 187
 28 3 45 53 11 46	 => 186
 42 46 11 51 33 4	 => 187
 54 4 33 20 44 32	 => 187
 24 32 44 38 48 1	 => 187
 45 2 10 47 30 53	 => 187
 11 53 30 19 23 51	 => 187
 33 51 23 21 39 20	 => 187
 44 20 39 12 35 38	 => 188
 48 38 35 40 18 8	 => 187
 30 47 7 50 34 19	 => 187
 23 19 34 49 41 21	 => 187
 39 21 41 22 52 12	 => 187
 35 12 52 43 5 40	 => 187
 34 50 17 6 31 49	 => 187
 41 49 31 15 29 22	 => 187
 52 22 29 25 16 43	 => 187


===================[TEST 8]===================

##### START ##### Thu May 15 08:07:25 2003



##### CONVERGE ##### Thu May 15 08:07:52 2003

Elapsed time: 27 seconds
Total loop: 196 generations

Result : 187.64

25 3 38 48 40 36 8 23 44 39 21 49 27 10 16 42 33 13 34 32 24 18 47 46 2 5 14 43 53 6 51 29 20 31 50 26 4 17 7 28 52 41 11 54 45 37 1 22 12 35 19 30 9 15 

 25 3 38 48 40 36	 => 190
 8 36 40 23 44 39	 => 190
 21 39 44 49 27 10	 => 190
 38 16 42 33 13 48	 => 190
 40 48 13 34 32 23	 => 190
 44 23 32 24 18 49	 => 190
 27 49 18 47 46 2	 => 189
 42 5 14 43 53 33	 => 190
 13 33 53 6 51 34	 => 190
 32 34 51 29 20 24	 => 190
 18 24 20 31 50 47	 => 190
 46 47 50 26 4 17	 => 190
 53 43 7 28 52 6	 => 189
 51 6 52 41 11 29	 => 190
 20 29 11 54 45 31	 => 190
 50 31 45 37 1 26	 => 190
 52 28 22 12 35 41	 => 190
 11 41 35 19 30 54	 => 190
 45 54 30 9 15 37	 => 190


===================[TEST 9]===================

##### START ##### Thu May 15 08:07:52 2003



##### CONVERGE ##### Thu May 15 08:08:16 2003

Elapsed time: 24 seconds
Total loop: 179 generations

Result : 186.478

18 15 30 51 41 34 3 26 48 37 8 47 24 25 7 53 40 9 43 19 20 29 50 22 17 1 2 49 45 10 42 32 33 13 44 36 14 23 4 35 46 38 21 39 52 28 16 11 5 54 6 31 12 27 

 18 15 30 51 41 34	 => 189
 3 34 41 26 48 37	 => 189
 8 37 48 47 24 25	 => 189
 30 7 53 40 9 51	 => 190
 41 51 9 43 19 26	 => 189
 48 26 19 20 29 47	 => 189
 24 47 29 50 22 17	 => 189
 53 1 2 49 45 40	 => 190
 9 40 45 10 42 43	 => 189
 19 43 42 32 33 20	 => 189
 29 20 33 13 44 50	 => 189
 22 50 44 36 14 23	 => 189
 45 49 4 35 46 10	 => 189
 42 10 46 38 21 32	 => 189
 33 32 21 39 52 13	 => 190
 44 13 52 28 16 36	 => 189
 46 35 11 5 54 38	 => 189
 21 38 54 6 31 39	 => 189
 52 39 31 12 27 28	 => 189


===================[TEST 10]===================

##### START ##### Thu May 15 08:08:16 2003



##### CONVERGE ##### Thu May 15 08:08:33 2003

Elapsed time: 17 seconds
Total loop: 124 generations

Result : 186.85

11 12 43 44 48 31 2 19 42 47 18 33 41 8 3 53 25 21 34 23 52 20 40 38 17 10 5 45 51 22 37 29 14 28 35 46 7 24 9 26 36 50 15 54 49 30 1 32 6 39 4 27 16 13 

 11 12 43 44 48 31	 => 189
 2 31 48 19 42 47	 => 189
 18 47 42 33 41 8	 => 189
 43 3 53 25 21 44	 => 189
 48 44 21 34 23 19	 => 189
 42 19 23 52 20 33	 => 189
 41 33 20 40 38 17	 => 189
 53 10 5 45 51 25	 => 189
 21 25 51 22 37 34	 => 190
 23 34 37 29 14 52	 => 189
 20 52 14 28 35 40	 => 189
 38 40 35 46 7 24	 => 190
 51 45 9 26 36 22	 => 189
 37 22 36 50 15 29	 => 189
 14 29 15 54 49 28	 => 189
 35 28 49 30 1 46	 => 189
 36 26 32 6 39 50	 => 189
 15 50 39 4 27 54	 => 189
 49 54 27 16 13 30	 => 189



test#	fitness		sum		time
---------------------------------------------------
1	187.306				21
2	185.158				14
3	186.478				19
4	185.412				21
5	187.306				18
6	185.85				20
7	184.616				25
8	187.64				27
9	186.478				24
10	186.85				17


---------------------------------------------------
Best fitness      : 187.64 ( test# 8)
Shortest time     : 14 ( test# 2)

Average fitness   : 186.31
Average time      : 20.6
