****************** GA TEST *******************

total test#:			 10
hexa min width:			 3
hexa max width:			 5
hexa count:			 19
number count:			 54
population size:		 70
generation size:		 15

tournament winner p:		 1
do xover p:			 1
xover:				 1points
do mutation1 p:			 0.1
mutation1 p:			 0.05
do optimize p:			 1
local optimize count:		 6000
do deep better optimize p:	 1
do deep worse optimize p:	 0
do spin p:			 0
spin count:			 1000
do spin apply p:		 1
do mutation2 p:			 0.12
mutation2 p:			 0.08
force mutation2:		 0
replace bad p:			 0.195

converge rate p:		 0.99
converge count:			 1

**********************************************


===================[TEST 1]===================

##### START ##### Thu May 15 09:16:43 2003



##### CONVERGE ##### Thu May 15 09:17:08 2003

Elapsed time: 25 seconds
Total loop: 147 generations

Result : 188.306

22 14 29 53 48 24 8 17 47 46 7 50 35 5 20 31 36 21 23 28 37 11 51 41 2 13 16 52 42 18 49 27 26 25 40 43 3 12 4 30 44 33 19 54 39 34 9 6 32 45 1 38 10 15 

 22 14 29 53 48 24	 => 190
 8 24 48 17 47 46	 => 190
 7 46 47 50 35 5	 => 190
 29 20 31 36 21 53	 => 190
 48 53 21 23 28 17	 => 190
 47 17 28 37 11 50	 => 190
 35 50 11 51 41 2	 => 190
 31 13 16 52 42 36	 => 190
 21 36 42 18 49 23	 => 189
 28 23 49 27 26 37	 => 190
 11 37 26 25 40 51	 => 190
 41 51 40 43 3 12	 => 190
 42 52 4 30 44 18	 => 190
 49 18 44 33 19 27	 => 190
 26 27 19 54 39 25	 => 190
 40 25 39 34 9 43	 => 190
 44 30 6 32 45 33	 => 190
 19 33 45 1 38 54	 => 190
 39 54 38 10 15 34	 => 190


===================[TEST 2]===================

##### START ##### Thu May 15 09:17:08 2003



##### CONVERGE ##### Thu May 15 09:17:26 2003

Elapsed time: 18 seconds
Total loop: 103 generations

Result : 182.794

7 31 44 42 47 15 29 32 46 17 26 53 43 1 2 37 52 8 35 22 14 19 40 25 6 3 12 34 48 16 27 49 39 20 54 41 5 21 9 28 51 33 10 50 18 30 23 4 24 45 11 36 38 13 

 7 31 44 42 47 15	 => 186
 29 15 47 32 46 17	 => 186
 26 17 46 53 43 1	 => 186
 44 2 37 52 8 42	 => 185
 47 42 8 35 22 32	 => 186
 46 32 22 14 19 53	 => 186
 43 53 19 40 25 6	 => 186
 37 3 12 34 48 52	 => 186
 8 52 48 16 27 35	 => 186
 22 35 27 49 39 14	 => 186
 19 14 39 20 54 40	 => 186
 25 40 54 41 5 21	 => 186
 48 34 9 28 51 16	 => 186
 27 16 51 33 10 49	 => 186
 39 49 10 50 18 20	 => 186
 54 20 18 30 23 41	 => 186
 51 28 4 24 45 33	 => 185
 10 33 45 11 36 50	 => 185
 18 50 36 38 13 30	 => 185


===================[TEST 3]===================

##### START ##### Thu May 15 09:17:26 2003



##### CONVERGE ##### Thu May 15 09:17:52 2003

Elapsed time: 26 seconds
Total loop: 153 generations

Result : 188.306

14 8 54 28 51 35 2 17 46 39 4 49 47 5 1 33 50 24 36 34 32 12 52 27 3 7 22 38 40 23 16 42 30 11 53 29 9 20 10 31 48 43 18 44 45 37 15 6 21 41 19 25 13 26 

 14 8 54 28 51 35	 => 190
 2 35 51 17 46 39	 => 190
 4 39 46 49 47 5	 => 190
 54 1 33 50 24 28	 => 190
 51 28 24 36 34 17	 => 190
 46 17 34 32 12 49	 => 190
 47 49 12 52 27 3	 => 190
 33 7 22 38 40 50	 => 190
 24 50 40 23 16 36	 => 189
 34 36 16 42 30 32	 => 190
 12 32 30 11 53 52	 => 190
 27 52 53 29 9 20	 => 190
 40 38 10 31 48 23	 => 190
 16 23 48 43 18 42	 => 190
 30 42 18 44 45 11	 => 190
 53 11 45 37 15 29	 => 190
 48 31 6 21 41 43	 => 190
 18 43 41 19 25 44	 => 190
 45 44 25 13 26 37	 => 190


===================[TEST 4]===================

##### START ##### Thu May 15 09:17:52 2003



##### CONVERGE ##### Thu May 15 09:18:18 2003

Elapsed time: 26 seconds
Total loop: 155 generations

Result : 187.478

4 3 51 43 52 37 2 26 46 27 19 47 36 16 1 41 49 6 33 30 24 17 44 32 14 5 8 39 48 20 34 29 40 12 53 42 9 10 23 22 38 54 15 50 45 31 7 28 13 35 11 25 21 18 

 4 3 51 43 52 37	 => 190
 2 37 52 26 46 27	 => 190
 19 27 46 47 36 16	 => 191
 51 1 41 49 6 43	 => 191
 52 43 6 33 30 26	 => 190
 46 26 30 24 17 47	 => 190
 36 47 17 44 32 14	 => 190
 41 5 8 39 48 49	 => 190
 6 49 48 20 34 33	 => 190
 30 33 34 29 40 24	 => 190
 17 24 40 12 53 44	 => 190
 32 44 53 42 9 10	 => 190
 48 39 23 22 38 20	 => 190
 34 20 38 54 15 29	 => 190
 40 29 15 50 45 12	 => 191
 53 12 45 31 7 42	 => 190
 38 22 28 13 35 54	 => 190
 15 54 35 11 25 50	 => 190
 45 50 25 21 18 31	 => 190


===================[TEST 5]===================

##### START ##### Thu May 15 09:18:18 2003



##### CONVERGE ##### Thu May 15 09:18:45 2003

Elapsed time: 27 seconds
Total loop: 155 generations

Result : 187.412

7 3 46 44 37 52 12 17 28 43 13 54 42 9 8 30 47 14 32 45 25 20 41 26 6 2 21 49 40 18 38 15 34 16 53 23 19 27 1 31 50 33 35 39 51 36 10 22 24 29 5 48 4 11 

 7 3 46 44 37 52	 => 189
 12 52 37 17 28 43	 => 189
 13 43 28 54 42 9	 => 189
 46 8 30 47 14 44	 => 189
 37 44 14 32 45 17	 => 189
 28 17 45 25 20 54	 => 189
 42 54 20 41 26 6	 => 189
 30 2 21 49 40 47	 => 189
 14 47 40 18 38 32	 => 189
 45 32 38 15 34 25	 => 189
 20 25 34 16 53 41	 => 189
 26 41 53 23 19 27	 => 189
 40 49 1 31 50 18	 => 189
 38 18 50 33 35 15	 => 189
 34 15 35 39 51 16	 => 190
 53 16 51 36 10 23	 => 189
 50 31 22 24 29 33	 => 189
 35 33 29 5 48 39	 => 189
 51 39 48 4 11 36	 => 189


===================[TEST 6]===================

##### START ##### Thu May 15 09:18:45 2003



##### CONVERGE ##### Thu May 15 09:19:00 2003

Elapsed time: 15 seconds
Total loop: 86 generations

Result : 185.412

11 19 44 54 16 43 6 37 34 51 7 31 52 12 3 14 49 23 27 30 22 33 45 25 2 8 29 48 39 17 32 50 26 20 41 53 18 5 1 36 46 38 4 47 40 24 9 10 15 42 21 35 13 28 

 11 19 44 54 16 43	 => 187
 6 43 16 37 34 51	 => 187
 7 51 34 31 52 12	 => 187
 44 3 14 49 23 54	 => 187
 16 54 23 27 30 37	 => 187
 34 37 30 22 33 31	 => 187
 52 31 33 45 25 2	 => 188
 14 8 29 48 39 49	 => 187
 23 49 39 17 32 27	 => 187
 30 27 32 50 26 22	 => 187
 33 22 26 20 41 45	 => 187
 25 45 41 53 18 5	 => 187
 39 48 1 36 46 17	 => 187
 32 17 46 38 4 50	 => 187
 26 50 4 47 40 20	 => 187
 41 20 40 24 9 53	 => 187
 46 36 10 15 42 38	 => 187
 4 38 42 21 35 47	 => 187
 40 47 35 13 28 24	 => 187


===================[TEST 7]===================

##### START ##### Thu May 15 09:19:00 2003



##### CONVERGE ##### Thu May 15 09:19:24 2003

Elapsed time: 24 seconds
Total loop: 143 generations

Result : 187.64

1 18 32 54 38 47 5 19 41 40 10 48 24 27 3 49 50 2 34 43 16 23 51 35 9 8 12 28 42 25 37 29 31 17 52 30 7 15 14 36 44 33 22 45 46 39 6 20 4 53 11 26 21 13 

 1 18 32 54 38 47	 => 190
 5 47 38 19 41 40	 => 190
 10 40 41 48 24 27	 => 190
 32 3 49 50 2 54	 => 190
 38 54 2 34 43 19	 => 190
 41 19 43 16 23 48	 => 190
 24 48 23 51 35 9	 => 190
 49 8 12 28 42 50	 => 189
 2 50 42 25 37 34	 => 190
 43 34 37 29 31 16	 => 190
 23 16 31 17 52 51	 => 190
 35 51 52 30 7 15	 => 190
 42 28 14 36 44 25	 => 189
 37 25 44 33 22 29	 => 190
 31 29 22 45 46 17	 => 190
 52 17 46 39 6 30	 => 190
 44 36 20 4 53 33	 => 190
 22 33 53 11 26 45	 => 190
 46 45 26 21 13 39	 => 190


===================[TEST 8]===================

##### START ##### Thu May 15 09:19:24 2003



##### CONVERGE ##### Thu May 15 09:19:44 2003

Elapsed time: 20 seconds
Total loop: 116 generations

Result : 187.64

14 10 23 53 38 52 2 18 45 35 20 51 27 12 4 54 47 9 43 29 30 17 42 46 7 15 8 32 34 33 24 28 36 16 49 39 3 11 1 50 40 44 21 41 48 31 6 13 5 37 22 25 26 19 

 14 10 23 53 38 52	 => 190
 2 52 38 18 45 35	 => 190
 20 35 45 51 27 12	 => 190
 23 4 54 47 9 53	 => 190
 38 53 9 43 29 18	 => 190
 45 18 29 30 17 51	 => 190
 27 51 17 42 46 7	 => 190
 54 15 8 32 34 47	 => 190
 9 47 34 33 24 43	 => 190
 29 43 24 28 36 30	 => 190
 17 30 36 16 49 42	 => 190
 46 42 49 39 3 11	 => 190
 34 32 1 50 40 33	 => 190
 24 33 40 44 21 28	 => 190
 36 28 21 41 48 16	 => 190
 49 16 48 31 6 39	 => 189
 40 50 13 5 37 44	 => 189
 21 44 37 22 25 41	 => 190
 48 41 25 26 19 31	 => 190


===================[TEST 9]===================

##### START ##### Thu May 15 09:19:44 2003



##### CONVERGE ##### Thu May 15 09:20:13 2003

Elapsed time: 29 seconds
Total loop: 168 generations

Result : 187.478

14 8 49 34 45 40 2 18 31 54 7 52 27 19 1 37 44 25 21 47 32 10 53 36 12 3 13 42 51 11 38 24 29 20 46 30 16 9 6 39 41 50 26 48 43 35 17 4 23 33 5 28 15 22 

 14 8 49 34 45 40	 => 190
 2 40 45 18 31 54	 => 190
 7 54 31 52 27 19	 => 190
 49 1 37 44 25 34	 => 190
 45 34 25 21 47 18	 => 190
 31 18 47 32 10 52	 => 190
 27 52 10 53 36 12	 => 190
 37 3 13 42 51 44	 => 190
 25 44 51 11 38 21	 => 190
 47 21 38 24 29 32	 => 191
 10 32 29 20 46 53	 => 190
 36 53 46 30 16 9	 => 190
 51 42 6 39 41 11	 => 190
 38 11 41 50 26 24	 => 190
 29 24 26 48 43 20	 => 190
 46 20 43 35 17 30	 => 191
 41 39 4 23 33 50	 => 190
 26 50 33 5 28 48	 => 190
 43 48 28 15 22 35	 => 191


===================[TEST 10]===================

##### START ##### Thu May 15 09:20:13 2003



##### CONVERGE ##### Thu May 15 09:20:36 2003

Elapsed time: 23 seconds
Total loop: 132 generations

Result : 185.85

6 11 29 47 51 44 2 8 46 38 18 35 42 9 7 48 36 21 41 20 45 34 23 49 5 22 3 27 52 26 12 37 33 14 39 40 13 24 4 25 54 28 31 43 30 50 15 10 19 53 1 32 16 17 

 6 11 29 47 51 44	 => 188
 2 44 51 8 46 38	 => 189
 18 38 46 35 42 9	 => 188
 29 7 48 36 21 47	 => 188
 51 47 21 41 20 8	 => 188
 46 8 20 45 34 35	 => 188
 42 35 34 23 49 5	 => 188
 48 22 3 27 52 36	 => 188
 21 36 52 26 12 41	 => 188
 20 41 12 37 33 45	 => 188
 34 45 33 14 39 23	 => 188
 49 23 39 40 13 24	 => 188
 52 27 4 25 54 26	 => 188
 12 26 54 28 31 37	 => 188
 33 37 31 43 30 14	 => 188
 39 14 30 50 15 40	 => 188
 54 25 10 19 53 28	 => 189
 31 28 53 1 32 43	 => 188
 30 43 32 16 17 50	 => 188



test#	fitness		sum		time
---------------------------------------------------
1	188.306				25
2	182.794				18
3	188.306				26
4	187.478				26
5	187.412				27
6	185.412				15
7	187.64				24
8	187.64				20
9	187.478				29
10	185.85				23


---------------------------------------------------
Best fitness      : 188.306 ( test# 1)
Shortest time     : 15 ( test# 6)

Average fitness   : 186.832
Average time      : 23.3
