****************** GA TEST *******************

total test#:			 10
hexa min width:			 3
hexa max width:			 5
hexa count:			 19
number count:			 54
population size:		 100
generation size:		 15

tournament winner p:		 1
do xover p:			 1
xover:				 2points
do mutation1 p:			 0.1
mutation1 p:			 0.05
do optimize p:			 1
local optimize count:		 6000
do deep better optimize p:	 1
do deep worse optimize p:	 0
do spin p:			 0
spin count:			 1000
do spin apply p:		 1
do mutation2 p:			 0.12
mutation2 p:			 0.08
force mutation2:		 0
replace bad p:			 0.195

converge rate p:		 0.99
converge count:			 1

**********************************************


===================[TEST 1]===================

##### START ##### Thu May 15 00:01:50 2003



##### CONVERGE ##### Thu May 15 00:04:52 2003

Elapsed time: 182 seconds
Total loop: 230 generations

Result : 188.306

12 18 34 41 53 32 3 25 47 30 15 37 44 16 4 48 52 11 39 21 29 31 26 51 1 2 13 42 33 17 38 35 28 22 54 36 14 9 5 43 50 40 10 49 46 24 8 23 7 27 19 45 20 6 

 12 18 34 41 53 32	 => 190
 3 32 53 25 47 30	 => 190
 15 30 47 37 44 16	 => 189
 34 4 48 52 11 41	 => 190
 53 41 11 39 21 25	 => 190
 47 25 21 29 31 37	 => 190
 44 37 31 26 51 1	 => 190
 48 2 13 42 33 52	 => 190
 11 52 33 17 38 39	 => 190
 21 39 38 35 28 29	 => 190
 31 29 28 22 54 26	 => 190
 51 26 54 36 14 9	 => 190
 33 42 5 43 50 17	 => 190
 38 17 50 40 10 35	 => 190
 28 35 10 49 46 22	 => 190
 54 22 46 24 8 36	 => 190
 50 43 23 7 27 40	 => 190
 10 40 27 19 45 49	 => 190
 46 49 45 20 6 24	 => 190


===================[TEST 2]===================

##### START ##### Thu May 15 00:04:52 2003



##### CONVERGE ##### Thu May 15 00:08:25 2003

Elapsed time: 213 seconds
Total loop: 269 generations

Result : 188.412

11 18 38 53 39 31 13 14 51 43 6 44 45 1 5 32 34 28 33 23 36 22 50 27 2 17 12 41 54 20 21 47 30 3 49 35 10 19 7 42 26 52 24 40 46 48 9 16 25 29 8 37 15 4 

 11 18 38 53 39 31	 => 190
 13 31 39 14 51 43	 => 191
 6 43 51 44 45 1	 => 190
 38 5 32 34 28 53	 => 190
 39 53 28 33 23 14	 => 190
 51 14 23 36 22 44	 => 190
 45 44 22 50 27 2	 => 190
 32 17 12 41 54 34	 => 190
 28 34 54 20 21 33	 => 190
 23 33 21 47 30 36	 => 190
 22 36 30 3 49 50	 => 190
 27 50 49 35 10 19	 => 190
 54 41 7 42 26 20	 => 190
 21 20 26 52 24 47	 => 190
 30 47 24 40 46 3	 => 190
 49 3 46 48 9 35	 => 190
 26 42 16 25 29 52	 => 190
 24 52 29 8 37 40	 => 190
 46 40 37 15 4 48	 => 190


===================[TEST 3]===================

##### START ##### Thu May 15 00:08:25 2003



##### CONVERGE ##### Thu May 15 00:10:44 2003

Elapsed time: 139 seconds
Total loop: 175 generations

Result : 186.501

2 24 28 48 44 43 1 26 46 30 13 47 45 8 3 39 51 21 16 35 31 5 36 53 4 15 9 22 54 14 34 32 42 25 50 38 6 7 11 37 52 41 17 33 40 27 10 19 12 29 20 49 23 18 

 2 24 28 48 44 43	 => 189
 1 43 44 26 46 30	 => 190
 13 30 46 47 45 8	 => 189
 28 3 39 51 21 48	 => 190
 44 48 21 16 35 26	 => 190
 46 26 35 31 5 47	 => 190
 45 47 5 36 53 4	 => 190
 39 15 9 22 54 51	 => 190
 21 51 54 14 34 16	 => 190
 35 16 34 32 42 31	 => 190
 5 31 42 25 50 36	 => 189
 53 36 50 38 6 7	 => 190
 54 22 11 37 52 14	 => 190
 34 14 52 41 17 32	 => 190
 42 32 17 33 40 25	 => 189
 50 25 40 27 10 38	 => 190
 52 37 19 12 29 41	 => 190
 17 41 29 20 49 33	 => 189
 40 33 49 23 18 27	 => 190


===================[TEST 4]===================

##### START ##### Thu May 15 00:10:44 2003



##### CONVERGE ##### Thu May 15 00:13:54 2003

Elapsed time: 190 seconds
Total loop: 241 generations

Result : 187.64

3 21 35 40 46 45 1 12 44 42 17 51 34 2 5 39 50 20 41 31 27 25 32 36 11 22 7 43 29 24 26 18 47 6 53 33 8 28 15 30 49 54 19 52 48 37 13 9 10 38 4 23 14 16 

 3 21 35 40 46 45	 => 190
 1 45 46 12 44 42	 => 190
 17 42 44 51 34 2	 => 190
 35 5 39 50 20 40	 => 189
 46 40 20 41 31 12	 => 190
 44 12 31 27 25 51	 => 190
 34 51 25 32 36 11	 => 189
 39 22 7 43 29 50	 => 190
 20 50 29 24 26 41	 => 190
 31 41 26 18 47 27	 => 190
 25 27 47 6 53 32	 => 190
 36 32 53 33 8 28	 => 190
 29 43 15 30 49 24	 => 190
 26 24 49 54 19 18	 => 190
 47 18 19 52 48 6	 => 190
 53 6 48 37 13 33	 => 190
 49 30 9 10 38 54	 => 190
 19 54 38 4 23 52	 => 190
 48 52 23 14 16 37	 => 190


===================[TEST 5]===================

##### START ##### Thu May 15 00:13:54 2003



##### CONVERGE ##### Thu May 15 00:17:52 2003

Elapsed time: 238 seconds
Total loop: 300 generations

Result : 187.087

5 17 34 32 53 49 1 20 30 38 16 46 50 11 13 45 41 26 29 31 42 21 37 27 10 3 6 44 52 8 35 28 25 18 48 40 23 15 7 33 47 51 22 54 43 39 2 14 9 36 4 24 19 12 

 5 17 34 32 53 49	 => 190
 1 49 53 20 30 38	 => 191
 16 38 30 46 50 11	 => 191
 34 13 45 41 26 32	 => 191
 53 32 26 29 31 20	 => 191
 30 20 31 42 21 46	 => 190
 50 46 21 37 27 10	 => 191
 45 3 6 44 52 41	 => 191
 26 41 52 8 35 29	 => 191
 31 29 35 28 25 42	 => 190
 21 42 25 18 48 37	 => 191
 27 37 48 40 23 15	 => 190
 52 44 7 33 47 8	 => 191
 35 8 47 51 22 28	 => 191
 25 28 22 54 43 18	 => 190
 48 18 43 39 2 40	 => 190
 47 33 14 9 36 51	 => 190
 22 51 36 4 24 54	 => 191
 43 54 24 19 12 39	 => 191


===================[TEST 6]===================

##### START ##### Thu May 15 00:17:52 2003



##### CONVERGE ##### Thu May 15 00:21:02 2003

Elapsed time: 190 seconds
Total loop: 240 generations

Result : 187.794

8 11 28 54 51 39 9 6 53 33 2 47 37 19 12 30 46 21 32 27 38 20 42 44 1 13 10 49 43 18 31 34 29 17 45 48 5 7 4 41 35 50 23 36 52 25 3 24 14 26 16 40 15 22 

 8 11 28 54 51 39	 => 191
 9 39 51 6 53 33	 => 191
 2 33 53 47 37 19	 => 191
 28 12 30 46 21 54	 => 191
 51 54 21 32 27 6	 => 191
 53 6 27 38 20 47	 => 191
 37 47 20 42 44 1	 => 191
 30 13 10 49 43 46	 => 191
 21 46 43 18 31 32	 => 191
 27 32 31 34 29 38	 => 191
 20 38 29 17 45 42	 => 191
 44 42 45 48 5 7	 => 191
 43 49 4 41 35 18	 => 190
 31 18 35 50 23 34	 => 191
 29 34 23 36 52 17	 => 191
 45 17 52 25 3 48	 => 190
 35 41 24 14 26 50	 => 190
 23 50 26 16 40 36	 => 191
 52 36 40 15 22 25	 => 190


===================[TEST 7]===================

##### START ##### Thu May 15 00:21:02 2003



##### CONVERGE ##### Thu May 15 00:23:33 2003

Elapsed time: 151 seconds
Total loop: 190 generations

Result : 187.412

25 16 28 51 33 36 13 4 53 50 1 41 42 2 10 20 49 31 26 44 35 12 54 29 11 8 22 43 47 17 19 38 27 30 32 48 21 5 7 23 52 45 18 37 39 34 6 9 14 46 3 40 24 15 

 25 16 28 51 33 36	 => 189
 13 36 33 4 53 50	 => 189
 1 50 53 41 42 2	 => 189
 28 10 20 49 31 51	 => 189
 33 51 31 26 44 4	 => 189
 53 4 44 35 12 41	 => 189
 42 41 12 54 29 11	 => 189
 20 8 22 43 47 49	 => 189
 31 49 47 17 19 26	 => 189
 44 26 19 38 27 35	 => 189
 12 35 27 30 32 54	 => 190
 29 54 32 48 21 5	 => 189
 47 43 7 23 52 17	 => 189
 19 17 52 45 18 38	 => 189
 27 38 18 37 39 30	 => 189
 32 30 39 34 6 48	 => 189
 52 23 9 14 46 45	 => 189
 18 45 46 3 40 37	 => 189
 39 37 40 24 15 34	 => 189


===================[TEST 8]===================

##### START ##### Thu May 15 00:23:33 2003



##### CONVERGE ##### Thu May 15 00:26:30 2003

Elapsed time: 177 seconds
Total loop: 224 generations

Result : 187.616

16 8 49 41 53 23 2 19 48 45 4 52 36 5 10 39 37 14 33 30 24 17 43 42 1 3 22 38 51 27 28 29 46 25 35 32 18 20 9 21 44 50 12 47 31 54 13 15 26 34 6 40 11 7 

 16 8 49 41 53 23	 => 190
 2 23 53 19 48 45	 => 190
 4 45 48 52 36 5	 => 190
 49 10 39 37 14 41	 => 190
 53 41 14 33 30 19	 => 190
 48 19 30 24 17 52	 => 190
 36 52 17 43 42 1	 => 191
 39 3 22 38 51 37	 => 190
 14 37 51 27 28 33	 => 190
 30 33 28 29 46 24	 => 190
 17 24 46 25 35 43	 => 190
 42 43 35 32 18 20	 => 190
 51 38 9 21 44 27	 => 190
 28 27 44 50 12 29	 => 190
 46 29 12 47 31 25	 => 190
 35 25 31 54 13 32	 => 190
 44 21 15 26 34 50	 => 190
 12 50 34 6 40 47	 => 189
 31 47 40 11 7 54	 => 190


===================[TEST 9]===================

##### START ##### Thu May 15 00:26:30 2003



##### CONVERGE ##### Thu May 15 00:29:25 2003

Elapsed time: 175 seconds
Total loop: 221 generations

Result : 187.412

19 32 33 46 37 22 3 27 53 47 7 39 35 8 12 28 44 26 36 18 29 23 43 45 4 13 24 38 42 16 25 50 31 14 49 41 2 9 20 21 52 40 6 34 54 30 1 17 11 48 10 51 15 5 

 19 32 33 46 37 22	 => 189
 3 22 37 27 53 47	 => 189
 7 47 53 39 35 8	 => 189
 33 12 28 44 26 46	 => 189
 37 46 26 36 18 27	 => 190
 53 27 18 29 23 39	 => 189
 35 39 23 43 45 4	 => 189
 28 13 24 38 42 44	 => 189
 26 44 42 16 25 36	 => 189
 18 36 25 50 31 29	 => 189
 23 29 31 14 49 43	 => 189
 45 43 49 41 2 9	 => 189
 42 38 20 21 52 16	 => 189
 25 16 52 40 6 50	 => 189
 31 50 6 34 54 14	 => 189
 49 14 54 30 1 41	 => 189
 52 21 17 11 48 40	 => 189
 6 40 48 10 51 34	 => 189
 54 34 51 15 5 30	 => 189


===================[TEST 10]===================

##### START ##### Thu May 15 00:29:25 2003



##### CONVERGE ##### Thu May 15 00:32:02 2003

Elapsed time: 157 seconds
Total loop: 198 generations

Result : 187.412

9 7 46 47 41 39 13 11 51 34 5 50 45 4 1 15 54 26 24 40 23 14 53 25 2 22 18 32 48 8 29 38 35 12 52 36 3 20 10 49 42 44 28 43 33 37 19 21 6 27 17 30 16 31 

 9 7 46 47 41 39	 => 189
 13 39 41 11 51 34	 => 189
 5 34 51 50 45 4	 => 189
 46 1 15 54 26 47	 => 189
 41 47 26 24 40 11	 => 189
 51 11 40 23 14 50	 => 189
 45 50 14 53 25 2	 => 189
 15 22 18 32 48 54	 => 189
 26 54 48 8 29 24	 => 189
 40 24 29 38 35 23	 => 189
 14 23 35 12 52 53	 => 189
 25 53 52 36 3 20	 => 189
 48 32 10 49 42 8	 => 189
 29 8 42 44 28 38	 => 189
 35 38 28 43 33 12	 => 189
 52 12 33 37 19 36	 => 189
 42 49 21 6 27 44	 => 189
 28 44 27 17 30 43	 => 189
 33 43 30 16 31 37	 => 190



test#	fitness		sum		time
---------------------------------------------------
1	188.306				182
2	188.412				213
3	186.501				139
4	187.64				190
5	187.087				238
6	187.794				190
7	187.412				151
8	187.616				177
9	187.412				175
10	187.412				157


---------------------------------------------------
Best fitness      : 188.412 ( test# 2)
Shortest time     : 139 ( test# 3)

Average fitness   : 187.559
Average time      : 181.2
