****************** GA TEST *******************

total test#:			 10
hexa min width:			 3
hexa max width:			 5
hexa count:			 19
number count:			 54
population size:		 80
generation size:		 15

tournament winner p:		 1
do xover p:			 1
xover:				 2points
do mutation1 p:			 0.1
mutation1 p:			 0.05
do optimize p:			 1
local optimize count:		 6000
do deep better optimize p:	 1
do deep worse optimize p:	 0
do spin p:			 0
spin count:			 1000
do spin apply p:		 1
do mutation2 p:			 0.12
mutation2 p:			 0.08
force mutation2:		 0
replace bad p:			 0.195

converge rate p:		 0.99
converge count:			 1

**********************************************


===================[TEST 1]===================

##### START ##### Wed May 14 23:10:46 2003



##### CONVERGE ##### Wed May 14 23:13:25 2003

Elapsed time: 159 seconds
Total loop: 200 generations

Result : 186.823

15 10 39 44 41 42 1 19 51 36 17 50 29 7 3 35 38 31 25 30 20 21 54 34 2 16 22 33 46 14 37 49 28 24 43 27 23 9 18 53 26 52 12 32 45 47 4 8 11 40 6 48 5 13 

 15 10 39 44 41 42	 => 191
 1 42 41 19 51 36	 => 190
 17 36 51 50 29 7	 => 190
 39 3 35 38 31 44	 => 190
 41 44 31 25 30 19	 => 190
 51 19 30 20 21 50	 => 191
 29 50 21 54 34 2	 => 190
 35 16 22 33 46 38	 => 190
 31 38 46 14 37 25	 => 191
 30 25 37 49 28 20	 => 189
 21 20 28 24 43 54	 => 190
 34 54 43 27 23 9	 => 190
 46 33 18 53 26 14	 => 190
 37 14 26 52 12 49	 => 190
 28 49 12 32 45 24	 => 190
 43 24 45 47 4 27	 => 190
 26 53 8 11 40 52	 => 190
 12 52 40 6 48 32	 => 190
 45 32 48 5 13 47	 => 190


===================[TEST 2]===================

##### START ##### Wed May 14 23:13:25 2003



##### CONVERGE ##### Wed May 14 23:15:40 2003

Elapsed time: 135 seconds
Total loop: 171 generations

Result : 187.163

11 13 45 41 54 26 14 9 49 38 6 40 35 21 5 48 33 18 39 29 32 30 44 31 10 19 15 22 53 24 23 42 25 7 52 43 12 8 16 28 47 34 20 46 50 37 1 17 27 36 3 51 4 2 

 11 13 45 41 54 26	 => 190
 14 26 54 9 49 38	 => 190
 6 38 49 40 35 21	 => 189
 45 5 48 33 18 41	 => 190
 54 41 18 39 29 9	 => 190
 49 9 29 32 30 40	 => 189
 35 40 30 44 31 10	 => 190
 48 19 15 22 53 33	 => 190
 18 33 53 24 23 39	 => 190
 29 39 23 42 25 32	 => 190
 30 32 25 7 52 44	 => 190
 31 44 52 43 12 8	 => 190
 53 22 16 28 47 24	 => 190
 23 24 47 34 20 42	 => 190
 25 42 20 46 50 7	 => 190
 52 7 50 37 1 43	 => 190
 47 28 17 27 36 34	 => 189
 20 34 36 3 51 46	 => 190
 50 46 51 4 2 37	 => 190


===================[TEST 3]===================

##### START ##### Wed May 14 23:15:40 2003



##### CONVERGE ##### Wed May 14 23:17:44 2003

Elapsed time: 124 seconds
Total loop: 156 generations

Result : 186.823

8 9 38 49 36 50 12 7 54 31 16 37 48 4 2 21 52 28 30 41 39 11 42 46 6 22 23 40 32 20 29 26 25 27 47 24 13 18 10 35 53 45 17 51 44 34 14 5 19 33 1 43 3 15 

 8 9 38 49 36 50	 => 190
 12 50 36 7 54 31	 => 190
 16 31 54 37 48 4	 => 190
 38 2 21 52 28 49	 => 190
 36 49 28 30 41 7	 => 191
 54 7 41 39 11 37	 => 189
 48 37 11 42 46 6	 => 190
 21 22 23 40 32 52	 => 190
 28 52 32 20 29 30	 => 191
 41 30 29 26 25 39	 => 190
 11 39 25 27 47 42	 => 191
 46 42 47 24 13 18	 => 190
 32 40 10 35 53 20	 => 190
 29 20 53 45 17 26	 => 190
 25 26 17 51 44 27	 => 190
 47 27 44 34 14 24	 => 190
 53 35 5 19 33 45	 => 190
 17 45 33 1 43 51	 => 190
 44 51 43 3 15 34	 => 190


===================[TEST 4]===================

##### START ##### Wed May 14 23:17:44 2003



##### CONVERGE ##### Wed May 14 23:20:02 2003

Elapsed time: 138 seconds
Total loop: 174 generations

Result : 186.478

8 17 47 30 45 43 10 5 50 36 1 54 39 9 6 33 46 27 40 42 31 7 53 32 4 15 20 41 34 29 13 25 38 16 44 28 18 14 2 35 48 51 24 49 37 52 12 11 23 21 19 26 22 3 

 8 17 47 30 45 43	 => 190
 10 43 45 5 50 36	 => 189
 1 36 50 54 39 9	 => 189
 47 6 33 46 27 30	 => 189
 45 30 27 40 42 5	 => 189
 50 5 42 31 7 54	 => 189
 39 54 7 53 32 4	 => 189
 33 15 20 41 34 46	 => 189
 27 46 34 29 13 40	 => 189
 42 40 13 25 38 31	 => 189
 7 31 38 16 44 53	 => 189
 32 53 44 28 18 14	 => 189
 34 41 2 35 48 29	 => 189
 13 29 48 51 24 25	 => 190
 38 25 24 49 37 16	 => 189
 44 16 37 52 12 28	 => 189
 48 35 11 23 21 51	 => 189
 24 51 21 19 26 49	 => 190
 37 49 26 22 3 52	 => 189


===================[TEST 5]===================

##### START ##### Wed May 14 23:20:02 2003



##### CONVERGE ##### Wed May 14 23:22:38 2003

Elapsed time: 156 seconds
Total loop: 198 generations

Result : 187.85

12 16 32 39 53 38 2 3 48 46 9 49 25 13 19 36 43 21 34 41 27 22 44 45 5 8 18 31 54 4 35 23 30 17 50 26 14 11 7 42 52 47 29 51 40 37 20 1 15 33 6 24 10 28 

 12 16 32 39 53 38	 => 190
 2 38 53 3 48 46	 => 190
 9 46 48 49 25 13	 => 190
 32 19 36 43 21 39	 => 190
 53 39 21 34 41 3	 => 191
 48 3 41 27 22 49	 => 190
 25 49 22 44 45 5	 => 190
 36 8 18 31 54 43	 => 190
 21 43 54 4 35 34	 => 191
 41 34 35 23 30 27	 => 190
 22 27 30 17 50 44	 => 190
 45 44 50 26 14 11	 => 190
 54 31 7 42 52 4	 => 190
 35 4 52 47 29 23	 => 190
 30 23 29 51 40 17	 => 190
 50 17 40 37 20 26	 => 190
 52 42 1 15 33 47	 => 190
 29 47 33 6 24 51	 => 190
 40 51 24 10 28 37	 => 190


===================[TEST 6]===================

##### START ##### Wed May 14 23:22:38 2003



##### CONVERGE ##### Wed May 14 23:25:14 2003

Elapsed time: 156 seconds
Total loop: 196 generations

Result : 186.794

1 22 34 48 52 33 2 8 54 40 13 47 31 4 15 38 39 16 41 25 37 19 50 32 11 7 27 30 49 28 17 26 43 5 36 42 6 24 3 35 45 53 21 44 51 46 9 18 10 29 20 23 14 12 

 1 22 34 48 52 33	 => 190
 2 33 52 8 54 40	 => 189
 13 40 54 47 31 4	 => 189
 34 15 38 39 16 48	 => 190
 52 48 16 41 25 8	 => 190
 54 8 25 37 19 47	 => 190
 31 47 19 50 32 11	 => 190
 38 7 27 30 49 39	 => 190
 16 39 49 28 17 41	 => 190
 25 41 17 26 43 37	 => 189
 19 37 43 5 36 50	 => 190
 32 50 36 42 6 24	 => 190
 49 30 3 35 45 28	 => 190
 17 28 45 53 21 26	 => 190
 43 26 21 44 51 5	 => 190
 36 5 51 46 9 42	 => 189
 45 35 18 10 29 53	 => 190
 21 53 29 20 23 44	 => 190
 51 44 23 14 12 46	 => 190


===================[TEST 7]===================

##### START ##### Wed May 14 23:25:14 2003



##### CONVERGE ##### Wed May 14 23:27:05 2003

Elapsed time: 111 seconds
Total loop: 140 generations

Result : 186.163

25 11 17 50 46 40 4 16 35 48 5 49 31 20 13 27 54 28 23 26 44 19 47 36 6 22 3 30 53 10 21 37 38 9 32 52 7 15 12 33 51 45 24 42 39 43 14 18 1 41 8 29 2 34 

 25 11 17 50 46 40	 => 189
 4 40 46 16 35 48	 => 189
 5 48 35 49 31 20	 => 188
 17 13 27 54 28 50	 => 189
 46 50 28 23 26 16	 => 189
 35 16 26 44 19 49	 => 189
 31 49 19 47 36 6	 => 188
 27 22 3 30 53 54	 => 189
 28 54 53 10 21 23	 => 189
 26 23 21 37 38 44	 => 189
 19 44 38 9 32 47	 => 189
 36 47 32 52 7 15	 => 189
 53 30 12 33 51 10	 => 189
 21 10 51 45 24 37	 => 188
 38 37 24 42 39 9	 => 189
 32 9 39 43 14 52	 => 189
 51 33 18 1 41 45	 => 189
 24 45 41 8 29 42	 => 189
 39 42 29 2 34 43	 => 189


===================[TEST 8]===================

##### START ##### Wed May 14 23:27:05 2003



##### CONVERGE ##### Wed May 14 23:29:14 2003

Elapsed time: 129 seconds
Total loop: 163 generations

Result : 187.478

20 5 43 53 40 30 13 16 41 50 15 45 34 6 3 36 38 17 31 33 35 21 47 39 4 27 11 26 52 23 29 37 25 14 48 42 12 2 7 54 28 49 24 46 44 32 10 18 22 19 1 51 9 8 

 20 5 43 53 40 30	 => 191
 13 30 40 16 41 50	 => 190
 15 50 41 45 34 6	 => 191
 43 3 36 38 17 53	 => 190
 40 53 17 31 33 16	 => 190
 41 16 33 35 21 45	 => 191
 34 45 21 47 39 4	 => 190
 36 27 11 26 52 38	 => 190
 17 38 52 23 29 31	 => 190
 33 31 29 37 25 35	 => 190
 21 35 25 14 48 47	 => 190
 39 47 48 42 12 2	 => 190
 52 26 7 54 28 23	 => 190
 29 23 28 49 24 37	 => 190
 25 37 24 46 44 14	 => 190
 48 14 44 32 10 42	 => 190
 28 54 18 22 19 49	 => 190
 24 49 19 1 51 46	 => 190
 44 46 51 9 8 32	 => 190


===================[TEST 9]===================

##### START ##### Wed May 14 23:29:14 2003



##### CONVERGE ##### Wed May 14 23:31:31 2003

Elapsed time: 137 seconds
Total loop: 173 generations

Result : 188.306

11 18 26 43 51 41 2 14 46 36 6 48 39 15 1 45 52 23 32 27 38 17 49 33 4 7 9 35 42 21 20 44 29 3 54 30 5 19 8 50 34 47 24 37 53 40 10 25 12 22 28 31 16 13 

 11 18 26 43 51 41	 => 190
 2 41 51 14 46 36	 => 190
 6 36 46 48 39 15	 => 190
 26 1 45 52 23 43	 => 190
 51 43 23 32 27 14	 => 190
 46 14 27 38 17 48	 => 190
 39 48 17 49 33 4	 => 190
 45 7 9 35 42 52	 => 190
 23 52 42 21 20 32	 => 190
 27 32 20 44 29 38	 => 190
 17 38 29 3 54 49	 => 190
 33 49 54 30 5 19	 => 190
 42 35 8 50 34 21	 => 190
 20 21 34 47 24 44	 => 190
 29 44 24 37 53 3	 => 190
 54 3 53 40 10 30	 => 190
 34 50 25 12 22 47	 => 190
 24 47 22 28 31 37	 => 189
 53 37 31 16 13 40	 => 190


===================[TEST 10]===================

##### START ##### Wed May 14 23:31:31 2003



##### CONVERGE ##### Wed May 14 23:33:45 2003

Elapsed time: 134 seconds
Total loop: 169 generations

Result : 187.412

15 20 29 54 33 38 1 22 48 47 14 32 30 18 9 24 52 21 31 28 19 40 37 42 8 11 17 46 39 10 36 50 25 16 53 41 3 13 23 26 45 44 4 51 43 34 2 27 12 35 6 49 5 7 

 15 20 29 54 33 38	 => 189
 1 38 33 22 48 47	 => 189
 14 47 48 32 30 18	 => 189
 29 9 24 52 21 54	 => 189
 33 54 21 31 28 22	 => 189
 48 22 28 19 40 32	 => 189
 30 32 40 37 42 8	 => 189
 24 11 17 46 39 52	 => 189
 21 52 39 10 36 31	 => 189
 28 31 36 50 25 19	 => 189
 40 19 25 16 53 37	 => 190
 42 37 53 41 3 13	 => 189
 39 46 23 26 45 10	 => 189
 36 10 45 44 4 50	 => 189
 25 50 4 51 43 16	 => 189
 53 16 43 34 2 41	 => 189
 45 26 27 12 35 44	 => 189
 4 44 35 6 49 51	 => 189
 43 51 49 5 7 34	 => 189



test#	fitness		sum		time
---------------------------------------------------
1	186.823				159
2	187.163				135
3	186.823				124
4	186.478				138
5	187.85				156
6	186.794				156
7	186.163				111
8	187.478				129
9	188.306				137
10	187.412				134


---------------------------------------------------
Best fitness      : 188.306 ( test# 9)
Shortest time     : 111 ( test# 7)

Average fitness   : 187.129
Average time      : 137.9
