****************** GA TEST *******************

total test#:			 10
hexa min width:			 3
hexa max width:			 5
hexa count:			 19
number count:			 54
population size:		 60
generation size:		 12

tournament winner p:		 1
do xover p:			 1
xover:				 2points
do mutation1 p:			 0.1
mutation1 p:			 0.05
do optimize p:			 1
local optimize count:		 6000
do deep better optimize p:	 1
do deep worse optimize p:	 0
do spin p:			 0
spin count:			 1000
do spin apply p:		 1
do mutation2 p:			 0.12
mutation2 p:			 0.08
force mutation2:		 0
replace bad p:			 0.195

converge rate p:		 0.99
converge count:			 1

**********************************************


===================[TEST 1]===================

##### START ##### Wed May 14 19:48:29 2003



##### CONVERGE ##### Wed May 14 19:50:28 2003

Elapsed time: 119 seconds
Total loop: 186 generations

Result : 187.163

27 4 28 51 47 33 6 18 38 48 5 43 35 20 12 29 49 21 23 30 36 25 52 32 3 7 22 37 46 10 41 44 16 11 50 40 13 2 17 54 26 45 24 42 53 34 1 19 15 31 9 39 14 8 

 27 4 28 51 47 33	 => 190
 6 33 47 18 38 48	 => 190
 5 48 38 43 35 20	 => 189
 28 12 29 49 21 51	 => 190
 47 51 21 23 30 18	 => 190
 38 18 30 36 25 43	 => 190
 35 43 25 52 32 3	 => 190
 29 7 22 37 46 49	 => 190
 21 49 46 10 41 23	 => 190
 30 23 41 44 16 36	 => 190
 25 36 16 11 50 52	 => 190
 32 52 50 40 13 2	 => 189
 46 37 17 54 26 10	 => 190
 41 10 26 45 24 44	 => 190
 16 44 24 42 53 11	 => 190
 50 11 53 34 1 40	 => 189
 26 54 19 15 31 45	 => 190
 24 45 31 9 39 42	 => 190
 53 42 39 14 8 34	 => 190


===================[TEST 2]===================

##### START ##### Wed May 14 19:50:28 2003



##### CONVERGE ##### Wed May 14 19:52:26 2003

Elapsed time: 118 seconds
Total loop: 186 generations

Result : 187.64

7 15 31 53 50 34 2 20 51 33 19 40 37 10 3 49 42 12 29 26 45 8 48 52 5 1 17 27 54 24 28 41 21 30 38 23 6 22 14 36 35 46 16 43 39 47 13 25 4 44 9 32 11 18 

 7 15 31 53 50 34	 => 190
 2 34 50 20 51 33	 => 190
 19 33 51 40 37 10	 => 190
 31 3 49 42 12 53	 => 190
 50 53 12 29 26 20	 => 190
 51 20 26 45 8 40	 => 190
 37 40 8 48 52 5	 => 190
 49 1 17 27 54 42	 => 190
 12 42 54 24 28 29	 => 189
 26 29 28 41 21 45	 => 190
 8 45 21 30 38 48	 => 190
 52 48 38 23 6 22	 => 189
 54 27 14 36 35 24	 => 190
 28 24 35 46 16 41	 => 190
 21 41 16 43 39 30	 => 190
 38 30 39 47 13 23	 => 190
 35 36 25 4 44 46	 => 190
 16 46 44 9 32 43	 => 190
 39 43 32 11 18 47	 => 190


===================[TEST 3]===================

##### START ##### Wed May 14 19:52:27 2003



##### CONVERGE ##### Wed May 14 19:54:12 2003

Elapsed time: 105 seconds
Total loop: 165 generations

Result : 186.64

3 23 42 41 52 28 13 5 53 38 4 48 45 1 2 49 43 11 54 26 32 25 24 35 12 18 14 36 29 31 21 19 37 20 51 30 15 34 7 40 46 50 22 44 47 33 8 17 9 27 6 39 10 16 

 3 23 42 41 52 28	 => 189
 13 28 52 5 53 38	 => 189
 4 38 53 48 45 1	 => 189
 42 2 49 43 11 41	 => 188
 52 41 11 54 26 5	 => 189
 53 5 26 32 25 48	 => 189
 45 48 25 24 35 12	 => 189
 49 18 14 36 29 43	 => 189
 11 43 29 31 21 54	 => 189
 26 54 21 19 37 32	 => 189
 25 32 37 20 51 24	 => 189
 35 24 51 30 15 34	 => 189
 29 36 7 40 46 31	 => 189
 21 31 46 50 22 19	 => 189
 37 19 22 44 47 20	 => 189
 51 20 47 33 8 30	 => 189
 46 40 17 9 27 50	 => 189
 22 50 27 6 39 44	 => 188
 47 44 39 10 16 33	 => 189


===================[TEST 4]===================

##### START ##### Wed May 14 19:54:12 2003



##### CONVERGE ##### Wed May 14 19:55:40 2003

Elapsed time: 88 seconds
Total loop: 137 generations

Result : 186.478

27 14 12 53 49 34 3 24 39 40 10 54 45 2 8 50 51 15 22 26 35 11 48 30 1 4 7 31 46 19 36 37 33 21 42 44 5 20 9 52 32 38 28 47 23 43 16 25 13 29 6 41 17 18 

 27 14 12 53 49 34	 => 189
 3 34 49 24 39 40	 => 189
 10 40 39 54 45 2	 => 190
 12 8 50 51 15 53	 => 189
 49 53 15 22 26 24	 => 189
 39 24 26 35 11 54	 => 189
 45 54 11 48 30 1	 => 189
 50 4 7 31 46 51	 => 189
 15 51 46 19 36 22	 => 189
 26 22 36 37 33 35	 => 189
 11 35 33 21 42 48	 => 190
 30 48 42 44 5 20	 => 189
 46 31 9 52 32 19	 => 189
 36 19 32 38 28 37	 => 190
 33 37 28 47 23 21	 => 189
 42 21 23 43 16 44	 => 189
 32 52 25 13 29 38	 => 189
 28 38 29 6 41 47	 => 189
 23 47 41 17 18 43	 => 189


===================[TEST 5]===================

##### START ##### Wed May 14 19:55:40 2003



##### CONVERGE ##### Wed May 14 19:57:28 2003

Elapsed time: 108 seconds
Total loop: 168 generations

Result : 187.478

31 10 29 52 45 23 19 18 53 33 3 47 48 6 2 49 44 14 36 25 30 17 50 27 1 15 11 26 46 22 28 37 34 16 43 38 20 12 13 41 42 40 21 32 51 35 7 8 5 54 4 39 9 24 

 31 10 29 52 45 23	 => 190
 19 23 45 18 53 33	 => 191
 3 33 53 47 48 6	 => 190
 29 2 49 44 14 52	 => 190
 45 52 14 36 25 18	 => 190
 53 18 25 30 17 47	 => 190
 48 47 17 50 27 1	 => 190
 49 15 11 26 46 44	 => 191
 14 44 46 22 28 36	 => 190
 25 36 28 37 34 30	 => 190
 17 30 34 16 43 50	 => 190
 27 50 43 38 20 12	 => 190
 46 26 13 41 42 22	 => 190
 28 22 42 40 21 37	 => 190
 34 37 21 32 51 16	 => 191
 43 16 51 35 7 38	 => 190
 42 41 8 5 54 40	 => 190
 21 40 54 4 39 32	 => 190
 51 32 39 9 24 35	 => 190


===================[TEST 6]===================

##### START ##### Wed May 14 19:57:28 2003



##### CONVERGE ##### Wed May 14 19:59:17 2003

Elapsed time: 109 seconds
Total loop: 171 generations

Result : 187.64

1 20 27 44 48 50 9 12 49 22 15 43 45 16 5 51 52 11 42 32 33 21 38 36 7 14 6 37 30 24 31 17 34 18 46 35 10 25 13 47 39 53 26 41 54 29 8 4 19 28 2 40 23 3 

 1 20 27 44 48 50	 => 190
 9 50 48 12 49 22	 => 190
 15 22 49 43 45 16	 => 190
 27 5 51 52 11 44	 => 190
 48 44 11 42 32 12	 => 189
 49 12 32 33 21 43	 => 190
 45 43 21 38 36 7	 => 190
 51 14 6 37 30 52	 => 190
 11 52 30 24 31 42	 => 190
 32 42 31 17 34 33	 => 189
 21 33 34 18 46 38	 => 190
 36 38 46 35 10 25	 => 190
 30 37 13 47 39 24	 => 190
 31 24 39 53 26 17	 => 190
 34 17 26 41 54 18	 => 190
 46 18 54 29 8 35	 => 190
 39 47 4 19 28 53	 => 190
 26 53 28 2 40 41	 => 190
 54 41 40 23 3 29	 => 190


===================[TEST 7]===================

##### START ##### Wed May 14 19:59:18 2003



##### CONVERGE ##### Wed May 14 20:02:42 2003

Elapsed time: 204 seconds
Total loop: 321 generations

Result : 187.85

7 13 40 54 48 28 11 9 50 44 8 52 35 1 5 24 49 18 32 29 27 23 45 33 3 22 14 30 51 21 19 47 36 6 53 31 2 26 4 43 41 37 25 34 42 46 12 20 10 39 17 38 16 15 

 7 13 40 54 48 28	 => 190
 11 28 48 9 50 44	 => 190
 8 44 50 52 35 1	 => 190
 40 5 24 49 18 54	 => 190
 48 54 18 32 29 9	 => 190
 50 9 29 27 23 52	 => 190
 35 52 23 45 33 3	 => 191
 24 22 14 30 51 49	 => 190
 18 49 51 21 19 32	 => 190
 29 32 19 47 36 27	 => 190
 23 27 36 6 53 45	 => 190
 33 45 53 31 2 26	 => 190
 51 30 4 43 41 21	 => 190
 19 21 41 37 25 47	 => 190
 36 47 25 34 42 6	 => 190
 53 6 42 46 12 31	 => 190
 41 43 20 10 39 37	 => 190
 25 37 39 17 38 34	 => 190
 42 34 38 16 15 46	 => 191


===================[TEST 8]===================

##### START ##### Wed May 14 20:02:43 2003



##### CONVERGE ##### Wed May 14 20:04:36 2003

Elapsed time: 113 seconds
Total loop: 177 generations

Result : 187.215

8 9 54 36 52 31 10 22 37 38 16 43 41 15 7 34 53 6 29 45 30 14 50 32 11 5 1 46 51 18 33 28 25 27 44 47 13 4 12 24 39 49 23 40 48 21 3 26 17 35 2 42 19 20 

 8 9 54 36 52 31	 => 190
 10 31 52 22 37 38	 => 190
 16 38 37 43 41 15	 => 190
 54 7 34 53 6 36	 => 190
 52 36 6 29 45 22	 => 190
 37 22 45 30 14 43	 => 191
 41 43 14 50 32 11	 => 191
 34 5 1 46 51 53	 => 190
 6 53 51 18 33 29	 => 190
 45 29 33 28 25 30	 => 190
 14 30 25 27 44 50	 => 190
 32 50 44 47 13 4	 => 190
 51 46 12 24 39 18	 => 190
 33 18 39 49 23 28	 => 190
 25 28 23 40 48 27	 => 191
 44 27 48 21 3 47	 => 190
 39 24 26 17 35 49	 => 190
 23 49 35 2 42 40	 => 191
 48 40 42 19 20 21	 => 190


===================[TEST 9]===================

##### START ##### Wed May 14 20:04:36 2003



##### CONVERGE ##### Wed May 14 20:06:07 2003

Elapsed time: 91 seconds
Total loop: 141 generations

Result : 185.163

5 11 47 48 51 25 4 21 53 34 3 43 24 31 1 40 44 8 23 37 22 12 38 41 30 17 6 32 49 14 50 26 29 35 52 27 10 20 15 42 36 46 16 54 28 39 7 33 13 18 9 45 2 19 

 5 11 47 48 51 25	 => 187
 4 25 51 21 53 34	 => 188
 3 34 53 43 24 31	 => 188
 47 1 40 44 8 48	 => 188
 51 48 8 23 37 21	 => 188
 53 21 37 22 12 43	 => 188
 24 43 12 38 41 30	 => 188
 40 17 6 32 49 44	 => 188
 8 44 49 14 50 23	 => 188
 37 23 50 26 29 22	 => 187
 12 22 29 35 52 38	 => 188
 41 38 52 27 10 20	 => 188
 49 32 15 42 36 14	 => 188
 50 14 36 46 16 26	 => 188
 29 26 16 54 28 35	 => 188
 52 35 28 39 7 27	 => 188
 36 42 33 13 18 46	 => 188
 16 46 18 9 45 54	 => 188
 28 54 45 2 19 39	 => 187


===================[TEST 10]===================

##### START ##### Wed May 14 20:06:08 2003



##### CONVERGE ##### Wed May 14 20:07:40 2003

Elapsed time: 92 seconds
Total loop: 142 generations

Result : 186.85

12 17 25 43 53 39 1 27 32 37 7 49 48 16 14 47 40 20 28 18 52 11 46 33 2 19 4 35 44 23 34 36 21 5 54 45 3 9 8 38 41 29 26 51 50 22 13 24 15 42 10 31 30 6 

 12 17 25 43 53 39	 => 189
 1 39 53 27 32 37	 => 189
 7 37 32 49 48 16	 => 189
 25 14 47 40 20 43	 => 189
 53 43 20 28 18 27	 => 189
 32 27 18 52 11 49	 => 189
 48 49 11 46 33 2	 => 189
 47 19 4 35 44 40	 => 189
 20 40 44 23 34 28	 => 189
 18 28 34 36 21 52	 => 189
 11 52 21 5 54 46	 => 189
 33 46 54 45 3 9	 => 190
 44 35 8 38 41 23	 => 189
 34 23 41 29 26 36	 => 189
 21 36 26 51 50 5	 => 189
 54 5 50 22 13 45	 => 189
 41 38 24 15 42 29	 => 189
 26 29 42 10 31 51	 => 189
 50 51 31 30 6 22	 => 190



test#	fitness		sum		time
---------------------------------------------------
1	187.163				119
2	187.64				118
3	186.64				105
4	186.478				88
5	187.478				108
6	187.64				109
7	187.85				204
8	187.215				113
9	185.163				91
10	186.85				92


---------------------------------------------------
Best fitness      : 187.85 ( test# 7)
Shortest time     : 88 ( test# 4)

Average fitness   : 187.012
Average time      : 114.7
