****************** GA TEST *******************

total test#:			 10
hexa min width:			 3
hexa max width:			 5
hexa count:			 19
number count:			 54
population size:		 30
generation size:		 6

tournament winner p:		 1
do xover p:			 1
xover:				 2points
do mutation1 p:			 0.1
mutation1 p:			 0.05
do optimize p:			 1
local optimize count:		 6000
do deep better optimize p:	 1
do deep worse optimize p:	 0
do spin p:			 0
spin count:			 1000
do spin apply p:		 1
do mutation2 p:			 0.12
mutation2 p:			 0.08
force mutation2:		 0
replace bad p:			 0.195

converge rate p:		 0.99
converge count:			 1

**********************************************


===================[TEST 1]===================

##### START ##### Wed May 14 16:42:54 2003



##### CONVERGE ##### Wed May 14 16:43:29 2003

Elapsed time: 35 seconds
Total loop: 111 generations

Result : 184.85

6 10 27 40 54 50 2 24 21 36 23 45 53 9 20 29 49 22 15 32 46 19 28 31 11 18 4 47 41 16 44 12 38 13 43 51 26 8 14 33 37 48 30 52 42 35 3 5 25 39 1 17 7 34 

 6 10 27 40 54 50	 => 187
 2 50 54 24 21 36	 => 187
 23 36 21 45 53 9	 => 187
 27 20 29 49 22 40	 => 187
 54 40 22 15 32 24	 => 187
 21 24 32 46 19 45	 => 187
 53 45 19 28 31 11	 => 187
 29 18 4 47 41 49	 => 188
 22 49 41 16 44 15	 => 187
 32 15 44 12 38 46	 => 187
 19 46 38 13 43 28	 => 187
 31 28 43 51 26 8	 => 187
 41 47 14 33 37 16	 => 188
 44 16 37 48 30 12	 => 187
 38 12 30 52 42 13	 => 187
 43 13 42 35 3 51	 => 187
 37 33 5 25 39 48	 => 187
 30 48 39 1 17 52	 => 187
 42 52 17 7 34 35	 => 187


===================[TEST 2]===================

##### START ##### Wed May 14 16:43:29 2003



##### CONVERGE ##### Wed May 14 16:44:00 2003

Elapsed time: 31 seconds
Total loop: 95 generations

Result : 186.215

7 26 43 39 51 23 1 17 53 45 20 52 14 5 2 50 40 16 44 22 32 13 47 54 9 8 21 29 41 18 31 27 33 30 34 36 12 6 25 28 48 42 24 38 37 49 3 15 10 46 4 35 19 11 

 7 26 43 39 51 23	 => 189
 1 23 51 17 53 45	 => 190
 20 45 53 52 14 5	 => 189
 43 2 50 40 16 39	 => 190
 51 39 16 44 22 17	 => 189
 53 17 22 32 13 52	 => 189
 14 52 13 47 54 9	 => 189
 50 8 21 29 41 40	 => 189
 16 40 41 18 31 44	 => 190
 22 44 31 27 33 32	 => 189
 13 32 33 30 34 47	 => 189
 54 47 34 36 12 6	 => 189
 41 29 25 28 48 18	 => 189
 31 18 48 42 24 27	 => 190
 33 27 24 38 37 30	 => 189
 34 30 37 49 3 36	 => 189
 48 28 15 10 46 42	 => 189
 24 42 46 4 35 38	 => 189
 37 38 35 19 11 49	 => 189


===================[TEST 3]===================

##### START ##### Wed May 14 16:44:00 2003



##### CONVERGE ##### Wed May 14 16:44:33 2003

Elapsed time: 33 seconds
Total loop: 104 generations

Result : 184.823

14 18 26 43 32 54 1 12 40 49 4 52 33 10 11 51 29 28 38 36 17 31 50 20 2 16 8 37 47 19 27 45 25 21 44 53 6 15 7 30 48 41 9 46 42 23 5 13 22 34 24 35 39 3 

 14 18 26 43 32 54	 => 187
 1 54 32 12 40 49	 => 188
 4 49 40 52 33 10	 => 188
 26 11 51 29 28 43	 => 188
 32 43 28 38 36 12	 => 189
 40 12 36 17 31 52	 => 188
 33 52 31 50 20 2	 => 188
 51 16 8 37 47 29	 => 188
 28 29 47 19 27 38	 => 188
 36 38 27 45 25 17	 => 188
 31 17 25 21 44 50	 => 188
 20 50 44 53 6 15	 => 188
 47 37 7 30 48 19	 => 188
 27 19 48 41 9 45	 => 189
 25 45 9 46 42 21	 => 188
 44 21 42 23 5 53	 => 188
 48 30 13 22 34 41	 => 188
 9 41 34 24 35 46	 => 189
 42 46 35 39 3 23	 => 188


===================[TEST 4]===================

##### START ##### Wed May 14 16:44:33 2003



##### CONVERGE ##### Wed May 14 16:45:14 2003

Elapsed time: 41 seconds
Total loop: 127 generations

Result : 185.571

15 16 18 53 35 52 9 11 32 50 3 44 46 14 1 48 47 22 26 43 34 25 51 17 6 10 8 36 40 30 24 33 29 13 37 38 27 20 7 31 45 39 19 41 54 42 5 4 21 49 12 28 2 23 

 15 16 18 53 35 52	 => 189
 9 52 35 11 32 50	 => 189
 3 50 32 44 46 14	 => 189
 18 1 48 47 22 53	 => 189
 35 53 22 26 43 11	 => 190
 32 11 43 34 25 44	 => 189
 46 44 25 51 17 6	 => 189
 48 10 8 36 40 47	 => 189
 22 47 40 30 24 26	 => 189
 43 26 24 33 29 34	 => 189
 25 34 29 13 37 51	 => 189
 17 51 37 38 27 20	 => 190
 40 36 7 31 45 30	 => 189
 24 30 45 39 19 33	 => 190
 29 33 19 41 54 13	 => 189
 37 13 54 42 5 38	 => 189
 45 31 4 21 49 39	 => 189
 19 39 49 12 28 41	 => 188
 54 41 28 2 23 42	 => 190


===================[TEST 5]===================

##### START ##### Wed May 14 16:45:14 2003



##### CONVERGE ##### Wed May 14 16:45:56 2003

Elapsed time: 42 seconds
Total loop: 130 generations

Result : 184.306

7 1 44 50 54 30 10 20 35 37 8 41 33 32 3 11 51 27 4 31 38 21 39 46 6 19 12 45 48 13 43 52 18 36 34 25 28 14 15 42 23 53 2 49 29 40 22 5 16 47 9 26 17 24 

 7 1 44 50 54 30	 => 186
 10 30 54 20 35 37	 => 186
 8 37 35 41 33 32	 => 186
 44 3 11 51 27 50	 => 186
 54 50 27 4 31 20	 => 186
 35 20 31 38 21 41	 => 186
 33 41 21 39 46 6	 => 186
 11 19 12 45 48 51	 => 186
 27 51 48 13 43 4	 => 186
 31 4 43 52 18 38	 => 186
 21 38 18 36 34 39	 => 186
 46 39 34 25 28 14	 => 186
 48 45 15 42 23 13	 => 186
 43 13 23 53 2 52	 => 186
 18 52 2 49 29 36	 => 186
 34 36 29 40 22 25	 => 186
 23 42 5 16 47 53	 => 186
 2 53 47 9 26 49	 => 186
 29 49 26 17 24 40	 => 185


===================[TEST 6]===================

##### START ##### Wed May 14 16:45:56 2003



##### CONVERGE ##### Wed May 14 16:46:36 2003

Elapsed time: 40 seconds
Total loop: 127 generations

Result : 186.163

19 21 51 33 45 20 8 31 43 42 9 44 38 13 6 54 35 10 40 30 17 24 49 23 11 3 1 50 46 22 36 27 39 12 48 47 7 14 5 32 34 41 29 28 53 25 4 26 18 37 2 52 16 15 

 19 21 51 33 45 20	 => 189
 8 20 45 31 43 42	 => 189
 9 42 43 44 38 13	 => 189
 51 6 54 35 10 33	 => 189
 45 33 10 40 30 31	 => 189
 43 31 30 17 24 44	 => 189
 38 44 24 49 23 11	 => 189
 54 3 1 50 46 35	 => 189
 10 35 46 22 36 40	 => 189
 30 40 36 27 39 17	 => 189
 24 17 39 12 48 49	 => 189
 23 49 48 47 7 14	 => 188
 46 50 5 32 34 22	 => 189
 36 22 34 41 29 27	 => 189
 39 27 29 28 53 12	 => 188
 48 12 53 25 4 47	 => 189
 34 32 26 18 37 41	 => 188
 29 41 37 2 52 28	 => 189
 53 28 52 16 15 25	 => 189


===================[TEST 7]===================

##### START ##### Wed May 14 16:46:37 2003



##### CONVERGE ##### Wed May 14 16:47:17 2003

Elapsed time: 40 seconds
Total loop: 127 generations

Result : 185.501

33 1 34 46 43 32 23 13 54 24 6 41 44 20 4 27 50 28 22 37 29 15 48 35 5 16 11 45 39 3 47 17 36 9 52 26 7 21 2 49 51 40 31 42 53 30 19 10 14 25 12 38 18 8 

 33 1 34 46 43 32	 => 189
 23 32 43 13 54 24	 => 189
 6 24 54 41 44 20	 => 189
 34 4 27 50 28 46	 => 189
 43 46 28 22 37 13	 => 189
 54 13 37 29 15 41	 => 189
 44 41 15 48 35 5	 => 188
 27 16 11 45 39 50	 => 188
 28 50 39 3 47 22	 => 189
 37 22 47 17 36 29	 => 188
 15 29 36 9 52 48	 => 189
 35 48 52 26 7 21	 => 189
 39 45 2 49 51 3	 => 189
 47 3 51 40 31 17	 => 189
 36 17 31 42 53 9	 => 188
 52 9 53 30 19 26	 => 189
 51 49 10 14 25 40	 => 189
 31 40 25 12 38 42	 => 188
 53 42 38 18 8 30	 => 189


===================[TEST 8]===================

##### START ##### Wed May 14 16:47:17 2003



##### CONVERGE ##### Wed May 14 16:47:39 2003

Elapsed time: 22 seconds
Total loop: 70 generations

Result : 181.628

33 7 26 34 43 42 5 15 25 54 21 35 30 20 19 39 36 31 16 46 41 24 52 38 6 10 2 48 50 23 29 44 9 47 11 49 18 17 4 28 32 45 12 51 22 53 3 27 13 40 1 37 8 14 

 33 7 26 34 43 42	 => 185
 5 42 43 15 25 54	 => 184
 21 54 25 35 30 20	 => 185
 26 19 39 36 31 34	 => 185
 43 34 31 16 46 15	 => 185
 25 15 46 41 24 35	 => 186
 30 35 24 52 38 6	 => 185
 39 10 2 48 50 36	 => 185
 31 36 50 23 29 16	 => 185
 46 16 29 44 9 41	 => 185
 24 41 9 47 11 52	 => 184
 38 52 11 49 18 17	 => 185
 50 48 4 28 32 23	 => 185
 29 23 32 45 12 44	 => 185
 9 44 12 51 22 47	 => 185
 11 47 22 53 3 49	 => 185
 32 28 27 13 40 45	 => 185
 12 45 40 1 37 51	 => 186
 22 51 37 8 14 53	 => 185


===================[TEST 9]===================

##### START ##### Wed May 14 16:47:40 2003



##### CONVERGE ##### Wed May 14 16:48:09 2003

Elapsed time: 29 seconds
Total loop: 92 generations

Result : 184.857

18 5 31 54 37 43 6 15 52 35 21 51 28 1 9 38 46 11 40 32 27 12 49 47 2 19 7 44 34 17 41 22 26 50 25 39 20 8 16 24 53 42 14 48 29 33 13 30 4 36 3 45 10 23 

 18 5 31 54 37 43	 => 188
 6 43 37 15 52 35	 => 188
 21 35 52 51 28 1	 => 188
 31 9 38 46 11 54	 => 189
 37 54 11 40 32 15	 => 189
 52 15 32 27 12 51	 => 189
 28 51 12 49 47 2	 => 189
 38 19 7 44 34 46	 => 188
 11 46 34 17 41 40	 => 189
 32 40 41 22 26 27	 => 188
 12 27 26 50 25 49	 => 189
 47 49 25 39 20 8	 => 188
 34 44 16 24 53 17	 => 188
 41 17 53 42 14 22	 => 189
 26 22 14 48 29 50	 => 189
 25 50 29 33 13 39	 => 189
 53 24 30 4 36 42	 => 189
 14 42 36 3 45 48	 => 188
 29 48 45 10 23 33	 => 188


===================[TEST 10]===================

##### START ##### Wed May 14 16:48:09 2003



##### CONVERGE ##### Wed May 14 16:48:37 2003

Elapsed time: 28 seconds
Total loop: 83 generations

Result : 186.163

6 10 42 45 54 31 3 11 53 37 8 44 32 14 7 30 50 15 39 25 38 18 43 40 12 26 13 49 21 28 36 24 27 22 41 29 1 34 5 35 51 33 17 52 47 46 4 2 20 48 23 16 9 19 

 6 10 42 45 54 31	 => 188
 3 31 54 11 53 37	 => 189
 8 37 53 44 32 14	 => 188
 42 7 30 50 15 45	 => 189
 54 45 15 39 25 11	 => 189
 53 11 25 38 18 44	 => 189
 32 44 18 43 40 12	 => 189
 30 26 13 49 21 50	 => 189
 15 50 21 28 36 39	 => 189
 25 39 36 24 27 38	 => 189
 18 38 27 22 41 43	 => 189
 40 43 41 29 1 34	 => 188
 21 49 5 35 51 28	 => 189
 36 28 51 33 17 24	 => 189
 27 24 17 52 47 22	 => 189
 41 22 47 46 4 29	 => 189
 51 35 2 20 48 33	 => 189
 17 33 48 23 16 52	 => 189
 47 52 16 9 19 46	 => 189



test#	fitness		sum		time
---------------------------------------------------
1	184.85				35
2	186.215				31
3	184.823				33
4	185.571				41
5	184.306				42
6	186.163				40
7	185.501				40
8	181.628				22
9	184.857				29
10	186.163				28


---------------------------------------------------
Best fitness      : 186.215 ( test# 2)
Shortest time     : 22 ( test# 8)

Average fitness   : 185.008
Average time      : 34.1
