****************** GA TEST *******************

total test#:			 10
hexa min width:			 3
hexa max width:			 5
hexa count:			 19
number count:			 54
population size:		 20
generation size:		 12

tournament winner p:		 1
do xover p:			 1
xover:				 2points
do mutation1 p:			 0.1
mutation1 p:			 0.05
do optimize p:			 1
local optimize count:		 6000
do deep better optimize p:	 1
do deep worse optimize p:	 0
do spin p:			 0
spin count:			 1000
do spin apply p:		 1
do mutation2 p:			 0.12
mutation2 p:			 0.08
force mutation2:		 0
replace bad p:			 0.195

converge rate p:		 0.99
converge count:			 1

**********************************************


===================[TEST 1]===================

##### START ##### Wed May 14 19:08:38 2003



##### CONVERGE ##### Wed May 14 19:08:54 2003

Elapsed time: 16 seconds
Total loop: 26 generations

Result : 181.794

27 15 23 36 33 51 5 42 35 18 13 53 20 46 14 43 44 24 39 11 28 16 49 34 12 29 8 30 31 26 21 37 48 6 38 32 25 7 3 50 45 54 2 52 40 47 22 10 9 17 19 41 1 4 

 27 15 23 36 33 51	 => 185
 5 51 33 42 35 18	 => 184
 13 18 35 53 20 46	 => 185
 23 14 43 44 24 36	 => 184
 33 36 24 39 11 42	 => 185
 35 42 11 28 16 53	 => 185
 20 53 16 49 34 12	 => 184
 43 29 8 30 31 44	 => 185
 24 44 31 26 21 39	 => 185
 11 39 21 37 48 28	 => 184
 16 28 48 6 38 49	 => 185
 34 49 38 32 25 7	 => 185
 31 30 3 50 45 26	 => 185
 21 26 45 54 2 37	 => 185
 48 37 2 52 40 6	 => 185
 38 6 40 47 22 32	 => 185
 45 50 10 9 17 54	 => 185
 2 54 17 19 41 52	 => 185
 40 52 41 1 4 47	 => 185


===================[TEST 2]===================

##### START ##### Wed May 14 19:08:54 2003



##### CONVERGE ##### Wed May 14 19:09:26 2003

Elapsed time: 32 seconds
Total loop: 49 generations

Result : 185.087

9 21 40 33 49 37 24 10 36 32 12 41 46 22 4 53 43 15 47 35 38 29 52 16 5 8 7 44 34 20 30 27 11 28 31 51 25 14 3 42 45 48 19 50 54 23 1 2 13 39 6 26 17 18 

 9 21 40 33 49 37	 => 189
 24 37 49 10 36 32	 => 188
 12 32 36 41 46 22	 => 189
 40 4 53 43 15 33	 => 188
 49 33 15 47 35 10	 => 189
 36 10 35 38 29 41	 => 189
 46 41 29 52 16 5	 => 189
 53 8 7 44 34 43	 => 189
 15 43 34 20 30 47	 => 189
 35 47 30 27 11 38	 => 188
 29 38 11 28 31 52	 => 189
 16 52 31 51 25 14	 => 189
 34 44 3 42 45 20	 => 188
 30 20 45 48 19 27	 => 189
 11 27 19 50 54 28	 => 189
 31 28 54 23 1 51	 => 188
 45 42 2 13 39 48	 => 189
 19 48 39 6 26 50	 => 188
 54 50 26 17 18 23	 => 188


===================[TEST 3]===================

##### START ##### Wed May 14 19:09:26 2003



##### CONVERGE ##### Wed May 14 19:09:55 2003

Elapsed time: 29 seconds
Total loop: 46 generations

Result : 186.087

18 1 41 39 51 40 13 20 44 21 6 46 36 37 8 35 50 16 26 38 27 15 48 42 3 9 2 49 45 22 30 43 25 23 52 29 14 4 11 31 32 53 10 54 34 47 5 17 24 33 12 28 19 7 

 18 1 41 39 51 40	 => 190
 13 40 51 20 44 21	 => 189
 6 21 44 46 36 37	 => 190
 41 8 35 50 16 39	 => 189
 51 39 16 26 38 20	 => 190
 44 20 38 27 15 46	 => 190
 36 46 15 48 42 3	 => 190
 35 9 2 49 45 50	 => 190
 16 50 45 22 30 26	 => 189
 38 26 30 43 25 27	 => 189
 15 27 25 23 52 48	 => 190
 42 48 52 29 14 4	 => 189
 45 49 11 31 32 22	 => 190
 30 22 32 53 10 43	 => 190
 25 43 10 54 34 23	 => 189
 52 23 34 47 5 29	 => 190
 32 31 17 24 33 53	 => 190
 10 53 33 12 28 54	 => 190
 34 54 28 19 7 47	 => 189


===================[TEST 4]===================

##### START ##### Wed May 14 19:09:56 2003



##### CONVERGE ##### Wed May 14 19:10:32 2003

Elapsed time: 36 seconds
Total loop: 57 generations

Result : 185.215

14 20 35 48 18 53 4 30 47 37 6 27 50 21 11 46 39 10 51 31 38 16 52 41 2 3 17 49 34 28 26 33 9 29 44 24 5 22 12 25 40 42 19 45 54 36 1 15 23 43 7 32 8 13 

 14 20 35 48 18 53	 => 188
 4 53 18 30 47 37	 => 189
 6 37 47 27 50 21	 => 188
 35 11 46 39 10 48	 => 189
 18 48 10 51 31 30	 => 188
 47 30 31 38 16 27	 => 189
 50 27 16 52 41 2	 => 188
 46 3 17 49 34 39	 => 188
 10 39 34 28 26 51	 => 188
 31 51 26 33 9 38	 => 188
 16 38 9 29 44 52	 => 188
 41 52 44 24 5 22	 => 188
 34 49 12 25 40 28	 => 188
 26 28 40 42 19 33	 => 188
 9 33 19 45 54 29	 => 189
 44 29 54 36 1 24	 => 188
 40 25 15 23 43 42	 => 188
 19 42 43 7 32 45	 => 188
 54 45 32 8 13 36	 => 188


===================[TEST 5]===================

##### START ##### Wed May 14 19:10:32 2003



##### CONVERGE ##### Wed May 14 19:10:50 2003

Elapsed time: 18 seconds
Total loop: 28 generations

Result : 184.163

17 21 47 35 52 15 10 34 40 36 13 42 32 24 19 41 33 12 38 16 30 25 50 29 9 18 3 45 46 27 31 51 20 8 54 26 23 5 2 44 22 49 7 53 48 37 14 43 1 28 11 39 6 4 

 17 21 47 35 52 15	 => 187
 10 15 52 34 40 36	 => 187
 13 36 40 42 32 24	 => 187
 47 19 41 33 12 35	 => 187
 52 35 12 38 16 34	 => 187
 40 34 16 30 25 42	 => 187
 32 42 25 50 29 9	 => 187
 41 18 3 45 46 33	 => 186
 12 33 46 27 31 38	 => 187
 16 38 31 51 20 30	 => 186
 25 30 20 8 54 50	 => 187
 29 50 54 26 23 5	 => 187
 46 45 2 44 22 27	 => 186
 31 27 22 49 7 51	 => 187
 20 51 7 53 48 8	 => 187
 54 8 48 37 14 26	 => 187
 22 44 43 1 28 49	 => 187
 7 49 28 11 39 53	 => 187
 48 53 39 6 4 37	 => 187


===================[TEST 6]===================

##### START ##### Wed May 14 19:10:50 2003



##### CONVERGE ##### Wed May 14 19:11:10 2003

Elapsed time: 20 seconds
Total loop: 30 generations

Result : 182.64

36 15 53 16 43 22 2 26 42 49 4 12 54 24 10 52 48 6 44 50 18 37 40 33 9 7 5 38 35 21 31 14 28 17 45 27 29 11 19 32 39 46 34 51 41 47 8 13 25 30 1 23 20 3 

 36 15 53 16 43 22	 => 185
 2 22 43 26 42 49	 => 184
 4 49 42 12 54 24	 => 185
 53 10 52 48 6 16	 => 185
 43 16 6 44 50 26	 => 185
 42 26 50 18 37 12	 => 185
 54 12 37 40 33 9	 => 185
 52 7 5 38 35 48	 => 185
 6 48 35 21 31 44	 => 185
 50 44 31 14 28 18	 => 185
 37 18 28 17 45 40	 => 185
 33 40 45 27 29 11	 => 185
 35 38 19 32 39 21	 => 184
 31 21 39 46 34 14	 => 185
 28 14 34 51 41 17	 => 185
 45 17 41 47 8 27	 => 185
 39 32 13 25 30 46	 => 185
 34 46 30 1 23 51	 => 185
 41 51 23 20 3 47	 => 185


===================[TEST 7]===================

##### START ##### Wed May 14 19:11:10 2003



##### CONVERGE ##### Wed May 14 19:11:43 2003

Elapsed time: 33 seconds
Total loop: 52 generations

Result : 187.163

19 5 44 36 51 34 17 6 33 49 11 54 32 10 4 31 48 27 23 47 30 20 53 29 2 14 13 41 43 25 24 28 38 3 46 39 1 21 9 37 35 52 26 45 50 40 12 8 16 42 7 18 22 15 

 19 5 44 36 51 34	 => 189
 17 34 51 6 33 49	 => 190
 11 49 33 54 32 10	 => 189
 44 4 31 48 27 36	 => 190
 51 36 27 23 47 6	 => 190
 33 6 47 30 20 54	 => 190
 32 54 20 53 29 2	 => 190
 31 14 13 41 43 48	 => 190
 27 48 43 25 24 23	 => 190
 47 23 24 28 38 30	 => 190
 20 30 38 3 46 53	 => 190
 29 53 46 39 1 21	 => 189
 43 41 9 37 35 25	 => 190
 24 25 35 52 26 28	 => 190
 38 28 26 45 50 3	 => 190
 46 3 50 40 12 39	 => 190
 35 37 8 16 42 52	 => 190
 26 52 42 7 18 45	 => 190
 50 45 18 22 15 40	 => 190


===================[TEST 8]===================

##### START ##### Wed May 14 19:11:43 2003



##### CONVERGE ##### Wed May 14 19:12:26 2003

Elapsed time: 43 seconds
Total loop: 66 generations

Result : 187.215

31 16 23 50 45 25 14 17 46 43 2 53 39 7 1 41 54 22 27 29 33 13 52 28 5 15 10 37 34 24 30 35 36 18 38 49 11 12 21 26 48 47 6 51 44 32 9 19 8 42 4 40 20 3 

 31 16 23 50 45 25	 => 190
 14 25 45 17 46 43	 => 190
 2 43 46 53 39 7	 => 190
 23 1 41 54 22 50	 => 191
 45 50 22 27 29 17	 => 190
 46 17 29 33 13 53	 => 191
 39 53 13 52 28 5	 => 190
 41 15 10 37 34 54	 => 191
 22 54 34 24 30 27	 => 191
 29 27 30 35 36 33	 => 190
 13 33 36 18 38 52	 => 190
 28 52 38 49 11 12	 => 190
 34 37 21 26 48 24	 => 190
 30 24 48 47 6 35	 => 190
 36 35 6 51 44 18	 => 190
 38 18 44 32 9 49	 => 190
 48 26 19 8 42 47	 => 190
 6 47 42 4 40 51	 => 190
 44 51 40 20 3 32	 => 190


===================[TEST 9]===================

##### START ##### Wed May 14 19:12:26 2003



##### CONVERGE ##### Wed May 14 19:12:48 2003

Elapsed time: 22 seconds
Total loop: 35 generations

Result : 183.805

5 4 30 54 53 41 19 12 43 20 38 51 10 26 8 34 49 13 23 32 21 28 39 52 7 16 14 33 42 24 36 29 47 17 35 50 2 9 18 27 44 40 15 31 48 37 1 25 6 45 11 46 3 22 

 5 4 30 54 53 41	 => 187
 19 41 53 12 43 20	 => 188
 38 20 43 51 10 26	 => 188
 30 8 34 49 13 54	 => 188
 53 54 13 23 32 12	 => 187
 43 12 32 21 28 51	 => 187
 10 51 28 39 52 7	 => 187
 34 16 14 33 42 49	 => 188
 13 49 42 24 36 23	 => 187
 32 23 36 29 47 21	 => 188
 28 21 47 17 35 39	 => 187
 52 39 35 50 2 9	 => 187
 42 33 18 27 44 24	 => 188
 36 24 44 40 15 29	 => 188
 47 29 15 31 48 17	 => 187
 35 17 48 37 1 50	 => 188
 44 27 25 6 45 40	 => 187
 15 40 45 11 46 31	 => 188
 48 31 46 3 22 37	 => 187


===================[TEST 10]===================

##### START ##### Wed May 14 19:12:48 2003



##### CONVERGE ##### Wed May 14 19:13:15 2003

Elapsed time: 27 seconds
Total loop: 41 generations

Result : 185.15

13 4 42 39 45 46 11 17 49 21 19 48 24 29 1 41 43 23 28 37 18 20 47 40 10 16 2 35 53 9 33 30 44 27 34 38 26 5 6 36 51 52 14 25 50 31 8 3 15 32 12 54 7 22 

 13 4 42 39 45 46	 => 189
 11 46 45 17 49 21	 => 189
 19 21 49 48 24 29	 => 190
 42 1 41 43 23 39	 => 189
 45 39 23 28 37 17	 => 189
 49 17 37 18 20 48	 => 189
 24 48 20 47 40 10	 => 189
 41 16 2 35 53 43	 => 190
 23 43 53 9 33 28	 => 189
 37 28 33 30 44 18	 => 190
 20 18 44 27 34 47	 => 190
 40 47 34 38 26 5	 => 190
 53 35 6 36 51 9	 => 190
 33 9 51 52 14 30	 => 189
 44 30 14 25 50 27	 => 190
 34 27 50 31 8 38	 => 188
 51 36 3 15 32 52	 => 189
 14 52 32 12 54 25	 => 189
 50 25 54 7 22 31	 => 189



test#	fitness		sum		time
---------------------------------------------------
1	181.794				16
2	185.087				32
3	186.087				29
4	185.215				36
5	184.163				18
6	182.64				20
7	187.163				33
8	187.215				43
9	183.805				22
10	185.15				27


---------------------------------------------------
Best fitness      : 187.215 ( test# 8)
Shortest time     : 16 ( test# 1)

Average fitness   : 184.832
Average time      : 27.6
