****************** GA TEST *******************

total test#:			 10
hexa min width:			 3
hexa max width:			 5
hexa count:			 19
number count:			 54
population size:		 60
generation size:		 6

tournament winner p:		 1
do xover p:			 1
xover:				 2points
do mutation1 p:			 0.1
mutation1 p:			 0.05
do optimize p:			 1
local optimize count:		 6000
do deep better optimize p:	 1
do deep worse optimize p:	 0
do spin p:			 0
spin count:			 1000
do spin apply p:		 1
do mutation2 p:			 0.12
mutation2 p:			 0.08
force mutation2:		 0
replace bad p:			 0.195

converge rate p:		 0.99
converge count:			 1

**********************************************


===================[TEST 1]===================

##### START ##### Wed May 14 17:09:39 2003



##### CONVERGE ##### Wed May 14 17:11:08 2003

Elapsed time: 89 seconds
Total loop: 278 generations

Result : 187.85

19 4 40 47 42 38 1 26 48 35 5 54 25 23 7 31 45 20 28 27 17 18 52 32 9 22 2 53 37 14 46 43 29 24 51 34 13 8 6 44 36 39 12 33 49 30 3 10 11 50 15 41 21 16 

 19 4 40 47 42 38	 => 190
 1 38 42 26 48 35	 => 190
 5 35 48 54 25 23	 => 190
 40 7 31 45 20 47	 => 190
 42 47 20 28 27 26	 => 190
 48 26 27 17 18 54	 => 190
 25 54 18 52 32 9	 => 190
 31 22 2 53 37 45	 => 190
 20 45 37 14 46 28	 => 190
 27 28 46 43 29 17	 => 190
 18 17 29 24 51 52	 => 191
 32 52 51 34 13 8	 => 190
 37 53 6 44 36 14	 => 190
 46 14 36 39 12 43	 => 190
 29 43 12 33 49 24	 => 190
 51 24 49 30 3 34	 => 191
 36 44 10 11 50 39	 => 190
 12 39 50 15 41 33	 => 190
 49 33 41 21 16 30	 => 190


===================[TEST 2]===================

##### START ##### Wed May 14 17:11:08 2003



##### CONVERGE ##### Wed May 14 17:12:29 2003

Elapsed time: 81 seconds
Total loop: 255 generations

Result : 187.85

4 18 28 51 44 45 8 16 53 24 22 49 37 5 11 47 43 10 40 29 26 17 48 36 3 14 7 27 52 25 21 41 33 12 54 32 1 19 2 34 50 31 23 42 39 38 15 20 9 46 13 35 6 30 

 4 18 28 51 44 45	 => 190
 8 45 44 16 53 24	 => 190
 22 24 53 49 37 5	 => 190
 28 11 47 43 10 51	 => 190
 44 51 10 40 29 16	 => 190
 53 16 29 26 17 49	 => 190
 37 49 17 48 36 3	 => 190
 47 14 7 27 52 43	 => 190
 10 43 52 25 21 40	 => 191
 29 40 21 41 33 26	 => 190
 17 26 33 12 54 48	 => 190
 36 48 54 32 1 19	 => 190
 52 27 2 34 50 25	 => 190
 21 25 50 31 23 41	 => 191
 33 41 23 42 39 12	 => 190
 54 12 39 38 15 32	 => 190
 50 34 20 9 46 31	 => 190
 23 31 46 13 35 42	 => 190
 39 42 35 6 30 38	 => 190


===================[TEST 3]===================

##### START ##### Wed May 14 17:12:30 2003



##### CONVERGE ##### Wed May 14 17:14:13 2003

Elapsed time: 103 seconds
Total loop: 324 generations

Result : 187.306

11 2 47 53 34 42 3 27 43 40 15 48 36 6 1 30 50 8 54 13 33 25 41 32 7 21 16 44 28 29 20 31 38 17 35 51 18 12 19 23 46 49 14 52 37 45 4 10 22 39 9 26 24 5 

 11 2 47 53 34 42	 => 189
 3 42 34 27 43 40	 => 189
 15 40 43 48 36 6	 => 188
 47 1 30 50 8 53	 => 189
 34 53 8 54 13 27	 => 189
 43 27 13 33 25 48	 => 189
 36 48 25 41 32 7	 => 189
 30 21 16 44 28 50	 => 189
 8 50 28 29 20 54	 => 189
 13 54 20 31 38 33	 => 189
 25 33 38 17 35 41	 => 189
 32 41 35 51 18 12	 => 189
 28 44 19 23 46 29	 => 189
 20 29 46 49 14 31	 => 189
 38 31 14 52 37 17	 => 189
 35 17 37 45 4 51	 => 189
 46 23 10 22 39 49	 => 189
 14 49 39 9 26 52	 => 189
 37 52 26 24 5 45	 => 189


===================[TEST 4]===================

##### START ##### Wed May 14 17:14:14 2003



##### CONVERGE ##### Wed May 14 17:15:33 2003

Elapsed time: 79 seconds
Total loop: 249 generations

Result : 187.163

27 19 18 48 46 32 1 10 50 51 2 52 29 6 17 31 53 23 37 26 36 16 44 38 11 3 15 45 42 7 28 30 33 22 39 35 25 9 14 34 47 54 24 40 41 49 4 20 13 21 8 43 5 12 

 27 19 18 48 46 32	 => 190
 1 32 46 10 50 51	 => 190
 2 51 50 52 29 6	 => 190
 18 17 31 53 23 48	 => 190
 46 48 23 37 26 10	 => 190
 50 10 26 36 16 52	 => 190
 29 52 16 44 38 11	 => 190
 31 3 15 45 42 53	 => 189
 23 53 42 7 28 37	 => 190
 26 37 28 30 33 36	 => 190
 16 36 33 22 39 44	 => 190
 38 44 39 35 25 9	 => 190
 42 45 14 34 47 7	 => 189
 28 7 47 54 24 30	 => 190
 33 30 24 40 41 22	 => 190
 39 22 41 49 4 35	 => 190
 47 34 20 13 21 54	 => 189
 24 54 21 8 43 40	 => 190
 41 40 43 5 12 49	 => 190


===================[TEST 5]===================

##### START ##### Wed May 14 17:15:34 2003



##### CONVERGE ##### Wed May 14 17:18:15 2003

Elapsed time: 161 seconds
Total loop: 511 generations

Result : 187.053

5 27 29 34 54 41 1 21 43 30 13 50 26 28 22 42 46 17 25 40 20 16 53 31 14 2 12 36 52 15 35 38 32 18 51 39 4 11 6 33 48 45 9 44 49 23 10 19 8 37 7 47 24 3 

 5 27 29 34 54 41	 => 190
 1 41 54 21 43 30	 => 190
 13 30 43 50 26 28	 => 190
 29 22 42 46 17 34	 => 190
 54 34 17 25 40 21	 => 191
 43 21 40 20 16 50	 => 190
 26 50 16 53 31 14	 => 190
 42 2 12 36 52 46	 => 190
 17 46 52 15 35 25	 => 190
 40 25 35 38 32 20	 => 190
 16 20 32 18 51 53	 => 190
 31 53 51 39 4 11	 => 189
 52 36 6 33 48 15	 => 190
 35 15 48 45 9 38	 => 190
 32 38 9 44 49 18	 => 190
 51 18 49 23 10 39	 => 190
 48 33 19 8 37 45	 => 190
 9 45 37 7 47 44	 => 189
 49 44 47 24 3 23	 => 190


===================[TEST 6]===================

##### START ##### Wed May 14 17:18:15 2003



##### CONVERGE ##### Wed May 14 17:20:04 2003

Elapsed time: 109 seconds
Total loop: 341 generations

Result : 187.306

32 1 35 41 42 38 2 22 45 40 19 49 21 15 12 43 44 14 52 18 37 17 50 48 4 25 11 30 36 20 23 26 33 13 39 34 8 10 6 46 51 53 16 54 47 27 29 5 3 31 7 28 9 24 

 32 1 35 41 42 38	 => 189
 2 38 42 22 45 40	 => 189
 19 40 45 49 21 15	 => 189
 35 12 43 44 14 41	 => 189
 42 41 14 52 18 22	 => 189
 45 22 18 37 17 49	 => 188
 21 49 17 50 48 4	 => 189
 43 25 11 30 36 44	 => 189
 14 44 36 20 23 52	 => 189
 18 52 23 26 33 37	 => 189
 17 37 33 13 39 50	 => 189
 48 50 39 34 8 10	 => 189
 36 30 6 46 51 20	 => 189
 23 20 51 53 16 26	 => 189
 33 26 16 54 47 13	 => 189
 39 13 47 27 29 34	 => 189
 51 46 5 3 31 53	 => 189
 16 53 31 7 28 54	 => 189
 47 54 28 9 24 27	 => 189


===================[TEST 7]===================

##### START ##### Wed May 14 17:20:04 2003



##### CONVERGE ##### Wed May 14 17:21:50 2003

Elapsed time: 106 seconds
Total loop: 331 generations

Result : 187.85

8 11 37 45 46 43 7 25 27 42 9 54 28 30 10 31 49 18 23 33 34 17 48 29 15 6 13 38 53 21 26 35 39 5 47 41 22 3 2 24 52 36 20 40 51 32 14 12 16 50 1 44 4 19 

 8 11 37 45 46 43	 => 190
 7 43 46 25 27 42	 => 190
 9 42 27 54 28 30	 => 190
 37 10 31 49 18 45	 => 190
 46 45 18 23 33 25	 => 190
 27 25 33 34 17 54	 => 190
 28 54 17 48 29 15	 => 191
 31 6 13 38 53 49	 => 190
 18 49 53 21 26 23	 => 190
 33 23 26 35 39 34	 => 190
 17 34 39 5 47 48	 => 190
 29 48 47 41 22 3	 => 190
 53 38 2 24 52 21	 => 190
 26 21 52 36 20 35	 => 190
 39 35 20 40 51 5	 => 190
 47 5 51 32 14 41	 => 190
 52 24 12 16 50 36	 => 190
 20 36 50 1 44 40	 => 191
 51 40 44 4 19 32	 => 190


===================[TEST 8]===================

##### START ##### Wed May 14 17:21:50 2003



##### CONVERGE ##### Wed May 14 17:22:45 2003

Elapsed time: 55 seconds
Total loop: 172 generations

Result : 185.158

4 9 42 45 54 34 1 5 48 46 15 50 27 2 21 40 37 3 49 32 39 14 31 47 19 20 12 35 44 26 30 16 22 29 53 36 13 7 8 24 51 38 28 52 41 23 6 25 33 17 10 43 11 18 

 4 9 42 45 54 34	 => 188
 1 34 54 5 48 46	 => 188
 15 46 48 50 27 2	 => 188
 42 21 40 37 3 45	 => 188
 54 45 3 49 32 5	 => 188
 48 5 32 39 14 50	 => 188
 27 50 14 31 47 19	 => 188
 40 20 12 35 44 37	 => 188
 3 37 44 26 30 49	 => 189
 32 49 30 16 22 39	 => 188
 14 39 22 29 53 31	 => 188
 47 31 53 36 13 7	 => 187
 44 35 8 24 51 26	 => 188
 30 26 51 38 28 16	 => 189
 22 16 28 52 41 29	 => 188
 53 29 41 23 6 36	 => 188
 51 24 25 33 17 38	 => 188
 28 38 17 10 43 52	 => 188
 41 52 43 11 18 23	 => 188


===================[TEST 9]===================

##### START ##### Wed May 14 17:22:45 2003



##### CONVERGE ##### Wed May 14 17:24:15 2003

Elapsed time: 90 seconds
Total loop: 277 generations

Result : 185.85

14 4 47 33 52 38 1 7 46 44 6 42 28 22 5 43 50 11 37 48 19 26 53 36 3 2 15 27 51 29 10 39 35 21 34 41 8 16 13 45 24 54 32 30 31 49 12 17 25 23 9 40 18 20 

 14 4 47 33 52 38	 => 188
 1 38 52 7 46 44	 => 188
 6 44 46 42 28 22	 => 188
 47 5 43 50 11 33	 => 189
 52 33 11 37 48 7	 => 188
 46 7 48 19 26 42	 => 188
 28 42 26 53 36 3	 => 188
 43 2 15 27 51 50	 => 188
 11 50 51 29 10 37	 => 188
 48 37 10 39 35 19	 => 188
 26 19 35 21 34 53	 => 188
 36 53 34 41 8 16	 => 188
 51 27 13 45 24 29	 => 189
 10 29 24 54 32 39	 => 188
 35 39 32 30 31 21	 => 188
 34 21 31 49 12 41	 => 188
 24 45 17 25 23 54	 => 188
 32 54 23 9 40 30	 => 188
 31 30 40 18 20 49	 => 188


===================[TEST 10]===================

##### START ##### Wed May 14 17:24:15 2003



##### CONVERGE ##### Wed May 14 17:25:50 2003

Elapsed time: 95 seconds
Total loop: 297 generations

Result : 186.85

7 14 29 47 48 45 1 12 50 33 10 52 36 8 2 30 43 38 18 26 34 15 32 51 3 4 22 41 49 13 28 53 31 23 54 37 9 6 5 46 35 44 16 42 24 40 11 17 20 27 21 39 25 19 

 7 14 29 47 48 45	 => 190
 1 45 48 12 50 33	 => 189
 10 33 50 52 36 8	 => 189
 29 2 30 43 38 47	 => 189
 48 47 38 18 26 12	 => 189
 50 12 26 34 15 52	 => 189
 36 52 15 32 51 3	 => 189
 30 4 22 41 49 43	 => 189
 38 43 49 13 28 18	 => 189
 26 18 28 53 31 34	 => 190
 15 34 31 23 54 32	 => 189
 51 32 54 37 9 6	 => 189
 49 41 5 46 35 13	 => 189
 28 13 35 44 16 53	 => 189
 31 53 16 42 24 23	 => 189
 54 23 24 40 11 37	 => 189
 35 46 17 20 27 44	 => 189
 16 44 27 21 39 42	 => 189
 24 42 39 25 19 40	 => 189



test#	fitness		sum		time
---------------------------------------------------
1	187.85				89
2	187.85				81
3	187.306				103
4	187.163				79
5	187.053				161
6	187.306				109
7	187.85				106
8	185.158				55
9	185.85				90
10	186.85				95


---------------------------------------------------
Best fitness      : 187.85 ( test# 1)
Shortest time     : 55 ( test# 8)

Average fitness   : 187.024
Average time      : 96.8
