****************** GA TEST *******************

total test#:			 10
hexa min width:			 3
hexa max width:			 5
hexa count:			 19
number count:			 54
population size:		 100
generation size:		 6

tournament winner p:		 1
do xover p:			 1
xover:				 2points
do mutation1 p:			 0.1
mutation1 p:			 0.05
do optimize p:			 1
local optimize count:		 6000
do deep better optimize p:	 1
do deep worse optimize p:	 0
do spin p:			 0
spin count:			 1000
do spin apply p:		 1
do mutation2 p:			 0.12
mutation2 p:			 0.08
force mutation2:		 0
replace bad p:			 0.195

converge rate p:		 0.99
converge count:			 1

**********************************************


===================[TEST 1]===================

##### START ##### Wed May 14 18:38:00 2003



##### CONVERGE ##### Wed May 14 18:40:49 2003

Elapsed time: 169 seconds
Total loop: 529 generations

Result : 186.85

18 2 36 53 38 42 7 29 34 39 11 52 49 4 14 16 46 24 20 26 47 1 40 44 3 21 17 54 35 27 37 31 28 25 48 30 15 12 9 22 43 41 10 50 45 33 8 19 13 51 5 32 23 6 

 18 2 36 53 38 42	 => 189
 7 42 38 29 34 39	 => 189
 11 39 34 52 49 4	 => 189
 36 14 16 46 24 53	 => 189
 38 53 24 20 26 29	 => 190
 34 29 26 47 1 52	 => 189
 49 52 1 40 44 3	 => 189
 16 21 17 54 35 46	 => 189
 24 46 35 27 37 20	 => 189
 26 20 37 31 28 47	 => 189
 1 47 28 25 48 40	 => 189
 44 40 48 30 15 12	 => 189
 35 54 9 22 43 27	 => 190
 37 27 43 41 10 31	 => 189
 28 31 10 50 45 25	 => 189
 48 25 45 33 8 30	 => 189
 43 22 19 13 51 41	 => 189
 10 41 51 5 32 50	 => 189
 45 50 32 23 6 33	 => 189


===================[TEST 2]===================

##### START ##### Wed May 14 18:40:49 2003



##### CONVERGE ##### Wed May 14 18:44:48 2003

Elapsed time: 239 seconds
Total loop: 749 generations

Result : 187.215

7 19 29 53 51 31 5 9 44 50 11 49 23 13 3 46 47 12 30 36 27 25 52 40 1 8 24 28 38 18 45 20 32 16 39 43 10 6 21 37 48 33 26 54 42 35 15 17 14 41 2 34 22 4 

 7 19 29 53 51 31	 => 190
 5 31 51 9 44 50	 => 190
 11 50 44 49 23 13	 => 190
 29 3 46 47 12 53	 => 190
 51 53 12 30 36 9	 => 191
 44 9 36 27 25 49	 => 190
 23 49 25 52 40 1	 => 190
 46 8 24 28 38 47	 => 191
 12 47 38 18 45 30	 => 190
 36 30 45 20 32 27	 => 190
 25 27 32 16 39 52	 => 191
 40 52 39 43 10 6	 => 190
 38 28 21 37 48 18	 => 190
 45 18 48 33 26 20	 => 190
 32 20 26 54 42 16	 => 190
 39 16 42 35 15 43	 => 190
 48 37 17 14 41 33	 => 190
 26 33 41 2 34 54	 => 190
 42 54 34 22 4 35	 => 191


===================[TEST 3]===================

##### START ##### Wed May 14 18:44:49 2003



##### CONVERGE ##### Wed May 14 18:46:37 2003

Elapsed time: 108 seconds
Total loop: 335 generations

Result : 186.158

10 15 52 43 49 21 7 29 47 36 17 30 50 9 8 19 54 13 22 34 31 18 53 35 3 25 12 46 33 27 40 24 38 23 26 39 20 16 6 32 45 42 11 41 51 48 2 5 28 37 14 44 1 4 

 10 15 52 43 49 21	 => 190
 7 21 49 29 47 36	 => 189
 17 36 47 30 50 9	 => 189
 52 8 19 54 13 43	 => 189
 49 43 13 22 34 29	 => 190
 47 29 34 31 18 30	 => 189
 50 30 18 53 35 3	 => 189
 19 25 12 46 33 54	 => 189
 13 54 33 27 40 22	 => 189
 34 22 40 24 38 31	 => 189
 18 31 38 23 26 53	 => 189
 35 53 26 39 20 16	 => 189
 33 46 6 32 45 27	 => 189
 40 27 45 42 11 24	 => 189
 38 24 11 41 51 23	 => 188
 26 23 51 48 2 39	 => 189
 45 32 5 28 37 42	 => 189
 11 42 37 14 44 41	 => 189
 51 41 44 1 4 48	 => 189


===================[TEST 4]===================

##### START ##### Wed May 14 18:46:37 2003



##### CONVERGE ##### Wed May 14 18:49:55 2003

Elapsed time: 198 seconds
Total loop: 620 generations

Result : 187.163

20 5 52 30 50 33 1 32 53 21 12 51 34 19 6 41 44 16 37 25 27 2 54 40 9 13 18 46 28 26 39 24 38 22 47 29 4 15 10 35 45 42 14 43 49 31 11 3 17 48 7 36 23 8 

 20 5 52 30 50 33	 => 190
 1 33 50 32 53 21	 => 190
 12 21 53 51 34 19	 => 190
 52 6 41 44 16 30	 => 189
 50 30 16 37 25 32	 => 190
 53 32 25 27 2 51	 => 190
 34 51 2 54 40 9	 => 190
 41 13 18 46 28 44	 => 190
 16 44 28 26 39 37	 => 190
 25 37 39 24 38 27	 => 190
 2 27 38 22 47 54	 => 190
 40 54 47 29 4 15	 => 189
 28 46 10 35 45 26	 => 190
 39 26 45 42 14 24	 => 190
 38 24 14 43 49 22	 => 190
 47 22 49 31 11 29	 => 189
 45 35 3 17 48 42	 => 190
 14 42 48 7 36 43	 => 190
 49 43 36 23 8 31	 => 190


===================[TEST 5]===================

##### START ##### Wed May 14 18:49:55 2003



##### CONVERGE ##### Wed May 14 18:52:20 2003

Elapsed time: 145 seconds
Total loop: 454 generations

Result : 187.64

8 3 42 49 47 41 4 16 54 27 20 44 38 7 10 23 48 18 39 21 36 19 35 45 9 17 1 50 51 6 28 37 29 31 40 30 25 15 5 26 52 53 14 46 33 43 13 22 2 34 11 32 12 24 

 8 3 42 49 47 41	 => 190
 4 41 47 16 54 27	 => 189
 20 27 54 44 38 7	 => 190
 42 10 23 48 18 49	 => 190
 47 49 18 39 21 16	 => 190
 54 16 21 36 19 44	 => 190
 38 44 19 35 45 9	 => 190
 23 17 1 50 51 48	 => 190
 18 48 51 6 28 39	 => 190
 21 39 28 37 29 36	 => 190
 19 36 29 31 40 35	 => 190
 45 35 40 30 25 15	 => 190
 51 50 5 26 52 6	 => 190
 28 6 52 53 14 37	 => 190
 29 37 14 46 33 31	 => 190
 40 31 33 43 13 30	 => 190
 52 26 22 2 34 53	 => 189
 14 53 34 11 32 46	 => 190
 33 46 32 12 24 43	 => 190


===================[TEST 6]===================

##### START ##### Wed May 14 18:52:20 2003



##### CONVERGE ##### Wed May 14 18:56:07 2003

Elapsed time: 227 seconds
Total loop: 713 generations

Result : 187.85

17 3 33 41 54 42 1 8 50 36 15 52 31 6 4 45 49 18 30 39 20 22 34 46 5 2 21 25 48 16 29 32 40 23 51 37 10 12 11 43 47 53 13 38 44 28 7 9 14 24 27 35 19 26 

 17 3 33 41 54 42	 => 190
 1 42 54 8 50 36	 => 191
 15 36 50 52 31 6	 => 190
 33 4 45 49 18 41	 => 190
 54 41 18 30 39 8	 => 190
 50 8 39 20 22 52	 => 191
 31 52 22 34 46 5	 => 190
 45 2 21 25 48 49	 => 190
 18 49 48 16 29 30	 => 190
 39 30 29 32 40 20	 => 190
 22 20 40 23 51 34	 => 190
 46 34 51 37 10 12	 => 190
 48 25 11 43 47 16	 => 190
 29 16 47 53 13 32	 => 190
 40 32 13 38 44 23	 => 190
 51 23 44 28 7 37	 => 190
 47 43 9 14 24 53	 => 190
 13 53 24 27 35 38	 => 190
 44 38 35 19 26 28	 => 190


===================[TEST 7]===================

##### START ##### Wed May 14 18:56:07 2003



##### CONVERGE ##### Wed May 14 18:58:41 2003

Elapsed time: 154 seconds
Total loop: 477 generations

Result : 186.85

11 19 36 45 49 29 10 17 54 30 23 22 46 14 8 50 32 18 34 27 25 44 40 35 2 12 13 31 51 21 33 43 28 4 48 47 3 16 7 38 41 42 9 53 52 37 1 24 5 39 20 26 15 6 

 11 19 36 45 49 29	 => 189
 10 29 49 17 54 30	 => 189
 23 30 54 22 46 14	 => 189
 36 8 50 32 18 45	 => 189
 49 45 18 34 27 17	 => 190
 54 17 27 25 44 22	 => 189
 46 22 44 40 35 2	 => 189
 50 12 13 31 51 32	 => 189
 18 32 51 21 33 34	 => 189
 27 34 33 43 28 25	 => 190
 44 25 28 4 48 40	 => 189
 35 40 48 47 3 16	 => 189
 51 31 7 38 41 21	 => 189
 33 21 41 42 9 43	 => 189
 28 43 9 53 52 4	 => 189
 48 4 52 37 1 47	 => 189
 41 38 24 5 39 42	 => 189
 9 42 39 20 26 53	 => 189
 52 53 26 15 6 37	 => 189


===================[TEST 8]===================

##### START ##### Wed May 14 18:58:42 2003



##### CONVERGE ##### Wed May 14 19:02:00 2003

Elapsed time: 198 seconds
Total loop: 620 generations

Result : 187.64

16 23 33 49 41 28 9 26 40 46 6 51 30 17 10 44 50 4 25 45 15 13 53 38 5 3 12 27 54 18 39 31 35 22 52 32 8 7 24 29 37 43 21 47 34 48 2 19 20 42 1 36 11 14 

 16 23 33 49 41 28	 => 190
 9 28 41 26 40 46	 => 190
 6 46 40 51 30 17	 => 190
 33 10 44 50 4 49	 => 190
 41 49 4 25 45 26	 => 190
 40 26 45 15 13 51	 => 190
 30 51 13 53 38 5	 => 190
 44 3 12 27 54 50	 => 190
 4 50 54 18 39 25	 => 190
 45 25 39 31 35 15	 => 190
 13 15 35 22 52 53	 => 190
 38 53 52 32 8 7	 => 190
 54 27 24 29 37 18	 => 189
 39 18 37 43 21 31	 => 189
 35 31 21 47 34 22	 => 190
 52 22 34 48 2 32	 => 190
 37 29 19 20 42 43	 => 190
 21 43 42 1 36 47	 => 190
 34 47 36 11 14 48	 => 190


===================[TEST 9]===================

##### START ##### Wed May 14 19:02:00 2003



##### CONVERGE ##### Wed May 14 19:06:23 2003

Elapsed time: 263 seconds
Total loop: 824 generations

Result : 187.85

12 4 36 49 48 41 1 23 45 32 7 42 44 20 5 28 51 21 19 30 29 22 43 33 6 9 27 24 52 10 37 35 40 2 54 38 8 14 17 34 53 39 16 50 47 31 18 3 15 46 13 26 25 11 

 12 4 36 49 48 41	 => 190
 1 41 48 23 45 32	 => 190
 7 32 45 42 44 20	 => 190
 36 5 28 51 21 49	 => 190
 48 49 21 19 30 23	 => 190
 45 23 30 29 22 42	 => 191
 44 42 22 43 33 6	 => 190
 28 9 27 24 52 51	 => 191
 21 51 52 10 37 19	 => 190
 30 19 37 35 40 29	 => 190
 22 29 40 2 54 43	 => 190
 33 43 54 38 8 14	 => 190
 52 24 17 34 53 10	 => 190
 37 10 53 39 16 35	 => 190
 40 35 16 50 47 2	 => 190
 54 2 47 31 18 38	 => 190
 53 34 3 15 46 39	 => 190
 16 39 46 13 26 50	 => 190
 47 50 26 25 11 31	 => 190


===================[TEST 10]===================

##### START ##### Wed May 14 19:06:24 2003



##### CONVERGE ##### Wed May 14 19:08:37 2003

Elapsed time: 133 seconds
Total loop: 413 generations

Result : 187.412

19 18 43 46 31 32 8 27 44 47 11 50 35 3 4 25 48 23 38 24 37 7 34 53 10 29 12 39 36 14 30 20 40 17 54 42 5 1 6 49 45 52 28 51 33 41 2 9 13 21 15 22 26 16 

 19 18 43 46 31 32	 => 189
 8 32 31 27 44 47	 => 189
 11 47 44 50 35 3	 => 190
 43 4 25 48 23 46	 => 189
 31 46 23 38 24 27	 => 189
 44 27 24 37 7 50	 => 189
 35 50 7 34 53 10	 => 189
 25 29 12 39 36 48	 => 189
 23 48 36 14 30 38	 => 189
 24 38 30 20 40 37	 => 189
 7 37 40 17 54 34	 => 189
 53 34 54 42 5 1	 => 189
 36 39 6 49 45 14	 => 189
 30 14 45 52 28 20	 => 189
 40 20 28 51 33 17	 => 189
 54 17 33 41 2 42	 => 189
 45 49 9 13 21 52	 => 189
 28 52 21 15 22 51	 => 189
 33 51 22 26 16 41	 => 189



test#	fitness		sum		time
---------------------------------------------------
1	186.85				169
2	187.215				239
3	186.158				108
4	187.163				198
5	187.64				145
6	187.85				227
7	186.85				154
8	187.64				198
9	187.85				263
10	187.412				133


---------------------------------------------------
Best fitness      : 187.85 ( test# 6)
Shortest time     : 108 ( test# 3)

Average fitness   : 187.263
Average time      : 183.4
