****************** GA TEST *******************

total test#:			 10
hexa min width:			 3
hexa max width:			 5
hexa count:			 19
number count:			 54
population size:		 70
generation size:		 15

tournament winner p:		 1
do xover p:			 1
xover:				 2points
do mutation1 p:			 0.1
mutation1 p:			 0.05
do optimize p:			 1
local optimize count:		 6000
do deep better optimize p:	 1
do deep worse optimize p:	 0
do spin p:			 0
spin count:			 1000
do spin apply p:		 1
do mutation2 p:			 0.12
mutation2 p:			 0.08
force mutation2:		 0
replace bad p:			 0.195

converge rate p:		 0.99
converge count:			 1

**********************************************


===================[TEST 1]===================

##### START ##### Wed May 14 22:49:39 2003



##### CONVERGE ##### Wed May 14 22:52:12 2003

Elapsed time: 153 seconds
Total loop: 193 generations

Result : 186.478

17 15 32 27 44 54 1 11 49 30 8 39 43 20 3 50 41 36 25 46 40 5 51 38 14 4 7 45 42 22 23 24 31 33 29 37 21 13 6 26 48 53 19 35 47 34 10 16 18 28 2 52 12 9 

 17 15 32 27 44 54	 => 189
 1 54 44 11 49 30	 => 189
 8 30 49 39 43 20	 => 189
 32 3 50 41 36 27	 => 189
 44 27 36 25 46 11	 => 189
 49 11 46 40 5 39	 => 190
 43 39 5 51 38 14	 => 190
 50 4 7 45 42 41	 => 189
 36 41 42 22 23 25	 => 189
 46 25 23 24 31 40	 => 189
 5 40 31 33 29 51	 => 189
 38 51 29 37 21 13	 => 189
 42 45 6 26 48 22	 => 189
 23 22 48 53 19 24	 => 189
 31 24 19 35 47 33	 => 189
 29 33 47 34 10 37	 => 190
 48 26 16 18 28 53	 => 189
 19 53 28 2 52 35	 => 189
 47 35 52 12 9 34	 => 189


===================[TEST 2]===================

##### START ##### Wed May 14 22:52:12 2003



##### CONVERGE ##### Wed May 14 22:54:34 2003

Elapsed time: 142 seconds
Total loop: 181 generations

Result : 186.616

6 7 43 37 50 46 4 22 23 44 14 51 47 10 2 39 36 32 27 21 48 24 34 31 1 19 25 18 52 13 29 38 26 8 49 28 17 30 12 40 54 35 20 45 53 42 9 11 16 33 15 41 3 5 

 6 7 43 37 50 46	 => 189
 4 46 50 22 23 44	 => 189
 14 44 23 51 47 10	 => 189
 43 2 39 36 32 37	 => 189
 50 37 32 27 21 22	 => 189
 23 22 21 48 24 51	 => 189
 47 51 24 34 31 1	 => 188
 39 19 25 18 52 36	 => 189
 32 36 52 13 29 27	 => 189
 21 27 29 38 26 48	 => 189
 24 48 26 8 49 34	 => 189
 31 34 49 28 17 30	 => 189
 52 18 12 40 54 13	 => 189
 29 13 54 35 20 38	 => 189
 26 38 20 45 53 8	 => 190
 49 8 53 42 9 28	 => 189
 54 40 11 16 33 35	 => 189
 20 35 33 15 41 45	 => 189
 53 45 41 3 5 42	 => 189


===================[TEST 3]===================

##### START ##### Wed May 14 22:54:35 2003



##### CONVERGE ##### Wed May 14 22:56:31 2003

Elapsed time: 116 seconds
Total loop: 147 generations

Result : 186.85

5 2 45 53 32 52 9 22 46 29 25 41 34 14 1 16 54 20 39 23 36 21 51 30 12 15 18 48 38 10 28 33 31 13 37 44 19 8 4 49 40 43 35 27 50 42 3 7 24 26 11 47 6 17 

 5 2 45 53 32 52	 => 189
 9 52 32 22 46 29	 => 190
 25 29 46 41 34 14	 => 189
 45 1 16 54 20 53	 => 189
 32 53 20 39 23 22	 => 189
 46 22 23 36 21 41	 => 189
 34 41 21 51 30 12	 => 189
 16 15 18 48 38 54	 => 189
 20 54 38 10 28 39	 => 189
 23 39 28 33 31 36	 => 190
 21 36 31 13 37 51	 => 189
 30 51 37 44 19 8	 => 189
 38 48 4 49 40 10	 => 189
 28 10 40 43 35 33	 => 189
 31 33 35 27 50 13	 => 189
 37 13 50 42 3 44	 => 189
 40 49 7 24 26 43	 => 189
 35 43 26 11 47 27	 => 189
 50 27 47 6 17 42	 => 189


===================[TEST 4]===================

##### START ##### Wed May 14 22:56:31 2003



##### CONVERGE ##### Wed May 14 22:58:55 2003

Elapsed time: 144 seconds
Total loop: 181 generations

Result : 187.85

6 14 39 32 51 48 2 13 52 24 10 49 27 28 26 30 44 19 38 37 22 17 53 43 1 7 18 41 50 5 34 29 31 20 47 33 11 3 4 36 54 45 23 46 42 40 8 21 9 25 16 35 15 12 

 6 14 39 32 51 48	 => 190
 2 48 51 13 52 24	 => 190
 10 24 52 49 27 28	 => 190
 39 26 30 44 19 32	 => 190
 51 32 19 38 37 13	 => 190
 52 13 37 22 17 49	 => 190
 27 49 17 53 43 1	 => 190
 30 7 18 41 50 44	 => 190
 19 44 50 5 34 38	 => 190
 37 38 34 29 31 22	 => 191
 17 22 31 20 47 53	 => 190
 43 53 47 33 11 3	 => 190
 50 41 4 36 54 5	 => 190
 34 5 54 45 23 29	 => 190
 31 29 23 46 42 20	 => 191
 47 20 42 40 8 33	 => 190
 54 36 21 9 25 45	 => 190
 23 45 25 16 35 46	 => 190
 42 46 35 15 12 40	 => 190


===================[TEST 5]===================

##### START ##### Wed May 14 22:58:55 2003



##### CONVERGE ##### Wed May 14 23:00:34 2003

Elapsed time: 99 seconds
Total loop: 125 generations

Result : 187.412

10 11 38 47 40 43 14 13 42 37 30 53 20 7 4 31 52 17 44 28 26 27 54 34 1 3 23 45 35 22 19 48 24 8 50 41 9 2 16 32 39 49 12 46 51 33 6 15 29 25 21 36 5 18 

 10 11 38 47 40 43	 => 189
 14 43 40 13 42 37	 => 189
 30 37 42 53 20 7	 => 189
 38 4 31 52 17 47	 => 189
 40 47 17 44 28 13	 => 189
 42 13 28 26 27 53	 => 189
 20 53 27 54 34 1	 => 189
 31 3 23 45 35 52	 => 189
 17 52 35 22 19 44	 => 189
 28 44 19 48 24 26	 => 189
 27 26 24 8 50 54	 => 189
 34 54 50 41 9 2	 => 190
 35 45 16 32 39 22	 => 189
 19 22 39 49 12 48	 => 189
 24 48 12 46 51 8	 => 189
 50 8 51 33 6 41	 => 189
 39 32 15 29 25 49	 => 189
 12 49 25 21 36 46	 => 189
 51 46 36 5 18 33	 => 189


===================[TEST 6]===================

##### START ##### Wed May 14 23:00:34 2003



##### CONVERGE ##### Wed May 14 23:02:39 2003

Elapsed time: 125 seconds
Total loop: 158 generations

Result : 188.163

23 8 38 39 47 36 7 19 30 52 4 50 37 18 20 34 48 12 32 42 26 24 44 31 5 16 2 40 51 13 35 27 28 15 54 41 6 14 9 33 45 49 22 46 53 25 3 10 11 43 1 29 21 17 

 23 8 38 39 47 36	 => 191
 7 36 47 19 30 52	 => 191
 4 52 30 50 37 18	 => 191
 38 20 34 48 12 39	 => 191
 47 39 12 32 42 19	 => 191
 30 19 42 26 24 50	 => 191
 37 50 24 44 31 5	 => 191
 34 16 2 40 51 48	 => 191
 12 48 51 13 35 32	 => 191
 42 32 35 27 28 26	 => 190
 24 26 28 15 54 44	 => 191
 31 44 54 41 6 14	 => 190
 51 40 9 33 45 13	 => 191
 35 13 45 49 22 27	 => 191
 28 27 22 46 53 15	 => 191
 54 15 53 25 3 41	 => 191
 45 33 10 11 43 49	 => 191
 22 49 43 1 29 46	 => 190
 53 46 29 21 17 25	 => 191


===================[TEST 7]===================

##### START ##### Wed May 14 23:02:39 2003



##### CONVERGE ##### Wed May 14 23:05:53 2003

Elapsed time: 194 seconds
Total loop: 245 generations

Result : 188.163

12 22 47 45 40 25 7 24 41 54 15 44 32 4 5 27 50 16 36 30 29 23 46 43 3 6 20 51 37 18 34 28 33 11 49 35 17 1 8 38 39 53 19 48 52 42 2 21 9 31 14 26 10 13 

 12 22 47 45 40 25	 => 191
 7 25 40 24 41 54	 => 191
 15 54 41 44 32 4	 => 190
 47 5 27 50 16 45	 => 190
 40 45 16 36 30 24	 => 191
 41 24 30 29 23 44	 => 191
 32 44 23 46 43 3	 => 191
 27 6 20 51 37 50	 => 191
 16 50 37 18 34 36	 => 191
 30 36 34 28 33 29	 => 190
 23 29 33 11 49 46	 => 191
 43 46 49 35 17 1	 => 191
 37 51 8 38 39 18	 => 191
 34 18 39 53 19 28	 => 191
 33 28 19 48 52 11	 => 191
 49 11 52 42 2 35	 => 191
 39 38 21 9 31 53	 => 191
 19 53 31 14 26 48	 => 191
 52 48 26 10 13 42	 => 191


===================[TEST 8]===================

##### START ##### Wed May 14 23:05:53 2003



##### CONVERGE ##### Wed May 14 23:07:14 2003

Elapsed time: 81 seconds
Total loop: 102 generations

Result : 185.158

7 3 44 32 49 53 11 19 29 27 5 54 43 30 4 39 51 18 24 46 26 14 42 22 13 1 15 34 48 8 38 21 33 23 50 41 16 17 2 52 45 40 36 47 28 35 12 6 20 25 9 31 10 37 

 7 3 44 32 49 53	 => 188
 11 53 49 19 29 27	 => 188
 5 27 29 54 43 30	 => 188
 44 4 39 51 18 32	 => 188
 49 32 18 24 46 19	 => 188
 29 19 46 26 14 54	 => 188
 43 54 14 42 22 13	 => 188
 39 1 15 34 48 51	 => 188
 18 51 48 8 38 24	 => 187
 46 24 38 21 33 26	 => 188
 14 26 33 23 50 42	 => 188
 22 42 50 41 16 17	 => 188
 48 34 2 52 45 8	 => 189
 38 8 45 40 36 21	 => 188
 33 21 36 47 28 23	 => 188
 50 23 28 35 12 41	 => 189
 45 52 6 20 25 40	 => 188
 36 40 25 9 31 47	 => 188
 28 47 31 10 37 35	 => 188


===================[TEST 9]===================

##### START ##### Wed May 14 23:07:14 2003



##### CONVERGE ##### Wed May 14 23:08:57 2003

Elapsed time: 103 seconds
Total loop: 131 generations

Result : 186.478

2 3 47 53 49 35 6 13 42 45 8 54 17 24 5 34 41 9 43 22 32 26 38 36 18 21 10 31 52 7 37 27 28 15 50 29 11 25 12 39 48 40 30 44 46 33 16 19 23 20 4 51 1 14 

 2 3 47 53 49 35	 => 189
 6 35 49 13 42 45	 => 190
 8 45 42 54 17 24	 => 190
 47 5 34 41 9 53	 => 189
 49 53 9 43 22 13	 => 189
 42 13 22 32 26 54	 => 189
 17 54 26 38 36 18	 => 189
 34 21 10 31 52 41	 => 189
 9 41 52 7 37 43	 => 189
 22 43 37 27 28 32	 => 189
 26 32 28 15 50 38	 => 189
 36 38 50 29 11 25	 => 189
 52 31 12 39 48 7	 => 189
 37 7 48 40 30 27	 => 189
 28 27 30 44 46 15	 => 190
 50 15 46 33 16 29	 => 189
 48 39 19 23 20 40	 => 189
 30 40 20 4 51 44	 => 189
 46 44 51 1 14 33	 => 189


===================[TEST 10]===================

##### START ##### Wed May 14 23:08:57 2003



##### CONVERGE ##### Wed May 14 23:10:46 2003

Elapsed time: 109 seconds
Total loop: 137 generations

Result : 187.163

1 18 32 43 50 45 4 10 54 27 15 48 41 5 9 44 33 29 22 36 31 11 49 39 2 26 8 28 51 21 34 20 46 13 40 30 7 25 14 24 52 47 16 42 53 37 17 6 23 38 12 35 3 19 

 1 18 32 43 50 45	 => 189
 4 45 50 10 54 27	 => 190
 15 27 54 48 41 5	 => 190
 32 9 44 33 29 43	 => 190
 50 43 29 22 36 10	 => 190
 54 10 36 31 11 48	 => 190
 41 48 11 49 39 2	 => 190
 44 26 8 28 51 33	 => 190
 29 33 51 21 34 22	 => 190
 36 22 34 20 46 31	 => 189
 11 31 46 13 40 49	 => 190
 39 49 40 30 7 25	 => 190
 51 28 14 24 52 21	 => 190
 34 21 52 47 16 20	 => 190
 46 20 16 42 53 13	 => 190
 40 13 53 37 17 30	 => 190
 52 24 6 23 38 47	 => 190
 16 47 38 12 35 42	 => 190
 53 42 35 3 19 37	 => 189



test#	fitness		sum		time
---------------------------------------------------
1	186.478				153
2	186.616				142
3	186.85				116
4	187.85				144
5	187.412				99
6	188.163				125
7	188.163				194
8	185.158				81
9	186.478				103
10	187.163				109


---------------------------------------------------
Best fitness      : 188.163 ( test# 6)
Shortest time     : 81 ( test# 8)

Average fitness   : 187.033
Average time      : 126.6
