****************** GA TEST *******************

total test#:			 10
hexa min width:			 3
hexa max width:			 5
hexa count:			 19
number count:			 54
population size:		 80
generation size:		 6

tournament winner p:		 1
do xover p:			 1
xover:				 2points
do mutation1 p:			 0.1
mutation1 p:			 0.05
do optimize p:			 1
local optimize count:		 6000
do deep better optimize p:	 1
do deep worse optimize p:	 0
do spin p:			 0
spin count:			 1000
do spin apply p:		 1
do mutation2 p:			 0.12
mutation2 p:			 0.08
force mutation2:		 0
replace bad p:			 0.195

converge rate p:		 0.99
converge count:			 1

**********************************************


===================[TEST 1]===================

##### START ##### Wed May 14 17:44:39 2003



##### CONVERGE ##### Wed May 14 17:46:35 2003

Elapsed time: 116 seconds
Total loop: 361 generations

Result : 187.794

23 6 34 53 44 31 15 10 43 48 13 54 28 4 2 36 46 20 29 35 24 25 50 32 1 14 16 40 39 19 38 27 37 22 33 51 8 17 5 41 47 49 11 42 52 30 3 21 7 26 18 45 9 12 

 23 6 34 53 44 31	 => 191
 15 31 44 10 43 48	 => 191
 13 48 43 54 28 4	 => 190
 34 2 36 46 20 53	 => 191
 44 53 20 29 35 10	 => 191
 43 10 35 24 25 54	 => 191
 28 54 25 50 32 1	 => 190
 36 14 16 40 39 46	 => 191
 20 46 39 19 38 29	 => 191
 35 29 38 27 37 24	 => 190
 25 24 37 22 33 50	 => 191
 32 50 33 51 8 17	 => 191
 39 40 5 41 47 19	 => 191
 38 19 47 49 11 27	 => 191
 37 27 11 42 52 22	 => 191
 33 22 52 30 3 51	 => 191
 47 41 21 7 26 49	 => 191
 11 49 26 18 45 42	 => 191
 52 42 45 9 12 30	 => 190


===================[TEST 2]===================

##### START ##### Wed May 14 17:46:35 2003



##### CONVERGE ##### Wed May 14 17:48:37 2003

Elapsed time: 122 seconds
Total loop: 383 generations

Result : 186.158

3 27 22 49 50 38 4 16 28 53 6 42 48 12 2 44 51 21 8 45 35 23 37 30 9 7 14 33 40 26 43 24 34 20 41 46 17 18 19 39 32 54 11 47 52 29 1 15 13 36 10 31 5 25 

 3 27 22 49 50 38	 => 189
 4 38 50 16 28 53	 => 189
 6 53 28 42 48 12	 => 189
 22 2 44 51 21 49	 => 189
 50 49 21 8 45 16	 => 189
 28 16 45 35 23 42	 => 189
 48 42 23 37 30 9	 => 189
 44 7 14 33 40 51	 => 189
 21 51 40 26 43 8	 => 189
 45 8 43 24 34 35	 => 189
 23 35 34 20 41 37	 => 190
 30 37 41 46 17 18	 => 189
 40 33 19 39 32 26	 => 189
 43 26 32 54 11 24	 => 190
 34 24 11 47 52 20	 => 188
 41 20 52 29 1 46	 => 189
 32 39 15 13 36 54	 => 189
 11 54 36 10 31 47	 => 189
 52 47 31 5 25 29	 => 189


===================[TEST 3]===================

##### START ##### Wed May 14 17:48:38 2003



##### CONVERGE ##### Wed May 14 17:51:17 2003

Elapsed time: 159 seconds
Total loop: 499 generations

Result : 187.163

4 6 33 54 46 47 1 21 50 25 8 53 31 23 22 29 49 3 52 14 32 20 37 44 5 9 16 42 45 12 28 30 34 19 48 36 10 15 2 38 51 43 26 40 41 39 7 13 17 27 18 35 11 24 

 4 6 33 54 46 47	 => 190
 1 47 46 21 50 25	 => 190
 8 25 50 53 31 23	 => 190
 33 22 29 49 3 54	 => 190
 46 54 3 52 14 21	 => 190
 50 21 14 32 20 53	 => 190
 31 53 20 37 44 5	 => 190
 29 9 16 42 45 49	 => 190
 3 49 45 12 28 52	 => 189
 14 52 28 30 34 32	 => 190
 20 32 34 19 48 37	 => 190
 44 37 48 36 10 15	 => 190
 45 42 2 38 51 12	 => 190
 28 12 51 43 26 30	 => 190
 34 30 26 40 41 19	 => 190
 48 19 41 39 7 36	 => 190
 51 38 13 17 27 43	 => 189
 26 43 27 18 35 40	 => 189
 41 40 35 11 24 39	 => 190


===================[TEST 4]===================

##### START ##### Wed May 14 17:51:18 2003



##### CONVERGE ##### Wed May 14 17:53:43 2003

Elapsed time: 145 seconds
Total loop: 455 generations

Result : 186.412

26 19 29 31 45 38 4 28 27 46 7 49 47 12 17 52 51 8 42 34 41 9 33 50 1 10 6 39 30 25 32 24 15 36 54 18 11 22 16 35 43 44 20 53 40 37 3 5 13 48 2 21 14 23 

 26 19 29 31 45 38	 => 188
 4 38 45 28 27 46	 => 188
 7 46 27 49 47 12	 => 188
 29 17 52 51 8 31	 => 188
 45 31 8 42 34 28	 => 188
 27 28 34 41 9 49	 => 188
 47 49 9 33 50 1	 => 189
 52 10 6 39 30 51	 => 188
 8 51 30 25 32 42	 => 188
 34 42 32 24 15 41	 => 188
 9 41 15 36 54 33	 => 188
 50 33 54 18 11 22	 => 188
 30 39 16 35 43 25	 => 188
 32 25 43 44 20 24	 => 188
 15 24 20 53 40 36	 => 188
 54 36 40 37 3 18	 => 188
 43 35 5 13 48 44	 => 188
 20 44 48 2 21 53	 => 188
 40 53 21 14 23 37	 => 188


===================[TEST 5]===================

##### START ##### Wed May 14 17:53:43 2003



##### CONVERGE ##### Wed May 14 17:56:42 2003

Elapsed time: 179 seconds
Total loop: 557 generations

Result : 187.501

9 15 29 53 37 48 10 22 49 25 24 44 35 14 19 34 43 13 39 27 26 23 45 32 11 16 1 50 47 20 28 33 38 5 54 36 7 17 4 30 40 52 18 46 51 42 3 21 6 41 2 31 12 8 

 9 15 29 53 37 48	 => 191
 10 48 37 22 49 25	 => 191
 24 25 49 44 35 14	 => 191
 29 19 34 43 13 53	 => 191
 37 53 13 39 27 22	 => 191
 49 22 27 26 23 44	 => 191
 35 44 23 45 32 11	 => 190
 34 16 1 50 47 43	 => 191
 13 43 47 20 28 39	 => 190
 27 39 28 33 38 26	 => 191
 23 26 38 5 54 45	 => 191
 32 45 54 36 7 17	 => 191
 47 50 4 30 40 20	 => 191
 28 20 40 52 18 33	 => 191
 38 33 18 46 51 5	 => 191
 54 5 51 42 3 36	 => 191
 40 30 21 6 41 52	 => 190
 18 52 41 2 31 46	 => 190
 51 46 31 12 8 42	 => 190


===================[TEST 6]===================

##### START ##### Wed May 14 17:56:42 2003



##### CONVERGE ##### Wed May 14 17:59:02 2003

Elapsed time: 140 seconds
Total loop: 439 generations

Result : 186.215

17 5 44 36 48 39 15 11 27 49 23 54 20 16 3 41 47 19 30 46 22 29 40 42 4 12 2 43 45 10 38 26 28 33 37 31 18 21 8 32 51 50 14 35 53 34 1 24 7 25 13 52 9 6 

 17 5 44 36 48 39	 => 189
 15 39 48 11 27 49	 => 189
 23 49 27 54 20 16	 => 189
 44 3 41 47 19 36	 => 190
 48 36 19 30 46 11	 => 190
 27 11 46 22 29 54	 => 189
 20 54 29 40 42 4	 => 189
 41 12 2 43 45 47	 => 190
 19 47 45 10 38 30	 => 189
 46 30 38 26 28 22	 => 190
 29 22 28 33 37 40	 => 189
 42 40 37 31 18 21	 => 189
 45 43 8 32 51 10	 => 189
 38 10 51 50 14 26	 => 189
 28 26 14 35 53 33	 => 189
 37 33 53 34 1 31	 => 189
 51 32 24 7 25 50	 => 189
 14 50 25 13 52 35	 => 189
 53 35 52 9 6 34	 => 189


===================[TEST 7]===================

##### START ##### Wed May 14 17:59:03 2003



##### CONVERGE ##### Wed May 14 18:01:06 2003

Elapsed time: 123 seconds
Total loop: 385 generations

Result : 187.306

5 4 45 51 31 53 9 21 26 49 27 46 30 11 6 23 47 17 28 41 22 33 37 40 3 18 14 39 48 20 29 35 34 13 50 36 24 2 12 16 54 32 19 43 44 38 8 10 25 52 1 42 7 15 

 5 4 45 51 31 53	 => 189
 9 53 31 21 26 49	 => 189
 27 49 26 46 30 11	 => 189
 45 6 23 47 17 51	 => 189
 31 51 17 28 41 21	 => 189
 26 21 41 22 33 46	 => 189
 30 46 33 37 40 3	 => 189
 23 18 14 39 48 47	 => 189
 17 47 48 20 29 28	 => 189
 41 28 29 35 34 22	 => 189
 33 22 34 13 50 37	 => 189
 40 37 50 36 24 2	 => 189
 48 39 12 16 54 20	 => 189
 29 20 54 32 19 35	 => 189
 34 35 19 43 44 13	 => 188
 50 13 44 38 8 36	 => 189
 54 16 10 25 52 32	 => 189
 19 32 52 1 42 43	 => 189
 44 43 42 7 15 38	 => 189


===================[TEST 8]===================

##### START ##### Wed May 14 18:01:06 2003



##### CONVERGE ##### Wed May 14 18:03:12 2003

Elapsed time: 126 seconds
Total loop: 395 generations

Result : 188.412

17 11 25 41 50 47 1 16 45 31 5 51 37 21 4 43 54 23 24 36 35 7 39 48 8 2 9 53 29 20 40 22 33 27 49 32 19 3 14 30 44 46 18 52 38 34 10 13 15 42 6 26 28 12 

 17 11 25 41 50 47	 => 191
 1 47 50 16 45 31	 => 190
 5 31 45 51 37 21	 => 190
 25 4 43 54 23 41	 => 190
 50 41 23 24 36 16	 => 190
 45 16 36 35 7 51	 => 190
 37 51 7 39 48 8	 => 190
 43 2 9 53 29 54	 => 190
 23 54 29 20 40 24	 => 190
 36 24 40 22 33 35	 => 190
 7 35 33 27 49 39	 => 190
 48 39 49 32 19 3	 => 190
 29 53 14 30 44 20	 => 190
 40 20 44 46 18 22	 => 190
 33 22 18 52 38 27	 => 190
 49 27 38 34 10 32	 => 190
 44 30 13 15 42 46	 => 190
 18 46 42 6 26 52	 => 190
 38 52 26 28 12 34	 => 190


===================[TEST 9]===================

##### START ##### Wed May 14 18:03:12 2003



##### CONVERGE ##### Wed May 14 18:05:05 2003

Elapsed time: 113 seconds
Total loop: 355 generations

Result : 186.616

14 24 40 47 44 20 21 12 41 51 11 38 46 2 16 27 52 8 28 50 34 13 39 43 10 7 19 31 53 18 30 15 32 26 45 22 23 17 3 35 49 48 29 33 54 37 5 6 9 42 1 36 25 4 

 14 24 40 47 44 20	 => 189
 21 20 44 12 41 51	 => 189
 11 51 41 38 46 2	 => 189
 40 16 27 52 8 47	 => 190
 44 47 8 28 50 12	 => 189
 41 12 50 34 13 38	 => 188
 46 38 13 39 43 10	 => 189
 27 7 19 31 53 52	 => 189
 8 52 53 18 30 28	 => 189
 50 28 30 15 32 34	 => 189
 13 34 32 26 45 39	 => 189
 43 39 45 22 23 17	 => 189
 53 31 3 35 49 18	 => 189
 30 18 49 48 29 15	 => 189
 32 15 29 33 54 26	 => 189
 45 26 54 37 5 22	 => 189
 49 35 6 9 42 48	 => 189
 29 48 42 1 36 33	 => 189
 54 33 36 25 4 37	 => 189


===================[TEST 10]===================

##### START ##### Wed May 14 18:05:05 2003



##### CONVERGE ##### Wed May 14 18:07:58 2003

Elapsed time: 173 seconds
Total loop: 544 generations

Result : 187.85

5 2 39 52 41 51 6 16 48 28 14 37 46 17 3 24 50 22 30 29 42 18 34 54 1 7 25 35 49 19 21 36 32 20 44 33 13 12 4 43 40 47 27 31 45 38 10 11 26 23 9 53 15 8 

 5 2 39 52 41 51	 => 190
 6 51 41 16 48 28	 => 190
 14 28 48 37 46 17	 => 190
 39 3 24 50 22 52	 => 190
 41 52 22 30 29 16	 => 190
 48 16 29 42 18 37	 => 190
 46 37 18 34 54 1	 => 190
 24 7 25 35 49 50	 => 190
 22 50 49 19 21 30	 => 191
 29 30 21 36 32 42	 => 190
 18 42 32 20 44 34	 => 190
 54 34 44 33 13 12	 => 190
 49 35 4 43 40 19	 => 190
 21 19 40 47 27 36	 => 190
 32 36 27 31 45 20	 => 191
 44 20 45 38 10 33	 => 190
 40 43 11 26 23 47	 => 190
 27 47 23 9 53 31	 => 190
 45 31 53 15 8 38	 => 190



test#	fitness		sum		time
---------------------------------------------------
1	187.794				116
2	186.158				122
3	187.163				159
4	186.412				145
5	187.501				179
6	186.215				140
7	187.306				123
8	188.412				126
9	186.616				113
10	187.85				173


---------------------------------------------------
Best fitness      : 188.412 ( test# 8)
Shortest time     : 113 ( test# 9)

Average fitness   : 187.143
Average time      : 139.6
