****************** GA TEST *******************

total test#:			 10
hexa min width:			 3
hexa max width:			 5
hexa count:			 19
number count:			 54
population size:		 90
generation size:		 15

tournament winner p:		 1
do xover p:			 1
xover:				 2points
do mutation1 p:			 0.1
mutation1 p:			 0.05
do optimize p:			 1
local optimize count:		 6000
do deep better optimize p:	 1
do deep worse optimize p:	 0
do spin p:			 0
spin count:			 1000
do spin apply p:		 1
do mutation2 p:			 0.12
mutation2 p:			 0.08
force mutation2:		 0
replace bad p:			 0.195

converge rate p:		 0.99
converge count:			 1

**********************************************


===================[TEST 1]===================

##### START ##### Wed May 14 23:33:45 2003



##### CONVERGE ##### Wed May 14 23:35:22 2003

Elapsed time: 97 seconds
Total loop: 123 generations

Result : 186.412

19 11 38 43 44 33 3 31 24 53 5 49 42 15 6 51 48 2 28 40 18 27 30 39 1 13 8 14 54 21 35 26 41 22 50 46 16 7 10 37 52 34 20 47 32 29 9 36 4 25 17 45 12 23 

 19 11 38 43 44 33	 => 188
 3 33 44 31 24 53	 => 188
 5 53 24 49 42 15	 => 188
 38 6 51 48 2 43	 => 188
 44 43 2 28 40 31	 => 188
 24 31 40 18 27 49	 => 189
 42 49 27 30 39 1	 => 188
 51 13 8 14 54 48	 => 188
 2 48 54 21 35 28	 => 188
 40 28 35 26 41 18	 => 188
 27 18 41 22 50 30	 => 188
 39 30 50 46 16 7	 => 188
 54 14 10 37 52 21	 => 188
 35 21 52 34 20 26	 => 188
 41 26 20 47 32 22	 => 188
 50 22 32 29 9 46	 => 188
 52 37 36 4 25 34	 => 188
 20 34 25 17 45 47	 => 188
 32 47 45 12 23 29	 => 188


===================[TEST 2]===================

##### START ##### Wed May 14 23:35:22 2003



##### CONVERGE ##### Wed May 14 23:38:04 2003

Elapsed time: 162 seconds
Total loop: 205 generations

Result : 187.412

2 7 51 35 52 42 13 8 49 25 16 45 33 21 10 22 41 30 36 28 40 19 38 50 4 14 31 37 44 9 29 32 24 20 48 46 1 6 11 34 54 47 18 43 53 17 5 3 12 39 15 27 26 23 

 2 7 51 35 52 42	 => 189
 13 42 52 8 49 25	 => 189
 16 25 49 45 33 21	 => 189
 51 10 22 41 30 35	 => 189
 52 35 30 36 28 8	 => 189
 49 8 28 40 19 45	 => 189
 33 45 19 38 50 4	 => 189
 22 14 31 37 44 41	 => 189
 30 41 44 9 29 36	 => 189
 28 36 29 32 24 40	 => 189
 19 40 24 20 48 38	 => 189
 50 38 48 46 1 6	 => 189
 44 37 11 34 54 9	 => 189
 29 9 54 47 18 32	 => 189
 24 32 18 43 53 20	 => 190
 48 20 53 17 5 46	 => 189
 54 34 3 12 39 47	 => 189
 18 47 39 15 27 43	 => 189
 53 43 27 26 23 17	 => 189


===================[TEST 3]===================

##### START ##### Wed May 14 23:38:04 2003



##### CONVERGE ##### Wed May 14 23:40:43 2003

Elapsed time: 159 seconds
Total loop: 200 generations

Result : 187.163

19 4 31 51 47 38 1 14 41 49 28 44 26 2 17 32 50 9 34 35 27 29 53 30 8 11 18 25 54 20 22 48 24 5 52 40 3 12 6 43 42 37 21 46 45 33 15 16 13 39 10 36 23 7 

 19 4 31 51 47 38	 => 190
 1 38 47 14 41 49	 => 190
 28 49 41 44 26 2	 => 190
 31 17 32 50 9 51	 => 190
 47 51 9 34 35 14	 => 190
 41 14 35 27 29 44	 => 190
 26 44 29 53 30 8	 => 190
 32 11 18 25 54 50	 => 190
 9 50 54 20 22 34	 => 189
 35 34 22 48 24 27	 => 190
 29 27 24 5 52 53	 => 190
 30 53 52 40 3 12	 => 190
 54 25 6 43 42 20	 => 190
 22 20 42 37 21 48	 => 190
 24 48 21 46 45 5	 => 189
 52 5 45 33 15 40	 => 190
 42 43 16 13 39 37	 => 190
 21 37 39 10 36 46	 => 189
 45 46 36 23 7 33	 => 190


===================[TEST 4]===================

##### START ##### Wed May 14 23:40:43 2003



##### CONVERGE ##### Wed May 14 23:43:32 2003

Elapsed time: 169 seconds
Total loop: 213 generations

Result : 186.501

17 4 32 50 38 49 13 8 47 34 24 51 25 9 7 37 53 11 41 42 22 20 45 46 2 18 5 40 36 14 35 29 21 30 52 31 6 10 16 44 39 54 19 48 43 33 1 23 3 27 15 26 28 12 

 17 4 32 50 38 49	 => 190
 13 49 38 8 47 34	 => 189
 24 34 47 51 25 9	 => 190
 32 7 37 53 11 50	 => 190
 38 50 11 41 42 8	 => 190
 47 8 42 22 20 51	 => 190
 25 51 20 45 46 2	 => 189
 37 18 5 40 36 53	 => 189
 11 53 36 14 35 41	 => 190
 42 41 35 29 21 22	 => 190
 20 22 21 30 52 45	 => 190
 46 45 52 31 6 10	 => 190
 36 40 16 44 39 14	 => 189
 35 14 39 54 19 29	 => 190
 21 29 19 48 43 30	 => 190
 52 30 43 33 1 31	 => 190
 39 44 23 3 27 54	 => 190
 19 54 27 15 26 48	 => 189
 43 48 26 28 12 33	 => 190


===================[TEST 5]===================

##### START ##### Wed May 14 23:43:32 2003



##### CONVERGE ##### Wed May 14 23:46:02 2003

Elapsed time: 150 seconds
Total loop: 189 generations

Result : 187.613

8 10 40 51 39 43 16 20 47 26 5 50 52 11 1 34 41 24 32 25 48 2 46 33 7 18 17 37 44 23 27 28 30 12 53 31 9 19 3 35 49 42 22 54 45 36 14 15 21 29 6 38 13 4 

 8 10 40 51 39 43	 => 191
 16 43 39 20 47 26	 => 191
 5 26 47 50 52 11	 => 191
 40 1 34 41 24 51	 => 191
 39 51 24 32 25 20	 => 191
 47 20 25 48 2 50	 => 192
 52 50 2 46 33 7	 => 190
 34 18 17 37 44 41	 => 191
 24 41 44 23 27 32	 => 191
 25 32 27 28 30 48	 => 190
 2 48 30 12 53 46	 => 191
 33 46 53 31 9 19	 => 191
 44 37 3 35 49 23	 => 191
 27 23 49 42 22 28	 => 191
 30 28 22 54 45 12	 => 191
 53 12 45 36 14 31	 => 191
 49 35 15 21 29 42	 => 191
 22 42 29 6 38 54	 => 191
 45 54 38 13 4 36	 => 190


===================[TEST 6]===================

##### START ##### Wed May 14 23:46:02 2003



##### CONVERGE ##### Wed May 14 23:49:56 2003

Elapsed time: 234 seconds
Total loop: 296 generations

Result : 188.412

26 3 33 41 36 51 1 17 46 39 19 53 23 10 2 49 43 22 44 30 29 15 52 42 5 13 8 37 40 21 20 32 35 12 47 34 11 4 6 38 48 54 16 50 45 28 24 7 18 25 14 31 9 27 

 26 3 33 41 36 51	 => 190
 1 51 36 17 46 39	 => 190
 19 39 46 53 23 10	 => 190
 33 2 49 43 22 41	 => 190
 36 41 22 44 30 17	 => 190
 46 17 30 29 15 53	 => 190
 23 53 15 52 42 5	 => 190
 49 13 8 37 40 43	 => 190
 22 43 40 21 20 44	 => 190
 30 44 20 32 35 29	 => 190
 15 29 35 12 47 52	 => 190
 42 52 47 34 11 4	 => 190
 40 37 6 38 48 21	 => 190
 20 21 48 54 16 32	 => 191
 35 32 16 50 45 12	 => 190
 47 12 45 28 24 34	 => 190
 48 38 7 18 25 54	 => 190
 16 54 25 14 31 50	 => 190
 45 50 31 9 27 28	 => 190


===================[TEST 7]===================

##### START ##### Wed May 14 23:49:56 2003



##### CONVERGE ##### Wed May 14 23:52:25 2003

Elapsed time: 149 seconds
Total loop: 188 generations

Result : 187.027

11 7 30 53 49 41 6 19 37 38 23 45 26 21 5 42 48 13 20 36 28 25 44 43 8 9 2 35 54 24 31 46 29 12 52 34 15 3 4 33 40 32 17 39 47 27 18 22 14 50 1 51 16 10 

 11 7 30 53 49 41	 => 191
 6 41 49 19 37 38	 => 190
 23 38 37 45 26 21	 => 190
 30 5 42 48 13 53	 => 191
 49 53 13 20 36 19	 => 190
 37 19 36 28 25 45	 => 190
 26 45 25 44 43 8	 => 191
 42 9 2 35 54 48	 => 190
 13 48 54 24 31 20	 => 190
 36 20 31 46 29 28	 => 190
 25 28 29 12 52 44	 => 190
 43 44 52 34 15 3	 => 191
 54 35 4 33 40 24	 => 190
 31 24 40 32 17 46	 => 190
 29 46 17 39 47 12	 => 190
 52 12 47 27 18 34	 => 190
 40 33 22 14 50 32	 => 191
 17 32 50 1 51 39	 => 190
 47 39 51 16 10 27	 => 190


===================[TEST 8]===================

##### START ##### Wed May 14 23:52:25 2003



##### CONVERGE ##### Wed May 14 23:55:32 2003

Elapsed time: 187 seconds
Total loop: 235 generations

Result : 187.163

25 17 26 41 51 30 19 14 46 29 20 50 34 11 18 47 54 4 36 44 28 8 53 43 2 3 16 33 37 35 24 31 27 22 52 23 10 9 1 39 45 42 13 49 48 32 12 5 21 38 7 40 15 6 

 25 17 26 41 51 30	 => 190
 19 30 51 14 46 29	 => 189
 20 29 46 50 34 11	 => 190
 26 18 47 54 4 41	 => 190
 51 41 4 36 44 14	 => 190
 46 14 44 28 8 50	 => 190
 34 50 8 53 43 2	 => 190
 47 3 16 33 37 54	 => 190
 4 54 37 35 24 36	 => 190
 44 36 24 31 27 28	 => 190
 8 28 27 22 52 53	 => 190
 43 53 52 23 10 9	 => 190
 37 33 1 39 45 35	 => 190
 24 35 45 42 13 31	 => 190
 27 31 13 49 48 22	 => 190
 52 22 48 32 12 23	 => 189
 45 39 5 21 38 42	 => 190
 13 42 38 7 40 49	 => 189
 48 49 40 15 6 32	 => 190


===================[TEST 9]===================

##### START ##### Wed May 14 23:55:32 2003



##### CONVERGE ##### Wed May 14 23:59:37 2003

Elapsed time: 245 seconds
Total loop: 310 generations

Result : 187.85

13 21 31 41 43 42 8 26 51 20 24 33 47 15 10 48 54 7 35 38 23 19 53 29 9 6 2 50 30 25 39 27 28 22 45 36 16 11 1 40 44 37 18 46 49 34 4 14 3 52 5 32 17 12 

 13 21 31 41 43 42	 => 191
 8 42 43 26 51 20	 => 190
 24 20 51 33 47 15	 => 190
 31 10 48 54 7 41	 => 191
 43 41 7 35 38 26	 => 190
 51 26 38 23 19 33	 => 190
 47 33 19 53 29 9	 => 190
 48 6 2 50 30 54	 => 190
 7 54 30 25 39 35	 => 190
 38 35 39 27 28 23	 => 190
 19 23 28 22 45 53	 => 190
 29 53 45 36 16 11	 => 190
 30 50 1 40 44 25	 => 190
 39 25 44 37 18 27	 => 190
 28 27 18 46 49 22	 => 190
 45 22 49 34 4 36	 => 190
 44 40 14 3 52 37	 => 190
 18 37 52 5 32 46	 => 190
 49 46 32 17 12 34	 => 190


===================[TEST 10]===================

##### START ##### Wed May 14 23:59:37 2003



##### CONVERGE ##### Thu May 15 00:01:50 2003

Elapsed time: 133 seconds
Total loop: 167 generations

Result : 186.478

5 2 42 47 48 45 1 23 44 28 17 49 39 12 3 51 37 10 35 26 38 9 41 30 21 19 16 14 52 33 22 36 32 24 46 34 13 25 8 29 54 40 4 50 43 27 15 7 6 53 11 31 18 20 

 5 2 42 47 48 45	 => 189
 1 45 48 23 44 28	 => 189
 17 28 44 49 39 12	 => 189
 42 3 51 37 10 47	 => 190
 48 47 10 35 26 23	 => 189
 44 23 26 38 9 49	 => 189
 39 49 9 41 30 21	 => 189
 51 19 16 14 52 37	 => 189
 10 37 52 33 22 35	 => 189
 26 35 22 36 32 38	 => 189
 9 38 32 24 46 41	 => 190
 30 41 46 34 13 25	 => 189
 52 14 8 29 54 33	 => 190
 22 33 54 40 4 36	 => 189
 32 36 4 50 43 24	 => 189
 46 24 43 27 15 34	 => 189
 54 29 7 6 53 40	 => 189
 4 40 53 11 31 50	 => 189
 43 50 31 18 20 27	 => 189



test#	fitness		sum		time
---------------------------------------------------
1	186.412				97
2	187.412				162
3	187.163				159
4	186.501				169
5	187.613				150
6	188.412				234
7	187.027				149
8	187.163				187
9	187.85				245
10	186.478				133


---------------------------------------------------
Best fitness      : 188.412 ( test# 6)
Shortest time     : 97 ( test# 1)

Average fitness   : 187.203
Average time      : 168.5
