****************** GA TEST *******************

total test#:			 10
hexa min width:			 3
hexa max width:			 5
hexa count:			 19
number count:			 54
population size:		 80
generation size:		 12

tournament winner p:		 1
do xover p:			 1
xover:				 2points
do mutation1 p:			 0.1
mutation1 p:			 0.05
do optimize p:			 1
local optimize count:		 6000
do deep better optimize p:	 1
do deep worse optimize p:	 0
do spin p:			 0
spin count:			 1000
do spin apply p:		 1
do mutation2 p:			 0.12
mutation2 p:			 0.08
force mutation2:		 0
replace bad p:			 0.195

converge rate p:		 0.99
converge count:			 1

**********************************************


===================[TEST 1]===================

##### START ##### Wed May 14 20:28:45 2003



##### CONVERGE ##### Wed May 14 20:31:49 2003

Elapsed time: 184 seconds
Total loop: 287 generations

Result : 187.412

26 4 40 42 45 32 1 25 50 36 11 53 24 15 3 30 47 27 33 17 34 10 52 37 13 2 31 28 51 8 23 43 39 6 48 22 21 9 19 29 54 41 20 35 46 49 18 7 14 44 12 38 5 16 

 26 4 40 42 45 32	 => 189
 1 32 45 25 50 36	 => 189
 11 36 50 53 24 15	 => 189
 40 3 30 47 27 42	 => 189
 45 42 27 33 17 25	 => 189
 50 25 17 34 10 53	 => 189
 24 53 10 52 37 13	 => 189
 30 2 31 28 51 47	 => 189
 27 47 51 8 23 33	 => 189
 17 33 23 43 39 34	 => 189
 10 34 39 6 48 52	 => 189
 37 52 48 22 21 9	 => 189
 51 28 19 29 54 8	 => 189
 23 8 54 41 20 43	 => 189
 39 43 20 35 46 6	 => 189
 48 6 46 49 18 22	 => 189
 54 29 7 14 44 41	 => 189
 20 41 44 12 38 35	 => 190
 46 35 38 5 16 49	 => 189


===================[TEST 2]===================

##### START ##### Wed May 14 20:31:49 2003



##### CONVERGE ##### Wed May 14 20:34:17 2003

Elapsed time: 148 seconds
Total loop: 231 generations

Result : 187.85

18 10 30 47 43 42 7 17 44 37 5 53 32 19 8 51 40 14 35 34 20 22 46 26 11 3 15 29 52 21 28 49 25 23 54 36 27 1 2 45 41 39 12 48 33 31 13 9 6 50 4 38 24 16 

 18 10 30 47 43 42	 => 190
 7 42 43 17 44 37	 => 190
 5 37 44 53 32 19	 => 190
 30 8 51 40 14 47	 => 190
 43 47 14 35 34 17	 => 190
 44 17 34 20 22 53	 => 190
 32 53 22 46 26 11	 => 190
 51 3 15 29 52 40	 => 190
 14 40 52 21 28 35	 => 190
 34 35 28 49 25 20	 => 191
 22 20 25 23 54 46	 => 190
 26 46 54 36 27 1	 => 190
 52 29 2 45 41 21	 => 190
 28 21 41 39 12 49	 => 190
 25 49 12 48 33 23	 => 190
 54 23 33 31 13 36	 => 190
 41 45 9 6 50 39	 => 190
 12 39 50 4 38 48	 => 191
 33 48 38 24 16 31	 => 190


===================[TEST 3]===================

##### START ##### Wed May 14 20:34:17 2003



##### CONVERGE ##### Wed May 14 20:37:34 2003

Elapsed time: 197 seconds
Total loop: 307 generations

Result : 188.306

25 8 41 52 31 33 14 28 40 44 13 34 47 12 5 35 53 4 36 39 29 20 43 45 1 3 27 24 48 19 30 23 32 17 49 26 16 11 2 51 46 50 22 54 42 38 18 7 15 21 6 37 10 9 

 25 8 41 52 31 33	 => 190
 14 33 31 28 40 44	 => 190
 13 44 40 34 47 12	 => 190
 41 5 35 53 4 52	 => 190
 31 52 4 36 39 28	 => 190
 40 28 39 29 20 34	 => 190
 47 34 20 43 45 1	 => 190
 35 3 27 24 48 53	 => 190
 4 53 48 19 30 36	 => 190
 39 36 30 23 32 29	 => 189
 20 29 32 17 49 43	 => 190
 45 43 49 26 16 11	 => 190
 48 24 2 51 46 19	 => 190
 30 19 46 50 22 23	 => 190
 32 23 22 54 42 17	 => 190
 49 17 42 38 18 26	 => 190
 46 51 7 15 21 50	 => 190
 22 50 21 6 37 54	 => 190
 42 54 37 10 9 38	 => 190


===================[TEST 4]===================

##### START ##### Wed May 14 20:37:34 2003



##### CONVERGE ##### Wed May 14 20:39:32 2003

Elapsed time: 118 seconds
Total loop: 184 generations

Result : 187.85

10 9 31 54 36 50 2 14 49 39 21 38 27 16 11 34 53 7 37 42 24 23 52 44 6 5 12 46 40 18 35 22 30 15 47 32 3 13 8 33 45 41 29 43 51 25 20 4 19 48 1 28 17 26 

 10 9 31 54 36 50	 => 190
 2 50 36 14 49 39	 => 190
 21 39 49 38 27 16	 => 190
 31 11 34 53 7 54	 => 190
 36 54 7 37 42 14	 => 190
 49 14 42 24 23 38	 => 190
 27 38 23 52 44 6	 => 190
 34 5 12 46 40 53	 => 190
 7 53 40 18 35 37	 => 190
 42 37 35 22 30 24	 => 190
 23 24 30 15 47 52	 => 191
 44 52 47 32 3 13	 => 191
 40 46 8 33 45 18	 => 190
 35 18 45 41 29 22	 => 190
 30 22 29 43 51 15	 => 190
 47 15 51 25 20 32	 => 190
 45 33 4 19 48 41	 => 190
 29 41 48 1 28 43	 => 190
 51 43 28 17 26 25	 => 190


===================[TEST 5]===================

##### START ##### Wed May 14 20:39:32 2003



##### CONVERGE ##### Wed May 14 20:41:42 2003

Elapsed time: 130 seconds
Total loop: 204 generations

Result : 186.64

30 10 37 41 52 19 3 23 49 43 1 35 50 11 7 34 53 17 31 25 38 18 42 40 4 6 24 27 45 28 15 47 33 13 44 46 12 5 9 26 54 29 16 32 48 36 2 21 20 39 22 51 14 8 

 30 10 37 41 52 19	 => 189
 3 19 52 23 49 43	 => 189
 1 43 49 35 50 11	 => 189
 37 7 34 53 17 41	 => 189
 52 41 17 31 25 23	 => 189
 49 23 25 38 18 35	 => 188
 50 35 18 42 40 4	 => 189
 34 6 24 27 45 53	 => 189
 17 53 45 28 15 31	 => 189
 25 31 15 47 33 38	 => 189
 18 38 33 13 44 42	 => 188
 40 42 44 46 12 5	 => 189
 45 27 9 26 54 28	 => 189
 15 28 54 29 16 47	 => 189
 33 47 16 32 48 13	 => 189
 44 13 48 36 2 46	 => 189
 54 26 21 20 39 29	 => 189
 16 29 39 22 51 32	 => 189
 48 32 51 14 8 36	 => 189


===================[TEST 6]===================

##### START ##### Wed May 14 20:41:43 2003



##### CONVERGE ##### Wed May 14 20:44:30 2003

Elapsed time: 167 seconds
Total loop: 262 generations

Result : 187.85

8 27 44 36 46 30 14 10 53 37 13 51 31 5 17 38 33 22 52 24 32 20 45 41 2 15 9 47 48 12 23 34 25 29 39 50 4 11 3 26 54 49 18 42 43 28 1 7 19 35 6 40 16 21 

 8 27 44 36 46 30	 => 191
 14 30 46 10 53 37	 => 190
 13 37 53 51 31 5	 => 190
 44 17 38 33 22 36	 => 190
 46 36 22 52 24 10	 => 190
 53 10 24 32 20 51	 => 190
 31 51 20 45 41 2	 => 190
 38 15 9 47 48 33	 => 190
 22 33 48 12 23 52	 => 190
 24 52 23 34 25 32	 => 190
 20 32 25 29 39 45	 => 190
 41 45 39 50 4 11	 => 190
 48 47 3 26 54 12	 => 190
 23 12 54 49 18 34	 => 190
 25 34 18 42 43 29	 => 191
 39 29 43 28 1 50	 => 190
 54 26 7 19 35 49	 => 190
 18 49 35 6 40 42	 => 190
 43 42 40 16 21 28	 => 190


===================[TEST 7]===================

##### START ##### Wed May 14 20:44:31 2003



##### CONVERGE ##### Wed May 14 20:46:45 2003

Elapsed time: 134 seconds
Total loop: 209 generations

Result : 187.85

27 2 34 38 52 37 7 13 46 35 5 51 29 24 6 48 50 14 30 43 25 12 53 42 3 8 18 20 47 17 32 28 33 22 45 31 15 4 11 54 41 49 23 40 44 39 9 1 19 26 16 36 21 10 

 27 2 34 38 52 37	 => 190
 7 37 52 13 46 35	 => 190
 5 35 46 51 29 24	 => 190
 34 6 48 50 14 38	 => 190
 52 38 14 30 43 13	 => 190
 46 13 43 25 12 51	 => 190
 29 51 12 53 42 3	 => 190
 48 8 18 20 47 50	 => 191
 14 50 47 17 32 30	 => 190
 43 30 32 28 33 25	 => 191
 12 25 33 22 45 53	 => 190
 42 53 45 31 15 4	 => 190
 47 20 11 54 41 17	 => 190
 32 17 41 49 23 28	 => 190
 33 28 23 40 44 22	 => 190
 45 22 44 39 9 31	 => 190
 41 54 1 19 26 49	 => 190
 23 49 26 16 36 40	 => 190
 44 40 36 21 10 39	 => 190


===================[TEST 8]===================

##### START ##### Wed May 14 20:46:45 2003



##### CONVERGE ##### Wed May 14 20:48:51 2003

Elapsed time: 126 seconds
Total loop: 197 generations

Result : 187.163

13 7 34 53 43 40 5 22 54 26 17 50 32 10 3 48 42 9 36 27 16 21 52 29 6 2 28 30 39 23 41 24 46 18 37 45 19 8 11 38 49 33 20 47 35 51 4 14 25 31 15 44 1 12 

 13 7 34 53 43 40	 => 190
 5 40 43 22 54 26	 => 190
 17 26 54 50 32 10	 => 189
 34 3 48 42 9 53	 => 189
 43 53 9 36 27 22	 => 190
 54 22 27 16 21 50	 => 190
 32 50 21 52 29 6	 => 190
 48 2 28 30 39 42	 => 189
 9 42 39 23 41 36	 => 190
 27 36 41 24 46 16	 => 190
 21 16 46 18 37 52	 => 190
 29 52 37 45 19 8	 => 190
 39 30 11 38 49 23	 => 190
 41 23 49 33 20 24	 => 190
 46 24 20 47 35 18	 => 190
 37 18 35 51 4 45	 => 190
 49 38 14 25 31 33	 => 190
 20 33 31 15 44 47	 => 190
 35 47 44 1 12 51	 => 190


===================[TEST 9]===================

##### START ##### Wed May 14 20:48:51 2003



##### CONVERGE ##### Wed May 14 20:51:47 2003

Elapsed time: 176 seconds
Total loop: 275 generations

Result : 188.306

8 11 26 48 50 47 2 3 42 46 21 49 25 7 12 37 51 16 28 45 36 15 53 39 9 10 14 38 40 24 31 27 23 19 44 43 5 6 1 54 33 41 34 52 35 32 17 20 13 29 4 30 18 22 

 8 11 26 48 50 47	 => 190
 2 47 50 3 42 46	 => 190
 21 46 42 49 25 7	 => 190
 26 12 37 51 16 48	 => 190
 50 48 16 28 45 3	 => 190
 42 3 45 36 15 49	 => 190
 25 49 15 53 39 9	 => 190
 37 10 14 38 40 51	 => 190
 16 51 40 24 31 28	 => 190
 45 28 31 27 23 36	 => 190
 15 36 23 19 44 53	 => 190
 39 53 44 43 5 6	 => 190
 40 38 1 54 33 24	 => 190
 31 24 33 41 34 27	 => 190
 23 27 34 52 35 19	 => 190
 44 19 35 32 17 43	 => 190
 33 54 20 13 29 41	 => 190
 34 41 29 4 30 52	 => 190
 35 52 30 18 22 32	 => 189


===================[TEST 10]===================

##### START ##### Wed May 14 20:51:47 2003



##### CONVERGE ##### Wed May 14 20:54:56 2003

Elapsed time: 189 seconds
Total loop: 297 generations

Result : 187.616

3 25 30 53 31 48 6 8 52 45 1 36 38 18 14 19 54 20 34 44 28 22 50 39 5 13 21 43 40 9 33 24 27 17 46 41 4 10 12 37 49 47 29 42 51 32 2 15 16 26 11 35 23 7 

 3 25 30 53 31 48	 => 190
 6 48 31 8 52 45	 => 190
 1 45 52 36 38 18	 => 190
 30 14 19 54 20 53	 => 190
 31 53 20 34 44 8	 => 190
 52 8 44 28 22 36	 => 190
 38 36 22 50 39 5	 => 190
 19 13 21 43 40 54	 => 190
 20 54 40 9 33 34	 => 190
 44 34 33 24 27 28	 => 190
 22 28 27 17 46 50	 => 190
 39 50 46 41 4 10	 => 190
 40 43 12 37 49 9	 => 190
 33 9 49 47 29 24	 => 191
 27 24 29 42 51 17	 => 190
 46 17 51 32 2 41	 => 189
 49 37 15 16 26 47	 => 190
 29 47 26 11 35 42	 => 190
 51 42 35 23 7 32	 => 190



test#	fitness		sum		time
---------------------------------------------------
1	187.412				184
2	187.85				148
3	188.306				197
4	187.85				118
5	186.64				130
6	187.85				167
7	187.85				134
8	187.163				126
9	188.306				176
10	187.616				189


---------------------------------------------------
Best fitness      : 188.306 ( test# 3)
Shortest time     : 118 ( test# 4)

Average fitness   : 187.684
Average time      : 156.9
