****************** GA TEST *******************

total test#:			 10
hexa min width:			 3
hexa max width:			 5
hexa count:			 19
number count:			 54
population size:		 30
generation size:		 15

tournament winner p:		 1
do xover p:			 1
xover:				 2points
do mutation1 p:			 0.1
mutation1 p:			 0.05
do optimize p:			 1
local optimize count:		 6000
do deep better optimize p:	 1
do deep worse optimize p:	 0
do spin p:			 0
spin count:			 1000
do spin apply p:		 1
do mutation2 p:			 0.12
mutation2 p:			 0.08
force mutation2:		 0
replace bad p:			 0.195

converge rate p:		 0.99
converge count:			 1

**********************************************


===================[TEST 1]===================

##### START ##### Wed May 14 22:02:01 2003



##### CONVERGE ##### Wed May 14 22:02:55 2003

Elapsed time: 54 seconds
Total loop: 68 generations

Result : 187.215

17 3 51 40 44 35 1 29 45 36 21 54 27 7 6 34 50 10 41 26 28 8 53 23 25 12 15 37 42 14 33 30 32 22 47 38 16 13 5 43 49 46 19 39 48 31 4 9 20 24 11 52 2 18 

 17 3 51 40 44 35	 => 190
 1 35 44 29 45 36	 => 190
 21 36 45 54 27 7	 => 190
 51 6 34 50 10 40	 => 191
 44 40 10 41 26 29	 => 190
 45 29 26 28 8 54	 => 190
 27 54 8 53 23 25	 => 190
 34 12 15 37 42 50	 => 190
 10 50 42 14 33 41	 => 190
 26 41 33 30 32 28	 => 190
 8 28 32 22 47 53	 => 190
 23 53 47 38 16 13	 => 190
 42 37 5 43 49 14	 => 190
 33 14 49 46 19 30	 => 191
 32 30 19 39 48 22	 => 190
 47 22 48 31 4 38	 => 190
 49 43 9 20 24 46	 => 191
 19 46 24 11 52 39	 => 191
 48 39 52 2 18 31	 => 190


===================[TEST 2]===================

##### START ##### Wed May 14 22:02:55 2003



##### CONVERGE ##### Wed May 14 22:03:34 2003

Elapsed time: 39 seconds
Total loop: 49 generations

Result : 185.163

14 6 39 49 33 46 12 26 47 24 25 48 23 21 2 54 29 15 45 20 40 7 41 52 17 13 16 42 34 27 37 8 38 18 44 36 5 10 1 31 53 32 30 43 51 35 4 3 19 50 11 22 9 28 

 14 6 39 49 33 46	 => 187
 12 46 33 26 47 24	 => 188
 25 24 47 48 23 21	 => 188
 39 2 54 29 15 49	 => 188
 33 49 15 45 20 26	 => 188
 47 26 20 40 7 48	 => 188
 23 48 7 41 52 17	 => 188
 54 13 16 42 34 29	 => 188
 15 29 34 27 37 45	 => 187
 20 45 37 8 38 40	 => 188
 7 40 38 18 44 41	 => 188
 52 41 44 36 5 10	 => 188
 34 42 1 31 53 27	 => 188
 37 27 53 32 30 8	 => 187
 38 8 30 43 51 18	 => 188
 44 18 51 35 4 36	 => 188
 53 31 3 19 50 32	 => 188
 30 32 50 11 22 43	 => 188
 51 43 22 9 28 35	 => 188


===================[TEST 3]===================

##### START ##### Wed May 14 22:03:34 2003



##### CONVERGE ##### Wed May 14 22:04:44 2003

Elapsed time: 70 seconds
Total loop: 88 generations

Result : 187.501

14 13 34 44 52 33 3 22 54 27 17 36 42 15 23 29 43 18 25 30 28 21 50 41 1 19 6 45 48 11 46 24 37 8 47 31 12 10 4 32 51 39 20 53 49 40 16 26 7 35 5 38 2 9 

 14 13 34 44 52 33	 => 190
 3 33 52 22 54 27	 => 191
 17 27 54 36 42 15	 => 191
 34 23 29 43 18 44	 => 191
 52 44 18 25 30 22	 => 191
 54 22 30 28 21 36	 => 191
 42 36 21 50 41 1	 => 191
 29 19 6 45 48 43	 => 190
 18 43 48 11 46 25	 => 191
 30 25 46 24 37 28	 => 190
 21 28 37 8 47 50	 => 191
 41 50 47 31 12 10	 => 191
 48 45 4 32 51 11	 => 191
 46 11 51 39 20 24	 => 191
 37 24 20 53 49 8	 => 191
 47 8 49 40 16 31	 => 191
 51 32 26 7 35 39	 => 190
 20 39 35 5 38 53	 => 190
 49 53 38 2 9 40	 => 191


===================[TEST 4]===================

##### START ##### Wed May 14 22:04:44 2003



##### CONVERGE ##### Wed May 14 22:05:38 2003

Elapsed time: 54 seconds
Total loop: 69 generations

Result : 187.412

3 18 49 39 54 26 1 19 47 42 11 38 37 14 7 23 51 20 31 27 36 22 25 50 17 15 12 40 48 9 30 21 44 16 46 28 35 5 10 29 53 43 33 34 41 52 6 8 24 32 2 45 4 13 

 3 18 49 39 54 26	 => 189
 1 26 54 19 47 42	 => 189
 11 42 47 38 37 14	 => 189
 49 7 23 51 20 39	 => 189
 54 39 20 31 27 19	 => 190
 47 19 27 36 22 38	 => 189
 37 38 22 25 50 17	 => 189
 23 15 12 40 48 51	 => 189
 20 51 48 9 30 31	 => 189
 27 31 30 21 44 36	 => 189
 22 36 44 16 46 25	 => 189
 50 25 46 28 35 5	 => 189
 48 40 10 29 53 9	 => 189
 30 9 53 43 33 21	 => 189
 44 21 33 34 41 16	 => 189
 46 16 41 52 6 28	 => 189
 53 29 8 24 32 43	 => 189
 33 43 32 2 45 34	 => 189
 41 34 45 4 13 52	 => 189


===================[TEST 5]===================

##### START ##### Wed May 14 22:05:38 2003



##### CONVERGE ##### Wed May 14 22:06:27 2003

Elapsed time: 49 seconds
Total loop: 61 generations

Result : 187.412

18 1 50 47 54 19 21 17 52 26 14 53 36 8 5 25 49 13 38 20 32 15 51 31 3 2 23 48 42 4 43 29 27 34 30 44 24 9 10 41 45 46 22 37 40 35 6 7 11 39 12 33 28 16 

 18 1 50 47 54 19	 => 189
 21 19 54 17 52 26	 => 189
 14 26 52 53 36 8	 => 189
 50 5 25 49 13 47	 => 189
 54 47 13 38 20 17	 => 189
 52 17 20 32 15 53	 => 189
 36 53 15 51 31 3	 => 189
 25 2 23 48 42 49	 => 189
 13 49 42 4 43 38	 => 189
 20 38 43 29 27 32	 => 189
 15 32 27 34 30 51	 => 189
 31 51 30 44 24 9	 => 189
 42 48 10 41 45 4	 => 190
 43 4 45 46 22 29	 => 189
 27 29 22 37 40 34	 => 189
 30 34 40 35 6 44	 => 189
 45 41 7 11 39 46	 => 189
 22 46 39 12 33 37	 => 189
 40 37 33 28 16 35	 => 189


===================[TEST 6]===================

##### START ##### Wed May 14 22:06:27 2003



##### CONVERGE ##### Wed May 14 22:07:00 2003

Elapsed time: 33 seconds
Total loop: 42 generations

Result : 185.268

26 7 24 54 42 35 3 16 52 41 15 49 21 11 8 30 50 23 33 20 34 17 45 51 5 18 9 44 38 2 43 27 32 14 47 29 13 4 12 53 40 46 31 48 37 39 22 6 19 25 10 28 36 1 

 26 7 24 54 42 35	 => 188
 3 35 42 16 52 41	 => 189
 15 41 52 49 21 11	 => 189
 24 8 30 50 23 54	 => 189
 42 54 23 33 20 16	 => 188
 52 16 20 34 17 49	 => 188
 21 49 17 45 51 5	 => 188
 30 18 9 44 38 50	 => 189
 23 50 38 2 43 33	 => 189
 20 33 43 27 32 34	 => 189
 17 34 32 14 47 45	 => 189
 51 45 47 29 13 4	 => 189
 38 44 12 53 40 2	 => 189
 43 2 40 46 31 27	 => 189
 32 27 31 48 37 14	 => 189
 47 14 37 39 22 29	 => 188
 40 53 6 19 25 46	 => 189
 31 46 25 10 28 48	 => 188
 37 48 28 36 1 39	 => 189


===================[TEST 7]===================

##### START ##### Wed May 14 22:07:00 2003



##### CONVERGE ##### Wed May 14 22:07:58 2003

Elapsed time: 58 seconds
Total loop: 73 generations

Result : 184.163

8 22 30 40 35 52 6 21 23 50 19 48 42 5 10 44 36 26 18 47 45 3 51 41 2 9 27 39 32 38 37 16 24 11 53 25 4 13 1 31 46 17 33 54 49 34 14 29 20 43 12 28 7 15 

 8 22 30 40 35 52	 => 187
 6 52 35 21 23 50	 => 187
 19 50 23 48 42 5	 => 187
 30 10 44 36 26 40	 => 186
 35 40 26 18 47 21	 => 187
 23 21 47 45 3 48	 => 187
 42 48 3 51 41 2	 => 187
 44 9 27 39 32 36	 => 187
 26 36 32 38 37 18	 => 187
 47 18 37 16 24 45	 => 187
 3 45 24 11 53 51	 => 187
 41 51 53 25 4 13	 => 187
 32 39 1 31 46 38	 => 187
 37 38 46 17 33 16	 => 187
 24 16 33 54 49 11	 => 187
 53 11 49 34 14 25	 => 186
 46 31 29 20 43 17	 => 186
 33 17 43 12 28 54	 => 187
 49 54 28 7 15 34	 => 187


===================[TEST 8]===================

##### START ##### Wed May 14 22:07:58 2003



##### CONVERGE ##### Wed May 14 22:08:24 2003

Elapsed time: 26 seconds
Total loop: 33 generations

Result : 182.794

12 7 44 52 41 30 9 13 48 45 11 34 38 10 24 3 46 17 37 26 35 29 31 47 6 8 50 36 43 20 23 33 32 19 40 25 28 15 27 18 42 54 14 39 49 51 1 16 2 53 5 21 4 22 

 12 7 44 52 41 30	 => 186
 9 30 41 13 48 45	 => 186
 11 45 48 34 38 10	 => 186
 44 24 3 46 17 52	 => 186
 41 52 17 37 26 13	 => 186
 48 13 26 35 29 34	 => 185
 38 34 29 31 47 6	 => 185
 3 8 50 36 43 46	 => 186
 17 46 43 20 23 37	 => 186
 26 37 23 33 32 35	 => 186
 29 35 32 19 40 31	 => 186
 47 31 40 25 28 15	 => 186
 43 36 27 18 42 20	 => 186
 23 20 42 54 14 33	 => 186
 32 33 14 39 49 19	 => 186
 40 19 49 51 1 25	 => 185
 42 18 16 2 53 54	 => 185
 14 54 53 5 21 39	 => 186
 49 39 21 4 22 51	 => 186


===================[TEST 9]===================

##### START ##### Wed May 14 22:08:24 2003



##### CONVERGE ##### Wed May 14 22:08:54 2003

Elapsed time: 30 seconds
Total loop: 38 generations

Result : 184.794

14 23 41 54 38 18 17 40 22 53 21 48 42 1 9 25 51 8 29 19 39 20 36 37 5 7 13 47 45 10 44 26 30 11 52 35 16 12 3 34 49 31 28 50 43 32 15 4 24 46 6 27 2 33 

 14 23 41 54 38 18	 => 188
 17 18 38 40 22 53	 => 188
 21 53 22 48 42 1	 => 187
 41 9 25 51 8 54	 => 188
 38 54 8 29 19 40	 => 188
 22 40 19 39 20 48	 => 188
 42 48 20 36 37 5	 => 188
 25 7 13 47 45 51	 => 188
 8 51 45 10 44 29	 => 187
 19 29 44 26 30 39	 => 187
 20 39 30 11 52 36	 => 188
 37 36 52 35 16 12	 => 188
 45 47 3 34 49 10	 => 188
 44 10 49 31 28 26	 => 188
 30 26 28 50 43 11	 => 188
 52 11 43 32 15 35	 => 188
 49 34 4 24 46 31	 => 188
 28 31 46 6 27 50	 => 188
 43 50 27 2 33 32	 => 187


===================[TEST 10]===================

##### START ##### Wed May 14 22:08:54 2003



##### CONVERGE ##### Wed May 14 22:09:32 2003

Elapsed time: 38 seconds
Total loop: 48 generations

Result : 186.306

7 10 51 35 44 41 3 8 43 49 2 50 25 19 5 39 47 11 53 37 26 24 28 40 21 15 17 36 34 20 23 16 33 22 54 42 6 18 1 45 52 46 31 38 48 13 9 12 4 29 14 30 27 32 

 7 10 51 35 44 41	 => 188
 3 41 44 8 43 49	 => 188
 2 49 43 50 25 19	 => 188
 51 5 39 47 11 35	 => 188
 44 35 11 53 37 8	 => 188
 43 8 37 26 24 50	 => 188
 25 50 24 28 40 21	 => 188
 39 15 17 36 34 47	 => 188
 11 47 34 20 23 53	 => 188
 37 53 23 16 33 26	 => 188
 24 26 33 22 54 28	 => 187
 40 28 54 42 6 18	 => 188
 34 36 1 45 52 20	 => 188
 23 20 52 46 31 16	 => 188
 33 16 31 38 48 22	 => 188
 54 22 48 13 9 42	 => 188
 52 45 12 4 29 46	 => 188
 31 46 29 14 30 38	 => 188
 48 38 30 27 32 13	 => 188



test#	fitness		sum		time
---------------------------------------------------
1	187.215				54
2	185.163				39
3	187.501				70
4	187.412				54
5	187.412				49
6	185.268				33
7	184.163				58
8	182.794				26
9	184.794				30
10	186.306				38


---------------------------------------------------
Best fitness      : 187.501 ( test# 3)
Shortest time     : 26 ( test# 8)

Average fitness   : 185.803
Average time      : 45.1
