****************** GA TEST *******************

total test#:			 10
hexa min width:			 3
hexa max width:			 5
hexa count:			 19
number count:			 54
population size:		 20
generation size:		 15

tournament winner p:		 1
do xover p:			 1
xover:				 2points
do mutation1 p:			 0.1
mutation1 p:			 0.05
do optimize p:			 1
local optimize count:		 6000
do deep better optimize p:	 1
do deep worse optimize p:	 0
do spin p:			 0
spin count:			 1000
do spin apply p:		 1
do mutation2 p:			 0.12
mutation2 p:			 0.08
force mutation2:		 0
replace bad p:			 0.195

converge rate p:		 0.99
converge count:			 1

**********************************************


===================[TEST 1]===================

##### START ##### Wed May 14 21:57:38 2003



##### CONVERGE ##### Wed May 14 21:57:56 2003

Elapsed time: 18 seconds
Total loop: 22 generations

Result : 181.268

22 16 18 49 34 46 6 14 47 38 8 41 43 7 13 40 44 21 17 50 24 9 53 2 36 30 20 12 39 31 33 19 42 11 45 51 29 5 1 54 48 28 26 52 35 32 10 23 4 27 15 37 3 25 

 22 16 18 49 34 46	 => 185
 6 46 34 14 47 38	 => 185
 8 38 47 41 43 7	 => 184
 18 13 40 44 21 49	 => 185
 34 49 21 17 50 14	 => 185
 47 14 50 24 9 41	 => 185
 43 41 9 53 2 36	 => 184
 40 30 20 12 39 44	 => 185
 21 44 39 31 33 17	 => 185
 50 17 33 19 42 24	 => 185
 9 24 42 11 45 53	 => 184
 2 53 45 51 29 5	 => 185
 39 12 1 54 48 31	 => 185
 33 31 48 28 26 19	 => 185
 42 19 26 52 35 11	 => 185
 45 11 35 32 10 51	 => 184
 48 54 23 4 27 28	 => 184
 26 28 27 15 37 52	 => 185
 35 52 37 3 25 32	 => 184


===================[TEST 2]===================

##### START ##### Wed May 14 21:57:56 2003



##### CONVERGE ##### Wed May 14 21:58:30 2003

Elapsed time: 34 seconds
Total loop: 43 generations

Result : 184.478

19 4 50 36 40 38 10 15 51 33 21 46 35 1 7 22 41 31 42 23 39 13 34 48 12 29 14 49 32 5 37 18 28 20 53 27 17 8 3 44 54 43 30 45 47 16 24 26 9 11 6 52 2 25 

 19 4 50 36 40 38	 => 187
 10 38 40 15 51 33	 => 187
 21 33 51 46 35 1	 => 187
 50 7 22 41 31 36	 => 187
 40 36 31 42 23 15	 => 187
 51 15 23 39 13 46	 => 187
 35 46 13 34 48 12	 => 188
 22 29 14 49 32 41	 => 187
 31 41 32 5 37 42	 => 188
 23 42 37 18 28 39	 => 187
 13 39 28 20 53 34	 => 187
 48 34 53 27 17 8	 => 187
 32 49 3 44 54 5	 => 187
 37 5 54 43 30 18	 => 187
 28 18 30 45 47 20	 => 188
 53 20 47 16 24 27	 => 187
 54 44 26 9 11 43	 => 187
 30 43 11 6 52 45	 => 187
 47 45 52 2 25 16	 => 187


===================[TEST 3]===================

##### START ##### Wed May 14 21:58:30 2003



##### CONVERGE ##### Wed May 14 21:59:01 2003

Elapsed time: 31 seconds
Total loop: 39 generations

Result : 183.268

7 14 28 53 50 35 29 2 39 32 16 33 48 19 11 44 38 13 24 45 47 21 30 51 3 5 22 25 52 20 40 8 23 17 49 46 1 9 12 37 41 36 42 54 43 27 4 26 15 31 6 18 34 10 

 7 14 28 53 50 35	 => 187
 29 35 50 2 39 32	 => 187
 16 32 39 33 48 19	 => 187
 28 11 44 38 13 53	 => 187
 50 53 13 24 45 2	 => 187
 39 2 45 47 21 33	 => 187
 48 33 21 30 51 3	 => 186
 44 5 22 25 52 38	 => 186
 13 38 52 20 40 24	 => 187
 45 24 40 8 23 47	 => 187
 21 47 23 17 49 30	 => 187
 51 30 49 46 1 9	 => 186
 52 25 12 37 41 20	 => 187
 40 20 41 36 42 8	 => 187
 23 8 42 54 43 17	 => 187
 49 17 43 27 4 46	 => 186
 41 37 26 15 31 36	 => 186
 42 36 31 6 18 54	 => 187
 43 54 18 34 10 27	 => 186


===================[TEST 4]===================

##### START ##### Wed May 14 21:59:01 2003



##### CONVERGE ##### Wed May 14 21:59:26 2003

Elapsed time: 25 seconds
Total loop: 32 generations

Result : 186.215

7 16 33 41 43 49 2 4 52 40 9 48 37 3 6 47 45 17 50 34 31 20 44 32 8 15 12 42 28 25 24 30 21 27 46 22 35 10 5 36 53 38 19 39 54 26 14 1 11 51 13 29 23 18 

 7 16 33 41 43 49	 => 189
 2 49 43 4 52 40	 => 190
 9 40 52 48 37 3	 => 189
 33 6 47 45 17 41	 => 189
 43 41 17 50 34 4	 => 189
 52 4 34 31 20 48	 => 189
 37 48 20 44 32 8	 => 189
 47 15 12 42 28 45	 => 189
 17 45 28 25 24 50	 => 189
 34 50 24 30 21 31	 => 190
 20 31 21 27 46 44	 => 189
 32 44 46 22 35 10	 => 189
 28 42 5 36 53 25	 => 189
 24 25 53 38 19 30	 => 189
 21 30 19 39 54 27	 => 190
 46 27 54 26 14 22	 => 189
 53 36 1 11 51 38	 => 190
 19 38 51 13 29 39	 => 189
 54 39 29 23 18 26	 => 189


===================[TEST 5]===================

##### START ##### Wed May 14 21:59:26 2003



##### CONVERGE ##### Wed May 14 21:59:53 2003

Elapsed time: 27 seconds
Total loop: 30 generations

Result : 183.053

14 9 46 28 48 41 2 13 32 49 26 47 12 20 6 38 50 18 40 39 24 31 53 42 1 7 11 25 54 19 5 44 34 8 36 23 3 29 16 27 45 52 22 43 35 51 33 21 4 37 15 17 10 30 

 14 9 46 28 48 41	 => 186
 2 41 48 13 32 49	 => 185
 26 49 32 47 12 20	 => 186
 46 6 38 50 18 28	 => 186
 48 28 18 40 39 13	 => 186
 32 13 39 24 31 47	 => 186
 12 47 31 53 42 1	 => 186
 38 7 11 25 54 50	 => 185
 18 50 54 19 5 40	 => 186
 39 40 5 44 34 24	 => 186
 31 24 34 8 36 53	 => 186
 42 53 36 23 3 29	 => 186
 54 25 16 27 45 19	 => 186
 5 19 45 52 22 44	 => 187
 34 44 22 43 35 8	 => 186
 36 8 35 51 33 23	 => 186
 45 27 21 4 37 52	 => 186
 22 52 37 15 17 43	 => 186
 35 43 17 10 30 51	 => 186


===================[TEST 6]===================

##### START ##### Wed May 14 21:59:53 2003



##### CONVERGE ##### Wed May 14 22:00:15 2003

Elapsed time: 22 seconds
Total loop: 24 generations

Result : 183.85

13 6 20 52 51 44 5 23 53 10 38 54 28 3 14 47 45 8 40 12 33 11 30 48 15 4 22 36 32 27 35 17 49 24 39 43 7 19 16 29 46 41 21 50 25 37 18 26 2 42 1 31 9 34 

 13 6 20 52 51 44	 => 186
 5 44 51 23 53 10	 => 186
 38 10 53 54 28 3	 => 186
 20 14 47 45 8 52	 => 186
 51 52 8 40 12 23	 => 186
 53 23 12 33 11 54	 => 186
 28 54 11 30 48 15	 => 186
 47 4 22 36 32 45	 => 186
 8 45 32 27 35 40	 => 187
 12 40 35 17 49 33	 => 186
 11 33 49 24 39 30	 => 186
 48 30 39 43 7 19	 => 186
 32 36 16 29 46 27	 => 186
 35 27 46 41 21 17	 => 187
 49 17 21 50 25 24	 => 186
 39 24 25 37 18 43	 => 186
 46 29 26 2 42 41	 => 186
 21 41 42 1 31 50	 => 186
 25 50 31 9 34 37	 => 186


===================[TEST 7]===================

##### START ##### Wed May 14 22:00:15 2003



##### CONVERGE ##### Wed May 14 22:00:36 2003

Elapsed time: 21 seconds
Total loop: 26 generations

Result : 182.412

12 14 51 40 52 15 31 6 32 48 13 49 25 17 7 30 53 3 36 47 41 9 50 43 8 26 28 10 37 35 20 22 18 21 46 11 29 5 16 42 44 39 24 45 54 19 33 2 23 34 4 38 27 1 

 12 14 51 40 52 15	 => 184
 31 15 52 6 32 48	 => 184
 13 48 32 49 25 17	 => 184
 51 7 30 53 3 40	 => 184
 52 40 3 36 47 6	 => 184
 32 6 47 41 9 49	 => 184
 25 49 9 50 43 8	 => 184
 30 26 28 10 37 53	 => 184
 3 53 37 35 20 36	 => 184
 47 36 20 22 18 41	 => 184
 9 41 18 21 46 50	 => 185
 43 50 46 11 29 5	 => 184
 37 10 16 42 44 35	 => 184
 20 35 44 39 24 22	 => 184
 18 22 24 45 54 21	 => 184
 46 21 54 19 33 11	 => 184
 44 42 2 23 34 39	 => 184
 24 39 34 4 38 45	 => 184
 54 45 38 27 1 19	 => 184


===================[TEST 8]===================

##### START ##### Wed May 14 22:00:36 2003



##### CONVERGE ##### Wed May 14 22:01:11 2003

Elapsed time: 35 seconds
Total loop: 45 generations

Result : 185.9

20 3 32 44 48 43 15 2 51 30 28 35 29 17 7 49 50 8 42 45 33 23 53 38 11 1 9 40 41 27 21 31 18 26 36 37 19 6 10 25 46 52 13 47 54 24 12 5 22 39 4 34 16 14 

 20 3 32 44 48 43	 => 190
 15 43 48 2 51 30	 => 189
 28 30 51 35 29 17	 => 190
 32 7 49 50 8 44	 => 190
 48 44 8 42 45 2	 => 189
 51 2 45 33 23 35	 => 189
 29 35 23 53 38 11	 => 189
 49 1 9 40 41 50	 => 190
 8 50 41 27 21 42	 => 189
 45 42 21 31 18 33	 => 190
 23 33 18 26 36 53	 => 189
 38 53 36 37 19 6	 => 189
 41 40 10 25 46 27	 => 189
 21 27 46 52 13 31	 => 190
 18 31 13 47 54 26	 => 189
 36 26 54 24 12 37	 => 189
 46 25 5 22 39 52	 => 189
 13 52 39 4 34 47	 => 189
 54 47 34 16 14 24	 => 189


===================[TEST 9]===================

##### START ##### Wed May 14 22:01:11 2003



##### CONVERGE ##### Wed May 14 22:01:35 2003

Elapsed time: 24 seconds
Total loop: 30 generations

Result : 183.215

29 10 36 32 35 44 11 15 54 27 16 28 52 9 1 37 42 38 21 45 31 13 47 41 5 23 2 53 30 6 49 8 33 22 40 25 14 19 12 34 51 24 48 26 50 43 7 20 18 39 3 46 17 4 

 29 10 36 32 35 44	 => 186
 11 44 35 15 54 27	 => 186
 16 27 54 28 52 9	 => 186
 36 1 37 42 38 32	 => 186
 35 32 38 21 45 15	 => 186
 54 15 45 31 13 28	 => 186
 52 28 13 47 41 5	 => 186
 37 23 2 53 30 42	 => 187
 38 42 30 6 49 21	 => 186
 45 21 49 8 33 31	 => 187
 13 31 33 22 40 47	 => 186
 41 47 40 25 14 19	 => 186
 30 53 12 34 51 6	 => 186
 49 6 51 24 48 8	 => 186
 33 8 48 26 50 22	 => 187
 40 22 50 43 7 25	 => 187
 51 34 20 18 39 24	 => 186
 48 24 39 3 46 26	 => 186
 50 26 46 17 4 43	 => 186


===================[TEST 10]===================

##### START ##### Wed May 14 22:01:35 2003



##### CONVERGE ##### Wed May 14 22:02:01 2003

Elapsed time: 26 seconds
Total loop: 33 generations

Result : 184.613

1 17 43 54 42 31 4 9 51 50 23 30 29 5 3 33 44 11 38 34 45 19 47 53 10 8 13 49 41 39 16 28 27 14 35 40 7 6 2 20 36 48 21 46 52 22 25 32 15 37 12 24 18 26 

 1 17 43 54 42 31	 => 188
 4 31 42 9 51 50	 => 187
 23 50 51 30 29 5	 => 188
 43 3 33 44 11 54	 => 188
 42 54 11 38 34 9	 => 188
 51 9 34 45 19 30	 => 188
 29 30 19 47 53 10	 => 188
 33 8 13 49 41 44	 => 188
 11 44 41 39 16 38	 => 189
 34 38 16 28 27 45	 => 188
 19 45 27 14 35 47	 => 187
 53 47 35 40 7 6	 => 188
 41 49 2 20 36 39	 => 187
 16 39 36 48 21 28	 => 188
 27 28 21 46 52 14	 => 188
 35 14 52 22 25 40	 => 188
 36 20 32 15 37 48	 => 188
 21 48 37 12 24 46	 => 188
 52 46 24 18 26 22	 => 188



test#	fitness		sum		time
---------------------------------------------------
1	181.268				18
2	184.478				34
3	183.268				31
4	186.215				25
5	183.053				27
6	183.85				22
7	182.412				21
8	185.9				35
9	183.215				24
10	184.613				26


---------------------------------------------------
Best fitness      : 186.215 ( test# 4)
Shortest time     : 18 ( test# 1)

Average fitness   : 183.827
Average time      : 26.3
