****************** GA TEST *******************

total test#:			 10
hexa min width:			 3
hexa max width:			 5
hexa count:			 19
number count:			 54
population size:		 30
generation size:		 12

tournament winner p:		 1
do xover p:			 1
xover:				 2points
do mutation1 p:			 0.1
mutation1 p:			 0.05
do optimize p:			 1
local optimize count:		 6000
do deep better optimize p:	 1
do deep worse optimize p:	 0
do spin p:			 0
spin count:			 1000
do spin apply p:		 1
do mutation2 p:			 0.12
mutation2 p:			 0.08
force mutation2:		 0
replace bad p:			 0.195

converge rate p:		 0.99
converge count:			 1

**********************************************


===================[TEST 1]===================

##### START ##### Wed May 14 19:13:15 2003



##### CONVERGE ##### Wed May 14 19:14:02 2003

Elapsed time: 47 seconds
Total loop: 73 generations

Result : 185.478

24 18 19 51 29 47 13 4 54 41 14 40 33 7 1 37 36 44 22 38 42 10 35 50 21 8 25 39 43 11 32 28 26 23 52 30 6 15 2 45 48 53 16 49 46 20 17 3 9 31 5 34 27 12 

 24 18 19 51 29 47	 => 188
 13 47 29 4 54 41	 => 188
 14 41 54 40 33 7	 => 189
 19 1 37 36 44 51	 => 188
 29 51 44 22 38 4	 => 188
 54 4 38 42 10 40	 => 188
 33 40 10 35 50 21	 => 189
 37 8 25 39 43 36	 => 188
 44 36 43 11 32 22	 => 188
 38 22 32 28 26 42	 => 188
 10 42 26 23 52 35	 => 188
 50 35 52 30 6 15	 => 188
 43 39 2 45 48 11	 => 188
 32 11 48 53 16 28	 => 188
 26 28 16 49 46 23	 => 188
 52 23 46 20 17 30	 => 188
 48 45 3 9 31 53	 => 189
 16 53 31 5 34 49	 => 188
 46 49 34 27 12 20	 => 188


===================[TEST 2]===================

##### START ##### Wed May 14 19:14:02 2003



##### CONVERGE ##### Wed May 14 19:14:38 2003

Elapsed time: 36 seconds
Total loop: 56 generations

Result : 184.64

16 19 11 46 50 45 6 22 38 26 10 51 49 13 34 36 43 17 23 29 42 5 54 27 1 31 9 24 44 28 32 21 40 15 30 33 39 4 8 48 35 53 18 52 41 47 20 12 14 25 2 37 7 3 

 16 19 11 46 50 45	 => 187
 6 45 50 22 38 26	 => 187
 10 26 38 51 49 13	 => 187
 11 34 36 43 17 46	 => 187
 50 46 17 23 29 22	 => 187
 38 22 29 42 5 51	 => 187
 49 51 5 54 27 1	 => 187
 36 31 9 24 44 43	 => 187
 17 43 44 28 32 23	 => 187
 29 23 32 21 40 42	 => 187
 5 42 40 15 30 54	 => 186
 27 54 30 33 39 4	 => 187
 44 24 8 48 35 28	 => 187
 32 28 35 53 18 21	 => 187
 40 21 18 52 41 15	 => 187
 30 15 41 47 20 33	 => 186
 35 48 12 14 25 53	 => 187
 18 53 25 2 37 52	 => 187
 41 52 37 7 3 47	 => 187


===================[TEST 3]===================

##### START ##### Wed May 14 19:14:38 2003



##### CONVERGE ##### Wed May 14 19:15:56 2003

Elapsed time: 78 seconds
Total loop: 122 generations

Result : 187.64

6 9 41 47 50 37 2 8 53 40 12 36 22 27 4 39 38 21 34 30 45 18 54 43 16 15 14 35 49 19 29 28 24 23 26 33 3 31 13 32 42 52 20 44 51 46 11 5 10 48 1 25 7 17 

 6 9 41 47 50 37	 => 190
 2 37 50 8 53 40	 => 190
 12 40 53 36 22 27	 => 190
 41 4 39 38 21 47	 => 190
 50 47 21 34 30 8	 => 190
 53 8 30 45 18 36	 => 190
 22 36 18 54 43 16	 => 189
 39 15 14 35 49 38	 => 190
 21 38 49 19 29 34	 => 190
 30 34 29 28 24 45	 => 190
 18 45 24 23 26 54	 => 190
 43 54 26 33 3 31	 => 190
 49 35 13 32 42 19	 => 190
 29 19 42 52 20 28	 => 190
 24 28 20 44 51 23	 => 190
 26 23 51 46 11 33	 => 190
 42 32 5 10 48 52	 => 189
 20 52 48 1 25 44	 => 190
 51 44 25 7 17 46	 => 190


===================[TEST 4]===================

##### START ##### Wed May 14 19:15:56 2003



##### CONVERGE ##### Wed May 14 19:16:22 2003

Elapsed time: 26 seconds
Total loop: 41 generations

Result : 184.158

4 30 45 49 21 38 14 27 48 39 15 40 29 16 2 36 31 24 47 18 22 32 25 51 10 12 7 52 50 1 34 20 46 8 54 35 13 9 6 41 37 53 42 28 43 44 3 19 11 26 5 33 17 23 

 4 30 45 49 21 38	 => 187
 14 38 21 27 48 39	 => 187
 15 39 48 40 29 16	 => 187
 45 2 36 31 24 49	 => 187
 21 49 24 47 18 27	 => 186
 48 27 18 22 32 40	 => 187
 29 40 32 25 51 10	 => 187
 36 12 7 52 50 31	 => 188
 24 31 50 1 34 47	 => 187
 18 47 34 20 46 22	 => 187
 32 22 46 8 54 25	 => 187
 51 25 54 35 13 9	 => 187
 50 52 6 41 37 1	 => 187
 34 1 37 53 42 20	 => 187
 46 20 42 28 43 8	 => 187
 54 8 43 44 3 35	 => 187
 37 41 19 11 26 53	 => 187
 42 53 26 5 33 28	 => 187
 43 28 33 17 23 44	 => 188


===================[TEST 5]===================

##### START ##### Wed May 14 19:16:22 2003



##### CONVERGE ##### Wed May 14 19:16:58 2003

Elapsed time: 36 seconds
Total loop: 56 generations

Result : 185.163

15 17 31 35 51 39 10 22 52 14 29 49 38 6 5 30 50 36 23 21 32 12 40 46 3 9 19 54 26 11 42 33 37 20 47 25 13 16 8 48 41 43 18 53 27 44 24 7 4 45 1 28 2 34 

 15 17 31 35 51 39	 => 188
 10 39 51 22 52 14	 => 188
 29 14 52 49 38 6	 => 188
 31 5 30 50 36 35	 => 187
 51 35 36 23 21 22	 => 188
 52 22 21 32 12 49	 => 188
 38 49 12 40 46 3	 => 188
 30 9 19 54 26 50	 => 188
 36 50 26 11 42 23	 => 188
 21 23 42 33 37 32	 => 188
 12 32 37 20 47 40	 => 188
 46 40 47 25 13 16	 => 187
 26 54 8 48 41 11	 => 188
 42 11 41 43 18 33	 => 188
 37 33 18 53 27 20	 => 188
 47 20 27 44 24 25	 => 187
 41 48 7 4 45 43	 => 188
 18 43 45 1 28 53	 => 188
 27 53 28 2 34 44	 => 188


===================[TEST 6]===================

##### START ##### Wed May 14 19:16:58 2003



##### CONVERGE ##### Wed May 14 19:18:07 2003

Elapsed time: 69 seconds
Total loop: 108 generations

Result : 185.501

14 9 10 53 52 51 2 4 38 42 18 41 46 3 28 34 49 15 29 36 37 33 27 40 1 19 11 22 54 17 25 30 32 12 48 31 23 20 13 39 43 50 24 47 44 45 8 16 5 35 7 26 21 6 

 14 9 10 53 52 51	 => 189
 2 51 52 4 38 42	 => 189
 18 42 38 41 46 3	 => 188
 10 28 34 49 15 53	 => 189
 52 53 15 29 36 4	 => 189
 38 4 36 37 33 41	 => 189
 46 41 33 27 40 1	 => 188
 34 19 11 22 54 49	 => 189
 15 49 54 17 25 29	 => 189
 36 29 25 30 32 37	 => 189
 33 37 32 12 48 27	 => 189
 40 27 48 31 23 20	 => 189
 54 22 13 39 43 17	 => 188
 25 17 43 50 24 30	 => 189
 32 30 24 47 44 12	 => 189
 48 12 44 45 8 31	 => 188
 43 39 16 5 35 50	 => 188
 24 50 35 7 26 47	 => 189
 44 47 26 21 6 45	 => 189


===================[TEST 7]===================

##### START ##### Wed May 14 19:18:07 2003



##### CONVERGE ##### Wed May 14 19:18:45 2003

Elapsed time: 38 seconds
Total loop: 59 generations

Result : 185.215

10 9 25 54 49 41 2 6 44 47 4 45 35 13 3 53 39 15 28 37 23 33 21 43 11 5 17 24 50 14 42 19 40 20 51 30 16 27 12 52 36 48 29 46 34 31 22 18 8 26 1 38 32 7 

 10 9 25 54 49 41	 => 188
 2 41 49 6 44 47	 => 189
 4 47 44 45 35 13	 => 188
 25 3 53 39 15 54	 => 189
 49 54 15 28 37 6	 => 189
 44 6 37 23 33 45	 => 188
 35 45 33 21 43 11	 => 188
 53 5 17 24 50 39	 => 188
 15 39 50 14 42 28	 => 188
 37 28 42 19 40 23	 => 189
 33 23 40 20 51 21	 => 188
 43 21 51 30 16 27	 => 188
 50 24 12 52 36 14	 => 188
 42 14 36 48 29 19	 => 188
 40 19 29 46 34 20	 => 188
 51 20 34 31 22 30	 => 188
 36 52 18 8 26 48	 => 188
 29 48 26 1 38 46	 => 188
 34 46 38 32 7 31	 => 188


===================[TEST 8]===================

##### START ##### Wed May 14 19:18:45 2003



##### CONVERGE ##### Wed May 14 19:19:24 2003

Elapsed time: 39 seconds
Total loop: 60 generations

Result : 185.163

2 19 34 50 52 31 16 24 38 27 30 45 40 8 5 47 42 10 28 23 51 7 54 33 9 12 6 32 49 39 20 48 18 17 41 46 13 1 3 43 22 44 15 37 53 26 4 14 29 35 21 36 11 25 

 2 19 34 50 52 31	 => 188
 16 31 52 24 38 27	 => 188
 30 27 38 45 40 8	 => 188
 34 5 47 42 10 50	 => 188
 52 50 10 28 23 24	 => 187
 38 24 23 51 7 45	 => 188
 40 45 7 54 33 9	 => 188
 47 12 6 32 49 42	 => 188
 10 42 49 39 20 28	 => 188
 23 28 20 48 18 51	 => 188
 7 51 18 17 41 54	 => 188
 33 54 41 46 13 1	 => 188
 49 32 3 43 22 39	 => 188
 20 39 22 44 15 48	 => 188
 18 48 15 37 53 17	 => 188
 41 17 53 26 4 46	 => 187
 22 43 14 29 35 44	 => 187
 15 44 35 21 36 37	 => 188
 53 37 36 11 25 26	 => 188


===================[TEST 9]===================

##### START ##### Wed May 14 19:19:24 2003



##### CONVERGE ##### Wed May 14 19:20:15 2003

Elapsed time: 51 seconds
Total loop: 80 generations

Result : 186.478

22 5 32 54 39 37 1 14 47 51 11 52 25 4 8 36 50 9 40 33 19 24 43 29 16 10 13 46 34 12 44 18 35 30 38 49 7 23 2 42 53 45 17 48 41 26 6 15 3 31 21 27 20 28 

 22 5 32 54 39 37	 => 189
 1 37 39 14 47 51	 => 189
 11 51 47 52 25 4	 => 190
 32 8 36 50 9 54	 => 189
 39 54 9 40 33 14	 => 189
 47 14 33 19 24 52	 => 189
 25 52 24 43 29 16	 => 189
 36 10 13 46 34 50	 => 189
 9 50 34 12 44 40	 => 189
 33 40 44 18 35 19	 => 189
 24 19 35 30 38 43	 => 189
 29 43 38 49 7 23	 => 189
 34 46 2 42 53 12	 => 189
 44 12 53 45 17 18	 => 189
 35 18 17 48 41 30	 => 189
 38 30 41 26 6 49	 => 190
 53 42 15 3 31 45	 => 189
 17 45 31 21 27 48	 => 189
 41 48 27 20 28 26	 => 190


===================[TEST 10]===================

##### START ##### Wed May 14 19:20:15 2003



##### CONVERGE ##### Wed May 14 19:21:27 2003

Elapsed time: 72 seconds
Total loop: 113 generations

Result : 186.64

14 18 34 31 54 38 2 15 45 35 20 46 37 6 1 50 48 25 36 28 47 8 51 44 3 19 7 39 26 11 42 23 13 29 41 33 16 4 30 43 40 52 21 53 49 32 5 10 17 27 12 24 9 22 

 14 18 34 31 54 38	 => 189
 2 38 54 15 45 35	 => 189
 20 35 45 46 37 6	 => 189
 34 1 50 48 25 31	 => 189
 54 31 25 36 28 15	 => 189
 45 15 28 47 8 46	 => 189
 37 46 8 51 44 3	 => 189
 50 19 7 39 26 48	 => 189
 25 48 26 11 42 36	 => 188
 28 36 42 23 13 47	 => 189
 8 47 13 29 41 51	 => 189
 44 51 41 33 16 4	 => 189
 26 39 30 43 40 11	 => 189
 42 11 40 52 21 23	 => 189
 13 23 21 53 49 29	 => 188
 41 29 49 32 5 33	 => 189
 40 43 10 17 27 52	 => 189
 21 52 27 12 24 53	 => 189
 49 53 24 9 22 32	 => 189



test#	fitness		sum		time
---------------------------------------------------
1	185.478				47
2	184.64				36
3	187.64				78
4	184.158				26
5	185.163				36
6	185.501				69
7	185.215				38
8	185.163				39
9	186.478				51
10	186.64				72


---------------------------------------------------
Best fitness      : 187.64 ( test# 3)
Shortest time     : 26 ( test# 4)

Average fitness   : 185.607
Average time      : 49.2
