****************** GA TEST *******************

total test#:			 10
hexa min width:			 3
hexa max width:			 5
hexa count:			 19
number count:			 54
population size:		 20
generation size:		 6

tournament winner p:		 1
do xover p:			 1
xover:				 2points
do mutation1 p:			 0.1
mutation1 p:			 0.05
do optimize p:			 1
local optimize count:		 6000
do deep better optimize p:	 1
do deep worse optimize p:	 0
do spin p:			 0
spin count:			 1000
do spin apply p:		 1
do mutation2 p:			 0.12
mutation2 p:			 0.08
force mutation2:		 0
replace bad p:			 0.195

converge rate p:		 0.99
converge count:			 1

**********************************************


===================[TEST 1]===================

##### START ##### Wed May 14 16:38:35 2003



##### CONVERGE ##### Wed May 14 16:39:12 2003

Elapsed time: 37 seconds
Total loop: 85 generations

Result : 186.794

1 11 54 40 53 31 9 16 32 49 19 47 30 12 5 27 46 18 15 48 29 17 43 28 25 26 8 33 50 23 38 24 36 13 52 42 14 10 6 37 41 44 20 51 45 35 3 7 22 39 2 34 21 4 

 1 11 54 40 53 31	 => 190
 9 31 53 16 32 49	 => 190
 19 49 32 47 30 12	 => 189
 54 5 27 46 18 40	 => 190
 53 40 18 15 48 16	 => 190
 32 16 48 29 17 47	 => 189
 30 47 17 43 28 25	 => 190
 27 26 8 33 50 46	 => 190
 18 46 50 23 38 15	 => 190
 48 15 38 24 36 29	 => 190
 17 29 36 13 52 43	 => 190
 28 43 52 42 14 10	 => 189
 50 33 6 37 41 23	 => 190
 38 23 41 44 20 24	 => 190
 36 24 20 51 45 13	 => 189
 52 13 45 35 3 42	 => 190
 41 37 7 22 39 44	 => 190
 20 44 39 2 34 51	 => 190
 45 51 34 21 4 35	 => 190


===================[TEST 2]===================

##### START ##### Wed May 14 16:39:13 2003



##### CONVERGE ##### Wed May 14 16:39:35 2003

Elapsed time: 22 seconds
Total loop: 51 generations

Result : 184.616

12 23 20 54 29 49 8 19 39 42 9 53 33 11 25 17 44 27 16 43 15 18 50 30 3 22 6 47 51 21 28 40 45 7 52 46 4 5 1 41 26 48 24 37 34 35 13 38 2 32 10 36 14 31 

 12 23 20 54 29 49	 => 187
 8 49 29 19 39 42	 => 186
 9 42 39 53 33 11	 => 187
 20 25 17 44 27 54	 => 187
 29 54 27 16 43 19	 => 188
 39 19 43 15 18 53	 => 187
 33 53 18 50 30 3	 => 187
 17 22 6 47 51 44	 => 187
 27 44 51 21 28 16	 => 187
 43 16 28 40 45 15	 => 187
 18 15 45 7 52 50	 => 187
 30 50 52 46 4 5	 => 187
 51 47 1 41 26 21	 => 187
 28 21 26 48 24 40	 => 187
 45 40 24 37 34 7	 => 187
 52 7 34 35 13 46	 => 187
 26 41 38 2 32 48	 => 187
 24 48 32 10 36 37	 => 187
 34 37 36 14 31 35	 => 187


===================[TEST 3]===================

##### START ##### Wed May 14 16:39:35 2003



##### CONVERGE ##### Wed May 14 16:40:18 2003

Elapsed time: 43 seconds
Total loop: 73 generations

Result : 183.64

5 9 47 41 51 33 6 19 23 54 16 45 31 17 8 37 42 11 43 21 53 25 35 40 10 2 28 39 38 18 34 14 20 24 29 27 48 7 12 49 30 44 46 32 50 52 4 22 15 26 1 36 13 3 

 5 9 47 41 51 33	 => 186
 6 33 51 19 23 54	 => 186
 16 54 23 45 31 17	 => 186
 47 8 37 42 11 41	 => 186
 51 41 11 43 21 19	 => 186
 23 19 21 53 25 45	 => 186
 31 45 25 35 40 10	 => 186
 37 2 28 39 38 42	 => 186
 11 42 38 18 34 43	 => 186
 21 43 34 14 20 53	 => 185
 25 53 20 24 29 35	 => 186
 40 35 29 27 48 7	 => 186
 38 39 12 49 30 18	 => 186
 34 18 30 44 46 14	 => 186
 20 14 46 32 50 24	 => 186
 29 24 50 52 4 27	 => 186
 30 49 22 15 26 44	 => 186
 46 44 26 1 36 32	 => 185
 50 32 36 13 3 52	 => 186


===================[TEST 4]===================

##### START ##### Wed May 14 16:40:18 2003



##### CONVERGE ##### Wed May 14 16:40:31 2003

Elapsed time: 13 seconds
Total loop: 26 generations

Result : 181.857

39 4 33 47 18 45 21 19 42 40 22 24 51 6 3 48 30 25 41 36 27 38 46 16 10 12 9 50 37 17 35 26 20 11 43 53 14 13 1 52 28 49 31 54 44 32 2 5 23 29 8 15 7 34 

 39 4 33 47 18 45	 => 186
 21 45 18 19 42 40	 => 185
 22 40 42 24 51 6	 => 185
 33 3 48 30 25 47	 => 186
 18 47 25 41 36 19	 => 186
 42 19 36 27 38 24	 => 186
 51 24 38 46 16 10	 => 185
 48 12 9 50 37 30	 => 186
 25 30 37 17 35 41	 => 185
 36 41 35 26 20 27	 => 185
 38 27 20 11 43 46	 => 185
 16 46 43 53 14 13	 => 185
 37 50 1 52 28 17	 => 185
 35 17 28 49 31 26	 => 186
 20 26 31 54 44 11	 => 186
 43 11 44 32 2 53	 => 185
 28 52 5 23 29 49	 => 186
 31 49 29 8 15 54	 => 186
 44 54 15 7 34 32	 => 186


===================[TEST 5]===================

##### START ##### Wed May 14 16:40:31 2003



##### CONVERGE ##### Wed May 14 16:41:04 2003

Elapsed time: 33 seconds
Total loop: 93 generations

Result : 184.027

23 3 14 53 43 51 17 13 34 29 11 49 32 33 1 40 48 31 12 35 52 4 45 39 19 5 15 37 42 30 24 20 44 16 27 50 8 18 6 25 47 41 26 28 54 38 2 7 21 46 10 36 9 22 

 23 3 14 53 43 51	 => 187
 17 51 43 13 34 29	 => 187
 11 29 34 49 32 33	 => 188
 14 1 40 48 31 53	 => 187
 43 53 31 12 35 13	 => 187
 34 13 35 52 4 49	 => 187
 32 49 4 45 39 19	 => 188
 40 5 15 37 42 48	 => 187
 31 48 42 30 24 12	 => 187
 35 12 24 20 44 52	 => 187
 4 52 44 16 27 45	 => 188
 39 45 27 50 8 18	 => 187
 42 37 6 25 47 30	 => 187
 24 30 47 41 26 20	 => 188
 44 20 26 28 54 16	 => 188
 27 16 54 38 2 50	 => 187
 47 25 7 21 46 41	 => 187
 26 41 46 10 36 28	 => 187
 54 28 36 9 22 38	 => 187


===================[TEST 6]===================

##### START ##### Wed May 14 16:41:04 2003



##### CONVERGE ##### Wed May 14 16:41:24 2003

Elapsed time: 20 seconds
Total loop: 64 generations

Result : 183.158

11 15 53 44 30 33 2 45 25 51 10 52 47 1 6 38 31 14 27 26 29 9 28 43 7 17 34 12 54 21 39 22 42 32 46 35 16 19 8 41 50 49 5 48 37 23 13 3 4 40 20 24 18 36 

 11 15 53 44 30 33	 => 186
 2 33 30 45 25 51	 => 186
 10 51 25 52 47 1	 => 186
 53 6 38 31 14 44	 => 186
 30 44 14 27 26 45	 => 186
 25 45 26 29 9 52	 => 186
 47 52 9 28 43 7	 => 186
 38 17 34 12 54 31	 => 186
 14 31 54 21 39 27	 => 186
 26 27 39 22 42 29	 => 185
 9 29 42 32 46 28	 => 186
 43 28 46 35 16 19	 => 187
 54 12 8 41 50 21	 => 186
 39 21 50 49 5 22	 => 186
 42 22 5 48 37 32	 => 186
 46 32 37 23 13 35	 => 186
 50 41 3 4 40 49	 => 187
 5 49 40 20 24 48	 => 186
 37 48 24 18 36 23	 => 186


===================[TEST 7]===================

##### START ##### Wed May 14 16:41:24 2003



##### CONVERGE ##### Wed May 14 16:41:46 2003

Elapsed time: 22 seconds
Total loop: 67 generations

Result : 181.9

1 8 31 49 53 43 3 33 6 47 27 52 41 13 2 37 48 18 10 22 54 19 46 23 5 12 9 35 44 25 40 39 20 29 17 50 34 16 7 32 42 28 11 51 36 38 15 14 24 45 21 30 4 26 

 1 8 31 49 53 43	 => 185
 3 43 53 33 6 47	 => 185
 27 47 6 52 41 13	 => 186
 31 2 37 48 18 49	 => 185
 53 49 18 10 22 33	 => 185
 6 33 22 54 19 52	 => 186
 41 52 19 46 23 5	 => 186
 37 12 9 35 44 48	 => 185
 18 48 44 25 40 10	 => 185
 22 10 40 39 20 54	 => 185
 19 54 20 29 17 46	 => 185
 23 46 17 50 34 16	 => 186
 44 35 7 32 42 25	 => 185
 40 25 42 28 11 39	 => 185
 20 39 11 51 36 29	 => 186
 17 29 36 38 15 50	 => 185
 42 32 14 24 45 28	 => 185
 11 28 45 21 30 51	 => 186
 36 51 30 4 26 38	 => 185


===================[TEST 8]===================

##### START ##### Wed May 14 16:41:46 2003



##### CONVERGE ##### Wed May 14 16:42:07 2003

Elapsed time: 21 seconds
Total loop: 67 generations

Result : 185.158

9 13 42 35 44 45 4 11 54 30 1 46 32 26 6 36 47 22 52 24 38 15 50 40 5 14 21 37 33 19 16 29 28 39 18 51 12 17 10 41 48 49 27 31 34 43 3 23 7 20 8 53 2 25 

 9 13 42 35 44 45	 => 188
 4 45 44 11 54 30	 => 188
 1 30 54 46 32 26	 => 189
 42 6 36 47 22 35	 => 188
 44 35 22 52 24 11	 => 188
 54 11 24 38 15 46	 => 188
 32 46 15 50 40 5	 => 188
 36 14 21 37 33 47	 => 188
 22 47 33 19 16 52	 => 189
 24 52 16 29 28 38	 => 187
 15 38 28 39 18 50	 => 188
 40 50 18 51 12 17	 => 188
 33 37 10 41 48 19	 => 188
 16 19 48 49 27 29	 => 188
 28 29 27 31 34 39	 => 188
 18 39 34 43 3 51	 => 188
 48 41 23 7 20 49	 => 188
 27 49 20 8 53 31	 => 188
 34 31 53 2 25 43	 => 188


===================[TEST 9]===================

##### START ##### Wed May 14 16:42:07 2003



##### CONVERGE ##### Wed May 14 16:42:21 2003

Elapsed time: 14 seconds
Total loop: 41 generations

Result : 185.268

18 1 36 50 43 40 10 23 41 32 8 51 30 27 3 33 47 20 38 15 45 14 39 53 2 11 5 49 44 9 31 25 35 29 26 42 13 16 12 22 52 54 17 46 37 34 21 7 6 48 4 19 24 28 

 18 1 36 50 43 40	 => 188
 10 40 43 23 41 32	 => 189
 8 32 41 51 30 27	 => 189
 36 3 33 47 20 50	 => 189
 43 50 20 38 15 23	 => 189
 41 23 15 45 14 51	 => 189
 30 51 14 39 53 2	 => 189
 33 11 5 49 44 47	 => 189
 20 47 44 9 31 38	 => 189
 15 38 31 25 35 45	 => 189
 14 45 35 29 26 39	 => 188
 53 39 26 42 13 16	 => 189
 44 49 12 22 52 9	 => 188
 31 9 52 54 17 25	 => 188
 35 25 17 46 37 29	 => 189
 26 29 37 34 21 42	 => 189
 52 22 7 6 48 54	 => 189
 17 54 48 4 19 46	 => 188
 37 46 19 24 28 34	 => 188


===================[TEST 10]===================

##### START ##### Wed May 14 16:42:21 2003



##### CONVERGE ##### Wed May 14 16:42:53 2003

Elapsed time: 32 seconds
Total loop: 102 generations

Result : 185.571

13 27 44 33 37 35 3 31 54 29 24 25 51 6 12 36 45 19 22 47 23 10 49 50 4 16 17 34 40 21 42 30 26 28 53 20 15 2 14 39 41 48 7 52 46 38 5 11 18 32 8 43 1 9 

 13 27 44 33 37 35	 => 189
 3 35 37 31 54 29	 => 189
 24 29 54 25 51 6	 => 189
 44 12 36 45 19 33	 => 189
 37 33 19 22 47 31	 => 189
 54 31 47 23 10 25	 => 190
 51 25 10 49 50 4	 => 189
 36 16 17 34 40 45	 => 188
 19 45 40 21 42 22	 => 189
 47 22 42 30 26 23	 => 190
 10 23 26 28 53 49	 => 189
 50 49 53 20 15 2	 => 189
 40 34 14 39 41 21	 => 189
 42 21 41 48 7 30	 => 189
 26 30 7 52 46 28	 => 189
 53 28 46 38 5 20	 => 190
 41 39 11 18 32 48	 => 189
 7 48 32 8 43 52	 => 190
 46 52 43 1 9 38	 => 189



test#	fitness		sum		time
---------------------------------------------------
1	186.794				37
2	184.616				22
3	183.64				43
4	181.857				13
5	184.027				33
6	183.158				20
7	181.9				22
8	185.158				21
9	185.268				14
10	185.571				32


---------------------------------------------------
Best fitness      : 186.794 ( test# 1)
Shortest time     : 13 ( test# 4)

Average fitness   : 184.199
Average time      : 25.7
