****************** GA TEST *******************

total test#:			 10
hexa min width:			 3
hexa max width:			 5
hexa count:			 19
number count:			 54
population size:		 40
generation size:		 12

tournament winner p:		 1
do xover p:			 1
xover:				 2points
do mutation1 p:			 0.1
mutation1 p:			 0.05
do optimize p:			 1
local optimize count:		 6000
do deep better optimize p:	 1
do deep worse optimize p:	 0
do spin p:			 0
spin count:			 1000
do spin apply p:		 1
do mutation2 p:			 0.12
mutation2 p:			 0.08
force mutation2:		 0
replace bad p:			 0.195

converge rate p:		 0.99
converge count:			 1

**********************************************


===================[TEST 1]===================

##### START ##### Wed May 14 19:21:27 2003



##### CONVERGE ##### Wed May 14 19:22:33 2003

Elapsed time: 66 seconds
Total loop: 102 generations

Result : 187.163

26 4 40 32 42 46 1 25 41 35 11 53 34 16 9 51 44 14 49 28 24 18 38 45 2 12 3 33 47 13 23 27 39 21 50 22 15 20 5 48 43 54 30 36 37 52 8 6 7 31 10 29 19 17 

 26 4 40 32 42 46	 => 190
 1 46 42 25 41 35	 => 190
 11 35 41 53 34 16	 => 190
 40 9 51 44 14 32	 => 190
 42 32 14 49 28 25	 => 190
 41 25 28 24 18 53	 => 189
 34 53 18 38 45 2	 => 190
 51 12 3 33 47 44	 => 190
 14 44 47 13 23 49	 => 190
 28 49 23 27 39 24	 => 190
 18 24 39 21 50 38	 => 190
 45 38 50 22 15 20	 => 190
 47 33 5 48 43 13	 => 189
 23 13 43 54 30 27	 => 190
 39 27 30 36 37 21	 => 190
 50 21 37 52 8 22	 => 190
 43 48 6 7 31 54	 => 189
 30 54 31 10 29 36	 => 190
 37 36 29 19 17 52	 => 190


===================[TEST 2]===================

##### START ##### Wed May 14 19:22:33 2003



##### CONVERGE ##### Wed May 14 19:23:26 2003

Elapsed time: 53 seconds
Total loop: 83 generations

Result : 185.9

17 5 31 41 43 53 4 19 49 21 30 36 47 7 12 40 54 11 27 48 18 20 39 38 9 10 15 24 46 14 37 26 33 28 51 32 6 23 3 50 52 44 16 45 42 35 1 2 8 34 22 29 13 25 

 17 5 31 41 43 53	 => 190
 4 53 43 19 49 21	 => 189
 30 21 49 36 47 7	 => 190
 31 12 40 54 11 41	 => 189
 43 41 11 27 48 19	 => 189
 49 19 48 18 20 36	 => 190
 47 36 20 39 38 9	 => 189
 40 10 15 24 46 54	 => 189
 11 54 46 14 37 27	 => 189
 48 27 37 26 33 18	 => 189
 20 18 33 28 51 39	 => 189
 38 39 51 32 6 23	 => 189
 46 24 3 50 52 14	 => 189
 37 14 52 44 16 26	 => 189
 33 26 16 45 42 28	 => 190
 51 28 42 35 1 32	 => 189
 52 50 2 8 34 44	 => 190
 16 44 34 22 29 45	 => 190
 42 45 29 13 25 35	 => 189


===================[TEST 3]===================

##### START ##### Wed May 14 19:23:26 2003



##### CONVERGE ##### Wed May 14 19:24:38 2003

Elapsed time: 72 seconds
Total loop: 112 generations

Result : 184.268

19 10 30 49 36 44 5 23 28 52 1 54 47 6 7 17 53 32 27 21 37 24 35 26 2 20 29 46 22 14 40 45 18 25 48 31 13 34 12 50 43 38 8 51 41 39 4 3 11 42 16 33 9 15 

 19 10 30 49 36 44	 => 188
 5 44 36 23 28 52	 => 188
 1 52 28 54 47 6	 => 188
 30 7 17 53 32 49	 => 188
 36 49 32 27 21 23	 => 188
 28 23 21 37 24 54	 => 187
 47 54 24 35 26 2	 => 188
 17 20 29 46 22 53	 => 187
 32 53 22 14 40 27	 => 188
 21 27 40 45 18 37	 => 188
 24 37 18 25 48 35	 => 187
 26 35 48 31 13 34	 => 187
 22 46 12 50 43 14	 => 187
 40 14 43 38 8 45	 => 188
 18 45 8 51 41 25	 => 188
 48 25 41 39 4 31	 => 188
 43 50 3 11 42 38	 => 187
 8 38 42 16 33 51	 => 188
 41 51 33 9 15 39	 => 188


===================[TEST 4]===================

##### START ##### Wed May 14 19:24:38 2003



##### CONVERGE ##### Wed May 14 19:25:37 2003

Elapsed time: 59 seconds
Total loop: 92 generations

Result : 185.268

12 4 42 44 49 38 1 30 37 34 11 35 45 26 8 36 43 16 28 22 46 19 29 53 7 32 3 20 54 14 33 39 21 27 47 23 13 24 9 41 51 50 2 48 52 25 15 5 10 31 18 40 6 17 

 12 4 42 44 49 38	 => 189
 1 38 49 30 37 34	 => 189
 11 34 37 35 45 26	 => 188
 42 8 36 43 16 44	 => 189
 49 44 16 28 22 30	 => 189
 37 30 22 46 19 35	 => 189
 45 35 19 29 53 7	 => 188
 36 32 3 20 54 43	 => 188
 16 43 54 14 33 28	 => 188
 22 28 33 39 21 46	 => 189
 19 46 21 27 47 29	 => 189
 53 29 47 23 13 24	 => 189
 54 20 9 41 51 14	 => 189
 33 14 51 50 2 39	 => 189
 21 39 2 48 52 27	 => 189
 47 27 52 25 15 23	 => 189
 51 41 5 10 31 50	 => 188
 2 50 31 18 40 48	 => 189
 52 48 40 6 17 25	 => 188


===================[TEST 5]===================

##### START ##### Wed May 14 19:25:37 2003



##### CONVERGE ##### Wed May 14 19:26:50 2003

Elapsed time: 73 seconds
Total loop: 113 generations

Result : 187.85

4 1 38 52 42 53 2 8 50 35 9 49 40 7 3 34 41 22 29 37 28 18 51 26 6 11 5 46 54 12 32 33 31 19 43 30 25 16 14 20 44 48 21 39 47 36 15 23 10 45 13 24 17 27 

 4 1 38 52 42 53	 => 190
 2 53 42 8 50 35	 => 190
 9 35 50 49 40 7	 => 190
 38 3 34 41 22 52	 => 190
 42 52 22 29 37 8	 => 190
 50 8 37 28 18 49	 => 190
 40 49 18 51 26 6	 => 190
 34 11 5 46 54 41	 => 191
 22 41 54 12 32 29	 => 190
 37 29 32 33 31 28	 => 190
 18 28 31 19 43 51	 => 190
 26 51 43 30 25 16	 => 191
 54 46 14 20 44 12	 => 190
 32 12 44 48 21 33	 => 190
 31 33 21 39 47 19	 => 190
 43 19 47 36 15 30	 => 190
 44 20 23 10 45 48	 => 190
 21 48 45 13 24 39	 => 190
 47 39 24 17 27 36	 => 190


===================[TEST 6]===================

##### START ##### Wed May 14 19:26:50 2003



##### CONVERGE ##### Wed May 14 19:27:38 2003

Elapsed time: 48 seconds
Total loop: 76 generations

Result : 185.628

13 8 34 46 47 40 12 4 35 51 5 52 25 21 1 37 49 23 16 53 27 18 28 54 11 6 15 39 43 26 32 17 44 22 50 36 7 14 2 38 42 41 31 30 45 33 3 20 19 29 10 48 24 9 

 13 8 34 46 47 40	 => 188
 12 40 47 4 35 51	 => 189
 5 51 35 52 25 21	 => 189
 34 1 37 49 23 46	 => 190
 47 46 23 16 53 4	 => 189
 35 4 53 27 18 52	 => 189
 25 52 18 28 54 11	 => 188
 37 6 15 39 43 49	 => 189
 23 49 43 26 32 16	 => 189
 53 16 32 17 44 27	 => 189
 18 27 44 22 50 28	 => 189
 54 28 50 36 7 14	 => 189
 43 39 2 38 42 26	 => 190
 32 26 42 41 31 17	 => 189
 44 17 31 30 45 22	 => 189
 50 22 45 33 3 36	 => 189
 42 38 20 19 29 41	 => 189
 31 41 29 10 48 30	 => 189
 45 30 48 24 9 33	 => 189


===================[TEST 7]===================

##### START ##### Wed May 14 19:27:39 2003



##### CONVERGE ##### Wed May 14 19:28:33 2003

Elapsed time: 54 seconds
Total loop: 85 generations

Result : 186.823

21 15 30 42 50 32 9 18 45 36 6 51 44 8 2 48 46 22 28 31 25 20 52 16 7 13 5 37 41 26 27 40 39 1 54 34 23 11 4 43 38 49 10 53 47 35 19 3 24 33 17 29 12 14 

 21 15 30 42 50 32	 => 190
 9 32 50 18 45 36	 => 190
 6 36 45 51 44 8	 => 190
 30 2 48 46 22 42	 => 190
 50 42 22 28 31 18	 => 191
 45 18 31 25 20 51	 => 190
 44 51 20 52 16 7	 => 190
 48 13 5 37 41 46	 => 190
 22 46 41 26 27 28	 => 190
 31 28 27 40 39 25	 => 190
 20 25 39 1 54 52	 => 191
 16 52 54 34 23 11	 => 190
 41 37 4 43 38 26	 => 189
 27 26 38 49 10 40	 => 190
 39 40 10 53 47 1	 => 190
 54 1 47 35 19 34	 => 190
 38 43 3 24 33 49	 => 190
 10 49 33 17 29 53	 => 191
 47 53 29 12 14 35	 => 190


===================[TEST 8]===================

##### START ##### Wed May 14 19:28:33 2003



##### CONVERGE ##### Wed May 14 19:30:05 2003

Elapsed time: 92 seconds
Total loop: 144 generations

Result : 187.215

17 2 32 52 54 33 10 18 48 27 6 49 35 25 5 50 37 15 30 21 41 13 46 43 4 1 8 44 51 19 38 36 24 26 40 31 20 11 3 28 45 29 23 42 39 47 7 22 14 53 9 34 16 12 

 17 2 32 52 54 33	 => 190
 10 33 54 18 48 27	 => 190
 6 27 48 49 35 25	 => 190
 32 5 50 37 15 52	 => 191
 54 52 15 30 21 18	 => 190
 48 18 21 41 13 49	 => 190
 35 49 13 46 43 4	 => 190
 50 1 8 44 51 37	 => 191
 15 37 51 19 38 30	 => 190
 21 30 38 36 24 41	 => 190
 13 41 24 26 40 46	 => 190
 43 46 40 31 20 11	 => 191
 51 44 3 28 45 19	 => 190
 38 19 45 29 23 36	 => 190
 24 36 23 42 39 26	 => 190
 40 26 39 47 7 31	 => 190
 45 28 22 14 53 29	 => 191
 23 29 53 9 34 42	 => 190
 39 42 34 16 12 47	 => 190


===================[TEST 9]===================

##### START ##### Wed May 14 19:30:05 2003



##### CONVERGE ##### Wed May 14 19:30:47 2003

Elapsed time: 42 seconds
Total loop: 66 generations

Result : 184.613

22 12 50 40 30 34 1 32 52 39 17 43 33 4 2 28 47 21 35 31 24 6 53 38 15 3 13 51 46 16 23 49 25 37 42 26 9 20 5 29 41 44 14 18 45 27 11 7 19 48 10 54 8 36 

 22 12 50 40 30 34	 => 188
 1 34 30 32 52 39	 => 188
 17 39 52 43 33 4	 => 188
 50 2 28 47 21 40	 => 188
 30 40 21 35 31 32	 => 189
 52 32 31 24 6 43	 => 188
 33 43 6 53 38 15	 => 188
 28 3 13 51 46 47	 => 188
 21 47 46 16 23 35	 => 188
 31 35 23 49 25 24	 => 187
 6 24 25 37 42 53	 => 187
 38 53 42 26 9 20	 => 188
 46 51 5 29 41 16	 => 188
 23 16 41 44 14 49	 => 187
 25 49 14 18 45 37	 => 188
 42 37 45 27 11 26	 => 188
 41 29 7 19 48 44	 => 188
 14 44 48 10 54 18	 => 188
 45 18 54 8 36 27	 => 188


===================[TEST 10]===================

##### START ##### Wed May 14 19:30:48 2003



##### CONVERGE ##### Wed May 14 19:31:32 2003

Elapsed time: 44 seconds
Total loop: 70 generations

Result : 184.9

18 16 37 48 27 43 5 23 54 36 2 41 21 35 9 50 19 25 33 32 24 15 44 53 14 10 17 42 51 22 39 26 34 31 40 30 8 13 4 20 49 46 6 45 47 29 11 28 7 38 1 52 3 12 

 18 16 37 48 27 43	 => 189
 5 43 27 23 54 36	 => 188
 2 36 54 41 21 35	 => 189
 37 9 50 19 25 48	 => 188
 27 48 25 33 32 23	 => 188
 54 23 32 24 15 41	 => 189
 21 41 15 44 53 14	 => 188
 50 10 17 42 51 19	 => 189
 25 19 51 22 39 33	 => 189
 32 33 39 26 34 24	 => 188
 15 24 34 31 40 44	 => 188
 53 44 40 30 8 13	 => 188
 51 42 4 20 49 22	 => 188
 39 22 49 46 6 26	 => 188
 34 26 6 45 47 31	 => 189
 40 31 47 29 11 30	 => 188
 49 20 28 7 38 46	 => 188
 6 46 38 1 52 45	 => 188
 47 45 52 3 12 29	 => 188



test#	fitness		sum		time
---------------------------------------------------
1	187.163				66
2	185.9				53
3	184.268				72
4	185.268				59
5	187.85				73
6	185.628				48
7	186.823				54
8	187.215				92
9	184.613				42
10	184.9				44


---------------------------------------------------
Best fitness      : 187.85 ( test# 5)
Shortest time     : 42 ( test# 9)

Average fitness   : 185.963
Average time      : 60.3
