****************** GA TEST *******************

total test#:			 10
hexa min width:			 3
hexa max width:			 5
hexa count:			 19
number count:			 54
population size:		 60
generation size:		 15

tournament winner p:		 1
do xover p:			 1
xover:				 2points
do mutation1 p:			 0.1
mutation1 p:			 0.05
do optimize p:			 1
local optimize count:		 6000
do deep better optimize p:	 1
do deep worse optimize p:	 0
do spin p:			 0
spin count:			 1000
do spin apply p:		 1
do mutation2 p:			 0.12
mutation2 p:			 0.08
force mutation2:		 0
replace bad p:			 0.195

converge rate p:		 0.99
converge count:			 1

**********************************************


===================[TEST 1]===================

##### START ##### Wed May 14 22:36:27 2003



##### CONVERGE ##### Wed May 14 22:37:56 2003

Elapsed time: 89 seconds
Total loop: 113 generations

Result : 186.85

3 24 29 49 53 31 5 13 45 42 16 52 27 7 10 46 43 12 28 35 26 18 41 36 15 4 1 51 44 32 30 33 37 17 50 34 22 6 2 23 38 48 8 54 40 39 9 14 19 47 21 11 25 20 

 3 24 29 49 53 31	 => 189
 5 31 53 13 45 42	 => 189
 16 42 45 52 27 7	 => 189
 29 10 46 43 12 49	 => 189
 53 49 12 28 35 13	 => 190
 45 13 35 26 18 52	 => 189
 27 52 18 41 36 15	 => 189
 46 4 1 51 44 43	 => 189
 12 43 44 32 30 28	 => 189
 35 28 30 33 37 26	 => 189
 18 26 37 17 50 41	 => 189
 36 41 50 34 22 6	 => 189
 44 51 2 23 38 32	 => 190
 30 32 38 48 8 33	 => 189
 37 33 8 54 40 17	 => 189
 50 17 40 39 9 34	 => 189
 38 23 14 19 47 48	 => 189
 8 48 47 21 11 54	 => 189
 40 54 11 25 20 39	 => 189


===================[TEST 2]===================

##### START ##### Wed May 14 22:37:56 2003



##### CONVERGE ##### Wed May 14 22:39:09 2003

Elapsed time: 73 seconds
Total loop: 92 generations

Result : 186.412

12 5 51 44 42 34 14 21 39 38 7 54 26 24 2 19 41 31 23 27 25 22 35 48 3 15 20 47 46 4 43 18 52 9 45 36 13 11 8 50 33 53 37 40 32 49 17 6 16 30 1 28 29 10 

 12 5 51 44 42 34	 => 188
 14 34 42 21 39 38	 => 188
 7 38 39 54 26 24	 => 188
 51 2 19 41 31 44	 => 188
 42 44 31 23 27 21	 => 188
 39 21 27 25 22 54	 => 188
 26 54 22 35 48 3	 => 188
 19 15 20 47 46 41	 => 188
 31 41 46 4 43 23	 => 188
 27 23 43 18 52 25	 => 188
 22 25 52 9 45 35	 => 188
 48 35 45 36 13 11	 => 188
 46 47 8 50 33 4	 => 188
 43 4 33 53 37 18	 => 188
 52 18 37 40 32 9	 => 188
 45 9 32 49 17 36	 => 188
 33 50 6 16 30 53	 => 188
 37 53 30 1 28 40	 => 189
 32 40 28 29 10 49	 => 188


===================[TEST 3]===================

##### START ##### Wed May 14 22:39:09 2003



##### CONVERGE ##### Wed May 14 22:41:11 2003

Elapsed time: 122 seconds
Total loop: 155 generations

Result : 186.616

12 25 21 53 50 28 22 9 43 37 4 39 48 18 15 31 52 17 16 44 41 13 47 36 6 29 3 27 46 24 34 19 35 20 33 42 26 5 1 51 40 49 23 38 54 30 10 7 11 32 2 45 14 8 

 12 25 21 53 50 28	 => 189
 22 28 50 9 43 37	 => 189
 4 37 43 39 48 18	 => 189
 21 15 31 52 17 53	 => 189
 50 53 17 16 44 9	 => 189
 43 9 44 41 13 39	 => 189
 48 39 13 47 36 6	 => 189
 31 29 3 27 46 52	 => 188
 17 52 46 24 34 16	 => 189
 44 16 34 19 35 41	 => 189
 13 41 35 20 33 47	 => 189
 36 47 33 42 26 5	 => 189
 46 27 1 51 40 24	 => 189
 34 24 40 49 23 19	 => 189
 35 19 23 38 54 20	 => 189
 33 20 54 30 10 42	 => 189
 40 51 7 11 32 49	 => 190
 23 49 32 2 45 38	 => 189
 54 38 45 14 8 30	 => 189


===================[TEST 4]===================

##### START ##### Wed May 14 22:41:11 2003



##### CONVERGE ##### Wed May 14 22:43:26 2003

Elapsed time: 135 seconds
Total loop: 170 generations

Result : 186.64

18 11 23 35 52 50 9 4 48 26 19 47 46 3 6 41 44 40 22 36 39 15 45 31 5 1 12 49 42 20 21 43 28 8 54 29 13 17 16 32 30 51 24 33 53 38 7 27 14 34 10 37 2 25 

 18 11 23 35 52 50	 => 189
 9 50 52 4 48 26	 => 189
 19 26 48 47 46 3	 => 189
 23 6 41 44 40 35	 => 189
 52 35 40 22 36 4	 => 189
 48 4 36 39 15 47	 => 189
 46 47 15 45 31 5	 => 189
 41 1 12 49 42 44	 => 189
 40 44 42 20 21 22	 => 189
 36 22 21 43 28 39	 => 189
 15 39 28 8 54 45	 => 189
 31 45 54 29 13 17	 => 189
 42 49 16 32 30 20	 => 189
 21 20 30 51 24 43	 => 189
 28 43 24 33 53 8	 => 189
 54 8 53 38 7 29	 => 189
 30 32 27 14 34 51	 => 188
 24 51 34 10 37 33	 => 189
 53 33 37 2 25 38	 => 188


===================[TEST 5]===================

##### START ##### Wed May 14 22:43:26 2003



##### CONVERGE ##### Wed May 14 22:44:29 2003

Elapsed time: 63 seconds
Total loop: 80 generations

Result : 185.478

11 16 22 53 47 40 27 15 42 17 20 50 30 29 1 48 52 12 49 13 37 31 39 35 3 9 2 34 43 10 23 38 28 7 46 44 18 6 24 26 51 41 25 36 54 32 5 21 4 45 8 33 19 14 

 11 16 22 53 47 40	 => 189
 27 40 47 15 42 17	 => 188
 20 17 42 50 30 29	 => 188
 22 1 48 52 12 53	 => 188
 47 53 12 49 13 15	 => 189
 42 15 13 37 31 50	 => 188
 30 50 31 39 35 3	 => 188
 48 9 2 34 43 52	 => 188
 12 52 43 10 23 49	 => 189
 13 49 23 38 28 37	 => 188
 31 37 28 7 46 39	 => 188
 35 39 46 44 18 6	 => 188
 43 34 24 26 51 10	 => 188
 23 10 51 41 25 38	 => 188
 28 38 25 36 54 7	 => 188
 46 7 54 32 5 44	 => 188
 51 26 21 4 45 41	 => 188
 25 41 45 8 33 36	 => 188
 54 36 33 19 14 32	 => 188


===================[TEST 6]===================

##### START ##### Wed May 14 22:44:29 2003



##### CONVERGE ##### Wed May 14 22:45:59 2003

Elapsed time: 90 seconds
Total loop: 113 generations

Result : 187.412

16 12 47 40 54 20 7 26 39 43 1 52 32 22 6 23 49 24 34 11 46 15 44 42 4 10 27 50 30 21 31 29 38 18 28 53 8 14 2 45 41 48 19 35 51 36 3 5 13 37 17 33 9 25 

 16 12 47 40 54 20	 => 189
 7 20 54 26 39 43	 => 189
 1 43 39 52 32 22	 => 189
 47 6 23 49 24 40	 => 189
 54 40 24 34 11 26	 => 189
 39 26 11 46 15 52	 => 189
 32 52 15 44 42 4	 => 189
 23 10 27 50 30 49	 => 189
 24 49 30 21 31 34	 => 189
 11 34 31 29 38 46	 => 189
 15 46 38 18 28 44	 => 189
 42 44 28 53 8 14	 => 189
 30 50 2 45 41 21	 => 189
 31 21 41 48 19 29	 => 189
 38 29 19 35 51 18	 => 190
 28 18 51 36 3 53	 => 189
 41 45 5 13 37 48	 => 189
 19 48 37 17 33 35	 => 189
 51 35 33 9 25 36	 => 189


===================[TEST 7]===================

##### START ##### Wed May 14 22:45:59 2003



##### CONVERGE ##### Wed May 14 22:46:59 2003

Elapsed time: 60 seconds
Total loop: 76 generations

Result : 185.85

39 4 28 44 37 36 3 21 49 42 7 51 26 13 18 45 22 31 25 30 14 23 48 24 16 1 27 41 53 5 52 33 34 20 50 38 9 19 11 32 46 40 12 54 35 43 2 15 8 47 6 29 10 17 

 39 4 28 44 37 36	 => 188
 3 36 37 21 49 42	 => 188
 7 42 49 51 26 13	 => 188
 28 18 45 22 31 44	 => 188
 37 44 31 25 30 21	 => 188
 49 21 30 14 23 51	 => 188
 26 51 23 48 24 16	 => 188
 45 1 27 41 53 22	 => 189
 31 22 53 5 52 25	 => 188
 30 25 52 33 34 14	 => 188
 23 14 34 20 50 48	 => 189
 24 48 50 38 9 19	 => 188
 53 41 11 32 46 5	 => 188
 52 5 46 40 12 33	 => 188
 34 33 12 54 35 20	 => 188
 50 20 35 43 2 38	 => 188
 46 32 15 8 47 40	 => 188
 12 40 47 6 29 54	 => 188
 35 54 29 10 17 43	 => 188


===================[TEST 8]===================

##### START ##### Wed May 14 22:46:59 2003



##### CONVERGE ##### Wed May 14 22:47:44 2003

Elapsed time: 45 seconds
Total loop: 56 generations

Result : 184.478

19 31 35 48 32 22 34 16 54 30 12 53 33 5 9 26 42 27 25 39 14 11 46 37 7 2 23 45 49 3 41 17 52 21 43 38 15 8 4 36 50 47 29 40 28 44 13 10 24 20 1 51 6 18 

 19 31 35 48 32 22	 => 187
 34 22 32 16 54 30	 => 188
 12 30 54 53 33 5	 => 187
 35 9 26 42 27 48	 => 187
 32 48 27 25 39 16	 => 187
 54 16 39 14 11 53	 => 187
 33 53 11 46 37 7	 => 187
 26 2 23 45 49 42	 => 187
 27 42 49 3 41 25	 => 187
 39 25 41 17 52 14	 => 188
 11 14 52 21 43 46	 => 187
 37 46 43 38 15 8	 => 187
 49 45 4 36 50 3	 => 187
 41 3 50 47 29 17	 => 187
 52 17 29 40 28 21	 => 187
 43 21 28 44 13 38	 => 187
 50 36 10 24 20 47	 => 187
 29 47 20 1 51 40	 => 188
 28 40 51 6 18 44	 => 187


===================[TEST 9]===================

##### START ##### Wed May 14 22:47:44 2003



##### CONVERGE ##### Wed May 14 22:48:34 2003

Elapsed time: 50 seconds
Total loop: 63 generations

Result : 185.163

4 23 54 22 52 33 6 13 46 38 1 53 36 14 2 51 42 17 44 40 28 7 49 34 9 10 5 32 48 16 21 18 37 24 43 39 8 15 26 19 47 50 35 29 45 25 12 11 31 30 3 41 27 20 

 4 23 54 22 52 33	 => 188
 6 33 52 13 46 38	 => 188
 1 38 46 53 36 14	 => 188
 54 2 51 42 17 22	 => 188
 52 22 17 44 40 13	 => 188
 46 13 40 28 7 53	 => 187
 36 53 7 49 34 9	 => 188
 51 10 5 32 48 42	 => 188
 17 42 48 16 21 44	 => 188
 40 44 21 18 37 28	 => 188
 7 28 37 24 43 49	 => 188
 34 49 43 39 8 15	 => 188
 48 32 26 19 47 16	 => 188
 21 16 47 50 35 18	 => 187
 37 18 35 29 45 24	 => 188
 43 24 45 25 12 39	 => 188
 47 19 11 31 30 50	 => 188
 35 50 30 3 41 29	 => 188
 45 29 41 27 20 25	 => 187


===================[TEST 10]===================

##### START ##### Wed May 14 22:48:34 2003



##### CONVERGE ##### Wed May 14 22:49:39 2003

Elapsed time: 65 seconds
Total loop: 83 generations

Result : 186.616

5 22 40 54 17 51 1 29 47 44 4 37 41 16 7 38 30 20 42 27 31 19 50 39 3 13 21 34 53 12 32 43 14 26 49 25 11 15 8 46 36 48 18 52 35 45 9 2 24 33 10 28 23 6 

 5 22 40 54 17 51	 => 189
 1 51 17 29 47 44	 => 189
 4 44 47 37 41 16	 => 189
 40 7 38 30 20 54	 => 189
 17 54 20 42 27 29	 => 189
 47 29 27 31 19 37	 => 190
 41 37 19 50 39 3	 => 189
 38 13 21 34 53 30	 => 189
 20 30 53 12 32 42	 => 189
 27 42 32 43 14 31	 => 189
 19 31 14 26 49 50	 => 189
 39 50 49 25 11 15	 => 189
 53 34 8 46 36 12	 => 189
 32 12 36 48 18 43	 => 189
 14 43 18 52 35 26	 => 188
 49 26 35 45 9 25	 => 189
 36 46 2 24 33 48	 => 189
 18 48 33 10 28 52	 => 189
 35 52 28 23 6 45	 => 189



test#	fitness		sum		time
---------------------------------------------------
1	186.85				89
2	186.412				73
3	186.616				122
4	186.64				135
5	185.478				63
6	187.412				90
7	185.85				60
8	184.478				45
9	185.163				50
10	186.616				65


---------------------------------------------------
Best fitness      : 187.412 ( test# 6)
Shortest time     : 45 ( test# 8)

Average fitness   : 186.151
Average time      : 79.2
