****************** GA TEST *******************

total test#:			 10
hexa min width:			 3
hexa max width:			 5
hexa count:			 19
number count:			 54
population size:		 50
generation size:		 6

tournament winner p:		 1
do xover p:			 1
xover:				 2points
do mutation1 p:			 0.1
mutation1 p:			 0.05
do optimize p:			 1
local optimize count:		 6000
do deep better optimize p:	 1
do deep worse optimize p:	 0
do spin p:			 0
spin count:			 1000
do spin apply p:		 1
do mutation2 p:			 0.12
mutation2 p:			 0.08
force mutation2:		 0
replace bad p:			 0.195

converge rate p:		 0.99
converge count:			 1

**********************************************


===================[TEST 1]===================

##### START ##### Wed May 14 16:58:22 2003



##### CONVERGE ##### Wed May 14 16:59:18 2003

Elapsed time: 56 seconds
Total loop: 170 generations

Result : 186.64

14 9 28 54 35 49 1 3 51 50 6 45 26 11 7 36 39 25 31 41 17 32 47 24 15 19 10 37 48 16 30 27 43 21 29 53 2 33 13 23 52 46 18 38 42 40 4 12 22 34 8 44 5 20 

 14 9 28 54 35 49	 => 189
 1 49 35 3 51 50	 => 189
 6 50 51 45 26 11	 => 189
 28 7 36 39 25 54	 => 189
 35 54 25 31 41 3	 => 189
 51 3 41 17 32 45	 => 189
 26 45 32 47 24 15	 => 189
 36 19 10 37 48 39	 => 189
 25 39 48 16 30 31	 => 189
 41 31 30 27 43 17	 => 189
 32 17 43 21 29 47	 => 189
 24 47 29 53 2 33	 => 188
 48 37 13 23 52 16	 => 189
 30 16 52 46 18 27	 => 189
 43 27 18 38 42 21	 => 189
 29 21 42 40 4 53	 => 189
 52 23 12 22 34 46	 => 189
 18 46 34 8 44 38	 => 188
 42 38 44 5 20 40	 => 189


===================[TEST 2]===================

##### START ##### Wed May 14 16:59:18 2003



##### CONVERGE ##### Wed May 14 17:00:28 2003

Elapsed time: 70 seconds
Total loop: 218 generations

Result : 185.087

33 3 34 31 39 48 7 16 27 51 21 46 24 19 17 36 43 28 23 52 30 18 54 42 4 15 1 45 49 9 37 38 8 26 53 25 12 2 5 40 41 44 20 47 50 29 6 10 22 32 11 35 14 13 

 33 3 34 31 39 48	 => 188
 7 48 39 16 27 51	 => 188
 21 51 27 46 24 19	 => 188
 34 17 36 43 28 31	 => 189
 39 31 28 23 52 16	 => 189
 27 16 52 30 18 46	 => 189
 24 46 18 54 42 4	 => 188
 36 15 1 45 49 43	 => 189
 28 43 49 9 37 23	 => 189
 52 23 37 38 8 30	 => 188
 18 30 8 26 53 54	 => 189
 42 54 53 25 12 2	 => 188
 49 45 5 40 41 9	 => 189
 37 9 41 44 20 38	 => 189
 8 38 20 47 50 26	 => 189
 53 26 50 29 6 25	 => 189
 41 40 10 22 32 44	 => 189
 20 44 32 11 35 47	 => 189
 50 47 35 14 13 29	 => 188


===================[TEST 3]===================

##### START ##### Wed May 14 17:00:28 2003



##### CONVERGE ##### Wed May 14 17:01:17 2003

Elapsed time: 49 seconds
Total loop: 152 generations

Result : 184.85

5 36 23 49 32 42 11 18 40 44 7 33 51 12 6 35 29 45 9 34 52 10 53 27 13 26 4 39 54 14 37 30 25 19 28 41 17 22 1 31 48 38 20 43 50 46 3 21 2 47 15 24 8 16 

 5 36 23 49 32 42	 => 187
 11 42 32 18 40 44	 => 187
 7 44 40 33 51 12	 => 187
 23 6 35 29 45 49	 => 187
 32 49 45 9 34 18	 => 187
 40 18 34 52 10 33	 => 187
 51 33 10 53 27 13	 => 187
 35 26 4 39 54 29	 => 187
 45 29 54 14 37 9	 => 188
 34 9 37 30 25 52	 => 187
 10 52 25 19 28 53	 => 187
 27 53 28 41 17 22	 => 188
 54 39 1 31 48 14	 => 187
 37 14 48 38 20 30	 => 187
 25 30 20 43 50 19	 => 187
 28 19 50 46 3 41	 => 187
 48 31 21 2 47 38	 => 187
 20 38 47 15 24 43	 => 187
 50 43 24 8 16 46	 => 187


===================[TEST 4]===================

##### START ##### Wed May 14 17:01:17 2003



##### CONVERGE ##### Wed May 14 17:02:32 2003

Elapsed time: 75 seconds
Total loop: 234 generations

Result : 188.412

11 9 37 38 50 45 1 15 40 39 8 48 32 23 22 30 47 16 35 36 24 27 49 29 6 4 12 51 46 13 33 28 34 14 42 41 3 26 7 20 53 44 19 43 52 31 10 2 17 54 5 25 21 18 

 11 9 37 38 50 45	 => 190
 1 45 50 15 40 39	 => 190
 8 39 40 48 32 23	 => 190
 37 22 30 47 16 38	 => 190
 50 38 16 35 36 15	 => 190
 40 15 36 24 27 48	 => 190
 32 48 27 49 29 6	 => 191
 30 4 12 51 46 47	 => 190
 16 47 46 13 33 35	 => 190
 36 35 33 28 34 24	 => 190
 27 24 34 14 42 49	 => 190
 29 49 42 41 3 26	 => 190
 46 51 7 20 53 13	 => 190
 33 13 53 44 19 28	 => 190
 34 28 19 43 52 14	 => 190
 42 14 52 31 10 41	 => 190
 53 20 2 17 54 44	 => 190
 19 44 54 5 25 43	 => 190
 52 43 25 21 18 31	 => 190


===================[TEST 5]===================

##### START ##### Wed May 14 17:02:32 2003



##### CONVERGE ##### Wed May 14 17:03:48 2003

Elapsed time: 76 seconds
Total loop: 236 generations

Result : 186.64

18 12 27 45 47 40 5 17 38 42 15 48 36 10 13 43 41 20 25 34 23 29 44 21 11 2 24 26 53 31 19 51 37 4 52 30 14 28 7 39 33 54 1 50 46 49 8 22 9 32 16 35 3 6 

 18 12 27 45 47 40	 => 189
 5 40 47 17 38 42	 => 189
 15 42 38 48 36 10	 => 189
 27 13 43 41 20 45	 => 189
 47 45 20 25 34 17	 => 188
 38 17 34 23 29 48	 => 189
 36 48 29 44 21 11	 => 189
 43 2 24 26 53 41	 => 189
 20 41 53 31 19 25	 => 189
 34 25 19 51 37 23	 => 189
 29 23 37 4 52 44	 => 189
 21 44 52 30 14 28	 => 189
 53 26 7 39 33 31	 => 189
 19 31 33 54 1 51	 => 189
 37 51 1 50 46 4	 => 189
 52 4 46 49 8 30	 => 189
 33 39 22 9 32 54	 => 189
 1 54 32 16 35 50	 => 188
 46 50 35 3 6 49	 => 189


===================[TEST 6]===================

##### START ##### Wed May 14 17:03:48 2003



##### CONVERGE ##### Wed May 14 17:05:33 2003

Elapsed time: 105 seconds
Total loop: 327 generations

Result : 187.64

10 20 33 48 54 25 17 21 43 30 7 52 45 13 6 40 47 16 22 29 19 26 34 31 2 15 3 32 53 11 41 44 35 27 49 42 9 24 4 51 39 37 18 38 28 36 8 12 5 46 1 50 14 23 

 10 20 33 48 54 25	 => 190
 17 25 54 21 43 30	 => 190
 7 30 43 52 45 13	 => 190
 33 6 40 47 16 48	 => 190
 54 48 16 22 29 21	 => 190
 43 21 29 19 26 52	 => 190
 45 52 26 34 31 2	 => 190
 40 15 3 32 53 47	 => 190
 16 47 53 11 41 22	 => 190
 29 22 41 44 35 19	 => 190
 26 19 35 27 49 34	 => 190
 31 34 49 42 9 24	 => 189
 53 32 4 51 39 11	 => 190
 41 11 39 37 18 44	 => 190
 35 44 18 38 28 27	 => 190
 49 27 28 36 8 42	 => 190
 39 51 12 5 46 37	 => 190
 18 37 46 1 50 38	 => 190
 28 38 50 14 23 36	 => 189


===================[TEST 7]===================

##### START ##### Wed May 14 17:05:34 2003



##### CONVERGE ##### Wed May 14 17:06:20 2003

Elapsed time: 46 seconds
Total loop: 146 generations

Result : 184.64

20 10 50 28 48 31 15 23 44 26 3 54 52 8 14 27 49 19 29 40 17 9 45 24 2 11 16 46 38 18 34 25 42 39 35 41 6 36 5 43 37 51 22 47 12 53 7 1 21 33 4 30 13 32 

 20 10 50 28 48 31	 => 187
 15 31 48 23 44 26	 => 187
 3 26 44 54 52 8	 => 187
 50 14 27 49 19 28	 => 187
 48 28 19 29 40 23	 => 187
 44 23 40 17 9 54	 => 187
 52 54 9 45 24 2	 => 186
 27 11 16 46 38 49	 => 187
 19 49 38 18 34 29	 => 187
 40 29 34 25 42 17	 => 187
 9 17 42 39 35 45	 => 187
 24 45 35 41 6 36	 => 187
 38 46 5 43 37 18	 => 187
 34 18 37 51 22 25	 => 187
 42 25 22 47 12 39	 => 187
 35 39 12 53 7 41	 => 187
 37 43 1 21 33 51	 => 186
 22 51 33 4 30 47	 => 187
 12 47 30 13 32 53	 => 187


===================[TEST 8]===================

##### START ##### Wed May 14 17:06:21 2003



##### CONVERGE ##### Wed May 14 17:07:21 2003

Elapsed time: 60 seconds
Total loop: 190 generations

Result : 185.163

14 15 44 41 34 40 10 16 49 39 7 30 25 38 5 53 32 13 37 47 17 29 52 51 1 11 18 23 50 24 31 21 35 27 28 33 20 4 2 43 46 54 12 45 48 42 9 6 3 36 22 19 26 8 

 14 15 44 41 34 40	 => 188
 10 40 34 16 49 39	 => 188
 7 39 49 30 25 38	 => 188
 44 5 53 32 13 41	 => 188
 34 41 13 37 47 16	 => 188
 49 16 47 17 29 30	 => 188
 25 30 29 52 51 1	 => 188
 53 11 18 23 50 32	 => 187
 13 32 50 24 31 37	 => 187
 47 37 31 21 35 17	 => 188
 29 17 35 27 28 52	 => 188
 51 52 28 33 20 4	 => 188
 50 23 2 43 46 24	 => 188
 31 24 46 54 12 21	 => 188
 35 21 12 45 48 27	 => 188
 28 27 48 42 9 33	 => 187
 46 43 6 3 36 54	 => 188
 12 54 36 22 19 45	 => 188
 48 45 19 26 8 42	 => 188


===================[TEST 9]===================

##### START ##### Wed May 14 17:07:22 2003



##### CONVERGE ##### Wed May 14 17:08:18 2003

Elapsed time: 56 seconds
Total loop: 178 generations

Result : 186.306

4 3 44 46 53 38 2 8 39 48 11 54 34 1 10 41 42 5 31 45 28 14 47 19 20 12 24 18 51 33 26 9 49 15 35 40 22 25 6 37 43 50 27 36 52 29 17 21 7 30 13 32 16 23 

 4 3 44 46 53 38	 => 188
 2 38 53 8 39 48	 => 188
 11 48 39 54 34 1	 => 187
 44 10 41 42 5 46	 => 188
 53 46 5 31 45 8	 => 188
 39 8 45 28 14 54	 => 188
 34 54 14 47 19 20	 => 188
 41 12 24 18 51 42	 => 188
 5 42 51 33 26 31	 => 188
 45 31 26 9 49 28	 => 188
 14 28 49 15 35 47	 => 188
 19 47 35 40 22 25	 => 188
 51 18 6 37 43 33	 => 188
 26 33 43 50 27 9	 => 188
 49 9 27 36 52 15	 => 188
 35 15 52 29 17 40	 => 188
 43 37 21 7 30 50	 => 188
 27 50 30 13 32 36	 => 188
 52 36 32 16 23 29	 => 188


===================[TEST 10]===================

##### START ##### Wed May 14 17:08:19 2003



##### CONVERGE ##### Wed May 14 17:09:38 2003

Elapsed time: 79 seconds
Total loop: 250 generations

Result : 188.412

8 13 48 35 52 34 2 24 42 36 9 54 32 17 5 30 53 19 29 31 18 22 43 38 1 14 28 26 39 23 27 40 45 11 51 25 21 12 15 37 50 44 6 41 47 49 7 10 16 33 20 46 4 3 

 8 13 48 35 52 34	 => 190
 2 34 52 24 42 36	 => 190
 9 36 42 54 32 17	 => 190
 48 5 30 53 19 35	 => 190
 52 35 19 29 31 24	 => 190
 42 24 31 18 22 54	 => 191
 32 54 22 43 38 1	 => 190
 30 14 28 26 39 53	 => 190
 19 53 39 23 27 29	 => 190
 31 29 27 40 45 18	 => 190
 22 18 45 11 51 43	 => 190
 38 43 51 25 21 12	 => 190
 39 26 15 37 50 23	 => 190
 27 23 50 44 6 40	 => 190
 45 40 6 41 47 11	 => 190
 51 11 47 49 7 25	 => 190
 50 37 10 16 33 44	 => 190
 6 44 33 20 46 41	 => 190
 47 41 46 4 3 49	 => 190



test#	fitness		sum		time
---------------------------------------------------
1	186.64				56
2	185.087				70
3	184.85				49
4	188.412				75
5	186.64				76
6	187.64				105
7	184.64				46
8	185.163				60
9	186.306				56
10	188.412				79


---------------------------------------------------
Best fitness      : 188.412 ( test# 4)
Shortest time     : 46 ( test# 7)

Average fitness   : 186.379
Average time      : 67.2
