****************** GA TEST *******************

total test#:			 10
hexa min width:			 3
hexa max width:			 5
hexa count:			 19
number count:			 54
population size:		 90
generation size:		 6

tournament winner p:		 1
do xover p:			 1
xover:				 2points
do mutation1 p:			 0.1
mutation1 p:			 0.05
do optimize p:			 1
local optimize count:		 6000
do deep better optimize p:	 1
do deep worse optimize p:	 0
do spin p:			 0
spin count:			 1000
do spin apply p:		 1
do mutation2 p:			 0.12
mutation2 p:			 0.08
force mutation2:		 0
replace bad p:			 0.195

converge rate p:		 0.99
converge count:			 1

**********************************************


===================[TEST 1]===================

##### START ##### Wed May 14 18:07:59 2003



##### CONVERGE ##### Wed May 14 18:12:24 2003

Elapsed time: 265 seconds
Total loop: 832 generations

Result : 187.412

17 22 41 29 42 38 7 36 45 21 27 44 47 5 9 53 34 23 39 20 33 11 49 35 3 12 2 37 51 14 28 43 26 16 54 30 4 18 8 31 48 50 6 46 52 24 13 1 19 40 15 32 10 25 

 17 22 41 29 42 38	 => 189
 7 38 42 36 45 21	 => 189
 27 21 45 44 47 5	 => 189
 41 9 53 34 23 29	 => 189
 42 29 23 39 20 36	 => 189
 45 36 20 33 11 44	 => 189
 47 44 11 49 35 3	 => 189
 53 12 2 37 51 34	 => 189
 23 34 51 14 28 39	 => 189
 20 39 28 43 26 33	 => 189
 11 33 26 16 54 49	 => 189
 35 49 54 30 4 18	 => 190
 51 37 8 31 48 14	 => 189
 28 14 48 50 6 43	 => 189
 26 43 6 46 52 16	 => 189
 54 16 52 24 13 30	 => 189
 48 31 1 19 40 50	 => 189
 6 50 40 15 32 46	 => 189
 52 46 32 10 25 24	 => 189


===================[TEST 2]===================

##### START ##### Wed May 14 18:12:25 2003



##### CONVERGE ##### Wed May 14 18:14:51 2003

Elapsed time: 146 seconds
Total loop: 462 generations

Result (Solution) : 189

4 11 21 51 48 54 3 1 53 30 17 40 41 8 14 29 47 27 18 44 31 20 43 32 13 7 10 46 50 24 23 35 38 5 52 37 6 19 2 28 39 42 26 36 49 34 12 33 22 25 15 45 16 9 

 4 11 21 51 48 54	 => 189
 3 54 48 1 53 30	 => 189
 17 30 53 40 41 8	 => 189
 21 14 29 47 27 51	 => 189
 48 51 27 18 44 1	 => 189
 53 1 44 31 20 40	 => 189
 41 40 20 43 32 13	 => 189
 29 7 10 46 50 47	 => 189
 27 47 50 24 23 18	 => 189
 44 18 23 35 38 31	 => 189
 20 31 38 5 52 43	 => 189
 32 43 52 37 6 19	 => 189
 50 46 2 28 39 24	 => 189
 23 24 39 42 26 35	 => 189
 38 35 26 36 49 5	 => 189
 52 5 49 34 12 37	 => 189
 39 28 33 22 25 42	 => 189
 26 42 25 15 45 36	 => 189
 49 36 45 16 9 34	 => 189


===================[TEST 3]===================

##### START ##### Wed May 14 18:14:51 2003



##### CONVERGE ##### Wed May 14 18:17:20 2003

Elapsed time: 149 seconds
Total loop: 464 generations

Result : 187.412

2 19 32 54 43 39 10 23 41 33 11 46 45 13 4 34 44 21 17 31 28 20 47 30 1 3 5 53 50 15 42 49 22 24 48 37 9 18 6 36 29 38 16 52 26 40 14 27 8 51 7 25 35 12 

 2 19 32 54 43 39	 => 189
 10 39 43 23 41 33	 => 189
 11 33 41 46 45 13	 => 189
 32 4 34 44 21 54	 => 189
 43 54 21 17 31 23	 => 189
 41 23 31 28 20 46	 => 189
 45 46 20 47 30 1	 => 189
 34 3 5 53 50 44	 => 189
 21 44 50 15 42 17	 => 189
 31 17 42 49 22 28	 => 189
 20 28 22 24 48 47	 => 189
 30 47 48 37 9 18	 => 189
 50 53 6 36 29 15	 => 189
 42 15 29 38 16 49	 => 189
 22 49 16 52 26 24	 => 189
 48 24 26 40 14 37	 => 189
 29 36 27 8 51 38	 => 189
 16 38 51 7 25 52	 => 189
 26 52 25 35 12 40	 => 190


===================[TEST 4]===================

##### START ##### Wed May 14 18:17:20 2003



##### CONVERGE ##### Wed May 14 18:23:27 2003

Elapsed time: 367 seconds
Total loop: 1148 generations

Result : 187.85

6 14 41 48 53 28 1 24 52 33 11 34 50 10 5 31 49 16 30 19 35 26 40 32 8 12 4 51 43 7 45 37 25 18 46 44 15 13 3 47 39 42 20 54 36 29 17 2 22 38 9 27 21 23 

 6 14 41 48 53 28	 => 190
 1 28 53 24 52 33	 => 191
 11 33 52 34 50 10	 => 190
 41 5 31 49 16 48	 => 190
 53 48 16 30 19 24	 => 190
 52 24 19 35 26 34	 => 190
 50 34 26 40 32 8	 => 190
 31 12 4 51 43 49	 => 190
 16 49 43 7 45 30	 => 190
 19 30 45 37 25 35	 => 191
 26 35 25 18 46 40	 => 190
 32 40 46 44 15 13	 => 190
 43 51 3 47 39 7	 => 190
 45 7 39 42 20 37	 => 190
 25 37 20 54 36 18	 => 190
 46 18 36 29 17 44	 => 190
 39 47 2 22 38 42	 => 190
 20 42 38 9 27 54	 => 190
 36 54 27 21 23 29	 => 190


===================[TEST 5]===================

##### START ##### Wed May 14 18:23:27 2003



##### CONVERGE ##### Wed May 14 18:25:56 2003

Elapsed time: 149 seconds
Total loop: 466 generations

Result : 188.412

23 3 52 35 41 36 2 26 42 43 13 47 33 12 5 31 50 17 32 39 20 16 53 37 4 10 14 45 40 21 30 25 44 11 46 29 6 19 9 27 48 38 28 34 49 54 1 8 18 51 15 24 7 22 

 23 3 52 35 41 36	 => 190
 2 36 41 26 42 43	 => 190
 13 43 42 47 33 12	 => 190
 52 5 31 50 17 35	 => 190
 41 35 17 32 39 26	 => 190
 42 26 39 20 16 47	 => 190
 33 47 16 53 37 4	 => 190
 31 10 14 45 40 50	 => 190
 17 50 40 21 30 32	 => 190
 39 32 30 25 44 20	 => 190
 16 20 44 11 46 53	 => 190
 37 53 46 29 6 19	 => 190
 40 45 9 27 48 21	 => 190
 30 21 48 38 28 25	 => 190
 44 25 28 34 49 11	 => 191
 46 11 49 54 1 29	 => 190
 48 27 8 18 51 38	 => 190
 28 38 51 15 24 34	 => 190
 49 34 24 7 22 54	 => 190


===================[TEST 6]===================

##### START ##### Wed May 14 18:25:56 2003



##### CONVERGE ##### Wed May 14 18:28:58 2003

Elapsed time: 182 seconds
Total loop: 558 generations

Result : 186.478

22 17 47 24 52 27 6 21 30 53 7 46 38 16 13 40 33 32 25 35 45 12 36 48 10 5 18 42 51 20 28 19 37 9 50 43 1 11 4 23 49 44 29 41 54 31 2 8 26 39 3 34 15 14 

 22 17 47 24 52 27	 => 189
 6 27 52 21 30 53	 => 189
 7 53 30 46 38 16	 => 190
 47 13 40 33 32 24	 => 189
 52 24 32 25 35 21	 => 189
 30 21 35 45 12 46	 => 189
 38 46 12 36 48 10	 => 190
 40 5 18 42 51 33	 => 189
 32 33 51 20 28 25	 => 189
 35 25 28 19 37 45	 => 189
 12 45 37 9 50 36	 => 189
 48 36 50 43 1 11	 => 189
 51 42 4 23 49 20	 => 189
 28 20 49 44 29 19	 => 189
 37 19 29 41 54 9	 => 189
 50 9 54 31 2 43	 => 189
 49 23 8 26 39 44	 => 189
 29 44 39 3 34 41	 => 190
 54 41 34 15 14 31	 => 189


===================[TEST 7]===================

##### START ##### Wed May 14 18:28:58 2003



##### CONVERGE ##### Wed May 14 18:31:32 2003

Elapsed time: 154 seconds
Total loop: 482 generations

Result : 186.85

12 6 33 52 49 37 5 15 31 53 8 54 30 13 4 35 51 14 34 25 47 17 28 45 16 24 1 38 40 27 23 18 42 11 44 48 21 3 2 39 43 46 32 50 36 41 9 19 20 22 10 29 26 7 

 12 6 33 52 49 37	 => 189
 5 37 49 15 31 53	 => 190
 8 53 31 54 30 13	 => 189
 33 4 35 51 14 52	 => 189
 49 52 14 34 25 15	 => 189
 31 15 25 47 17 54	 => 189
 30 54 17 28 45 16	 => 190
 35 24 1 38 40 51	 => 189
 14 51 40 27 23 34	 => 189
 25 34 23 18 42 47	 => 189
 17 47 42 11 44 28	 => 189
 45 28 44 48 21 3	 => 189
 40 38 2 39 43 27	 => 189
 23 27 43 46 32 18	 => 189
 42 18 32 50 36 11	 => 189
 44 11 36 41 9 48	 => 189
 43 39 19 20 22 46	 => 189
 32 46 22 10 29 50	 => 189
 36 50 29 26 7 41	 => 189


===================[TEST 8]===================

##### START ##### Wed May 14 18:31:32 2003



##### CONVERGE ##### Wed May 14 18:33:28 2003

Elapsed time: 116 seconds
Total loop: 358 generations

Result : 186.64

3 12 34 42 45 53 8 22 51 10 4 52 47 25 1 43 48 21 31 28 20 16 41 24 9 17 13 27 40 19 30 36 44 14 54 37 26 6 18 50 35 46 23 39 33 49 2 5 15 38 11 32 7 29 

 3 12 34 42 45 53	 => 189
 8 53 45 22 51 10	 => 189
 4 10 51 52 47 25	 => 189
 34 1 43 48 21 42	 => 189
 45 42 21 31 28 22	 => 189
 51 22 28 20 16 52	 => 189
 47 52 16 41 24 9	 => 189
 43 17 13 27 40 48	 => 188
 21 48 40 19 30 31	 => 189
 28 31 30 36 44 20	 => 189
 16 20 44 14 54 41	 => 189
 24 41 54 37 26 6	 => 188
 40 27 18 50 35 19	 => 189
 30 19 35 46 23 36	 => 189
 44 36 23 39 33 14	 => 189
 54 14 33 49 2 37	 => 189
 35 50 5 15 38 46	 => 189
 23 46 38 11 32 39	 => 189
 33 39 32 7 29 49	 => 189


===================[TEST 9]===================

##### START ##### Wed May 14 18:33:28 2003



##### CONVERGE ##### Wed May 14 18:35:31 2003

Elapsed time: 123 seconds
Total loop: 379 generations

Result : 187.163

14 12 47 37 50 30 9 23 53 25 18 33 54 7 6 29 52 19 38 22 43 16 44 42 1 20 17 45 27 26 28 35 24 32 31 39 13 21 2 49 40 51 10 41 48 36 4 5 11 34 8 46 3 15 

 14 12 47 37 50 30	 => 190
 9 30 50 23 53 25	 => 190
 18 25 53 33 54 7	 => 190
 47 6 29 52 19 37	 => 190
 50 37 19 38 22 23	 => 189
 53 23 22 43 16 33	 => 190
 54 33 16 44 42 1	 => 190
 29 20 17 45 27 52	 => 190
 19 52 27 26 28 38	 => 190
 22 38 28 35 24 43	 => 190
 16 43 24 32 31 44	 => 190
 42 44 31 39 13 21	 => 190
 27 45 2 49 40 26	 => 189
 28 26 40 51 10 35	 => 190
 24 35 10 41 48 32	 => 190
 31 32 48 36 4 39	 => 190
 40 49 5 11 34 51	 => 190
 10 51 34 8 46 41	 => 190
 48 41 46 3 15 36	 => 189


===================[TEST 10]===================

##### START ##### Wed May 14 18:35:31 2003



##### CONVERGE ##### Wed May 14 18:37:59 2003

Elapsed time: 148 seconds
Total loop: 462 generations

Result : 187.087

7 16 32 49 33 54 8 18 48 29 9 42 37 25 6 51 39 14 43 34 26 23 41 38 10 2 19 27 52 22 21 30 36 15 50 47 12 3 1 35 53 45 20 44 46 28 5 4 13 40 11 31 24 17 

 7 16 32 49 33 54	 => 191
 8 54 33 18 48 29	 => 190
 9 29 48 42 37 25	 => 190
 32 6 51 39 14 49	 => 191
 33 49 14 43 34 18	 => 191
 48 18 34 26 23 42	 => 191
 37 42 23 41 38 10	 => 191
 51 2 19 27 52 39	 => 190
 14 39 52 22 21 43	 => 191
 34 43 21 30 36 26	 => 190
 23 26 36 15 50 41	 => 191
 38 41 50 47 12 3	 => 191
 52 27 1 35 53 22	 => 190
 21 22 53 45 20 30	 => 191
 36 30 20 44 46 15	 => 191
 50 15 46 28 5 47	 => 191
 53 35 4 13 40 45	 => 190
 20 45 40 11 31 44	 => 191
 46 44 31 24 17 28	 => 190



test#	fitness		sum		time
---------------------------------------------------
1	187.412				265
2	189		189		146
3	187.412				149
4	187.85				367
5	188.412				149
6	186.478				182
7	186.85				154
8	186.64				116
9	187.163				123
10	187.087				148


---------------------------------------------------
Best fitness      : 189 ( test# 2)
Best solution sum : 189 ( test# 2)
Shortest time     : 116 ( test# 8)

Average fitness   : 187.43
Average sol. sum  : 189
Average time      : 179.9
