****************** GA TEST *******************

total test#:			 10
hexa min width:			 3
hexa max width:			 5
hexa count:			 19
number count:			 54
population size:		 70
generation size:		 12

tournament winner p:		 1
do xover p:			 1
xover:				 2points
do mutation1 p:			 0.1
mutation1 p:			 0.05
do optimize p:			 1
local optimize count:		 6000
do deep better optimize p:	 1
do deep worse optimize p:	 0
do spin p:			 0
spin count:			 1000
do spin apply p:		 1
do mutation2 p:			 0.12
mutation2 p:			 0.08
force mutation2:		 0
replace bad p:			 0.195

converge rate p:		 0.99
converge count:			 1

**********************************************


===================[TEST 1]===================

##### START ##### Wed May 14 20:07:41 2003



##### CONVERGE ##### Wed May 14 20:09:10 2003

Elapsed time: 89 seconds
Total loop: 139 generations

Result : 186.85

27 3 44 50 40 25 19 21 46 38 11 47 35 12 2 28 39 26 18 34 36 6 53 32 16 17 31 20 54 23 29 30 42 9 43 49 4 8 14 37 41 52 15 48 45 33 10 13 24 22 1 51 5 7 

 27 3 44 50 40 25	 => 189
 19 25 40 21 46 38	 => 189
 11 38 46 47 35 12	 => 189
 44 2 28 39 26 50	 => 189
 40 50 26 18 34 21	 => 189
 46 21 34 36 6 47	 => 190
 35 47 6 53 32 16	 => 189
 28 17 31 20 54 39	 => 189
 26 39 54 23 29 18	 => 189
 34 18 29 30 42 36	 => 189
 6 36 42 9 43 53	 => 189
 32 53 43 49 4 8	 => 189
 54 20 14 37 41 23	 => 189
 29 23 41 52 15 30	 => 190
 42 30 15 48 45 9	 => 189
 43 9 45 33 10 49	 => 189
 41 37 13 24 22 52	 => 189
 15 52 22 1 51 48	 => 189
 45 48 51 5 7 33	 => 189


===================[TEST 2]===================

##### START ##### Wed May 14 20:09:10 2003



##### CONVERGE ##### Wed May 14 20:11:44 2003

Elapsed time: 154 seconds
Total loop: 241 generations

Result : 188.412

10 7 44 41 46 42 4 20 52 26 6 43 36 27 1 38 45 21 37 25 28 23 32 51 5 13 14 47 33 24 30 31 39 15 53 17 19 18 12 34 40 49 16 35 54 48 3 8 9 50 11 29 2 22 

 10 7 44 41 46 42	 => 190
 4 42 46 20 52 26	 => 190
 6 26 52 43 36 27	 => 190
 44 1 38 45 21 41	 => 190
 46 41 21 37 25 20	 => 190
 52 20 25 28 23 43	 => 191
 36 43 23 32 51 5	 => 190
 38 13 14 47 33 45	 => 190
 21 45 33 24 30 37	 => 190
 25 37 30 31 39 28	 => 190
 23 28 39 15 53 32	 => 190
 51 32 53 17 19 18	 => 190
 33 47 12 34 40 24	 => 190
 30 24 40 49 16 31	 => 190
 39 31 16 35 54 15	 => 190
 53 15 54 48 3 17	 => 190
 40 34 8 9 50 49	 => 190
 16 49 50 11 29 35	 => 190
 54 35 29 2 22 48	 => 190


===================[TEST 3]===================

##### START ##### Wed May 14 20:11:45 2003



##### CONVERGE ##### Wed May 14 20:13:30 2003

Elapsed time: 105 seconds
Total loop: 164 generations

Result : 187.85

16 4 51 40 46 33 5 21 48 37 2 42 30 31 8 27 52 12 38 34 26 19 47 28 24 14 17 39 41 15 32 35 25 20 53 29 23 10 1 49 45 50 13 54 43 36 9 18 6 22 7 44 11 3 

 16 4 51 40 46 33	 => 190
 5 33 46 21 48 37	 => 190
 2 37 48 42 30 31	 => 190
 51 8 27 52 12 40	 => 190
 46 40 12 38 34 21	 => 191
 48 21 34 26 19 42	 => 190
 30 42 19 47 28 24	 => 190
 27 14 17 39 41 52	 => 190
 12 52 41 15 32 38	 => 190
 34 38 32 35 25 26	 => 190
 19 26 25 20 53 47	 => 190
 28 47 53 29 23 10	 => 190
 41 39 1 49 45 15	 => 190
 32 15 45 50 13 35	 => 190
 25 35 13 54 43 20	 => 190
 53 20 43 36 9 29	 => 190
 45 49 18 6 22 50	 => 190
 13 50 22 7 44 54	 => 190
 43 54 44 11 3 36	 => 191


===================[TEST 4]===================

##### START ##### Wed May 14 20:13:30 2003



##### CONVERGE ##### Wed May 14 20:15:28 2003

Elapsed time: 118 seconds
Total loop: 184 generations

Result : 186.85

20 1 38 50 53 27 21 26 37 25 19 51 41 16 3 43 42 13 34 14 32 29 30 31 7 15 18 23 48 28 24 46 40 9 49 45 22 12 8 47 35 52 4 54 36 39 11 6 5 44 2 33 17 10 

 20 1 38 50 53 27	 => 189
 21 27 53 26 37 25	 => 189
 19 25 37 51 41 16	 => 189
 38 3 43 42 13 50	 => 189
 53 50 13 34 14 26	 => 190
 37 26 14 32 29 51	 => 189
 41 51 29 30 31 7	 => 189
 43 15 18 23 48 42	 => 189
 13 42 48 28 24 34	 => 189
 14 34 24 46 40 32	 => 190
 29 32 40 9 49 30	 => 189
 31 30 49 45 22 12	 => 189
 48 23 8 47 35 28	 => 189
 24 28 35 52 4 46	 => 189
 40 46 4 54 36 9	 => 189
 49 9 36 39 11 45	 => 189
 35 47 6 5 44 52	 => 189
 4 52 44 2 33 54	 => 189
 36 54 33 17 10 39	 => 189


===================[TEST 5]===================

##### START ##### Wed May 14 20:15:28 2003



##### CONVERGE ##### Wed May 14 20:17:41 2003

Elapsed time: 133 seconds
Total loop: 207 generations

Result : 186.027

19 7 24 52 53 34 4 18 44 36 14 35 45 15 5 32 54 22 11 33 43 16 40 51 2 6 1 47 49 12 41 37 25 23 42 31 17 9 3 28 50 29 20 46 38 30 26 21 13 48 8 39 10 27 

 19 7 24 52 53 34	 => 189
 4 34 53 18 44 36	 => 189
 14 36 44 35 45 15	 => 189
 24 5 32 54 22 52	 => 189
 53 52 22 11 33 18	 => 189
 44 18 33 43 16 35	 => 189
 45 35 16 40 51 2	 => 189
 32 6 1 47 49 54	 => 189
 22 54 49 12 41 11	 => 189
 33 11 41 37 25 43	 => 190
 16 43 25 23 42 40	 => 189
 51 40 42 31 17 9	 => 190
 49 47 3 28 50 12	 => 189
 41 12 50 29 20 37	 => 189
 25 37 20 46 38 23	 => 189
 42 23 38 30 26 31	 => 190
 50 28 21 13 48 29	 => 189
 20 29 48 8 39 46	 => 190
 38 46 39 10 27 30	 => 190


===================[TEST 6]===================

##### START ##### Wed May 14 20:17:41 2003



##### CONVERGE ##### Wed May 14 20:19:57 2003

Elapsed time: 136 seconds
Total loop: 210 generations

Result : 187.163

15 9 30 48 42 46 3 11 51 37 7 43 35 17 5 50 36 20 40 29 32 24 41 44 2 22 8 49 25 31 38 33 18 23 52 28 4 21 1 39 45 27 16 53 47 34 6 13 12 54 14 26 10 19 

 15 9 30 48 42 46	 => 190
 3 46 42 11 51 37	 => 190
 7 37 51 43 35 17	 => 190
 30 5 50 36 20 48	 => 189
 42 48 20 40 29 11	 => 190
 51 11 29 32 24 43	 => 190
 35 43 24 41 44 2	 => 189
 50 22 8 49 25 36	 => 190
 20 36 25 31 38 40	 => 190
 29 40 38 33 18 32	 => 190
 24 32 18 23 52 41	 => 190
 44 41 52 28 4 21	 => 190
 25 49 1 39 45 31	 => 190
 38 31 45 27 16 33	 => 190
 18 33 16 53 47 23	 => 190
 52 23 47 34 6 28	 => 190
 45 39 13 12 54 27	 => 190
 16 27 54 14 26 53	 => 190
 47 53 26 10 19 34	 => 189


===================[TEST 7]===================

##### START ##### Wed May 14 20:19:57 2003



##### CONVERGE ##### Wed May 14 20:22:18 2003

Elapsed time: 141 seconds
Total loop: 221 generations

Result : 186.158

14 20 39 42 51 24 7 34 35 37 8 46 52 11 2 47 54 5 29 28 33 13 41 22 16 1 9 38 40 18 43 31 25 32 45 49 17 15 4 36 53 23 21 50 30 27 6 10 19 48 3 44 26 12 

 14 20 39 42 51 24	 => 190
 7 24 51 34 35 37	 => 188
 8 37 35 46 52 11	 => 189
 39 2 47 54 5 42	 => 189
 51 42 5 29 28 34	 => 189
 35 34 28 33 13 46	 => 189
 52 46 13 41 22 16	 => 190
 47 1 9 38 40 54	 => 189
 5 54 40 18 43 29	 => 189
 28 29 43 31 25 33	 => 189
 13 33 25 32 45 41	 => 189
 22 41 45 49 17 15	 => 189
 40 38 4 36 53 18	 => 189
 43 18 53 23 21 31	 => 189
 25 31 21 50 30 32	 => 189
 45 32 30 27 6 49	 => 189
 53 36 10 19 48 23	 => 189
 21 23 48 3 44 50	 => 189
 30 50 44 26 12 27	 => 189


===================[TEST 8]===================

##### START ##### Wed May 14 20:22:19 2003



##### CONVERGE ##### Wed May 14 20:24:33 2003

Elapsed time: 134 seconds
Total loop: 208 generations

Result : 186.85

16 15 34 43 51 30 2 12 49 45 8 52 29 7 19 27 38 28 14 41 24 11 50 44 3 23 10 37 54 22 33 35 42 9 53 25 4 13 5 26 46 36 17 47 39 31 32 21 20 40 1 48 6 18 

 16 15 34 43 51 30	 => 189
 2 30 51 12 49 45	 => 189
 8 45 49 52 29 7	 => 190
 34 19 27 38 28 43	 => 189
 51 43 28 14 41 12	 => 189
 49 12 41 24 11 52	 => 189
 29 52 11 50 44 3	 => 189
 27 23 10 37 54 38	 => 189
 28 38 54 22 33 14	 => 189
 41 14 33 35 42 24	 => 189
 11 24 42 9 53 50	 => 189
 44 50 53 25 4 13	 => 189
 54 37 5 26 46 22	 => 190
 33 22 46 36 17 35	 => 189
 42 35 17 47 39 9	 => 189
 53 9 39 31 32 25	 => 189
 46 26 21 20 40 36	 => 189
 17 36 40 1 48 47	 => 189
 39 47 48 6 18 31	 => 189


===================[TEST 9]===================

##### START ##### Wed May 14 20:24:33 2003



##### CONVERGE ##### Wed May 14 20:26:55 2003

Elapsed time: 142 seconds
Total loop: 221 generations

Result : 187.478

17 3 34 47 48 41 8 11 49 33 2 52 45 9 1 50 40 18 23 44 21 14 42 32 5 19 4 31 46 26 37 30 35 27 51 28 15 22 10 24 53 38 6 54 39 29 16 25 7 43 13 36 12 20 

 17 3 34 47 48 41	 => 190
 8 41 48 11 49 33	 => 190
 2 33 49 52 45 9	 => 190
 34 1 50 40 18 47	 => 190
 48 47 18 23 44 11	 => 191
 49 11 44 21 14 52	 => 191
 45 52 14 42 32 5	 => 190
 50 19 4 31 46 40	 => 190
 18 40 46 26 37 23	 => 190
 44 23 37 30 35 21	 => 190
 14 21 35 27 51 42	 => 190
 32 42 51 28 15 22	 => 190
 46 31 10 24 53 26	 => 190
 37 26 53 38 6 30	 => 190
 35 30 6 54 39 27	 => 191
 51 27 39 29 16 28	 => 190
 53 24 25 7 43 38	 => 190
 6 38 43 13 36 54	 => 190
 39 54 36 12 20 29	 => 190


===================[TEST 10]===================

##### START ##### Wed May 14 20:26:55 2003



##### CONVERGE ##### Wed May 14 20:28:44 2003

Elapsed time: 109 seconds
Total loop: 171 generations

Result : 187.412

2 1 37 52 46 51 4 16 43 29 28 44 34 11 12 41 26 21 31 23 38 25 53 27 6 7 36 32 47 19 45 22 30 10 33 49 9 18 3 48 40 39 24 54 50 42 5 14 13 35 17 20 15 8 

 2 1 37 52 46 51	 => 189
 4 51 46 16 43 29	 => 189
 28 29 43 44 34 11	 => 189
 37 12 41 26 21 52	 => 189
 46 52 21 31 23 16	 => 189
 43 16 23 38 25 44	 => 189
 34 44 25 53 27 6	 => 189
 41 7 36 32 47 26	 => 189
 21 26 47 19 45 31	 => 189
 23 31 45 22 30 38	 => 189
 25 38 30 10 33 53	 => 189
 27 53 33 49 9 18	 => 189
 47 32 3 48 40 19	 => 189
 45 19 40 39 24 22	 => 189
 30 22 24 54 50 10	 => 190
 33 10 50 42 5 49	 => 189
 40 48 14 13 35 39	 => 189
 24 39 35 17 20 54	 => 189
 50 54 20 15 8 42	 => 189



test#	fitness		sum		time
---------------------------------------------------
1	186.85				89
2	188.412				154
3	187.85				105
4	186.85				118
5	186.027				133
6	187.163				136
7	186.158				141
8	186.85				134
9	187.478				142
10	187.412				109


---------------------------------------------------
Best fitness      : 188.412 ( test# 2)
Shortest time     : 89 ( test# 1)

Average fitness   : 187.105
Average time      : 126.1
