****************** GA TEST *******************

total test#:			 10
hexa min width:			 3
hexa max width:			 5
hexa count:			 19
number count:			 54
population size:		 50
generation size:		 15

tournament winner p:		 1
do xover p:			 1
xover:				 2points
do mutation1 p:			 0.1
mutation1 p:			 0.05
do optimize p:			 1
local optimize count:		 6000
do deep better optimize p:	 1
do deep worse optimize p:	 0
do spin p:			 0
spin count:			 1000
do spin apply p:		 1
do mutation2 p:			 0.12
mutation2 p:			 0.08
force mutation2:		 0
replace bad p:			 0.195

converge rate p:		 0.99
converge count:			 1

**********************************************


===================[TEST 1]===================

##### START ##### Wed May 14 22:21:18 2003



##### CONVERGE ##### Wed May 14 22:23:15 2003

Elapsed time: 117 seconds
Total loop: 147 generations

Result : 187.412

26 13 22 53 42 33 6 16 51 41 20 34 36 7 4 48 44 18 24 37 19 32 49 29 9 8 11 35 43 21 39 45 25 17 47 40 1 23 10 50 30 52 2 54 46 27 12 5 14 38 15 28 3 31 

 26 13 22 53 42 33	 => 189
 6 33 42 16 51 41	 => 189
 20 41 51 34 36 7	 => 189
 22 4 48 44 18 53	 => 189
 42 53 18 24 37 16	 => 190
 51 16 37 19 32 34	 => 189
 36 34 32 49 29 9	 => 189
 48 8 11 35 43 44	 => 189
 18 44 43 21 39 24	 => 189
 37 24 39 45 25 19	 => 189
 32 19 25 17 47 49	 => 189
 29 49 47 40 1 23	 => 189
 43 35 10 50 30 21	 => 189
 39 21 30 52 2 45	 => 189
 25 45 2 54 46 17	 => 189
 47 17 46 27 12 40	 => 189
 30 50 5 14 38 52	 => 189
 2 52 38 15 28 54	 => 189
 46 54 28 3 31 27	 => 189


===================[TEST 2]===================

##### START ##### Wed May 14 22:23:15 2003



##### CONVERGE ##### Wed May 14 22:24:36 2003

Elapsed time: 81 seconds
Total loop: 103 generations

Result : 187.478

15 1 30 53 47 44 7 3 48 41 13 52 28 8 14 40 37 16 38 33 31 23 51 34 2 21 17 26 49 19 32 36 20 24 42 46 12 5 4 39 54 27 22 45 43 25 10 29 6 35 11 50 18 9 

 15 1 30 53 47 44	 => 190
 7 44 47 3 48 41	 => 190
 13 41 48 52 28 8	 => 190
 30 14 40 37 16 53	 => 190
 47 53 16 38 33 3	 => 190
 48 3 33 31 23 52	 => 190
 28 52 23 51 34 2	 => 190
 40 21 17 26 49 37	 => 190
 16 37 49 19 32 38	 => 191
 33 38 32 36 20 31	 => 190
 23 31 20 24 42 51	 => 191
 34 51 42 46 12 5	 => 190
 49 26 4 39 54 19	 => 191
 32 19 54 27 22 36	 => 190
 20 36 22 45 43 24	 => 190
 42 24 43 25 10 46	 => 190
 54 39 29 6 35 27	 => 190
 22 27 35 11 50 45	 => 190
 43 45 50 18 9 25	 => 190


===================[TEST 3]===================

##### START ##### Wed May 14 22:24:36 2003



##### CONVERGE ##### Wed May 14 22:25:56 2003

Elapsed time: 80 seconds
Total loop: 100 generations

Result : 187.306

5 24 41 52 38 29 10 21 47 44 23 40 20 15 4 49 36 7 45 26 27 28 53 37 11 6 2 46 50 9 42 33 16 30 35 34 12 18 1 51 32 54 19 48 43 39 8 13 17 22 14 31 25 3 

 5 24 41 52 38 29	 => 189
 10 29 38 21 47 44	 => 189
 23 44 47 40 20 15	 => 189
 41 4 49 36 7 52	 => 189
 38 52 7 45 26 21	 => 189
 47 21 26 27 28 40	 => 189
 20 40 28 53 37 11	 => 189
 49 6 2 46 50 36	 => 189
 7 36 50 9 42 45	 => 189
 26 45 42 33 16 27	 => 189
 28 27 16 30 35 53	 => 189
 37 53 35 34 12 18	 => 189
 50 46 1 51 32 9	 => 189
 42 9 32 54 19 33	 => 189
 16 33 19 48 43 30	 => 189
 35 30 43 39 8 34	 => 189
 32 51 13 17 22 54	 => 189
 19 54 22 14 31 48	 => 188
 43 48 31 25 3 39	 => 189


===================[TEST 4]===================

##### START ##### Wed May 14 22:25:56 2003



##### CONVERGE ##### Wed May 14 22:28:03 2003

Elapsed time: 127 seconds
Total loop: 162 generations

Result : 186.158

3 9 46 54 29 48 4 28 47 34 10 38 49 11 1 36 41 12 43 23 33 20 30 45 7 26 6 27 53 25 15 44 31 24 51 42 5 16 2 32 50 37 18 52 19 40 13 21 14 35 8 39 22 17 

 3 9 46 54 29 48	 => 189
 4 48 29 28 47 34	 => 190
 10 34 47 38 49 11	 => 189
 46 1 36 41 12 54	 => 190
 29 54 12 43 23 28	 => 189
 47 28 23 33 20 38	 => 189
 49 38 20 30 45 7	 => 189
 36 26 6 27 53 41	 => 189
 12 41 53 25 15 43	 => 189
 23 43 15 44 31 33	 => 189
 20 33 31 24 51 30	 => 189
 45 30 51 42 5 16	 => 189
 53 27 2 32 50 25	 => 189
 15 25 50 37 18 44	 => 189
 31 44 18 52 19 24	 => 188
 51 24 19 40 13 42	 => 189
 50 32 21 14 35 37	 => 189
 18 37 35 8 39 52	 => 189
 19 52 39 22 17 40	 => 189


===================[TEST 5]===================

##### START ##### Wed May 14 22:28:03 2003



##### CONVERGE ##### Wed May 14 22:29:12 2003

Elapsed time: 69 seconds
Total loop: 87 generations

Result : 185.616

8 3 46 47 33 51 11 12 27 54 6 49 37 15 9 30 42 14 38 44 36 20 35 45 2 1 24 43 48 17 29 23 18 39 40 34 7 26 5 25 50 53 16 52 41 13 21 10 19 31 4 32 28 22 

 8 3 46 47 33 51	 => 188
 11 51 33 12 27 54	 => 188
 6 54 27 49 37 15	 => 188
 46 9 30 42 14 47	 => 188
 33 47 14 38 44 12	 => 188
 27 12 44 36 20 49	 => 188
 37 49 20 35 45 2	 => 188
 30 1 24 43 48 42	 => 188
 14 42 48 17 29 38	 => 188
 44 38 29 23 18 36	 => 188
 20 36 18 39 40 35	 => 188
 45 35 40 34 7 26	 => 187
 48 43 5 25 50 17	 => 188
 29 17 50 53 16 23	 => 188
 18 23 16 52 41 39	 => 189
 40 39 41 13 21 34	 => 188
 50 25 10 19 31 53	 => 188
 16 53 31 4 32 52	 => 188
 41 52 32 28 22 13	 => 188


===================[TEST 6]===================

##### START ##### Wed May 14 22:29:12 2003



##### CONVERGE ##### Wed May 14 22:30:23 2003

Elapsed time: 71 seconds
Total loop: 90 generations

Result : 187.85

14 17 29 53 51 26 20 7 46 40 4 44 45 11 8 25 54 21 23 35 43 15 39 42 5 3 18 52 38 24 30 32 27 19 47 37 12 13 9 33 34 48 22 41 49 36 2 10 16 50 1 28 31 6 

 14 17 29 53 51 26	 => 190
 20 26 51 7 46 40	 => 190
 4 40 46 44 45 11	 => 190
 29 8 25 54 21 53	 => 190
 51 53 21 23 35 7	 => 190
 46 7 35 43 15 44	 => 190
 45 44 15 39 42 5	 => 190
 25 3 18 52 38 54	 => 190
 21 54 38 24 30 23	 => 190
 35 23 30 32 27 43	 => 190
 15 43 27 19 47 39	 => 190
 42 39 47 37 12 13	 => 190
 38 52 9 33 34 24	 => 190
 30 24 34 48 22 32	 => 190
 27 32 22 41 49 19	 => 190
 47 19 49 36 2 37	 => 190
 34 33 10 16 50 48	 => 191
 22 48 50 1 28 41	 => 190
 49 41 28 31 6 36	 => 191


===================[TEST 7]===================

##### START ##### Wed May 14 22:30:23 2003



##### CONVERGE ##### Wed May 14 22:31:44 2003

Elapsed time: 81 seconds
Total loop: 103 generations

Result : 186.616

4 8 48 34 49 46 2 27 35 30 20 41 52 11 13 31 47 16 19 44 37 6 51 17 22 23 3 39 45 26 36 21 32 9 54 43 14 10 1 38 40 42 24 53 50 28 5 29 7 33 12 25 15 18 

 4 8 48 34 49 46	 => 189
 2 46 49 27 35 30	 => 189
 20 30 35 41 52 11	 => 189
 48 13 31 47 16 34	 => 189
 49 34 16 19 44 27	 => 189
 35 27 44 37 6 41	 => 190
 52 41 6 51 17 22	 => 189
 31 23 3 39 45 47	 => 188
 16 47 45 26 36 19	 => 189
 44 19 36 21 32 37	 => 189
 6 37 32 9 54 51	 => 189
 17 51 54 43 14 10	 => 189
 45 39 1 38 40 26	 => 189
 36 26 40 42 24 21	 => 189
 32 21 24 53 50 9	 => 189
 54 9 50 28 5 43	 => 189
 40 38 29 7 33 42	 => 189
 24 42 33 12 25 53	 => 189
 50 53 25 15 18 28	 => 189


===================[TEST 8]===================

##### START ##### Wed May 14 22:31:44 2003



##### CONVERGE ##### Wed May 14 22:33:42 2003

Elapsed time: 118 seconds
Total loop: 149 generations

Result : 187.616

26 5 23 54 29 53 1 22 51 34 6 41 40 18 17 31 52 13 44 28 33 15 42 49 3 14 11 35 47 16 19 36 30 27 43 32 20 4 8 39 45 50 24 25 48 38 2 10 9 37 7 46 12 21 

 26 5 23 54 29 53	 => 190
 1 53 29 22 51 34	 => 190
 6 34 51 41 40 18	 => 190
 23 17 31 52 13 54	 => 190
 29 54 13 44 28 22	 => 190
 51 22 28 33 15 41	 => 190
 40 41 15 42 49 3	 => 190
 31 14 11 35 47 52	 => 190
 13 52 47 16 19 44	 => 191
 28 44 19 36 30 33	 => 190
 15 33 30 27 43 42	 => 190
 49 42 43 32 20 4	 => 190
 47 35 8 39 45 16	 => 190
 19 16 45 50 24 36	 => 190
 30 36 24 25 48 27	 => 190
 43 27 48 38 2 32	 => 190
 45 39 10 9 37 50	 => 190
 24 50 37 7 46 25	 => 189
 48 25 46 12 21 38	 => 190


===================[TEST 9]===================

##### START ##### Wed May 14 22:33:42 2003



##### CONVERGE ##### Wed May 14 22:35:14 2003

Elapsed time: 92 seconds
Total loop: 117 generations

Result : 185.85

10 19 40 54 50 15 1 17 52 53 20 23 35 5 6 27 48 13 32 22 33 41 31 46 12 9 18 42 44 14 37 29 36 8 39 45 16 11 7 47 34 49 26 38 51 43 2 3 25 30 21 24 28 4 

 10 19 40 54 50 15	 => 188
 1 15 50 17 52 53	 => 188
 20 53 52 23 35 5	 => 188
 40 6 27 48 13 54	 => 188
 50 54 13 32 22 17	 => 188
 52 17 22 33 41 23	 => 188
 35 23 41 31 46 12	 => 188
 27 9 18 42 44 48	 => 188
 13 48 44 14 37 32	 => 188
 22 32 37 29 36 33	 => 189
 41 33 36 8 39 31	 => 188
 46 31 39 45 16 11	 => 188
 44 42 7 47 34 14	 => 188
 37 14 34 49 26 29	 => 189
 36 29 26 38 51 8	 => 188
 39 8 51 43 2 45	 => 188
 34 47 3 25 30 49	 => 188
 26 49 30 21 24 38	 => 188
 51 38 24 28 4 43	 => 188


===================[TEST 10]===================

##### START ##### Wed May 14 22:35:14 2003



##### CONVERGE ##### Wed May 14 22:36:27 2003

Elapsed time: 73 seconds
Total loop: 91 generations

Result : 187.794

20 3 40 52 39 36 7 16 47 46 22 44 26 6 1 42 31 25 35 24 37 23 45 38 15 19 18 27 54 17 29 33 32 13 41 43 14 9 8 34 51 49 12 48 53 30 10 2 5 50 4 28 21 11 

 20 3 40 52 39 36	 => 190
 7 36 39 16 47 46	 => 191
 22 46 47 44 26 6	 => 191
 40 1 42 31 25 52	 => 191
 39 52 25 35 24 16	 => 191
 47 16 24 37 23 44	 => 191
 26 44 23 45 38 15	 => 191
 42 19 18 27 54 31	 => 191
 25 31 54 17 29 35	 => 191
 24 35 29 33 32 37	 => 190
 23 37 32 13 41 45	 => 191
 38 45 41 43 14 9	 => 190
 54 27 8 34 51 17	 => 191
 29 17 51 49 12 33	 => 191
 32 33 12 48 53 13	 => 191
 41 13 53 30 10 43	 => 190
 51 34 2 5 50 49	 => 191
 12 49 50 4 28 48	 => 191
 53 48 28 21 11 30	 => 191



test#	fitness		sum		time
---------------------------------------------------
1	187.412				117
2	187.478				81
3	187.306				80
4	186.158				127
5	185.616				69
6	187.85				71
7	186.616				81
8	187.616				118
9	185.85				92
10	187.794				73


---------------------------------------------------
Best fitness      : 187.85 ( test# 6)
Shortest time     : 69 ( test# 5)

Average fitness   : 186.97
Average time      : 90.9
