****************** GA TEST *******************

total test#:			 10
hexa min width:			 3
hexa max width:			 5
hexa count:			 19
number count:			 54
population size:		 40
generation size:		 6

tournament winner p:		 1
do xover p:			 1
xover:				 2points
do mutation1 p:			 0.1
mutation1 p:			 0.05
do optimize p:			 1
local optimize count:		 6000
do deep better optimize p:	 1
do deep worse optimize p:	 0
do spin p:			 0
spin count:			 1000
do spin apply p:		 1
do mutation2 p:			 0.12
mutation2 p:			 0.08
force mutation2:		 0
replace bad p:			 0.195

converge rate p:		 0.99
converge count:			 1

**********************************************


===================[TEST 1]===================

##### START ##### Wed May 14 16:48:37 2003



##### CONVERGE ##### Wed May 14 16:49:27 2003

Elapsed time: 50 seconds
Total loop: 155 generations

Result : 184.616

13 18 50 45 38 23 28 3 46 49 8 25 39 20 6 37 40 9 44 48 22 43 35 34 10 17 21 19 53 29 12 36 26 14 47 32 24 15 4 30 52 42 16 54 41 51 2 27 5 31 11 33 1 7 

 13 18 50 45 38 23	 => 187
 28 23 38 3 46 49	 => 187
 8 49 46 25 39 20	 => 187
 50 6 37 40 9 45	 => 187
 38 45 9 44 48 3	 => 187
 46 3 48 22 43 25	 => 187
 39 25 43 35 34 10	 => 186
 37 17 21 19 53 40	 => 187
 9 40 53 29 12 44	 => 187
 48 44 12 36 26 22	 => 188
 43 22 26 14 47 35	 => 187
 34 35 47 32 24 15	 => 187
 53 19 4 30 52 29	 => 187
 12 29 52 42 16 36	 => 187
 26 36 16 54 41 14	 => 187
 47 14 41 51 2 32	 => 187
 52 30 27 5 31 42	 => 187
 16 42 31 11 33 54	 => 187
 41 54 33 1 7 51	 => 187


===================[TEST 2]===================

##### START ##### Wed May 14 16:49:27 2003



##### CONVERGE ##### Wed May 14 16:50:01 2003

Elapsed time: 34 seconds
Total loop: 106 generations

Result : 184.215

3 19 47 37 41 40 1 15 52 38 17 50 18 12 2 30 32 39 22 33 6 31 45 34 9 11 24 54 36 23 35 43 48 14 44 28 10 26 5 42 27 53 7 46 29 51 21 4 13 49 8 25 20 16 

 3 19 47 37 41 40	 => 187
 1 40 41 15 52 38	 => 187
 17 38 52 50 18 12	 => 187
 47 2 30 32 39 37	 => 187
 41 37 39 22 33 15	 => 187
 52 15 33 6 31 50	 => 187
 18 50 31 45 34 9	 => 187
 30 11 24 54 36 32	 => 187
 39 32 36 23 35 22	 => 187
 33 22 35 43 48 6	 => 187
 31 6 48 14 44 45	 => 188
 34 45 44 28 10 26	 => 187
 36 54 5 42 27 23	 => 187
 35 23 27 53 7 43	 => 188
 48 43 7 46 29 14	 => 187
 44 14 29 51 21 28	 => 187
 27 42 4 13 49 53	 => 188
 7 53 49 8 25 46	 => 188
 29 46 25 20 16 51	 => 187


===================[TEST 3]===================

##### START ##### Wed May 14 16:50:01 2003



##### CONVERGE ##### Wed May 14 16:50:53 2003

Elapsed time: 52 seconds
Total loop: 163 generations

Result : 186.501

16 17 48 27 46 36 2 30 42 34 11 51 45 7 9 43 44 19 31 37 22 8 47 21 18 4 6 41 52 10 33 26 40 23 50 29 15 28 1 32 53 54 14 38 49 35 3 13 12 25 20 39 24 5 

 16 17 48 27 46 36	 => 190
 2 36 46 30 42 34	 => 190
 11 34 42 51 45 7	 => 190
 48 9 43 44 19 27	 => 190
 46 27 19 31 37 30	 => 190
 42 30 37 22 8 51	 => 190
 45 51 8 47 21 18	 => 190
 43 4 6 41 52 44	 => 190
 19 44 52 10 33 31	 => 189
 37 31 33 26 40 22	 => 189
 8 22 40 23 50 47	 => 190
 21 47 50 29 15 28	 => 190
 52 41 1 32 53 10	 => 189
 33 10 53 54 14 26	 => 190
 40 26 14 38 49 23	 => 190
 50 23 49 35 3 29	 => 189
 53 32 13 12 25 54	 => 189
 14 54 25 20 39 38	 => 190
 49 38 39 24 5 35	 => 190


===================[TEST 4]===================

##### START ##### Wed May 14 16:50:53 2003



##### CONVERGE ##### Wed May 14 16:52:38 2003

Elapsed time: 105 seconds
Total loop: 329 generations

Result : 186.794

12 2 41 50 52 33 3 26 44 32 14 46 29 24 13 34 43 9 23 30 25 18 39 51 7 27 1 31 54 19 42 16 53 15 40 38 4 17 6 35 45 47 21 48 37 49 11 22 5 36 10 28 20 8 

 12 2 41 50 52 33	 => 190
 3 33 52 26 44 32	 => 190
 14 32 44 46 29 24	 => 189
 41 13 34 43 9 50	 => 190
 52 50 9 23 30 26	 => 190
 44 26 30 25 18 46	 => 189
 29 46 18 39 51 7	 => 190
 34 27 1 31 54 43	 => 190
 9 43 54 19 42 23	 => 190
 30 23 42 16 53 25	 => 189
 18 25 53 15 40 39	 => 190
 51 39 40 38 4 17	 => 189
 54 31 6 35 45 19	 => 190
 42 19 45 47 21 16	 => 190
 53 16 21 48 37 15	 => 190
 40 15 37 49 11 38	 => 190
 45 35 22 5 36 47	 => 190
 21 47 36 10 28 48	 => 190
 37 48 28 20 8 49	 => 190


===================[TEST 5]===================

##### START ##### Wed May 14 16:52:38 2003



##### CONVERGE ##### Wed May 14 16:53:38 2003

Elapsed time: 60 seconds
Total loop: 189 generations

Result : 185.613

17 27 38 33 40 34 10 20 49 36 7 50 29 18 13 42 39 24 31 41 11 19 52 32 6 23 4 46 35 16 43 37 25 28 54 30 12 9 3 45 44 48 1 51 47 22 8 5 26 21 15 53 2 14 

 17 27 38 33 40 34	 => 189
 10 34 40 20 49 36	 => 189
 7 36 49 50 29 18	 => 189
 38 13 42 39 24 33	 => 189
 40 33 24 31 41 20	 => 189
 49 20 41 11 19 50	 => 190
 29 50 19 52 32 6	 => 188
 42 23 4 46 35 39	 => 189
 24 39 35 16 43 31	 => 188
 41 31 43 37 25 11	 => 188
 19 11 25 28 54 52	 => 189
 32 52 54 30 12 9	 => 189
 35 46 3 45 44 16	 => 189
 43 16 44 48 1 37	 => 189
 25 37 1 51 47 28	 => 189
 54 28 47 22 8 30	 => 189
 44 45 5 26 21 48	 => 189
 1 48 21 15 53 51	 => 189
 47 51 53 2 14 22	 => 189


===================[TEST 6]===================

##### START ##### Wed May 14 16:53:39 2003



##### CONVERGE ##### Wed May 14 16:54:20 2003

Elapsed time: 41 seconds
Total loop: 131 generations

Result : 187.64

1 32 36 46 53 22 18 19 51 27 13 52 43 3 10 44 40 14 35 23 34 11 54 26 4 2 12 47 45 25 31 39 28 21 42 41 7 20 5 37 30 50 15 38 49 29 8 16 9 48 6 33 24 17 

 1 32 36 46 53 22	 => 190
 18 22 53 19 51 27	 => 190
 13 27 51 52 43 3	 => 189
 36 10 44 40 14 46	 => 190
 53 46 14 35 23 19	 => 190
 51 19 23 34 11 52	 => 190
 43 52 11 54 26 4	 => 190
 44 2 12 47 45 40	 => 190
 14 40 45 25 31 35	 => 190
 23 35 31 39 28 34	 => 190
 11 34 28 21 42 54	 => 190
 26 54 42 41 7 20	 => 190
 45 47 5 37 30 25	 => 189
 31 25 30 50 15 39	 => 190
 28 39 15 38 49 21	 => 190
 42 21 49 29 8 41	 => 190
 30 37 16 9 48 50	 => 190
 15 50 48 6 33 38	 => 190
 49 38 33 24 17 29	 => 190


===================[TEST 7]===================

##### START ##### Wed May 14 16:54:21 2003



##### CONVERGE ##### Wed May 14 16:55:15 2003

Elapsed time: 54 seconds
Total loop: 172 generations

Result : 186.64

2 14 35 50 49 39 4 17 46 34 19 38 30 21 1 45 43 15 40 18 44 26 25 48 22 13 12 24 52 10 29 16 42 20 32 47 31 6 7 41 54 53 27 33 51 36 3 8 5 28 11 37 9 23 

 2 14 35 50 49 39	 => 189
 4 39 49 17 46 34	 => 189
 19 34 46 38 30 21	 => 188
 35 1 45 43 15 50	 => 189
 49 50 15 40 18 17	 => 189
 46 17 18 44 26 38	 => 189
 30 38 26 25 48 22	 => 189
 45 13 12 24 52 43	 => 189
 15 43 52 10 29 40	 => 189
 18 40 29 16 42 44	 => 189
 26 44 42 20 32 25	 => 189
 48 25 32 47 31 6	 => 189
 52 24 7 41 54 10	 => 188
 29 10 54 53 27 16	 => 189
 42 16 27 33 51 20	 => 189
 32 20 51 36 3 47	 => 189
 54 41 8 5 28 53	 => 189
 27 53 28 11 37 33	 => 189
 51 33 37 9 23 36	 => 189


===================[TEST 8]===================

##### START ##### Wed May 14 16:55:16 2003



##### CONVERGE ##### Wed May 14 16:56:40 2003

Elapsed time: 84 seconds
Total loop: 263 generations

Result : 186.163

28 21 30 31 45 34 6 25 47 32 10 39 46 15 19 43 53 12 36 40 16 22 42 37 3 13 7 29 44 24 20 26 51 9 49 54 5 2 1 41 50 52 17 48 38 27 11 18 4 23 14 35 8 33 

 28 21 30 31 45 34	 => 189
 6 34 45 25 47 32	 => 189
 10 32 47 39 46 15	 => 189
 30 19 43 53 12 31	 => 188
 45 31 12 36 40 25	 => 189
 47 25 40 16 22 39	 => 189
 46 39 22 42 37 3	 => 189
 43 13 7 29 44 53	 => 189
 12 53 44 24 20 36	 => 189
 40 36 20 26 51 16	 => 189
 22 16 51 9 49 42	 => 189
 37 42 49 54 5 2	 => 189
 44 29 1 41 50 24	 => 189
 20 24 50 52 17 26	 => 189
 51 26 17 48 38 9	 => 189
 49 9 38 27 11 54	 => 188
 50 41 18 4 23 52	 => 188
 17 52 23 14 35 48	 => 189
 38 48 35 8 33 27	 => 189


===================[TEST 9]===================

##### START ##### Wed May 14 16:56:40 2003



##### CONVERGE ##### Wed May 14 16:57:28 2003

Elapsed time: 48 seconds
Total loop: 151 generations

Result : 186.163

19 8 51 30 53 28 7 15 52 33 11 40 37 16 2 43 41 22 35 34 47 1 50 42 18 17 14 20 54 26 10 39 24 29 38 32 23 4 13 31 45 48 21 27 49 36 5 9 12 44 3 46 25 6 

 19 8 51 30 53 28	 => 189
 7 28 53 15 52 33	 => 188
 11 33 52 40 37 16	 => 189
 51 2 43 41 22 30	 => 189
 53 30 22 35 34 15	 => 189
 52 15 34 47 1 40	 => 189
 37 40 1 50 42 18	 => 188
 43 17 14 20 54 41	 => 189
 22 41 54 26 10 35	 => 188
 34 35 10 39 24 47	 => 189
 1 47 24 29 38 50	 => 189
 42 50 38 32 23 4	 => 189
 54 20 13 31 45 26	 => 189
 10 26 45 48 21 39	 => 189
 24 39 21 27 49 29	 => 189
 38 29 49 36 5 32	 => 189
 45 31 9 12 44 48	 => 189
 21 48 44 3 46 27	 => 189
 49 27 46 25 6 36	 => 189


===================[TEST 10]===================

##### START ##### Wed May 14 16:57:28 2003



##### CONVERGE ##### Wed May 14 16:58:22 2003

Elapsed time: 54 seconds
Total loop: 164 generations

Result : 187.412

14 17 33 39 50 36 1 22 31 49 24 35 43 7 6 48 53 10 30 38 40 23 41 32 16 9 13 15 51 19 26 27 28 12 45 44 25 2 3 47 54 29 34 42 46 37 5 20 18 21 11 52 4 8 

 14 17 33 39 50 36	 => 189
 1 36 50 22 31 49	 => 189
 24 49 31 35 43 7	 => 189
 33 6 48 53 10 39	 => 189
 50 39 10 30 38 22	 => 189
 31 22 38 40 23 35	 => 189
 43 35 23 41 32 16	 => 190
 48 9 13 15 51 53	 => 189
 10 53 51 19 26 30	 => 189
 38 30 26 27 28 40	 => 189
 23 40 28 12 45 41	 => 189
 32 41 45 44 25 2	 => 189
 51 15 3 47 54 19	 => 189
 26 19 54 29 34 27	 => 189
 28 27 34 42 46 12	 => 189
 45 12 46 37 5 44	 => 189
 54 47 20 18 21 29	 => 189
 34 29 21 11 52 42	 => 189
 46 42 52 4 8 37	 => 189



test#	fitness		sum		time
---------------------------------------------------
1	184.616				50
2	184.215				34
3	186.501				52
4	186.794				105
5	185.613				60
6	187.64				41
7	186.64				54
8	186.163				84
9	186.163				48
10	187.412				54


---------------------------------------------------
Best fitness      : 187.64 ( test# 6)
Shortest time     : 34 ( test# 2)

Average fitness   : 186.175
Average time      : 58.2
