****************** GA TEST *******************

total test#:			 10
hexa min width:			 3
hexa max width:			 5
hexa count:			 19
number count:			 54
population size:		 50
generation size:		 12

tournament winner p:		 1
do xover p:			 1
xover:				 2points
do mutation1 p:			 0.1
mutation1 p:			 0.05
do optimize p:			 1
local optimize count:		 6000
do deep better optimize p:	 1
do deep worse optimize p:	 0
do spin p:			 0
spin count:			 1000
do spin apply p:		 1
do mutation2 p:			 0.12
mutation2 p:			 0.08
force mutation2:		 0
replace bad p:			 0.195

converge rate p:		 0.99
converge count:			 1

**********************************************


===================[TEST 1]===================

##### START ##### Wed May 14 19:31:33 2003



##### CONVERGE ##### Wed May 14 19:33:14 2003

Elapsed time: 101 seconds
Total loop: 155 generations

Result : 187.163

4 9 32 48 45 51 7 13 50 24 1 49 54 12 6 40 37 27 28 29 23 26 41 18 2 21 14 31 46 22 30 42 38 10 52 43 25 11 8 39 44 35 17 47 36 34 15 20 19 33 5 53 16 3 

 4 9 32 48 45 51	 => 189
 7 51 45 13 50 24	 => 190
 1 24 50 49 54 12	 => 190
 32 6 40 37 27 48	 => 190
 45 48 27 28 29 13	 => 190
 50 13 29 23 26 49	 => 190
 54 49 26 41 18 2	 => 190
 40 21 14 31 46 37	 => 189
 27 37 46 22 30 28	 => 190
 29 28 30 42 38 23	 => 190
 26 23 38 10 52 41	 => 190
 18 41 52 43 25 11	 => 190
 46 31 8 39 44 22	 => 190
 30 22 44 35 17 42	 => 190
 38 42 17 47 36 10	 => 190
 52 10 36 34 15 43	 => 190
 44 39 20 19 33 35	 => 190
 17 35 33 5 53 47	 => 190
 36 47 53 16 3 34	 => 189


===================[TEST 2]===================

##### START ##### Wed May 14 19:33:14 2003



##### CONVERGE ##### Wed May 14 19:35:10 2003

Elapsed time: 116 seconds
Total loop: 171 generations

Result : 188.412

5 14 42 41 51 38 4 23 46 28 31 48 36 1 2 50 34 21 25 29 26 18 49 30 9 3 10 39 54 24 32 33 45 15 37 43 12 19 11 27 35 53 13 44 40 47 8 7 16 52 6 22 20 17 

 5 14 42 41 51 38	 => 191
 4 38 51 23 46 28	 => 190
 31 28 46 48 36 1	 => 190
 42 2 50 34 21 41	 => 190
 51 41 21 25 29 23	 => 190
 46 23 29 26 18 48	 => 190
 36 48 18 49 30 9	 => 190
 50 3 10 39 54 34	 => 190
 21 34 54 24 32 25	 => 190
 29 25 32 33 45 26	 => 190
 18 26 45 15 37 49	 => 190
 30 49 37 43 12 19	 => 190
 54 39 11 27 35 24	 => 190
 32 24 35 53 13 33	 => 190
 45 33 13 44 40 15	 => 190
 37 15 40 47 8 43	 => 190
 35 27 7 16 52 53	 => 190
 13 53 52 6 22 44	 => 190
 40 44 22 20 17 47	 => 190


===================[TEST 3]===================

##### START ##### Wed May 14 19:35:11 2003



##### CONVERGE ##### Wed May 14 19:37:16 2003

Elapsed time: 125 seconds
Total loop: 126 generations

Result : 187.215

11 6 44 46 43 40 27 9 42 30 25 53 38 2 4 32 48 16 35 41 33 12 51 22 15 23 1 34 52 13 26 31 24 21 49 39 10 20 8 29 54 47 19 45 50 28 3 18 5 37 7 36 14 17 

 11 6 44 46 43 40	 => 190
 27 40 43 9 42 30	 => 191
 25 30 42 53 38 2	 => 190
 44 4 32 48 16 46	 => 190
 43 46 16 35 41 9	 => 190
 42 9 41 33 12 53	 => 190
 38 53 12 51 22 15	 => 191
 32 23 1 34 52 48	 => 190
 16 48 52 13 26 35	 => 190
 41 35 26 31 24 33	 => 190
 12 33 24 21 49 51	 => 190
 22 51 49 39 10 20	 => 191
 52 34 8 29 54 13	 => 190
 26 13 54 47 19 31	 => 190
 24 31 19 45 50 21	 => 190
 49 21 50 28 3 39	 => 190
 54 29 18 5 37 47	 => 190
 19 47 37 7 36 45	 => 191
 50 45 36 14 17 28	 => 190


===================[TEST 4]===================

##### START ##### Wed May 14 19:37:16 2003



##### CONVERGE ##### Wed May 14 19:40:12 2003

Elapsed time: 176 seconds
Total loop: 181 generations

Result : 187.478

2 14 40 43 54 37 4 9 51 35 23 47 31 3 11 38 52 6 46 32 33 18 53 28 13 8 15 34 44 16 26 36 17 19 50 27 12 21 25 30 41 48 24 49 45 42 7 22 20 29 1 39 5 10 

 2 14 40 43 54 37	 => 190
 4 37 54 9 51 35	 => 190
 23 35 51 47 31 3	 => 190
 40 11 38 52 6 43	 => 190
 54 43 6 46 32 9	 => 190
 51 9 32 33 18 47	 => 190
 31 47 18 53 28 13	 => 190
 38 8 15 34 44 52	 => 191
 6 52 44 16 26 46	 => 190
 32 46 26 36 17 33	 => 190
 18 33 17 19 50 53	 => 190
 28 53 50 27 12 21	 => 191
 44 34 25 30 41 16	 => 190
 26 16 41 48 24 36	 => 191
 17 36 24 49 45 19	 => 190
 50 19 45 42 7 27	 => 190
 41 30 22 20 29 48	 => 190
 24 48 29 1 39 49	 => 190
 45 49 39 5 10 42	 => 190


===================[TEST 5]===================

##### START ##### Wed May 14 19:40:13 2003



##### CONVERGE ##### Wed May 14 19:41:38 2003

Elapsed time: 85 seconds
Total loop: 114 generations

Result : 185.85

9 7 43 45 53 31 26 10 44 24 12 37 39 32 5 21 47 27 15 38 25 34 28 30 20 6 16 48 50 3 46 29 35 14 52 41 18 19 1 33 54 40 17 42 51 22 8 2 23 36 4 49 13 11 

 9 7 43 45 53 31	 => 188
 26 31 53 10 44 24	 => 188
 12 24 44 37 39 32	 => 188
 43 5 21 47 27 45	 => 188
 53 45 27 15 38 10	 => 188
 44 10 38 25 34 37	 => 188
 39 37 34 28 30 20	 => 188
 21 6 16 48 50 47	 => 188
 27 47 50 3 46 15	 => 188
 38 15 46 29 35 25	 => 188
 34 25 35 14 52 28	 => 188
 30 28 52 41 18 19	 => 188
 50 48 1 33 54 3	 => 189
 46 3 54 40 17 29	 => 189
 35 29 17 42 51 14	 => 188
 52 14 51 22 8 41	 => 188
 54 33 2 23 36 40	 => 188
 17 40 36 4 49 42	 => 188
 51 42 49 13 11 22	 => 188


===================[TEST 6]===================

##### START ##### Wed May 14 19:41:38 2003



##### CONVERGE ##### Wed May 14 19:43:10 2003

Elapsed time: 92 seconds
Total loop: 145 generations

Result : 187.478

8 10 39 52 51 30 3 11 54 42 2 45 35 12 18 27 48 6 37 33 29 19 41 36 15 16 23 26 50 9 40 17 34 24 43 31 25 14 20 32 53 49 22 46 47 44 1 13 5 38 7 28 21 4 

 8 10 39 52 51 30	 => 190
 3 30 51 11 54 42	 => 191
 2 42 54 45 35 12	 => 190
 39 18 27 48 6 52	 => 190
 51 52 6 37 33 11	 => 190
 54 11 33 29 19 45	 => 191
 35 45 19 41 36 15	 => 191
 27 16 23 26 50 48	 => 190
 6 48 50 9 40 37	 => 190
 33 37 40 17 34 29	 => 190
 19 29 34 24 43 41	 => 190
 36 41 43 31 25 14	 => 190
 50 26 20 32 53 9	 => 190
 40 9 53 49 22 17	 => 190
 34 17 22 46 47 24	 => 190
 43 24 47 44 1 31	 => 190
 53 32 13 5 38 49	 => 190
 22 49 38 7 28 46	 => 190
 47 46 28 21 4 44	 => 190


===================[TEST 7]===================

##### START ##### Wed May 14 19:43:11 2003



##### CONVERGE ##### Wed May 14 19:45:07 2003

Elapsed time: 116 seconds
Total loop: 180 generations

Result : 187.306

25 12 20 48 54 30 11 5 44 45 2 34 43 21 4 47 41 29 17 36 46 24 32 49 7 8 9 33 51 16 35 28 27 22 38 26 13 31 10 40 39 53 18 42 52 37 14 6 1 50 3 23 19 15 

 25 12 20 48 54 30	 => 189
 11 30 54 5 44 45	 => 189
 2 45 44 34 43 21	 => 189
 20 4 47 41 29 48	 => 189
 54 48 29 17 36 5	 => 189
 44 5 36 46 24 34	 => 189
 43 34 24 32 49 7	 => 189
 47 8 9 33 51 41	 => 189
 29 41 51 16 35 17	 => 189
 36 17 35 28 27 46	 => 189
 24 46 27 22 38 32	 => 189
 49 32 38 26 13 31	 => 189
 51 33 10 40 39 16	 => 189
 35 16 39 53 18 28	 => 189
 27 28 18 42 52 22	 => 189
 38 22 52 37 14 26	 => 189
 39 40 6 1 50 53	 => 189
 18 53 50 3 23 42	 => 189
 52 42 23 19 15 37	 => 188


===================[TEST 8]===================

##### START ##### Wed May 14 19:45:07 2003



##### CONVERGE ##### Wed May 14 19:46:01 2003

Elapsed time: 54 seconds
Total loop: 85 generations

Result : 186.616

19 14 50 41 45 20 8 30 34 52 21 47 31 4 2 33 38 25 13 35 26 17 39 48 6 27 12 28 51 9 54 29 32 22 53 24 18 7 11 44 46 36 15 42 49 40 1 23 3 37 16 43 10 5 

 19 14 50 41 45 20	 => 189
 8 20 45 30 34 52	 => 189
 21 52 34 47 31 4	 => 189
 50 2 33 38 25 41	 => 189
 45 41 25 13 35 30	 => 189
 34 30 35 26 17 47	 => 189
 31 47 17 39 48 6	 => 188
 33 27 12 28 51 38	 => 189
 25 38 51 9 54 13	 => 190
 35 13 54 29 32 26	 => 189
 17 26 32 22 53 39	 => 189
 48 39 53 24 18 7	 => 189
 51 28 11 44 46 9	 => 189
 54 9 46 36 15 29	 => 189
 32 29 15 42 49 22	 => 189
 53 22 49 40 1 24	 => 189
 46 44 23 3 37 36	 => 189
 15 36 37 16 43 42	 => 189
 49 42 43 10 5 40	 => 189


===================[TEST 9]===================

##### START ##### Wed May 14 19:46:01 2003



##### CONVERGE ##### Wed May 14 19:47:32 2003

Elapsed time: 91 seconds
Total loop: 143 generations

Result : 186.616

13 3 33 53 41 46 11 5 34 51 20 47 36 1 2 28 52 21 25 44 40 19 35 45 7 12 23 24 50 27 14 29 37 15 43 32 26 8 4 30 54 48 17 49 42 39 18 9 10 38 16 22 31 6 

 13 3 33 53 41 46	 => 189
 11 46 41 5 34 51	 => 188
 20 51 34 47 36 1	 => 189
 33 2 28 52 21 53	 => 189
 41 53 21 25 44 5	 => 189
 34 5 44 40 19 47	 => 189
 36 47 19 35 45 7	 => 189
 28 12 23 24 50 52	 => 189
 21 52 50 27 14 25	 => 189
 44 25 14 29 37 40	 => 189
 19 40 37 15 43 35	 => 189
 45 35 43 32 26 8	 => 189
 50 24 4 30 54 27	 => 189
 14 27 54 48 17 29	 => 189
 37 29 17 49 42 15	 => 189
 43 15 42 39 18 32	 => 189
 54 30 9 10 38 48	 => 189
 17 48 38 16 22 49	 => 190
 42 49 22 31 6 39	 => 189


===================[TEST 10]===================

##### START ##### Wed May 14 19:47:32 2003



##### CONVERGE ##### Wed May 14 19:48:28 2003

Elapsed time: 56 seconds
Total loop: 88 generations

Result : 185.501

8 4 28 54 42 53 1 20 50 23 13 48 41 14 5 45 49 7 38 27 33 11 39 47 3 2 37 16 40 25 30 36 24 29 52 26 15 10 18 43 46 35 17 51 32 44 6 22 12 31 21 34 19 9 

 8 4 28 54 42 53	 => 189
 1 53 42 20 50 23	 => 189
 13 23 50 48 41 14	 => 189
 28 5 45 49 7 54	 => 188
 42 54 7 38 27 20	 => 188
 50 20 27 33 11 48	 => 189
 41 48 11 39 47 3	 => 189
 45 2 37 16 40 49	 => 189
 7 49 40 25 30 38	 => 189
 27 38 30 36 24 33	 => 188
 11 33 24 29 52 39	 => 188
 47 39 52 26 15 10	 => 189
 40 16 18 43 46 25	 => 188
 30 25 46 35 17 36	 => 189
 24 36 17 51 32 29	 => 189
 52 29 32 44 6 26	 => 189
 46 43 22 12 31 35	 => 189
 17 35 31 21 34 51	 => 189
 32 51 34 19 9 44	 => 189



test#	fitness		sum		time
---------------------------------------------------
1	187.163				101
2	188.412				116
3	187.215				125
4	187.478				176
5	185.85				85
6	187.478				92
7	187.306				116
8	186.616				54
9	186.616				91
10	185.501				56


---------------------------------------------------
Best fitness      : 188.412 ( test# 2)
Shortest time     : 54 ( test# 8)

Average fitness   : 186.963
Average time      : 101.2
