****************** GA TEST *******************

total test#:			 10
hexa min width:			 3
hexa max width:			 5
hexa count:			 19
number count:			 54
population size:		 100
generation size:		 12

tournament winner p:		 1
do xover p:			 1
xover:				 2points
do mutation1 p:			 0.1
mutation1 p:			 0.05
do optimize p:			 1
local optimize count:		 6000
do deep better optimize p:	 1
do deep worse optimize p:	 0
do spin p:			 0
spin count:			 1000
do spin apply p:		 1
do mutation2 p:			 0.12
mutation2 p:			 0.08
force mutation2:		 0
replace bad p:			 0.195

converge rate p:		 0.99
converge count:			 1

**********************************************


===================[TEST 1]===================

##### START ##### Wed May 14 21:25:07 2003



##### CONVERGE ##### Wed May 14 21:28:52 2003

Elapsed time: 225 seconds
Total loop: 353 generations

Result : 187.616

20 8 28 53 48 33 6 12 52 39 2 42 50 5 1 30 54 24 29 23 47 14 45 35 4 15 10 41 40 17 26 38 27 11 46 25 18 22 19 36 37 51 21 44 49 43 16 3 32 31 9 34 7 13 

 20 8 28 53 48 33	 => 190
 6 33 48 12 52 39	 => 190
 2 39 52 42 50 5	 => 190
 28 1 30 54 24 53	 => 190
 48 53 24 29 23 12	 => 189
 52 12 23 47 14 42	 => 190
 50 42 14 45 35 4	 => 190
 30 15 10 41 40 54	 => 190
 24 54 40 17 26 29	 => 190
 23 29 26 38 27 47	 => 190
 14 47 27 11 46 45	 => 190
 35 45 46 25 18 22	 => 191
 40 41 19 36 37 17	 => 190
 26 17 37 51 21 38	 => 190
 27 38 21 44 49 11	 => 190
 46 11 49 43 16 25	 => 190
 37 36 3 32 31 51	 => 190
 21 51 31 9 34 44	 => 190
 49 44 34 7 13 43	 => 190


===================[TEST 2]===================

##### START ##### Wed May 14 21:28:52 2003



##### CONVERGE ##### Wed May 14 21:32:26 2003

Elapsed time: 214 seconds
Total loop: 333 generations

Result : 187.64

9 18 25 45 42 50 12 14 48 24 10 38 53 17 3 39 47 31 23 35 33 22 41 30 6 27 5 28 44 19 26 36 37 8 49 51 4 15 13 32 54 34 20 43 46 29 7 16 2 52 1 40 21 11 

 9 18 25 45 42 50	 => 189
 12 50 42 14 48 24	 => 190
 10 24 48 38 53 17	 => 190
 25 3 39 47 31 45	 => 190
 42 45 31 23 35 14	 => 190
 48 14 35 33 22 38	 => 190
 53 38 22 41 30 6	 => 190
 39 27 5 28 44 47	 => 190
 31 47 44 19 26 23	 => 190
 35 23 26 36 37 33	 => 190
 22 33 37 8 49 41	 => 190
 30 41 49 51 4 15	 => 190
 44 28 13 32 54 19	 => 190
 26 19 54 34 20 36	 => 189
 37 36 20 43 46 8	 => 190
 49 8 46 29 7 51	 => 190
 54 32 16 2 52 34	 => 190
 20 34 52 1 40 43	 => 190
 46 43 40 21 11 29	 => 190


===================[TEST 3]===================

##### START ##### Wed May 14 21:32:26 2003



##### CONVERGE ##### Wed May 14 21:36:20 2003

Elapsed time: 234 seconds
Total loop: 363 generations

Result : 187.087

1 20 38 53 35 44 6 17 46 42 10 47 27 18 7 37 52 3 51 32 26 23 40 39 15 9 12 36 45 19 21 31 29 25 48 28 13 22 8 33 50 54 16 41 49 30 11 5 14 34 2 43 4 24 

 1 20 38 53 35 44	 => 191
 6 44 35 17 46 42	 => 190
 10 42 46 47 27 18	 => 190
 38 7 37 52 3 53	 => 190
 35 53 3 51 32 17	 => 191
 46 17 32 26 23 47	 => 191
 27 47 23 40 39 15	 => 191
 37 9 12 36 45 52	 => 191
 3 52 45 19 21 51	 => 191
 32 51 21 31 29 26	 => 190
 23 26 29 25 48 40	 => 191
 39 40 48 28 13 22	 => 190
 45 36 8 33 50 19	 => 191
 21 19 50 54 16 31	 => 191
 29 31 16 41 49 25	 => 191
 48 25 49 30 11 28	 => 191
 50 33 5 14 34 54	 => 190
 16 54 34 2 43 41	 => 190
 49 41 43 4 24 30	 => 191


===================[TEST 4]===================

##### START ##### Wed May 14 21:36:20 2003



##### CONVERGE ##### Wed May 14 21:38:15 2003

Elapsed time: 115 seconds
Total loop: 178 generations

Result : 185.794

5 9 41 53 36 45 3 15 51 38 20 44 35 1 2 29 52 12 27 46 25 8 54 37 10 18 31 16 42 26 30 39 22 33 47 24 21 6 23 32 50 40 4 48 43 28 14 7 11 49 13 34 19 17 

 5 9 41 53 36 45	 => 189
 3 45 36 15 51 38	 => 188
 20 38 51 44 35 1	 => 189
 41 2 29 52 12 53	 => 189
 36 53 12 27 46 15	 => 189
 51 15 46 25 8 44	 => 189
 35 44 8 54 37 10	 => 188
 29 18 31 16 42 52	 => 188
 12 52 42 26 30 27	 => 189
 46 27 30 39 22 25	 => 189
 8 25 22 33 47 54	 => 189
 37 54 47 24 21 6	 => 189
 42 16 23 32 50 26	 => 189
 30 26 50 40 4 39	 => 189
 22 39 4 48 43 33	 => 189
 47 33 43 28 14 24	 => 189
 50 32 7 11 49 40	 => 189
 4 40 49 13 34 48	 => 188
 43 48 34 19 17 28	 => 189


===================[TEST 5]===================

##### START ##### Wed May 14 21:38:15 2003



##### CONVERGE ##### Wed May 14 21:41:45 2003

Elapsed time: 210 seconds
Total loop: 227 generations

Result : 186.163

13 2 44 51 46 33 3 30 54 23 5 52 35 20 12 26 39 16 29 17 25 11 45 24 22 8 14 53 48 7 49 27 42 19 47 37 4 32 9 34 38 50 18 43 40 31 15 21 10 36 1 41 28 6 

 13 2 44 51 46 33	 => 189
 3 33 46 30 54 23	 => 189
 5 23 54 52 35 20	 => 189
 44 12 26 39 16 51	 => 188
 46 51 16 29 17 30	 => 189
 54 30 17 25 11 52	 => 189
 35 52 11 45 24 22	 => 189
 26 8 14 53 48 39	 => 188
 16 39 48 7 49 29	 => 188
 17 29 49 27 42 25	 => 189
 11 25 42 19 47 45	 => 189
 24 45 47 37 4 32	 => 189
 48 53 9 34 38 7	 => 189
 49 7 38 50 18 27	 => 189
 42 27 18 43 40 19	 => 189
 47 19 40 31 15 37	 => 189
 38 34 21 10 36 50	 => 189
 18 50 36 1 41 43	 => 189
 40 43 41 28 6 31	 => 189


===================[TEST 6]===================

##### START ##### Wed May 14 21:41:45 2003



##### CONVERGE ##### Wed May 14 21:45:04 2003

Elapsed time: 199 seconds
Total loop: 298 generations

Result : 187.163

10 19 34 38 54 35 3 26 44 28 1 53 47 17 6 37 52 23 27 22 41 4 51 30 5 12 9 40 39 25 24 33 43 15 36 50 2 20 7 31 48 42 18 49 32 46 11 16 8 45 14 21 29 13 

 10 19 34 38 54 35	 => 190
 3 35 54 26 44 28	 => 190
 1 28 44 53 47 17	 => 190
 34 6 37 52 23 38	 => 190
 54 38 23 27 22 26	 => 190
 44 26 22 41 4 53	 => 190
 47 53 4 51 30 5	 => 190
 37 12 9 40 39 52	 => 189
 23 52 39 25 24 27	 => 190
 22 27 24 33 43 41	 => 190
 4 41 43 15 36 51	 => 190
 30 51 36 50 2 20	 => 189
 39 40 7 31 48 25	 => 190
 24 25 48 42 18 33	 => 190
 43 33 18 49 32 15	 => 190
 36 15 32 46 11 50	 => 190
 48 31 16 8 45 42	 => 190
 18 42 45 14 21 49	 => 189
 32 49 21 29 13 46	 => 190


===================[TEST 7]===================

##### START ##### Wed May 14 21:45:04 2003



##### CONVERGE ##### Wed May 14 21:49:02 2003

Elapsed time: 238 seconds
Total loop: 376 generations

Result : 188.412

7 11 30 53 54 35 9 13 46 33 14 51 31 15 12 28 50 18 20 32 47 1 52 36 19 5 29 38 40 23 39 27 25 24 41 48 10 3 2 45 42 37 22 49 43 26 8 16 6 44 4 34 21 17 

 7 11 30 53 54 35	 => 190
 9 35 54 13 46 33	 => 190
 14 33 46 51 31 15	 => 190
 30 12 28 50 18 53	 => 191
 54 53 18 20 32 13	 => 190
 46 13 32 47 1 51	 => 190
 31 51 1 52 36 19	 => 190
 28 5 29 38 40 50	 => 190
 18 50 40 23 39 20	 => 190
 32 20 39 27 25 47	 => 190
 1 47 25 24 41 52	 => 190
 36 52 41 48 10 3	 => 190
 40 38 2 45 42 23	 => 190
 39 23 42 37 22 27	 => 190
 25 27 22 49 43 24	 => 190
 41 24 43 26 8 48	 => 190
 42 45 16 6 44 37	 => 190
 22 37 44 4 34 49	 => 190
 43 49 34 21 17 26	 => 190


===================[TEST 8]===================

##### START ##### Wed May 14 21:49:02 2003



##### CONVERGE ##### Wed May 14 21:51:37 2003

Elapsed time: 155 seconds
Total loop: 244 generations

Result : 187.85

1 9 38 36 54 52 5 8 50 21 23 37 46 13 2 49 43 22 27 44 35 16 51 30 10 3 19 34 42 24 33 20 31 12 45 41 6 17 4 39 47 40 26 53 48 29 15 14 18 32 11 28 25 7 

 1 9 38 36 54 52	 => 190
 5 52 54 8 50 21	 => 190
 23 21 50 37 46 13	 => 190
 38 2 49 43 22 36	 => 190
 54 36 22 27 44 8	 => 191
 50 8 44 35 16 37	 => 190
 46 37 16 51 30 10	 => 190
 49 3 19 34 42 43	 => 190
 22 43 42 24 33 27	 => 191
 44 27 33 20 31 35	 => 190
 16 35 31 12 45 51	 => 190
 30 51 45 41 6 17	 => 190
 42 34 4 39 47 24	 => 190
 33 24 47 40 26 20	 => 190
 31 20 26 53 48 12	 => 190
 45 12 48 29 15 41	 => 190
 47 39 14 18 32 40	 => 190
 26 40 32 11 28 53	 => 190
 48 53 28 25 7 29	 => 190


===================[TEST 9]===================

##### START ##### Wed May 14 21:51:37 2003



##### CONVERGE ##### Wed May 14 21:55:03 2003

Elapsed time: 206 seconds
Total loop: 327 generations

Result : 187.478

8 25 46 35 49 27 3 10 48 53 2 40 33 15 1 50 42 17 38 41 31 20 52 29 16 7 4 43 44 26 23 36 22 14 51 34 11 13 6 32 39 47 19 45 54 28 9 18 24 30 12 37 21 5 

 8 25 46 35 49 27	 => 190
 3 27 49 10 48 53	 => 190
 2 53 48 40 33 15	 => 191
 46 1 50 42 17 35	 => 191
 49 35 17 38 41 10	 => 190
 48 10 41 31 20 40	 => 190
 33 40 20 52 29 16	 => 190
 50 7 4 43 44 42	 => 190
 17 42 44 26 23 38	 => 190
 41 38 23 36 22 31	 => 191
 20 31 22 14 51 52	 => 190
 29 52 51 34 11 13	 => 190
 44 43 6 32 39 26	 => 190
 23 26 39 47 19 36	 => 190
 22 36 19 45 54 14	 => 190
 51 14 54 28 9 34	 => 190
 39 32 18 24 30 47	 => 190
 19 47 30 12 37 45	 => 190
 54 45 37 21 5 28	 => 190


===================[TEST 10]===================

##### START ##### Wed May 14 21:55:03 2003



##### CONVERGE ##### Wed May 14 21:57:38 2003

Elapsed time: 155 seconds
Total loop: 246 generations

Result (Solution) : 190

2 14 30 54 41 49 7 26 48 19 9 38 52 24 1 50 45 10 37 22 33 23 35 31 11 15 5 29 46 25 27 39 32 20 47 40 16 21 12 34 44 51 4 53 42 28 13 17 8 36 3 43 18 6 

 2 14 30 54 41 49	 => 190
 7 49 41 26 48 19	 => 190
 9 19 48 38 52 24	 => 190
 30 1 50 45 10 54	 => 190
 41 54 10 37 22 26	 => 190
 48 26 22 33 23 38	 => 190
 52 38 23 35 31 11	 => 190
 50 15 5 29 46 45	 => 190
 10 45 46 25 27 37	 => 190
 22 37 27 39 32 33	 => 190
 23 33 32 20 47 35	 => 190
 31 35 47 40 16 21	 => 190
 46 29 12 34 44 25	 => 190
 27 25 44 51 4 39	 => 190
 32 39 4 53 42 20	 => 190
 47 20 42 28 13 40	 => 190
 44 34 17 8 36 51	 => 190
 4 51 36 3 43 53	 => 190
 42 53 43 18 6 28	 => 190



test#	fitness		sum		time
---------------------------------------------------
1	187.616				225
2	187.64				214
3	187.087				234
4	185.794				115
5	186.163				210
6	187.163				199
7	188.412				238
8	187.85				155
9	187.478				206
10	190		190		155


---------------------------------------------------
Best fitness      : 190 ( test# 10)
Best solution sum : 190 ( test# 10)
Shortest time     : 115 ( test# 4)

Average fitness   : 187.52
Average sol. sum  : 190
Average time      : 195.1
