****************** GA TEST *******************

total test#:			 10
hexa min width:			 3
hexa max width:			 5
hexa count:			 19
number count:			 54
population size:		 70
generation size:		 6

tournament winner p:		 1
do xover p:			 1
xover:				 2points
do mutation1 p:			 0.1
mutation1 p:			 0.05
do optimize p:			 1
local optimize count:		 6000
do deep better optimize p:	 1
do deep worse optimize p:	 0
do spin p:			 0
spin count:			 1000
do spin apply p:		 1
do mutation2 p:			 0.12
mutation2 p:			 0.08
force mutation2:		 0
replace bad p:			 0.195

converge rate p:		 0.99
converge count:			 1

**********************************************


===================[TEST 1]===================

##### START ##### Wed May 14 17:25:50 2003



##### CONVERGE ##### Wed May 14 17:27:24 2003

Elapsed time: 94 seconds
Total loop: 292 generations

Result : 187.215

2 18 29 39 53 49 7 3 52 26 19 51 33 9 11 48 47 16 35 45 22 17 50 27 12 5 10 43 37 25 30 24 34 23 44 40 28 1 8 41 36 54 21 46 42 38 4 14 15 31 6 32 20 13 

 2 18 29 39 53 49	 => 190
 7 49 53 3 52 26	 => 190
 19 26 52 51 33 9	 => 190
 29 11 48 47 16 39	 => 190
 53 39 16 35 45 3	 => 191
 52 3 45 22 17 51	 => 190
 33 51 17 50 27 12	 => 190
 48 5 10 43 37 47	 => 190
 16 47 37 25 30 35	 => 190
 45 35 30 24 34 22	 => 190
 17 22 34 23 44 50	 => 190
 27 50 44 40 28 1	 => 190
 37 43 8 41 36 25	 => 190
 30 25 36 54 21 24	 => 190
 34 24 21 46 42 23	 => 190
 44 23 42 38 4 40	 => 191
 36 41 14 15 31 54	 => 191
 21 54 31 6 32 46	 => 190
 42 46 32 20 13 38	 => 191


===================[TEST 2]===================

##### START ##### Wed May 14 17:27:24 2003



##### CONVERGE ##### Wed May 14 17:28:48 2003

Elapsed time: 84 seconds
Total loop: 261 generations

Result : 187.412

12 19 30 53 50 25 2 16 51 45 26 41 24 3 8 54 31 13 43 14 32 35 38 36 15 6 4 42 52 21 29 44 27 20 37 48 7 23 1 34 39 47 9 49 40 33 11 5 18 46 10 28 22 17 

 12 19 30 53 50 25	 => 189
 2 25 50 16 51 45	 => 189
 26 45 51 41 24 3	 => 190
 30 8 54 31 13 53	 => 189
 50 53 13 43 14 16	 => 189
 51 16 14 32 35 41	 => 189
 24 41 35 38 36 15	 => 189
 54 6 4 42 52 31	 => 189
 13 31 52 21 29 43	 => 189
 14 43 29 44 27 32	 => 189
 35 32 27 20 37 38	 => 189
 36 38 37 48 7 23	 => 189
 52 42 1 34 39 21	 => 189
 29 21 39 47 9 44	 => 189
 27 44 9 49 40 20	 => 189
 37 20 40 33 11 48	 => 189
 39 34 5 18 46 47	 => 189
 9 47 46 10 28 49	 => 189
 40 49 28 22 17 33	 => 189


===================[TEST 3]===================

##### START ##### Wed May 14 17:28:48 2003



##### CONVERGE ##### Wed May 14 17:30:47 2003

Elapsed time: 119 seconds
Total loop: 371 generations

Result : 186.501

11 12 19 43 53 52 1 10 49 25 7 45 36 27 13 54 32 29 24 31 37 18 39 48 3 5 26 23 50 21 34 33 30 22 44 41 16 2 15 38 42 46 14 40 51 28 4 9 20 35 8 47 17 6 

 11 12 19 43 53 52	 => 190
 1 52 53 10 49 25	 => 190
 7 25 49 45 36 27	 => 189
 19 13 54 32 29 43	 => 190
 53 43 29 24 31 10	 => 190
 49 10 31 37 18 45	 => 190
 36 45 18 39 48 3	 => 189
 54 5 26 23 50 32	 => 190
 29 32 50 21 34 24	 => 190
 31 24 34 33 30 37	 => 189
 18 37 30 22 44 39	 => 190
 48 39 44 41 16 2	 => 190
 50 23 15 38 42 21	 => 189
 34 21 42 46 14 33	 => 190
 30 33 14 40 51 22	 => 190
 44 22 51 28 4 41	 => 190
 42 38 9 20 35 46	 => 190
 14 46 35 8 47 40	 => 190
 51 40 47 17 6 28	 => 189


===================[TEST 4]===================

##### START ##### Wed May 14 17:30:47 2003



##### CONVERGE ##### Wed May 14 17:32:05 2003

Elapsed time: 78 seconds
Total loop: 245 generations

Result : 185.64

6 15 32 54 28 53 7 22 49 29 19 48 42 1 10 43 37 12 41 31 13 24 52 17 5 8 2 47 51 16 30 35 38 27 34 45 4 36 3 21 50 46 11 44 33 40 9 20 26 25 23 39 14 18 

 6 15 32 54 28 53	 => 188
 7 53 28 22 49 29	 => 188
 19 29 49 48 42 1	 => 188
 32 10 43 37 12 54	 => 188
 28 54 12 41 31 22	 => 188
 49 22 31 13 24 48	 => 187
 42 48 24 52 17 5	 => 188
 43 8 2 47 51 37	 => 188
 12 37 51 16 30 41	 => 187
 31 41 30 35 38 13	 => 188
 24 13 38 27 34 52	 => 188
 17 52 34 45 4 36	 => 188
 51 47 3 21 50 16	 => 188
 30 16 50 46 11 35	 => 188
 38 35 11 44 33 27	 => 188
 34 27 33 40 9 45	 => 188
 50 21 20 26 25 46	 => 188
 11 46 25 23 39 44	 => 188
 33 44 39 14 18 40	 => 188


===================[TEST 5]===================

##### START ##### Wed May 14 17:32:05 2003



##### CONVERGE ##### Wed May 14 17:34:38 2003

Elapsed time: 153 seconds
Total loop: 483 generations

Result (Solution) : 189

9 17 45 40 31 47 3 25 54 29 6 36 51 13 2 39 33 30 20 43 16 15 48 28 11 12 18 34 53 4 49 26 35 23 52 37 5 19 7 50 41 42 27 46 32 44 1 8 10 38 14 22 24 21 

 9 17 45 40 31 47	 => 189
 3 47 31 25 54 29	 => 189
 6 29 54 36 51 13	 => 189
 45 2 39 33 30 40	 => 189
 31 40 30 20 43 25	 => 189
 54 25 43 16 15 36	 => 189
 51 36 15 48 28 11	 => 189
 39 12 18 34 53 33	 => 189
 30 33 53 4 49 20	 => 189
 43 20 49 26 35 16	 => 189
 15 16 35 23 52 48	 => 189
 28 48 52 37 5 19	 => 189
 53 34 7 50 41 4	 => 189
 49 4 41 42 27 26	 => 189
 35 26 27 46 32 23	 => 189
 52 23 32 44 1 37	 => 189
 41 50 8 10 38 42	 => 189
 27 42 38 14 22 46	 => 189
 32 46 22 24 21 44	 => 189


===================[TEST 6]===================

##### START ##### Wed May 14 17:34:39 2003



##### CONVERGE ##### Wed May 14 17:37:04 2003

Elapsed time: 145 seconds
Total loop: 455 generations

Result : 187.85

1 26 43 50 53 17 7 22 42 49 3 45 28 23 4 31 54 8 27 30 39 13 47 48 9 16 10 33 46 21 34 24 36 20 35 37 5 18 6 32 52 41 19 51 40 44 14 2 25 38 12 29 15 11 

 1 26 43 50 53 17	 => 190
 7 17 53 22 42 49	 => 190
 3 49 42 45 28 23	 => 190
 43 4 31 54 8 50	 => 190
 53 50 8 27 30 22	 => 190
 42 22 30 39 13 45	 => 191
 28 45 13 47 48 9	 => 190
 31 16 10 33 46 54	 => 190
 8 54 46 21 34 27	 => 190
 30 27 34 24 36 39	 => 190
 13 39 36 20 35 47	 => 190
 48 47 35 37 5 18	 => 190
 46 33 6 32 52 21	 => 190
 34 21 52 41 19 24	 => 191
 36 24 19 51 40 20	 => 190
 35 20 40 44 14 37	 => 190
 52 32 2 25 38 41	 => 190
 19 41 38 12 29 51	 => 190
 40 51 29 15 11 44	 => 190


===================[TEST 7]===================

##### START ##### Wed May 14 17:37:04 2003



##### CONVERGE ##### Wed May 14 17:38:46 2003

Elapsed time: 102 seconds
Total loop: 318 generations

Result : 188.412

23 8 25 45 54 35 11 4 34 52 15 51 29 9 10 42 49 19 21 47 30 24 48 31 7 5 6 38 50 14 37 33 22 20 46 44 3 18 16 32 40 39 27 53 36 43 1 12 26 41 2 28 17 13 

 23 8 25 45 54 35	 => 190
 11 35 54 4 34 52	 => 190
 15 52 34 51 29 9	 => 190
 25 10 42 49 19 45	 => 190
 54 45 19 21 47 4	 => 190
 34 4 47 30 24 51	 => 190
 29 51 24 48 31 7	 => 190
 42 5 6 38 50 49	 => 190
 19 49 50 14 37 21	 => 190
 47 21 37 33 22 30	 => 190
 24 30 22 20 46 48	 => 190
 31 48 46 44 3 18	 => 190
 50 38 16 32 40 14	 => 190
 37 14 40 39 27 33	 => 190
 22 33 27 53 36 20	 => 191
 46 20 36 43 1 44	 => 190
 40 32 12 26 41 39	 => 190
 27 39 41 2 28 53	 => 190
 36 53 28 17 13 43	 => 190


===================[TEST 8]===================

##### START ##### Wed May 14 17:38:46 2003



##### CONVERGE ##### Wed May 14 17:40:30 2003

Elapsed time: 104 seconds
Total loop: 325 generations

Result : 186.478

2 15 37 52 43 40 8 14 49 35 18 46 17 24 4 47 44 5 30 45 27 9 54 53 10 13 6 28 51 25 34 21 32 31 36 22 1 23 7 38 41 42 26 29 50 48 3 16 19 33 20 39 11 12 

 2 15 37 52 43 40	 => 189
 8 40 43 14 49 35	 => 189
 18 35 49 46 17 24	 => 189
 37 4 47 44 5 52	 => 189
 43 52 5 30 45 14	 => 189
 49 14 45 27 9 46	 => 190
 17 46 9 54 53 10	 => 189
 47 13 6 28 51 44	 => 189
 5 44 51 25 34 30	 => 189
 45 30 34 21 32 27	 => 189
 9 27 32 31 36 54	 => 189
 53 54 36 22 1 23	 => 189
 51 28 7 38 41 25	 => 190
 34 25 41 42 26 21	 => 189
 32 21 26 29 50 31	 => 189
 36 31 50 48 3 22	 => 190
 41 38 16 19 33 42	 => 189
 26 42 33 20 39 29	 => 189
 50 29 39 11 12 48	 => 189


===================[TEST 9]===================

##### START ##### Wed May 14 17:40:30 2003



##### CONVERGE ##### Wed May 14 17:42:39 2003

Elapsed time: 129 seconds
Total loop: 404 generations

Result : 187.85

11 7 29 50 40 53 3 15 33 46 12 52 27 20 4 43 42 22 31 32 45 13 47 37 14 17 10 34 44 21 30 28 24 23 38 48 2 18 8 49 35 51 25 54 36 39 6 5 9 41 1 19 16 26 

 11 7 29 50 40 53	 => 190
 3 53 40 15 33 46	 => 190
 12 46 33 52 27 20	 => 190
 29 4 43 42 22 50	 => 190
 40 50 22 31 32 15	 => 190
 33 15 32 45 13 52	 => 190
 27 52 13 47 37 14	 => 190
 43 17 10 34 44 42	 => 190
 22 42 44 21 30 31	 => 190
 32 31 30 28 24 45	 => 190
 13 45 24 23 38 47	 => 190
 37 47 38 48 2 18	 => 190
 44 34 8 49 35 21	 => 191
 30 21 35 51 25 28	 => 190
 24 28 25 54 36 23	 => 190
 38 23 36 39 6 48	 => 190
 35 49 5 9 41 51	 => 190
 25 51 41 1 19 54	 => 191
 36 54 19 16 26 39	 => 190


===================[TEST 10]===================

##### START ##### Wed May 14 17:42:39 2003



##### CONVERGE ##### Wed May 14 17:44:39 2003

Elapsed time: 120 seconds
Total loop: 367 generations

Result : 187.163

7 4 42 51 47 39 3 17 32 52 8 43 44 11 2 34 49 12 26 37 46 15 53 25 10 18 6 29 54 19 30 24 27 20 28 41 21 22 5 35 48 33 36 38 45 40 16 9 14 50 1 31 13 23 

 7 4 42 51 47 39	 => 190
 3 39 47 17 32 52	 => 190
 8 52 32 43 44 11	 => 190
 42 2 34 49 12 51	 => 190
 47 51 12 26 37 17	 => 190
 32 17 37 46 15 43	 => 190
 44 43 15 53 25 10	 => 190
 34 18 6 29 54 49	 => 190
 12 49 54 19 30 26	 => 190
 37 26 30 24 27 46	 => 190
 15 46 27 20 28 53	 => 189
 25 53 28 41 21 22	 => 190
 54 29 5 35 48 19	 => 190
 30 19 48 33 36 24	 => 190
 27 24 36 38 45 20	 => 190
 28 20 45 40 16 41	 => 190
 48 35 9 14 50 33	 => 189
 36 33 50 1 31 38	 => 189
 45 38 31 13 23 40	 => 190



test#	fitness		sum		time
---------------------------------------------------
1	187.215				94
2	187.412				84
3	186.501				119
4	185.64				78
5	189		189		153
6	187.85				145
7	188.412				102
8	186.478				104
9	187.85				129
10	187.163				120


---------------------------------------------------
Best fitness      : 189 ( test# 5)
Best solution sum : 189 ( test# 5)
Shortest time     : 78 ( test# 4)

Average fitness   : 187.352
Average sol. sum  : 189
Average time      : 112.8
