****************** GA TEST *******************

total test#:			 10
hexa min width:			 3
hexa max width:			 5
hexa count:			 19
number count:			 54
population size:		 40
generation size:		 15

tournament winner p:		 1
do xover p:			 1
xover:				 2points
do mutation1 p:			 0.1
mutation1 p:			 0.05
do optimize p:			 1
local optimize count:		 6000
do deep better optimize p:	 1
do deep worse optimize p:	 0
do spin p:			 0
spin count:			 1000
do spin apply p:		 1
do mutation2 p:			 0.12
mutation2 p:			 0.08
force mutation2:		 0
replace bad p:			 0.195

converge rate p:		 0.99
converge count:			 1

**********************************************


===================[TEST 1]===================

##### START ##### Wed May 14 22:09:32 2003



##### CONVERGE ##### Wed May 14 22:10:43 2003

Elapsed time: 71 seconds
Total loop: 89 generations

Result : 185.215

27 12 53 18 46 32 8 39 33 31 28 49 45 2 15 50 35 17 44 24 30 13 54 22 6 23 3 25 52 19 21 40 29 16 47 38 26 1 7 34 51 43 14 48 41 42 5 20 4 36 10 37 9 11 

 27 12 53 18 46 32	 => 188
 8 32 46 39 33 31	 => 189
 28 31 33 49 45 2	 => 188
 53 15 50 35 17 18	 => 188
 46 18 17 44 24 39	 => 188
 33 39 24 30 13 49	 => 188
 45 49 13 54 22 6	 => 189
 50 23 3 25 52 35	 => 188
 17 35 52 19 21 44	 => 188
 24 44 21 40 29 30	 => 188
 13 30 29 16 47 54	 => 189
 22 54 47 38 26 1	 => 188
 52 25 7 34 51 19	 => 188
 21 19 51 43 14 40	 => 188
 29 40 14 48 41 16	 => 188
 47 16 41 42 5 38	 => 189
 51 34 20 4 36 43	 => 188
 14 43 36 10 37 48	 => 188
 41 48 37 9 11 42	 => 188


===================[TEST 2]===================

##### START ##### Wed May 14 22:10:43 2003



##### CONVERGE ##### Wed May 14 22:11:46 2003

Elapsed time: 63 seconds
Total loop: 79 generations

Result : 185.951

9 8 42 49 37 44 16 19 46 27 14 45 41 17 5 15 50 28 34 23 32 25 39 36 4 18 20 35 52 1 24 47 30 21 43 51 13 7 10 38 54 53 11 48 33 29 12 3 2 40 6 31 26 22 

 9 8 42 49 37 44	 => 189
 16 44 37 19 46 27	 => 189
 14 27 46 45 41 17	 => 190
 42 5 15 50 28 49	 => 189
 37 49 28 34 23 19	 => 190
 46 19 23 32 25 45	 => 190
 41 45 25 39 36 4	 => 190
 15 18 20 35 52 50	 => 190
 28 50 52 1 24 34	 => 189
 23 34 24 47 30 32	 => 190
 25 32 30 21 43 39	 => 190
 36 39 43 51 13 7	 => 189
 52 35 10 38 54 1	 => 190
 24 1 54 53 11 47	 => 190
 30 47 11 48 33 21	 => 190
 43 21 33 29 12 51	 => 189
 54 38 3 2 40 53	 => 190
 11 53 40 6 31 48	 => 189
 33 48 31 26 22 29	 => 189


===================[TEST 3]===================

##### START ##### Wed May 14 22:11:46 2003



##### CONVERGE ##### Wed May 14 22:13:13 2003

Elapsed time: 87 seconds
Total loop: 111 generations

Result : 187.412

3 23 25 53 54 31 1 4 51 48 7 33 41 9 6 40 52 13 29 37 50 14 36 49 16 15 5 42 35 39 21 32 20 26 43 30 12 19 11 34 28 47 22 45 44 38 8 24 10 46 2 27 18 17 

 3 23 25 53 54 31	 => 189
 1 31 54 4 51 48	 => 189
 7 48 51 33 41 9	 => 189
 25 6 40 52 13 53	 => 189
 54 53 13 29 37 4	 => 190
 51 4 37 50 14 33	 => 189
 41 33 14 36 49 16	 => 189
 40 15 5 42 35 52	 => 189
 13 52 35 39 21 29	 => 189
 37 29 21 32 20 50	 => 189
 14 50 20 26 43 36	 => 189
 49 36 43 30 12 19	 => 189
 35 42 11 34 28 39	 => 189
 21 39 28 47 22 32	 => 189
 20 32 22 45 44 26	 => 189
 43 26 44 38 8 30	 => 189
 28 34 24 10 46 47	 => 189
 22 47 46 2 27 45	 => 189
 44 45 27 18 17 38	 => 189


===================[TEST 4]===================

##### START ##### Wed May 14 22:13:13 2003



##### CONVERGE ##### Wed May 14 22:14:19 2003

Elapsed time: 66 seconds
Total loop: 83 generations

Result : 187.501

15 4 46 50 48 27 11 8 52 44 5 49 29 12 1 34 36 24 31 30 38 14 53 39 6 21 13 33 54 20 26 41 25 17 43 28 9 19 7 40 37 51 16 45 47 32 23 10 18 35 2 42 22 3 

 15 4 46 50 48 27	 => 190
 11 27 48 8 52 44	 => 190
 5 44 52 49 29 12	 => 191
 46 1 34 36 24 50	 => 191
 48 50 24 31 30 8	 => 191
 52 8 30 38 14 49	 => 191
 29 49 14 53 39 6	 => 190
 34 21 13 33 54 36	 => 191
 24 36 54 20 26 31	 => 191
 30 31 26 41 25 38	 => 191
 14 38 25 17 43 53	 => 190
 39 53 43 28 9 19	 => 191
 54 33 7 40 37 20	 => 191
 26 20 37 51 16 41	 => 191
 25 41 16 45 47 17	 => 191
 43 17 47 32 23 28	 => 190
 37 40 10 18 35 51	 => 191
 16 51 35 2 42 45	 => 191
 47 45 42 22 3 32	 => 191


===================[TEST 5]===================

##### START ##### Wed May 14 22:14:19 2003



##### CONVERGE ##### Wed May 14 22:15:14 2003

Elapsed time: 55 seconds
Total loop: 70 generations

Result : 183.64

24 14 53 30 27 38 11 26 45 39 23 35 32 12 3 36 48 15 41 47 28 5 54 52 7 17 16 25 44 18 20 40 10 43 46 4 21 9 19 31 49 37 22 42 29 51 13 2 33 34 1 50 6 8 

 24 14 53 30 27 38	 => 186
 11 38 27 26 45 39	 => 186
 23 39 45 35 32 12	 => 186
 53 3 36 48 15 30	 => 185
 27 30 15 41 47 26	 => 186
 45 26 47 28 5 35	 => 186
 32 35 5 54 52 7	 => 185
 36 17 16 25 44 48	 => 186
 15 48 44 18 20 41	 => 186
 47 41 20 40 10 28	 => 186
 5 28 10 43 46 54	 => 186
 52 54 46 4 21 9	 => 186
 44 25 19 31 49 18	 => 186
 20 18 49 37 22 40	 => 186
 10 40 22 42 29 43	 => 186
 46 43 29 51 13 4	 => 186
 49 31 2 33 34 37	 => 186
 22 37 34 1 50 42	 => 186
 29 42 50 6 8 51	 => 186


===================[TEST 6]===================

##### START ##### Wed May 14 22:15:14 2003



##### CONVERGE ##### Wed May 14 22:16:16 2003

Elapsed time: 62 seconds
Total loop: 78 generations

Result : 187.215

13 4 39 52 49 33 9 23 46 31 3 45 48 17 1 34 50 14 21 32 38 6 54 26 11 10 8 35 53 12 40 30 29 19 44 36 2 28 5 42 43 41 24 51 37 47 7 18 20 27 22 25 15 16 

 13 4 39 52 49 33	 => 190
 9 33 49 23 46 31	 => 191
 3 31 46 45 48 17	 => 190
 39 1 34 50 14 52	 => 190
 49 52 14 21 32 23	 => 191
 46 23 32 38 6 45	 => 190
 48 45 6 54 26 11	 => 190
 34 10 8 35 53 50	 => 190
 14 50 53 12 40 21	 => 190
 32 21 40 30 29 38	 => 190
 6 38 29 19 44 54	 => 190
 26 54 44 36 2 28	 => 190
 53 35 5 42 43 12	 => 190
 40 12 43 41 24 30	 => 190
 29 30 24 51 37 19	 => 190
 44 19 37 47 7 36	 => 190
 43 42 18 20 27 41	 => 191
 24 41 27 22 25 51	 => 190
 37 51 25 15 16 47	 => 191


===================[TEST 7]===================

##### START ##### Wed May 14 22:16:16 2003



##### CONVERGE ##### Wed May 14 22:17:30 2003

Elapsed time: 74 seconds
Total loop: 94 generations

Result : 187.478

14 12 39 44 54 27 10 23 48 28 15 53 41 5 1 52 33 22 30 17 31 18 43 29 6 20 4 47 34 21 50 26 36 13 49 42 2 25 11 37 40 35 19 51 45 38 3 24 9 46 7 32 8 16 

 14 12 39 44 54 27	 => 190
 10 27 54 23 48 28	 => 190
 15 28 48 53 41 5	 => 190
 39 1 52 33 22 44	 => 191
 54 44 22 30 17 23	 => 190
 48 23 17 31 18 53	 => 190
 41 53 18 43 29 6	 => 190
 52 20 4 47 34 33	 => 190
 22 33 34 21 50 30	 => 190
 17 30 50 26 36 31	 => 190
 18 31 36 13 49 43	 => 190
 29 43 49 42 2 25	 => 190
 34 47 11 37 40 21	 => 190
 50 21 40 35 19 26	 => 191
 36 26 19 51 45 13	 => 190
 49 13 45 38 3 42	 => 190
 40 37 24 9 46 35	 => 191
 19 35 46 7 32 51	 => 190
 45 51 32 8 16 38	 => 190


===================[TEST 8]===================

##### START ##### Wed May 14 22:17:30 2003



##### CONVERGE ##### Wed May 14 22:18:41 2003

Elapsed time: 71 seconds
Total loop: 89 generations

Result : 186.163

13 12 32 53 27 52 4 24 51 31 5 49 43 10 11 40 38 15 34 35 23 7 47 41 2 8 25 48 30 46 26 28 42 16 54 21 17 9 3 29 33 36 20 44 39 45 14 19 22 50 1 37 6 18 

 13 12 32 53 27 52	 => 189
 4 52 27 24 51 31	 => 189
 5 31 51 49 43 10	 => 189
 32 11 40 38 15 53	 => 189
 27 53 15 34 35 24	 => 188
 51 24 35 23 7 49	 => 189
 43 49 7 47 41 2	 => 189
 40 8 25 48 30 38	 => 189
 15 38 30 46 26 34	 => 189
 35 34 26 28 42 23	 => 188
 7 23 42 16 54 47	 => 189
 41 47 54 21 17 9	 => 189
 30 48 3 29 33 46	 => 189
 26 46 33 36 20 28	 => 189
 42 28 20 44 39 16	 => 189
 54 16 39 45 14 21	 => 189
 33 29 19 22 50 36	 => 189
 20 36 50 1 37 44	 => 188
 39 44 37 6 18 45	 => 189


===================[TEST 9]===================

##### START ##### Wed May 14 22:18:41 2003



##### CONVERGE ##### Wed May 14 22:20:19 2003

Elapsed time: 98 seconds
Total loop: 124 generations

Result : 186.9

14 19 34 39 49 35 2 12 45 48 10 54 30 4 3 53 41 20 32 38 28 13 42 29 22 5 17 24 50 25 23 33 36 27 44 52 16 8 9 31 51 47 11 43 40 26 1 18 6 37 7 46 15 21 

 14 19 34 39 49 35	 => 190
 2 35 49 12 45 48	 => 191
 10 48 45 54 30 4	 => 191
 34 3 53 41 20 39	 => 190
 49 39 20 32 38 12	 => 190
 45 12 38 28 13 54	 => 190
 30 54 13 42 29 22	 => 190
 53 5 17 24 50 41	 => 190
 20 41 50 25 23 32	 => 191
 38 32 23 33 36 28	 => 190
 13 28 36 27 44 42	 => 190
 29 42 44 52 16 8	 => 191
 50 24 9 31 51 25	 => 190
 23 25 51 47 11 33	 => 190
 36 33 11 43 40 27	 => 190
 44 27 40 26 1 52	 => 190
 51 31 18 6 37 47	 => 190
 11 47 37 7 46 43	 => 191
 40 43 46 15 21 26	 => 191


===================[TEST 10]===================

##### START ##### Wed May 14 22:20:19 2003



##### CONVERGE ##### Wed May 14 22:21:18 2003

Elapsed time: 59 seconds
Total loop: 75 generations

Result : 185.64

2 6 43 32 51 54 3 9 48 23 13 52 40 12 1 29 49 34 37 25 44 10 45 35 5 21 19 39 31 20 17 50 15 28 46 24 11 27 14 36 47 38 16 53 26 42 22 8 18 41 7 33 4 30 

 2 6 43 32 51 54	 => 188
 3 54 51 9 48 23	 => 188
 13 23 48 52 40 12	 => 188
 43 1 29 49 34 32	 => 188
 51 32 34 37 25 9	 => 188
 48 9 25 44 10 52	 => 188
 40 52 10 45 35 5	 => 187
 29 21 19 39 31 49	 => 188
 34 49 31 20 17 37	 => 188
 25 37 17 50 15 44	 => 188
 10 44 15 28 46 45	 => 188
 35 45 46 24 11 27	 => 188
 31 39 14 36 47 20	 => 187
 17 20 47 38 16 50	 => 188
 15 50 16 53 26 28	 => 188
 46 28 26 42 22 24	 => 188
 47 36 8 18 41 38	 => 188
 16 38 41 7 33 53	 => 188
 26 53 33 4 30 42	 => 188



test#	fitness		sum		time
---------------------------------------------------
1	185.215				71
2	185.951				63
3	187.412				87
4	187.501				66
5	183.64				55
6	187.215				62
7	187.478				74
8	186.163				71
9	186.9				98
10	185.64				59


---------------------------------------------------
Best fitness      : 187.501 ( test# 4)
Shortest time     : 55 ( test# 5)

Average fitness   : 186.311
Average time      : 70.6
