****************** GA TEST *******************

total test#:			 10
hexa min width:			 3
hexa max width:			 5
hexa count:			 19
number count:			 54
population size:		 90
generation size:		 12

tournament winner p:		 1
do xover p:			 1
xover:				 2points
do mutation1 p:			 0.1
mutation1 p:			 0.05
do optimize p:			 1
local optimize count:		 6000
do deep better optimize p:	 1
do deep worse optimize p:	 0
do spin p:			 0
spin count:			 1000
do spin apply p:		 1
do mutation2 p:			 0.12
mutation2 p:			 0.08
force mutation2:		 0
replace bad p:			 0.195

converge rate p:		 0.99
converge count:			 1

**********************************************


===================[TEST 1]===================

##### START ##### Wed May 14 20:54:57 2003



##### CONVERGE ##### Wed May 14 20:57:05 2003

Elapsed time: 128 seconds
Total loop: 199 generations

Result : 186.64

13 18 47 25 44 42 5 19 48 31 17 40 30 23 21 24 37 35 27 38 36 8 54 49 7 34 2 53 39 22 29 26 33 15 43 28 6 9 3 20 52 46 14 51 50 41 12 16 10 45 1 32 11 4 

 13 18 47 25 44 42	 => 189
 5 42 44 19 48 31	 => 189
 17 31 48 40 30 23	 => 189
 47 21 24 37 35 25	 => 189
 44 25 35 27 38 19	 => 188
 48 19 38 36 8 40	 => 189
 30 40 8 54 49 7	 => 188
 24 34 2 53 39 37	 => 189
 35 37 39 22 29 27	 => 189
 38 27 29 26 33 36	 => 189
 8 36 33 15 43 54	 => 189
 49 54 43 28 6 9	 => 189
 39 53 3 20 52 22	 => 189
 29 22 52 46 14 26	 => 189
 33 26 14 51 50 15	 => 189
 43 15 50 41 12 28	 => 189
 52 20 16 10 45 46	 => 189
 14 46 45 1 32 51	 => 189
 50 51 32 11 4 41	 => 189


===================[TEST 2]===================

##### START ##### Wed May 14 20:57:05 2003



##### CONVERGE ##### Wed May 14 21:01:04 2003

Elapsed time: 239 seconds
Total loop: 374 generations

Result : 187.163

2 3 42 46 49 48 6 18 41 28 14 40 44 23 4 25 51 22 19 35 34 21 47 31 7 10 12 39 53 8 37 29 36 20 32 52 15 13 11 33 45 54 17 50 38 43 5 1 30 27 16 26 24 9 

 2 3 42 46 49 48	 => 190
 6 48 49 18 41 28	 => 190
 14 28 41 40 44 23	 => 190
 42 4 25 51 22 46	 => 190
 49 46 22 19 35 18	 => 189
 41 18 35 34 21 40	 => 189
 44 40 21 47 31 7	 => 190
 25 10 12 39 53 51	 => 190
 22 51 53 8 37 19	 => 190
 35 19 37 29 36 34	 => 190
 21 34 36 20 32 47	 => 190
 31 47 32 52 15 13	 => 190
 53 39 11 33 45 8	 => 189
 37 8 45 54 17 29	 => 190
 36 29 17 50 38 20	 => 190
 32 20 38 43 5 52	 => 190
 45 33 1 30 27 54	 => 190
 17 54 27 16 26 50	 => 190
 38 50 26 24 9 43	 => 190


===================[TEST 3]===================

##### START ##### Wed May 14 21:01:04 2003



##### CONVERGE ##### Wed May 14 21:04:08 2003

Elapsed time: 184 seconds
Total loop: 288 generations

Result : 186.85

15 6 54 38 44 33 4 30 35 43 17 46 37 11 5 40 42 10 47 20 36 22 52 31 1 12 8 39 48 24 18 45 23 7 49 29 2 26 3 51 25 50 27 34 53 32 19 14 21 28 9 41 16 13 

 15 6 54 38 44 33	 => 190
 4 33 44 30 35 43	 => 189
 17 43 35 46 37 11	 => 189
 54 5 40 42 10 38	 => 189
 44 38 10 47 20 30	 => 189
 35 30 20 36 22 46	 => 189
 37 46 22 52 31 1	 => 189
 40 12 8 39 48 42	 => 189
 10 42 48 24 18 47	 => 189
 20 47 18 45 23 36	 => 189
 22 36 23 7 49 52	 => 189
 31 52 49 29 2 26	 => 189
 48 39 3 51 25 24	 => 190
 18 24 25 50 27 45	 => 189
 23 45 27 34 53 7	 => 189
 49 7 53 32 19 29	 => 189
 25 51 14 21 28 50	 => 189
 27 50 28 9 41 34	 => 189
 53 34 41 16 13 32	 => 189


===================[TEST 4]===================

##### START ##### Wed May 14 21:04:09 2003



##### CONVERGE ##### Wed May 14 21:06:26 2003

Elapsed time: 137 seconds
Total loop: 214 generations

Result : 186.501

3 7 39 54 51 36 9 18 41 35 24 53 32 5 12 31 46 8 40 19 42 16 38 44 6 15 26 23 49 20 27 37 25 17 52 33 21 2 1 50 47 30 28 34 48 29 11 4 14 45 10 43 22 13 

 3 7 39 54 51 36	 => 190
 9 36 51 18 41 35	 => 190
 24 35 41 53 32 5	 => 190
 39 12 31 46 8 54	 => 190
 51 54 8 40 19 18	 => 190
 41 18 19 42 16 53	 => 189
 32 53 16 38 44 6	 => 189
 31 15 26 23 49 46	 => 190
 8 46 49 20 27 40	 => 190
 19 40 27 37 25 42	 => 190
 16 42 25 17 52 38	 => 190
 44 38 52 33 21 2	 => 190
 49 23 1 50 47 20	 => 190
 27 20 47 30 28 37	 => 189
 25 37 28 34 48 17	 => 189
 52 17 48 29 11 33	 => 190
 47 50 4 14 45 30	 => 190
 28 30 45 10 43 34	 => 190
 48 34 43 22 13 29	 => 189


===================[TEST 5]===================

##### START ##### Wed May 14 21:06:26 2003



##### CONVERGE ##### Wed May 14 21:10:14 2003

Elapsed time: 228 seconds
Total loop: 358 generations

Result : 187.64

12 18 45 36 53 26 6 11 42 52 1 51 34 10 4 31 47 27 32 30 43 13 49 23 19 20 7 48 37 8 39 22 24 21 40 35 28 15 14 33 50 46 25 44 54 38 2 3 17 41 5 29 9 16 

 12 18 45 36 53 26	 => 190
 6 26 53 11 42 52	 => 190
 1 52 42 51 34 10	 => 190
 45 4 31 47 27 36	 => 190
 53 36 27 32 30 11	 => 189
 42 11 30 43 13 51	 => 190
 34 51 13 49 23 19	 => 189
 31 20 7 48 37 47	 => 190
 27 47 37 8 39 32	 => 190
 30 32 39 22 24 43	 => 190
 13 43 24 21 40 49	 => 190
 23 49 40 35 28 15	 => 190
 37 48 14 33 50 8	 => 190
 39 8 50 46 25 22	 => 190
 24 22 25 44 54 21	 => 190
 40 21 54 38 2 35	 => 190
 50 33 3 17 41 46	 => 190
 25 46 41 5 29 44	 => 190
 54 44 29 9 16 38	 => 190


===================[TEST 6]===================

##### START ##### Wed May 14 21:10:15 2003



##### CONVERGE ##### Wed May 14 21:13:10 2003

Elapsed time: 175 seconds
Total loop: 273 generations

Result : 188.306

10 6 33 52 53 36 19 16 45 21 22 48 40 14 4 29 54 18 23 28 38 15 37 47 3 20 2 34 51 9 35 39 26 31 43 32 7 24 5 42 49 41 17 50 27 46 11 1 13 44 8 30 25 12 

 10 6 33 52 53 36	 => 190
 19 36 53 16 45 21	 => 190
 22 21 45 48 40 14	 => 190
 33 4 29 54 18 52	 => 190
 53 52 18 23 28 16	 => 190
 45 16 28 38 15 48	 => 190
 40 48 15 37 47 3	 => 190
 29 20 2 34 51 54	 => 190
 18 54 51 9 35 23	 => 190
 28 23 35 39 26 38	 => 189
 15 38 26 31 43 37	 => 190
 47 37 43 32 7 24	 => 190
 51 34 5 42 49 9	 => 190
 35 9 49 41 17 39	 => 190
 26 39 17 50 27 31	 => 190
 43 31 27 46 11 32	 => 190
 49 42 1 13 44 41	 => 190
 17 41 44 8 30 50	 => 190
 27 50 30 25 12 46	 => 190


===================[TEST 7]===================

##### START ##### Wed May 14 21:13:10 2003



##### CONVERGE ##### Wed May 14 21:16:49 2003

Elapsed time: 219 seconds
Total loop: 339 generations

Result : 187.478

9 11 45 49 47 29 3 25 50 36 26 42 34 2 1 38 51 6 33 30 24 19 52 35 8 20 5 22 54 15 32 43 28 14 53 23 10 17 12 40 48 31 21 44 41 46 13 7 27 37 18 39 4 16 

 9 11 45 49 47 29	 => 190
 3 29 47 25 50 36	 => 190
 26 36 50 42 34 2	 => 190
 45 1 38 51 6 49	 => 190
 47 49 6 33 30 25	 => 190
 50 25 30 24 19 42	 => 190
 34 42 19 52 35 8	 => 190
 38 20 5 22 54 51	 => 190
 6 51 54 15 32 33	 => 191
 30 33 32 43 28 24	 => 190
 19 24 28 14 53 52	 => 190
 35 52 53 23 10 17	 => 190
 54 22 12 40 48 15	 => 191
 32 15 48 31 21 43	 => 190
 28 43 21 44 41 14	 => 191
 53 14 41 46 13 23	 => 190
 48 40 7 27 37 31	 => 190
 21 31 37 18 39 44	 => 190
 41 44 39 4 16 46	 => 190


===================[TEST 8]===================

##### START ##### Wed May 14 21:16:49 2003



##### CONVERGE ##### Wed May 14 21:20:09 2003

Elapsed time: 200 seconds
Total loop: 311 generations

Result : 187.027

9 2 46 51 34 48 14 8 47 40 5 37 45 16 1 33 35 24 25 49 31 18 41 42 7 22 17 39 44 26 36 20 29 21 50 32 15 10 12 27 43 52 13 53 54 30 4 19 11 38 6 28 23 3 

 9 2 46 51 34 48	 => 190
 14 48 34 8 47 40	 => 191
 5 40 47 37 45 16	 => 190
 46 1 33 35 24 51	 => 190
 34 51 24 25 49 8	 => 191
 47 8 49 31 18 37	 => 190
 45 37 18 41 42 7	 => 190
 33 22 17 39 44 35	 => 190
 24 35 44 26 36 25	 => 190
 49 25 36 20 29 31	 => 190
 18 31 29 21 50 41	 => 190
 42 41 50 32 15 10	 => 190
 44 39 12 27 43 26	 => 191
 36 26 43 52 13 20	 => 190
 29 20 13 53 54 21	 => 190
 50 21 54 30 4 32	 => 191
 43 27 19 11 38 52	 => 190
 13 52 38 6 28 53	 => 190
 54 53 28 23 3 30	 => 191


===================[TEST 9]===================

##### START ##### Wed May 14 21:20:09 2003



##### CONVERGE ##### Wed May 14 21:22:42 2003

Elapsed time: 153 seconds
Total loop: 239 generations

Result : 186.85

16 17 40 43 38 35 11 33 48 24 5 41 44 27 4 34 39 29 25 21 26 20 47 37 1 12 9 45 50 10 36 53 28 14 54 30 2 19 3 49 32 52 6 42 46 22 23 7 18 31 8 51 15 13 

 16 17 40 43 38 35	 => 189
 11 35 38 33 48 24	 => 189
 5 24 48 41 44 27	 => 189
 40 4 34 39 29 43	 => 189
 38 43 29 25 21 33	 => 189
 48 33 21 26 20 41	 => 189
 44 41 20 47 37 1	 => 190
 34 12 9 45 50 39	 => 189
 29 39 50 10 36 25	 => 189
 21 25 36 53 28 26	 => 189
 20 26 28 14 54 47	 => 189
 37 47 54 30 2 19	 => 189
 50 45 3 49 32 10	 => 189
 36 10 32 52 6 53	 => 189
 28 53 6 42 46 14	 => 189
 54 14 46 22 23 30	 => 189
 32 49 7 18 31 52	 => 189
 6 52 31 8 51 42	 => 190
 46 42 51 15 13 22	 => 189


===================[TEST 10]===================

##### START ##### Wed May 14 21:22:42 2003



##### CONVERGE ##### Wed May 14 21:25:06 2003

Elapsed time: 144 seconds
Total loop: 223 generations

Result : 187.64

20 10 41 45 42 32 1 23 44 48 9 53 28 8 7 52 40 4 43 33 24 13 46 47 3 2 17 30 49 16 38 18 34 22 51 27 12 6 5 36 54 35 29 37 50 26 14 11 15 39 19 31 21 25 

 20 10 41 45 42 32	 => 190
 1 32 42 23 44 48	 => 190
 9 48 44 53 28 8	 => 190
 41 7 52 40 4 45	 => 189
 42 45 4 43 33 23	 => 190
 44 23 33 24 13 53	 => 190
 28 53 13 46 47 3	 => 190
 52 2 17 30 49 40	 => 190
 4 40 49 16 38 43	 => 190
 33 43 38 18 34 24	 => 190
 13 24 34 22 51 46	 => 190
 47 46 51 27 12 6	 => 189
 49 30 5 36 54 16	 => 190
 38 16 54 35 29 18	 => 190
 34 18 29 37 50 22	 => 190
 51 22 50 26 14 27	 => 190
 54 36 11 15 39 35	 => 190
 29 35 39 19 31 37	 => 190
 50 37 31 21 25 26	 => 190



test#	fitness		sum		time
---------------------------------------------------
1	186.64				128
2	187.163				239
3	186.85				184
4	186.501				137
5	187.64				228
6	188.306				175
7	187.478				219
8	187.027				200
9	186.85				153
10	187.64				144


---------------------------------------------------
Best fitness      : 188.306 ( test# 6)
Shortest time     : 128 ( test# 1)

Average fitness   : 187.209
Average time      : 180.7
