****************** GA TEST *******************

total test#:			 10
hexa min width:			 3
hexa max width:			 5
hexa count:			 19
number count:			 54
population size:		 50
generation size:		 6

tournament winner p:		 1
xover uniform p:		 0.697
do mutation1 p:			 0.1
mutation1 p:			 0.05
do optimize p:			 1
local optimize count:		 6000
do deep better optimize p:	 1
do deep worse optimize p:	 0
do spin p:			 0
spin count:			 1000
do spin apply p:		 1
do mutation2 p:			 0.12
mutation2 p:			 0.08
force mutation2:		 0
replace bad p:			 0.195

converge rate p:		 0.99
converge count:			 1

**********************************************


===================[TEST 1]===================

##### START ##### Tue May 13 11:28:59 2003



##### CONVERGE ##### Tue May 13 11:29:52 2003

Elapsed time: 53 seconds
Total loop: 757 generations

Result : 187.087

23 14 26 50 35 43 6 22 40 45 5 44 46 11 1 39 54 21 36 27 33 24 32 38 7 9 2 52 34 20 25 28 42 12 48 41 15 17 4 30 51 53 13 47 49 37 3 19 8 29 18 31 16 10 

 23 14 26 50 35 43	 => 191
 6 43 35 22 40 45	 => 191
 5 45 40 44 46 11	 => 191
 26 1 39 54 21 50	 => 191
 35 50 21 36 27 22	 => 191
 40 22 27 33 24 44	 => 190
 46 44 24 32 38 7	 => 191
 39 9 2 52 34 54	 => 190
 21 54 34 20 25 36	 => 190
 27 36 25 28 42 33	 => 191
 24 33 42 12 48 32	 => 191
 38 32 48 41 15 17	 => 191
 34 52 4 30 51 20	 => 191
 25 20 51 53 13 28	 => 190
 42 28 13 47 49 12	 => 191
 48 12 49 37 3 41	 => 190
 51 30 19 8 29 53	 => 190
 13 53 29 18 31 47	 => 191
 49 47 31 16 10 37	 => 190


===================[TEST 2]===================

##### START ##### Tue May 13 11:29:52 2003



##### CONVERGE ##### Tue May 13 11:30:33 2003

Elapsed time: 41 seconds
Total loop: 549 generations

Result : 186.163

10 8 40 38 54 39 7 13 52 24 9 35 48 20 4 41 47 19 22 43 29 17 42 45 2 3 11 36 51 18 32 26 37 31 33 27 12 30 15 25 44 53 16 50 28 49 21 6 14 46 1 23 5 34 

 10 8 40 38 54 39	 => 189
 7 39 54 13 52 24	 => 189
 9 24 52 35 48 20	 => 188
 40 4 41 47 19 38	 => 189
 54 38 19 22 43 13	 => 189
 52 13 43 29 17 35	 => 189
 48 35 17 42 45 2	 => 189
 41 3 11 36 51 47	 => 189
 19 47 51 18 32 22	 => 189
 43 22 32 26 37 29	 => 189
 17 29 37 31 33 42	 => 189
 45 42 33 27 12 30	 => 189
 51 36 15 25 44 18	 => 189
 32 18 44 53 16 26	 => 189
 37 26 16 50 28 31	 => 188
 33 31 28 49 21 27	 => 189
 44 25 6 14 46 53	 => 188
 16 53 46 1 23 50	 => 189
 28 50 23 5 34 49	 => 189


===================[TEST 3]===================

##### START ##### Tue May 13 11:30:33 2003



##### CONVERGE ##### Tue May 13 11:30:56 2003

Elapsed time: 23 seconds
Total loop: 318 generations

Result : 184.64

12 5 46 43 52 29 4 19 35 48 2 54 42 6 1 32 53 11 13 49 21 9 41 31 10 25 3 36 38 34 37 17 50 22 44 23 28 20 18 16 45 40 14 51 33 39 26 15 24 47 8 27 30 7 

 12 5 46 43 52 29	 => 187
 4 29 52 19 35 48	 => 187
 2 48 35 54 42 6	 => 187
 46 1 32 53 11 43	 => 186
 52 43 11 13 49 19	 => 187
 35 19 49 21 9 54	 => 187
 42 54 9 41 31 10	 => 187
 32 25 3 36 38 53	 => 187
 11 53 38 34 37 13	 => 186
 49 13 37 17 50 21	 => 187
 9 21 50 22 44 41	 => 187
 31 41 44 23 28 20	 => 187
 38 36 18 16 45 34	 => 187
 37 34 45 40 14 17	 => 187
 50 17 14 51 33 22	 => 187
 44 22 33 39 26 23	 => 187
 45 16 15 24 47 40	 => 187
 14 40 47 8 27 51	 => 187
 33 51 27 30 7 39	 => 187


===================[TEST 4]===================

##### START ##### Tue May 13 11:30:56 2003



##### CONVERGE ##### Tue May 13 11:31:31 2003

Elapsed time: 35 seconds
Total loop: 498 generations

Result : 187.85

14 28 46 29 39 34 6 26 43 42 4 50 48 3 15 49 31 20 41 35 25 11 51 21 9 16 12 30 52 22 24 32 33 23 47 44 8 19 2 40 45 54 13 53 37 38 1 10 5 36 7 27 18 17 

 14 28 46 29 39 34	 => 190
 6 34 39 26 43 42	 => 190
 4 42 43 50 48 3	 => 190
 46 15 49 31 20 29	 => 190
 39 29 20 41 35 26	 => 190
 43 26 35 25 11 50	 => 190
 48 50 11 51 21 9	 => 190
 49 16 12 30 52 31	 => 190
 20 31 52 22 24 41	 => 190
 35 41 24 32 33 25	 => 190
 11 25 33 23 47 51	 => 190
 21 51 47 44 8 19	 => 190
 52 30 2 40 45 22	 => 191
 24 22 45 54 13 32	 => 190
 33 32 13 53 37 23	 => 191
 47 23 37 38 1 44	 => 190
 45 40 10 5 36 54	 => 190
 13 54 36 7 27 53	 => 190
 37 53 27 18 17 38	 => 190


===================[TEST 5]===================

##### START ##### Tue May 13 11:31:31 2003



##### CONVERGE ##### Tue May 13 11:32:06 2003

Elapsed time: 35 seconds
Total loop: 475 generations

Result : 186.158

13 9 44 24 52 47 7 6 51 26 17 49 36 10 11 43 40 27 46 34 29 20 41 39 4 2 15 54 35 18 22 21 37 14 48 42 16 3 5 32 45 53 30 38 50 28 8 33 1 25 12 31 19 23 

 13 9 44 24 52 47	 => 189
 7 47 52 6 51 26	 => 189
 17 26 51 49 36 10	 => 189
 44 11 43 40 27 24	 => 189
 52 24 27 46 34 6	 => 189
 51 6 34 29 20 49	 => 189
 36 49 20 41 39 4	 => 189
 43 2 15 54 35 40	 => 189
 27 40 35 18 22 46	 => 188
 34 46 22 21 37 29	 => 189
 20 29 37 14 48 41	 => 189
 39 41 48 42 16 3	 => 189
 35 54 5 32 45 18	 => 189
 22 18 45 53 30 21	 => 189
 37 21 30 38 50 14	 => 190
 48 14 50 28 8 42	 => 190
 45 32 33 1 25 53	 => 189
 30 53 25 12 31 38	 => 189
 50 38 31 19 23 28	 => 189


===================[TEST 6]===================

##### START ##### Tue May 13 11:32:06 2003



##### CONVERGE ##### Tue May 13 11:32:25 2003

Elapsed time: 19 seconds
Total loop: 272 generations

Result : 184.717

16 5 42 33 47 45 2 23 46 26 15 43 49 10 14 31 41 28 22 36 20 21 37 35 4 13 17 48 39 32 27 34 50 6 54 38 24 1 11 19 40 52 3 44 53 25 12 29 18 30 9 51 7 8 

 16 5 42 33 47 45	 => 188
 2 45 47 23 46 26	 => 189
 15 26 46 43 49 10	 => 189
 42 14 31 41 28 33	 => 189
 47 33 28 22 36 23	 => 189
 46 23 36 20 21 43	 => 189
 49 43 21 37 35 4	 => 189
 31 13 17 48 39 41	 => 189
 28 41 39 32 27 22	 => 189
 36 22 27 34 50 20	 => 189
 21 20 50 6 54 37	 => 188
 35 37 54 38 24 1	 => 189
 39 48 11 19 40 32	 => 189
 27 32 40 52 3 34	 => 188
 50 34 3 44 53 6	 => 190
 54 6 53 25 12 38	 => 188
 40 19 29 18 30 52	 => 188
 3 52 30 9 51 44	 => 189
 53 44 51 7 8 25	 => 188


===================[TEST 7]===================

##### START ##### Tue May 13 11:32:25 2003



##### CONVERGE ##### Tue May 13 11:32:59 2003

Elapsed time: 34 seconds
Total loop: 481 generations

Result : 186.64

24 1 40 52 46 25 18 13 53 34 30 20 49 3 5 23 48 21 29 28 36 39 35 43 2 19 22 26 51 8 32 37 27 10 42 38 16 15 7 47 50 45 17 54 44 41 14 4 12 31 9 33 11 6 

 24 1 40 52 46 25	 => 188
 18 25 46 13 53 34	 => 189
 30 34 53 20 49 3	 => 189
 40 5 23 48 21 52	 => 189
 46 52 21 29 28 13	 => 189
 53 13 28 36 39 20	 => 189
 49 20 39 35 43 2	 => 188
 23 19 22 26 51 48	 => 189
 21 48 51 8 32 29	 => 189
 28 29 32 37 27 36	 => 189
 39 36 27 10 42 35	 => 189
 43 35 42 38 16 15	 => 189
 51 26 7 47 50 8	 => 189
 32 8 50 45 17 37	 => 189
 27 37 17 54 44 10	 => 189
 42 10 44 41 14 38	 => 189
 50 47 4 12 31 45	 => 189
 17 45 31 9 33 54	 => 189
 44 54 33 11 6 41	 => 189


===================[TEST 8]===================

##### START ##### Tue May 13 11:32:59 2003



##### CONVERGE ##### Tue May 13 11:33:41 2003

Elapsed time: 42 seconds
Total loop: 580 generations

Result (Solution) : 188

21 3 38 43 33 50 12 16 45 32 5 54 42 10 4 24 40 39 27 30 36 7 53 26 6 35 14 29 46 19 17 41 37 11 44 48 9 8 22 25 47 51 13 34 52 31 2 15 1 49 18 23 20 28 

 21 3 38 43 33 50	 => 188
 12 50 33 16 45 32	 => 188
 5 32 45 54 42 10	 => 188
 38 4 24 40 39 43	 => 188
 33 43 39 27 30 16	 => 188
 45 16 30 36 7 54	 => 188
 42 54 7 53 26 6	 => 188
 24 35 14 29 46 40	 => 188
 39 40 46 19 17 27	 => 188
 30 27 17 41 37 36	 => 188
 7 36 37 11 44 53	 => 188
 26 53 44 48 9 8	 => 188
 46 29 22 25 47 19	 => 188
 17 19 47 51 13 41	 => 188
 37 41 13 34 52 11	 => 188
 44 11 52 31 2 48	 => 188
 47 25 15 1 49 51	 => 188
 13 51 49 18 23 34	 => 188
 52 34 23 20 28 31	 => 188


===================[TEST 9]===================

##### START ##### Tue May 13 11:33:41 2003



##### CONVERGE ##### Tue May 13 11:34:36 2003

Elapsed time: 55 seconds
Total loop: 763 generations

Result : 186.628

11 12 43 49 48 27 16 28 35 36 6 52 41 20 3 34 47 15 17 33 29 13 51 31 2 24 1 40 44 22 45 26 39 7 50 30 10 18 14 32 38 37 23 42 53 46 4 21 8 54 9 25 5 19 

 11 12 43 49 48 27	 => 190
 16 27 48 28 35 36	 => 190
 6 36 35 52 41 20	 => 190
 43 3 34 47 15 49	 => 191
 48 49 15 17 33 28	 => 190
 35 28 33 29 13 52	 => 190
 41 52 13 51 31 2	 => 190
 34 24 1 40 44 47	 => 190
 15 47 44 22 45 17	 => 190
 33 17 45 26 39 29	 => 189
 13 29 39 7 50 51	 => 189
 31 51 50 30 10 18	 => 190
 44 40 14 32 38 22	 => 190
 45 22 38 37 23 26	 => 191
 39 26 23 42 53 7	 => 190
 50 7 53 46 4 30	 => 190
 38 32 21 8 54 37	 => 190
 23 37 54 9 25 42	 => 190
 53 42 25 5 19 46	 => 190


===================[TEST 10]===================

##### START ##### Tue May 13 11:34:36 2003



##### CONVERGE ##### Tue May 13 11:34:53 2003

Elapsed time: 17 seconds
Total loop: 231 generations

Result : 186.255

6 14 34 44 43 48 1 16 31 51 9 52 36 11 5 42 47 18 30 38 28 25 53 22 2 4 12 39 46 21 29 41 24 27 33 45 20 17 3 49 32 54 13 35 50 19 15 8 7 40 10 37 26 23 

 6 14 34 44 43 48	 => 189
 1 48 43 16 31 51	 => 190
 9 51 31 52 36 11	 => 190
 34 5 42 47 18 44	 => 190
 43 44 18 30 38 16	 => 189
 31 16 38 28 25 52	 => 190
 36 52 25 53 22 2	 => 190
 42 4 12 39 46 47	 => 190
 18 47 46 21 29 30	 => 191
 38 30 29 41 24 28	 => 190
 25 28 24 27 33 53	 => 190
 22 53 33 45 20 17	 => 190
 46 39 3 49 32 21	 => 190
 29 21 32 54 13 41	 => 190
 24 41 13 35 50 27	 => 190
 33 27 50 19 15 45	 => 189
 32 49 8 7 40 54	 => 190
 13 54 40 10 37 35	 => 189
 50 35 37 26 23 19	 => 190



test#	fitness		sum		time
---------------------------------------------------
1	187.087			53
2	186.163			41
3	184.64			23
4	187.85			35
5	186.158			35
6	184.717			19
7	186.64			34
8	188	188		42
9	186.628			55
10	186.255			17


---------------------------------------------------
Best fitness      : 188( test# 8)
Best solution sum : 188( test# 8)
Shortest time     : 17( test# 10)

Average fitness   : 186.414
Average sol. sum  : 188
Average time      : 35.4
