****************** GA TEST *******************

total test#:			 10
hexa min width:			 3
hexa max width:			 5
hexa count:			 19
number count:			 54
population size:		 70
generation size:		 6

tournament winner p:		 1
xover uniform p:		 0.697
do mutation1 p:			 0.1
mutation1 p:			 0.05
do optimize p:			 1
local optimize count:		 6000
do deep better optimize p:	 1
do deep worse optimize p:	 0
do spin p:			 0
spin count:			 1000
do spin apply p:		 1
do mutation2 p:			 0.12
mutation2 p:			 0.08
force mutation2:		 0
replace bad p:			 0.195

converge rate p:		 0.99
converge count:			 1

**********************************************


===================[TEST 1]===================

##### START ##### Tue May 13 11:42:21 2003



##### CONVERGE ##### Tue May 13 11:43:57 2003

Elapsed time: 96 seconds
Total loop: 1333 generations

Result : 187.85

13 11 45 37 48 36 6 21 54 25 14 40 53 4 12 46 33 17 44 23 30 22 38 35 3 18 2 50 41 16 39 26 28 20 52 27 31 8 7 42 34 51 24 49 43 47 1 19 15 29 5 32 9 10 

 13 11 45 37 48 36	 => 190
 6 36 48 21 54 25	 => 190
 14 25 54 40 53 4	 => 190
 45 12 46 33 17 37	 => 190
 48 37 17 44 23 21	 => 190
 54 21 23 30 22 40	 => 190
 53 40 22 38 35 3	 => 191
 46 18 2 50 41 33	 => 190
 17 33 41 16 39 44	 => 190
 23 44 39 26 28 30	 => 190
 22 30 28 20 52 38	 => 190
 35 38 52 27 31 8	 => 191
 41 50 7 42 34 16	 => 190
 39 16 34 51 24 26	 => 190
 28 26 24 49 43 20	 => 190
 52 20 43 47 1 27	 => 190
 34 42 19 15 29 51	 => 190
 24 51 29 5 32 49	 => 190
 43 49 32 9 10 47	 => 190


===================[TEST 2]===================

##### START ##### Tue May 13 11:43:57 2003



##### CONVERGE ##### Tue May 13 11:45:01 2003

Elapsed time: 64 seconds
Total loop: 890 generations

Result : 186.824

14 5 54 27 53 37 6 21 45 29 1 44 50 22 3 32 51 23 26 41 28 11 47 30 8 9 19 33 46 24 20 40 35 18 52 38 17 7 10 36 42 49 15 43 39 31 12 25 4 34 2 48 13 16 

 14 5 54 27 53 37	 => 190
 6 37 53 21 45 29	 => 191
 1 29 45 44 50 22	 => 191
 54 3 32 51 23 27	 => 190
 53 27 23 26 41 21	 => 191
 45 21 41 28 11 44	 => 190
 50 44 11 47 30 8	 => 190
 32 9 19 33 46 51	 => 190
 23 51 46 24 20 26	 => 190
 41 26 20 40 35 28	 => 190
 11 28 35 18 52 47	 => 191
 30 47 52 38 17 7	 => 191
 46 33 10 36 42 24	 => 191
 20 24 42 49 15 40	 => 190
 35 40 15 43 39 18	 => 190
 52 18 39 31 12 38	 => 190
 42 36 25 4 34 49	 => 190
 15 49 34 2 48 43	 => 191
 39 43 48 13 16 31	 => 190

13 6 51 45 52 19 8 11 53 43 2 46 9 33 4 20 50 16 23 39 27 10 47 48 26 5 32 38 41 21 35 28 34 14 54 22 12 3 1 36 49 29 24 44 42 37 17 25 7 40 31 18 30 15 

 13 6 51 45 52 19	 => 186
 8 19 52 11 53 43	 => 186
 2 43 53 46 9 33	 => 186
 51 4 20 50 16 45	 => 186
 52 45 16 23 39 11	 => 186
 53 11 39 27 10 46	 => 186
 9 46 10 47 48 26	 => 186
 20 5 32 38 41 50	 => 186
 16 50 41 21 35 23	 => 186
 39 23 35 28 34 27	 => 186
 10 27 34 14 54 47	 => 186
 48 47 54 22 12 3	 => 186
 41 38 1 36 49 21	 => 186
 35 21 49 29 24 28	 => 186
 34 28 24 44 42 14	 => 186
 54 14 42 37 17 22	 => 186
 49 36 25 7 40 29	 => 186
 24 29 40 31 18 44	 => 186
 42 44 18 30 15 37	 => 186


===================[TEST 3]===================

##### START ##### Tue May 13 11:45:01 2003



##### CONVERGE ##### Tue May 13 11:46:03 2003

Elapsed time: 62 seconds
Total loop: 881 generations

Result : 187.85

15 5 29 51 53 37 18 2 54 26 3 47 46 14 13 35 50 12 28 44 27 16 42 33 6 9 4 43 49 19 32 25 34 20 52 45 11 8 10 21 48 36 30 40 41 31 1 23 24 38 7 39 22 17 

 15 5 29 51 53 37	 => 190
 18 37 53 2 54 26	 => 190
 3 26 54 47 46 14	 => 190
 29 13 35 50 12 51	 => 190
 53 51 12 28 44 2	 => 190
 54 2 44 27 16 47	 => 190
 46 47 16 42 33 6	 => 190
 35 9 4 43 49 50	 => 190
 12 50 49 19 32 28	 => 190
 44 28 32 25 34 27	 => 190
 16 27 34 20 52 42	 => 191
 33 42 52 45 11 8	 => 191
 49 43 10 21 48 19	 => 190
 32 19 48 36 30 25	 => 190
 34 25 30 40 41 20	 => 190
 52 20 41 31 1 45	 => 190
 48 21 23 24 38 36	 => 190
 30 36 38 7 39 40	 => 190
 41 40 39 22 17 31	 => 190


===================[TEST 4]===================

##### START ##### Tue May 13 11:46:03 2003



##### CONVERGE ##### Tue May 13 11:48:13 2003

Elapsed time: 130 seconds
Total loop: 1795 generations

Result : 186.501

10 2 43 40 53 41 1 19 32 44 5 54 39 16 4 28 52 23 17 38 36 11 47 30 9 15 7 46 42 22 34 31 33 18 45 50 3 14 6 26 48 35 20 51 37 27 12 24 8 49 13 21 25 29 

 10 2 43 40 53 41	 => 189
 1 41 53 19 32 44	 => 190
 5 44 32 54 39 16	 => 190
 43 4 28 52 23 40	 => 190
 53 40 23 17 38 19	 => 190
 32 19 38 36 11 54	 => 190
 39 54 11 47 30 9	 => 190
 28 15 7 46 42 52	 => 190
 23 52 42 22 34 17	 => 190
 38 17 34 31 33 36	 => 189
 11 36 33 18 45 47	 => 190
 30 47 45 50 3 14	 => 189
 42 46 6 26 48 22	 => 190
 34 22 48 35 20 31	 => 190
 33 31 20 51 37 18	 => 190
 45 18 37 27 12 50	 => 189
 48 26 24 8 49 35	 => 190
 20 35 49 13 21 51	 => 189
 37 51 21 25 29 27	 => 190


===================[TEST 5]===================

##### START ##### Tue May 13 11:48:13 2003



##### CONVERGE ##### Tue May 13 11:49:03 2003

Elapsed time: 50 seconds
Total loop: 720 generations

Result : 186.613

1 24 39 53 38 35 16 22 52 27 9 54 36 12 2 31 47 17 40 20 23 19 41 37 3 14 11 44 43 18 25 34 48 10 49 46 4 13 8 45 32 51 29 42 28 50 7 6 26 30 5 33 15 21 

 1 24 39 53 38 35	 => 190
 16 35 38 22 52 27	 => 190
 9 27 52 54 36 12	 => 190
 39 2 31 47 17 53	 => 189
 38 53 17 40 20 22	 => 190
 52 22 20 23 19 54	 => 190
 36 54 19 41 37 3	 => 190
 31 14 11 44 43 47	 => 190
 17 47 43 18 25 40	 => 190
 20 40 25 34 48 23	 => 190
 19 23 48 10 49 41	 => 190
 37 41 49 46 4 13	 => 190
 43 44 8 45 32 18	 => 190
 25 18 32 51 29 34	 => 189
 48 34 29 42 28 10	 => 191
 49 10 28 50 7 46	 => 190
 32 45 6 26 30 51	 => 190
 29 51 30 5 33 42	 => 190
 28 42 33 15 21 50	 => 189


===================[TEST 6]===================

##### START ##### Tue May 13 11:49:03 2003



##### CONVERGE ##### Tue May 13 11:50:51 2003

Elapsed time: 108 seconds
Total loop: 1579 generations

Result : 187.412

2 9 41 51 38 48 12 15 32 44 7 42 36 28 16 22 49 10 35 40 34 26 52 33 1 19 14 31 54 18 23 46 11 21 45 29 13 17 6 30 50 27 25 39 47 43 4 24 5 53 8 37 3 20 

 2 9 41 51 38 48	 => 189
 12 48 38 15 32 44	 => 189
 7 44 32 42 36 28	 => 189
 41 16 22 49 10 51	 => 189
 38 51 10 35 40 15	 => 189
 32 15 40 34 26 42	 => 189
 36 42 26 52 33 1	 => 190
 22 19 14 31 54 49	 => 189
 10 49 54 18 23 35	 => 189
 40 35 23 46 11 34	 => 189
 26 34 11 21 45 52	 => 189
 33 52 45 29 13 17	 => 189
 54 31 6 30 50 18	 => 189
 23 18 50 27 25 46	 => 189
 11 46 25 39 47 21	 => 189
 45 21 47 43 4 29	 => 189
 50 30 24 5 53 27	 => 189
 25 27 53 8 37 39	 => 189
 47 39 37 3 20 43	 => 189


===================[TEST 7]===================

##### START ##### Tue May 13 11:50:51 2003



##### CONVERGE ##### Tue May 13 11:51:33 2003

Elapsed time: 42 seconds
Total loop: 615 generations

Result : 186.478

31 5 28 44 54 27 7 15 46 40 9 38 37 19 4 43 49 21 32 23 42 25 35 52 3 17 10 29 41 20 26 36 30 6 51 39 1 11 18 33 48 45 14 50 53 24 16 8 34 22 12 47 2 13 

 31 5 28 44 54 27	 => 189
 7 27 54 15 46 40	 => 189
 9 40 46 38 37 19	 => 189
 28 4 43 49 21 44	 => 189
 54 44 21 32 23 15	 => 189
 46 15 23 42 25 38	 => 189
 37 38 25 35 52 3	 => 190
 43 17 10 29 41 49	 => 189
 21 49 41 20 26 32	 => 189
 23 32 26 36 30 42	 => 189
 25 42 30 6 51 35	 => 189
 52 35 51 39 1 11	 => 189
 41 29 18 33 48 20	 => 189
 26 20 48 45 14 36	 => 189
 30 36 14 50 53 6	 => 189
 51 6 53 24 16 39	 => 189
 48 33 8 34 22 45	 => 190
 14 45 22 12 47 50	 => 190
 53 50 47 2 13 24	 => 189


===================[TEST 8]===================

##### START ##### Tue May 13 11:51:33 2003



##### CONVERGE ##### Tue May 13 11:52:36 2003

Elapsed time: 63 seconds
Total loop: 922 generations

Result : 186.215

16 5 30 47 52 39 3 27 44 24 7 51 54 10 14 34 45 19 33 12 49 6 48 29 1 4 22 43 41 28 23 32 40 8 38 35 13 26 15 25 37 50 20 36 53 46 9 17 18 42 11 31 21 2 

 16 5 30 47 52 39	 => 189
 3 39 52 27 44 24	 => 189
 7 24 44 51 54 10	 => 190
 30 14 34 45 19 47	 => 189
 52 47 19 33 12 27	 => 190
 44 27 12 49 6 51	 => 189
 54 51 6 48 29 1	 => 189
 34 4 22 43 41 45	 => 189
 19 45 41 28 23 33	 => 189
 12 33 23 32 40 49	 => 189
 6 49 40 8 38 48	 => 189
 29 48 38 35 13 26	 => 189
 41 43 15 25 37 28	 => 189
 23 28 37 50 20 32	 => 190
 40 32 20 36 53 8	 => 189
 38 8 53 46 9 35	 => 189
 37 25 17 18 42 50	 => 189
 20 50 42 11 31 36	 => 190
 53 36 31 21 2 46	 => 189


===================[TEST 9]===================

##### START ##### Tue May 13 11:52:36 2003



##### CONVERGE ##### Tue May 13 11:53:32 2003

Elapsed time: 56 seconds
Total loop: 814 generations

Result : 186.412

25 22 32 47 36 26 6 13 54 53 11 37 30 3 1 41 38 29 12 51 23 10 48 42 21 7 4 50 49 17 43 24 35 33 39 28 15 16 9 18 45 40 19 31 46 34 8 27 14 44 2 52 20 5 

 25 22 32 47 36 26	 => 188
 6 26 36 13 54 53	 => 188
 11 53 54 37 30 3	 => 188
 32 1 41 38 29 47	 => 188
 36 47 29 12 51 13	 => 188
 54 13 51 23 10 37	 => 188
 30 37 10 48 42 21	 => 188
 41 7 4 50 49 38	 => 189
 29 38 49 17 43 12	 => 188
 51 12 43 24 35 23	 => 188
 10 23 35 33 39 48	 => 188
 42 48 39 28 15 16	 => 188
 49 50 9 18 45 17	 => 188
 43 17 45 40 19 24	 => 188
 35 24 19 31 46 33	 => 188
 39 33 46 34 8 28	 => 188
 45 18 27 14 44 40	 => 188
 19 40 44 2 52 31	 => 188
 46 31 52 20 5 34	 => 188


===================[TEST 10]===================

##### START ##### Tue May 13 11:53:32 2003



##### CONVERGE ##### Tue May 13 11:54:21 2003

Elapsed time: 49 seconds
Total loop: 722 generations

Result : 185.268

30 5 23 54 32 45 2 29 33 48 10 42 43 13 1 50 44 17 21 35 26 24 53 19 8 9 14 20 52 27 28 41 38 11 37 46 18 15 3 51 36 31 25 34 40 49 6 16 7 47 12 39 22 4 

 30 5 23 54 32 45	 => 189
 2 45 32 29 33 48	 => 189
 10 48 33 42 43 13	 => 189
 23 1 50 44 17 54	 => 189
 32 54 17 21 35 29	 => 188
 33 29 35 26 24 42	 => 189
 43 42 24 53 19 8	 => 189
 50 9 14 20 52 44	 => 189
 17 44 52 27 28 21	 => 189
 35 21 28 41 38 26	 => 189
 24 26 38 11 37 53	 => 189
 19 53 37 46 18 15	 => 188
 52 20 3 51 36 27	 => 189
 28 27 36 31 25 41	 => 188
 38 41 25 34 40 11	 => 189
 37 11 40 49 6 46	 => 189
 36 51 16 7 47 31	 => 188
 25 31 47 12 39 34	 => 188
 40 34 39 22 4 49	 => 188



test#	fitness		sum		time
---------------------------------------------------
1	187.85			96
2	186.824	186		64
3	187.85			62
4	186.501			130
5	186.613			50
6	187.412			108
7	186.478			42
8	186.215			63
9	186.412			56
10	185.268			49


---------------------------------------------------
Best fitness      : 187.85( test# 1)
Best solution sum : 186( test# 2)
Shortest time     : 42( test# 7)

Average fitness   : 186.742
Average sol. sum  : 186
Average time      : 72
