****************** GA TEST *******************

total test#:			 100
hexa min width:			 3
hexa max width:			 5
hexa count:			 19
number count:			 54
population size:		 50
generation size:		 12

tournament winner p:		 1
xover:				 4points
do mutation1 p:			 0.1
mutation1 p:			 0.05
do optimize p:			 1
local optimize count:		 6000
do deep better optimize p:	 1
do deep worse optimize p:	 0
do spin p:			 0
spin count:			 1000
do spin apply p:		 1
do mutation2 p:			 0.12
mutation2 p:			 0.08
force mutation2:		 0
replace bad p:			 0.195

converge rate p:		 0.99
converge count:			 5

**********************************************


===================[TEST 1]===================

##### START ##### Wed May 14 14:24:24 2003



##### CONVERGE ##### Wed May 14 14:25:43 2003

Elapsed time: 79 seconds
Total loop: 119 generations

Result : 186.303

8 24 30 48 42 38 3 20 35 51 26 45 32 1 10 36 44 22 16 43 33 14 39 54 6 19 17 27 47 21 40 23 34 18 52 29 2 15 5 37 53 28 25 50 41 46 4 11 12 49 7 31 13 9 

 8 24 30 48 42 38	 => 190
 3 38 42 20 35 51	 => 189
 26 51 35 45 32 1	 => 190
 30 10 36 44 22 48	 => 190
 42 48 22 16 43 20	 => 191
 35 20 43 33 14 45	 => 190
 32 45 14 39 54 6	 => 190
 36 19 17 27 47 44	 => 190
 22 44 47 21 40 16	 => 190
 43 16 40 23 34 33	 => 189
 14 33 34 18 52 39	 => 190
 54 39 52 29 2 15	 => 191
 47 27 5 37 53 21	 => 190
 40 21 53 28 25 23	 => 190
 34 23 25 50 41 18	 => 191
 52 18 41 46 4 29	 => 190
 53 37 11 12 49 28	 => 190
 25 28 49 7 31 50	 => 190
 41 50 31 13 9 46	 => 190


===================[TEST 2]===================

##### START ##### Wed May 14 14:25:43 2003



##### CONVERGE ##### Wed May 14 14:27:39 2003

Elapsed time: 116 seconds
Total loop: 186 generations

Result : 187.85

4 8 36 52 42 48 3 13 45 39 10 43 51 2 7 32 49 14 26 44 35 11 47 37 1 9 23 24 53 15 33 21 31 20 46 38 6 16 19 29 50 41 30 34 54 27 5 18 12 40 17 28 25 22 

 4 8 36 52 42 48	 => 190
 3 48 42 13 45 39	 => 190
 10 39 45 43 51 2	 => 190
 36 7 32 49 14 52	 => 190
 42 52 14 26 44 13	 => 191
 45 13 44 35 11 43	 => 191
 51 43 11 47 37 1	 => 190
 32 9 23 24 53 49	 => 190
 14 49 53 15 33 26	 => 190
 44 26 33 21 31 35	 => 190
 11 35 31 20 46 47	 => 190
 37 47 46 38 6 16	 => 190
 53 24 19 29 50 15	 => 190
 33 15 50 41 30 21	 => 190
 31 21 30 34 54 20	 => 190
 46 20 54 27 5 38	 => 190
 50 29 18 12 40 41	 => 190
 30 41 40 17 28 34	 => 190
 54 34 28 25 22 27	 => 190


===================[TEST 3]===================

##### START ##### Wed May 14 14:27:39 2003



##### CONVERGE ##### Wed May 14 14:29:14 2003

Elapsed time: 95 seconds
Total loop: 151 generations

Result : 186.163

18 9 35 52 47 28 12 26 42 34 10 44 48 11 5 40 50 7 33 24 22 31 27 37 2 13 1 32 53 16 29 45 36 19 54 39 17 14 15 43 30 49 20 46 23 51 3 4 38 25 8 41 6 21 

 18 9 35 52 47 28	 => 189
 12 28 47 26 42 34	 => 189
 10 34 42 44 48 11	 => 189
 35 5 40 50 7 52	 => 189
 47 52 7 33 24 26	 => 189
 42 26 24 22 31 44	 => 189
 48 44 31 27 37 2	 => 189
 40 13 1 32 53 50	 => 189
 7 50 53 16 29 33	 => 188
 24 33 29 45 36 22	 => 189
 31 22 36 19 54 27	 => 189
 37 27 54 39 17 14	 => 188
 53 32 15 43 30 16	 => 189
 29 16 30 49 20 45	 => 189
 36 45 20 46 23 19	 => 189
 54 19 23 51 3 39	 => 189
 30 43 4 38 25 49	 => 189
 20 49 25 8 41 46	 => 189
 23 46 41 6 21 51	 => 188


===================[TEST 4]===================

##### START ##### Wed May 14 14:29:14 2003



##### CONVERGE ##### Wed May 14 14:31:06 2003

Elapsed time: 112 seconds
Total loop: 179 generations

Result : 187.215

2 7 45 52 40 44 4 23 36 43 5 53 24 29 10 33 48 3 37 35 30 14 39 47 13 8 9 41 51 17 34 26 28 25 54 32 12 6 1 31 49 46 19 50 42 22 15 21 16 27 11 38 20 18 

 2 7 45 52 40 44	 => 190
 4 44 40 23 36 43	 => 190
 5 43 36 53 24 29	 => 190
 45 10 33 48 3 52	 => 191
 40 52 3 37 35 23	 => 190
 36 23 35 30 14 53	 => 191
 24 53 14 39 47 13	 => 190
 33 8 9 41 51 48	 => 190
 3 48 51 17 34 37	 => 190
 35 37 34 26 28 30	 => 190
 14 30 28 25 54 39	 => 190
 47 39 54 32 12 6	 => 190
 51 41 1 31 49 17	 => 190
 34 17 49 46 19 26	 => 191
 28 26 19 50 42 25	 => 190
 54 25 42 22 15 32	 => 190
 49 31 21 16 27 46	 => 190
 19 46 27 11 38 50	 => 191
 42 50 38 20 18 22	 => 190


===================[TEST 5]===================

##### START ##### Wed May 14 14:31:07 2003



##### CONVERGE ##### Wed May 14 14:32:45 2003

Elapsed time: 98 seconds
Total loop: 158 generations

Result : 187.412

24 10 14 47 44 50 3 6 45 41 7 52 36 8 12 49 51 16 30 46 22 18 54 28 2 1 23 27 38 19 35 31 25 33 37 29 15 26 20 32 53 34 17 43 40 39 11 9 13 48 5 42 4 21 

 24 10 14 47 44 50	 => 189
 3 50 44 6 45 41	 => 189
 7 41 45 52 36 8	 => 189
 14 12 49 51 16 47	 => 189
 44 47 16 30 46 6	 => 189
 45 6 46 22 18 52	 => 189
 36 52 18 54 28 2	 => 190
 49 1 23 27 38 51	 => 189
 16 51 38 19 35 30	 => 189
 46 30 35 31 25 22	 => 189
 18 22 25 33 37 54	 => 189
 28 54 37 29 15 26	 => 189
 38 27 20 32 53 19	 => 189
 35 19 53 34 17 31	 => 189
 25 31 17 43 40 33	 => 189
 37 33 40 39 11 29	 => 189
 53 32 9 13 48 34	 => 189
 17 34 48 5 42 43	 => 189
 40 43 42 4 21 39	 => 189


===================[TEST 6]===================

##### START ##### Wed May 14 14:32:45 2003



##### CONVERGE ##### Wed May 14 14:34:22 2003

Elapsed time: 97 seconds
Total loop: 154 generations

Result : 185.85

12 6 51 40 34 45 3 15 50 41 17 52 20 8 16 36 23 22 46 31 26 14 48 33 21 18 10 54 47 7 43 13 30 28 42 32 9 24 2 25 53 37 35 39 44 38 4 5 19 49 1 27 29 11 

 12 6 51 40 34 45	 => 188
 3 45 34 15 50 41	 => 188
 17 41 50 52 20 8	 => 188
 51 16 36 23 22 40	 => 188
 34 40 22 46 31 15	 => 188
 50 15 31 26 14 52	 => 188
 20 52 14 48 33 21	 => 188
 36 18 10 54 47 23	 => 188
 22 23 47 7 43 46	 => 188
 31 46 43 13 30 26	 => 189
 14 26 30 28 42 48	 => 188
 33 48 42 32 9 24	 => 188
 47 54 2 25 53 7	 => 188
 43 7 53 37 35 13	 => 188
 30 13 35 39 44 28	 => 189
 42 28 44 38 4 32	 => 188
 53 25 5 19 49 37	 => 188
 35 37 49 1 27 39	 => 188
 44 39 27 29 11 38	 => 188


===================[TEST 7]===================

##### START ##### Wed May 14 14:34:22 2003



##### CONVERGE ##### Wed May 14 14:35:45 2003

Elapsed time: 83 seconds
Total loop: 132 generations

Result : 186.215

14 15 29 45 51 35 12 7 50 34 6 39 32 28 1 41 54 19 38 30 43 20 46 48 5 2 23 22 47 21 10 31 37 16 27 52 3 13 18 33 49 53 25 36 44 42 8 24 4 26 9 40 17 11 

 14 15 29 45 51 35	 => 189
 12 35 51 7 50 34	 => 189
 6 34 50 39 32 28	 => 189
 29 1 41 54 19 45	 => 189
 51 45 19 38 30 7	 => 190
 50 7 30 43 20 39	 => 189
 32 39 20 46 48 5	 => 190
 41 2 23 22 47 54	 => 189
 19 54 47 21 10 38	 => 189
 30 38 10 31 37 43	 => 189
 20 43 37 16 27 46	 => 189
 48 46 27 52 3 13	 => 189
 47 22 18 33 49 21	 => 190
 10 21 49 53 25 31	 => 189
 37 31 25 36 44 16	 => 189
 27 16 44 42 8 52	 => 189
 49 33 24 4 26 53	 => 189
 25 53 26 9 40 36	 => 189
 44 36 40 17 11 42	 => 190


===================[TEST 8]===================

##### START ##### Wed May 14 14:35:45 2003



##### CONVERGE ##### Wed May 14 14:37:20 2003

Elapsed time: 95 seconds
Total loop: 149 generations

Result : 186.478

12 2 39 48 52 36 13 4 41 43 18 49 29 9 14 32 53 3 40 42 37 16 46 45 5 22 6 30 47 20 26 33 11 25 54 24 1 19 7 50 35 44 31 38 51 28 8 23 10 27 15 34 21 17 

 12 2 39 48 52 36	 => 189
 13 36 52 4 41 43	 => 189
 18 43 41 49 29 9	 => 189
 39 14 32 53 3 48	 => 189
 52 48 3 40 42 4	 => 189
 41 4 42 37 16 49	 => 189
 29 49 16 46 45 5	 => 190
 32 22 6 30 47 53	 => 190
 3 53 47 20 26 40	 => 189
 42 40 26 33 11 37	 => 189
 16 37 11 25 54 46	 => 189
 45 46 54 24 1 19	 => 189
 47 30 7 50 35 20	 => 189
 26 20 35 44 31 33	 => 189
 11 33 31 38 51 25	 => 189
 54 25 51 28 8 24	 => 190
 35 50 23 10 27 44	 => 189
 31 44 27 15 34 38	 => 189
 51 38 34 21 17 28	 => 189


===================[TEST 9]===================

##### START ##### Wed May 14 14:37:20 2003



##### CONVERGE ##### Wed May 14 14:39:41 2003

Elapsed time: 141 seconds
Total loop: 223 generations

Result : 186.85

4 2 50 51 52 30 5 10 48 44 21 41 26 9 3 25 46 14 35 27 39 24 54 38 6 11 22 36 49 17 28 40 20 15 37 34 19 8 12 33 42 47 16 45 53 18 32 23 13 31 7 43 1 29 

 4 2 50 51 52 30	 => 189
 5 30 52 10 48 44	 => 189
 21 44 48 41 26 9	 => 189
 50 3 25 46 14 51	 => 189
 52 51 14 35 27 10	 => 189
 48 10 27 39 24 41	 => 189
 26 41 24 54 38 6	 => 189
 25 11 22 36 49 46	 => 189
 14 46 49 17 28 35	 => 189
 27 35 28 40 20 39	 => 189
 24 39 20 15 37 54	 => 189
 38 54 37 34 19 8	 => 190
 49 36 12 33 42 17	 => 189
 28 17 42 47 16 40	 => 190
 20 40 16 45 53 15	 => 189
 37 15 53 18 32 34	 => 189
 42 33 23 13 31 47	 => 189
 16 47 31 7 43 45	 => 189
 53 45 43 1 29 18	 => 189


===================[TEST 10]===================

##### START ##### Wed May 14 14:39:41 2003



##### CONVERGE ##### Wed May 14 14:41:27 2003

Elapsed time: 106 seconds
Total loop: 167 generations

Result : 187.163

10 19 31 39 47 43 2 14 30 54 13 53 23 17 1 51 50 18 28 44 26 22 37 52 3 21 6 29 33 34 27 24 41 15 49 35 12 4 8 46 40 45 20 42 48 32 11 7 16 36 9 38 25 5 

 10 19 31 39 47 43	 => 189
 2 43 47 14 30 54	 => 190
 13 54 30 53 23 17	 => 190
 31 1 51 50 18 39	 => 190
 47 39 18 28 44 14	 => 190
 30 14 44 26 22 53	 => 189
 23 53 22 37 52 3	 => 190
 51 21 6 29 33 50	 => 190
 18 50 33 34 27 28	 => 190
 44 28 27 24 41 26	 => 190
 22 26 41 15 49 37	 => 190
 52 37 49 35 12 4	 => 189
 33 29 8 46 40 34	 => 190
 27 34 40 45 20 24	 => 190
 41 24 20 42 48 15	 => 190
 49 15 48 32 11 35	 => 190
 40 46 7 16 36 45	 => 190
 20 45 36 9 38 42	 => 190
 48 42 38 25 5 32	 => 190


===================[TEST 11]===================

##### START ##### Wed May 14 14:41:27 2003



##### CONVERGE ##### Wed May 14 14:43:17 2003

Elapsed time: 110 seconds
Total loop: 173 generations

Result : 187.268

22 3 27 50 39 49 5 17 37 43 6 54 30 21 9 40 48 16 25 44 24 15 52 38 1 14 7 31 51 23 28 36 34 13 53 29 11 8 10 42 33 45 26 35 47 46 2 19 20 32 12 41 18 4 

 22 3 27 50 39 49	 => 190
 5 49 39 17 37 43	 => 190
 6 43 37 54 30 21	 => 191
 27 9 40 48 16 50	 => 190
 39 50 16 25 44 17	 => 191
 37 17 44 24 15 54	 => 191
 30 54 15 52 38 1	 => 190
 40 14 7 31 51 48	 => 191
 16 48 51 23 28 25	 => 191
 44 25 28 36 34 24	 => 191
 15 24 34 13 53 52	 => 191
 38 52 53 29 11 8	 => 191
 51 31 10 42 33 23	 => 190
 28 23 33 45 26 36	 => 191
 34 36 26 35 47 13	 => 191
 53 13 47 46 2 29	 => 190
 33 42 19 20 32 45	 => 191
 26 45 32 12 41 35	 => 191
 47 35 41 18 4 46	 => 191


===================[TEST 12]===================

##### START ##### Wed May 14 14:43:17 2003



##### CONVERGE ##### Wed May 14 14:44:23 2003

Elapsed time: 66 seconds
Total loop: 105 generations

Result : 185.478

11 15 19 45 46 52 1 9 49 31 4 28 50 27 6 33 53 32 8 48 29 25 36 42 7 10 3 51 38 17 40 26 37 14 47 21 23 20 5 34 43 41 22 35 54 39 13 2 24 44 16 30 18 12 

 11 15 19 45 46 52	 => 188
 1 52 46 9 49 31	 => 188
 4 31 49 28 50 27	 => 189
 19 6 33 53 32 45	 => 188
 46 45 32 8 48 9	 => 188
 49 9 48 29 25 28	 => 188
 50 28 25 36 42 7	 => 188
 33 10 3 51 38 53	 => 188
 32 53 38 17 40 8	 => 188
 48 8 40 26 37 29	 => 188
 25 29 37 14 47 36	 => 188
 42 36 47 21 23 20	 => 189
 38 51 5 34 43 17	 => 188
 40 17 43 41 22 26	 => 189
 37 26 22 35 54 14	 => 188
 47 14 54 39 13 21	 => 188
 43 34 2 24 44 41	 => 188
 22 41 44 16 30 35	 => 188
 54 35 30 18 12 39	 => 188


===================[TEST 13]===================

##### START ##### Wed May 14 14:44:23 2003



##### CONVERGE ##### Wed May 14 14:45:50 2003

Elapsed time: 87 seconds
Total loop: 137 generations

Result : 186.215

8 3 47 37 46 48 10 14 27 44 28 53 26 11 1 33 43 29 25 38 36 21 40 34 15 13 20 45 35 16 41 18 31 19 42 50 17 6 2 52 39 54 22 51 49 24 5 12 9 23 7 32 4 30 

 8 3 47 37 46 48	 => 189
 10 48 46 14 27 44	 => 189
 28 44 27 53 26 11	 => 189
 47 1 33 43 29 37	 => 190
 46 37 29 25 38 14	 => 189
 27 14 38 36 21 53	 => 189
 26 53 21 40 34 15	 => 189
 33 13 20 45 35 43	 => 189
 29 43 35 16 41 25	 => 189
 38 25 41 18 31 36	 => 189
 21 36 31 19 42 40	 => 189
 34 40 42 50 17 6	 => 189
 35 45 2 52 39 16	 => 189
 41 16 39 54 22 18	 => 190
 31 18 22 51 49 19	 => 190
 42 19 49 24 5 50	 => 189
 39 52 12 9 23 54	 => 189
 22 54 23 7 32 51	 => 189
 49 51 32 4 30 24	 => 190


===================[TEST 14]===================

##### START ##### Wed May 14 14:45:50 2003



##### CONVERGE ##### Wed May 14 14:47:54 2003

Elapsed time: 124 seconds
Total loop: 198 generations

Result : 186.215

10 12 47 43 28 49 4 30 27 51 16 54 21 20 2 32 50 15 37 36 24 19 42 52 1 8 14 41 44 5 38 29 26 33 45 23 3 25 7 39 53 46 18 35 48 31 9 6 11 34 17 40 13 22 

 10 12 47 43 28 49	 => 189
 4 49 28 30 27 51	 => 189
 16 51 27 54 21 20	 => 189
 47 2 32 50 15 43	 => 189
 28 43 15 37 36 30	 => 189
 27 30 36 24 19 54	 => 190
 21 54 19 42 52 1	 => 189
 32 8 14 41 44 50	 => 189
 15 50 44 5 38 37	 => 189
 36 37 38 29 26 24	 => 190
 19 24 26 33 45 42	 => 189
 52 42 45 23 3 25	 => 190
 44 41 7 39 53 5	 => 189
 38 5 53 46 18 29	 => 189
 26 29 18 35 48 33	 => 189
 45 33 48 31 9 23	 => 189
 53 39 6 11 34 46	 => 189
 18 46 34 17 40 35	 => 190
 48 35 40 13 22 31	 => 189


===================[TEST 15]===================

##### START ##### Wed May 14 14:47:55 2003



##### CONVERGE ##### Wed May 14 14:50:17 2003

Elapsed time: 142 seconds
Total loop: 226 generations

Result : 187.087

8 18 26 54 48 37 1 19 51 34 13 39 52 2 11 38 50 12 30 28 40 14 36 44 5 3 22 31 47 27 25 35 32 23 46 41 9 15 10 33 43 53 7 49 45 29 6 17 20 24 16 42 21 4 

 8 18 26 54 48 37	 => 191
 1 37 48 19 51 34	 => 190
 13 34 51 39 52 2	 => 191
 26 11 38 50 12 54	 => 191
 48 54 12 30 28 19	 => 191
 51 19 28 40 14 39	 => 191
 52 39 14 36 44 5	 => 190
 38 3 22 31 47 50	 => 191
 12 50 47 27 25 30	 => 191
 28 30 25 35 32 40	 => 190
 14 40 32 23 46 36	 => 191
 44 36 46 41 9 15	 => 191
 47 31 10 33 43 27	 => 191
 25 27 43 53 7 35	 => 190
 32 35 7 49 45 23	 => 191
 46 23 45 29 6 41	 => 190
 43 33 17 20 24 53	 => 190
 7 53 24 16 42 49	 => 191
 45 49 42 21 4 29	 => 190


===================[TEST 16]===================

##### START ##### Wed May 14 14:50:17 2003



##### CONVERGE ##### Wed May 14 14:51:46 2003

Elapsed time: 89 seconds
Total loop: 141 generations

Result : 186.501

8 20 39 43 48 31 7 22 54 28 1 49 52 6 3 50 42 13 40 24 37 4 51 32 2 16 15 21 46 23 26 29 33 27 38 45 5 19 14 44 41 53 18 47 36 35 9 10 11 30 17 25 12 34 

 8 20 39 43 48 31	 => 189
 7 31 48 22 54 28	 => 190
 1 28 54 49 52 6	 => 190
 39 3 50 42 13 43	 => 190
 48 43 13 40 24 22	 => 190
 54 22 24 37 4 49	 => 190
 52 49 4 51 32 2	 => 190
 50 16 15 21 46 42	 => 190
 13 42 46 23 26 40	 => 190
 24 40 26 29 33 37	 => 189
 4 37 33 27 38 51	 => 190
 32 51 38 45 5 19	 => 190
 46 21 14 44 41 23	 => 189
 26 23 41 53 18 29	 => 190
 33 29 18 47 36 27	 => 190
 38 27 36 35 9 45	 => 190
 41 44 10 11 30 53	 => 189
 18 53 30 17 25 47	 => 190
 36 47 25 12 34 35	 => 189


===================[TEST 17]===================

##### START ##### Wed May 14 14:51:46 2003



##### CONVERGE ##### Wed May 14 14:54:36 2003

Elapsed time: 170 seconds
Total loop: 270 generations

Result : 188.306

5 8 35 45 50 47 7 24 41 21 11 54 49 14 1 39 48 22 29 20 28 23 36 26 2 15 13 31 44 4 43 37 33 19 51 40 27 10 17 52 42 46 18 53 30 34 16 12 6 32 3 38 25 9 

 5 8 35 45 50 47	 => 190
 7 47 50 24 41 21	 => 190
 11 21 41 54 49 14	 => 190
 35 1 39 48 22 45	 => 190
 50 45 22 29 20 24	 => 190
 41 24 20 28 23 54	 => 190
 49 54 23 36 26 2	 => 190
 39 15 13 31 44 48	 => 190
 22 48 44 4 43 29	 => 190
 20 29 43 37 33 28	 => 190
 23 28 33 19 51 36	 => 190
 26 36 51 40 27 10	 => 190
 44 31 17 52 42 4	 => 190
 43 4 42 46 18 37	 => 190
 33 37 18 53 30 19	 => 190
 51 19 30 34 16 40	 => 190
 42 52 12 6 32 46	 => 190
 18 46 32 3 38 53	 => 190
 30 53 38 25 9 34	 => 189


===================[TEST 18]===================

##### START ##### Wed May 14 14:54:36 2003



##### CONVERGE ##### Wed May 14 14:56:32 2003

Elapsed time: 116 seconds
Total loop: 184 generations

Result : 187.163

8 18 26 49 35 54 2 14 48 37 4 39 43 19 6 32 50 27 31 34 38 17 52 36 3 24 7 47 30 22 29 33 25 16 42 28 12 20 5 41 45 40 21 51 44 46 13 10 1 53 9 15 23 11 

 8 18 26 49 35 54	 => 190
 2 54 35 14 48 37	 => 190
 4 37 48 39 43 19	 => 190
 26 6 32 50 27 49	 => 190
 35 49 27 31 34 14	 => 190
 48 14 34 38 17 39	 => 190
 43 39 17 52 36 3	 => 190
 32 24 7 47 30 50	 => 190
 27 50 30 22 29 31	 => 189
 34 31 29 33 25 38	 => 190
 17 38 25 16 42 52	 => 190
 36 52 42 28 12 20	 => 190
 30 47 5 41 45 22	 => 190
 29 22 45 40 21 33	 => 190
 25 33 21 51 44 16	 => 190
 42 16 44 46 13 28	 => 189
 45 41 10 1 53 40	 => 190
 21 40 53 9 15 51	 => 189
 44 51 15 23 11 46	 => 190


===================[TEST 19]===================

##### START ##### Wed May 14 14:56:32 2003



##### CONVERGE ##### Wed May 14 14:58:47 2003

Elapsed time: 135 seconds
Total loop: 211 generations

Result : 187.478

12 19 34 50 37 38 6 21 53 35 8 44 45 5 3 31 42 30 27 25 40 7 47 43 4 2 24 41 51 1 39 32 28 22 46 23 20 11 15 33 49 52 18 36 54 29 16 13 17 26 10 48 14 9 

 12 19 34 50 37 38	 => 190
 6 38 37 21 53 35	 => 190
 8 35 53 44 45 5	 => 190
 34 3 31 42 30 50	 => 190
 37 50 30 27 25 21	 => 190
 53 21 25 40 7 44	 => 190
 45 44 7 47 43 4	 => 190
 31 2 24 41 51 42	 => 191
 30 42 51 1 39 27	 => 190
 25 27 39 32 28 40	 => 191
 7 40 28 22 46 47	 => 190
 43 47 46 23 20 11	 => 190
 51 41 15 33 49 1	 => 190
 39 1 49 52 18 32	 => 191
 28 32 18 36 54 22	 => 190
 46 22 54 29 16 23	 => 190
 49 33 13 17 26 52	 => 190
 18 52 26 10 48 36	 => 190
 54 36 48 14 9 29	 => 190


===================[TEST 20]===================

##### START ##### Wed May 14 14:58:47 2003



##### CONVERGE ##### Wed May 14 15:00:37 2003

Elapsed time: 110 seconds
Total loop: 175 generations

Result : 186.303

20 8 34 53 36 39 5 28 40 41 10 52 25 22 3 47 38 15 37 21 42 7 45 44 17 19 4 27 54 11 35 32 23 24 49 30 9 13 2 50 46 48 18 51 43 31 14 16 1 29 12 33 26 6 

 20 8 34 53 36 39	 => 190
 5 39 36 28 40 41	 => 189
 10 41 40 52 25 22	 => 190
 34 3 47 38 15 53	 => 190
 36 53 15 37 21 28	 => 190
 40 28 21 42 7 52	 => 190
 25 52 7 45 44 17	 => 190
 47 19 4 27 54 38	 => 189
 15 38 54 11 35 37	 => 190
 21 37 35 32 23 42	 => 190
 7 42 23 24 49 45	 => 190
 44 45 49 30 9 13	 => 190
 54 27 2 50 46 11	 => 190
 35 11 46 48 18 32	 => 190
 23 32 18 51 43 24	 => 191
 49 24 43 31 14 30	 => 191
 46 50 16 1 29 48	 => 190
 18 48 29 12 33 51	 => 191
 43 51 33 26 6 31	 => 190


===================[TEST 21]===================

##### START ##### Wed May 14 15:00:37 2003



##### CONVERGE ##### Wed May 14 15:03:14 2003

Elapsed time: 157 seconds
Total loop: 249 generations

Result : 186.027

26 8 20 50 51 34 12 24 38 31 22 52 37 9 17 47 45 11 32 21 39 15 35 36 14 4 2 42 49 19 33 16 48 7 46 41 25 6 5 30 44 54 23 43 53 29 13 3 18 40 1 28 10 27 

 26 8 20 50 51 34	 => 189
 12 34 51 24 38 31	 => 190
 22 31 38 52 37 9	 => 189
 20 17 47 45 11 50	 => 190
 51 50 11 32 21 24	 => 189
 38 24 21 39 15 52	 => 189
 37 52 15 35 36 14	 => 189
 47 4 2 42 49 45	 => 189
 11 45 49 19 33 32	 => 189
 21 32 33 16 48 39	 => 189
 15 39 48 7 46 35	 => 190
 36 35 46 41 25 6	 => 189
 49 42 5 30 44 19	 => 189
 33 19 44 54 23 16	 => 189
 48 16 23 43 53 7	 => 190
 46 7 53 29 13 41	 => 189
 44 30 3 18 40 54	 => 189
 23 54 40 1 28 43	 => 189
 53 43 28 10 27 29	 => 190


===================[TEST 22]===================

##### START ##### Wed May 14 15:03:14 2003



##### CONVERGE ##### Wed May 14 15:04:26 2003

Elapsed time: 72 seconds
Total loop: 114 generations

Result : 185.85

8 11 42 35 51 41 2 18 40 36 7 52 33 20 19 49 27 16 25 43 29 6 53 39 5 21 9 32 50 34 37 30 24 28 48 44 1 3 10 15 47 26 14 54 38 17 13 23 31 46 4 45 22 12 

 8 11 42 35 51 41	 => 188
 2 41 51 18 40 36	 => 188
 7 36 40 52 33 20	 => 188
 42 19 49 27 16 35	 => 188
 51 35 16 25 43 18	 => 188
 40 18 43 29 6 52	 => 188
 33 52 6 53 39 5	 => 188
 49 21 9 32 50 27	 => 188
 16 27 50 34 37 25	 => 189
 43 25 37 30 24 29	 => 188
 6 29 24 28 48 53	 => 188
 39 53 48 44 1 3	 => 188
 50 32 10 15 47 34	 => 188
 37 34 47 26 14 30	 => 188
 24 30 14 54 38 28	 => 188
 48 28 38 17 13 44	 => 188
 47 15 23 31 46 26	 => 188
 14 26 46 4 45 54	 => 189
 38 54 45 22 12 17	 => 188


===================[TEST 23]===================

##### START ##### Wed May 14 15:04:26 2003



##### CONVERGE ##### Wed May 14 15:06:18 2003

Elapsed time: 112 seconds
Total loop: 178 generations

Result : 187.163

18 5 51 40 50 26 1 27 44 42 14 54 16 20 3 36 49 11 30 32 23 10 48 37 25 12 6 41 45 21 34 28 43 19 47 33 7 17 2 35 46 52 9 53 38 31 22 4 24 29 8 39 15 13 

 18 5 51 40 50 26	 => 190
 1 26 50 27 44 42	 => 190
 14 42 44 54 16 20	 => 190
 51 3 36 49 11 40	 => 190
 50 40 11 30 32 27	 => 190
 44 27 32 23 10 54	 => 190
 16 54 10 48 37 25	 => 190
 36 12 6 41 45 49	 => 189
 11 49 45 21 34 30	 => 190
 32 30 34 28 43 23	 => 190
 10 23 43 19 47 48	 => 190
 37 48 47 33 7 17	 => 189
 45 41 2 35 46 21	 => 190
 34 21 46 52 9 28	 => 190
 43 28 9 53 38 19	 => 190
 47 19 38 31 22 33	 => 190
 46 35 4 24 29 52	 => 190
 9 52 29 8 39 53	 => 190
 38 53 39 15 13 31	 => 189


===================[TEST 24]===================

##### START ##### Wed May 14 15:06:18 2003



##### CONVERGE ##### Wed May 14 15:09:33 2003

Elapsed time: 195 seconds
Total loop: 311 generations

Result : 186.85

16 10 34 44 49 36 3 26 53 22 21 42 46 5 4 48 47 12 40 18 35 15 52 33 1 6 9 29 50 2 38 39 19 23 45 31 11 17 13 54 41 43 27 51 30 32 28 7 20 24 8 37 14 25 

 16 10 34 44 49 36	 => 189
 3 36 49 26 53 22	 => 189
 21 22 53 42 46 5	 => 189
 34 4 48 47 12 44	 => 189
 49 44 12 40 18 26	 => 189
 53 26 18 35 15 42	 => 189
 46 42 15 52 33 1	 => 189
 48 6 9 29 50 47	 => 189
 12 47 50 2 38 40	 => 189
 18 40 38 39 19 35	 => 189
 15 35 19 23 45 52	 => 189
 33 52 45 31 11 17	 => 189
 50 29 13 54 41 2	 => 189
 38 2 41 43 27 39	 => 190
 19 39 27 51 30 23	 => 189
 45 23 30 32 28 31	 => 189
 41 54 7 20 24 43	 => 189
 27 43 24 8 37 51	 => 190
 30 51 37 14 25 32	 => 189


===================[TEST 25]===================

##### START ##### Wed May 14 15:09:33 2003



##### CONVERGE ##### Wed May 14 15:11:23 2003

Elapsed time: 110 seconds
Total loop: 175 generations

Result : 185.613

27 3 41 47 50 21 8 11 51 48 14 34 38 4 1 39 46 15 36 29 44 20 42 43 12 10 2 52 40 17 35 22 24 6 53 28 18 5 9 26 45 37 33 49 54 25 23 19 30 31 7 32 13 16 

 27 3 41 47 50 21	 => 189
 8 21 50 11 51 48	 => 189
 14 48 51 34 38 4	 => 189
 41 1 39 46 15 47	 => 189
 50 47 15 36 29 11	 => 188
 51 11 29 44 20 34	 => 189
 38 34 20 42 43 12	 => 189
 39 10 2 52 40 46	 => 189
 15 46 40 17 35 36	 => 189
 29 36 35 22 24 44	 => 190
 20 44 24 6 53 42	 => 189
 43 42 53 28 18 5	 => 189
 40 52 9 26 45 17	 => 189
 35 17 45 37 33 22	 => 189
 24 22 33 49 54 6	 => 188
 53 6 54 25 23 28	 => 189
 45 26 19 30 31 37	 => 188
 33 37 31 7 32 49	 => 189
 54 49 32 13 16 25	 => 189


===================[TEST 26]===================

##### START ##### Wed May 14 15:11:23 2003



##### CONVERGE ##### Wed May 14 15:12:28 2003

Elapsed time: 65 seconds
Total loop: 103 generations

Result : 186.215

15 20 25 48 54 27 10 7 40 51 1 42 44 11 4 45 49 18 13 50 23 28 29 41 5 12 3 34 46 24 39 38 26 31 52 36 22 9 6 47 33 37 19 43 32 30 8 21 16 35 2 53 14 17 

 15 20 25 48 54 27	 => 189
 10 27 54 7 40 51	 => 189
 1 51 40 42 44 11	 => 189
 25 4 45 49 18 48	 => 189
 54 48 18 13 50 7	 => 190
 40 7 50 23 28 42	 => 190
 44 42 28 29 41 5	 => 189
 45 12 3 34 46 49	 => 189
 18 49 46 24 39 13	 => 189
 50 13 39 38 26 23	 => 189
 28 23 26 31 52 29	 => 189
 41 29 52 36 22 9	 => 189
 46 34 6 47 33 24	 => 190
 39 24 33 37 19 38	 => 190
 26 38 19 43 32 31	 => 189
 52 31 32 30 8 36	 => 189
 33 47 21 16 35 37	 => 189
 19 37 35 2 53 43	 => 189
 32 43 53 14 17 30	 => 189


===================[TEST 27]===================

##### START ##### Wed May 14 15:12:28 2003



##### CONVERGE ##### Wed May 14 15:14:18 2003

Elapsed time: 110 seconds
Total loop: 175 generations

Result : 186.478

17 8 47 38 45 34 4 22 49 35 11 53 36 5 16 23 39 26 30 28 12 25 52 21 2 9 27 41 50 3 42 40 37 19 44 33 15 24 1 46 48 43 13 51 29 54 10 6 14 32 20 31 7 18 

 17 8 47 38 45 34	 => 189
 4 34 45 22 49 35	 => 189
 11 35 49 53 36 5	 => 189
 47 16 23 39 26 38	 => 189
 45 38 26 30 28 22	 => 189
 49 22 28 12 25 53	 => 189
 36 53 25 52 21 2	 => 189
 23 9 27 41 50 39	 => 189
 26 39 50 3 42 30	 => 190
 28 30 42 40 37 12	 => 189
 25 12 37 19 44 52	 => 189
 21 52 44 33 15 24	 => 189
 50 41 1 46 48 3	 => 189
 42 3 48 43 13 40	 => 189
 37 40 13 51 29 19	 => 189
 44 19 29 54 10 33	 => 189
 48 46 6 14 32 43	 => 189
 13 43 32 20 31 51	 => 190
 29 51 31 7 18 54	 => 190


===================[TEST 28]===================

##### START ##### Wed May 14 15:14:18 2003



##### CONVERGE ##### Wed May 14 15:16:14 2003

Elapsed time: 116 seconds
Total loop: 183 generations

Result : 186.478

29 3 42 40 48 27 1 8 52 53 10 47 25 2 7 28 51 21 26 46 23 13 54 33 17 15 24 37 34 38 20 43 31 19 50 35 12 5 11 30 39 45 4 49 44 32 9 16 18 41 14 36 22 6 

 29 3 42 40 48 27	 => 189
 1 27 48 8 52 53	 => 189
 10 53 52 47 25 2	 => 189
 42 7 28 51 21 40	 => 189
 48 40 21 26 46 8	 => 189
 52 8 46 23 13 47	 => 189
 25 47 13 54 33 17	 => 189
 28 15 24 37 34 51	 => 189
 21 51 34 38 20 26	 => 190
 46 26 20 43 31 23	 => 189
 13 23 31 19 50 54	 => 190
 33 54 50 35 12 5	 => 189
 34 37 11 30 39 38	 => 189
 20 38 39 45 4 43	 => 189
 31 43 4 49 44 19	 => 190
 50 19 44 32 9 35	 => 189
 39 30 16 18 41 45	 => 189
 4 45 41 14 36 49	 => 189
 44 49 36 22 6 32	 => 189


===================[TEST 29]===================

##### START ##### Wed May 14 15:16:14 2003



##### CONVERGE ##### Wed May 14 15:17:40 2003

Elapsed time: 86 seconds
Total loop: 137 generations

Result : 187.478

4 18 41 45 29 53 17 19 38 34 12 54 42 10 3 33 40 28 37 32 24 23 47 22 2 7 15 52 43 11 31 30 36 16 44 51 21 5 8 26 50 48 20 49 39 35 6 14 25 27 1 46 13 9 

 4 18 41 45 29 53	 => 190
 17 53 29 19 38 34	 => 190
 12 34 38 54 42 10	 => 190
 41 3 33 40 28 45	 => 190
 29 45 28 37 32 19	 => 190
 38 19 32 24 23 54	 => 190
 42 54 23 47 22 2	 => 190
 33 7 15 52 43 40	 => 190
 28 40 43 11 31 37	 => 190
 32 37 31 30 36 24	 => 190
 23 24 36 16 44 47	 => 190
 22 47 44 51 21 5	 => 190
 43 52 8 26 50 11	 => 190
 31 11 50 48 20 30	 => 190
 36 30 20 49 39 16	 => 190
 44 16 39 35 6 51	 => 191
 50 26 14 25 27 48	 => 190
 20 48 27 1 46 49	 => 191
 39 49 46 13 9 35	 => 191


===================[TEST 30]===================

##### START ##### Wed May 14 15:17:41 2003



##### CONVERGE ##### Wed May 14 15:19:27 2003

Elapsed time: 106 seconds
Total loop: 166 generations

Result : 187.412

9 10 43 54 53 20 1 15 52 48 24 35 27 3 4 38 37 13 29 25 26 36 50 33 8 28 7 31 49 19 42 46 21 22 34 44 17 11 6 45 39 41 2 51 47 30 12 14 18 32 23 40 5 16 

 9 10 43 54 53 20	 => 189
 1 20 53 15 52 48	 => 189
 24 48 52 35 27 3	 => 189
 43 4 38 37 13 54	 => 189
 53 54 13 29 25 15	 => 189
 52 15 25 26 36 35	 => 189
 27 35 36 50 33 8	 => 189
 38 28 7 31 49 37	 => 190
 13 37 49 19 42 29	 => 189
 25 29 42 46 21 26	 => 189
 36 26 21 22 34 50	 => 189
 33 50 34 44 17 11	 => 189
 49 31 6 45 39 19	 => 189
 42 19 39 41 2 46	 => 189
 21 46 2 51 47 22	 => 189
 34 22 47 30 12 44	 => 189
 39 45 14 18 32 41	 => 189
 2 41 32 23 40 51	 => 189
 47 51 40 5 16 30	 => 189


===================[TEST 31]===================

##### START ##### Wed May 14 15:19:27 2003



##### CONVERGE ##### Wed May 14 15:21:15 2003

Elapsed time: 108 seconds
Total loop: 172 generations

Result : 187.412

16 20 25 40 54 34 13 8 49 31 4 44 42 19 6 51 46 21 29 37 36 15 45 41 2 5 9 26 52 12 30 24 33 10 50 39 11 3 18 38 43 53 27 47 48 35 7 1 32 22 23 17 28 14 

 16 20 25 40 54 34	 => 189
 13 34 54 8 49 31	 => 189
 4 31 49 44 42 19	 => 189
 25 6 51 46 21 40	 => 189
 54 40 21 29 37 8	 => 189
 49 8 37 36 15 44	 => 189
 42 44 15 45 41 2	 => 189
 51 5 9 26 52 46	 => 189
 21 46 52 12 30 29	 => 190
 37 29 30 24 33 36	 => 189
 15 36 33 10 50 45	 => 189
 41 45 50 39 11 3	 => 189
 52 26 18 38 43 12	 => 189
 30 12 43 53 27 24	 => 189
 33 24 27 47 48 10	 => 189
 50 10 48 35 7 39	 => 189
 43 38 1 32 22 53	 => 189
 27 53 22 23 17 47	 => 189
 48 47 17 28 14 35	 => 189


===================[TEST 32]===================

##### START ##### Wed May 14 15:21:15 2003



##### CONVERGE ##### Wed May 14 15:22:51 2003

Elapsed time: 96 seconds
Total loop: 152 generations

Result : 186.85

3 19 48 26 41 53 1 18 42 34 5 51 36 21 4 43 31 37 35 32 38 8 54 27 13 24 7 39 45 16 25 29 30 10 49 20 28 11 2 40 47 50 22 46 52 44 14 17 12 23 15 33 6 9 

 3 19 48 26 41 53	 => 190
 1 53 41 18 42 34	 => 189
 5 34 42 51 36 21	 => 189
 48 4 43 31 37 26	 => 189
 41 26 37 35 32 18	 => 189
 42 18 32 38 8 51	 => 189
 36 51 8 54 27 13	 => 189
 43 24 7 39 45 31	 => 189
 37 31 45 16 25 35	 => 189
 32 35 25 29 30 38	 => 189
 8 38 30 10 49 54	 => 189
 27 54 49 20 28 11	 => 189
 45 39 2 40 47 16	 => 189
 25 16 47 50 22 29	 => 189
 30 29 22 46 52 10	 => 189
 49 10 52 44 14 20	 => 189
 47 40 17 12 23 50	 => 189
 22 50 23 15 33 46	 => 189
 52 46 33 6 9 44	 => 190


===================[TEST 33]===================

##### START ##### Wed May 14 15:22:51 2003



##### CONVERGE ##### Wed May 14 15:24:24 2003

Elapsed time: 93 seconds
Total loop: 148 generations

Result : 187.85

24 8 39 47 46 26 2 32 50 34 15 30 49 12 21 25 52 6 36 23 33 22 37 45 7 14 19 29 51 17 28 43 27 18 53 41 11 4 1 44 48 35 20 40 42 31 5 9 16 38 3 54 13 10 

 24 8 39 47 46 26	 => 190
 2 26 46 32 50 34	 => 190
 15 34 50 30 49 12	 => 190
 39 21 25 52 6 47	 => 190
 46 47 6 36 23 32	 => 190
 50 32 23 33 22 30	 => 190
 49 30 22 37 45 7	 => 190
 25 14 19 29 51 52	 => 190
 6 52 51 17 28 36	 => 190
 23 36 28 43 27 33	 => 190
 22 33 27 18 53 37	 => 190
 45 37 53 41 11 4	 => 191
 51 29 1 44 48 17	 => 190
 28 17 48 35 20 43	 => 191
 27 43 20 40 42 18	 => 190
 53 18 42 31 5 41	 => 190
 48 44 9 16 38 35	 => 190
 20 35 38 3 54 40	 => 190
 42 40 54 13 10 31	 => 190


===================[TEST 34]===================

##### START ##### Wed May 14 15:24:24 2003



##### CONVERGE ##### Wed May 14 15:26:02 2003

Elapsed time: 98 seconds
Total loop: 155 generations

Result : 185.85

1 3 52 43 50 39 5 11 53 30 17 32 42 14 2 19 54 18 21 45 22 25 31 46 12 10 37 28 40 26 29 23 48 24 38 33 34 6 20 27 47 51 13 44 36 49 8 15 7 41 4 35 16 9 

 1 3 52 43 50 39	 => 188
 5 39 50 11 53 30	 => 188
 17 30 53 32 42 14	 => 188
 52 2 19 54 18 43	 => 188
 50 43 18 21 45 11	 => 188
 53 11 45 22 25 32	 => 188
 42 32 25 31 46 12	 => 188
 19 10 37 28 40 54	 => 188
 18 54 40 26 29 21	 => 188
 45 21 29 23 48 22	 => 188
 25 22 48 24 38 31	 => 188
 46 31 38 33 34 6	 => 188
 40 28 20 27 47 26	 => 188
 29 26 47 51 13 23	 => 189
 48 23 13 44 36 24	 => 188
 38 24 36 49 8 33	 => 188
 47 27 15 7 41 51	 => 188
 13 51 41 4 35 44	 => 188
 36 44 35 16 9 49	 => 189


===================[TEST 35]===================

##### START ##### Wed May 14 15:26:02 2003



##### CONVERGE ##### Wed May 14 15:27:27 2003

Elapsed time: 85 seconds
Total loop: 135 generations

Result : 186.478

22 8 36 34 43 46 10 9 50 31 5 52 47 4 6 53 23 37 28 38 27 14 51 24 1 16 20 30 48 11 42 29 25 18 54 26 13 21 12 49 39 35 33 41 44 40 7 15 19 32 3 45 2 17 

 22 8 36 34 43 46	 => 189
 10 46 43 9 50 31	 => 189
 5 31 50 52 47 4	 => 189
 36 6 53 23 37 34	 => 189
 43 34 37 28 38 9	 => 189
 50 9 38 27 14 52	 => 190
 47 52 14 51 24 1	 => 189
 53 16 20 30 48 23	 => 190
 37 23 48 11 42 28	 => 189
 38 28 42 29 25 27	 => 189
 14 27 25 18 54 51	 => 189
 24 51 54 26 13 21	 => 189
 48 30 12 49 39 11	 => 189
 42 11 39 35 33 29	 => 189
 25 29 33 41 44 18	 => 190
 54 18 44 40 7 26	 => 189
 39 49 15 19 32 35	 => 189
 33 35 32 3 45 41	 => 189
 44 41 45 2 17 40	 => 189


===================[TEST 36]===================

##### START ##### Wed May 14 15:27:27 2003



##### CONVERGE ##### Wed May 14 15:28:45 2003

Elapsed time: 78 seconds
Total loop: 122 generations

Result : 186.158

6 20 18 53 42 50 1 23 49 24 7 54 30 25 16 40 52 10 29 32 14 17 48 36 4 12 19 31 35 26 37 33 44 15 51 43 2 9 5 45 47 34 11 46 41 27 13 22 3 38 21 39 8 28 

 6 20 18 53 42 50	 => 189
 1 50 42 23 49 24	 => 189
 7 24 49 54 30 25	 => 189
 18 16 40 52 10 53	 => 189
 42 53 10 29 32 23	 => 189
 49 23 32 14 17 54	 => 189
 30 54 17 48 36 4	 => 189
 40 12 19 31 35 52	 => 189
 10 52 35 26 37 29	 => 189
 32 29 37 33 44 14	 => 189
 17 14 44 15 51 48	 => 189
 36 48 51 43 2 9	 => 189
 35 31 5 45 47 26	 => 189
 37 26 47 34 11 33	 => 188
 44 33 11 46 41 15	 => 190
 51 15 41 27 13 43	 => 190
 47 45 22 3 38 34	 => 189
 11 34 38 21 39 46	 => 189
 41 46 39 8 28 27	 => 189


===================[TEST 37]===================

##### START ##### Wed May 14 15:28:45 2003



##### CONVERGE ##### Wed May 14 15:30:07 2003

Elapsed time: 82 seconds
Total loop: 131 generations

Result : 187.268

2 21 36 43 51 37 7 12 54 30 18 40 45 3 1 33 52 26 24 35 31 19 44 27 15 9 5 50 42 13 34 29 38 10 49 41 6 23 8 32 46 47 22 53 39 48 4 20 17 28 16 25 14 11 

 2 21 36 43 51 37	 => 190
 7 37 51 12 54 30	 => 191
 18 30 54 40 45 3	 => 190
 36 1 33 52 26 43	 => 191
 51 43 26 24 35 12	 => 191
 54 12 35 31 19 40	 => 191
 45 40 19 44 27 15	 => 190
 33 9 5 50 42 52	 => 191
 26 52 42 13 34 24	 => 191
 35 24 34 29 38 31	 => 191
 19 31 38 10 49 44	 => 191
 27 44 49 41 6 23	 => 190
 42 50 8 32 46 13	 => 191
 34 13 46 47 22 29	 => 191
 38 29 22 53 39 10	 => 191
 49 10 39 48 4 41	 => 191
 46 32 20 17 28 47	 => 190
 22 47 28 16 25 53	 => 191
 39 53 25 14 11 48	 => 190


===================[TEST 38]===================

##### START ##### Wed May 14 15:30:07 2003



##### CONVERGE ##### Wed May 14 15:32:10 2003

Elapsed time: 123 seconds
Total loop: 193 generations

Result : 186.616

7 3 43 47 39 50 2 24 28 46 6 48 40 21 10 16 54 18 31 30 33 27 44 29 1 25 19 23 52 14 20 49 26 17 42 41 22 11 13 34 53 38 15 37 45 35 9 5 8 51 12 36 32 4 

 7 3 43 47 39 50	 => 189
 2 50 39 24 28 46	 => 189
 6 46 28 48 40 21	 => 189
 43 10 16 54 18 47	 => 188
 39 47 18 31 30 24	 => 189
 28 24 30 33 27 48	 => 190
 40 48 27 44 29 1	 => 189
 16 25 19 23 52 54	 => 189
 18 54 52 14 20 31	 => 189
 30 31 20 49 26 33	 => 189
 27 33 26 17 42 44	 => 189
 29 44 42 41 22 11	 => 189
 52 23 13 34 53 14	 => 189
 20 14 53 38 15 49	 => 189
 26 49 15 37 45 17	 => 189
 42 17 45 35 9 41	 => 189
 53 34 5 8 51 38	 => 189
 15 38 51 12 36 37	 => 189
 45 37 36 32 4 35	 => 189


===================[TEST 39]===================

##### START ##### Wed May 14 15:32:10 2003



##### CONVERGE ##### Wed May 14 15:33:53 2003

Elapsed time: 103 seconds
Total loop: 163 generations

Result : 186.794

8 11 39 48 40 43 1 19 54 32 13 34 50 7 6 44 37 16 36 31 23 29 45 30 2 10 12 46 41 21 38 35 27 15 51 33 9 22 5 49 28 53 14 52 47 20 24 18 17 25 4 42 3 26 

 8 11 39 48 40 43	 => 189
 1 43 40 19 54 32	 => 189
 13 32 54 34 50 7	 => 190
 39 6 44 37 16 48	 => 190
 40 48 16 36 31 19	 => 190
 54 19 31 23 29 34	 => 190
 50 34 29 45 30 2	 => 190
 44 10 12 46 41 37	 => 190
 16 37 41 21 38 36	 => 189
 31 36 38 35 27 23	 => 190
 29 23 27 15 51 45	 => 190
 30 45 51 33 9 22	 => 190
 41 46 5 49 28 21	 => 190
 38 21 28 53 14 35	 => 189
 27 35 14 52 47 15	 => 190
 51 15 47 20 24 33	 => 190
 28 49 18 17 25 53	 => 190
 14 53 25 4 42 52	 => 190
 47 52 42 3 26 20	 => 190


===================[TEST 40]===================

##### START ##### Wed May 14 15:33:53 2003



##### CONVERGE ##### Wed May 14 15:36:41 2003

Elapsed time: 168 seconds
Total loop: 267 generations

Result : 187.163

19 2 37 52 36 44 9 8 45 48 11 53 27 6 4 32 38 26 28 40 23 21 35 42 12 29 17 24 50 18 30 20 49 15 47 39 10 16 1 51 46 54 22 41 43 33 13 5 3 31 7 34 25 14 

 19 2 37 52 36 44	 => 190
 9 44 36 8 45 48	 => 190
 11 48 45 53 27 6	 => 190
 37 4 32 38 26 52	 => 189
 36 52 26 28 40 8	 => 190
 45 8 40 23 21 53	 => 190
 27 53 21 35 42 12	 => 190
 32 29 17 24 50 38	 => 190
 26 38 50 18 30 28	 => 190
 40 28 30 20 49 23	 => 190
 21 23 49 15 47 35	 => 190
 42 35 47 39 10 16	 => 189
 50 24 1 51 46 18	 => 190
 30 18 46 54 22 20	 => 190
 49 20 22 41 43 15	 => 190
 47 15 43 33 13 39	 => 190
 46 51 5 3 31 54	 => 190
 22 54 31 7 34 41	 => 189
 43 41 34 25 14 33	 => 190


===================[TEST 41]===================

##### START ##### Wed May 14 15:36:41 2003



##### CONVERGE ##### Wed May 14 15:39:20 2003

Elapsed time: 159 seconds
Total loop: 254 generations

Result : 186.215

12 19 36 51 50 21 11 6 54 47 8 37 29 14 2 41 44 15 28 40 27 25 46 32 20 10 22 24 49 30 23 38 33 5 53 42 3 13 4 48 35 45 18 52 43 39 7 1 34 26 17 31 9 16 

 12 19 36 51 50 21	 => 189
 11 21 50 6 54 47	 => 189
 8 47 54 37 29 14	 => 189
 36 2 41 44 15 51	 => 189
 50 51 15 28 40 6	 => 190
 54 6 40 27 25 37	 => 189
 29 37 25 46 32 20	 => 189
 41 10 22 24 49 44	 => 190
 15 44 49 30 23 28	 => 189
 40 28 23 38 33 27	 => 189
 25 27 33 5 53 46	 => 189
 32 46 53 42 3 13	 => 189
 49 24 4 48 35 30	 => 190
 23 30 35 45 18 38	 => 189
 33 38 18 52 43 5	 => 189
 53 5 43 39 7 42	 => 189
 35 48 1 34 26 45	 => 189
 18 45 26 17 31 52	 => 189
 43 52 31 9 16 39	 => 190


===================[TEST 42]===================

##### START ##### Wed May 14 15:39:21 2003



##### CONVERGE ##### Wed May 14 15:41:55 2003

Elapsed time: 154 seconds
Total loop: 245 generations

Result : 186.85

26 17 13 53 33 47 3 23 49 34 7 35 44 20 2 48 52 21 29 30 46 6 45 41 18 11 8 31 39 16 32 25 27 22 43 51 5 4 14 40 50 42 24 54 37 36 1 28 10 19 12 38 15 9 

 26 17 13 53 33 47	 => 189
 3 47 33 23 49 34	 => 189
 7 34 49 35 44 20	 => 189
 13 2 48 52 21 53	 => 189
 33 53 21 29 30 23	 => 189
 49 23 30 46 6 35	 => 189
 44 35 6 45 41 18	 => 189
 48 11 8 31 39 52	 => 189
 21 52 39 16 32 29	 => 189
 30 29 32 25 27 46	 => 189
 6 46 27 22 43 45	 => 189
 41 45 43 51 5 4	 => 189
 39 31 14 40 50 16	 => 190
 32 16 50 42 24 25	 => 189
 27 25 24 54 37 22	 => 189
 43 22 37 36 1 51	 => 190
 50 40 28 10 19 42	 => 189
 24 42 19 12 38 54	 => 189
 37 54 38 15 9 36	 => 189


===================[TEST 43]===================

##### START ##### Wed May 14 15:41:55 2003



##### CONVERGE ##### Wed May 14 15:43:10 2003

Elapsed time: 75 seconds
Total loop: 119 generations

Result : 185.053

13 10 43 44 53 25 3 31 46 30 17 34 47 14 6 32 50 12 27 21 33 23 35 41 8 5 11 51 39 24 36 26 45 15 37 49 4 22 2 18 54 29 20 40 42 28 16 48 1 38 9 52 7 19 

 13 10 43 44 53 25	 => 188
 3 25 53 31 46 30	 => 188
 17 30 46 34 47 14	 => 188
 43 6 32 50 12 44	 => 187
 53 44 12 27 21 31	 => 188
 46 31 21 33 23 34	 => 188
 47 34 23 35 41 8	 => 188
 32 5 11 51 39 50	 => 188
 12 50 39 24 36 27	 => 188
 21 27 36 26 45 33	 => 188
 23 33 45 15 37 35	 => 188
 41 35 37 49 4 22	 => 188
 39 51 2 18 54 24	 => 188
 36 24 54 29 20 26	 => 189
 45 26 20 40 42 15	 => 188
 37 15 42 28 16 49	 => 187
 54 18 48 1 38 29	 => 188
 20 29 38 9 52 40	 => 188
 42 40 52 7 19 28	 => 188


===================[TEST 44]===================

##### START ##### Wed May 14 15:43:10 2003



##### CONVERGE ##### Wed May 14 15:45:15 2003

Elapsed time: 125 seconds
Total loop: 198 generations

Result : 186.823

8 7 40 53 49 32 9 12 52 36 1 43 47 11 10 28 54 5 30 41 21 22 50 25 3 26 16 23 44 24 33 31 34 18 45 46 4 20 27 35 37 48 17 39 51 29 2 13 15 42 6 38 19 14 

 8 7 40 53 49 32	 => 189
 9 32 49 12 52 36	 => 190
 1 36 52 43 47 11	 => 190
 40 10 28 54 5 53	 => 190
 49 53 5 30 41 12	 => 190
 52 12 41 21 22 43	 => 191
 47 43 22 50 25 3	 => 190
 28 26 16 23 44 54	 => 191
 5 54 44 24 33 30	 => 190
 41 30 33 31 34 21	 => 190
 22 21 34 18 45 50	 => 190
 25 50 45 46 4 20	 => 190
 44 23 27 35 37 24	 => 190
 33 24 37 48 17 31	 => 190
 34 31 17 39 51 18	 => 190
 45 18 51 29 2 46	 => 191
 37 35 13 15 42 48	 => 190
 17 48 42 6 38 39	 => 190
 51 39 38 19 14 29	 => 190


===================[TEST 45]===================

##### START ##### Wed May 14 15:45:15 2003



##### CONVERGE ##### Wed May 14 15:48:14 2003

Elapsed time: 179 seconds
Total loop: 285 generations

Result : 186.268

18 5 36 52 54 24 16 3 47 46 7 39 45 6 9 28 48 17 31 33 43 25 38 32 10 27 4 30 53 22 19 41 23 11 50 44 12 14 13 35 37 42 29 51 34 49 1 15 20 40 2 26 8 21 

 18 5 36 52 54 24	 => 189
 16 24 54 3 47 46	 => 190
 7 46 47 39 45 6	 => 190
 36 9 28 48 17 52	 => 190
 54 52 17 31 33 3	 => 190
 47 3 33 43 25 39	 => 190
 45 39 25 38 32 10	 => 189
 28 27 4 30 53 48	 => 190
 17 48 53 22 19 31	 => 190
 33 31 19 41 23 43	 => 190
 25 43 23 11 50 38	 => 190
 32 38 50 44 12 14	 => 190
 53 30 13 35 37 22	 => 190
 19 22 37 42 29 41	 => 190
 23 41 29 51 34 11	 => 189
 50 11 34 49 1 44	 => 189
 37 35 15 20 40 42	 => 189
 29 42 40 2 26 51	 => 190
 34 51 26 8 21 49	 => 189


===================[TEST 46]===================

##### START ##### Wed May 14 15:48:14 2003



##### CONVERGE ##### Wed May 14 15:49:47 2003

Elapsed time: 93 seconds
Total loop: 148 generations

Result : 186.85

26 4 43 50 37 29 2 31 46 45 5 47 40 6 1 39 49 7 34 30 21 14 38 41 9 3 8 42 48 16 35 18 51 12 54 28 13 15 17 22 44 53 23 33 52 32 11 10 24 36 19 25 27 20 

 26 4 43 50 37 29	 => 189
 2 29 37 31 46 45	 => 190
 5 45 46 47 40 6	 => 189
 43 1 39 49 7 50	 => 189
 37 50 7 34 30 31	 => 189
 46 31 30 21 14 47	 => 189
 40 47 14 38 41 9	 => 189
 39 3 8 42 48 49	 => 189
 7 49 48 16 35 34	 => 189
 30 34 35 18 51 21	 => 189
 14 21 51 12 54 38	 => 190
 41 38 54 28 13 15	 => 189
 48 42 17 22 44 16	 => 189
 35 16 44 53 23 18	 => 189
 51 18 23 33 52 12	 => 189
 54 12 52 32 11 28	 => 189
 44 22 10 24 36 53	 => 189
 23 53 36 19 25 33	 => 189
 52 33 25 27 20 32	 => 189


===================[TEST 47]===================

##### START ##### Wed May 14 15:49:48 2003



##### CONVERGE ##### Wed May 14 15:52:18 2003

Elapsed time: 150 seconds
Total loop: 237 generations

Result : 187.412

9 5 49 42 40 44 8 14 54 29 15 38 32 21 7 28 51 12 34 47 19 17 50 41 11 4 10 43 53 3 36 33 20 31 52 27 13 6 18 24 48 46 23 45 37 26 16 2 30 39 1 35 25 22 

 9 5 49 42 40 44	 => 189
 8 44 40 14 54 29	 => 189
 15 29 54 38 32 21	 => 189
 49 7 28 51 12 42	 => 189
 40 42 12 34 47 14	 => 189
 54 14 47 19 17 38	 => 189
 32 38 17 50 41 11	 => 189
 28 4 10 43 53 51	 => 189
 12 51 53 3 36 34	 => 189
 47 34 36 33 20 19	 => 189
 17 19 20 31 52 50	 => 189
 41 50 52 27 13 6	 => 189
 53 43 18 24 48 3	 => 189
 36 3 48 46 23 33	 => 189
 20 33 23 45 37 31	 => 189
 52 31 37 26 16 27	 => 189
 48 24 2 30 39 46	 => 189
 23 46 39 1 35 45	 => 189
 37 45 35 25 22 26	 => 190


===================[TEST 48]===================

##### START ##### Wed May 14 15:52:18 2003



##### CONVERGE ##### Wed May 14 15:54:28 2003

Elapsed time: 130 seconds
Total loop: 137 generations

Result : 185.85

3 16 37 30 50 52 1 25 34 26 46 47 33 2 8 39 54 20 22 41 29 12 43 49 4 5 6 45 40 10 42 19 36 24 44 27 11 14 7 35 51 48 18 38 53 23 17 9 13 32 21 31 15 28 

 3 16 37 30 50 52	 => 188
 1 52 50 25 34 26	 => 188
 46 26 34 47 33 2	 => 188
 37 8 39 54 20 30	 => 188
 50 30 20 22 41 25	 => 188
 34 25 41 29 12 47	 => 188
 33 47 12 43 49 4	 => 188
 39 5 6 45 40 54	 => 189
 20 54 40 10 42 22	 => 188
 41 22 42 19 36 29	 => 189
 12 29 36 24 44 43	 => 188
 49 43 44 27 11 14	 => 188
 40 45 7 35 51 10	 => 188
 42 10 51 48 18 19	 => 188
 36 19 18 38 53 24	 => 188
 44 24 53 23 17 27	 => 188
 51 35 9 13 32 48	 => 188
 18 48 32 21 31 38	 => 188
 53 38 31 15 28 23	 => 188


===================[TEST 49]===================

##### START ##### Wed May 14 15:54:28 2003



##### CONVERGE ##### Wed May 14 15:56:17 2003

Elapsed time: 109 seconds
Total loop: 134 generations

Result : 186.268

22 19 24 34 54 36 9 15 47 29 23 52 35 4 8 46 50 28 17 42 33 1 51 43 7 10 12 32 40 30 25 41 31 21 53 26 2 14 6 44 38 45 11 49 37 48 5 3 20 39 18 27 16 13 

 22 19 24 34 54 36	 => 189
 9 36 54 15 47 29	 => 190
 23 29 47 52 35 4	 => 190
 24 8 46 50 28 34	 => 190
 54 34 28 17 42 15	 => 190
 47 15 42 33 1 52	 => 190
 35 52 1 51 43 7	 => 189
 46 10 12 32 40 50	 => 190
 28 50 40 30 25 17	 => 190
 42 17 25 41 31 33	 => 189
 1 33 31 21 53 51	 => 190
 43 51 53 26 2 14	 => 189
 40 32 6 44 38 30	 => 190
 25 30 38 45 11 41	 => 190
 31 41 11 49 37 21	 => 190
 53 21 37 48 5 26	 => 190
 38 44 3 20 39 45	 => 189
 11 45 39 18 27 49	 => 189
 37 49 27 16 13 48	 => 190


===================[TEST 50]===================

##### START ##### Wed May 14 15:56:17 2003


