****************** GA TEST *******************

total test#:			 10
hexa min width:			 3
hexa max width:			 5
hexa count:			 19
number count:			 54
population size:		 90
generation size:		 6

tournament winner p:		 1
xover uniform p:		 0.697
do mutation1 p:			 0.1
mutation1 p:			 0.05
do optimize p:			 1
local optimize count:		 6000
do deep better optimize p:	 1
do deep worse optimize p:	 0
do spin p:			 0
spin count:			 1000
do spin apply p:		 1
do mutation2 p:			 0.12
mutation2 p:			 0.08
force mutation2:		 0
replace bad p:			 0.195

converge rate p:		 0.99
converge count:			 1

**********************************************


===================[TEST 1]===================

##### START ##### Tue May 13 12:11:36 2003



##### CONVERGE ##### Tue May 13 12:12:35 2003

Elapsed time: 59 seconds
Total loop: 860 generations

Result : 187.027

9 13 34 50 33 51 1 22 44 39 10 46 43 8 2 40 47 17 37 32 29 18 45 24 14 11 6 52 35 23 31 19 42 16 41 53 7 20 5 26 49 48 21 54 38 30 12 27 4 36 3 28 25 15 

 9 13 34 50 33 51	 => 190
 1 51 33 22 44 39	 => 190
 10 39 44 46 43 8	 => 190
 34 2 40 47 17 50	 => 190
 33 50 17 37 32 22	 => 191
 44 22 32 29 18 46	 => 191
 43 46 18 45 24 14	 => 190
 40 11 6 52 35 47	 => 191
 17 47 35 23 31 37	 => 190
 32 37 31 19 42 29	 => 190
 18 29 42 16 41 45	 => 191
 24 45 41 53 7 20	 => 190
 35 52 5 26 49 23	 => 190
 31 23 49 48 21 19	 => 191
 42 19 21 54 38 16	 => 190
 41 16 38 30 12 53	 => 190
 49 26 27 4 36 48	 => 190
 21 48 36 3 28 54	 => 190
 38 54 28 25 15 30	 => 190


===================[TEST 2]===================

##### START ##### Tue May 13 12:12:35 2003



##### CONVERGE ##### Tue May 13 12:14:52 2003

Elapsed time: 137 seconds
Total loop: 2001 generations

Result : 187.215

5 16 49 51 40 29 17 27 36 41 10 48 42 14 2 31 38 19 25 28 30 21 46 32 1 9 11 47 54 15 39 35 33 8 52 34 3 23 7 24 44 37 20 45 50 43 4 26 6 53 13 22 12 18 

 5 16 49 51 40 29	 => 190
 17 29 40 27 36 41	 => 190
 10 41 36 48 42 14	 => 191
 49 2 31 38 19 51	 => 190
 40 51 19 25 28 27	 => 190
 36 27 28 30 21 48	 => 190
 42 48 21 46 32 1	 => 190
 31 9 11 47 54 38	 => 190
 19 38 54 15 39 25	 => 190
 28 25 39 35 33 30	 => 190
 21 30 33 8 52 46	 => 190
 32 46 52 34 3 23	 => 190
 54 47 7 24 44 15	 => 191
 39 15 44 37 20 35	 => 190
 33 35 20 45 50 8	 => 191
 52 8 50 43 4 34	 => 191
 44 24 26 6 53 37	 => 190
 20 37 53 13 22 45	 => 190
 50 45 22 12 18 43	 => 190


===================[TEST 3]===================

##### START ##### Tue May 13 12:14:52 2003



##### CONVERGE ##### Tue May 13 12:16:35 2003

Elapsed time: 103 seconds
Total loop: 1505 generations

Result (Solution) : 188

11 16 40 44 47 30 2 22 46 41 6 51 34 10 1 42 43 18 31 26 36 7 35 49 12 33 8 23 39 32 25 17 53 9 48 38 15 3 5 52 37 50 27 54 28 45 20 21 4 24 14 19 13 29 

 11 16 40 44 47 30	 => 188
 2 30 47 22 46 41	 => 188
 6 41 46 51 34 10	 => 188
 40 1 42 43 18 44	 => 188
 47 44 18 31 26 22	 => 188
 46 22 26 36 7 51	 => 188
 34 51 7 35 49 12	 => 188
 42 33 8 23 39 43	 => 188
 18 43 39 32 25 31	 => 188
 26 31 25 17 53 36	 => 188
 7 36 53 9 48 35	 => 188
 49 35 48 38 15 3	 => 188
 39 23 5 52 37 32	 => 188
 25 32 37 50 27 17	 => 188
 53 17 27 54 28 9	 => 188
 48 9 28 45 20 38	 => 188
 37 52 21 4 24 50	 => 188
 27 50 24 14 19 54	 => 188
 28 54 19 13 29 45	 => 188


===================[TEST 4]===================

##### START ##### Tue May 13 12:16:35 2003



##### CONVERGE ##### Tue May 13 12:17:32 2003

Elapsed time: 57 seconds
Total loop: 826 generations

Result : 186.823

15 7 44 54 40 30 1 22 51 47 9 34 45 4 3 25 39 26 21 28 35 19 49 33 10 8 23 42 53 20 31 43 32 5 50 41 6 11 2 37 36 48 12 46 52 24 18 27 13 29 17 38 14 16 

 15 7 44 54 40 30	 => 190
 1 30 40 22 51 47	 => 191
 9 47 51 34 45 4	 => 190
 44 3 25 39 26 54	 => 191
 40 54 26 21 28 22	 => 191
 51 22 28 35 19 34	 => 189
 45 34 19 49 33 10	 => 190
 25 8 23 42 53 39	 => 190
 26 39 53 20 31 21	 => 190
 28 21 31 43 32 35	 => 190
 19 35 32 5 50 49	 => 190
 33 49 50 41 6 11	 => 190
 53 42 2 37 36 20	 => 190
 31 20 36 48 12 43	 => 190
 32 43 12 46 52 5	 => 190
 50 5 52 24 18 41	 => 190
 36 37 27 13 29 48	 => 190
 12 48 29 17 38 46	 => 190
 52 46 38 14 16 24	 => 190


===================[TEST 5]===================

##### START ##### Tue May 13 12:17:32 2003



##### CONVERGE ##### Tue May 13 12:19:15 2003

Elapsed time: 103 seconds
Total loop: 1510 generations

Result (Solution) : 190

8 18 44 38 53 29 2 20 49 37 11 43 28 22 3 46 47 12 40 27 25 26 51 35 7 4 24 30 39 19 33 31 34 9 45 48 1 10 14 52 36 50 21 54 41 42 5 23 13 16 17 32 15 6 

 8 18 44 38 53 29	 => 190
 2 29 53 20 49 37	 => 190
 11 37 49 43 28 22	 => 190
 44 3 46 47 12 38	 => 190
 53 38 12 40 27 20	 => 190
 49 20 27 25 26 43	 => 190
 28 43 26 51 35 7	 => 190
 46 4 24 30 39 47	 => 190
 12 47 39 19 33 40	 => 190
 27 40 33 31 34 25	 => 190
 26 25 34 9 45 51	 => 190
 35 51 45 48 1 10	 => 190
 39 30 14 52 36 19	 => 190
 33 19 36 50 21 31	 => 190
 34 31 21 54 41 9	 => 190
 45 9 41 42 5 48	 => 190
 36 52 23 13 16 50	 => 190
 21 50 16 17 32 54	 => 190
 41 54 32 15 6 42	 => 190


===================[TEST 6]===================

##### START ##### Tue May 13 12:19:15 2003



##### CONVERGE ##### Tue May 13 12:20:54 2003

Elapsed time: 99 seconds
Total loop: 1442 generations

Result : 186.824

11 22 28 42 41 47 6 21 38 37 26 52 30 7 17 51 33 20 39 27 36 16 43 44 5 2 14 40 50 15 34 35 19 24 53 25 18 8 4 32 49 45 13 46 54 31 3 23 12 29 9 48 1 10 

 11 22 28 42 41 47	 => 191
 6 47 41 21 38 37	 => 190
 26 37 38 52 30 7	 => 190
 28 17 51 33 20 42	 => 191
 41 42 20 39 27 21	 => 190
 38 21 27 36 16 52	 => 190
 30 52 16 43 44 5	 => 190
 51 2 14 40 50 33	 => 190
 20 33 50 15 34 39	 => 191
 27 39 34 35 19 36	 => 190
 16 36 19 24 53 43	 => 191
 44 43 53 25 18 8	 => 191
 50 40 4 32 49 15	 => 190
 34 15 49 45 13 35	 => 191
 19 35 13 46 54 24	 => 191
 53 24 54 31 3 25	 => 190
 49 32 23 12 29 45	 => 190
 13 45 29 9 48 46	 => 190
 54 46 48 1 10 31	 => 190


===================[TEST 7]===================

##### START ##### Tue May 13 12:20:54 2003



##### CONVERGE ##### Tue May 13 12:23:28 2003

Elapsed time: 154 seconds
Total loop: 2234 generations

Result : 188.412

10 17 29 47 51 36 1 3 53 46 2 54 28 7 12 41 31 30 32 27 37 16 48 39 5 13 22 40 43 9 45 24 26 19 44 38 6 15 14 34 50 42 20 49 52 33 4 18 11 35 21 23 8 25 

 10 17 29 47 51 36	 => 190
 1 36 51 3 53 46	 => 190
 2 46 53 54 28 7	 => 190
 29 12 41 31 30 47	 => 190
 51 47 30 32 27 3	 => 190
 53 3 27 37 16 54	 => 190
 28 54 16 48 39 5	 => 190
 41 13 22 40 43 31	 => 190
 30 31 43 9 45 32	 => 190
 27 32 45 24 26 37	 => 191
 16 37 26 19 44 48	 => 190
 39 48 44 38 6 15	 => 190
 43 40 14 34 50 9	 => 190
 45 9 50 42 20 24	 => 190
 26 24 20 49 52 19	 => 190
 44 19 52 33 4 38	 => 190
 50 34 18 11 35 42	 => 190
 20 42 35 21 23 49	 => 190
 52 49 23 8 25 33	 => 190


===================[TEST 8]===================

##### START ##### Tue May 13 12:23:28 2003



##### CONVERGE ##### Tue May 13 12:23:47 2003

Elapsed time: 19 seconds
Total loop: 277 generations

Result : 186.158

8 14 49 50 41 27 6 16 47 53 4 54 22 9 2 31 37 20 34 28 33 11 36 45 21 10 30 46 35 25 38 13 44 23 42 29 17 19 1 39 43 52 18 40 51 32 12 26 5 24 7 48 15 3 

 8 14 49 50 41 27	 => 189
 6 27 41 16 47 53	 => 190
 4 53 47 54 22 9	 => 189
 49 2 31 37 20 50	 => 189
 41 50 20 34 28 16	 => 189
 47 16 28 33 11 54	 => 189
 22 54 11 36 45 21	 => 189
 31 10 30 46 35 37	 => 189
 20 37 35 25 38 34	 => 189
 28 34 38 13 44 33	 => 190
 11 33 44 23 42 36	 => 189
 45 36 42 29 17 19	 => 188
 35 46 1 39 43 25	 => 189
 38 25 43 52 18 13	 => 189
 44 13 18 40 51 23	 => 189
 42 23 51 32 12 29	 => 189
 43 39 26 5 24 52	 => 189
 18 52 24 7 48 40	 => 189
 51 40 48 15 3 32	 => 189


===================[TEST 9]===================

##### START ##### Tue May 13 12:23:47 2003



##### CONVERGE ##### Tue May 13 12:24:25 2003

Elapsed time: 38 seconds
Total loop: 565 generations

Result : 186.027

11 6 38 49 53 33 10 2 45 47 7 34 31 25 1 27 54 20 23 42 28 39 29 48 9 12 18 35 43 19 30 41 26 21 46 44 14 8 4 52 36 50 13 37 51 22 5 3 16 32 17 40 15 24 

 11 6 38 49 53 33	 => 190
 10 33 53 2 45 47	 => 190
 7 47 45 34 31 25	 => 189
 38 1 27 54 20 49	 => 189
 53 49 20 23 42 2	 => 189
 45 2 42 28 39 34	 => 190
 31 34 39 29 48 9	 => 190
 27 12 18 35 43 54	 => 189
 20 54 43 19 30 23	 => 189
 42 23 30 41 26 28	 => 190
 39 28 26 21 46 29	 => 189
 48 29 46 44 14 8	 => 189
 43 35 4 52 36 19	 => 189
 30 19 36 50 13 41	 => 189
 26 41 13 37 51 21	 => 189
 46 21 51 22 5 44	 => 189
 36 52 3 16 32 50	 => 189
 13 50 32 17 40 37	 => 189
 51 37 40 15 24 22	 => 189


===================[TEST 10]===================

##### START ##### Tue May 13 12:24:25 2003



##### CONVERGE ##### Tue May 13 12:25:14 2003

Elapsed time: 49 seconds
Total loop: 705 generations

Result : 185.571

4 23 38 50 44 30 11 10 48 45 9 53 32 2 5 35 54 7 51 28 25 26 46 19 13 15 18 40 27 17 33 39 14 29 49 31 20 24 21 37 47 41 12 52 43 36 1 6 16 42 8 34 22 3 

 4 23 38 50 44 30	 => 189
 11 30 44 10 48 45	 => 188
 9 45 48 53 32 2	 => 189
 38 5 35 54 7 50	 => 189
 44 50 7 51 28 10	 => 190
 48 10 28 25 26 53	 => 190
 32 53 26 46 19 13	 => 189
 35 15 18 40 27 54	 => 189
 7 54 27 17 33 51	 => 189
 28 51 33 39 14 25	 => 190
 26 25 14 29 49 46	 => 189
 19 46 49 31 20 24	 => 189
 27 40 21 37 47 17	 => 189
 33 17 47 41 12 39	 => 189
 14 39 12 52 43 29	 => 189
 49 29 43 36 1 31	 => 189
 47 37 6 16 42 41	 => 189
 12 41 42 8 34 52	 => 189
 43 52 34 22 3 36	 => 190



test#	fitness		sum		time
---------------------------------------------------
1	187.027			59
2	187.215			137
3	188	188		103
4	186.823			57
5	190	190		103
6	186.824			99
7	188.412			154
8	186.158			19
9	186.027			38
10	185.571			49


---------------------------------------------------
Best fitness      : 190( test# 5)
Best solution sum : 190( test# 5)
Shortest time     : 19( test# 8)

Average fitness   : 187.206
Average sol. sum  : 189
Average time      : 81.8
