****************** GA TEST *******************

total test#:			 10
hexa min width:			 3
hexa max width:			 5
hexa count:			 19
number count:			 54
population size:		 50
generation size:		 12

tournament winner p:		 1
xover uniform p:		 0.697
do mutation1 p:			 0.1
mutation1 p:			 0.05
do optimize p:			 1
local optimize count:		 6000
do deep better optimize p:	 1
do deep worse optimize p:	 0
do spin p:			 0
spin count:			 1000
do spin apply p:		 1
do mutation2 p:			 0.12
mutation2 p:			 0.08
force mutation2:		 0
replace bad p:			 0.195

converge rate p:		 0.99
converge count:			 1

**********************************************


===================[TEST 1]===================

##### START ##### Tue May 13 12:49:52 2003



##### CONVERGE ##### Tue May 13 12:50:23 2003

Elapsed time: 31 seconds
Total loop: 228 generations

Result : 186.478

4 11 37 44 53 40 6 17 49 24 13 41 50 12 2 52 45 9 34 32 36 14 35 30 19 10 1 33 48 25 29 15 43 22 39 47 18 20 7 23 54 38 28 51 31 42 8 27 26 21 5 46 3 16 

 4 11 37 44 53 40	 => 189
 6 40 53 17 49 24	 => 189
 13 24 49 41 50 12	 => 189
 37 2 52 45 9 44	 => 189
 53 44 9 34 32 17	 => 189
 49 17 32 36 14 41	 => 189
 50 41 14 35 30 19	 => 189
 52 10 1 33 48 45	 => 189
 9 45 48 25 29 34	 => 190
 32 34 29 15 43 36	 => 189
 14 36 43 22 39 35	 => 189
 30 35 39 47 18 20	 => 189
 48 33 7 23 54 25	 => 190
 29 25 54 38 28 15	 => 189
 43 15 28 51 31 22	 => 190
 39 22 31 42 8 47	 => 189
 54 23 27 26 21 38	 => 189
 28 38 21 5 46 51	 => 189
 31 51 46 3 16 42	 => 189


===================[TEST 2]===================

##### START ##### Tue May 13 12:50:23 2003



##### CONVERGE ##### Tue May 13 12:50:55 2003

Elapsed time: 32 seconds
Total loop: 234 generations

Result : 188.306

8 4 38 43 48 49 1 13 53 26 6 44 51 9 3 33 52 21 41 24 40 16 30 35 14 27 10 32 36 23 17 29 39 19 46 42 12 25 7 47 45 54 22 50 31 37 15 11 5 28 2 34 18 20 

 8 4 38 43 48 49	 => 190
 1 49 48 13 53 26	 => 190
 6 26 53 44 51 9	 => 189
 38 3 33 52 21 43	 => 190
 48 43 21 41 24 13	 => 190
 53 13 24 40 16 44	 => 190
 51 44 16 30 35 14	 => 190
 33 27 10 32 36 52	 => 190
 21 52 36 23 17 41	 => 190
 24 41 17 29 39 40	 => 190
 16 40 39 19 46 30	 => 190
 35 30 46 42 12 25	 => 190
 36 32 7 47 45 23	 => 190
 17 23 45 54 22 29	 => 190
 39 29 22 50 31 19	 => 190
 46 19 31 37 15 42	 => 190
 45 47 11 5 28 54	 => 190
 22 54 28 2 34 50	 => 190
 31 50 34 18 20 37	 => 190


===================[TEST 3]===================

##### START ##### Tue May 13 12:50:55 2003



##### CONVERGE ##### Tue May 13 12:51:18 2003

Elapsed time: 23 seconds
Total loop: 163 generations

Result : 186.412

14 17 41 28 48 40 3 33 44 20 5 45 42 32 16 52 24 27 31 21 23 22 46 29 4 13 15 34 50 9 47 30 36 8 53 43 10 7 19 37 39 38 25 54 35 49 1 12 11 51 2 18 6 26 

 14 17 41 28 48 40	 => 188
 3 40 48 33 44 20	 => 188
 5 20 44 45 42 32	 => 188
 41 16 52 24 27 28	 => 188
 48 28 27 31 21 33	 => 188
 44 33 21 23 22 45	 => 188
 42 45 22 46 29 4	 => 188
 52 13 15 34 50 24	 => 188
 27 24 50 9 47 31	 => 188
 21 31 47 30 36 23	 => 188
 22 23 36 8 53 46	 => 188
 29 46 53 43 10 7	 => 188
 50 34 19 37 39 9	 => 188
 47 9 39 38 25 30	 => 188
 36 30 25 54 35 8	 => 188
 53 8 35 49 1 43	 => 189
 39 37 12 11 51 38	 => 188
 25 38 51 2 18 54	 => 188
 35 54 18 6 26 49	 => 188


===================[TEST 4]===================

##### START ##### Tue May 13 12:51:18 2003



##### CONVERGE ##### Tue May 13 12:51:39 2003

Elapsed time: 21 seconds
Total loop: 154 generations

Result : 184.109

11 3 41 40 43 51 4 14 44 33 16 38 54 5 12 26 50 21 25 47 28 19 49 23 6 15 10 35 53 8 32 36 20 31 42 48 24 2 1 52 39 45 30 46 27 34 7 18 13 22 9 37 17 29 

 11 3 41 40 43 51	 => 189
 4 51 43 14 44 33	 => 189
 16 33 44 38 54 5	 => 190
 41 12 26 50 21 40	 => 190
 43 40 21 25 47 14	 => 190
 44 14 47 28 19 38	 => 190
 54 38 19 49 23 6	 => 189
 26 15 10 35 53 50	 => 189
 21 50 53 8 32 25	 => 189
 47 25 32 36 20 28	 => 188
 19 28 20 31 42 49	 => 189
 23 49 42 48 24 2	 => 188
 53 35 1 52 39 8	 => 188
 32 8 39 45 30 36	 => 190
 20 36 30 46 27 31	 => 190
 42 31 27 34 7 48	 => 189
 39 52 18 13 22 45	 => 189
 30 45 22 9 37 46	 => 189
 27 46 37 17 29 34	 => 190


===================[TEST 5]===================

##### START ##### Tue May 13 12:51:39 2003



##### CONVERGE ##### Tue May 13 12:52:09 2003

Elapsed time: 30 seconds
Total loop: 223 generations

Result : 185.951

4 12 43 37 52 42 3 13 47 33 6 44 36 24 18 34 50 8 41 39 20 26 51 28 5 11 9 46 40 15 35 29 25 23 45 27 22 16 2 38 48 53 10 54 49 31 14 17 1 32 21 19 30 7 

 4 12 43 37 52 42	 => 190
 3 42 52 13 47 33	 => 190
 6 33 47 44 36 24	 => 190
 43 18 34 50 8 37	 => 190
 52 37 8 41 39 13	 => 190
 47 13 39 20 26 44	 => 189
 36 44 26 51 28 5	 => 190
 34 11 9 46 40 50	 => 190
 8 50 40 15 35 41	 => 189
 39 41 35 29 25 20	 => 189
 26 20 25 23 45 51	 => 190
 28 51 45 27 22 16	 => 189
 40 46 2 38 48 15	 => 189
 35 15 48 53 10 29	 => 190
 25 29 10 54 49 23	 => 190
 45 23 49 31 14 27	 => 189
 48 38 17 1 32 53	 => 189
 10 53 32 21 19 54	 => 189
 49 54 19 30 7 31	 => 190


===================[TEST 6]===================

##### START ##### Tue May 13 12:52:09 2003



##### CONVERGE ##### Tue May 13 12:53:04 2003

Elapsed time: 55 seconds
Total loop: 401 generations

Result : 188.306

1 22 52 32 48 35 7 28 34 38 18 53 36 11 5 33 41 27 29 26 30 19 37 40 4 9 14 46 47 3 43 20 42 12 50 45 16 2 6 39 49 54 21 51 44 31 8 13 10 25 15 24 17 23 

 1 22 52 32 48 35	 => 190
 7 35 48 28 34 38	 => 190
 18 38 34 53 36 11	 => 190
 52 5 33 41 27 32	 => 190
 48 32 27 29 26 28	 => 190
 34 28 26 30 19 53	 => 190
 36 53 19 37 40 4	 => 189
 33 9 14 46 47 41	 => 190
 27 41 47 3 43 29	 => 190
 26 29 43 20 42 30	 => 190
 19 30 42 12 50 37	 => 190
 40 37 50 45 16 2	 => 190
 47 46 6 39 49 3	 => 190
 43 3 49 54 21 20	 => 190
 42 20 21 51 44 12	 => 190
 50 12 44 31 8 45	 => 190
 49 39 13 10 25 54	 => 190
 21 54 25 15 24 51	 => 190
 44 51 24 17 23 31	 => 190


===================[TEST 7]===================

##### START ##### Tue May 13 12:53:04 2003



##### CONVERGE ##### Tue May 13 12:53:30 2003

Elapsed time: 26 seconds
Total loop: 190 generations

Result : 186.268

2 1 36 54 50 47 4 3 46 39 7 49 34 15 5 45 30 20 42 21 38 33 43 25 6 18 8 37 51 19 28 29 32 9 35 53 16 17 12 23 48 41 24 44 52 31 10 11 26 40 13 27 14 22 

 2 1 36 54 50 47	 => 190
 4 47 50 3 46 39	 => 189
 7 39 46 49 34 15	 => 190
 36 5 45 30 20 54	 => 190
 50 54 20 42 21 3	 => 190
 46 3 21 38 33 49	 => 190
 34 49 33 43 25 6	 => 190
 45 18 8 37 51 30	 => 189
 20 30 51 19 28 42	 => 190
 21 42 28 29 32 38	 => 190
 33 38 32 9 35 43	 => 190
 25 43 35 53 16 17	 => 189
 51 37 12 23 48 19	 => 190
 28 19 48 41 24 29	 => 189
 32 29 24 44 52 9	 => 190
 35 9 52 31 10 53	 => 190
 48 23 11 26 40 41	 => 189
 24 41 40 13 27 44	 => 189
 52 44 27 14 22 31	 => 190


===================[TEST 8]===================

##### START ##### Tue May 13 12:53:30 2003



##### CONVERGE ##### Tue May 13 12:54:24 2003

Elapsed time: 54 seconds
Total loop: 393 generations

Result : 188.412

7 9 38 53 43 40 12 15 49 31 4 51 47 8 5 25 52 17 23 39 34 2 54 35 1 10 29 32 42 20 36 28 30 26 44 22 21 14 11 48 37 45 24 50 33 46 19 13 6 41 3 27 18 16 

 7 9 38 53 43 40	 => 190
 12 40 43 15 49 31	 => 190
 4 31 49 51 47 8	 => 190
 38 5 25 52 17 53	 => 190
 43 53 17 23 39 15	 => 190
 49 15 39 34 2 51	 => 190
 47 51 2 54 35 1	 => 190
 25 10 29 32 42 52	 => 190
 17 52 42 20 36 23	 => 190
 39 23 36 28 30 34	 => 190
 2 34 30 26 44 54	 => 190
 35 54 44 22 21 14	 => 190
 42 32 11 48 37 20	 => 190
 36 20 37 45 24 28	 => 190
 30 28 24 50 33 26	 => 191
 44 26 33 46 19 22	 => 190
 37 48 13 6 41 45	 => 190
 24 45 41 3 27 50	 => 190
 33 50 27 18 16 46	 => 190


===================[TEST 9]===================

##### START ##### Tue May 13 12:54:24 2003



##### CONVERGE ##### Tue May 13 12:54:58 2003

Elapsed time: 34 seconds
Total loop: 248 generations

Result : 186.158

30 3 29 39 51 37 2 14 34 50 5 53 25 22 10 36 48 27 35 23 54 12 52 41 6 18 9 31 47 13 19 42 16 17 38 33 1 24 7 46 45 44 26 40 49 32 20 11 15 28 8 43 4 21 

 30 3 29 39 51 37	 => 189
 2 37 51 14 34 50	 => 188
 5 50 34 53 25 22	 => 189
 29 10 36 48 27 39	 => 189
 51 39 27 35 23 14	 => 189
 34 14 23 54 12 53	 => 190
 25 53 12 52 41 6	 => 189
 36 18 9 31 47 48	 => 189
 27 48 47 13 19 35	 => 189
 23 35 19 42 16 54	 => 189
 12 54 16 17 38 52	 => 189
 41 52 38 33 1 24	 => 189
 47 31 7 46 45 13	 => 189
 19 13 45 44 26 42	 => 189
 16 42 26 40 49 17	 => 190
 38 17 49 32 20 33	 => 189
 45 46 11 15 28 44	 => 189
 26 44 28 8 43 40	 => 189
 49 40 43 4 21 32	 => 189


===================[TEST 10]===================

##### START ##### Tue May 13 12:54:58 2003



##### CONVERGE ##### Tue May 13 12:55:29 2003

Elapsed time: 31 seconds
Total loop: 229 generations

Result : 186.9

12 23 25 52 44 34 2 20 48 42 4 53 24 19 11 35 46 21 27 26 28 15 50 31 17 7 29 30 43 22 32 40 38 14 45 41 16 8 5 36 54 33 9 39 51 37 3 18 1 49 13 47 10 6 

 12 23 25 52 44 34	 => 190
 2 34 44 20 48 42	 => 190
 4 42 48 53 24 19	 => 190
 25 11 35 46 21 52	 => 190
 44 52 21 27 26 20	 => 190
 48 20 26 28 15 53	 => 190
 24 53 15 50 31 17	 => 190
 35 7 29 30 43 46	 => 190
 21 46 43 22 32 27	 => 191
 26 27 32 40 38 28	 => 191
 15 28 38 14 45 50	 => 190
 31 50 45 41 16 8	 => 191
 43 30 5 36 54 22	 => 190
 32 22 54 33 9 40	 => 190
 38 40 9 39 51 14	 => 191
 45 14 51 37 3 41	 => 191
 54 36 18 1 49 33	 => 191
 9 33 49 13 47 39	 => 190
 51 39 47 10 6 37	 => 190



test#	fitness		sum		time
---------------------------------------------------
1	186.478			31
2	188.306			32
3	186.412			23
4	184.109			21
5	185.951			30
6	188.306			55
7	186.268			26
8	188.412			54
9	186.158			34
10	186.9			31


---------------------------------------------------
Best fitness      : 188.412( test# 8)
Shortest time     : 21( test# 4)

Average fitness   : 186.73
Average time      : 33.7
