****************** GA TEST *******************

total test#:			 10
hexa min width:			 3
hexa max width:			 5
hexa count:			 19
number count:			 54
population size:		 40
generation size:		 6

tournament winner p:		 1
xover uniform p:		 0.697
do mutation1 p:			 0.1
mutation1 p:			 0.05
do optimize p:			 1
local optimize count:		 6000
do deep better optimize p:	 1
do deep worse optimize p:	 0
do spin p:			 0
spin count:			 1000
do spin apply p:		 1
do mutation2 p:			 0.12
mutation2 p:			 0.08
force mutation2:		 0
replace bad p:			 0.195

converge rate p:		 0.99
converge count:			 1

**********************************************


===================[TEST 1]===================

##### START ##### Tue May 13 11:24:52 2003



##### CONVERGE ##### Tue May 13 11:25:11 2003

Elapsed time: 19 seconds
Total loop: 242 generations

Result : 188.412

13 5 41 42 50 39 7 21 44 29 26 47 38 6 19 33 37 18 43 16 46 17 51 34 3 20 14 32 54 8 30 28 27 24 25 48 22 10 2 45 49 52 23 35 53 36 4 1 12 31 9 40 11 15 

 13 5 41 42 50 39	 => 190
 7 39 50 21 44 29	 => 190
 26 29 44 47 38 6	 => 190
 41 19 33 37 18 42	 => 190
 50 42 18 43 16 21	 => 190
 44 21 16 46 17 47	 => 191
 38 47 17 51 34 3	 => 190
 33 20 14 32 54 37	 => 190
 18 37 54 8 30 43	 => 190
 16 43 30 28 27 46	 => 190
 17 46 27 24 25 51	 => 190
 34 51 25 48 22 10	 => 190
 54 32 2 45 49 8	 => 190
 30 8 49 52 23 28	 => 190
 27 28 23 35 53 24	 => 190
 25 24 53 36 4 48	 => 190
 49 45 1 12 31 52	 => 190
 23 52 31 9 40 35	 => 190
 53 35 40 11 15 36	 => 190


===================[TEST 2]===================

##### START ##### Tue May 13 11:25:11 2003



##### CONVERGE ##### Tue May 13 11:25:31 2003

Elapsed time: 20 seconds
Total loop: 286 generations

Result : 186.215

5 11 45 46 53 30 10 6 39 51 3 54 26 17 15 35 48 1 41 42 27 21 37 38 13 9 19 28 50 16 34 14 31 33 40 32 22 20 7 36 52 49 24 44 43 29 12 4 25 23 2 47 8 18 

 5 11 45 46 53 30	 => 190
 10 30 53 6 39 51	 => 189
 3 51 39 54 26 17	 => 190
 45 15 35 48 1 46	 => 190
 53 46 1 41 42 6	 => 189
 39 6 42 27 21 54	 => 189
 26 54 21 37 38 13	 => 189
 35 9 19 28 50 48	 => 189
 1 48 50 16 34 41	 => 190
 42 41 34 14 31 27	 => 189
 21 27 31 33 40 37	 => 189
 38 37 40 32 22 20	 => 189
 50 28 7 36 52 16	 => 189
 34 16 52 49 24 14	 => 189
 31 14 24 44 43 33	 => 189
 40 33 43 29 12 32	 => 189
 52 36 4 25 23 49	 => 189
 24 49 23 2 47 44	 => 189
 43 44 47 8 18 29	 => 189


===================[TEST 3]===================

##### START ##### Tue May 13 11:25:31 2003



##### CONVERGE ##### Tue May 13 11:25:51 2003

Elapsed time: 20 seconds
Total loop: 293 generations

Result : 186.412

14 18 30 43 45 38 7 13 46 39 1 37 53 12 11 44 41 19 28 40 48 4 42 49 3 8 25 20 50 27 23 17 32 10 52 34 2 9 22 15 54 36 31 47 51 26 16 21 29 33 6 35 24 5 

 14 18 30 43 45 38	 => 188
 7 38 45 13 46 39	 => 188
 1 39 46 37 53 12	 => 188
 30 11 44 41 19 43	 => 188
 45 43 19 28 40 13	 => 188
 46 13 40 48 4 37	 => 188
 53 37 4 42 49 3	 => 188
 44 8 25 20 50 41	 => 188
 19 41 50 27 23 28	 => 188
 40 28 23 17 32 48	 => 188
 4 48 32 10 52 42	 => 188
 49 42 52 34 2 9	 => 188
 50 20 22 15 54 27	 => 188
 23 27 54 36 31 17	 => 188
 32 17 31 47 51 10	 => 188
 52 10 51 26 16 34	 => 189
 54 15 21 29 33 36	 => 188
 31 36 33 6 35 47	 => 188
 51 47 35 24 5 26	 => 188


===================[TEST 4]===================

##### START ##### Tue May 13 11:25:51 2003



##### CONVERGE ##### Tue May 13 11:26:23 2003

Elapsed time: 32 seconds
Total loop: 433 generations

Result : 186.9

6 23 25 52 40 44 7 24 42 34 3 48 46 17 11 45 49 8 32 35 29 12 41 43 1 9 15 21 51 19 31 26 37 22 50 36 4 16 18 27 54 47 14 53 38 39 5 28 2 33 13 30 10 20 

 6 23 25 52 40 44	 => 190
 7 44 40 24 42 34	 => 191
 3 34 42 48 46 17	 => 190
 25 11 45 49 8 52	 => 190
 40 52 8 32 35 24	 => 191
 42 24 35 29 12 48	 => 190
 46 48 12 41 43 1	 => 191
 45 9 15 21 51 49	 => 190
 8 49 51 19 31 32	 => 190
 35 32 31 26 37 29	 => 190
 12 29 37 22 50 41	 => 191
 43 41 50 36 4 16	 => 190
 51 21 18 27 54 19	 => 190
 31 19 54 47 14 26	 => 191
 37 26 14 53 38 22	 => 190
 50 22 38 39 5 36	 => 190
 54 27 28 2 33 47	 => 191
 14 47 33 13 30 53	 => 190
 38 53 30 10 20 39	 => 190


===================[TEST 5]===================

##### START ##### Tue May 13 11:26:23 2003



##### CONVERGE ##### Tue May 13 11:26:46 2003

Elapsed time: 23 seconds
Total loop: 320 generations

Result : 186.64

14 16 37 50 49 23 3 26 52 36 10 48 28 15 2 53 42 5 39 20 30 13 38 54 8 12 4 32 45 33 25 41 34 27 47 43 1 6 9 29 40 31 19 51 17 44 11 22 21 46 7 35 24 18 

 14 16 37 50 49 23	 => 189
 3 23 49 26 52 36	 => 189
 10 36 52 48 28 15	 => 189
 37 2 53 42 5 50	 => 189
 49 50 5 39 20 26	 => 189
 52 26 20 30 13 48	 => 189
 28 48 13 38 54 8	 => 189
 53 12 4 32 45 42	 => 188
 5 42 45 33 25 39	 => 189
 20 39 25 41 34 30	 => 189
 13 30 34 27 47 38	 => 189
 54 38 47 43 1 6	 => 189
 45 32 9 29 40 33	 => 188
 25 33 40 31 19 41	 => 189
 34 41 19 51 17 27	 => 189
 47 27 17 44 11 43	 => 189
 40 29 22 21 46 31	 => 189
 19 31 46 7 35 51	 => 189
 17 51 35 24 18 44	 => 189


===================[TEST 6]===================

##### START ##### Tue May 13 11:26:46 2003



##### CONVERGE ##### Tue May 13 11:27:29 2003

Elapsed time: 43 seconds
Total loop: 586 generations

Result : 187.158

17 4 38 44 54 33 1 21 51 30 12 52 32 13 5 43 36 24 31 16 40 10 45 50 2 14 22 26 49 23 27 34 42 6 47 39 7 3 18 46 28 53 25 35 48 41 9 19 15 29 11 37 20 8 

 17 4 38 44 54 33	 => 190
 1 33 54 21 51 30	 => 190
 12 30 51 52 32 13	 => 190
 38 5 43 36 24 44	 => 190
 54 44 24 31 16 21	 => 190
 51 21 16 40 10 52	 => 190
 32 52 10 45 50 2	 => 191
 43 14 22 26 49 36	 => 190
 24 36 49 23 27 31	 => 190
 16 31 27 34 42 40	 => 190
 10 40 42 6 47 45	 => 190
 50 45 47 39 7 3	 => 191
 49 26 18 46 28 23	 => 190
 27 23 28 53 25 34	 => 190
 42 34 25 35 48 6	 => 190
 47 6 48 41 9 39	 => 190
 28 46 19 15 29 53	 => 190
 25 53 29 11 37 35	 => 190
 48 35 37 20 8 41	 => 189


===================[TEST 7]===================

##### START ##### Tue May 13 11:27:29 2003



##### CONVERGE ##### Tue May 13 11:27:42 2003

Elapsed time: 13 seconds
Total loop: 177 generations

Result : 184.303

4 22 48 42 40 31 1 19 53 44 9 49 30 3 7 21 45 25 28 35 8 24 46 26 14 12 20 51 39 15 36 38 43 13 54 17 27 18 6 29 47 41 11 50 34 37 33 23 16 32 2 52 5 10 

 4 22 48 42 40 31	 => 187
 1 31 40 19 53 44	 => 188
 9 44 53 49 30 3	 => 188
 48 7 21 45 25 42	 => 188
 40 42 25 28 35 19	 => 189
 53 19 35 8 24 49	 => 188
 30 49 24 46 26 14	 => 189
 21 12 20 51 39 45	 => 188
 25 45 39 15 36 28	 => 188
 35 28 36 38 43 8	 => 188
 24 8 43 13 54 46	 => 188
 26 46 54 17 27 18	 => 188
 39 51 6 29 47 15	 => 187
 36 15 47 41 11 38	 => 188
 43 38 11 50 34 13	 => 189
 54 13 34 37 33 17	 => 188
 47 29 23 16 32 41	 => 188
 11 41 32 2 52 50	 => 188
 34 50 52 5 10 37	 => 188


===================[TEST 8]===================

##### START ##### Tue May 13 11:27:42 2003



##### CONVERGE ##### Tue May 13 11:28:07 2003

Elapsed time: 25 seconds
Total loop: 359 generations

Result : 186.85

8 26 31 50 46 28 1 40 38 36 16 54 27 18 19 30 52 7 24 23 22 12 53 41 2 9 13 34 51 6 49 43 29 25 48 32 11 4 15 44 39 35 17 42 33 37 14 21 5 45 3 47 20 10 

 8 26 31 50 46 28	 => 189
 1 28 46 40 38 36	 => 189
 16 36 38 54 27 18	 => 189
 31 19 30 52 7 50	 => 189
 46 50 7 24 23 40	 => 190
 38 40 23 22 12 54	 => 189
 27 54 12 53 41 2	 => 189
 30 9 13 34 51 52	 => 189
 7 52 51 6 49 24	 => 189
 23 24 49 43 29 22	 => 190
 12 22 29 25 48 53	 => 189
 41 53 48 32 11 4	 => 189
 51 34 15 44 39 6	 => 189
 49 6 39 35 17 43	 => 189
 29 43 17 42 33 25	 => 189
 48 25 33 37 14 32	 => 189
 39 44 21 5 45 35	 => 189
 17 35 45 3 47 42	 => 189
 33 42 47 20 10 37	 => 189


===================[TEST 9]===================

##### START ##### Tue May 13 11:28:07 2003



##### CONVERGE ##### Tue May 13 11:28:35 2003

Elapsed time: 28 seconds
Total loop: 402 generations

Result : 186.268

1 15 43 36 42 53 4 6 41 44 17 45 40 2 8 34 47 22 33 51 26 21 49 23 11 18 13 24 54 14 20 32 28 27 39 38 12 29 10 37 50 48 25 31 46 35 5 9 16 30 3 52 19 7 

 1 15 43 36 42 53	 => 190
 4 53 42 6 41 44	 => 190
 17 44 41 45 40 2	 => 189
 43 8 34 47 22 36	 => 190
 42 36 22 33 51 6	 => 190
 41 6 51 26 21 45	 => 190
 40 45 21 49 23 11	 => 189
 34 18 13 24 54 47	 => 190
 22 47 54 14 20 33	 => 190
 51 33 20 32 28 26	 => 190
 21 26 28 27 39 49	 => 190
 23 49 39 38 12 29	 => 190
 54 24 10 37 50 14	 => 189
 20 14 50 48 25 32	 => 189
 28 32 25 31 46 27	 => 189
 39 27 46 35 5 38	 => 190
 50 37 9 16 30 48	 => 190
 25 48 30 3 52 31	 => 189
 46 31 52 19 7 35	 => 190


===================[TEST 10]===================

##### START ##### Tue May 13 11:28:35 2003



##### CONVERGE ##### Tue May 13 11:28:59 2003

Elapsed time: 24 seconds
Total loop: 345 generations

Result : 185.9

5 15 43 34 52 40 6 22 53 16 8 48 37 28 11 39 45 18 33 30 23 13 47 44 1 17 7 50 31 26 36 35 32 24 51 20 2 25 12 41 29 54 10 46 42 49 3 9 19 38 14 27 21 4 

 5 15 43 34 52 40	 => 189
 6 40 52 22 53 16	 => 189
 8 16 53 48 37 28	 => 190
 43 11 39 45 18 34	 => 190
 52 34 18 33 30 22	 => 189
 53 22 30 23 13 48	 => 189
 37 48 13 47 44 1	 => 190
 39 17 7 50 31 45	 => 189
 18 45 31 26 36 33	 => 189
 30 33 36 35 32 23	 => 189
 13 23 32 24 51 47	 => 190
 44 47 51 20 2 25	 => 189
 31 50 12 41 29 26	 => 189
 36 26 29 54 10 35	 => 190
 32 35 10 46 42 24	 => 189
 51 24 42 49 3 20	 => 189
 29 41 9 19 38 54	 => 190
 10 54 38 14 27 46	 => 189
 42 46 27 21 4 49	 => 189



test#	fitness		sum		time
---------------------------------------------------
1	188.412			19
2	186.215			20
3	186.412			20
4	186.9			32
5	186.64			23
6	187.158			43
7	184.303			13
8	186.85			25
9	186.268			28
10	185.9			24


---------------------------------------------------
Best fitness      : 188.412( test# 1)
Shortest time     : 13( test# 7)

Average fitness   : 186.506
Average time      : 24.7
