****************** GA TEST *******************

total test#:			 10
hexa min width:			 3
hexa max width:			 5
hexa count:			 19
number count:			 54
population size:		 30
generation size:		 12

tournament winner p:		 1
xover uniform p:		 0.697
do mutation1 p:			 0.1
mutation1 p:			 0.05
do optimize p:			 1
local optimize count:		 6000
do deep better optimize p:	 1
do deep worse optimize p:	 0
do spin p:			 0
spin count:			 1000
do spin apply p:		 1
do mutation2 p:			 0.12
mutation2 p:			 0.08
force mutation2:		 0
replace bad p:			 0.195

converge rate p:		 0.99
converge count:			 1

**********************************************


===================[TEST 1]===================

##### START ##### Tue May 13 12:43:04 2003



##### CONVERGE ##### Tue May 13 12:43:20 2003

Elapsed time: 16 seconds
Total loop: 115 generations

Result : 185.951

8 12 43 51 44 32 3 16 45 50 1 52 37 4 9 23 47 17 24 38 25 13 49 29 10 5 34 39 41 27 33 42 28 21 53 30 18 11 2 35 46 26 15 48 36 31 19 7 22 54 6 40 20 14 

 8 12 43 51 44 32	 => 190
 3 32 44 16 45 50	 => 190
 1 50 45 52 37 4	 => 189
 43 9 23 47 17 51	 => 190
 44 51 17 24 38 16	 => 190
 45 16 38 25 13 52	 => 189
 37 52 13 49 29 10	 => 190
 23 5 34 39 41 47	 => 189
 17 47 41 27 33 24	 => 189
 38 24 33 42 28 25	 => 190
 13 25 28 21 53 49	 => 189
 29 49 53 30 18 11	 => 190
 41 39 2 35 46 27	 => 190
 33 27 46 26 15 42	 => 189
 28 42 15 48 36 21	 => 190
 53 21 36 31 19 30	 => 190
 46 35 7 22 54 26	 => 190
 15 26 54 6 40 48	 => 189
 36 48 40 20 14 31	 => 189


===================[TEST 2]===================

##### START ##### Tue May 13 12:43:20 2003



##### CONVERGE ##### Tue May 13 12:43:26 2003

Elapsed time: 6 seconds
Total loop: 46 generations

Result : 184.823

13 18 23 48 41 45 2 8 50 42 25 38 33 1 9 30 53 26 19 46 15 31 27 54 5 11 6 36 52 14 24 47 37 28 51 32 4 20 7 35 44 49 10 43 22 39 16 17 3 40 12 34 21 29 

 13 18 23 48 41 45	 => 188
 2 45 41 8 50 42	 => 188
 25 42 50 38 33 1	 => 189
 23 9 30 53 26 48	 => 189
 41 48 26 19 46 8	 => 188
 50 8 46 15 31 38	 => 188
 33 38 31 27 54 5	 => 188
 30 11 6 36 52 53	 => 188
 26 53 52 14 24 19	 => 188
 46 19 24 47 37 15	 => 188
 31 15 37 28 51 27	 => 189
 54 27 51 32 4 20	 => 188
 52 36 7 35 44 14	 => 188
 24 14 44 49 10 47	 => 188
 37 47 10 43 22 28	 => 187
 51 28 22 39 16 32	 => 188
 44 35 17 3 40 49	 => 188
 10 49 40 12 34 43	 => 188
 22 43 34 21 29 39	 => 188


===================[TEST 3]===================

##### START ##### Tue May 13 12:43:26 2003



##### CONVERGE ##### Tue May 13 12:43:39 2003

Elapsed time: 13 seconds
Total loop: 96 generations

Result : 185.382

23 13 45 26 46 36 3 20 32 52 12 54 38 1 5 39 42 33 37 28 40 15 53 19 10 9 14 51 34 18 24 29 31 7 43 41 27 6 8 35 44 50 25 48 49 47 2 22 17 21 16 30 11 4 

 23 13 45 26 46 36	 => 189
 3 36 46 20 32 52	 => 189
 12 52 32 54 38 1	 => 189
 45 5 39 42 33 26	 => 190
 46 26 33 37 28 20	 => 190
 32 20 28 40 15 54	 => 189
 38 54 15 53 19 10	 => 189
 39 9 14 51 34 42	 => 189
 33 42 34 18 24 37	 => 188
 28 37 24 29 31 40	 => 189
 15 40 31 7 43 53	 => 189
 19 53 43 41 27 6	 => 189
 34 51 8 35 44 18	 => 190
 24 18 44 50 25 29	 => 190
 31 29 25 48 49 7	 => 189
 43 7 49 47 2 41	 => 189
 44 35 22 17 21 50	 => 189
 25 50 21 16 30 48	 => 190
 49 48 30 11 4 47	 => 189


===================[TEST 4]===================

##### START ##### Tue May 13 12:43:39 2003



##### CONVERGE ##### Tue May 13 12:43:48 2003

Elapsed time: 9 seconds
Total loop: 64 generations

Result : 184.85

3 45 29 42 46 22 21 14 52 32 5 41 47 11 1 54 48 13 40 33 39 8 36 51 4 7 2 27 49 9 28 30 17 34 53 16 19 12 20 38 44 50 26 37 43 31 10 6 25 24 15 35 18 23 

 3 45 29 42 46 22	 => 187
 21 22 46 14 52 32	 => 187
 5 32 52 41 47 11	 => 188
 29 1 54 48 13 42	 => 187
 46 42 13 40 33 14	 => 188
 52 14 33 39 8 41	 => 187
 47 41 8 36 51 4	 => 187
 54 7 2 27 49 48	 => 187
 13 48 49 9 28 40	 => 187
 33 40 28 30 17 39	 => 187
 8 39 17 34 53 36	 => 187
 51 36 53 16 19 12	 => 187
 49 27 20 38 44 9	 => 187
 28 9 44 50 26 30	 => 187
 17 30 26 37 43 34	 => 187
 53 34 43 31 10 16	 => 187
 44 38 6 25 24 50	 => 187
 26 50 24 15 35 37	 => 187
 43 37 35 18 23 31	 => 187


===================[TEST 5]===================

##### START ##### Tue May 13 12:43:48 2003



##### CONVERGE ##### Tue May 13 12:43:59 2003

Elapsed time: 11 seconds
Total loop: 78 generations

Result : 185.478

13 16 45 47 36 32 1 23 54 42 3 33 44 12 7 26 43 20 40 22 31 25 30 52 5 17 10 53 39 11 35 37 24 29 49 21 34 2 19 15 51 50 4 46 48 27 14 6 28 38 9 41 18 8 

 13 16 45 47 36 32	 => 189
 1 32 36 23 54 42	 => 188
 3 42 54 33 44 12	 => 188
 45 7 26 43 20 47	 => 188
 36 47 20 40 22 23	 => 188
 54 23 22 31 25 33	 => 188
 44 33 25 30 52 5	 => 189
 26 17 10 53 39 43	 => 188
 20 43 39 11 35 40	 => 188
 22 40 35 37 24 31	 => 189
 25 31 24 29 49 30	 => 188
 52 30 49 21 34 2	 => 188
 39 53 19 15 51 11	 => 188
 35 11 51 50 4 37	 => 188
 24 37 4 46 48 29	 => 188
 49 29 48 27 14 21	 => 188
 51 15 6 28 38 50	 => 188
 4 50 38 9 41 46	 => 188
 48 46 41 18 8 27	 => 188


===================[TEST 6]===================

##### START ##### Tue May 13 12:43:59 2003



##### CONVERGE ##### Tue May 13 12:44:13 2003

Elapsed time: 14 seconds
Total loop: 103 generations

Result : 185.268

5 18 20 49 43 54 15 6 37 34 10 48 31 29 8 36 52 24 22 45 40 13 50 38 9 3 4 51 42 25 23 32 27 26 33 35 2 30 1 17 53 44 11 47 46 28 21 19 16 39 7 41 12 14 

 5 18 20 49 43 54	 => 189
 15 54 43 6 37 34	 => 189
 10 34 37 48 31 29	 => 189
 20 8 36 52 24 49	 => 189
 43 49 24 22 45 6	 => 189
 37 6 45 40 13 48	 => 189
 31 48 13 50 38 9	 => 189
 36 3 4 51 42 52	 => 188
 24 52 42 25 23 22	 => 188
 45 22 23 32 27 40	 => 189
 13 40 27 26 33 50	 => 189
 38 50 33 35 2 30	 => 188
 42 51 1 17 53 25	 => 189
 23 25 53 44 11 32	 => 188
 27 32 11 47 46 26	 => 189
 33 26 46 28 21 35	 => 189
 53 17 19 16 39 44	 => 188
 11 44 39 7 41 47	 => 189
 46 47 41 12 14 28	 => 188


===================[TEST 7]===================

##### START ##### Tue May 13 12:44:13 2003



##### CONVERGE ##### Tue May 13 12:44:35 2003

Elapsed time: 22 seconds
Total loop: 163 generations

Result (Solution) : 190

4 6 43 50 42 45 14 20 48 21 17 41 51 12 5 26 53 13 34 31 39 11 47 37 3 7 16 36 52 15 23 30 33 22 38 49 9 10 1 32 54 44 24 46 35 27 19 2 18 40 8 28 25 29 

 4 6 43 50 42 45	 => 190
 14 45 42 20 48 21	 => 190
 17 21 48 41 51 12	 => 190
 43 5 26 53 13 50	 => 190
 42 50 13 34 31 20	 => 190
 48 20 31 39 11 41	 => 190
 51 41 11 47 37 3	 => 190
 26 7 16 36 52 53	 => 190
 13 53 52 15 23 34	 => 190
 31 34 23 30 33 39	 => 190
 11 39 33 22 38 47	 => 190
 37 47 38 49 9 10	 => 190
 52 36 1 32 54 15	 => 190
 23 15 54 44 24 30	 => 190
 33 30 24 46 35 22	 => 190
 38 22 35 27 19 49	 => 190
 54 32 2 18 40 44	 => 190
 24 44 40 8 28 46	 => 190
 35 46 28 25 29 27	 => 190


===================[TEST 8]===================

##### START ##### Tue May 13 12:44:35 2003



##### CONVERGE ##### Tue May 13 12:44:55 2003

Elapsed time: 20 seconds
Total loop: 143 generations

Result : 185.64

11 17 30 54 32 44 16 25 28 43 4 52 46 15 8 22 50 24 33 20 51 12 45 27 6 21 9 47 39 7 35 23 26 14 40 37 3 36 5 49 41 48 34 38 53 42 1 2 29 19 18 31 13 10 

 11 17 30 54 32 44	 => 188
 16 44 32 25 28 43	 => 188
 4 43 28 52 46 15	 => 188
 30 8 22 50 24 54	 => 188
 32 54 24 33 20 25	 => 188
 28 25 20 51 12 52	 => 188
 46 52 12 45 27 6	 => 188
 22 21 9 47 39 50	 => 188
 24 50 39 7 35 33	 => 188
 20 33 35 23 26 51	 => 188
 12 51 26 14 40 45	 => 188
 27 45 40 37 3 36	 => 188
 39 47 5 49 41 7	 => 188
 35 7 41 48 34 23	 => 188
 26 23 34 38 53 14	 => 188
 40 14 53 42 1 37	 => 187
 41 49 2 29 19 48	 => 188
 34 48 19 18 31 38	 => 188
 53 38 31 13 10 42	 => 187


===================[TEST 9]===================

##### START ##### Tue May 13 12:44:55 2003



##### CONVERGE ##### Tue May 13 12:45:10 2003

Elapsed time: 15 seconds
Total loop: 109 generations

Result : 185.382

2 18 38 51 53 27 15 14 34 47 3 54 29 22 8 30 49 13 33 26 44 17 45 41 4 9 5 46 50 20 24 39 23 28 31 37 25 10 1 21 52 43 11 48 40 42 12 35 6 32 19 36 7 16 

 2 18 38 51 53 27	 => 189
 15 27 53 14 34 47	 => 190
 3 47 34 54 29 22	 => 189
 38 8 30 49 13 51	 => 189
 53 51 13 33 26 14	 => 190
 34 14 26 44 17 54	 => 189
 29 54 17 45 41 4	 => 190
 30 9 5 46 50 49	 => 189
 13 49 50 20 24 33	 => 189
 26 33 24 39 23 44	 => 189
 17 44 23 28 31 45	 => 188
 41 45 31 37 25 10	 => 189
 50 46 1 21 52 20	 => 190
 24 20 52 43 11 39	 => 189
 23 39 11 48 40 28	 => 189
 31 28 40 42 12 37	 => 190
 52 21 35 6 32 43	 => 189
 11 43 32 19 36 48	 => 189
 40 48 36 7 16 42	 => 189


===================[TEST 10]===================

##### START ##### Tue May 13 12:45:10 2003



##### CONVERGE ##### Tue May 13 12:45:21 2003

Elapsed time: 11 seconds
Total loop: 86 generations

Result : 186.027

30 13 34 35 54 23 5 17 40 50 1 53 27 18 9 43 49 20 21 42 16 22 51 33 3 8 4 41 44 10 46 36 28 25 47 29 15 14 2 45 48 38 11 52 37 39 12 7 19 32 26 31 24 6 

 30 13 34 35 54 23	 => 189
 5 23 54 17 40 50	 => 189
 1 50 40 53 27 18	 => 189
 34 9 43 49 20 35	 => 190
 54 35 20 21 42 17	 => 189
 40 17 42 16 22 53	 => 190
 27 53 22 51 33 3	 => 189
 43 8 4 41 44 49	 => 189
 20 49 44 10 46 21	 => 190
 42 21 46 36 28 16	 => 189
 22 16 28 25 47 51	 => 189
 33 51 47 29 15 14	 => 189
 44 41 2 45 48 10	 => 190
 46 10 48 38 11 36	 => 189
 28 36 11 52 37 25	 => 189
 47 25 37 39 12 29	 => 189
 48 45 7 19 32 38	 => 189
 11 38 32 26 31 52	 => 190
 37 52 31 24 6 39	 => 189



test#	fitness		sum		time
---------------------------------------------------
1	185.951			16
2	184.823			6
3	185.382			13
4	184.85			9
5	185.478			11
6	185.268			14
7	190	190		22
8	185.64			20
9	185.382			15
10	186.027			11


---------------------------------------------------
Best fitness      : 190( test# 7)
Best solution sum : 190( test# 7)
Shortest time     : 6( test# 2)

Average fitness   : 185.88
Average sol. sum  : 190
Average time      : 13.7
