****************** GA TEST *******************

total test#:			 10
hexa min width:			 3
hexa max width:			 5
hexa count:			 19
number count:			 54
population size:		 20
generation size:		 12

tournament winner p:		 1
xover uniform p:		 0.697
do mutation1 p:			 0.1
mutation1 p:			 0.05
do optimize p:			 1
local optimize count:		 6000
do deep better optimize p:	 1
do deep worse optimize p:	 0
do spin p:			 0
spin count:			 1000
do spin apply p:		 1
do mutation2 p:			 0.12
mutation2 p:			 0.08
force mutation2:		 0
replace bad p:			 0.195

converge rate p:		 0.99
converge count:			 1

**********************************************


===================[TEST 1]===================

##### START ##### Tue May 13 12:41:42 2003



##### CONVERGE ##### Tue May 13 12:41:48 2003

Elapsed time: 6 seconds
Total loop: 41 generations

Result : 183.158

14 4 49 38 29 52 1 23 54 27 21 43 39 2 3 51 37 8 47 41 12 13 42 33 16 31 17 5 44 28 22 24 40 30 50 35 15 11 25 36 48 45 20 26 46 18 7 6 19 32 10 53 9 34 

 14 4 49 38 29 52	 => 186
 1 52 29 23 54 27	 => 186
 21 27 54 43 39 2	 => 186
 49 3 51 37 8 38	 => 186
 29 38 8 47 41 23	 => 186
 54 23 41 12 13 43	 => 186
 39 43 13 42 33 16	 => 186
 51 31 17 5 44 37	 => 185
 8 37 44 28 22 47	 => 186
 41 47 22 24 40 12	 => 186
 13 12 40 30 50 42	 => 187
 33 42 50 35 15 11	 => 186
 44 5 25 36 48 28	 => 186
 22 28 48 45 20 24	 => 187
 40 24 20 26 46 30	 => 186
 50 30 46 18 7 35	 => 186
 48 36 6 19 32 45	 => 186
 20 45 32 10 53 26	 => 186
 46 26 53 9 34 18	 => 186


===================[TEST 2]===================

##### START ##### Tue May 13 12:41:48 2003



##### CONVERGE ##### Tue May 13 12:41:54 2003

Elapsed time: 6 seconds
Total loop: 47 generations

Result : 184.303

30 16 49 23 38 32 11 27 46 34 20 44 39 5 1 53 29 33 40 28 36 7 50 45 4 8 3 54 41 19 25 42 17 31 47 22 6 18 10 21 43 51 9 52 37 48 2 24 14 35 15 26 13 12 

 30 16 49 23 38 32	 => 188
 11 32 38 27 46 34	 => 188
 20 34 46 44 39 5	 => 188
 49 1 53 29 33 23	 => 188
 38 23 33 40 28 27	 => 189
 46 27 28 36 7 44	 => 188
 39 44 7 50 45 4	 => 189
 53 8 3 54 41 29	 => 188
 33 29 41 19 25 40	 => 187
 28 40 25 42 17 36	 => 188
 7 36 17 31 47 50	 => 188
 45 50 47 22 6 18	 => 188
 41 54 10 21 43 19	 => 188
 25 19 43 51 9 42	 => 189
 17 42 9 52 37 31	 => 188
 47 31 37 48 2 22	 => 187
 43 21 24 14 35 51	 => 188
 9 51 35 15 26 52	 => 188
 37 52 26 13 12 48	 => 188


===================[TEST 3]===================

##### START ##### Tue May 13 12:41:54 2003



##### CONVERGE ##### Tue May 13 12:42:00 2003

Elapsed time: 6 seconds
Total loop: 44 generations

Result : 182.59

2 17 46 40 47 35 10 30 45 20 28 36 50 8 5 39 43 13 48 9 41 27 49 24 1 29 3 32 42 16 26 33 31 21 18 52 22 23 6 37 54 44 14 51 38 53 4 7 12 34 25 19 11 15 

 2 17 46 40 47 35	 => 187
 10 35 47 30 45 20	 => 187
 28 20 45 36 50 8	 => 187
 46 5 39 43 13 40	 => 186
 47 40 13 48 9 30	 => 187
 45 30 9 41 27 36	 => 188
 50 36 27 49 24 1	 => 187
 39 29 3 32 42 43	 => 188
 13 43 42 16 26 48	 => 188
 9 48 26 33 31 41	 => 188
 27 41 31 21 18 49	 => 187
 24 49 18 52 22 23	 => 188
 42 32 6 37 54 16	 => 187
 26 16 54 44 14 33	 => 187
 31 33 14 51 38 21	 => 188
 18 21 38 53 4 52	 => 186
 54 37 7 12 34 44	 => 188
 14 44 34 25 19 51	 => 187
 38 51 19 11 15 53	 => 187


===================[TEST 4]===================

##### START ##### Tue May 13 12:42:00 2003



##### CONVERGE ##### Tue May 13 12:42:03 2003

Elapsed time: 3 seconds
Total loop: 23 generations

Result : 182.053

22 24 23 36 26 54 1 41 15 48 29 47 32 14 2 28 53 43 9 30 25 27 49 12 17 20 8 45 31 10 39 42 40 7 37 52 19 16 21 34 44 38 11 51 35 50 4 18 5 46 6 33 3 13 

 22 24 23 36 26 54	 => 185
 1 54 26 41 15 48	 => 185
 29 48 15 47 32 14	 => 185
 23 2 28 53 43 36	 => 185
 26 36 43 9 30 41	 => 185
 15 41 30 25 27 47	 => 185
 32 47 27 49 12 17	 => 184
 28 20 8 45 31 53	 => 185
 43 53 31 10 39 9	 => 185
 30 9 39 42 40 25	 => 185
 27 25 40 7 37 49	 => 185
 12 49 37 52 19 16	 => 185
 31 45 21 34 44 10	 => 185
 39 10 44 38 11 42	 => 184
 40 42 11 51 35 7	 => 186
 37 7 35 50 4 52	 => 185
 44 34 18 5 46 38	 => 185
 11 38 46 6 33 51	 => 185
 35 51 33 3 13 50	 => 185


===================[TEST 5]===================

##### START ##### Tue May 13 12:42:03 2003



##### CONVERGE ##### Tue May 13 12:42:10 2003

Elapsed time: 7 seconds
Total loop: 51 generations

Result : 184.7

2 3 34 50 53 48 1 9 35 44 6 39 42 22 16 32 49 8 24 45 23 38 27 40 4 25 12 20 51 21 37 31 29 18 54 41 19 7 15 46 36 47 17 52 43 28 5 13 14 33 11 30 10 26 

 2 3 34 50 53 48	 => 190
 1 48 53 9 35 44	 => 190
 6 44 35 39 42 22	 => 188
 34 16 32 49 8 50	 => 189
 53 50 8 24 45 9	 => 189
 35 9 45 23 38 39	 => 189
 42 39 38 27 40 4	 => 190
 32 25 12 20 51 49	 => 189
 8 49 51 21 37 24	 => 190
 45 24 37 31 29 23	 => 189
 38 23 29 18 54 27	 => 189
 40 27 54 41 19 7	 => 188
 51 20 15 46 36 21	 => 189
 37 21 36 47 17 31	 => 189
 29 31 17 52 43 18	 => 190
 54 18 43 28 5 41	 => 189
 36 46 13 14 33 47	 => 189
 17 47 33 11 30 52	 => 190
 43 52 30 10 26 28	 => 189


===================[TEST 6]===================

##### START ##### Tue May 13 12:42:10 2003



##### CONVERGE ##### Tue May 13 12:42:18 2003

Elapsed time: 8 seconds
Total loop: 58 generations

Result : 185.268

16 6 34 38 44 51 5 15 26 47 22 50 30 14 10 32 54 21 29 42 39 17 46 33 12 8 9 45 41 31 13 43 23 28 36 35 27 11 4 20 48 52 2 53 40 49 1 24 7 37 19 25 3 18 

 16 6 34 38 44 51	 => 189
 5 51 44 15 26 47	 => 188
 22 47 26 50 30 14	 => 189
 34 10 32 54 21 38	 => 189
 44 38 21 29 42 15	 => 189
 26 15 42 39 17 50	 => 189
 30 50 17 46 33 12	 => 188
 32 8 9 45 41 54	 => 189
 21 54 41 31 13 29	 => 189
 42 29 13 43 23 39	 => 189
 17 39 23 28 36 46	 => 189
 33 46 36 35 27 11	 => 188
 41 45 4 20 48 31	 => 189
 13 31 48 52 2 43	 => 189
 23 43 2 53 40 28	 => 189
 36 28 40 49 1 35	 => 189
 48 20 24 7 37 52	 => 188
 2 52 37 19 25 53	 => 188
 40 53 25 3 18 49	 => 188


===================[TEST 7]===================

##### START ##### Tue May 13 12:42:18 2003



##### CONVERGE ##### Tue May 13 12:42:36 2003

Elapsed time: 18 seconds
Total loop: 127 generations

Result : 185.794

16 2 35 47 51 38 4 21 44 31 22 48 34 9 26 20 50 10 27 33 37 6 42 52 7 1 29 40 49 17 36 24 32 18 54 13 3 25 14 30 39 45 28 41 46 53 5 12 19 43 8 23 15 11 

 16 2 35 47 51 38	 => 189
 4 38 51 21 44 31	 => 189
 22 31 44 48 34 9	 => 188
 35 26 20 50 10 47	 => 188
 51 47 10 27 33 21	 => 189
 44 21 33 37 6 48	 => 189
 34 48 6 42 52 7	 => 189
 20 1 29 40 49 50	 => 189
 10 50 49 17 36 27	 => 189
 33 27 36 24 32 37	 => 189
 6 37 32 18 54 42	 => 189
 52 42 54 13 3 25	 => 189
 49 40 14 30 39 17	 => 189
 36 17 39 45 28 24	 => 189
 32 24 28 41 46 18	 => 189
 54 18 46 53 5 13	 => 189
 39 30 12 19 43 45	 => 188
 28 45 43 8 23 41	 => 188
 46 41 23 15 11 53	 => 189


===================[TEST 8]===================

##### START ##### Tue May 13 12:42:36 2003



##### CONVERGE ##### Tue May 13 12:42:46 2003

Elapsed time: 10 seconds
Total loop: 76 generations

Result : 184.4

10 13 18 51 44 53 3 7 48 35 20 49 37 1 9 40 52 19 41 27 42 16 31 50 6 15 14 39 28 26 24 33 22 25 54 23 2 29 11 47 38 46 21 45 43 32 12 17 5 36 8 34 30 4 

 10 13 18 51 44 53	 => 189
 3 53 44 7 48 35	 => 190
 20 35 48 49 37 1	 => 190
 18 9 40 52 19 51	 => 189
 44 51 19 41 27 7	 => 189
 48 7 27 42 16 49	 => 189
 37 49 16 31 50 6	 => 189
 40 15 14 39 28 52	 => 188
 19 52 28 26 24 41	 => 190
 27 41 24 33 22 42	 => 189
 16 42 22 25 54 31	 => 190
 50 31 54 23 2 29	 => 189
 28 39 11 47 38 26	 => 189
 24 26 38 46 21 33	 => 188
 22 33 21 45 43 25	 => 189
 54 25 43 32 12 23	 => 189
 38 47 17 5 36 46	 => 189
 21 46 36 8 34 45	 => 190
 43 45 34 30 4 32	 => 188


===================[TEST 9]===================

##### START ##### Tue May 13 12:42:46 2003



##### CONVERGE ##### Tue May 13 12:42:55 2003

Elapsed time: 9 seconds
Total loop: 63 generations

Result : 185.951

6 16 39 49 41 38 1 28 47 35 11 42 51 3 2 45 46 9 43 19 31 23 44 25 5 21 12 36 30 22 40 33 24 13 54 27 10 29 20 34 48 32 14 53 52 26 18 17 8 50 4 37 15 7 

 6 16 39 49 41 38	 => 189
 1 38 41 28 47 35	 => 190
 11 35 47 42 51 3	 => 189
 39 2 45 46 9 49	 => 190
 41 49 9 43 19 28	 => 189
 47 28 19 31 23 42	 => 190
 51 42 23 44 25 5	 => 190
 45 21 12 36 30 46	 => 190
 9 46 30 22 40 43	 => 190
 19 43 40 33 24 31	 => 190
 23 31 24 13 54 44	 => 189
 25 44 54 27 10 29	 => 189
 30 36 20 34 48 22	 => 190
 40 22 48 32 14 33	 => 189
 24 33 14 53 52 13	 => 189
 54 13 52 26 18 27	 => 190
 48 34 17 8 50 32	 => 189
 14 32 50 4 37 53	 => 190
 52 53 37 15 7 26	 => 190


===================[TEST 10]===================

##### START ##### Tue May 13 12:42:55 2003



##### CONVERGE ##### Tue May 13 12:43:04 2003

Elapsed time: 9 seconds
Total loop: 66 generations

Result : 183.571

15 4 34 50 47 37 2 26 42 33 18 46 38 10 13 41 35 14 30 20 52 1 54 44 5 3 8 49 51 22 36 23 27 21 32 19 7 31 6 16 43 39 24 40 53 45 17 12 29 48 25 11 9 28 

 15 4 34 50 47 37	 => 187
 2 37 47 26 42 33	 => 187
 18 33 42 46 38 10	 => 187
 34 13 41 35 14 50	 => 187
 47 50 14 30 20 26	 => 187
 42 26 20 52 1 46	 => 187
 38 46 1 54 44 5	 => 188
 41 3 8 49 51 35	 => 187
 14 35 51 22 36 30	 => 188
 20 30 36 23 27 52	 => 188
 1 52 27 21 32 54	 => 187
 44 54 32 19 7 31	 => 187
 51 49 6 16 43 22	 => 187
 36 22 43 39 24 23	 => 187
 27 23 24 40 53 21	 => 188
 32 21 53 45 17 19	 => 187
 43 16 12 29 48 39	 => 187
 24 39 48 25 11 40	 => 187
 53 40 11 9 28 45	 => 186



test#	fitness		sum		time
---------------------------------------------------
1	183.158			6
2	184.303			6
3	182.59			6
4	182.053			3
5	184.7			7
6	185.268			8
7	185.794			18
8	184.4			10
9	185.951			9
10	183.571			9


---------------------------------------------------
Best fitness      : 185.951( test# 9)
Shortest time     : 3( test# 4)

Average fitness   : 184.179
Average time      : 8.2
