****************** GA TEST *******************

total test#:			 5
hexa min width:			 3
hexa max width:			 6
hexa count:			 30
number count:			 80
population size:		 60
generation size:		 10

tournament winner p:		 0.98
do xover p:			 1
xover:				 2points
do mutation1 p:			 0.1
mutation1 p:			 0.05
do optimize p:			 1
local optimize count:		 8000
do deep better optimize p:	 1
do deep worse optimize p:	 0
do spin p:			 0
spin count:			 900
do spin apply p:		 1
do mutation2 p:			 0.1
mutation2 p:			 0.07
force mutation2:		 0
replace bad p:			 0.195

converge rate p:		 0.99
converge count:			 1

**********************************************


===================[TEST 1]===================

##### START ##### Tue May 20 09:54:45 2003



##### CONVERGE ##### Tue May 20 09:55:44 2003

Elapsed time: 59 seconds
Total loop: 231 generations

Result : 271.093

21 8 49 80 45 71 3 36 76 43 28 24 69 34 7 30 53 55 14 44 40 54 77 48 2 25 39 61 66 23 63 67 46 22 35 59 51 4 10 11 79 74 12 38 41 42 70 27 64 68 47 32 17 19 18 73 52 58 26 37 56 20 62 13 9 65 57 75 6 78 72 31 33 1 16 60 5 50 15 29 

 21 8 49 80 45 71	 => 274
 3 71 45 36 76 43	 => 274
 28 43 76 24 69 34	 => 274
 49 7 30 53 55 80	 => 274
 45 80 55 14 44 36	 => 274
 76 36 44 40 54 24	 => 274
 69 24 54 77 48 2	 => 274
 30 25 39 61 66 53	 => 274
 55 53 66 23 63 14	 => 274
 44 14 63 67 46 40	 => 274
 54 40 46 22 35 77	 => 274
 48 77 35 59 51 4	 => 274
 39 10 11 79 74 61	 => 274
 66 61 74 12 38 23	 => 274
 63 23 38 41 42 67	 => 274
 46 67 42 70 27 22	 => 274
 35 22 27 64 68 59	 => 275
 51 59 68 47 32 17	 => 274
 74 79 19 18 73 12	 => 275
 38 12 73 52 58 41	 => 274
 42 41 58 26 37 70	 => 274
 27 70 37 56 20 64	 => 274
 68 64 20 62 13 47	 => 274
 73 18 9 65 57 52	 => 274
 58 52 57 75 6 26	 => 274
 37 26 6 78 72 56	 => 275
 20 56 72 31 33 62	 => 274
 57 65 1 16 60 75	 => 274
 6 75 60 5 50 78	 => 274
 72 78 50 15 29 31	 => 275


===================[TEST 2]===================

##### START ##### Tue May 20 09:55:44 2003



##### CONVERGE ##### Tue May 20 09:56:43 2003

Elapsed time: 59 seconds
Total loop: 240 generations

Result : 269.836

14 9 72 75 76 26 18 11 77 64 4 33 71 23 1 42 65 17 28 66 29 56 51 39 22 10 60 41 54 40 68 47 34 44 58 52 67 5 16 25 69 62 45 30 32 55 80 12 63 43 57 7 46 3 19 74 21 70 20 15 53 49 24 36 35 50 73 61 27 78 79 59 8 48 2 38 31 37 13 6 

 14 9 72 75 76 26	 => 272
 18 26 76 11 77 64	 => 272
 4 64 77 33 71 23	 => 272
 72 1 42 65 17 75	 => 272
 76 75 17 28 66 11	 => 273
 77 11 66 29 56 33	 => 272
 71 33 56 51 39 22	 => 272
 42 10 60 41 54 65	 => 272
 17 65 54 40 68 28	 => 272
 66 28 68 47 34 29	 => 272
 56 29 34 44 58 51	 => 272
 39 51 58 52 67 5	 => 272
 60 16 25 69 62 41	 => 273
 54 41 62 45 30 40	 => 272
 68 40 30 32 55 47	 => 272
 34 47 55 80 12 44	 => 272
 58 44 12 63 43 52	 => 272
 67 52 43 57 7 46	 => 272
 62 69 3 19 74 45	 => 272
 30 45 74 21 70 32	 => 272
 55 32 70 20 15 80	 => 272
 12 80 15 53 49 63	 => 272
 43 63 49 24 36 57	 => 272
 74 19 35 50 73 21	 => 272
 70 21 73 61 27 20	 => 272
 15 20 27 78 79 53	 => 272
 49 53 79 59 8 24	 => 272
 73 50 48 2 38 61	 => 272
 27 61 38 31 37 78	 => 272
 79 78 37 13 6 59	 => 272


===================[TEST 3]===================

##### START ##### Tue May 20 09:56:43 2003



##### CONVERGE ##### Tue May 20 09:57:07 2003

Elapsed time: 24 seconds
Total loop: 101 generations

Result : 264.656

14 45 36 57 50 67 46 9 71 26 17 72 76 7 19 69 24 64 61 28 33 56 52 8 5 10 68 25 73 40 6 79 62 4 63 78 39 29 41 32 48 55 31 44 74 27 75 22 59 43 60 37 11 16 42 77 13 30 51 12 35 66 38 3 23 34 80 49 47 54 70 58 2 21 20 65 1 53 18 15 

 14 45 36 57 50 67	 => 269
 46 67 50 9 71 26	 => 269
 17 26 71 72 76 7	 => 269
 36 19 69 24 64 57	 => 269
 50 57 64 61 28 9	 => 269
 71 9 28 33 56 72	 => 269
 76 72 56 52 8 5	 => 269
 69 10 68 25 73 24	 => 269
 64 24 73 40 6 61	 => 268
 28 61 6 79 62 33	 => 269
 56 33 62 4 63 52	 => 270
 8 52 63 78 39 29	 => 269
 68 41 32 48 55 25	 => 269
 73 25 55 31 44 40	 => 268
 6 40 44 74 27 79	 => 270
 62 79 27 75 22 4	 => 269
 63 4 22 59 43 78	 => 269
 39 78 43 60 37 11	 => 268
 55 48 16 42 77 31	 => 269
 44 31 77 13 30 74	 => 269
 27 74 30 51 12 75	 => 269
 22 75 12 35 66 59	 => 269
 43 59 66 38 3 60	 => 269
 77 42 23 34 80 13	 => 269
 30 13 80 49 47 51	 => 270
 12 51 47 54 70 35	 => 269
 66 35 70 58 2 38	 => 269
 80 34 21 20 65 49	 => 269
 47 49 65 1 53 54	 => 269
 70 54 53 18 15 58	 => 268


===================[TEST 4]===================

##### START ##### Tue May 20 09:57:07 2003


